Id,Label,timeset,indegree,outdegree,degree,weighted indegree,weighted outdegree,weighted degree,Eccentricity,closnesscentrality,harmonicclosnesscentrality,betweenesscentrality,modularity_class
1,MiguelHdezB,,3,101,104,3,101,104,12,0.185273,0.218385,284129.231164,1
2,JuanAmoros2,,1,750,751,1,750,751,13,0.174491,0.209669,584289.895494,4
3,silvia_silvae,,2,877,879,2,877,879,10,0.212546,0.244523,281514.841172,5
4,iuerasmus,,1,638,639,1,638,639,12,0.201571,0.247214,114944.13887,1
5,asensio22,,1,246,247,1,246,247,11,0.161075,0.176645,11424.039755,5
6,menaki_es,,0,167,167,0,167,167,10,0.193666,0.214477,0,4
7,roy_kunnen,,1,182,183,1,182,183,13,0.174439,0.203342,82754.376543,1
8,AsenjoDominguez,,0,33,33,0,33,33,12,0.143748,0.162659,0,5
9,_ACastroverde,,0,196,196,0,196,196,1,1,1,0,0
10,remili_rachid,,0,32,32,0,32,32,16,0.108857,0.120922,0,1
11,GiannidisKostis,,5,285,290,5,285,290,12,0.188929,0.227024,463863.094182,1
12,CorentinBerg1,,2,132,134,2,132,134,12,0.188652,0.224029,84143.314066,1
13,dgeUGR,,7,171,178,7,171,178,10,0.225796,0.254972,1511765.145331,5
14,Aurelio_64,,0,1,1,0,1,1,1,1,1,0,1
15,lauritaa_24,,0,476,476,0,476,476,10,0.190317,0.212284,0,5
16,ESN_Santiago,,4,44,48,4,44,48,13,0.165453,0.189006,178084.415996,1
17,sofiaemmarusso,,1,153,154,1,153,154,10,0.170381,0.189978,33020.937202,2
18,jhonkleyverson,,0,131,131,0,131,131,15,0.119785,0.131745,0,2
19,XFonck,,0,473,473,0,473,473,3,0.427685,0.535093,0,2
20,Mplusthemachine,,0,136,136,0,136,136,10,0.194794,0.217545,0,5
21,AnnaRS99,,2,612,614,2,612,614,9,0.260327,0.29001,1305508.929812,5
22,AndreaMolinaro6,,0,393,393,0,393,393,4,0.549329,0.729286,0,3
23,DEICOJyU,,0,168,168,0,168,168,11,0.197152,0.219925,0,1
24,physicsofdata,,1,164,165,1,164,165,12,0.171045,0.191509,1947.6671,3
25,DFAUnipd,,1,336,337,1,336,337,12,0.169908,0.189827,245,3
26,Isega24Ivan,,2,171,173,2,171,173,12,0.148234,0.163732,132830.915474,8
27,iest_eu,,0,368,368,0,368,368,1,1,1,0,1
28,alwaysaliu,,0,189,189,0,189,189,1,1,1,0,2
29,gloriaaltrueno,,0,90,90,0,90,90,14,0.123075,0.133954,0,1
30,juanrayong,,7,695,702,7,695,702,14,0.151374,0.177157,238415.859765,1
31,natxosegui,,0,128,128,0,128,128,2,0.609589,0.679775,0,1
32,lasseh__,,0,57,57,0,57,57,1,1,1,0,6
33,auxisnchzsolera,,2,262,264,2,262,264,15,0.108192,0.119637,132988.765852,6
34,elenavivast,,0,84,84,0,84,84,1,1,1,0,5
35,BentueFernando,,2,1,3,2,1,3,1,1,1,0,1
36,merchebohio,,0,40,40,0,40,40,1,1,1,0,4
37,esntimisoara,,4,66,70,4,66,70,15,0.128484,0.141451,79268.710744,1
38,FAlentejo_PT,,0,747,747,0,747,747,10,0.221749,0.254277,0,7
39,EPRALEvora,,1,724,725,1,724,725,10,0.221685,0.254018,10.333333,7
40,TeErasmus,,0,7,7,0,7,7,1,1,1,0,4
41,traviz_Ricez,,0,18,18,0,18,18,1,1,1,0,0
42,cocoroomgrx,,0,143,143,0,143,143,11,0.177427,0.206321,0,0
43,AlumniErasmus,,4,185,189,4,185,189,13,0.159417,0.184029,124083.485412,1
44,muhdz_abdullahi,,0,63,63,0,63,63,1,1,1,0,5
45,Dermoalcala,,1,186,187,1,186,187,4,0.463878,0.605191,5294.021812,6
46,rrii_fccee_ugr,,4,318,322,4,318,322,16,0.100146,0.117583,198014.977054,4
47,ESNFrance,,12,1,13,12,1,13,1,1,1,0,1
48,Lisagrgrgr,,0,1,1,0,1,1,1,1,1,0,1
49,PPaskuj,,1,16,17,1,16,17,2,0.550633,0.591954,905.053016,2
50,mbesalu,,0,158,158,0,158,158,1,1,1,0,5
51,NadiaBoro,,1,176,177,1,176,177,4,0.396571,0.458217,15097.337831,4
52,joinverse,,2,282,284,2,282,284,1,1,1,36729.415994,4
53,DinaAmad97,,0,1,1,0,1,1,1,1,1,0,1
54,ClaraG48003312,,0,1,1,0,1,1,1,1,1,0,1
55,MarinaLinaresR,,1,89,90,1,89,90,1,1,1,4361.885714,6
56,EsnLecce,,4,57,61,4,57,61,13,0.168063,0.188261,184837.108256,3
57,ugrpcdi,,1,86,87,1,86,87,12,0.149991,0.161432,20123.540455,0
58,TESONEW,,0,37,37,0,37,37,4,0.370604,0.428832,0,8
59,PokemonGranada,,1,578,579,1,578,579,11,0.17501,0.204295,52324.559686,6
61,FiveViviendas,,0,81,81,0,81,81,12,0.16641,0.186007,0,6
62,GSellaresB,,1,1,2,1,1,2,1,1,1,0,1
63,Area_IEC,,0,179,179,0,179,179,12,0.1686,0.196982,0,0
64,_Ramonsh94,,1,401,402,1,401,402,1,1,1,381.333333,2
65,YESForumoffice,,3,404,407,3,404,407,13,0.159072,0.187656,392329.707497,1
66,LasdeltulTulevs,,2,25,27,2,25,27,5,0.286685,0.31318,15588.673942,6
67,mariasunarrufat,,3,403,406,3,403,406,11,0.176291,0.196646,139695.142314,0
68,LetiSan006,,0,1,1,0,1,1,1,1,1,0,1
69,JorgeCUbric,,3,1076,1079,3,1076,1079,11,0.176394,0.205217,246988.606729,6
70,ASOGRA_,,4,1444,1448,4,1444,1448,13,0.135762,0.159099,215172.717972,0
71,EIAParisErasmus,,1,255,256,1,255,256,12,0.169241,0.187013,162191.094989,1
72,RubnMrtin,,1,51,52,1,51,52,1,1,1,1874.232558,4
73,paulasousa_3,,1,385,386,1,385,386,14,0.137677,0.157794,162249.199997,1
74,alphardeurope,,2,161,163,2,161,163,1,1,1,8474.249639,1
75,cefUGR,,3,758,761,3,758,761,9,0.234876,0.262631,1433127.446069,6
76,isapsut86,,2,400,402,2,400,402,10,0.204781,0.232418,139372.095933,0
77,UALinclusiva,,1,242,243,1,242,243,3,0.52094,0.555239,96268.206026,0
78,manuel_egeaVDL,,2,298,300,2,298,300,12,0.153987,0.16511,96792.791126,0
79,TTooum,,0,56,56,0,56,56,1,1,1,0,8
80,esnstrathclyde,,5,12,17,5,12,17,1,1,1,802.59594,1
81,ESNcardiff,,6,29,35,6,29,35,14,0.147959,0.165739,87773.119067,1
82,hydroconsa,,0,231,231,0,231,231,4,0.447844,0.526786,0,0
83,golndn,,0,365,365,0,365,365,4,0.481699,0.579928,0,4
84,ALTADUNA_LAW,,2,602,604,2,602,604,3,0.637415,0.786019,95391.222199,0
85,Francisss2096,,0,689,689,0,689,689,1,1,1,0,3
86,Cromaeventos,,2,229,231,2,229,231,13,0.133567,0.145925,70183.416003,0
87,Studentsroom_pt,,4,191,195,4,191,195,11,0.217761,0.260585,647665.970952,3
88,podologoherrera,,2,311,313,2,311,313,10,0.192121,0.219478,867959.985027,0
89,IsidroLuna31,,1,644,645,1,644,645,3,0.541472,0.667882,64513.287062,4
90,echeverrylogos,,0,184,184,0,184,184,1,1,1,0,2
91,Ameni_Meh,,0,130,130,0,130,130,1,1,1,0,8
92,UstbusYu,,0,162,162,0,162,162,2,0.917526,0.955056,0,1
93,alinabalan3,,0,79,79,0,79,79,1,1,1,0,1
94,eushopme,,1,69,70,1,69,70,1,1,1,3418.063889,1
95,TitoMoreno6,,0,5,5,0,5,5,1,1,1,0,3
96,EmmaSG2619,,0,11,11,0,11,11,1,1,1,0,0
97,ASEJAGr,,3,419,422,3,419,422,12,0.135154,0.15352,680132.026325,6
98,NordicHorizonAB,,1,325,326,1,325,326,1,1,1,23466.153986,1
99,agneskocsany,,1,128,129,1,128,129,1,1,1,7240.792677,2
100,proyectodono,,3,1572,1575,3,1572,1575,2,0.94863,0.972924,160611.006189,4
101,casadelcantaor,,1,9,10,1,9,10,1,1,1,832.016342,0
102,ninogvelesiani,,0,512,512,0,512,512,1,1,1,0,1
103,SummerAbroadUAL,,3,334,337,3,334,337,1,1,1,29786.430148,1
104,_ONGestion,,0,92,92,0,92,92,1,1,1,0,4
105,alcard_ac,,2,619,621,2,619,621,1,1,1,67436.554354,1
106,damiano_gnn,,2,15,17,2,15,17,1,1,1,1687.711905,5
107,ESN_Azerbaijan,,6,16,22,6,16,22,1,1,1,1280.5088,1
108,JuntaGranada,,6,339,345,6,339,345,2,0.902613,0.946053,48455.8275,0
109,MalagaTrips,,0,317,317,0,317,317,1,1,1,0,0
110,examenesUGR,,2,1065,1067,2,1065,1067,8,0.232456,0.257752,333310.426646,6
111,Erasmuslovesyou,,1,11,12,1,11,12,1,1,1,236.989286,1
112,jujolorka,,1,111,112,1,111,112,14,0.148684,0.168237,530644.826194,4
113,FAsI_OH,,1,62,63,1,62,63,1,1,1,7440.781532,3
114,ESN_KTU,,8,14,22,8,14,22,2,0.684211,0.769231,2784.323485,1
115,Viento62047805,,0,2,2,0,2,2,1,1,1,0,3
116,TheNomanAhmed,,0,92,92,0,92,92,1,1,1,0,8
117,AbogadosTrafico,,3,279,282,3,279,282,15,0.112491,0.1329,124790.242017,4
118,MaevaCatalano,,0,108,108,0,108,108,1,1,1,0,2
119,giuliacoelli,,1,18,19,1,18,19,2,0.660714,0.743243,450.107576,3
120,DelfiChesini,,0,12,12,0,12,12,1,1,1,0,2
121,carfaxyelpilar,,0,1,1,0,1,1,1,1,1,0,1
122,youthure,,3,146,149,3,146,149,1,1,1,7545.599845,1
123,Lacasitadecoco,,1,205,206,1,205,206,3,0.471739,0.543011,27268.752427,6
124,_N1C0LA5_,,0,357,357,0,357,357,3,0.70494,0.822285,0,8
125,pablopartys,,1,115,116,1,115,116,2,0.794872,0.870968,8000.558769,6
126,Sarapples1,,0,21,21,0,21,21,1,1,1,0,3
127,YICservices,,0,22,22,0,22,22,2,0.553922,0.597345,0,2
128,cinya234,,0,9,9,0,9,9,1,1,1,0,1
129,esnelte,,6,7,13,6,7,13,2,0.652174,0.733333,566.245258,1
130,SoengReng,,1,100,101,1,100,101,1,1,1,15289.948286,2
131,ColagalloG,,2,27,29,2,27,29,1,1,1,1096.481652,0
132,agmgermany2017,,4,33,37,4,33,37,3,0.455235,0.503889,4154.84316,1
133,pacocp9,,1,174,175,1,174,175,14,0.124764,0.135955,14175.158372,8
134,elrincondlatapa,,3,891,894,3,891,894,11,0.179496,0.206192,449923.914789,0
135,esnbaleares,,3,28,31,3,28,31,1,1,1,3136.77449,2
136,elbache_net,,1,27,28,1,27,28,1,1,1,901.779654,0
137,PokePromos,,2,9,11,2,9,11,4,0.377358,0.406944,2267.798163,4
138,muxelka,,1,102,103,1,102,103,1,1,1,6844.31608,4
139,JoakiRuano,,1,10,11,1,10,11,1,1,1,1274.592857,6
140,lolaalavarez,,1,101,102,1,101,102,3,0.449573,0.590621,11039.207838,4
141,Viajedegrupo,,0,93,93,0,93,93,1,1,1,0,7
142,isa_andradee,,2,1,3,2,1,3,1,1,1,0,1
143,jonny979,,1,104,105,1,104,105,1,1,1,12230.193651,6
144,ElenaPenafiel,,3,211,214,3,211,214,3,0.456044,0.544907,43098.205467,0
145,conchabernat,,1,35,36,1,35,36,1,1,1,3582.934507,6
146,96_mariluz,,2,40,42,2,40,42,1,1,1,4686.257143,6
147,Helena_Fedriani,,3,184,187,3,184,187,14,0.127818,0.140476,161720.985388,6
148,spizzio,,2,31,33,2,31,33,2,0.613139,0.684524,2083.821032,3
149,anothersoul4,,2,1,3,2,1,3,1,1,1,0,2
150,santy691,,0,176,176,0,176,176,1,1,1,0,5
151,dxt_dopaje_soc,,1,110,111,1,110,111,1,1,1,9227.127073,0
152,Lidia_2596,,1,81,82,1,81,82,1,1,1,8743.426842,5
153,martamedinagr,,2,18,20,2,18,20,1,1,1,962.562698,0
154,NNSIN,,1,18,19,1,18,19,1,1,1,1326.002516,0
155,Oscar_r_p_92,,1,102,103,1,102,103,13,0.125057,0.132114,8775.720391,6
156,PaulinaHuertas,,3,165,168,3,165,168,2,0.906404,0.94837,22435.500344,0
157,Bel_Bur,,1,118,119,1,118,119,1,1,1,6792.339156,6
158,verdegolondrina,,0,1,1,0,1,1,1,1,1,0,1
159,eSkillsMatch,,3,148,151,3,148,151,4,0.455609,0.495721,184628.58709,1
160,esnzagreb,,4,6,10,4,6,10,1,1,1,530.399332,1
161,lio_qs,,1,68,69,1,68,69,2,0.604294,0.672589,3774.785773,6
162,rstgranada1917,,2,265,267,2,265,267,2,0.698651,0.784335,45689.522527,5
163,lemaula,,0,16,16,0,16,16,1,1,1,0,1
164,MacDpoint,,1,67,68,1,67,68,11,0.190148,0.209399,20241.470395,8
165,sarahtopia_,,0,1,1,0,1,1,1,1,1,0,1
166,nusan94,,1,1,2,1,1,2,1,1,1,0,1
167,cary_loca,,2,29,31,2,29,31,1,1,1,3501.764177,0
168,Chap_Marie,,0,3,3,0,3,3,1,1,1,0,2
169,luci_mg,,0,85,85,0,85,85,1,1,1,0,6
170,COMPYAPP,,0,4,4,0,4,4,1,1,1,0,0
171,Floralimagegr,,2,15,17,2,15,17,4,0.355355,0.393427,11073.721284,0
172,effe1964,,1,723,724,1,723,724,1,1,1,50977.843221,3
173,katsatweet,,1,1,2,1,1,2,1,1,1,0,1
174,stefanh_michael,,1,25,26,1,25,26,1,1,1,2245.504318,2
175,Granada_Nights,,3,1,4,3,1,4,1,1,1,0,1
176,MEUMadrid,,3,47,50,3,47,50,1,1,1,5498.837912,4
177,Al_varo5,,1,1,2,1,1,2,1,1,1,0,1
178,SingPlayAndINte,,0,64,64,0,64,64,2,0.984848,0.992308,0,6
179,utecnocoop,,2,127,129,2,127,129,12,0.168331,0.184312,1069366.122939,6
180,oscarmbiedma,,0,9,9,0,9,9,1,1,1,0,6
181,MaathildeDuval,,0,8,8,0,8,8,1,1,1,0,1
182,movineurope,,6,7,13,6,7,13,1,1,1,354.821429,1
183,ESN_UCLM,,4,5,9,4,5,9,1,1,1,437.510317,1
184,josemacrespo,,1,139,140,1,139,140,2,0.628466,0.704412,26040.242785,5
185,OscarMunozBied,,1,31,32,1,31,32,1,1,1,2422.731457,6
186,Miri4mG,,0,1,1,0,1,1,1,1,1,0,1
187,ESNBelgium,,10,23,33,10,23,33,14,0.148545,0.164972,17966.904615,1
188,EU_events,,5,617,622,5,617,622,1,1,1,67212.029679,1
189,yeswerent,,0,5,5,0,5,5,1,1,1,0,1
190,bemoregranada,,1,266,267,1,266,267,16,0.098066,0.108414,73593.431187,6
191,heyrents,,1,75,76,1,75,76,1,1,1,3818.545485,1
192,josepablols,,0,159,159,0,159,159,1,1,1,0,0
193,esnesogu,,4,5,9,4,5,9,1,1,1,195.218398,1
194,FabriStickdog,,0,114,114,0,114,114,1,1,1,0,3
195,DelaCruz_91,,1,27,28,1,27,28,1,1,1,938.314286,6
196,opticaadgracia,,2,67,69,2,67,69,1,1,1,7100.94329,0
197,CasaDelAljarife,,2,87,89,2,87,89,1,1,1,9652.262518,7
198,spaneasy,,1,124,125,1,124,125,18,0.094374,0.102856,83766.901757,1
199,ChinyangararaK,,1,32,33,1,32,33,3,0.456522,0.55291,2829.12031,2
200,esn_gcu,,4,19,23,4,19,23,1,1,1,2711.428788,2
201,DiegoRuiz75,,0,96,96,0,96,96,1,1,1,0,5
202,ESN_Trieste,,7,8,15,7,8,15,14,0.146103,0.159498,58449.46875,1
203,deturismoytradu,,3,1127,1130,3,1127,1130,20,0.081593,0.113984,262946.332264,0
204,HebePremios,,1,68,69,1,68,69,2,0.598266,0.664251,3337.922403,6
205,granadaproducto,,1,80,81,1,80,81,1,1,1,7631.191847,0
206,unerasmus,,3,29,32,3,29,32,4,0.369887,0.420005,38518.023941,6
207,PubLatinoGR,,2,102,104,2,102,104,3,0.528274,0.613615,26743.517671,6
208,ciudadl,,2,178,180,2,178,180,1,1,1,17053.469207,4
209,marco_capriotti,,3,105,108,3,105,108,2,0.689531,0.774869,7732.955588,3
210,GRANerasmus,,2,1,3,2,1,3,1,1,1,0,6
211,GranadaInsider,,3,153,156,3,153,156,3,0.490427,0.646647,24915.520912,0
212,cesar12081208,,0,5,5,0,5,5,2,0.508306,0.51634,0,7
213,EsnYeditepe,,4,3,7,4,3,7,1,1,1,203.188095,1
214,alexey_gandia,,4,51,55,4,51,55,1,1,1,5221.514132,4
215,ESNCartagena,,4,16,20,4,16,20,1,1,1,1949.458331,4
216,EuropeanYouthEU,,12,356,368,12,356,368,15,0.121892,0.140401,186357.404928,1
217,8deMayoGojar,,2,19,21,2,19,21,1,1,1,3045.774387,0
218,UGRinclusiva,,5,9,14,5,9,14,1,1,1,818.841522,5
219,ENILYouth,,4,366,370,4,366,370,1,1,1,40279.329329,1
220,BFadile,,2,49,51,2,49,51,2,0.692913,0.778409,4222.240332,8
221,Rociorir,,1,19,20,1,19,20,1,1,1,1718.761555,6
222,LAGUIAGOGRANADA,,4,607,611,4,607,611,10,0.187239,0.217641,517640.037264,0
223,josipafriscic,,3,98,101,3,98,101,3,0.54023,0.698582,11892.96062,2
224,esn_uofg,,7,17,24,7,17,24,1,1,1,2385.711111,1
225,tpvimpresoras,,0,683,683,0,683,683,1,1,1,0,0
226,carlosber101,,0,1,1,0,1,1,1,1,1,0,1
227,marck_vee,,2,5,7,2,5,7,1,1,1,377.716667,3
228,yva_mitchell,,0,60,60,0,60,60,1,1,1,0,2
229,janecunnison,,2,40,42,2,40,42,1,1,1,4147.837981,0
230,EllaFrt,,2,1,3,2,1,3,1,1,1,0,1
231,ESNOviedo,,9,5,14,9,5,14,2,0.54386,0.580645,1385.386905,1
232,noseracierto,,0,25,25,0,25,25,1,1,1,0,2
233,ElTanqueBatti4,,0,5,5,0,5,5,1,1,1,0,3
234,EspeAlcain,,2,1,3,2,1,3,1,1,1,0,1
235,AndaluciaStore,,1,126,127,1,126,127,1,1,1,13027.160173,0
236,MyCityGranada,,3,41,44,3,41,44,1,1,1,4398.496825,0
237,parquekinepolis,,3,115,118,3,115,118,4,0.438272,0.666275,9680.542951,0
238,Srta_Exposito,,1,1,2,1,1,2,1,1,1,0,1
239,travelnewers1,,3,523,526,3,523,526,1,1,1,60009.767544,7
240,ASE_ESN_Verona,,6,11,17,6,11,17,2,0.789474,0.866667,1475.330952,3
241,Activa_Te_Org,,1,26,27,1,26,27,2,0.608333,0.678082,707.150469,0
242,Sunflowerhostel,,3,963,966,3,963,966,2,0.921998,0.9577,90929.044275,7
243,glendapino,,1,296,297,1,296,297,1,1,1,25643.373521,2
244,ApplicantCoach,,2,2,4,2,2,4,1,1,1,132.352381,3
245,Spotahome,,1,281,282,1,281,282,1,1,1,17593.529243,2
246,Mayos_co,,2,130,132,2,130,132,1,1,1,15568.529113,6
247,Spain_inthe_Bag,,0,30,30,0,30,30,1,1,1,0,4
248,HolidayZgz,,3,350,353,3,350,353,3,0.600134,0.686264,71659.955789,2
249,Travel2Slovakia,,3,198,201,3,198,201,13,0.174113,0.211766,203667.456662,1
250,madeinsudgr,,1,9,10,1,9,10,3,0.361314,0.402357,806.726407,0
251,toldospatoldo,,1,4,5,1,4,5,1,1,1,432.066667,6
252,ESN_clujnapoca,,5,113,118,5,113,118,16,0.105488,0.118614,68231.025575,1
253,Campamento_EiS,,3,18,21,3,18,21,3,0.384212,0.405,14932.932572,4
254,room4exchange,,3,403,406,3,403,406,2,0.614164,0.685886,80719.890837,7
255,NuriBravodL,,0,365,365,0,365,365,1,1,1,0,2
256,mbe126,,3,11,14,3,11,14,11,0.165049,0.177604,278291.775472,0
257,AcierBleu,,0,1,1,0,1,1,1,1,1,0,1
258,_OnlytheHorses,,1,17,18,1,17,18,1,1,1,1026.15386,2
259,rafhippo89,,0,12,12,0,12,12,1,1,1,0,3
260,IntermobilP,,2,31,33,2,31,33,1,1,1,3088.329937,2
261,nicolatrlt,,1,1,2,1,1,2,1,1,1,0,1
262,mobiliariograna,,2,39,41,2,39,41,1,1,1,4939.373268,0
263,consulenzatech,,2,393,395,2,393,395,3,0.809359,0.907923,54153.606741,3
264,AndreaPietra3,,2,242,244,2,242,244,4,0.432773,0.523242,17916.465885,3
265,VuleticiNikolia,,1,9,10,1,9,10,1,1,1,369.166667,1
266,izletirizcom,,1,130,131,1,130,131,1,1,1,6121.11279,2
267,HostelMarina,,2,252,254,2,252,254,2,0.644495,0.724199,37384.282601,3
268,ESNUCLMAlbacete,,8,4,12,8,4,12,2,0.6,0.666667,480.996429,1
269,DarthRudo,,0,10,10,0,10,10,1,1,1,0,3
270,arif_najimov,,1,20,21,1,20,21,1,1,1,1042.266378,1
271,FREEtourPOLAND,,1,48,49,1,48,49,1,1,1,2726.679076,1
272,VeroNarduzzo,,2,24,26,2,24,26,3,0.520107,0.554124,14726.587271,5
273,davidphotiade,,3,167,170,3,167,170,2,0.627093,0.70267,21809.63469,8
274,LaVolaeraGR,,3,165,168,3,165,168,1,1,1,25541.358581,4
275,esnbochum,,4,10,14,4,10,14,1,1,1,905.074964,1
276,ESNUTAD,,4,4,8,4,4,8,1,1,1,286.882323,7
277,alealexzya,,2,1,3,2,1,3,1,1,1,0,3
278,youthhostel4you,,2,311,313,2,311,313,1,1,1,36974.911758,4
279,Puentedudu,,0,5,5,0,5,5,1,1,1,0,1
280,rosalopezy71,,1,55,56,1,55,56,14,0.131012,0.141339,451.585714,0
281,bougatfa_maryam,,2,14,16,2,14,16,1,1,1,1138.253175,8
282,fab_vd_m,,0,5174,5174,0,5174,5174,1,1,1,0,2
283,fastdreamgr,,0,27,27,0,27,27,1,1,1,0,6
284,esnmarmara,,7,6,13,7,6,13,1,1,1,454.492063,1
285,letudiantworld,,1,302,303,1,302,303,1,1,1,15338.007191,1
286,pedros_uzal,,0,20,20,0,20,20,1,1,1,0,5
287,esnleeds,,6,16,22,6,16,22,4,0.390879,0.448611,19670.685263,1
288,Limeet_fr,,1,86,87,1,86,87,1,1,1,4415.055173,7
289,alicepotier,,0,1,1,0,1,1,1,1,1,0,1
290,Aaron__Phillips,,1,40,41,1,40,41,1,1,1,776.84311,8
291,acs_nijmegen,,3,17,20,3,17,20,1,1,1,1271.828968,1
292,thaliejalabert,,2,48,50,2,48,50,2,0.98,0.989796,3374.929509,8
293,AssoEchangesESN,,3,17,20,3,17,20,1,1,1,3226.666667,8
294,MeetSpanish,,1,18,19,1,18,19,1,1,1,653.083333,1
295,Antperez90,,3,1053,1056,3,1053,1056,11,0.186214,0.210343,260832.374361,6
296,NativeEnglishNL,,1,17,18,1,17,18,1,1,1,711.431227,3
297,Ricardo00195426,,1,6,7,1,6,7,1,1,1,331.296032,7
298,StienstraA_,,1,10,11,1,10,11,1,1,1,255.133333,1
299,Kiara9_91,,1,3,4,1,3,4,1,1,1,106.174242,0
300,lloydanthony19,,4,144,148,4,144,148,1,1,1,19973.138492,2
301,Alav6,,0,1,1,0,1,1,1,1,1,0,1
302,chupiteria69,,1,33,34,1,33,34,3,0.518325,0.548822,2925.469014,6
303,Elisa_Ros,,2,1,3,2,1,3,1,1,1,0,1
304,ESN_Madeira,,6,1,7,6,1,7,1,1,1,0,1
305,davidiezgalindo,,0,1,1,0,1,1,1,1,1,0,1
306,rubenhurquijo,,1,53,54,1,53,54,1,1,1,3750.107576,2
307,esncukurova,,5,7,12,5,7,12,1,1,1,545.973052,1
308,eyerasmuse,,4,121,125,4,121,125,11,0.181486,0.203223,1183301.740014,1
309,everyDEYvlogs,,1,1,2,1,1,2,1,1,1,0,1
310,yvonnesalvi95,,1,8,9,1,8,9,1,1,1,244.895238,2
311,Bernina1930,,3,6,9,3,6,9,2,0.517045,0.532967,649.147062,0
312,CaterinaFiol,,0,35,35,0,35,35,1,1,1,0,0
313,Mundiroom,,0,3,3,0,3,3,1,1,1,0,2
314,ESN_TEDU,,7,6,13,7,6,13,1,1,1,427.976984,1
315,TnaZakura,,1,1,2,1,1,2,1,1,1,0,1
316,esnliverpool,,7,16,23,7,16,23,1,1,1,1924.728571,1
317,DianaRodas1988,,1,9,10,1,9,10,1,1,1,865.075,6
318,ESICGranada,,3,47,50,3,47,50,12,0.177226,0.203669,336856.267608,0
319,MarciaaFranco,,2,6,8,2,6,8,1,1,1,693.559524,3
320,EUErasmusPlus,,20,126,146,20,126,146,1,1,1,19213.63254,1
321,EurodeskPACA,,4,45,49,4,45,49,1,1,1,5160.528896,1
322,doYouEvenExist_,,3,51,54,3,51,54,1,1,1,6959.718986,8
323,ESNAureCamerino,,8,26,34,8,26,34,1,1,1,2272.631999,3
324,Maria9Guerrero,,2,54,56,2,54,56,1,1,1,5883.224861,6
325,EstefaniaColor,,1,183,184,1,183,184,1,1,1,8146.847898,1
326,LuxySan,,0,1,1,0,1,1,1,1,1,0,1
327,MiradorTemple,,2,76,78,2,76,78,1,1,1,7214.573327,6
328,locubinemprende,,1,35,36,1,35,36,1,1,1,3003.410714,6
329,Parlare_es,,1,8,9,1,8,9,2,0.535714,0.566667,4688.95202,1
330,avanessasstw,,2,4,6,2,4,6,1,1,1,244.764286,1
331,ESN_Montpellier,,7,2,9,7,2,9,1,1,1,133.166667,1
332,FontecruzGR,,2,11,13,2,11,13,1,1,1,973.554884,0
333,Silia_X,,2,51,53,2,51,53,1,1,1,5710.17841,2
334,ESNHungary,,5,1,6,5,1,6,1,1,1,0,1
335,ESN_Braganca,,8,4,12,8,4,12,1,1,1,387.397619,1
336,ComunidadUGR,,2,41,43,2,41,43,2,0.632258,0.709184,6862.510024,6
337,SerraGianLuigi,,1,1,2,1,1,2,1,1,1,0,1
338,AntonioSorroche,,2,21,23,2,21,23,1,1,1,1836.761905,0
339,Fucky4,,2,190,192,2,190,192,2,0.854478,0.914847,23111.666313,5
340,jetmal85,,0,2,2,0,2,2,1,1,1,0,3
341,dejame_s,,3,1,4,3,1,4,1,1,1,0,1
342,Zayoser,,1,25,26,1,25,26,1,1,1,1273.613095,6
343,GroupingHotels,,1,174,175,1,174,175,1,1,1,14500.761652,7
344,ESNportugal,,13,1,14,13,1,14,1,1,1,0,1
345,MustafaAy9,,3,20,23,3,20,23,1,1,1,1694.777381,2
346,ESN_Serbia,,7,13,20,7,13,20,1,1,1,1212.135084,1
347,francescoiaconi,,1,39,40,1,39,40,1,1,1,2702.783899,3
348,Worldcallerapp,,1,40,41,1,40,41,1,1,1,2690.623341,4
349,Suppachekka,,0,1,1,0,1,1,1,1,1,0,1
350,Sally_Faro,,2,90,92,2,90,92,1,1,1,9505.604479,7
351,EGTheSeries,,4,30,34,4,30,34,1,1,1,4029.775153,7
352,NoodleRest,,3,140,143,3,140,143,3,0.590164,0.680556,21135.009144,0
353,esn_uludag,,8,1,9,8,1,9,1,1,1,0,1
354,TorinoErasmus,,3,125,128,3,125,128,13,0.138975,0.153329,34945.78722,0
355,elenitacabrerac,,3,1,4,3,1,4,1,1,1,0,6
356,Eurosender,,5,22,27,5,22,27,2,0.594828,0.65942,5168.39246,1
357,fina10913261,,0,38,38,0,38,38,1,1,1,0,2
358,One1Europe,,5,670,675,5,670,675,2,0.956403,0.977208,66321.847022,1
359,WTTL2015,,2,34,36,2,34,36,1,1,1,3053.636891,4
360,academiairving1,,2,74,76,2,74,76,11,0.17491,0.192257,561739.01611,6
361,ESNEvora,,11,3,14,11,3,14,1,1,1,208.738095,1
362,donareferee,,2,39,41,2,39,41,2,0.675676,0.76,6688.446306,3
363,instihemingway,,3,138,141,3,138,141,1,1,1,14223.168354,1
364,CrowdTYouth,,2,756,758,2,756,758,1,1,1,100784.418862,2
365,Akelarre_Teatro,,1,112,113,1,112,113,12,0.144085,0.164541,183278.13419,0
366,InternPoint,,3,547,550,3,547,550,10,0.234342,0.272971,495369.181097,1
367,VeUGR,,9,140,149,9,140,149,10,0.220526,0.244644,1373855.98352,5
368,esncag,,6,137,143,6,137,143,12,0.197391,0.238523,186298.411243,1
369,ConexionGranada,,3,1263,1266,3,1263,1266,11,0.215291,0.270507,696881.95586,0
370,jorgitosilva88,,2,128,130,2,128,130,12,0.190398,0.213575,1180067.159267,2
371,djalfm,,1,116,117,1,116,117,10,0.19665,0.217358,338795.75419,0
372,silviaesmu,,3,166,169,3,166,169,13,0.170981,0.19542,482530.669228,1
373,Europarl_EYE,,11,2473,2484,11,2473,2484,11,0.217619,0.279832,2298403.853657,1
374,InmoEmilioFunes,,2,1,3,2,1,3,1,1,1,0,6
375,Internplacement,,4,788,792,4,788,792,12,0.201875,0.249921,540761.920937,1
376,CreaAcademy,,3,282,285,3,282,285,14,0.143665,0.162559,59709.653698,3
377,DylanXVI,,1,98,99,1,98,99,1,1,1,10068.371129,8
378,Welcome2GRX,,0,9,9,0,9,9,1,1,1,0,6
379,detiUGR,,5,479,484,5,479,484,10,0.228856,0.255407,1945655.708358,5
380,maria0range,,0,1,1,0,1,1,1,1,1,0,1
381,carolagerik,,1,1331,1332,1,1331,1332,3,0.753642,0.864412,161221.432885,2
382,JDjula,,1,32,33,1,32,33,13,0.169563,0.189983,72235.862492,2
383,metheroninn,,1,44,45,1,44,45,1,1,1,2897.747773,2
384,uni_mainz_eng,,2,503,505,2,503,505,2,0.745846,0.82962,64951.738804,1
385,Nour_Elkholy,,3,57,60,3,57,60,1,1,1,5133.440113,3
386,oficina_grafica,,2,108,110,2,108,110,11,0.174941,0.192596,22502.594912,0
387,afgranada,,3,194,197,3,194,197,13,0.147104,0.162362,1070140.208374,6
388,PubTantra,,3,456,459,3,456,459,8,0.238778,0.272558,700290.99722,6
389,AcademiaHelmnti,,2,544,546,2,544,546,12,0.159271,0.179152,177949.359177,4
390,BringingPeople,,2,282,284,2,282,284,2,0.743945,0.827907,25154.690486,4
391,EyefiveFilms,,2,47,49,2,47,49,1,1,1,6220.801648,1
392,erasmusplusteam,,4,17,21,4,17,21,1,1,1,1837.954762,6
393,kasiagerlee,,3,114,117,3,114,117,5,0.324011,0.35845,109454.054525,2
394,ESN_Okan,,8,29,37,8,29,37,14,0.149251,0.165708,41040.374754,1
395,masozzo,,2,395,397,2,395,397,1,1,1,46334.834757,3
396,ESNNicosia,,7,80,87,7,80,87,11,0.191528,0.214321,345218.162197,1
397,RdguezCarmen,,1,74,75,1,74,75,1,1,1,5642.485972,4
398,CERRAJERO_24x7,,3,277,280,3,277,280,1,1,1,35693.179909,0
399,ufeud,,2,362,364,2,362,364,1,1,1,44213.217569,2
400,FLEURA_UCA,,2,174,176,2,174,176,1,1,1,18420.901331,1
401,LaMaison_France,,2,6,8,2,6,8,1,1,1,469.611905,0
402,BudhaGranada,,3,8,11,3,8,11,1,1,1,791.681349,0
403,capri_motoscafi,,1,348,349,1,348,349,3,0.406999,0.50237,32280.484577,7
404,BechiElizondo,,1,1,2,1,1,2,1,1,1,0,1
405,SuspirosEspana,,1,1,2,1,1,2,1,1,1,0,1
406,StudentLane,,4,111,115,4,111,115,2,0.696113,0.781726,14191.418113,2
407,ApoyoHRasillo,,3,941,944,3,941,944,3,0.600065,0.725964,113406.380411,0
408,jj_cuadra,,1,189,190,1,189,190,1,1,1,17768.08877,0
409,pisosalamanca,,4,411,415,4,411,415,12,0.160603,0.180621,1171571.729057,1
410,ESNcoruna,,9,73,82,9,73,82,13,0.17664,0.196653,436069.641848,4
411,IMUestudio,,3,87,90,3,87,90,2,0.957895,0.978022,7144.917048,0
412,MRConsultores,,3,351,354,3,351,354,13,0.136606,0.157106,912433.76095,4
413,ExprimeGranada,,3,200,203,3,200,203,9,0.194233,0.214151,322446.590978,0
414,UMapping,,3,262,265,3,262,265,2,0.603639,0.671691,10625.803447,1
415,filmosofia,,3,1415,1418,3,1415,1418,9,0.223239,0.265252,529794.52318,0
416,AngeloCampione1,,5,39,44,5,39,44,2,0.629139,0.705263,5922.936303,3
417,Decoracesped,,2,72,74,2,72,74,1,1,1,5445.795774,4
418,balica91,,3,325,328,3,325,328,1,1,1,26785.390074,6
419,FutbolStation,,2,427,429,2,427,429,3,0.76933,0.855109,40045.933159,6
420,HappyMaxim,,2,457,459,2,457,459,1,1,1,52699.641232,1
421,JebeBahest,,1,78,79,1,78,79,13,0.137275,0.149226,4543.825541,4
422,avelinschen,,1,47,48,1,47,48,2,0.557178,0.60262,3373.299747,5
423,GTC_Granada,,2,126,128,2,126,128,1,1,1,11720.336948,0
424,CooltraItalia,,5,253,258,5,253,258,16,0.10884,0.130571,766069.081944,3
425,sevexperience,,3,34,37,3,34,37,1,1,1,3795.213492,4
426,Erasmus_Flats,,3,179,182,3,179,182,18,0.090406,0.105721,266230.952067,2
427,marlameyy,,1,71,72,1,71,72,17,0.098177,0.111784,8445.607834,2
428,GotoRioo,,3,22,25,3,22,25,17,0.098836,0.116573,335641.138791,8
429,trerasmusturkey,,4,278,282,4,278,282,17,0.098799,0.116574,118600.620173,1
430,Giu_Pumbaa,,2,55,57,2,55,57,1,1,1,7397.413416,2
431,simoneviva18,,3,177,180,3,177,180,1,1,1,23784.968876,3
432,Secretsurfskate,,1,1,2,1,1,2,1,1,1,0,1
433,oarellanod,,0,1,1,0,1,1,1,1,1,0,1
434,biankajackowska,,1,363,364,1,363,364,1,1,1,41397.092557,3
435,esn_sassari,,6,33,39,6,33,39,2,0.726027,0.811321,5627.350794,3
436,24job,,1,963,964,1,963,964,1,1,1,83644.173157,3
437,juliocpineiro,,3,511,514,3,511,514,14,0.147075,0.166193,178170.780991,5
438,JoveprofGranada,,1,9,10,1,9,10,4,0.363437,0.382586,3776.504393,0
439,aleejgardner,,1,44,45,1,44,45,1,1,1,4327.780683,2
440,mariana_maz94,,2,97,99,2,97,99,1,1,1,10117.713059,2
441,FigaredoRat,,2,11,13,2,11,13,2,0.524017,0.545833,2097.030159,4
442,goto_lyon,,2,42,44,2,42,44,1,1,1,4504.526815,8
443,BeToSeek,,1,91,92,1,91,92,1,1,1,5616.699072,0
444,ESN_Mars,,8,24,32,8,24,32,1,1,1,2798.268975,1
445,CorkErasmus,,4,56,60,4,56,60,1,1,1,5476.256335,7
446,TiagoCosta_PT,,5,134,139,5,134,139,1,1,1,20272.793601,7
447,CalliopeCeCe,,3,541,544,3,541,544,1,1,1,76914.619309,2
448,ESN_sLOVEnia,,7,4,11,7,4,11,1,1,1,374.933333,1
449,ESNSelcuk,,7,39,46,7,39,46,3,0.494215,0.517837,19286.287781,3
450,patxigranada,,1,2,3,1,2,3,1,1,1,47,1
451,TheCreteTrip,,4,7,11,4,7,11,1,1,1,97.354762,1
452,emundus,,3,27,30,3,27,30,14,0.128252,0.137271,909993.152733,1
453,lowri_harries,,1,28,29,1,28,29,1,1,1,2233.808333,2
454,Viicky_Q,,2,37,39,2,37,39,3,0.541436,0.651361,2585.862786,6
455,Europeonthemove,,4,7,11,4,7,11,4,0.290643,0.30664,21107.892147,1
456,PeterDHenderson,,0,56,56,0,56,56,1,1,1,0,2
457,CoachMyErasmus,,3,2,5,3,2,5,1,1,1,135.00989,1
458,ESN_PW,,9,55,64,9,55,64,4,0.383918,0.454031,17388.003332,1
459,ErasmusMoments,,5,11,16,5,11,16,2,0.505069,0.510036,12972.746295,1
460,WorldTop_ESN,,4,1,5,4,1,5,1,1,1,0,4
461,JsmNox,,2,1,3,2,1,3,1,1,1,0,1
462,ESNSpringBreizh,,6,9,15,6,9,15,1,1,1,1407.614286,1
463,LaSimoGuarino,,3,43,46,3,43,46,1,1,1,2984.116491,3
464,ESN_UOM_Thess,,11,17,28,11,17,28,2,0.680851,0.765625,1909.51627,1
465,Vegetadan,,0,176,176,0,176,176,2,0.835878,0.901826,0,2
466,miguecalancha,,3,131,134,3,131,134,2,0.669251,0.752896,24602.111943,0
467,carluviri,,1,62,63,1,62,63,1,1,1,4742.410827,4
468,jrquinn13,,1,65,66,1,65,66,1,1,1,7178.076368,2
469,Erasmusinparis,,1,8,9,1,8,9,1,1,1,574.15772,1
470,taxihs,,3,459,462,3,459,462,14,0.121599,0.139017,196034.535918,6
471,ESNHildesheim,,6,7,13,6,7,13,1,1,1,757.723413,1
472,CsGranada,,4,1422,1426,4,1422,1426,11,0.201064,0.253581,387272.897827,0
473,botici,,0,277,277,0,277,277,1,1,1,0,1
474,aytacaltntas,,0,33,33,0,33,33,1,1,1,0,2
475,ESNPisa,,7,52,59,7,52,59,13,0.158788,0.178377,10808.582061,3
476,Othmanam_nrc,,0,20,20,0,20,20,1,1,1,0,2
477,sandanarprod,,1,1,2,1,1,2,1,1,1,0,1
478,TtacttoWeb,,2,1,3,2,1,3,1,1,1,0,1
479,The_Lovestruck,,3,10,13,3,10,13,1,1,1,1165.494841,3
480,mamenalanis,,3,1303,1306,3,1303,1306,10,0.208956,0.245035,309336.506966,0
481,ElebeConsultora,,2,1,3,2,1,3,1,1,1,0,1
482,PIRJEF_OIF,,0,179,179,0,179,179,1,1,1,0,1
483,strontium_photo,,3,84,87,3,84,87,2,0.888889,0.9375,11675.415573,4
484,ErasmusIntern,,8,41,49,8,41,49,2,0.815385,0.886792,5284.942574,1
485,Lisb_On_Hostel,,4,225,229,4,225,229,3,0.538226,0.584551,54363.001346,7
486,anaheel,,2,1,3,2,1,3,1,1,1,0,1
487,YB_by_Hermesitm,,2,30,32,2,30,32,2,0.565217,0.615385,7821.465873,2
488,HERMESITM_CRM,,1,123,124,1,123,124,2,0.948905,0.973077,5056.113492,2
489,polonyadayim,,2,12,14,2,12,14,1,1,1,1111.310549,7
490,blesixxx,,1,54,55,1,54,55,1,1,1,51.5,6
491,eugenialodi,,0,354,354,0,354,354,1,1,1,0,2
492,esnttuic,,6,9,15,6,9,15,13,0.164622,0.188184,64205.542919,1
493,mrspoon_es,,2,99,101,2,99,101,2,0.698795,0.784483,12380.252742,4
494,movifcom,,1,44,45,1,44,45,1,1,1,3372.181556,4
495,LockinGranada,,3,59,62,3,59,62,12,0.148647,0.164095,388060.288869,0
496,MPDLPracticas2,,3,477,480,3,477,480,13,0.145271,0.170947,858824.004669,6
497,MPDLPracticas1,,3,680,683,3,680,683,11,0.232977,0.276708,2502937.230345,6
498,eu_plus,,3,164,167,3,164,167,1,1,1,17023.415737,1
499,FutbubbleA,,3,224,227,3,224,227,13,0.129559,0.140722,103888.445329,0
500,Yunusimis,,2,161,163,2,161,163,1,1,1,19187.051651,2
501,ThroughMyStereo,,1,88,89,1,88,89,1,1,1,6227.772487,5
502,gotolille,,3,21,24,3,21,24,1,1,1,2022.262929,8
503,LampriniPanousi,,1,295,296,1,295,296,14,0.135849,0.15277,108190.589054,1
504,ViajeUnivSevill,,0,22,22,0,22,22,1,1,1,0,6
505,Eco_reciclados,,2,184,186,2,184,186,3,0.478431,0.610656,12388.089835,0
506,oseolimpiada,,1,228,229,1,228,229,3,0.519784,0.554308,67949.211762,4
507,Kilis_erasmus,,5,56,61,5,56,61,1,1,1,6863.868615,1
508,ISNLeiden,,5,5,10,5,5,10,1,1,1,374.747727,3
509,Triton_EA,,6,2,8,6,2,8,1,1,1,111,1
510,SilviaCroce90,,0,14,14,0,14,14,1,1,1,0,3
511,Clrgnd,,0,1,1,0,1,1,1,1,1,0,1
512,Aktivjaen,,1,157,158,1,157,158,1,1,1,18035.851876,0
513,mru_university,,2,478,480,2,478,480,1,1,1,50543.83302,1
514,CAMPUSLASER,,2,72,74,2,72,74,1,1,1,8585.28557,4
515,simonerinaldi90,,1,46,47,1,46,47,1,1,1,4430.132937,3
516,MarruecosVisita,,1,544,545,1,544,545,1,1,1,53899.48533,7
517,CamborioGranada,,2,170,172,2,170,172,1,1,1,6707.567793,6
518,esnjena,,5,4,9,5,4,9,1,1,1,316.226984,3
519,HappyCall_es,,1,32,33,1,32,33,1,1,1,3069.611508,0
520,luis_quiles4,,0,1,1,0,1,1,1,1,1,0,1
521,PubLiberia,,3,64,67,3,64,67,1,1,1,5749.180375,0
522,letstravelwith,,1,130,131,1,130,131,4,0.374362,0.424116,12274.213456,7
523,SVanuk,,2,10,12,2,10,12,2,0.509881,0.51938,9770.046567,2
524,ExchangeUrLife,,2,52,54,2,52,54,1,1,1,2680.626364,7
525,PaskoMarijana,,2,90,92,2,90,92,1,1,1,10324.956277,3
526,gnsinga,,0,21,21,0,21,21,1,1,1,0,1
527,ESNHerts,,6,11,17,6,11,17,12,0.179152,0.200931,281757.756881,3
528,esn_chpe,,7,5,12,7,5,12,14,0.137391,0.153679,68141.297669,3
529,fedevellucci,,1,38,39,1,38,39,1,1,1,3569.497835,3
530,tiendaUSevilla,,3,204,207,3,204,207,1,1,1,27066.157642,1
531,PpeAlvarez,,1,128,129,1,128,129,1,1,1,12197.299958,0
532,azam0800,,1,72,73,1,72,73,1,1,1,13145.633333,2
533,SocErasmNoviSad,,4,6,10,4,6,10,1,1,1,528.964044,2
534,taciropeca,,0,232,232,0,232,232,1,1,1,0,2
535,CasaSalvadorGR,,3,211,214,3,211,214,13,0.145416,0.16065,22177.429533,6
536,SWEPValencia,,5,5,10,5,5,10,1,1,1,277.811905,1
537,ESNkayseri,,3,2,5,3,2,5,1,1,1,137.330952,1
538,MariaSacchiero,,0,12,12,0,12,12,1,1,1,0,3
539,ESN_Dortmund,,9,2,11,9,2,11,1,1,1,81.972222,1
540,ViajesAnakena,,4,498,502,4,498,502,3,0.684783,0.809524,34377.750597,0
541,Iliber92,,3,344,347,3,344,347,3,0.566716,0.638865,75030.39861,6
542,ESNaustria,,10,36,46,10,36,46,1,1,1,3456.45202,1
543,WepKoeln2015,,4,21,25,4,21,25,1,1,1,683.280103,1
544,ESNUMBBB,,4,7,11,4,7,11,1,1,1,650.640476,1
545,elmakirmiz,,0,1,1,0,1,1,1,1,1,0,1
546,kevisolm,,0,1,1,0,1,1,1,1,1,0,1
547,cdmx_helena,,1,176,177,1,176,177,1,1,1,24068.799109,2
548,BarrilesBioUgr,,0,27,27,0,27,27,1,1,1,0,6
549,PNAlmeria,,3,27,30,3,27,30,1,1,1,3409.634524,0
550,eurasmus,,4,133,137,4,133,137,12,0.142052,0.161503,642990.888073,7
551,europecoop,,3,84,87,3,84,87,2,0.721053,0.806569,14663.844897,0
552,Morguyyy,,0,1,1,0,1,1,1,1,1,0,1
553,cangobox,,2,226,228,2,226,228,2,0.63357,0.710821,28810.117014,4
554,esnAntwerp,,4,9,13,4,9,13,2,0.521739,0.541667,2473.142634,1
555,homestudent,,3,36,39,3,36,39,1,1,1,5904.05,3
556,Isaaperezrodrig,,2,1,3,2,1,3,1,1,1,0,1
557,FlashDrinks,,1,58,59,1,58,59,1,1,1,4026.739982,6
558,banaghercordoba,,1,100,101,1,100,101,1,1,1,12381.72384,0
559,Amasoji76,,2,42,44,2,42,44,1,1,1,5496.360209,4
560,GolongrinasGRA,,3,73,76,3,73,76,1,1,1,6947.353395,0
561,Absortia,,1,6,7,1,6,7,1,1,1,454.89329,1
562,lazzer21,,2,163,165,2,163,165,2,0.988024,0.993939,8692.707057,6
563,selva_park,,0,72,72,0,72,72,1,1,1,0,0
564,MonteroMacarena,,1,25,26,1,25,26,1,1,1,3440.766667,2
565,Corinna_Atk,,1,1,2,1,1,2,1,1,1,0,1
566,COPICLOUD,,3,698,701,3,698,701,15,0.10949,0.128012,344784.934047,6
567,ZostanStudentem,,2,187,189,2,187,189,1,1,1,24628.11327,1
568,AngelMPeluquero,,3,345,348,3,345,348,2,0.746781,0.83046,39030.989117,0
569,ArantxaLoVi,,0,51,51,0,51,51,1,1,1,0,2
570,ESN_UEx,,11,161,172,11,161,172,14,0.142848,0.160328,93982.612345,5
571,granadaspanish,,3,5,8,3,5,8,1,1,1,317.197619,1
572,DanaDanage,,1,3,4,1,3,4,1,1,1,148.333333,3
573,Gan424,,1,1,2,1,1,2,1,1,1,0,1
574,diltram,,3,32,35,3,32,35,1,1,1,4406.039286,2
575,jreche1,,0,25,25,0,25,25,1,1,1,0,5
576,andreanaanton,,3,6,9,3,6,9,1,1,1,740.667857,4
577,ESNLeuven,,8,9,17,8,9,17,1,1,1,1191.296429,1
578,molinorural,,2,54,56,2,54,56,1,1,1,3176.739212,0
579,esnnl,,8,31,39,8,31,39,1,1,1,4410.514286,1
580,ESNRennes,,6,15,21,6,15,21,1,1,1,2150.872222,1
581,StergiosAspros,,3,8,11,3,8,11,1,1,1,1143.451407,2
582,esnlinkoping,,6,2,8,6,2,8,1,1,1,111,1
583,katenever,,1,244,245,1,244,245,1,1,1,22229.22093,3
584,esnitu,,8,22,30,8,22,30,11,0.177156,0.191734,259312.532597,7
585,ErasmusMadFlat,,6,45,51,6,45,51,1,1,1,6456.826779,1
586,MartaMyga,,0,1,1,0,1,1,1,1,1,0,1
587,ESNGeneva,,5,1,6,5,1,6,1,1,1,0,1
588,SammyHoose,,2,114,116,2,114,116,1,1,1,18947.898732,2
589,ESNBilbao,,8,33,41,8,33,41,2,0.698795,0.784483,7959.933841,1
590,fedejr23,,2,47,49,2,47,49,1,1,1,4605.59246,0
591,eraxix,,1,15,16,1,15,16,2,0.590361,0.653061,3027.394841,0
592,wunderflats,,3,92,95,3,92,95,1,1,1,11041.510348,1
593,InmobiliariaMLG,,2,263,265,2,263,265,14,0.123368,0.13717,106903.624483,1
594,ErasmusRoomPort,,4,27,31,4,27,31,1,1,1,2727.755628,1
595,Javierptorres,,1,57,58,1,57,58,1,1,1,5523.897539,0
596,ResiVenecia,,1,41,42,1,41,42,1,1,1,1798.555249,0
597,ChhornC,,0,166,166,0,166,166,1,1,1,0,2
598,_MC_Arcos,,1,164,165,1,164,165,1,1,1,8506.526174,4
599,iusedtotuithere,,0,98,98,0,98,98,1,1,1,0,8
600,ESN_ULg,,3,4,7,3,4,7,1,1,1,273.963727,2
601,OscarLeclere,,3,90,93,3,90,93,1,1,1,9578.57305,2
602,marie_esn,,4,55,59,4,55,59,1,1,1,9039.769841,2
603,nou_network_w,,1,133,134,1,133,134,1,1,1,9958.490232,2
604,ESN_Paris,,9,39,48,9,39,48,13,0.14489,0.155471,104279.904369,1
605,ESNIreland,,10,111,121,10,111,121,1,1,1,15578.707143,1
606,esnCU,,5,1,6,5,1,6,1,1,1,0,1
607,33_RT_CT_87,,0,13,13,0,13,13,1,1,1,0,0
608,Aurigodez,,1,107,108,1,107,108,1,1,1,10223.351503,2
609,EsnAncona,,8,18,26,8,18,26,1,1,1,2059.088889,3
610,ESNGermany,,12,21,33,12,21,33,1,1,1,2581.432143,1
611,yildiz_esn,,10,5,15,10,5,15,1,1,1,356.68088,1
612,seven7desires,,4,620,624,4,620,624,13,0.146963,0.171134,863868.79517,6
613,ChisteraMonachi,,3,195,198,3,195,198,1,1,1,22039.238322,0
614,MichalinaMarek,,3,3,6,3,3,6,1,1,1,78.583333,2
615,RobertKlimacki,,5,56,61,5,56,61,2,0.791667,0.868421,9358.137807,2
616,CamauraGranada,,4,97,101,4,97,101,12,0.153398,0.168727,107893.781104,0
617,OzoneActivity,,1,256,257,1,256,257,2,0.737918,0.822418,23997.473959,6
618,ElTecniman,,2,66,68,2,66,68,4,0.370787,0.473906,14750.982312,6
619,AnaM_Tajuelo,,0,1,1,0,1,1,1,1,1,0,1
620,esn_kapa_athens,,9,8,17,9,8,17,2,0.510471,0.520513,14518.631339,1
621,esnaon,,3,2,5,3,2,5,1,1,1,43.483333,2
622,GRANADACORPUS,,3,196,199,3,196,199,12,0.163978,0.184983,691765.710246,6
623,untilmorning14,,4,29,33,4,29,33,1,1,1,4564.381205,2
624,ErasmusIreland,,5,190,195,5,190,195,1,1,1,20566.241739,1
625,aluninet,,4,178,182,4,178,182,19,0.08643,0.095969,82898.233504,4
626,AuroraProdi,,1,20,21,1,20,21,13,0.140932,0.153052,4893.703205,3
627,lachicallama,,1,45,46,1,45,46,1,1,1,3524.173521,2
628,fabio_oficial6,,1,1,2,1,1,2,1,1,1,0,1
629,ElenaMurgia,,3,246,249,3,246,249,1,1,1,26869.817977,3
630,ESN_CH,,13,44,57,13,44,57,1,1,1,5002.455556,1
631,FSICILIANA,,1,67,68,1,67,68,4,0.343415,0.390296,12204.821191,0
632,pontassuglia,,2,39,41,2,39,41,2,0.675676,0.76,6093.821032,2
633,AndaluciaIntern,,3,268,271,3,268,271,1,1,1,25852.704082,2
634,PG_Inmobiliaria,,2,214,216,2,214,216,5,0.280034,0.33841,133255.77696,6
635,joserod22,,3,162,165,3,162,165,2,0.95,0.973684,21531.924045,5
636,Camilono,,1,156,157,1,156,157,1,1,1,17749.816306,2
637,EAnticipadas,,1,224,225,1,224,225,2,0.754545,0.837349,22517.871651,6
638,mariafzc,,1,403,404,1,403,404,1,1,1,13141.118223,0
639,DduBogdan,,0,21,21,0,21,21,1,1,1,0,2
640,AleSofiaMassa,,3,26,29,3,26,29,1,1,1,2942.289574,6
641,esnuea,,5,4,9,5,4,9,1,1,1,248.733333,1
642,ESN_UTAD,,3,1,4,3,1,4,1,1,1,0,1
643,EventoSEVesn,,3,9,12,3,9,12,1,1,1,815.130952,1
644,age13145,,0,11,11,0,11,11,1,1,1,0,7
645,Kosmonomada,,2,1,3,2,1,3,1,1,1,0,1
646,murattitutunu,,0,87,87,0,87,87,1,1,1,0,2
647,KingViajes,,4,109,113,4,109,113,1,1,1,17381.269012,6
648,iamfiesta,,0,1,1,0,1,1,1,1,1,0,1
649,ESNSienaGES,,11,6,17,11,6,17,1,1,1,840.087302,1
650,Annacampillo,,3,278,281,3,278,281,1,1,1,35214.105188,0
651,barrasecons,,0,211,211,0,211,211,14,0.12034,0.127005,0,6
652,KarimDpointgrou,,0,404,404,0,404,404,1,1,1,0,2
653,viajs_baratos,,1,83,84,1,83,84,1,1,1,4404.184668,6
654,taskinmelih,,1,1,2,1,1,2,1,1,1,0,1
655,J_udi,,1,136,137,1,136,137,2,0.726667,0.811927,17846.022655,5
656,spanishnatural,,1,55,56,1,55,56,1,1,1,2497.415873,1
657,blidaru,,1,368,369,1,368,369,1,1,1,48988.53971,1
658,laPeraGranada,,1,90,91,1,90,91,1,1,1,3253.362554,5
659,_Giulia_Rosa_,,3,22,25,3,22,25,1,1,1,1886.461941,3
660,Insideplaza,,0,1,1,0,1,1,1,1,1,0,1
661,Xtouchgranada,,1,45,46,1,45,46,1,1,1,1391.555152,0
662,VivirEnGranada,,3,49,52,3,49,52,1,1,1,1487.084948,0
663,AprendiverSala1,,0,148,148,0,148,148,1,1,1,0,4
664,tutoruniversit,,1,561,562,1,561,562,13,0.12527,0.136655,21880.779268,4
665,nosolotour,,3,15,18,3,15,18,1,1,1,1673.133911,0
666,SierraDeG,,3,525,528,3,525,528,1,1,1,31966.515926,0
667,Naytsin1,,0,1,1,0,1,1,1,1,1,0,1
668,GranainoEs,,2,77,79,2,77,79,2,0.590164,0.652778,7131.068248,4
669,alhambratiendas,,3,25,28,3,25,28,1,1,1,2218.640801,0
670,EnvioMaletas,,3,27,30,3,27,30,17,0.104012,0.113016,165537.574589,4
671,AlkimiaPub,,0,3,3,0,3,3,1,1,1,0,6
672,MariaPi29181852,,1,10,11,1,10,11,1,1,1,1055.68254,7
673,MMarfilESTL,,1,100,101,1,100,101,2,0.735849,0.820513,7898.546083,0
674,OCInmobiliaria,,2,44,46,2,44,46,11,0.161278,0.185544,668144.604053,1
675,OCservicios,,1,4,5,1,4,5,1,1,1,168.75,1
676,virgajoze,,2,1,3,2,1,3,1,1,1,0,1
677,geomeet_ES,,1,39,40,1,39,40,1,1,1,2768.510761,1
678,ErasmusPiu,,6,29,35,6,29,35,1,1,1,4071.107143,7
679,Marika_Lobello,,0,1,1,0,1,1,1,1,1,0,1
680,ucdesn,,9,4,13,9,4,13,1,1,1,395.35,1
681,CNDBarcelona,,4,1,5,4,1,5,1,1,1,0,1
682,ClubbersTour,,1,106,107,1,106,107,1,1,1,11878.089012,4
683,agnessarolta,,3,583,586,3,583,586,2,0.720666,0.806197,84629.79499,1
684,kitiMartin,,2,77,79,2,77,79,1,1,1,9249.972222,3
685,FranDepireux,,2,21,23,2,21,23,2,0.530259,0.557065,6089.382065,2
686,Enelisb,,2,1,3,2,1,3,1,1,1,0,6
687,esncamino,,4,5,9,4,5,9,1,1,1,664.371795,5
688,echo_de__menos,,1,11,12,1,11,12,1,1,1,910.180952,3
689,esnsouthampton,,8,10,18,8,10,18,1,1,1,1152.267857,2
690,marlydesign,,3,306,309,3,306,309,1,1,1,27866.555259,0
691,party_tour_bud,,1,19,20,1,19,20,1,1,1,1082.460823,2
692,SABOREAMQAGRANA,,2,297,299,2,297,299,2,0.968454,0.983713,39359.7079,0
693,EUROPEDIRECTBAS,,4,230,234,4,230,234,1,1,1,25583.817555,1
694,ErasmusInt,,2,15,17,2,15,17,1,1,1,1551.668831,4
695,jamesrandall1,,1,100,101,1,100,101,1,1,1,9072.141667,2
696,ServicioGlobal,,3,57,60,3,57,60,1,1,1,7714.24142,4
697,Nene7gp,,1,142,143,1,142,143,1,1,1,8411.100438,6
698,DonateAventura,,1,1,2,1,1,2,1,1,1,0,1
699,elouahrani,,2,1,3,2,1,3,1,1,1,0,1
700,Carlos_GarciaGC,,2,560,562,2,560,562,1,1,1,66839.590508,3
701,eREIMSmus,,7,40,47,7,40,47,1,1,1,6760.203175,8
702,BayernTravel,,2,48,50,2,48,50,1,1,1,5458.037734,0
703,JhozimarSanchez,,2,122,124,2,122,124,1,1,1,10504.028472,4
704,Antoniodarg,,1,102,103,1,102,103,1,1,1,14495.01806,2
705,LiveErasmus,,5,11,16,5,11,16,1,1,1,994.755952,1
706,ExchangeAbility,,10,72,82,10,72,82,1,1,1,8471.093984,1
707,PubCrawlerzcom,,3,434,437,3,434,437,12,0.197054,0.242758,649931.978034,7
708,ZabalzaEstudios,,2,990,992,2,990,992,11,0.195354,0.234337,793677.194152,0
709,AutoElRio,,1,123,124,1,123,124,11,0.183141,0.213666,568258.93654,4
710,ErasmusStory,,3,236,239,3,236,239,12,0.201568,0.237556,415106.744897,1
711,ESNChur,,8,217,225,8,217,225,12,0.207435,0.250066,508376.76741,1
712,go_europe,,4,567,571,4,567,571,12,0.185367,0.226528,810992.451573,1
713,carlos_visiedo,,2,1,3,2,1,3,1,1,1,0,1
714,flalmenara,,3,2658,2661,3,2658,2661,9,0.256829,0.315438,1054190.428168,0
715,locang0,,1,286,287,1,286,287,17,0.091557,0.103536,57265.828414,8
716,Gradomania_Web,,2,696,698,2,696,698,2,0.939394,0.967742,74998.348113,4
717,Marta_esnh,,2,1,3,2,1,3,1,1,1,0,2
718,pablo_esnh,,2,58,60,2,58,60,3,0.471171,0.516571,17090.31359,2
719,VLCparty,,1,54,55,1,54,55,1,1,1,5359.869825,2
720,ven_elenska,,1,344,345,1,344,345,2,0.844,0.907583,45442.822662,2
721,MonicaAmbrosi,,1,872,873,1,872,873,3,0.595412,0.672541,143157.785626,4
722,26_guille,,1,135,136,1,135,136,1,1,1,9244.451193,0
723,Julian_arqmed,,2,1,3,2,1,3,1,1,1,0,6
724,CesitarSaldanha,,3,298,301,3,298,301,11,0.202412,0.229364,491078.77856,6
725,ESNArel,,10,17,27,10,17,27,5,0.297156,0.341562,2257.730814,1
726,VERBALIKASL,,1,51,52,1,51,52,1,1,1,5375.864899,4
727,TIAREIBIZAJET,,2,296,298,2,296,298,2,0.763345,0.844988,24724.51995,2
728,GranadayEventos,,3,53,56,3,53,56,1,1,1,6162.080519,0
729,JetApartments,,2,215,217,2,215,217,2,0.667185,0.750583,17176.437851,2
730,ProMediacionSL,,3,931,934,3,931,934,13,0.120626,0.14121,367260.166043,4
731,blasacasado905,,0,1,1,0,1,1,1,1,1,0,1
732,salvogiambrone,,1,1,2,1,1,2,1,1,1,0,1
733,Study4u_eu,,3,1533,1536,3,1533,1536,11,0.201189,0.237257,286301.013,1
734,VelairAdventure,,3,131,134,3,131,134,12,0.15906,0.179049,310193.979601,1
735,formacsport,,1,83,84,1,83,84,11,0.177914,0.198912,34307.016845,0
736,equivalenzagra,,3,212,215,3,212,215,10,0.211893,0.244989,767154.046378,0
737,feriaestudiosfr,,2,58,60,2,58,60,16,0.115749,0.128099,56884.632954,1
738,UnofficialCA,,3,326,329,3,326,329,16,0.107391,0.128233,161258.547483,3
739,AnaMPGut,,2,259,261,2,259,261,13,0.142448,0.159796,258867.632331,0
740,ESNpoland,,13,117,130,13,117,130,13,0.168686,0.194215,314619.335677,1
741,ESNCatanzaro,,6,61,67,6,61,67,18,0.089825,0.100871,30436.488678,3
742,CasalaMedina,,2,109,111,2,109,111,19,0.086016,0.106962,225956.30519,0
743,CafeTheCrown,,1,17,18,1,17,18,1,1,1,1958.610173,2
744,ESNJKL,,9,22,31,9,22,31,18,0.090104,0.10101,20858.048887,1
745,migue_abril,,1,129,130,1,129,130,1,1,1,14922.666522,5
746,Room2rentvlc,,3,69,72,3,69,72,16,0.11569,0.126196,309069.481581,4
747,SalvemosMC,,2,645,647,2,645,647,10,0.18567,0.2133,89557.757258,0
748,EsnYasar,,6,2,8,6,2,8,1,1,1,101.12619,1
749,Erasmustoibiza,,2,42,44,2,42,44,2,0.641892,0.721053,4530.949675,2
750,GmorningHostel,,2,211,213,2,211,213,2,0.748235,0.831761,33234.985173,7
751,erasmuspalace,,2,43,45,2,43,45,1,1,1,4151.415334,7
752,ESN_Porto,,12,24,36,12,24,36,2,0.585714,0.646341,4523.889673,7
753,ErasmusHaus,,4,215,219,4,215,219,4,0.413764,0.514459,52074.989325,1
754,Liceoeducativo,,1,77,78,1,77,78,4,0.391794,0.489049,376,0
755,VinotecaLaCata,,1,111,112,1,111,112,5,0.316029,0.452498,78,0
756,esntoulouse,,8,13,21,8,13,21,2,0.52,0.538462,10962.118536,1
757,DANILELLA01,,2,50,52,2,50,52,2,0.847222,0.909836,3167.473485,3
758,oltuguedernau,,2,167,169,2,167,169,12,0.169589,0.191513,305966.354586,0
759,AvocadoAtHome,,2,102,104,2,102,104,12,0.162168,0.176896,45592.02276,0
760,JuliaGurol,,2,207,209,2,207,209,13,0.136259,0.143359,201628,1
761,LURC_LTU,,4,9,13,4,9,13,1,1,1,496.995455,1
762,DaKaisus,,1,391,392,1,391,392,15,0.128883,0.143619,79423.337562,8
763,oferplan_ideal,,3,554,557,3,554,557,10,0.205974,0.246961,536681.104447,0
764,HomestayGranada,,1,4,5,1,4,5,1,1,1,124.981818,1
765,whiteBMP,,0,72,72,0,72,72,1,1,1,0,5
766,VOSESPROJECT,,4,320,324,4,320,324,13,0.156673,0.181,330480.292128,1
767,ManoloCholo,,1,62,63,1,62,63,1,1,1,49,6
768,GRenfurecida,,3,180,183,3,180,183,1,1,1,20387.645707,0
769,lauraor93,,3,86,89,3,86,89,11,0.186314,0.199563,843714.150591,5
770,BienmesabeGR,,3,60,63,3,60,63,1,1,1,7065.187374,0
771,wilsonco2013,,1,228,229,1,228,229,13,0.122151,0.137859,67261,6
772,FeelHostels,,3,30,33,3,30,33,1,1,1,3648.650938,7
773,ESNJoensuu,,6,2,8,6,2,8,1,1,1,120.833333,1
774,ESN_macerata,,11,110,121,11,110,121,14,0.149513,0.169747,96989.154651,3
775,entradas_RRPP,,3,384,387,3,384,387,13,0.146117,0.165467,255863.140276,6
776,servuccionaux,,4,66,70,4,66,70,3,0.522484,0.559426,19333.356196,0
777,ESN_COSENZA,,5,22,27,5,22,27,2,0.652778,0.734043,3742.72987,3
778,SomosWeSwap,,2,111,113,2,111,113,1,1,1,12903.239216,4
779,blablacar_es,,4,397,401,4,397,401,3,0.533787,0.577315,215962.14566,4
780,ErasmusADE14Nov,,3,21,24,3,21,24,2,0.956522,0.977273,1766.26736,0
781,APAR_SIERRAPARK,,2,111,113,2,111,113,3,0.456884,0.59106,5170.443252,0
782,BarrilInternac,,1,2,3,1,2,3,17,0.091031,0.101073,30758.22031,1
783,JHanko83,,0,122,122,0,122,122,1,1,1,0,4
784,CITASRAPIDAS_GR,,3,421,424,3,421,424,14,0.129123,0.148044,544060.332363,0
785,IAESTEandalucia,,2,304,306,2,304,306,11,0.184805,0.20208,997252.586695,6
786,Stg_bus,,4,629,633,4,629,633,11,0.191911,0.216892,753590.416185,0
787,WeekendPlains,,2,310,312,2,310,312,2,0.806324,0.879902,34591.845194,6
788,NRESNIreland,,7,159,166,7,159,166,2,0.733138,0.818,12261.702524,1
789,ANDRAMARVIAJES,,2,152,154,2,152,154,1,1,1,19026.529149,0
790,burningslippers,,1,49,50,1,49,50,14,0.108871,0.118555,45.5,6
791,ErasmusXM,,3,37,40,3,37,40,12,0.14287,0.153031,224036.30623,4
792,ch2events,,2,94,96,2,94,96,13,0.137284,0.149384,103996.364729,4
793,SevillaHabla,,2,323,325,2,323,325,14,0.130166,0.149395,127524.550546,1
794,IDEAgranada,,3,208,211,3,208,211,11,0.181325,0.195941,166072.647762,4
795,turgranada,,5,1498,1503,5,1498,1503,11,0.200049,0.235967,895359.755162,0
796,TrisquelaPyE,,1,11,12,1,11,12,1,1,1,413.497222,6
797,saracogluburak,,2,99,101,2,99,101,2,0.915966,0.954128,15912.316051,2
798,websierranevada,,4,804,808,4,804,808,15,0.10909,0.126948,191301.69446,0
799,DestacandoWeb,,3,202,205,3,202,205,1,1,1,21699.438165,6
800,PRomero_Diaz,,3,247,250,3,247,250,14,0.120849,0.135367,627769.439152,6
801,rvegav,,2,885,887,2,885,887,1,1,1,136844.665084,2
802,CONTRAMETRICA,,2,142,144,2,142,144,2,0.761029,0.842995,15154.628386,0
803,PedroGtzFig,,0,3,3,0,3,3,1,1,1,0,1
804,manu_yeah,,1,21,22,1,21,22,1,1,1,1843.973846,5
805,OneHito,,2,82,84,2,82,84,2,0.662698,0.745509,265,6
806,ESNMADness,,4,32,36,4,32,36,3,0.405063,0.439419,57060.019829,1
807,ECONSULT3,,1,76,77,1,76,77,2,0.711111,0.796875,10945.85754,0
808,fatmatgo,,1,180,181,1,180,181,3,0.748322,0.879671,178,2
809,AAversente,,3,1,4,3,1,4,1,1,1,0,3
810,regalito_17,,2,244,246,2,244,246,1,1,1,21287.051249,5
811,ESNSalerno,,8,14,22,8,14,22,1,1,1,2199.709524,3
812,CesarGironL,,0,3,3,0,3,3,1,1,1,0,0
813,italianogranada,,2,169,171,2,169,171,1,1,1,21274.085967,6
814,pablo_jimenez91,,2,1,3,2,1,3,1,1,1,0,1
815,sharEUrope,,7,194,201,7,194,201,1,1,1,24352.949144,1
816,luismy85,,1,84,85,1,84,85,1,1,1,7427.172872,5
817,GustavGranada,,0,48,48,0,48,48,2,0.582759,0.642012,0,6
818,esngreece,,13,27,40,13,27,40,3,0.570093,0.688525,4164.120824,1
819,esncovilha,,10,3,13,10,3,13,1,1,1,260.178571,1
820,PostureoErasmus,,2,14,16,2,14,16,1,1,1,1800.949206,5
821,Miguel_Castanho,,1,65,66,1,65,66,3,0.573883,0.672655,126,5
822,CandeliiNdris,,1,28,29,1,28,29,1,1,1,2186.481746,0
823,otpkhas,,0,1,1,0,1,1,1,1,1,0,1
824,cargarcia1117,,1,4,5,1,4,5,3,0.404358,0.429142,4,6
825,Inic_Spanish,,1,14,15,1,14,15,1,1,1,839.404062,4
826,jojumartinez,,1,41,42,1,41,42,15,0.107166,0.110431,48,6
827,Jesusbest46,,0,131,131,0,131,131,1,1,1,0,5
828,8albaricoque,,2,1,3,2,1,3,1,1,1,0,0
829,AnnaDaRinZanco,,0,52,52,0,52,52,1,1,1,0,3
830,salkarasd,,1,43,44,1,43,44,1,1,1,3971.848952,5
831,_LaCochera,,1,7,8,1,7,8,1,1,1,304.666597,1
832,comespaincom,,0,3,3,0,3,3,2,0.528302,0.553571,0,0
833,Const_Melgisur,,1,54,55,1,54,55,1,1,1,2930.118634,0
834,EdVaquer,,0,16,16,0,16,16,1,1,1,0,2
835,robetiipop,,0,1,1,0,1,1,1,1,1,0,1
836,jesusilloavila,,1,16,17,1,16,17,14,0.120009,0.124423,67279,0
837,ciao_maurino,,3,126,129,3,126,129,2,0.769231,0.85,17154.372201,3
838,Eko1961,,2,113,115,2,113,115,14,0.128294,0.138123,24251.752755,5
839,DirtyMonkeyGran,,2,197,199,2,197,199,5,0.255397,0.300162,17693.022252,6
840,desdetutierra,,3,81,84,3,81,84,2,0.651685,0.732759,16837.73961,0
841,Uriel_ramos85,,1,1,2,1,1,2,1,1,1,0,1
842,naa_huel,,0,309,309,0,309,309,1,1,1,0,2
843,Esn_Bicocca,,11,9,20,11,9,20,1,1,1,938.339683,3
844,IESNTilburg,,10,16,26,10,16,26,4,0.349754,0.376467,11955.464857,1
845,Granadafun,,3,15,18,3,15,18,2,0.521368,0.540984,10559.807143,0
846,MarinaAQ,,2,94,96,2,94,96,2,0.559494,0.606335,36255.290098,5
847,FlatGuide,,3,307,310,3,307,310,10,0.21528,0.244346,1786045.260376,7
848,LaValePresabene,,1,38,39,1,38,39,1,1,1,2415.152778,3
849,ikkidifenix,,2,3,5,2,3,5,1,1,1,424,2
850,NazdrowiaRooms,,4,136,140,4,136,140,15,0.117535,0.136791,996668.396205,7
851,ErasmusPSB_VIGO,,1,2,3,1,2,3,1,1,1,71.083333,3
852,vlcflatshare,,1,16,17,1,16,17,1,1,1,1018.871703,2
853,AGMMilano2014,,8,111,119,8,111,119,14,0.146237,0.161033,176857.525023,3
854,StudentMundial,,3,165,168,3,165,168,11,0.178818,0.19695,1337004.516979,1
855,RecetasErasmus,,2,26,28,2,26,28,1,1,1,3146.509524,0
856,esnwestattica,,11,10,21,11,10,21,2,0.619048,0.692308,2787.791198,1
857,Micka_Golinski,,4,1,5,4,1,5,1,1,1,0,1
858,fisiopatripena,,2,110,112,2,110,112,13,0.150738,0.166928,165400.17033,0
859,chainsofplaces,,2,34,36,2,34,36,1,1,1,6014.633333,2
860,MatteoBidini,,1,51,52,1,51,52,1,1,1,3432.486871,3
861,ESNGdansk,,8,2,10,8,2,10,1,1,1,143.357143,1
862,marditolunes,,3,212,215,3,212,215,3,0.417641,0.47922,64290.549089,0
863,KaVinogradova,,0,2,2,0,2,2,1,1,1,0,1
864,MariaLalaala,,1,27,28,1,27,28,2,0.61157,0.682432,25,6
865,camifuccaro,,2,13,15,2,13,15,2,0.559633,0.606557,3025.111941,3
866,esperanto_utc,,3,3,6,3,3,6,1,1,1,51.55,1
867,Certegran,,0,269,269,0,269,269,1,1,1,0,6
868,NCG_Nantes,,3,429,432,3,429,432,14,0.137567,0.157884,34907.006204,1
869,ESNLille,,4,4,8,4,4,8,1,1,1,404.654762,1
870,euxtra_es,,3,80,83,3,80,83,1,1,1,7943.963955,1
871,EquipajeGranada,,2,125,127,2,125,127,4,0.317369,0.366365,23066.187876,0
872,fashionlaser,,3,67,70,3,67,70,4,0.323005,0.355256,99053.0541,6
873,tamvigo,,0,1,1,0,1,1,1,1,1,0,1
874,tobeerasmus,,5,151,156,5,151,156,1,1,1,18647.459765,1
875,lec228,,0,50,50,0,50,50,1,1,1,0,2
876,BusinessLabPer,,2,13,15,2,13,15,1,1,1,760.548599,0
877,MisterMendo8,,2,123,125,2,123,125,1,1,1,14082.698255,5
878,erasdomus,,3,75,78,3,75,78,1,1,1,9219.009356,2
879,ESNKoeln,,11,69,80,11,69,80,2,0.57931,0.636905,16818.818028,1
880,BeckiNichols,,0,1,1,0,1,1,1,1,1,0,1
881,Travellution,,4,112,116,4,112,116,1,1,1,16618.379038,7
882,Studathome,,4,12,16,4,12,16,2,0.8,0.875,2251.664646,3
883,GranadaNoroeste,,2,221,223,2,221,223,2,0.603756,0.671851,19456.332334,6
884,MarianaPPineda,,2,140,142,2,140,142,2,0.579545,0.637255,38043.360351,0
885,Publimargr,,2,1,3,2,1,3,1,1,1,0,0
886,ESNRomaLuiss,,9,32,41,9,32,41,1,1,1,4410.756349,3
887,MiFiestaenCaja,,1,84,85,1,84,85,3,0.528421,0.629482,11349.903247,0
888,ESNPalermo,,8,7,15,8,7,15,1,1,1,855.133333,1
889,roomsalamanca,,3,322,325,3,322,325,11,0.18742,0.211922,356387.023555,4
890,Granadainside,,3,49,52,3,49,52,13,0.129816,0.140047,196604.424992,0
891,enjoycagliari,,3,9,12,3,9,12,1,1,1,769.306349,1
892,BeraatiHoca,,3,68,71,3,68,71,1,1,1,10775.938478,2
893,ESNUCLMCuenca,,7,15,22,7,15,22,4,0.280292,0.294096,5509.658223,4
894,LosPerrosVerdes,,0,178,178,0,178,178,1,1,1,0,4
895,EsnNantes,,6,2,8,6,2,8,1,1,1,210,1
896,IErasmuSlaNd,,4,7,11,4,7,11,1,1,1,581.297619,1
897,yefersonalvar10,,0,33,33,0,33,33,1,1,1,0,2
898,Infoenvia,,2,111,113,2,111,113,2,0.930233,0.9625,12792.800794,4
899,Netiab,,1,30,31,1,30,31,2,0.576531,0.632743,46,0
900,esnvsb,,5,4,9,5,4,9,1,1,1,101.842857,1
901,ESNRomania,,13,13,26,13,13,26,1,1,1,1428.342857,1
902,ESNSevilla,,13,25,38,13,25,38,13,0.156398,0.17467,5247.670911,1
903,EleneBogaert,,0,1,1,0,1,1,1,1,1,0,1
904,heion_project,,4,14,18,4,14,18,1,1,1,1535.108064,4
905,cicala_,,0,25,25,0,25,25,1,1,1,0,3
906,VeXploraGranada,,1,8,9,1,8,9,1,1,1,715.168038,0
907,esn_fon,,5,5,10,5,5,10,1,1,1,571.561722,1
908,elen_a_a,,2,1,3,2,1,3,1,1,1,0,1
909,RosaliaTirado,,1,22,23,1,22,23,1,1,1,946.119505,6
910,apardovela,,0,15,15,0,15,15,1,1,1,0,4
911,CampusInside,,3,79,82,3,79,82,2,0.784173,0.862385,9847.257179,2
912,manoloariza2,,3,371,374,3,371,374,1,1,1,36390.798051,6
913,YottaHertz_YHz,,2,44,46,2,44,46,14,0.131045,0.141407,32588.640355,6
914,ESNGazi,,6,2,8,6,2,8,1,1,1,141.840476,1
915,ESNDundalk,,6,33,39,6,33,39,1,1,1,4588.366667,1
916,minibomberogran,,1,167,168,1,167,168,2,0.582266,0.641286,20613.216126,0
917,DelenguaGranada,,3,78,81,3,78,81,1,1,1,9074.918651,1
918,Esn_Malaga,,13,9,22,13,9,22,3,0.363196,0.381111,24481.534651,1
919,amontf,,2,78,80,2,78,80,2,0.641304,0.720339,11767.84284,1
920,horizon2000comp,,2,2,4,2,2,4,1,1,1,142,3
921,lineadecultura,,4,267,271,4,267,271,4,0.429852,0.556442,82724.158582,0
922,tuselyng,,4,345,349,4,345,349,2,0.644351,0.724026,64379.753846,6
923,esnsamsun,,11,9,20,11,9,20,13,0.167762,0.190756,48714.926099,1
924,serviges24,,1,205,206,1,205,206,2,0.875458,0.92887,15588.609987,0
925,bogmisainnocent,,1,1,2,1,1,2,1,1,1,0,0
926,HairNannis,,2,111,113,2,111,113,2,0.746667,0.830357,9346.360628,0
927,esnisik,,7,2,9,7,2,9,1,1,1,111.792857,1
928,rafafirenze,,2,21,23,2,21,23,2,0.698113,0.783784,3451.040984,3
929,ErasmusCordobaF,,5,5,10,5,5,10,1,1,1,471.17619,0
930,tangogranada,,4,6,10,4,6,10,1,1,1,648.878571,2
931,Save_ERASMUS,,3,2,5,3,2,5,1,1,1,187.972619,8
932,ESNTBILISIISU,,4,6,10,4,6,10,3,0.502868,0.509506,31012.732709,1
933,Jay_Tanz,,3,33,36,3,33,36,1,1,1,4571.527324,5
934,natireyest,,1,23,24,1,23,24,1,1,1,3586.157649,2
935,EsnAthensAueb,,6,3,9,6,3,9,1,1,1,213.97619,1
936,Jo_choneca,,3,130,133,3,130,133,1,1,1,22780.683164,2
937,ESNUCM,,10,25,35,10,25,35,15,0.132463,0.149423,80738.556068,1
938,perros_granada,,2,35,37,2,35,37,1,1,1,2368.173016,4
939,MundoStudent,,1,2,3,1,2,3,1,1,1,211,2
940,ViajeSosGranada,,1,32,33,1,32,33,3,0.507394,0.524287,51078.405391,0
941,europaquevoy,,2,12,14,2,12,14,1,1,1,1341.685348,5
942,HOTELSANTAFEGR,,1,11,12,1,11,12,1,1,1,1344.039286,4
943,_GranadaOnline_,,4,22,26,4,22,26,1,1,1,1996.324603,6
944,karolina_bugala,,1,1,2,1,1,2,1,1,1,0,1
945,IxESNwageningen,,4,2,6,4,2,6,1,1,1,159.530952,1
946,bachashengelia,,2,255,257,2,255,257,2,0.988506,0.994186,39749.357848,2
947,showtimepecile,,1,49,50,1,49,50,2,0.747475,0.831081,47,5
948,AllValleyRental,,1,165,166,1,165,166,1,1,1,24148.010285,2
949,AlhambraVisitas,,4,187,191,4,187,191,2,0.842491,0.906522,25928.303411,0
950,QofDistraction,,1,13,14,1,13,14,2,0.515012,0.529148,43,2
951,IglesiaGranada,,4,145,149,4,145,149,2,0.685422,0.770522,28266.233043,6
952,GranadaApt,,3,3,6,3,3,6,1,1,1,256.67381,1
953,StreetPublicity,,1,25,26,1,25,26,1,1,1,672.00754,5
954,LoliFdez,,2,178,180,2,178,180,2,0.927885,0.96114,14719.287147,0
955,jpablobg,,1,74,75,1,74,75,1,1,1,6683.375196,2
956,Carlo_Ferraioli,,2,321,323,2,321,323,3,0.594699,0.669384,99561.383056,3
957,HANGAR7PB,,3,139,142,3,139,142,2,0.717868,0.803493,19581.999531,6
958,JOSEMANUELRECHE,,3,105,108,3,105,108,1,1,1,8451.399315,0
959,GRANADAesUNICA,,3,95,98,3,95,98,2,0.598753,0.664931,10947.130504,0
960,esnbrookes,,8,4,12,8,4,12,1,1,1,508.133333,1
961,Comedorespas,,3,820,823,3,820,823,12,0.162389,0.182651,584030.660526,6
962,bahri444,,2,253,255,2,253,255,1,1,1,38306.613828,2
963,AGMaribor2013,,5,40,45,5,40,45,1,1,1,4223.334046,1
964,FiestasGranada1,,2,2,4,2,2,4,1,1,1,214,6
965,relint_UV,,3,17,20,3,17,20,1,1,1,2113.037338,6
966,HolaBabelitos,,1,169,170,1,169,170,2,0.702638,0.788396,289,1
967,CarlosJiga5,,1,67,68,1,67,68,3,0.638418,0.769912,65,5
968,diezdiario,,4,4,8,4,4,8,1,1,1,339.176224,0
969,LauraBelm,,3,24,27,3,24,27,1,1,1,2601.140211,3
970,Ron_deCafe,,1,1,2,1,1,2,1,1,1,0,0
971,ErasmusIstanbul,,5,12,17,5,12,17,1,1,1,1123.201318,1
972,ESNClujNapoca,,4,103,107,4,103,107,1,1,1,4262.685498,1
973,Ce_RES,,1,15,16,1,15,16,1,1,1,1579.113858,3
974,alkimiagranada,,3,61,64,3,61,64,1,1,1,7369.531349,6
975,madilonplace,,2,114,116,2,114,116,2,0.576203,0.632251,61647.931946,2
976,C9Molina,,1,96,97,1,96,97,1,1,1,6691.966019,0
977,innova2tic,,2,263,265,2,263,265,2,0.79684,0.872521,41624.649187,0
978,Marta_rm4,,1,229,230,1,229,230,1,1,1,27310.481296,6
979,Beka89gf,,3,77,80,3,77,80,1,1,1,14046.674098,2
980,wolfbikeventas,,1,182,183,1,182,183,1,1,1,14536.379815,0
981,MalakShmyleh,,0,41,41,0,41,41,1,1,1,0,5
982,wiktoriajanina,,4,16,20,4,16,20,1,1,1,2198.792058,3
983,MansionGranada,,3,538,541,3,538,541,12,0.161311,0.185667,274676.29137,0
984,JJAAGranada,,3,51,54,3,51,54,1,1,1,3851.289545,0
985,pacolopez89,,2,130,132,2,130,132,1,1,1,20299.438345,0
986,trabajoyventagr,,3,154,157,3,154,157,2,0.663136,0.746006,18121.835445,0
987,GranadaDivan,,2,17,19,2,17,19,1,1,1,1986.009524,5
988,Wceinbox,,0,8,8,0,8,8,1,1,1,0,7
989,ESNElche,,8,1,9,8,1,9,1,1,1,0,1
990,mernurse,,2,105,107,2,105,107,2,0.696629,0.782258,5773.133802,6
991,FEnfermeria,,1,158,159,1,158,159,2,0.72067,0.806202,28622.488745,6
992,Ligadefiestas,,2,131,133,2,131,133,2,0.771784,0.852151,3543.505628,6
993,artegranada,,5,660,665,5,660,665,20,0.079546,0.102888,123565.782313,0
994,Mahomr6,,0,20,20,0,20,20,1,1,1,0,6
995,visitar_granada,,2,4,6,2,4,6,1,1,1,179.803968,0
996,GuilleTrianero,,2,185,187,2,185,187,1,1,1,7443.894851,0
997,GranadaFlats,,4,2,6,4,2,6,1,1,1,31.25,6
998,esnbogazici,,12,11,23,12,11,23,14,0.137506,0.151702,24062.671826,1
999,ESNKadirHas,,5,1,6,5,1,6,1,1,1,0,1
1000,ppaulooba,,1,34,35,1,34,35,1,1,1,2621.054518,5
1001,SWADroid,,4,31,35,4,31,35,1,1,1,4938.778175,6
1002,ESNSabanci,,7,4,11,7,4,11,1,1,1,405.15,1
1003,ESNCadiz,,10,13,23,10,13,23,1,1,1,1731.308333,1
1004,zsejkee,,2,21,23,2,21,23,1,1,1,2949.479004,2
1005,mmarreina,,2,41,43,2,41,43,1,1,1,4717.130952,6
1006,CortijosRurales,,1,109,110,1,109,110,2,0.558792,0.605212,21442.474691,0
1007,BitacoraTapas,,2,35,37,2,35,37,1,1,1,2808.062837,0
1008,alvarohb93,,1,7,8,1,7,8,1,1,1,663.6,2
1009,Acabmo,,1,47,48,1,47,48,1,1,1,6528.168679,6
1010,CurroVillalba,,1,53,54,1,53,54,1,1,1,4042.15873,0
1011,CurrenzuelaDTC,,1,27,28,1,27,28,1,1,1,1726.255486,6
1012,Cocinaforguiris,,2,12,14,2,12,14,1,1,1,1547.683333,5
1013,BerlitzSpain,,3,40,43,3,40,43,1,1,1,5526.721287,1
1014,andalucialta,,1,2,3,1,2,3,1,1,1,6.25,0
1015,ESNFlorentia,,9,46,55,9,46,55,2,0.521179,0.540636,42413.815779,3
1016,chloe_ellington,,1,21,22,1,21,22,1,1,1,1083.347006,4
1017,cutieQ1,,1,11,12,1,11,12,1,1,1,1040.500289,2
1018,ESN_CR,,7,7,14,7,7,14,1,1,1,934.472872,4
1019,TheErasmusG,,1,4,5,1,4,5,1,1,1,396.55,3
1020,IERASMUSALAMANC,,2,3,5,2,3,5,1,1,1,334.414286,4
1021,fotomiriam81,,2,172,174,2,172,174,1,1,1,17045.977436,0
1022,AgenciaAIRE,,3,45,48,3,45,48,1,1,1,3747.310073,0
1023,ESNRoma3,,6,23,29,6,23,29,17,0.098213,0.111954,175394.735428,3
1024,anisauco,,1,345,346,1,345,346,1,1,1,23403.315999,4
1025,manolomontero_,,2,107,109,2,107,109,16,0.101242,0.114386,10464.244686,6
1026,ESN_RIGA,,7,6,13,7,6,13,1,1,1,557.445238,1
1027,aquiqueapp,,1,18,19,1,18,19,1,1,1,993.396537,6
1028,eacravioto,,1,145,146,1,145,146,1,1,1,13929.922858,2
1029,coladaperfecta,,1,2,3,1,2,3,1,1,1,37,6
1030,joseleonchacon,,1,21,22,1,21,22,1,1,1,60,6
1031,iLockerGranada,,4,28,32,4,28,32,1,1,1,2198.189286,0
1032,esnlisboa,,10,1,11,10,1,11,1,1,1,0,1
1033,TiendaLaPolla,,3,5,8,3,5,8,2,0.507692,0.515152,6140.953543,4
1034,IrenePuF,,1,21,22,1,21,22,1,1,1,957.031746,6
1035,Erasmus_plus_,,4,15,19,4,15,19,1,1,1,1723.491667,4
1036,ESN_Iasi,,3,9,12,3,9,12,1,1,1,772.997619,1
1037,TeresaZafra,,1,1,2,1,1,2,1,1,1,0,1
1038,aniraM_Ruiz,,1,1,2,1,1,2,1,1,1,0,1
1039,jjulianmorillas,,2,125,127,2,125,127,1,1,1,14645.950851,6
1040,moniaamm,,1,12,13,1,12,13,1,1,1,305.333333,6
1041,VirginieLalann1,,2,103,105,2,103,105,1,1,1,16355.642546,8
1042,LADIESNIGHTGRX,,2,44,46,2,44,46,1,1,1,4081.811888,6
1043,luis_cano88,,2,29,31,2,29,31,1,1,1,4087.713498,6
1044,AsunAliaga,,1,1,2,1,1,2,1,1,1,0,1
1045,9alexNavarro,,2,44,46,2,44,46,1,1,1,5041.092063,6
1046,alhambraonline,,6,24,30,6,24,30,1,1,1,2306.868445,4
1047,SrG0ld,,1,1,2,1,1,2,1,1,1,0,5
1048,MuatazImad,,0,1,1,0,1,1,1,1,1,0,1
1049,pmusgranada,,3,30,33,3,30,33,1,1,1,4154.728571,4
1050,FFStudents,,3,164,167,3,164,167,1,1,1,21984.086419,1
1051,PisoGranada,,2,5,7,2,5,7,1,1,1,323.790476,5
1052,esnmurcia,,10,14,24,10,14,24,1,1,1,1865.785714,6
1053,ArtisAtrium,,2,50,52,2,50,52,1,1,1,3995.788456,4
1054,proytasaciones,,1,130,131,1,130,131,1,1,1,13265.595022,0
1055,BecaErasmus,,3,107,110,3,107,110,2,0.524803,0.547261,59045.822625,6
1056,BroadBuddies,,2,14,16,2,14,16,1,1,1,1165.736795,6
1057,fernan_campos,,2,58,60,2,58,60,1,1,1,3941.924328,6
1058,Zanarkand_metal,,1,148,149,1,148,149,1,1,1,15534.153433,2
1059,autocaresapyme,,2,106,108,2,106,108,1,1,1,12521.408186,0
1060,StageMalta,,2,34,36,2,34,36,2,0.641667,0.720779,7155.594798,1
1061,transpaRENTglob,,2,58,60,2,58,60,1,1,1,5223.536508,3
1062,LuciaRHer,,1,63,64,1,63,64,1,1,1,4923.932792,2
1063,tusdescuentoslo,,1,3,4,1,3,4,1,1,1,37.007143,5
1064,Mai_Paz_,,1,52,53,1,52,53,1,1,1,4737.831653,2
1065,ESNGCU,,5,6,11,5,6,11,14,0.107649,0.118282,225250.931725,1
1066,ESNenUV,,8,1,9,8,1,9,1,1,1,0,1
1067,swad_ugr,,4,192,196,4,192,196,16,0.100309,0.114351,140201.640127,6
1068,CarmenMazijn,,3,226,229,3,226,229,2,0.846626,0.90942,24197.324804,1
1069,Adrianara32,,2,1,3,2,1,3,1,1,1,0,1
1070,SCgolfGranada,,5,140,145,5,140,145,2,0.629151,0.705279,27487.950734,0
1071,MadrideErasmus,,6,1,7,6,1,7,1,1,1,0,1
1072,Likealandslide,,2,48,50,2,48,50,1,1,1,5241.249512,6
1073,HazelDeHerdt,,1,6,7,1,6,7,1,1,1,595.5,1
1074,gregoriolamb,,1,40,41,1,40,41,1,1,1,2651.3057,3
1075,RotulosAndaluci,,2,42,44,2,42,44,1,1,1,5621.645817,2
1076,ruralgranada,,3,115,118,3,115,118,1,1,1,15873.386326,6
1077,PubliLsCarmenes,,1,140,141,1,140,141,1,1,1,11424.182469,2
1078,Giulia___Zordan,,0,2,2,0,2,2,1,1,1,0,5
1079,AlessioLaGatta,,1,338,339,1,338,339,3,0.529649,0.641123,33214.90232,3
1080,ESNTeramo,,10,265,275,10,265,275,3,0.437147,0.486633,159186.799843,3
1081,esdocumentacion,,1,110,111,1,110,111,1,1,1,4456.618254,4
1082,RestauranteOhla,,1,16,17,1,16,17,1,1,1,1682.532601,2
1083,Rolesadigital,,2,103,105,2,103,105,1,1,1,14116.473701,6
1084,ServihostersCB,,1,20,21,1,20,21,1,1,1,1133.333369,0
1085,nadia_rv,,1,1,2,1,1,2,1,1,1,0,1
1086,alquilaria,,4,36,40,4,36,40,2,0.596774,0.662162,8730.785534,5
1087,Vincent_Barrach,,2,1,3,2,1,3,1,1,1,0,2
1088,minitalleres,,2,84,86,2,84,86,1,1,1,10370.735349,2
1089,PazPicatostes,,1,4,5,1,4,5,1,1,1,471.5,2
1090,MarieBastn,,1,192,193,1,192,193,1,1,1,19041.270815,8
1091,PortalGranada,,5,75,80,5,75,80,1,1,1,10797.347691,0
1092,EsnIoannina,,3,6,9,3,6,9,2,0.6,0.666667,612.776181,1
1093,letiziaglm,,1,11,12,1,11,12,1,1,1,826.681813,2
1094,CristianfernanE,,2,10,12,2,10,12,1,1,1,1349.997619,0
1095,Victor_maui,,1,14,15,1,14,15,1,1,1,1413.90119,6
1096,autoescuelae,,3,29,32,3,29,32,1,1,1,3749.709707,0
1097,WarmSouth2012,,3,13,16,3,13,16,1,1,1,2144.990476,2
1098,Orden_Plumbea,,2,11,13,2,11,13,1,1,1,1490.166667,0
1099,erasmusdream,,3,9,12,3,9,12,1,1,1,1132.002035,7
1100,ERASMUS_Forum,,5,5,10,5,5,10,1,1,1,594.268651,1
1101,ESNITALIA,,14,178,192,14,178,192,14,0.135624,0.151434,132986.03784,3
1102,FMariaMadrid,,2,98,100,2,98,100,1,1,1,10570.126204,0
1103,Homefactory_,,2,132,134,2,132,134,1,1,1,8821.608391,0
1104,ESN_BCN,,9,3,12,9,3,12,1,1,1,205.846537,1
1105,mariucha,,2,14,16,2,14,16,1,1,1,1861.129978,3
1106,DataLife05,,2,80,82,2,80,82,1,1,1,11044.213165,5
1107,CocinasGamiz,,1,87,88,1,87,88,1,1,1,4785.075936,0
1108,QmarchaQTienes,,1,3,4,1,3,4,1,1,1,77.555159,6
1109,cocotiervgp,,2,1,3,2,1,3,1,1,1,0,5
1110,lomioesinternet,,0,54,54,0,54,54,1,1,1,0,4
1111,ESNZaragoza,,8,17,25,8,17,25,1,1,1,2222.366667,2
1112,UniSportEvents,,4,103,107,4,103,107,1,1,1,16320.368146,2
1113,solucionaps,,3,77,80,3,77,80,1,1,1,7032.071496,4
1114,sinmaletas,,4,150,154,4,150,154,1,1,1,17831.373274,7
1115,ESNTrento,,10,17,27,10,17,27,1,1,1,2739.828571,3
1116,de_lavalgenoves,,2,163,165,2,163,165,1,1,1,22737.801227,6
1117,lisa_anto,,1,8,9,1,8,9,1,1,1,633.101587,2
1118,esnvancouver,,3,1,4,3,1,4,1,1,1,0,1
1119,deutsch_blog,,4,463,467,4,463,467,1,1,1,71257.33236,1
1120,ESN_Iulm,,10,25,35,10,25,35,1,1,1,3920.768254,3
1121,larkinzahra,,2,111,113,2,111,113,1,1,1,8159.145521,1
1122,CristinaBermar,,1,2,3,1,2,3,1,1,1,48.5,3
1123,martinamoretti2,,3,65,68,3,65,68,1,1,1,6160.160271,3
1124,helloBCNhostel,,3,108,111,3,108,111,1,1,1,11752.827958,7
1125,AmbrogioESNake,,4,2,6,4,2,6,1,1,1,81.706349,3
1126,GarridoJavi,,3,1,4,3,1,4,1,1,1,0,6
1127,ESNUAM,,10,24,34,10,24,34,1,1,1,3489.707143,1
1128,ESN_MB,,6,82,88,6,82,88,3,0.489524,0.599222,13597.215095,1
1129,MudanzasCanadas,,2,188,190,2,188,190,1,1,1,24952.754953,2
1130,VirGarciaE,,3,40,43,3,40,43,1,1,1,4231.794733,4
1131,NaNiTa_MoDeRNa,,2,8,10,2,8,10,1,1,1,836.344444,2
1132,PractiGo_ES,,1,60,61,1,60,61,1,1,1,6796.86847,6
1133,vivi_pr90,,2,344,346,2,344,346,2,0.792517,0.869099,57305.22512,2
1134,javierubia,,1,6,7,1,6,7,1,1,1,297.260073,0
1135,Granada_Nopara,,4,21,25,4,21,25,1,1,1,2395.137035,2
1136,RecruitErasmus,,8,289,297,8,289,297,13,0.140159,0.157766,343637.787805,4
1137,GiadaProietti,,0,1,1,0,1,1,1,1,1,0,1
1138,MiErasmusEn,,4,24,28,4,24,28,15,0.129461,0.141451,466434.523813,4
1139,Migue77,,2,26,28,2,26,28,1,1,1,3277.087446,2
1140,IlBuonDabo,,1,1,2,1,1,2,1,1,1,0,2
1141,sophi_tel,,1,1,2,1,1,2,1,1,1,0,1
1142,esn_ub,,17,6,23,17,6,23,1,1,1,858.35,1
1143,SorprendeteEven,,2,79,81,2,79,81,1,1,1,4857.488025,0
1144,jaraujo1986,,2,21,23,2,21,23,1,1,1,2062.370339,5
1145,kiarj13,,3,1,4,3,1,4,1,1,1,0,1
1146,ESNLund,,10,1,11,10,1,11,1,1,1,0,1
1147,frVocEspagnol,,1,2,3,1,2,3,1,1,1,101.966667,1
1148,esnINTOtampere,,6,1,7,6,1,7,1,1,1,0,1
1149,MC4RM3N,,3,76,79,3,76,79,1,1,1,11541.859704,0
1150,ESNNancy,,8,54,62,8,54,62,1,1,1,7921.42381,8
1151,ViajesdePelicul,,1,2,3,1,2,3,1,1,1,51.5,4
1152,Erasmus_Mundus,,8,55,63,8,55,63,1,1,1,7191.970346,1
1153,ESN_Kozminski,,8,1,9,8,1,9,1,1,1,0,1
1154,mertunica,,0,3,3,0,3,3,1,1,1,0,6
1155,HIPHOPSoulParti,,3,53,56,3,53,56,1,1,1,6111.27381,6
1156,esnalicante,,7,2,9,7,2,9,1,1,1,210,1
1157,MundoErasmus,,3,7,10,3,7,10,1,1,1,830.801267,3
1158,ESNvalenciaUPV,,12,23,35,12,23,35,1,1,1,3769.031746,1
1159,GranadaGastro,,4,132,136,4,132,136,12,0.152365,0.166935,72259.715865,0
1160,BonoOcioGranada,,3,116,119,3,116,119,1,1,1,12978.53811,6
1161,MiguelFdez79,,1,11,12,1,11,12,1,1,1,549.716667,0
1162,Paulinenadou,,1,26,27,1,26,27,1,1,1,3504.949772,2
1163,NoSoloTapas,,3,71,74,3,71,74,1,1,1,5520.153229,0
1164,ESN_Rotterdam,,6,8,14,6,8,14,1,1,1,1210.460714,1
1165,KATADROMart,,3,114,117,3,114,117,2,0.72093,0.806452,19285.857395,2
1166,ESNNice,,11,8,19,11,8,19,1,1,1,1079.278571,1
1167,ESNUEx,,3,89,92,3,89,92,1,1,1,1590.87619,5
1168,ESNSlovakia,,10,17,27,10,17,27,1,1,1,2402.15,1
1169,ESNFoggia,,8,7,15,8,7,15,1,1,1,1069.533333,1
1170,BroughtyJ,,1,17,18,1,17,18,1,1,1,2597.840476,2
1171,EsnKultur,,7,1,8,7,1,8,1,1,1,0,1
1172,ruizlo86,,2,336,338,2,336,338,1,1,1,40683.119211,0
1173,CarGross,,1,5,6,1,5,6,1,1,1,352.783333,0
1174,MyTreePhone,,1,79,80,1,79,80,1,1,1,7709.861379,7
1175,Buelum,,2,12,14,2,12,14,1,1,1,1004.754762,1
1176,EsnEgeUni,,3,1,4,3,1,4,1,1,1,0,1
1177,ESNAix,,4,3,7,4,3,7,1,1,1,143.783333,1
1178,QuininoCsnt,,3,977,980,3,977,980,2,0.935772,0.965682,135971.218856,2
1179,venkyro,,0,105,105,0,105,105,1,1,1,0,2
1180,ESNBocconi,,4,1,5,4,1,5,1,1,1,0,1
1181,AnaFrangova,,2,1,3,2,1,3,1,1,1,0,1
1182,esnsalamanca,,13,9,22,13,9,22,2,0.507881,0.515517,20413.639954,1
1183,ESN_Jaen,,15,4,19,15,4,19,1,1,1,457.52381,1
1184,ESNValladolid,,15,61,76,15,61,76,1,1,1,10202.176659,1
1185,local_el,,1,2,3,1,2,3,1,1,1,55.01746,1
1186,BeticaSpanish,,1,20,21,1,20,21,1,1,1,1544.759524,6
1187,ESN_UPF,,15,11,26,15,11,26,1,1,1,1865.838095,1
1188,carlosmenoyo88,,3,1,4,3,1,4,1,1,1,0,2
1189,esnvuamsterdam,,7,11,18,7,11,18,1,1,1,1754.772619,2
1190,ESNfinland,,11,82,93,11,82,93,1,1,1,12960.642965,1
1191,ErasbookGranada,,5,2,7,5,2,7,1,1,1,189.75,0
1192,granadaaficion,,1,67,68,1,67,68,2,0.791304,0.868132,5855.346026,6
1193,Juana_Banana_,,2,19,21,2,19,21,1,1,1,2135.814502,5
1194,EsnLjubljana,,6,3,9,6,3,9,1,1,1,88.907143,1
1195,Mariki_mt,,2,1,3,2,1,3,1,1,1,0,1
1196,BDJSports,,3,29,32,3,29,32,1,1,1,4377.565904,2
1197,ESNstrasbourg,,6,7,13,6,7,13,1,1,1,514.033333,1
1198,Serra_Lau,,4,1,5,4,1,5,1,1,1,0,5
1199,fiscalem,,1,5,6,1,5,6,1,1,1,35.75,0
1200,RentRoomsMilano,,2,4,6,2,4,6,1,1,1,405.406227,3
1201,meri_dh,,1,1,2,1,1,2,1,1,1,0,1
1202,adelapc,,1,220,221,1,220,221,1,1,1,13692.510008,5
1203,lennondtps,,1,42,43,1,42,43,1,1,1,4214.136291,1
1204,flopis,,2,72,74,2,72,74,1,1,1,10569.685084,6
1205,esn_iceland,,9,10,19,9,10,19,17,0.103717,0.110812,19659.12497,1
1206,Alzoncillos,,4,50,54,4,50,54,12,0.157273,0.165289,547666.263993,5
1207,maribego88,,2,35,37,2,35,37,1,1,1,3365.558472,0
1208,GulBryant,,1,1,2,1,1,2,1,1,1,0,1
1209,ESN_UAB,,9,5,14,9,5,14,1,1,1,332.745238,1
1210,athensmus,,1,7,8,1,7,8,1,1,1,712.190476,7
1211,ESNuk,,11,52,63,11,52,63,1,1,1,7113.571825,1
1212,juliatx,,1,235,236,1,235,236,1,1,1,28403.802958,2
1213,Davikevicius,,1,318,319,1,318,319,1,1,1,47907.627581,2
1214,Erasmo_Flat,,3,16,19,3,16,19,1,1,1,1290.591234,6
1215,EsnFirat,,8,3,11,8,3,11,1,1,1,263.445238,1
1216,venzario,,1,155,156,1,155,156,1,1,1,9552.643553,4
1217,holaklima,,1,11,12,1,11,12,1,1,1,1466.797619,2
1218,robbe88,,2,4,6,2,4,6,1,1,1,183.442857,6
1219,mario_spolitu,,2,44,46,2,44,46,1,1,1,7006.524201,3
1220,parlamentmavi,,1,2,3,1,2,3,1,1,1,111.190476,2
1221,HEART_ANDALUSIA,,2,15,17,2,15,17,1,1,1,1129.128355,1
1222,eugeniosanjuan,,1,1,2,1,1,2,1,1,1,0,6
1223,RADIO_ERASMUS,,4,183,187,4,183,187,1,1,1,27203.103194,3
1224,esnauth,,11,7,18,11,7,18,2,0.50322,0.506399,63787.033775,1
1225,JWyssling,,3,65,68,3,65,68,1,1,1,4867.046436,1
1226,Angiejuanes,,0,1,1,0,1,1,1,1,1,0,1
1227,Pilar_132,,1,1,2,1,1,2,1,1,1,0,1
1228,SocialErasmusR,,3,4,7,3,4,7,1,1,1,265.416667,3
1229,ozgelaunica,,0,1,1,0,1,1,1,1,1,0,1
1230,giro_es,,4,44,48,4,44,48,1,1,1,5004.091389,0
1231,ESN_Int,,20,201,221,20,201,221,2,0.882129,0.93319,36411.413439,1
1232,esnbrasov,,5,2,7,5,2,7,1,1,1,210,1
1233,Cezocerezo,,2,7,9,2,7,9,1,1,1,647.257143,4
1234,Fcorojas12,,0,1,1,0,1,1,1,1,1,0,1
1235,ErasmusHouse,,4,53,57,4,53,57,1,1,1,7321.200159,2
1236,Ride4YourRights,,3,5,8,3,5,8,1,1,1,466.72286,2
1237,iviane,,0,1,1,0,1,1,1,1,1,0,1
1238,MzNia,,0,20,20,0,20,20,1,1,1,0,2
1239,ESNbratislava,,8,4,12,8,4,12,1,1,1,420.98565,1
1240,esnuksw,,9,1,10,9,1,10,1,1,1,0,1
1241,gmt117,,2,148,150,2,148,150,1,1,1,23472.211111,2
1242,Ire_bixito,,2,5,7,2,5,7,1,1,1,428.152381,1
1243,esnsweden,,13,7,20,13,7,20,1,1,1,953.942857,1
1244,granadaturismo,,4,200,204,4,200,204,1,1,1,28677.471942,0
1245,Generaciondemk,,1,33,34,1,33,34,1,1,1,3993.325,2
1246,Careernomics,,1,146,147,1,146,147,1,1,1,16253.028881,3
1247,esnuax,,11,1,12,11,1,12,1,1,1,0,1
1248,EvelineLucena,,0,1,1,0,1,1,1,1,1,0,1
1249,ABU_IPO,,10,22,32,10,22,32,3,0.436,0.484709,11756.242097,1
1250,gullivearth,,1,41,42,1,41,42,1,1,1,3602.847894,3
1251,esnbilkent,,9,4,13,9,4,13,1,1,1,525.333333,1
1252,InsiDijon,,9,5,14,9,5,14,1,1,1,844,1
1253,ESNVigo,,13,17,30,13,17,30,1,1,1,2653.331746,1
1254,esnalumni,,7,2,9,7,2,9,1,1,1,182,1
1255,CanalUGR,,14,2011,2025,14,2011,2025,11,0.167798,0.207698,1319282.78856,6
1256,ESN_UG_Gdansk,,9,1,10,9,1,10,1,1,1,0,1
1257,esn_uj,,8,1,9,8,1,9,1,1,1,0,1
1258,agmwarsaw2016,,5,1,6,5,1,6,1,1,1,0,1
1259,ESNAGMGranada,,4,1,5,4,1,5,1,1,1,0,1
1260,ESNCPH,,3,1,4,3,1,4,1,1,1,0,1
1261,esn_siauliai,,5,1,6,5,1,6,1,1,1,0,1
1262,ESNHELGA,,6,1,7,6,1,7,1,1,1,0,1
1263,ESN_Neuchatel,,4,1,5,4,1,5,1,1,1,0,1
1264,ESNIbizaTrip,,3,1,4,3,1,4,1,1,1,0,1
1265,AGMGranada2012,,3,1,4,3,1,4,1,1,1,0,1
1266,almuneca,,1,1,2,1,1,2,1,1,1,0,1
1267,EternoErasmus,,1,1,2,1,1,2,1,1,1,0,1
1268,LicorCafe_com,,1,1,2,1,1,2,1,1,1,0,1
1269,StudentInTouch,,2,1,3,2,1,3,1,1,1,0,1
1270,loredid1,,1,1,2,1,1,2,1,1,1,0,1
1271,EuropeDirectCyL,,5,0,5,5,0,5,0,0,0,0,1
1272,EPCastillayLeon,,2,0,2,2,0,2,0,0,0,0,1
1273,revcyl,,5,0,5,5,0,5,0,0,0,0,0
1274,JuventudDip_Va,,3,0,3,3,0,3,0,0,0,0,4
1275,cam_valladolid,,2,0,2,2,0,2,0,0,0,0,1
1276,TribunaVa,,2,0,2,2,0,2,0,0,0,0,1
1277,Dip_Va,,3,0,3,3,0,3,0,0,0,0,1
1278,YoungForesters,,3,0,3,3,0,3,0,0,0,0,1
1279,ETSIIAAPalencia,,2,0,2,2,0,2,0,0,0,0,1
1280,UVaPalencia,,2,0,2,2,0,2,0,0,0,0,1
1281,uvaorienta,,2,0,2,2,0,2,0,0,0,0,1
1282,Aspaym_CyL,,3,0,3,3,0,3,0,0,0,0,1
1283,usal,,6,0,6,6,0,6,0,0,0,0,1
1284,UPMIntStudents,,3,0,3,3,0,3,0,0,0,0,1
1285,Crispichelt,,2,0,2,2,0,2,0,0,0,0,1
1286,AreaPosgradoUVa,,2,0,2,2,0,2,0,0,0,0,1
1287,idiomasuva,,2,0,2,2,0,2,0,0,0,0,1
1288,FacultadTeIUVa,,2,0,2,2,0,2,0,0,0,0,1
1289,CampusdeSoria,,2,0,2,2,0,2,0,0,0,0,1
1290,carmen252,,2,0,2,2,0,2,0,0,0,0,1
1291,UBUEstudiantes,,4,0,4,4,0,4,0,0,0,0,1
1292,unileon,,5,0,5,5,0,5,0,0,0,0,1
1293,UCAVILA_,,5,0,5,5,0,5,0,0,0,0,1
1294,Youth_Forum,,12,0,12,12,0,12,0,0,0,0,1
1295,JEF_Europe,,5,0,5,5,0,5,0,0,0,0,1
1296,AEGEE_Europe,,11,0,11,11,0,11,0,0,0,0,1
1297,oscar_puente_,,3,0,3,3,0,3,0,0,0,0,1
1298,la8valladolid,,2,0,2,2,0,2,0,0,0,0,1
1299,AyuntamientoVLL,,3,0,3,3,0,3,0,0,0,0,1
1300,SEMINCI,,3,0,3,3,0,3,0,0,0,0,1
1301,DeividAgMo,,2,0,2,2,0,2,0,0,0,0,1
1302,alex_ciocoi,,2,0,2,2,0,2,0,0,0,0,1
1303,UEMC,,3,0,3,3,0,3,0,0,0,0,1
1304,EspanaGlobal,,5,0,5,5,0,5,0,0,0,0,1
1306,fungeuva,,4,0,4,4,0,4,0,0,0,0,1
1307,IEEuropeos,,2,0,2,2,0,2,0,0,0,0,1
1308,ejovenva,,3,0,3,3,0,3,0,0,0,0,1
1309,EU_Commission,,15,0,15,15,0,15,0,0,0,0,1
1310,Europarl_ES,,5,0,5,5,0,5,0,0,0,0,1
1311,ComisionEuropea,,6,0,6,6,0,6,0,0,0,0,1
1312,CDEuropea_uva,,2,0,2,2,0,2,0,0,0,0,1
1313,educaciongob,,6,0,6,6,0,6,0,0,0,0,1
1314,sepiegob,,7,0,7,7,0,7,0,0,0,0,1
1315,CJCyL,,5,0,5,5,0,5,0,0,0,0,4
1316,federboscocyl,,3,0,3,3,0,3,0,0,0,0,1
1317,ConsejoSocUVa,,2,0,2,2,0,2,0,0,0,0,1
1318,relintUVa,,4,0,4,4,0,4,0,0,0,0,1
1319,UVa_es,,5,0,5,5,0,5,0,0,0,0,1
1320,GabrielMariya,,4,0,4,4,0,4,0,0,0,0,1
1321,VoluntariadoCyL,,2,0,2,2,0,2,0,0,0,0,1
1322,cpjv,,3,0,3,3,0,3,0,0,0,0,1
1323,cljvalladolid,,4,0,4,4,0,4,0,0,0,0,4
1324,educacyl,,3,0,3,3,0,3,0,0,0,0,5
1325,JuventudCYL,,4,0,4,4,0,4,0,0,0,0,1
1326,ZeltiaMt,,2,0,2,2,0,2,0,0,0,0,1
1327,CDE_USPCEU,,5,0,5,5,0,5,0,0,0,0,1
1328,DAguilarMoreno,,3,0,3,3,0,3,0,0,0,0,1
1329,infoVLL,,2,0,2,2,0,2,0,0,0,0,1
1330,dsanjuanesc,,3,0,3,3,0,3,0,0,0,0,1
1331,cafeconeuropa,,3,0,3,3,0,3,0,0,0,0,1
1332,Equipo_Europa,,4,0,4,4,0,4,0,0,0,0,1
1333,juveucan,,2,0,2,2,0,2,0,0,0,0,1
1334,ESNCOR,,4,0,4,4,0,4,0,0,0,0,1
1335,esngranada,,1268,0,1268,1268,0,1268,0,0,0,0,1
1337,esnsantander,,5,0,5,5,0,5,0,0,0,0,1
1338,estela_lpez,,3,0,3,3,0,3,0,0,0,0,1
1339,tajanamohnacki,,5,0,5,5,0,5,0,0,0,0,1
1340,CardenosoJesus,,4,0,4,4,0,4,0,0,0,0,1
1341,ESNSpain,,22,0,22,22,0,22,0,0,0,0,1
1343,ESN_Bahcesehir,,8,0,8,8,0,8,0,0,0,0,1
1344,vdupouey,,6,0,6,6,0,6,0,0,0,0,1
1345,StefanoConsoli2,,4,0,4,4,0,4,0,0,0,0,1
1346,esncroatia,,11,0,11,11,0,11,0,0,0,0,1
1347,ESNlyon,,10,0,10,10,0,10,0,0,0,0,1
1349,EdChatEU,,4,0,4,4,0,4,0,0,0,0,3
1350,SabogalJ,,4,0,4,4,0,4,0,0,0,0,1
1360,LaLiga,,6,0,6,6,0,6,0,0,0,0,6
1365,itineratur,,2,0,2,2,0,2,0,0,0,0,0
1371,SergiMerida,,2,0,2,2,0,2,0,0,0,0,0
1373,BonViveurSpain,,3,0,3,3,0,3,0,0,0,0,0
1377,FundacionEndesa,,3,0,3,3,0,3,0,0,0,0,4
1382,carmen3vilches,,2,0,2,2,0,2,0,0,0,0,0
1386,davlafuente,,4,0,4,4,0,4,0,0,0,0,4
1391,Fund_Elecnor,,2,0,2,2,0,2,0,0,0,0,4
1393,MAPFRE_ES,,3,0,3,3,0,3,0,0,0,0,4
1397,realmurciacfsad,,3,0,3,3,0,3,0,0,0,0,0
1399,FCCartagena_efs,,3,0,3,3,0,3,0,0,0,0,5
1404,LorcaFCSAD,,2,0,2,2,0,2,0,0,0,0,7
1406,UsuariosanidadM,,2,0,2,2,0,2,0,0,0,0,4
1409,bmiguelher,,2,0,2,2,0,2,0,0,0,0,4
1411,Murciasalud,,2,0,2,2,0,2,0,0,0,0,0
1412,ViveRM,,2,0,2,2,0,2,0,0,0,0,4
1415,RAEinforma,,8,0,8,8,0,8,0,0,0,0,5
1416,_minecogob,,4,0,4,4,0,4,0,0,0,0,0
1417,es_INE,,4,0,4,4,0,4,0,0,0,0,5
1419,TurismoRM_,,2,0,2,2,0,2,0,0,0,0,4
1423,OxfamIntermon,,5,0,5,5,0,5,0,0,0,0,4
1424,Anesvad,,4,0,4,4,0,4,0,0,0,0,4
1430,miriamguard,,2,0,2,2,0,2,0,0,0,0,4
1431,funingenio,,3,0,3,3,0,3,0,0,0,0,1
1432,CsRegionMurcia,,2,0,2,2,0,2,0,0,0,0,0
1462,AECOC_ES,,3,0,3,3,0,3,0,0,0,0,0
1463,Pontifex,,5,0,5,5,0,5,0,0,0,0,3
1464,Pontifex_es,,4,0,4,4,0,4,0,0,0,0,2
1477,siemens_es,,3,0,3,3,0,3,0,0,0,0,2
1478,RAICESMURCIANAS,,2,0,2,2,0,2,0,0,0,0,0
1491,bp_Espana,,2,0,2,2,0,2,0,0,0,0,5
1496,toniroldanm,,4,0,4,4,0,4,0,0,0,0,5
1513,protcivilceuti,,2,0,2,2,0,2,0,0,0,0,0
1522,Emergencias112,,3,0,3,3,0,3,0,0,0,0,4
1524,AytoYecla,,2,0,2,2,0,2,0,0,0,0,0
1527,AytMolinaSegura,,2,0,2,2,0,2,0,0,0,0,0
1528,MedioAmbAND,,4,0,4,4,0,4,0,0,0,0,2
1529,Plan_INFOCA,,5,0,5,5,0,5,0,0,0,0,0
1530,AAMM_And,,5,0,5,5,0,5,0,0,0,0,4
1531,E112Andalucia,,4,0,4,4,0,4,0,0,0,0,6
1532,DelegGobMurcia,,2,0,2,2,0,2,0,0,0,0,4
1542,UCAM_CAFD,,2,0,2,2,0,2,0,0,0,0,2
1543,Ivancolomer,,2,0,2,2,0,2,0,0,0,0,0
1546,quemuant,,2,0,2,2,0,2,0,0,0,0,0
1547,torosevilla,,2,0,2,2,0,2,0,0,0,0,0
1553,jvegavara,,3,0,3,3,0,3,0,0,0,0,0
1556,ManoloMoles,,4,0,4,4,0,4,0,0,0,0,0
1557,urdialesweb,,2,0,2,2,0,2,0,0,0,0,0
1558,RomanCollado,,2,0,2,2,0,2,0,0,0,0,0
1559,CurroDiazOf,,2,0,2,2,0,2,0,0,0,0,0
1560,oppomobilees,,2,0,2,2,0,2,0,0,0,0,4
1561,UrenaOficial,,2,0,2,2,0,2,0,0,0,0,0
1562,COPE,,4,0,4,4,0,4,0,0,0,0,4
1565,AnaMartinezVid1,,2,0,2,2,0,2,0,0,0,0,6
1579,PLAndujar,,3,0,3,3,0,3,0,0,0,0,6
1591,FundacionAquae,,4,0,4,4,0,4,0,0,0,0,0
1594,CHGuadalquivir,,5,0,5,5,0,5,0,0,0,0,4
1595,ahuertasmejias,,3,0,3,3,0,3,0,0,0,0,0
1598,JRuizMz,,3,0,3,3,0,3,0,0,0,0,0
1599,Ethic_,,3,0,3,3,0,3,0,0,0,0,0
1600,PrimafrioSL,,3,0,3,3,0,3,0,0,0,0,4
1601,Descubrela_FP,,2,0,2,2,0,2,0,0,0,0,6
1603,luisalcazar_,,2,0,2,2,0,2,0,0,0,0,5
1604,aelmhu,,2,0,2,2,0,2,0,0,0,0,1
1605,siemens_si,,2,0,2,2,0,2,0,0,0,0,6
1609,teatroedpgv,,3,0,3,3,0,3,0,0,0,0,6
1612,esdiarimenorca,,2,0,2,2,0,2,0,0,0,0,0
1619,TurismoMenorca,,3,0,3,3,0,3,0,0,0,0,0
1620,Diario_de_ibiza,,2,0,2,2,0,2,0,0,0,0,2
1622,elagoradiario,,2,0,2,2,0,2,0,0,0,0,0
1624,Ibiza_Travel,,3,0,3,3,0,3,0,0,0,0,7
1626,passionforpalma,,3,0,3,3,0,3,0,0,0,0,2
1627,HuaweiMobileESP,,5,0,5,5,0,5,0,0,0,0,6
1628,bqreaders,,4,0,4,4,0,4,0,0,0,0,0
1629,TurismeBalears,,5,0,5,5,0,5,0,0,0,0,4
1631,PhoneHouse_Es,,5,0,5,5,0,5,0,0,0,0,5
1632,htcmania,,4,0,4,4,0,4,0,0,0,0,6
1634,SamsungEspana,,4,0,4,4,0,4,0,0,0,0,5
1638,MiguelGaraulet,,3,0,3,3,0,3,0,0,0,0,6
1642,mikysalo,,2,0,2,2,0,2,0,0,0,0,0
1646,mgfigal,,2,0,2,2,0,2,0,0,0,0,0
1648,GSK_ES,,2,0,2,2,0,2,0,0,0,0,4
1652,castillo_albert,,2,0,2,2,0,2,0,0,0,0,2
1655,AUDITORIOMURCIA,,2,0,2,2,0,2,0,0,0,0,4
1656,eSportsMAPFRE,,2,0,2,2,0,2,0,0,0,0,0
1658,PPLorca,,2,0,2,2,0,2,0,0,0,0,4
1659,PSOELorca,,2,0,2,2,0,2,0,0,0,0,4
1669,gppmur,,2,0,2,2,0,2,0,0,0,0,4
1672,JRDiezdeR,,2,0,2,2,0,2,0,0,0,0,4
1673,proteccioncivil,,2,0,2,2,0,2,0,0,0,0,0
1685,CreaCulturaCom,,7,0,7,7,0,7,0,0,0,0,0
1686,AtencinTemprana,,2,0,2,2,0,2,0,0,0,0,0
1688,AJALorca,,2,0,2,2,0,2,0,0,0,0,4
1689,icalorca,,2,0,2,2,0,2,0,0,0,0,4
1707,Hispackbcn,,2,0,2,2,0,2,0,0,0,0,4
1712,ICAV_abogados,,3,0,3,3,0,3,0,0,0,0,4
1713,InstitutoHermes,,2,0,2,2,0,2,0,0,0,0,8
1716,Kirolbet_es,,2,0,2,2,0,2,0,0,0,0,3
1717,Synergie_ES,,2,0,2,2,0,2,0,0,0,0,4
1718,hipercor,,3,0,3,3,0,3,0,0,0,0,8
1720,bthetravelbrand,,4,0,4,4,0,4,0,0,0,0,4
1721,CarrefourGaming,,5,0,5,5,0,5,0,0,0,0,2
1722,MAPFRE,,4,0,4,4,0,4,0,0,0,0,4
1723,RiuHoteles,,4,0,4,4,0,4,0,0,0,0,2
1738,PoliciaPinatar,,2,0,2,2,0,2,0,0,0,0,0
1745,RealCasinoMur,,2,0,2,2,0,2,0,0,0,0,0
1747,museoramongaya,,2,0,2,2,0,2,0,0,0,0,4
1751,tranviademurcia,,2,0,2,2,0,2,0,0,0,0,0
1753,muybicimurcia,,2,0,2,2,0,2,0,0,0,0,0
1754,EcoenAccionRM,,2,0,2,2,0,2,0,0,0,0,4
1758,BicicletaMurcia,,2,0,2,2,0,2,0,0,0,0,0
1759,MuCSostenible,,2,0,2,2,0,2,0,0,0,0,0
1760,SoterramientoMu,,2,0,2,2,0,2,0,0,0,0,2
1765,PCValledericote,,2,0,2,2,0,2,0,0,0,0,0
1768,P_Civil_Alhama,,2,0,2,2,0,2,0,0,0,0,0
1769,CiezaEnTuMano,,2,0,2,2,0,2,0,0,0,0,5
1773,Aquaservice,,4,0,4,4,0,4,0,0,0,0,0
1774,metro_madrid,,4,0,4,4,0,4,0,0,0,0,1
1781,Maxmovil,,3,0,3,3,0,3,0,0,0,0,6
1783,grefusa,,3,0,3,3,0,3,0,0,0,0,4
1785,SageSpain,,5,0,5,5,0,5,0,0,0,0,4
1786,elgenionet,,3,0,3,3,0,3,0,0,0,0,6
1788,CarrefourES,,6,0,6,6,0,6,0,0,0,0,0
1789,AsocDigitales,,3,0,3,3,0,3,0,0,0,0,0
1834,Alfonzojoze,,2,0,2,2,0,2,0,0,0,0,4
1835,lamanchu,,2,0,2,2,0,2,0,0,0,0,4
1846,gasolineras_eu,,2,0,2,2,0,2,0,0,0,0,4
1847,drsmontes,,2,0,2,2,0,2,0,0,0,0,4
1850,EFEempresas,,4,0,4,4,0,4,0,0,0,0,4
1851,GestionaRadio,,3,0,3,3,0,3,0,0,0,0,4
1852,asociacionrh,,3,0,3,3,0,3,0,0,0,0,4
1855,_CEIM_,,2,0,2,2,0,2,0,0,0,0,4
1856,AragonEmprende,,2,0,2,2,0,2,0,0,0,0,0
1857,ajezaragoza,,3,0,3,3,0,3,0,0,0,0,1
1858,camarazaragoza,,4,0,4,4,0,4,0,0,0,0,4
1859,Empresarioszgz,,2,0,2,2,0,2,0,0,0,0,4
1860,CEOEAragon,,3,0,3,3,0,3,0,0,0,0,4
1861,Dircom_CEOE,,3,0,3,3,0,3,0,0,0,0,4
1862,CEOEdocs,,2,0,2,2,0,2,0,0,0,0,0
1863,elempresariocom,,2,0,2,2,0,2,0,0,0,0,4
1866,airmagic_MX,,2,0,2,2,0,2,0,0,0,0,0
1867,AndaluciaJunta,,6,0,6,6,0,6,0,0,0,0,5
1868,lorenzoamor_ata,,4,0,4,4,0,4,0,0,0,0,4
1870,HaciendAND,,5,0,5,5,0,5,0,0,0,0,4
1871,aemprende,,7,0,7,7,0,7,0,0,0,0,6
1872,IDEAJunta,,6,0,6,6,0,6,0,0,0,0,4
1873,GrupoSIGE,,3,0,3,3,0,3,0,0,0,0,7
1874,extendajunta,,4,0,4,4,0,4,0,0,0,0,4
1875,juanmerino_,,2,0,2,2,0,2,0,0,0,0,4
1876,feralbaladejo,,2,0,2,2,0,2,0,0,0,0,4
1877,autonomosata,,4,0,4,4,0,4,0,0,0,0,4
1878,CEAT_autonomos,,4,0,4,4,0,4,0,0,0,0,4
1879,CEAJE,,4,0,4,4,0,4,0,0,0,0,4
1880,agaramendil,,3,0,3,3,0,3,0,0,0,0,4
1881,ICEX_,,5,0,5,5,0,5,0,0,0,0,1
1882,camarascomercio,,4,0,4,4,0,4,0,0,0,0,4
1883,CEOE_ES,,4,0,4,4,0,4,0,0,0,0,5
1884,cepyme_,,3,0,3,3,0,3,0,0,0,0,0
1885,ja_gonzalezruiz,,4,0,4,4,0,4,0,0,0,0,4
1886,Cepyme_Emprende,,3,0,3,3,0,3,0,0,0,0,4
1887,CepymeNews,,3,0,3,3,0,3,0,0,0,0,4
1888,Visa_ES,,2,0,2,2,0,2,0,0,0,0,4
1890,NicoNCB,,3,0,3,3,0,3,0,0,0,0,0
1891,HuaweiSpain,,2,0,2,2,0,2,0,0,0,0,0
1892,MonsterEnergyES,,4,0,4,4,0,4,0,0,0,0,1
1894,diegogodin,,4,0,4,4,0,4,0,0,0,0,5
1895,DaniCarvajal92,,4,0,4,4,0,4,0,0,0,0,5
1896,saulniguez,,4,0,4,4,0,4,0,0,0,0,5
1897,elmundotoday,,5,0,5,5,0,5,0,0,0,0,4
1899,UnionOficiales,,2,0,2,2,0,2,0,0,0,0,4
1900,isanseba,,3,0,3,3,0,3,0,0,0,0,5
1901,pablocasado_,,5,0,5,5,0,5,0,0,0,0,4
1902,pacomarhuenda,,3,0,3,3,0,3,0,0,0,0,4
1908,CelsaGroup,,2,0,2,2,0,2,0,0,0,0,4
1909,BancoMediolanum,,2,0,2,2,0,2,0,0,0,0,3
1910,TE_pymes,,5,0,5,5,0,5,0,0,0,0,0
1912,SEOinHouse_bcn,,2,0,2,2,0,2,0,0,0,0,0
1914,EIB,,6,0,6,6,0,6,0,0,0,0,3
1917,circulodempresa,,3,0,3,3,0,3,0,0,0,0,4
1918,i_Euskadi,,2,0,2,2,0,2,0,0,0,0,4
1920,nobbot,,4,0,4,4,0,4,0,0,0,0,6
1922,WortenES,,2,0,2,2,0,2,0,0,0,0,8
1923,ciudadelfuturo,,3,0,3,3,0,3,0,0,0,0,4
1925,MLOeste,,3,0,3,3,0,3,0,0,0,0,4
1927,CanonEmpresa,,3,0,3,3,0,3,0,0,0,0,0
1928,CosmoCaixa,,2,0,2,2,0,2,0,0,0,0,0
1930,DKVSeguros,,4,0,4,4,0,4,0,0,0,0,4
1932,cgtnenespanol,,2,0,2,2,0,2,0,0,0,0,2
1933,LexusSpain,,4,0,4,4,0,4,0,0,0,0,0
1934,SundanceES,,2,0,2,2,0,2,0,0,0,0,6
1935,ASMotorista,,2,0,2,2,0,2,0,0,0,0,5
1937,ronlegendario,,2,0,2,2,0,2,0,0,0,0,6
1939,EVObanco,,4,0,4,4,0,4,0,0,0,0,0
1940,ING_es,,4,0,4,4,0,4,0,0,0,0,6
1941,santander_es,,5,0,5,5,0,5,0,0,0,0,2
1942,santander_resp,,4,0,4,4,0,4,0,0,0,0,4
1943,bancosantander,,5,0,5,5,0,5,0,0,0,0,4
1944,BBVAWorld,,4,0,4,4,0,4,0,0,0,0,6
1945,BBVAresponde_es,,2,0,2,2,0,2,0,0,0,0,0
1946,BBVA_espana,,4,0,4,4,0,4,0,0,0,0,1
1947,CABK_Responde,,2,0,2,2,0,2,0,0,0,0,4
1948,caixabank,,3,0,3,3,0,3,0,0,0,0,4
1949,BancoSabadell,,4,0,4,4,0,4,0,0,0,0,4
1950,Bankia,,4,0,4,4,0,4,0,0,0,0,3
1951,PressBankia,,2,0,2,2,0,2,0,0,0,0,0
1952,PopularResponde,,2,0,2,2,0,2,0,0,0,0,0
1953,GrupoBPopular,,5,0,5,5,0,5,0,0,0,0,0
1958,fonditel,,3,0,3,3,0,3,0,0,0,0,4
1959,globalyza,,3,0,3,3,0,3,0,0,0,0,6
1960,ExpoDeporteBlog,,2,0,2,2,0,2,0,0,0,0,0
1964,OcultoSecreto_,,5,0,5,5,0,5,0,0,0,0,3
1966,iRescate,,3,0,3,3,0,3,0,0,0,0,0
1967,eduviatweet,,2,0,2,2,0,2,0,0,0,0,0
1970,fmapfre,,4,0,4,4,0,4,0,0,0,0,4
1971,DATS_INTRAS,,2,0,2,2,0,2,0,0,0,0,4
1972,APROGC,,3,0,3,3,0,3,0,0,0,0,4
1973,ChuleriaMadrid,,4,0,4,4,0,4,0,0,0,0,0
1974,iebschool,,4,0,4,4,0,4,0,0,0,0,4
1976,estudiosCEF,,4,0,4,4,0,4,0,0,0,0,4
1977,syndrom5p,,2,0,2,2,0,2,0,0,0,0,4
1980,alisedainmo,,2,0,2,2,0,2,0,0,0,0,4
1985,LundbeckES,,2,0,2,2,0,2,0,0,0,0,4
1987,Busconomico,,2,0,2,2,0,2,0,0,0,0,4
1989,FJM_ES,,2,0,2,2,0,2,0,0,0,0,0
1990,Renta4Gestora,,2,0,2,2,0,2,0,0,0,0,6
1993,UNRWA_es,,2,0,2,2,0,2,0,0,0,0,4
1995,rubnpulido,,2,0,2,2,0,2,0,0,0,0,1
1996,InterMundial_ES,,4,0,4,4,0,4,0,0,0,0,6
1999,Viesgo_ES,,2,0,2,2,0,2,0,0,0,0,0
2002,GinosRistorante,,3,0,3,3,0,3,0,0,0,0,4
2003,pacharan_zoco,,2,0,2,2,0,2,0,0,0,0,1
2008,culturasviales,,2,0,2,2,0,2,0,0,0,0,4
2009,msgservicios1,,2,0,2,2,0,2,0,0,0,0,0
2010,AAVPC,,3,0,3,3,0,3,0,0,0,0,0
2012,emergenciasCREM,,2,0,2,2,0,2,0,0,0,0,4
2013,CarlosNovilloPi,,2,0,2,2,0,2,0,0,0,0,2
2015,EdCivEmerg,,2,0,2,2,0,2,0,0,0,0,0
2016,ANEPPCE,,4,0,4,4,0,4,0,0,0,0,4
2017,vostSPAIN,,5,0,5,5,0,5,0,0,0,0,4
2018,guiainfantil,,3,0,3,3,0,3,0,0,0,0,0
2020,Segurbaby,,2,0,2,2,0,2,0,0,0,0,4
2021,Emergencies7000,,2,0,2,2,0,2,0,0,0,0,6
2023,aindmo,,2,0,2,2,0,2,0,0,0,0,0
2025,CGHIRSCHFELD,,3,0,3,3,0,3,0,0,0,0,0
2026,XHespanol,,2,0,2,2,0,2,0,0,0,0,1
2028,PSPlusES,,3,0,3,3,0,3,0,0,0,0,5
2032,camaramurcia,,2,0,2,2,0,2,0,0,0,0,4
2036,AESLEMEONLINE,,2,0,2,2,0,2,0,0,0,0,4
2037,asociaciondia,,2,0,2,2,0,2,0,0,0,0,4
2040,FUNDACIONPONS,,5,0,5,5,0,5,0,0,0,0,0
2043,ristomejide,,9,0,9,9,0,9,0,0,0,0,2
2046,tv3cat,,3,0,3,3,0,3,0,0,0,0,0
2047,Carlos_Latre,,5,0,5,5,0,5,0,0,0,0,0
2048,Portaventura_ES,,4,0,4,4,0,4,0,0,0,0,5
2049,NASTICTARRAGONA,,2,0,2,2,0,2,0,0,0,0,6
2050,CeeiMurcia,,3,0,3,3,0,3,0,0,0,0,4
2057,antena3int,,3,0,3,3,0,3,0,0,0,0,2
2058,CoE_HRightsRLaw,,3,0,3,3,0,3,0,0,0,0,1
2060,Vincci_Hoteles,,4,0,4,4,0,4,0,0,0,0,0
2061,HondaMotosES,,2,0,2,2,0,2,0,0,0,0,0
2062,kitchenconsult_,,3,0,3,3,0,3,0,0,0,0,1
2063,IEBilbao,,4,0,4,4,0,4,0,0,0,0,0
2066,MuseoThyssen,,5,0,5,5,0,5,0,0,0,0,4
2067,MadridSeduce,,4,0,4,4,0,4,0,0,0,0,7
2071,britishbubbles,,2,0,2,2,0,2,0,0,0,0,4
2076,azlf74,,2,0,2,2,0,2,0,0,0,0,4
2077,ruanojavier,,2,0,2,2,0,2,0,0,0,0,4
2079,JBernabe_,,2,0,2,2,0,2,0,0,0,0,2
2086,TorneosGolf_es,,2,0,2,2,0,2,0,0,0,0,0
2087,atreseriesint,,2,0,2,2,0,2,0,0,0,0,2
2088,RayoVallecano,,3,0,3,3,0,3,0,0,0,0,6
2089,madriddiferente,,4,0,4,4,0,4,0,0,0,0,0
2090,CDLeganes,,3,0,3,3,0,3,0,0,0,0,5
2091,Koke6,,4,0,4,4,0,4,0,0,0,0,2
2092,elpais_cultura,,7,0,7,7,0,7,0,0,0,0,5
2093,chocitadelloro,,3,0,3,3,0,3,0,0,0,0,0
2094,Simeone,,4,0,4,4,0,4,0,0,0,0,6
2095,Atleti,,5,0,5,5,0,5,0,0,0,0,0
2099,parquesdemurcia,,2,0,2,2,0,2,0,0,0,0,0
2102,Filmand_,,2,0,2,2,0,2,0,0,0,0,0
2103,AysenPatagonia_,,2,0,2,2,0,2,0,0,0,0,2
2104,GrupoValora,,2,0,2,2,0,2,0,0,0,0,4
2105,AlejandroSanz,,5,0,5,5,0,5,0,0,0,0,5
2106,SeFutbol,,4,0,4,4,0,4,0,0,0,0,1
2107,Periodistas_M,,2,0,2,2,0,2,0,0,0,0,4
2110,redperiodistasM,,3,0,3,3,0,3,0,0,0,0,4
2111,el_pais,,6,0,6,6,0,6,0,0,0,0,4
2112,perezreverte,,6,0,6,6,0,6,0,0,0,0,0
2113,AFPespanol,,4,0,4,4,0,4,0,0,0,0,2
2114,montycargas,,2,0,2,2,0,2,0,0,0,0,4
2115,Torres,,4,0,4,4,0,4,0,0,0,0,0
2117,Sinergia_Diesel,,2,0,2,2,0,2,0,0,0,0,0
2123,Evercom,,4,0,4,4,0,4,0,0,0,0,0
2125,RiojaWine_ES,,2,0,2,2,0,2,0,0,0,0,0
2126,NuezCalifornia,,5,0,5,5,0,5,0,0,0,0,0
2128,MeetBarcelo,,2,0,2,2,0,2,0,0,0,0,0
2130,autoescuela_com,,3,0,3,3,0,3,0,0,0,0,4
2131,DuccoFormacion,,2,0,2,2,0,2,0,0,0,0,4
2132,CESVIMAP,,2,0,2,2,0,2,0,0,0,0,4
2133,feuvertenmarcha,,2,0,2,2,0,2,0,0,0,0,4
2138,ANGED_es,,3,0,3,3,0,3,0,0,0,0,0
2139,ActualidadRT,,7,0,7,7,0,7,0,0,0,0,2
2141,MercedesBenz,,4,0,4,4,0,4,0,0,0,0,6
2142,NegociosEmpres,,2,0,2,2,0,2,0,0,0,0,2
2144,hoy_en_madrid,,4,0,4,4,0,4,0,0,0,0,6
2145,vializando,,3,0,3,3,0,3,0,0,0,0,4
2146,profeauto29,,3,0,3,3,0,3,0,0,0,0,4
2147,TodoAutoescuela,,2,0,2,2,0,2,0,0,0,0,4
2148,caminoescolar,,2,0,2,2,0,2,0,0,0,0,4
2149,JRtorresAE,,2,0,2,2,0,2,0,0,0,0,4
2150,ProVial_org,,3,0,3,3,0,3,0,0,0,0,4
2151,GuiaMichelin_ES,,3,0,3,3,0,3,0,0,0,0,1
2152,ambilamp,,4,0,4,4,0,4,0,0,0,0,4
2154,FundacionMGS,,3,0,3,3,0,3,0,0,0,0,4
2155,UDIMA,,5,0,5,5,0,5,0,0,0,0,4
2156,Electrocosto,,2,0,2,2,0,2,0,0,0,0,6
2157,awscloud,,4,0,4,4,0,4,0,0,0,0,4
2158,Legalitas_ES,,5,0,5,5,0,5,0,0,0,0,4
2160,BancoMundialLAC,,4,0,4,4,0,4,0,0,0,0,4
2162,UfMSecretariat,,4,0,4,4,0,4,0,0,0,0,1
2163,Meta4_es,,3,0,3,3,0,3,0,0,0,0,4
2164,museoreinasofia,,5,0,5,5,0,5,0,0,0,0,4
2165,AhoraMadrid,,4,0,4,4,0,4,0,0,0,0,6
2166,mataderomadrid,,6,0,6,6,0,6,0,0,0,0,0
2169,agencia_PCYC,,2,0,2,2,0,2,0,0,0,0,4
2171,Fridays_esp,,3,0,3,3,0,3,0,0,0,0,0
2172,cafes_salzillo,,2,0,2,2,0,2,0,0,0,0,6
2174,museodelprado,,5,0,5,5,0,5,0,0,0,0,4
2175,CercaniasMadrid,,3,0,3,3,0,3,0,0,0,0,5
2176,ExprimeMadrid,,4,0,4,4,0,4,0,0,0,0,4
2177,el_pais_madrid,,4,0,4,4,0,4,0,0,0,0,4
2178,LaCasaEncendida,,5,0,5,5,0,5,0,0,0,0,0
2179,SecretosdeMadri,,4,0,4,4,0,4,0,0,0,0,1
2190,Presintown,,2,0,2,2,0,2,0,0,0,0,4
2191,Montoya_1903,,2,0,2,2,0,2,0,0,0,0,0
2209,WesternUnion,,2,0,2,2,0,2,0,0,0,0,1
2210,BufeteRosales,,3,0,3,3,0,3,0,0,0,0,4
2211,SanEmpresas_es,,5,0,5,5,0,5,0,0,0,0,1
2212,IEEEXplore,,2,0,2,2,0,2,0,0,0,0,4
2213,HallonSMedia,,2,0,2,2,0,2,0,0,0,0,0
2215,XHNews,,4,0,4,4,0,4,0,0,0,0,1
2218,ClubContable,,2,0,2,2,0,2,0,0,0,0,4
2224,PanikDesign1,,2,0,2,2,0,2,0,0,0,0,0
2225,Educaixa,,4,0,4,4,0,4,0,0,0,0,1
2226,LikeZadar,,2,0,2,2,0,2,0,0,0,0,1
2231,Vitis_es,,2,0,2,2,0,2,0,0,0,0,4
2232,arganiatravel,,2,0,2,2,0,2,0,0,0,0,0
2233,AnnieBonnie,,4,0,4,4,0,4,0,0,0,0,6
2234,Domestika,,4,0,4,4,0,4,0,0,0,0,0
2235,starbucks_es,,5,0,5,5,0,5,0,0,0,0,0
2236,AirbusSpace,,3,0,3,3,0,3,0,0,0,0,8
2237,twenergy,,3,0,3,3,0,3,0,0,0,0,3
2238,parmar_es,,3,0,3,3,0,3,0,0,0,0,0
2239,Teatro_Real,,4,0,4,4,0,4,0,0,0,0,2
2240,EcoAvant,,3,0,3,3,0,3,0,0,0,0,0
2241,VisitSanya,,2,0,2,2,0,2,0,0,0,0,3
2242,QueenRania,,4,0,4,4,0,4,0,0,0,0,0
2243,Cointelegraph,,3,0,3,3,0,3,0,0,0,0,2
2244,c4p_io,,2,0,2,2,0,2,0,0,0,0,1
2245,COP23,,3,0,3,3,0,3,0,0,0,0,1
2247,HolaLuzcom,,3,0,3,3,0,3,0,0,0,0,0
2249,SantanderSmart,,2,0,2,2,0,2,0,0,0,0,0
2251,movistarlikes,,4,0,4,4,0,4,0,0,0,0,0
2254,UniversidadVIU,,6,0,6,6,0,6,0,0,0,0,4
2255,Altran,,3,0,3,3,0,3,0,0,0,0,8
2257,EITFood,,2,0,2,2,0,2,0,0,0,0,6
2258,123acorrer,,2,0,2,2,0,2,0,0,0,0,6
2259,iContainersES,,3,0,3,3,0,3,0,0,0,0,2
2263,AlimentariaBCN,,4,0,4,4,0,4,0,0,0,0,0
2264,incredibleindia,,2,0,2,2,0,2,0,0,0,0,2
2266,CGTNOfficial,,4,0,4,4,0,4,0,0,0,0,1
2268,creditoycaucion,,2,0,2,2,0,2,0,0,0,0,6
2269,JdaInfo,,3,0,3,3,0,3,0,0,0,0,5
2270,Bayer4Crops,,3,0,3,3,0,3,0,0,0,0,2
2272,TelefonicaCloud,,3,0,3,3,0,3,0,0,0,0,4
2273,PlayStationES,,5,0,5,5,0,5,0,0,0,0,0
2274,paramount_spain,,4,0,4,4,0,4,0,0,0,0,0
2278,Diversport,,2,0,2,2,0,2,0,0,0,0,0
2282,TonerMurcia,,2,0,2,2,0,2,0,0,0,0,4
2284,FVacaciones,,4,0,4,4,0,4,0,0,0,0,6
2294,Ant_Varon,,2,0,2,2,0,2,0,0,0,0,0
2295,AboGuzmanCubero,,3,0,3,3,0,3,0,0,0,0,5
2296,rayasycuadros,,2,0,2,2,0,2,0,0,0,0,0
2298,pescanova_es,,2,0,2,2,0,2,0,0,0,0,7
2299,Bankinter,,4,0,4,4,0,4,0,0,0,0,6
2300,Randstad_Empleo,,5,0,5,5,0,5,0,0,0,0,5
2301,SomosGlobalcaja,,2,0,2,2,0,2,0,0,0,0,0
2302,Movetia,,3,0,3,3,0,3,0,0,0,0,0
2303,PalaciosGrupo,,3,0,3,3,0,3,0,0,0,0,0
2309,RMurciaArtesana,,3,0,3,3,0,3,0,0,0,0,0
2321,aguasdelorca,,2,0,2,2,0,2,0,0,0,0,0
2323,ADICAE,,6,0,6,6,0,6,0,0,0,0,4
2324,NestleGermany,,2,0,2,2,0,2,0,0,0,0,3
2325,Afa_Andujar,,2,0,2,2,0,2,0,0,0,0,4
2326,AFAaljarafe,,2,0,2,2,0,2,0,0,0,0,0
2327,ConFEAFA,,2,0,2,2,0,2,0,0,0,0,4
2328,AlzheimerLorca,,2,0,2,2,0,2,0,0,0,0,4
2331,sojo_bar,,2,0,2,2,0,2,0,0,0,0,4
2346,leroymerlin_es,,5,0,5,5,0,5,0,0,0,0,8
2347,Bayertecuida,,3,0,3,3,0,3,0,0,0,0,2
2348,Coviran,,4,0,4,4,0,4,0,0,0,0,0
2350,Zespri_es,,4,0,4,4,0,4,0,0,0,0,1
2352,Feramur,,2,0,2,2,0,2,0,0,0,0,6
2353,coches,,3,0,3,3,0,3,0,0,0,0,4
2354,promarcaspain,,4,0,4,4,0,4,0,0,0,0,0
2355,Bruguer_,,2,0,2,2,0,2,0,0,0,0,0
2357,AeolSegVial,,3,0,3,3,0,3,0,0,0,0,4
2358,periodismomotor,,2,0,2,2,0,2,0,0,0,0,4
2360,aeaclub,,3,0,3,3,0,3,0,0,0,0,4
2363,Crisant_Cocinas,,2,0,2,2,0,2,0,0,0,0,4
2364,ClubRACC,,5,0,5,5,0,5,0,0,0,0,4
2365,RACE_es,,3,0,3,3,0,3,0,0,0,0,4
2366,stopaccidentes,,3,0,3,3,0,3,0,0,0,0,4
2367,ldcruce,,3,0,3,3,0,3,0,0,0,0,4
2368,car_and_driver,,2,0,2,2,0,2,0,0,0,0,4
2369,autofacil,,3,0,3,3,0,3,0,0,0,0,4
2370,Fiat_es,,4,0,4,4,0,4,0,0,0,0,4
2373,_PMSV,,2,0,2,2,0,2,0,0,0,0,4
2376,icaah_abogados,,2,0,2,2,0,2,0,0,0,0,4
2377,icasalamanca,,3,0,3,3,0,3,0,0,0,0,4
2378,icacartagena,,3,0,3,3,0,3,0,0,0,0,4
2379,ICAOviedo,,2,0,2,2,0,2,0,0,0,0,4
2380,Icaourense,,4,0,4,4,0,4,0,0,0,0,4
2382,icapontevedra,,3,0,3,3,0,3,0,0,0,0,4
2385,ICA_Zamora,,3,0,3,3,0,3,0,0,0,0,4
2386,icaalava,,3,0,3,3,0,3,0,0,0,0,4
2389,JavierGPascual,,2,0,2,2,0,2,0,0,0,0,0
2391,filopelaez2,,3,0,3,3,0,3,0,0,0,0,4
2396,NaturgyClientEs,,4,0,4,4,0,4,0,0,0,0,4
2398,EY_Spain,,3,0,3,3,0,3,0,0,0,0,0
2399,FranSolano,,2,0,2,2,0,2,0,0,0,0,4
2400,TESLAinnovacion,,2,0,2,2,0,2,0,0,0,0,0
2405,APAVALENCIA,,2,0,2,2,0,2,0,0,0,0,4
2413,UNESPA,,2,0,2,2,0,2,0,0,0,0,4
2414,icea_es,,3,0,3,3,0,3,0,0,0,0,4
2415,GrupoAseguranza,,2,0,2,2,0,2,0,0,0,0,4
2416,Inese_seguros,,2,0,2,2,0,2,0,0,0,0,4
2419,genesis_seguros,,2,0,2,2,0,2,0,0,0,0,4
2420,vertiseguros,,2,0,2,2,0,2,0,0,0,0,4
2421,Fenix_Directo,,4,0,4,4,0,4,0,0,0,0,4
2422,AsevecInfo,,2,0,2,2,0,2,0,0,0,0,0
2423,Mazda_Europe,,2,0,2,2,0,2,0,0,0,0,1
2424,museofirenze,,2,0,2,2,0,2,0,0,0,0,3
2425,GlobalClimathon,,2,0,2,2,0,2,0,0,0,0,1
2427,DCNMadrid,,2,0,2,2,0,2,0,0,0,0,0
2428,OrangeEmpresas,,3,0,3,3,0,3,0,0,0,0,6
2429,Randstad_es,,6,0,6,6,0,6,0,0,0,0,6
2431,MarvelSpain,,4,0,4,4,0,4,0,0,0,0,5
2432,LillyES,,2,0,2,2,0,2,0,0,0,0,5
2433,COINC_es,,2,0,2,2,0,2,0,0,0,0,4
2434,ofertitas,,4,0,4,4,0,4,0,0,0,0,2
2435,NaturgyExp,,2,0,2,2,0,2,0,0,0,0,6
2436,JuegosONCE,,5,0,5,5,0,5,0,0,0,0,1
2438,LATAM_ES,,3,0,3,3,0,3,0,0,0,0,0
2439,Opel_Spain,,3,0,3,3,0,3,0,0,0,0,5
2440,wizinkbank,,3,0,3,3,0,3,0,0,0,0,0
2441,CivilMercantil,,2,0,2,2,0,2,0,0,0,0,0
2445,CocaColaCo_es,,4,0,4,4,0,4,0,0,0,0,0
2446,mammut,,2,0,2,2,0,2,0,0,0,0,0
2447,JamonJoselito,,2,0,2,2,0,2,0,0,0,0,0
2448,BarceloCanarias,,4,0,4,4,0,4,0,0,0,0,1
2449,PeugeotES,,4,0,4,4,0,4,0,0,0,0,1
2450,ferrovial_es,,4,0,4,4,0,4,0,0,0,0,4
2451,Florette_es,,3,0,3,3,0,3,0,0,0,0,0
2452,LaTagliatella,,5,0,5,5,0,5,0,0,0,0,0
2453,AutoBildspain,,3,0,3,3,0,3,0,0,0,0,4
2454,Pekeseguro,,3,0,3,3,0,3,0,0,0,0,4
2455,CLUBCEA,,3,0,3,3,0,3,0,0,0,0,4
2456,Faconauto_com,,2,0,2,2,0,2,0,0,0,0,4
2457,motorpuntoes,,2,0,2,2,0,2,0,0,0,0,0
2459,ProfesFormVial,,3,0,3,3,0,3,0,0,0,0,4
2460,asextra,,3,0,3,3,0,3,0,0,0,0,4
2461,FETEVI,,2,0,2,2,0,2,0,0,0,0,4
2464,tuSEAT,,4,0,4,4,0,4,0,0,0,0,2
2465,cbamadrid,,5,0,5,5,0,5,0,0,0,0,0
2466,TurismoMadrid,,4,0,4,4,0,4,0,0,0,0,7
2467,ComunidadMadrid,,6,0,6,6,0,6,0,0,0,0,4
2468,TeoGarciaEgea,,4,0,4,4,0,4,0,0,0,0,4
2479,bnilorca,,2,0,2,2,0,2,0,0,0,0,0
2481,aecarretera,,3,0,3,3,0,3,0,0,0,0,4
2482,FMobjetivocero,,3,0,3,3,0,3,0,0,0,0,4
2483,autopista_es,,3,0,3,3,0,3,0,0,0,0,0
2484,Goodyear_Es,,2,0,2,2,0,2,0,0,0,0,4
2485,autoescuelas,,2,0,2,2,0,2,0,0,0,0,4
2486,ClubFiscal,,3,0,3,3,0,3,0,0,0,0,4
2488,salgarve,,2,0,2,2,0,2,0,0,0,0,4
2495,CitroenEspana,,4,0,4,4,0,4,0,0,0,0,5
2502,Repsol,,3,0,3,3,0,3,0,0,0,0,5
2505,nuestramurcia,,2,0,2,2,0,2,0,0,0,0,0
2509,DailyMur,,2,0,2,2,0,2,0,0,0,0,0
2512,ContraelIctus,,4,0,4,4,0,4,0,0,0,0,2
2513,RuizReSeguros,,3,0,3,3,0,3,0,0,0,0,4
2518,DescubreMurcia,,3,0,3,3,0,3,0,0,0,0,4
2519,Adif_es,,4,0,4,4,0,4,0,0,0,0,0
2520,mapagob,,6,0,6,6,0,6,0,0,0,0,7
2525,mitmagob,,4,0,4,4,0,4,0,0,0,0,2
2526,foroDGT,,4,0,4,4,0,4,0,0,0,0,4
2527,MediaMarkt_es,,5,0,5,5,0,5,0,0,0,0,5
2528,InfoCnae,,3,0,3,3,0,3,0,0,0,0,4
2529,Etrasa,,3,0,3,3,0,3,0,0,0,0,4
2530,pons_SVial,,2,0,2,2,0,2,0,0,0,0,4
2531,FESVIAL,,3,0,3,3,0,3,0,0,0,0,4
2538,LorcaFeminas,,2,0,2,2,0,2,0,0,0,0,4
2542,marianorajoy,,5,0,5,5,0,5,0,0,0,0,5
2545,mundodeportivo,,4,0,4,4,0,4,0,0,0,0,4
2547,Jisap_es,,2,0,2,2,0,2,0,0,0,0,4
2548,GrupoLiberty_es,,2,0,2,2,0,2,0,0,0,0,4
2552,AXASegurosEs,,3,0,3,3,0,3,0,0,0,0,4
2553,Allianz_es,,2,0,2,2,0,2,0,0,0,0,4
2554,santalucia_seg,,2,0,2,2,0,2,0,0,0,0,4
2555,aegonseguros,,2,0,2,2,0,2,0,0,0,0,0
2558,catalanaocc,,4,0,4,4,0,4,0,0,0,0,4
2559,SegPlusUltra,,2,0,2,2,0,2,0,0,0,0,4
2560,Reale_Seguros,,2,0,2,2,0,2,0,0,0,0,4
2563,FIATCseguros,,3,0,3,3,0,3,0,0,0,0,0
2568,IreneJodar,,2,0,2,2,0,2,0,0,0,0,4
2577,VECI_Esp,,3,0,3,3,0,3,0,0,0,0,4
2579,AEMET_Esp,,4,0,4,4,0,4,0,0,0,0,4
2594,HectorDeCesare,,3,0,3,3,0,3,0,0,0,0,4
2598,DecathlonES,,4,0,4,4,0,4,0,0,0,0,0
2600,ucoerm,,2,0,2,2,0,2,0,0,0,0,4
2604,CooperacionESP,,4,0,4,4,0,4,0,0,0,0,4
2605,mincoturgob,,4,0,4,4,0,4,0,0,0,0,5
2606,empleo_SEPE,,4,0,4,4,0,4,0,0,0,0,4
2609,MAECgob,,4,0,4,4,0,4,0,0,0,0,0
2610,empleogob,,4,0,4,4,0,4,0,0,0,0,4
2612,sanidadgob,,5,0,5,5,0,5,0,0,0,0,0
2614,EFE_motor,,2,0,2,2,0,2,0,0,0,0,4
2615,DefensorPuebloE,,4,0,4,4,0,4,0,0,0,0,4
2616,info_TGSS,,4,0,4,4,0,4,0,0,0,0,0
2617,Haciendagob,,4,0,4,4,0,4,0,0,0,0,6
2618,cope_murcia,,3,0,3,3,0,3,0,0,0,0,0
2619,ucomur,,2,0,2,2,0,2,0,0,0,0,4
2621,canarias_es,,4,0,4,4,0,4,0,0,0,0,0
2622,SER_Murcia,,3,0,3,3,0,3,0,0,0,0,4
2624,Ponle_Freno,,3,0,3,3,0,3,0,0,0,0,4
2625,InformacionDGT,,4,0,4,4,0,4,0,0,0,0,4
2626,noticias_cuatro,,5,0,5,5,0,5,0,0,0,0,4
2627,lavuelta,,4,0,4,4,0,4,0,0,0,0,0
2630,AytoJumilla,,2,0,2,2,0,2,0,0,0,0,0
2632,alejanvalverde,,3,0,3,3,0,3,0,0,0,0,5
2633,NicoAlmagro,,3,0,3,3,0,3,0,0,0,0,5
2634,UCAMMurciaCF,,2,0,2,2,0,2,0,0,0,0,5
2635,ffrm_es,,2,0,2,2,0,2,0,0,0,0,0
2636,SOS48Festival,,4,0,4,4,0,4,0,0,0,0,4
2637,ElPozoMurcia_FS,,3,0,3,3,0,3,0,0,0,0,0
2638,UCAMMurcia,,3,0,3,3,0,3,0,0,0,0,0
2639,OndaCero_es,,4,0,4,4,0,4,0,0,0,0,4
2641,elEconomistaes,,4,0,4,4,0,4,0,0,0,0,0
2642,expansioncom,,4,0,4,4,0,4,0,0,0,0,0
2643,sextaNoticias,,4,0,4,4,0,4,0,0,0,0,0
2667,isidromontalvo,,3,0,3,3,0,3,0,0,0,0,2
2670,MartaBrizDial,,2,0,2,2,0,2,0,0,0,0,3
2671,atrevetedial,,3,0,3,3,0,3,0,0,0,0,0
2672,RafaCanoOficial,,4,0,4,4,0,4,0,0,0,0,0
2674,Dialtalcual,,3,0,3,3,0,3,0,0,0,0,0
2675,Cadena_Dial,,4,0,4,4,0,4,0,0,0,0,0
2677,CADENA100,,4,0,4,4,0,4,0,0,0,0,6
2678,FCajamurcia,,3,0,3,3,0,3,0,0,0,0,4
2679,CRE_Emergencias,,3,0,3,3,0,3,0,0,0,0,2
2680,EMADmde,,4,0,4,4,0,4,0,0,0,0,4
2681,Armada_esp,,4,0,4,4,0,4,0,0,0,0,4
2682,EjercitoTierra,,4,0,4,4,0,4,0,0,0,0,0
2683,EjercitoAire,,4,0,4,4,0,4,0,0,0,0,0
2684,DGTes,,4,0,4,4,0,4,0,0,0,0,4
2686,sierramurcia,,2,0,2,2,0,2,0,0,0,0,0
2691,gesintur,,3,0,3,3,0,3,0,0,0,0,0
2693,HerreraenCOPE,,4,0,4,4,0,4,0,0,0,0,4
2695,JuanfranGuevara,,2,0,2,2,0,2,0,0,0,0,4
2702,AMAMARGURA,,2,0,2,2,0,2,0,0,0,0,0
2721,LaVanguardia,,4,0,4,4,0,4,0,0,0,0,4
2722,elpais_espana,,4,0,4,4,0,4,0,0,0,0,4
2725,AJERegionMurcia,,3,0,3,3,0,3,0,0,0,0,4
2728,Amefmur,,2,0,2,2,0,2,0,0,0,0,4
2731,MurciaEmpresa,,2,0,2,2,0,2,0,0,0,0,0
2732,sef_carm,,2,0,2,2,0,2,0,0,0,0,2
2736,fjaviersoto,,2,0,2,2,0,2,0,0,0,0,0
2738,sifopcarm,,2,0,2,2,0,2,0,0,0,0,5
2740,AreaUnoArrixaca,,2,0,2,2,0,2,0,0,0,0,0
2745,anaguijarrom,,2,0,2,2,0,2,0,0,0,0,0
2747,BMWEspana,,4,0,4,4,0,4,0,0,0,0,2
2748,ManuelDuran_DG,,2,0,2,2,0,2,0,0,0,0,0
2750,FundlaCaixa,,7,0,7,7,0,7,0,0,0,0,0
2751,JHdezAlbarracin,,2,0,2,2,0,2,0,0,0,0,4
2754,Educarm,,2,0,2,2,0,2,0,0,0,0,1
2756,scoutCdSol108,,3,0,3,3,0,3,0,0,0,0,4
2757,dyaalertas,,3,0,3,3,0,3,0,0,0,0,4
2759,Isabelsm3,,2,0,2,2,0,2,0,0,0,0,7
2760,_anapastor_,,6,0,6,6,0,6,0,0,0,0,0
2761,AEMET_Murcia,,3,0,3,3,0,3,0,0,0,0,0
2764,GVA112,,3,0,3,3,0,3,0,0,0,0,0
2765,levante_emv,,4,0,4,4,0,4,0,0,0,0,4
2770,exp_juridico,,4,0,4,4,0,4,0,0,0,0,4
2771,TurismoRMurcia,,3,0,3,3,0,3,0,0,0,0,4
2772,Abogacia_es,,4,0,4,4,0,4,0,0,0,0,4
2773,PoderJudicialEs,,4,0,4,4,0,4,0,0,0,0,4
2774,prnoticias,,4,0,4,4,0,4,0,0,0,0,4
2775,justiciagob,,4,0,4,4,0,4,0,0,0,0,4
2776,BomberosMad,,3,0,3,3,0,3,0,0,0,0,1
2777,madridprotcivil,,4,0,4,4,0,4,0,0,0,0,4
2778,telediario_tve,,4,0,4,4,0,4,0,0,0,0,2
2779,interiorgob,,6,0,6,6,0,6,0,0,0,0,4
2780,EMTmadrid,,4,0,4,4,0,4,0,0,0,0,4
2781,EmergenciasMad,,3,0,3,3,0,3,0,0,0,0,0
2782,SAMUR_PC,,5,0,5,5,0,5,0,0,0,0,4
2783,Lineamadrid,,3,0,3,3,0,3,0,0,0,0,0
2784,informativost5,,5,0,5,5,0,5,0,0,0,0,5
2787,marca,,5,0,5,5,0,5,0,0,0,0,0
2789,ElSoldeLorca,,2,0,2,2,0,2,0,0,0,0,4
2792,ViolanteTomas,,2,0,2,2,0,2,0,0,0,0,0
2794,TurismodeMurcia,,6,0,6,6,0,6,0,0,0,0,4
2795,elconfidencial,,4,0,4,4,0,4,0,0,0,0,0
2796,InformajovenMur,,4,0,4,4,0,4,0,0,0,0,4
2798,elperiodico,,4,0,4,4,0,4,0,0,0,0,0
2800,europapress,,5,0,5,5,0,5,0,0,0,0,4
2801,Ballesta_Murcia,,2,0,2,2,0,2,0,0,0,0,0
2802,MurciaPolicia,,2,0,2,2,0,2,0,0,0,0,4
2811,112cmadrid,,3,0,3,3,0,3,0,0,0,0,0
2812,salvamentogob,,3,0,3,3,0,3,0,0,0,0,5
2813,MADRID,,5,0,5,5,0,5,0,0,0,0,0
2814,ONUHumanRights,,5,0,5,5,0,5,0,0,0,0,4
2815,ONU_es,,5,0,5,5,0,5,0,0,0,0,0
2816,parlamentoUE,,5,0,5,5,0,5,0,0,0,0,2
2817,Congreso_Es,,4,0,4,4,0,4,0,0,0,0,4
2818,Senadoesp,,4,0,4,4,0,4,0,0,0,0,0
2819,CasaReal,,5,0,5,5,0,5,0,0,0,0,4
2823,rtve,,4,0,4,4,0,4,0,0,0,0,0
2824,rtvenoticias,,5,0,5,5,0,5,0,0,0,0,5
2825,tve_tve,,6,0,6,6,0,6,0,0,0,0,0
2826,telecincoes,,4,0,4,4,0,4,0,0,0,0,0
2827,playz,,4,0,4,4,0,4,0,0,0,0,4
2828,la2_tve,,6,0,6,6,0,6,0,0,0,0,4
2830,La1_tve,,5,0,5,5,0,5,0,0,0,0,0
2831,cuatro,,4,0,4,4,0,4,0,0,0,0,0
2832,antena3com,,4,0,4,4,0,4,0,0,0,0,0
2833,eldiarioes,,6,0,6,6,0,6,0,0,0,0,0
2834,hora25,,4,0,4,4,0,4,0,0,0,0,0
2835,laSextaTV,,6,0,6,6,0,6,0,0,0,0,0
2836,La_SER,,5,0,5,5,0,5,0,0,0,0,0
2837,UMEgob,,4,0,4,4,0,4,0,0,0,0,1
2839,InfoEmerg,,4,0,4,4,0,4,0,0,0,0,0
2840,LaVerdadLorca,,2,0,2,2,0,2,0,0,0,0,4
2843,AUGC_Comunica,,3,0,3,3,0,3,0,0,0,0,4
2844,ufpol,,3,0,3,3,0,3,0,0,0,0,7
2846,cep_cepolicia,,2,0,2,2,0,2,0,0,0,0,4
2847,Sup_Policia,,3,0,3,3,0,3,0,0,0,0,4
2848,DGobiernoMadrid,,2,0,2,2,0,2,0,0,0,0,0
2849,policiaforal_na,,2,0,2,2,0,2,0,0,0,0,4
2850,unidelmar,,2,0,2,2,0,2,0,0,0,0,1
2855,CorazonFiesta,,2,0,2,2,0,2,0,0,0,0,0
2858,Defensagob,,5,0,5,5,0,5,0,0,0,0,0
2859,mossos,,3,0,3,3,0,3,0,0,0,0,8
2860,policiademadrid,,5,0,5,5,0,5,0,0,0,0,4
2862,AytoMurcia,,3,0,3,3,0,3,0,0,0,0,4
2863,LopezMirasF,,2,0,2,2,0,2,0,0,0,0,4
2866,Downlorca,,2,0,2,2,0,2,0,0,0,0,4
2872,EFEnoticias,,4,0,4,4,0,4,0,0,0,0,4
2873,larazon_es,,4,0,4,4,0,4,0,0,0,0,4
2875,La7_tv,,2,0,2,2,0,2,0,0,0,0,4
2877,_MaluOficial_,,5,0,5,5,0,5,0,0,0,0,5
2878,_Murcia,,3,0,3,3,0,3,0,0,0,0,4
2881,desdelamoncloa,,5,0,5,5,0,5,0,0,0,0,0
2882,GDTGuardiaCivil,,5,0,5,5,0,5,0,0,0,0,4
2883,A3Noticias,,6,0,6,6,0,6,0,0,0,0,4
2884,muyinteresante,,9,0,9,9,0,9,0,0,0,0,2
2885,guardiacivil,,7,0,7,7,0,7,0,0,0,0,4
2888,Soc_Info,,2,0,2,2,0,2,0,0,0,0,4
2889,policia,,7,0,7,7,0,7,0,0,0,0,0
2892,112rmurcia,,3,0,3,3,0,3,0,0,0,0,4
2900,francismojo,,2,0,2,2,0,2,0,0,0,0,4
2911,juanframartinez,,2,0,2,2,0,2,0,0,0,0,4
2914,jacello,,2,0,2,2,0,2,0,0,0,0,0
2915,murciaeconomia,,2,0,2,2,0,2,0,0,0,0,4
2916,croemurcia,,3,0,3,3,0,3,0,0,0,0,4
2918,infoRMurcia,,3,0,3,3,0,3,0,0,0,0,4
2920,CruzRojaMurcia,,2,0,2,2,0,2,0,0,0,0,4
2922,20m,,7,0,7,7,0,7,0,0,0,0,5
2928,112Lorca,,2,0,2,2,0,2,0,0,0,0,0
2932,hosteltur,,5,0,5,5,0,5,0,0,0,0,4
2933,paradores,,4,0,4,4,0,4,0,0,0,0,2
2938,lorcaturismo_es,,2,0,2,2,0,2,0,0,0,0,0
2939,Roquemartinezg,,3,0,3,3,0,3,0,0,0,0,4
2940,emergenciaspsi,,2,0,2,2,0,2,0,0,0,0,0
2947,JoseJFL,,2,0,2,2,0,2,0,0,0,0,0
2950,pacoperan,,3,0,3,3,0,3,0,0,0,0,6
2951,juventud_Lorca,,3,0,3,3,0,3,0,0,0,0,4
2955,lorca_info,,2,0,2,2,0,2,0,0,0,0,4
2957,Miotroyo2parte,,3,0,3,3,0,3,0,0,0,0,8
2959,LorcaTaller,,2,0,2,2,0,2,0,0,0,0,6
2960,elmundoes,,8,0,8,8,0,8,0,0,0,0,5
2961,PopularTvMurcia,,2,0,2,2,0,2,0,0,0,0,0
2962,UCAM,,4,0,4,4,0,4,0,0,0,0,7
2963,UMU,,5,0,5,5,0,5,0,0,0,0,4
2964,laverdad_es,,3,0,3,3,0,3,0,0,0,0,4
2965,diariolaopinion,,4,0,4,4,0,4,0,0,0,0,4
2966,regiondemurcia,,3,0,3,3,0,3,0,0,0,0,0
2969,EPMurcia,,2,0,2,2,0,2,0,0,0,0,0
2970,INIELGIGANTE,,4,0,4,4,0,4,0,0,0,0,4
2971,camaracomlorca,,2,0,2,2,0,2,0,0,0,0,4
2973,TaxiLorca,,2,0,2,2,0,2,0,0,0,0,4
2975,CECLOR_,,2,0,2,2,0,2,0,0,0,0,4
2978,FOMLorca,,2,0,2,2,0,2,0,0,0,0,4
2981,CruzRojaLorca,,2,0,2,2,0,2,0,0,0,0,4
2984,agullamas,,2,0,2,2,0,2,0,0,0,0,4
2992,Ambulorca,,2,0,2,2,0,2,0,0,0,0,0
2999,AytoLorca,,3,0,3,3,0,3,0,0,0,0,4
3000,fundacionsi,,2,0,2,2,0,2,0,0,0,0,5
3002,Fejuves,,2,0,2,2,0,2,0,0,0,0,5
3008,Filmaffinity,,4,0,4,4,0,4,0,0,0,0,2
3010,HQ_NutriWord,,2,0,2,2,0,2,0,0,0,0,5
3012,CemedUGR,,6,0,6,6,0,6,0,0,0,0,5
3013,rpuertocano,,2,0,2,2,0,2,0,0,0,0,5
3014,ETSIngenieria,,3,0,3,3,0,3,0,0,0,0,1
3015,jlcastill3,,2,0,2,2,0,2,0,0,0,0,5
3016,claramoris98,,3,0,3,3,0,3,0,0,0,0,5
3017,quimyo,,4,0,4,4,0,4,0,0,0,0,0
3018,mjoseadc,,2,0,2,2,0,2,0,0,0,0,5
3020,DEIITUGR,,4,0,4,4,0,4,0,0,0,0,5
3021,DeagEtsag,,4,0,4,4,0,4,0,0,0,0,5
3022,AngelaRodrguez2,,3,0,3,3,0,3,0,0,0,0,6
3024,trineopatri,,2,0,2,2,0,2,0,0,0,0,5
3025,gudrunpalominot,,3,0,3,3,0,3,0,0,0,0,5
3027,solesoccasus,,3,0,3,3,0,3,0,0,0,0,5
3028,sxrubouh,,4,0,4,4,0,4,0,0,0,0,5
3031,retrochenta,,3,0,3,3,0,3,0,0,0,0,1
3034,rolandgarros,,4,0,4,4,0,4,0,0,0,0,5
3035,RafaelNadal,,6,0,6,6,0,6,0,0,0,0,0
3036,JuanEntrena,,2,0,2,2,0,2,0,0,0,0,5
3039,CindyArizaa,,2,0,2,2,0,2,0,0,0,0,5
3041,intheworldgods,,3,0,3,3,0,3,0,0,0,0,5
3042,CristinaCN20,,3,0,3,3,0,3,0,0,0,0,5
3044,marheres99,,2,0,2,2,0,2,0,0,0,0,5
3047,CervezaVictoria,,4,0,4,4,0,4,0,0,0,0,0
3048,isssaa05,,3,0,3,3,0,3,0,0,0,0,5
3049,ines_san7,,2,0,2,2,0,2,0,0,0,0,5
3051,Dudenverlag,,2,0,2,2,0,2,0,0,0,0,1
3053,juliacantarero4,,2,0,2,2,0,2,0,0,0,0,5
3055,pramireztello,,4,0,4,4,0,4,0,0,0,0,5
3056,dsn,,4,0,4,4,0,4,0,0,0,0,2
3058,josef448,,2,0,2,2,0,2,0,0,0,0,5
3060,jcgilberrozpe,,2,0,2,2,0,2,0,0,0,0,5
3061,FLOTUS,,4,0,4,4,0,4,0,0,0,0,8
3062,ROMA_KHA,,2,0,2,2,0,2,0,0,0,0,5
3063,Scheherezade_SL,,4,0,4,4,0,4,0,0,0,0,5
3064,Cotilleos_UGR_,,4,0,4,4,0,4,0,0,0,0,5
3069,CristhianPV84,,2,0,2,2,0,2,0,0,0,0,5
3070,ZEITjUNG,,2,0,2,2,0,2,0,0,0,0,1
3071,saludand,,5,0,5,5,0,5,0,0,0,0,0
3073,MarioMotivacion,,4,0,4,4,0,4,0,0,0,0,5
3074,ptorregrosap,,4,0,4,4,0,4,0,0,0,0,5
3076,FLTraducciones,,2,0,2,2,0,2,0,0,0,0,5
3077,JuanMarin_Cs,,4,0,4,4,0,4,0,0,0,0,0
3078,carlosherreracr,,4,0,4,4,0,4,0,0,0,0,4
3079,JuanMa_Moreno,,4,0,4,4,0,4,0,0,0,0,0
3080,GallaudetU,,4,0,4,4,0,4,0,0,0,0,1
3081,WFDeaf_org,,2,0,2,2,0,2,0,0,0,0,5
3082,aguedaar_22,,3,0,3,3,0,3,0,0,0,0,5
3083,irenetm5,,2,0,2,2,0,2,0,0,0,0,5
3084,miguelsillero2,,3,0,3,3,0,3,0,0,0,0,5
3087,celialamarca,,2,0,2,2,0,2,0,0,0,0,5
3088,mariquillaml22,,2,0,2,2,0,2,0,0,0,0,5
3089,olgaa_fdez,,2,0,2,2,0,2,0,0,0,0,5
3091,MUTP_UGR,,3,0,3,3,0,3,0,0,0,0,5
3092,IreneAlcRod,,3,0,3,3,0,3,0,0,0,0,5
3093,AETI_UGR,,4,0,4,4,0,4,0,0,0,0,5
3094,mfgranaina,,6,0,6,6,0,6,0,0,0,0,0
3095,UGR__ENFURECIDA,,4,0,4,4,0,4,0,0,0,0,5
3096,pizzametrogr,,4,0,4,4,0,4,0,0,0,0,8
3097,EcoUgr,,4,0,4,4,0,4,0,0,0,0,5
3099,CarIaArco,,2,0,2,2,0,2,0,0,0,0,5
3100,AngelPeinado11,,2,0,2,2,0,2,0,0,0,0,5
3102,ManuuContreras,,2,0,2,2,0,2,0,0,0,0,6
3103,silvi_tc,,3,0,3,3,0,3,0,0,0,0,5
3104,IntensitoTEI,,3,0,3,3,0,3,0,0,0,0,5
3105,SordasHuelva,,2,0,2,2,0,2,0,0,0,0,5
3106,senasogra,,3,0,3,3,0,3,0,0,0,0,0
3107,ALBOR_Cadiz,,2,0,2,2,0,2,0,0,0,0,5
3108,TeresaYedra,,2,0,2,2,0,2,0,0,0,0,5
3109,raso_ruben,,2,0,2,2,0,2,0,0,0,0,5
3110,UnaSord_info,,2,0,2,2,0,2,0,0,0,0,5
3113,elprogramadear,,3,0,3,3,0,3,0,0,0,0,0
3114,carloscuestaEM,,3,0,3,3,0,3,0,0,0,0,5
3115,opsoms,,3,0,3,3,0,3,0,0,0,0,2
3116,javitm98,,3,0,3,3,0,3,0,0,0,0,5
3117,CLocalizado,,2,0,2,2,0,2,0,0,0,0,5
3118,begonavillacis,,4,0,4,4,0,4,0,0,0,0,0
3120,anna_matamala,,3,0,3,3,0,3,0,0,0,0,5
3121,ccifuentes,,3,0,3,3,0,3,0,0,0,0,0
3123,LuisFigo,,4,0,4,4,0,4,0,0,0,0,2
3124,esne_es,,4,0,4,4,0,4,0,0,0,0,0
3125,aneti_info,,4,0,4,4,0,4,0,0,0,0,5
3126,Filmin,,3,0,3,3,0,3,0,0,0,0,0
3127,pompadouronline,,2,0,2,2,0,2,0,0,0,0,0
3128,DrSheilaQueralt,,3,0,3,3,0,3,0,0,0,0,5
3129,GirautaOficial,,4,0,4,4,0,4,0,0,0,0,0
3130,populares,,4,0,4,4,0,4,0,0,0,0,0
3131,cayetanaAT,,3,0,3,3,0,3,0,0,0,0,5
3132,mejoreszasca,,4,0,4,4,0,4,0,0,0,0,6
3135,GiorgiaMeloni,,5,0,5,5,0,5,0,0,0,0,3
3138,PerezJorgeDiez1,,2,0,2,2,0,2,0,0,0,0,2
3139,MeerRocio,,3,0,3,3,0,3,0,0,0,0,6
3140,GarciaAdanero,,3,0,3,3,0,3,0,0,0,0,0
3142,BelenEstebanM,,4,0,4,4,0,4,0,0,0,0,6
3143,olgaberrios,,2,0,2,2,0,2,0,0,0,0,0
3144,elaulatoday,,3,0,3,3,0,3,0,0,0,0,5
3145,realDonaldTrump,,8,0,8,8,0,8,0,0,0,0,2
3146,joanguirado,,2,0,2,2,0,2,0,0,0,0,2
3147,bea_fanjul,,3,0,3,3,0,3,0,0,0,0,1
3148,carlesenric,,3,0,3,3,0,3,0,0,0,0,0
3149,WillyTolerdoo,,3,0,3,3,0,3,0,0,0,0,0
3150,jlsteeg,,2,0,2,2,0,2,0,0,0,0,1
3153,vivecostadelsol,,4,0,4,4,0,4,0,0,0,0,4
3154,MdT_TVE,,4,0,4,4,0,4,0,0,0,0,2
3155,paseamosjuntos,,2,0,2,2,0,2,0,0,0,0,5
3156,OFPIUGR,,4,0,4,4,0,4,0,0,0,0,6
3158,javiernegre10,,3,0,3,3,0,3,0,0,0,0,4
3159,alvaroojeda80,,4,0,4,4,0,4,0,0,0,0,5
3160,UA_Universidad,,5,0,5,5,0,5,0,0,0,0,1
3162,libertaddigital,,5,0,5,5,0,5,0,0,0,0,4
3163,AlmeidaPP_,,4,0,4,4,0,4,0,0,0,0,5
3164,ldpsincomplejos,,3,0,3,3,0,3,0,0,0,0,4
3165,IdiazAyuso,,3,0,3,3,0,3,0,0,0,0,4
3166,okdiario,,5,0,5,5,0,5,0,0,0,0,4
3168,DocsityEs,,3,0,3,3,0,3,0,0,0,0,4
3171,UniversidadGob,,5,0,5,5,0,5,0,0,0,0,5
3175,FrayJosepho,,2,0,2,2,0,2,0,0,0,0,8
3176,sanchezcasrejon,,2,0,2,2,0,2,0,0,0,0,2
3177,oriolmitja,,3,0,3,3,0,3,0,0,0,0,0
3178,DisneyPlusES,,2,0,2,2,0,2,0,0,0,0,2
3184,fcd_ugr,,5,0,5,5,0,5,0,0,0,0,5
3185,BellasArtesUGR,,8,0,8,8,0,8,0,0,0,0,5
3186,defcUGR,,4,0,4,4,0,4,0,0,0,0,5
3187,FcceeUgr,,5,0,5,5,0,5,0,0,0,0,5
3188,bibliotecaUGR,,7,0,7,7,0,7,0,0,0,0,5
3189,Patrimonio_UGR,,7,0,7,7,0,7,0,0,0,0,5
3192,hermanntertsch,,3,0,3,3,0,3,0,0,0,0,1
3194,OlgaPatriaVOX,,2,0,2,2,0,2,0,0,0,0,5
3198,RABAGOISABEL,,4,0,4,4,0,4,0,0,0,0,2
3224,InesArrimadas,,4,0,4,4,0,4,0,0,0,0,0
3226,MGClaros,,2,0,2,2,0,2,0,0,0,0,0
3227,MuseoBBAAGranad,,4,0,4,4,0,4,0,0,0,0,6
3228,MuseoAlhambra,,5,0,5,5,0,5,0,0,0,0,5
3229,Musarqgranada,,5,0,5,5,0,5,0,0,0,0,6
3230,AltavozCoop,,2,0,2,2,0,2,0,0,0,0,0
3234,LF_Euskadi,,2,0,2,2,0,2,0,0,0,0,5
3235,GrupoAMAS,,2,0,2,2,0,2,0,0,0,0,6
3236,Lectfacil,,2,0,2,2,0,2,0,0,0,0,5
3237,LFMadrid,,2,0,2,2,0,2,0,0,0,0,5
3238,dilo_facil,,2,0,2,2,0,2,0,0,0,0,0
3239,CNLSE,,4,0,4,4,0,4,0,0,0,0,0
3241,CrueUniversidad,,5,0,5,5,0,5,0,0,0,0,5
3242,PrimeVideoES,,4,0,4,4,0,4,0,0,0,0,5
3243,MariaJamardoC,,3,0,3,3,0,3,0,0,0,0,0
3244,FILSE_ils_gi,,2,0,2,2,0,2,0,0,0,0,0
3245,cuervacobo,,5,0,5,5,0,5,0,0,0,0,0
3246,FACCpsordas,,3,0,3,3,0,3,0,0,0,0,4
3248,VOX_Europa_,,2,0,2,2,0,2,0,0,0,0,5
3249,VOX_Congreso,,3,0,3,3,0,3,0,0,0,0,0
3253,VercauterenGert,,2,0,2,2,0,2,0,0,0,0,0
3255,ChabeliAc,,3,0,3,3,0,3,0,0,0,0,0
3256,amasogra,,3,0,3,3,0,3,0,0,0,0,0
3257,YOrientacion,,2,0,2,2,0,2,0,0,0,0,5
3258,MSordas10de,,4,0,4,4,0,4,0,0,0,0,0
3260,agdem_granada,,2,0,2,2,0,2,0,0,0,0,0
3261,fcienciasugr,,5,0,5,5,0,5,0,0,0,0,5
3262,FIAPAS,,2,0,2,2,0,2,0,0,0,0,0
3263,MQDAccesible,,2,0,2,2,0,2,0,0,0,0,0
3264,DeportesUGR,,5,0,5,5,0,5,0,0,0,0,5
3265,SaludableUGR,,4,0,4,4,0,4,0,0,0,0,5
3266,UGRinvestiga,,5,0,5,5,0,5,0,0,0,0,5
3267,UGR_Igualdad,,5,0,5,5,0,5,0,0,0,0,5
3268,googleaccess,,3,0,3,3,0,3,0,0,0,0,1
3269,fbaccess,,2,0,2,2,0,2,0,0,0,0,0
3271,MuseoGuggenheim,,5,0,5,5,0,5,0,0,0,0,4
3272,mPICASSOm,,4,0,4,4,0,4,0,0,0,0,0
3273,thyssenmalaga,,4,0,4,4,0,4,0,0,0,0,0
3274,CarmenMSnchez,,4,0,4,4,0,4,0,0,0,0,1
3277,SebastianGR1965,,5,0,5,5,0,5,0,0,0,0,0
3278,LuisSalvador,,4,0,4,4,0,4,0,0,0,0,5
3279,vox_malaga,,2,0,2,2,0,2,0,0,0,0,0
3280,_ANAMILAN_,,6,0,6,6,0,6,0,0,0,0,5
3281,VOX_Jaen,,3,0,3,3,0,3,0,0,0,0,0
3282,VOXSevilla_,,2,0,2,2,0,2,0,0,0,0,0
3283,PabloSaezAM,,2,0,2,2,0,2,0,0,0,0,5
3286,madrid_vox,,2,0,2,2,0,2,0,0,0,0,5
3288,AndaluciaVox,,3,0,3,3,0,3,0,0,0,0,0
3289,FSerranoCastro,,2,0,2,2,0,2,0,0,0,0,5
3290,Ortega_Smith,,3,0,3,3,0,3,0,0,0,0,6
3291,DORAssessment,,2,0,2,2,0,2,0,0,0,0,1
3294,EDFaccess,,4,0,4,4,0,4,0,0,0,0,1
3295,IgualdadAND,,5,0,5,5,0,5,0,0,0,0,0
3296,eneti2021UMU,,3,0,3,3,0,3,0,0,0,0,5
3307,pedro_fhz,,2,0,2,2,0,2,0,0,0,0,5
3308,monasterioR,,3,0,3,3,0,3,0,0,0,0,2
3309,Oysho,,4,0,4,4,0,4,0,0,0,0,5
3310,hm,,4,0,4,4,0,4,0,0,0,0,6
3311,Bershka,,4,0,4,4,0,4,0,0,0,0,6
3312,Mango,,5,0,5,5,0,5,0,0,0,0,6
3313,stradivarius,,4,0,4,4,0,4,0,0,0,0,6
3314,TweetCalzedonia,,4,0,4,4,0,4,0,0,0,0,6
3317,JanLKruger,,2,0,2,2,0,2,0,0,0,0,0
3318,GianMariaGreco,,2,0,2,2,0,2,0,0,0,0,0
3319,sageopenjournal,,2,0,2,2,0,2,0,0,0,0,5
3320,Tirant_ESP,,4,0,4,4,0,4,0,0,0,0,4
3322,xataka,,4,0,4,4,0,4,0,0,0,0,2
3325,mestremanuel,,2,0,2,2,0,2,0,0,0,0,5
3326,Macarena_Olona,,3,0,3,3,0,3,0,0,0,0,0
3327,Jorgebuxade,,2,0,2,2,0,2,0,0,0,0,1
3328,ENTRECULTURAS7,,2,0,2,2,0,2,0,0,0,0,0
3329,quicorb,,3,0,3,3,0,3,0,0,0,0,5
3330,Patricia_Pozo_,,3,0,3,3,0,3,0,0,0,0,0
3332,Igarrigavaz,,2,0,2,2,0,2,0,0,0,0,5
3333,vox_es,,5,0,5,5,0,5,0,0,0,0,1
3334,ivanedlm,,3,0,3,3,0,3,0,0,0,0,5
3335,Ismael_Pardo,,3,0,3,3,0,3,0,0,0,0,7
3336,Red_Vertice,,3,0,3,3,0,3,0,0,0,0,5
3339,MOrtega_Mar,,3,0,3,3,0,3,0,0,0,0,5
3340,itemtrad,,2,0,2,2,0,2,0,0,0,0,0
3341,ja_meca,,5,0,5,5,0,5,0,0,0,0,0
3342,aliciamartorell,,4,0,4,4,0,4,0,0,0,0,5
3343,ampersoundmedia,,4,0,4,4,0,4,0,0,0,0,5
3344,heyRatolina,,3,0,3,3,0,3,0,0,0,0,0
3346,tpalahi,,3,0,3,3,0,3,0,0,0,0,0
3347,rosadiezglez,,3,0,3,3,0,3,0,0,0,0,5
3349,tradaval,,2,0,2,2,0,2,0,0,0,0,5
3350,granadadigital,,7,0,7,7,0,7,0,0,0,0,5
3353,EASITproject,,2,0,2,2,0,2,0,0,0,0,0
3354,AppStore,,4,0,4,4,0,4,0,0,0,0,7
3355,JuanGomezJurado,,4,0,4,4,0,4,0,0,0,0,0
3357,AppleEDU,,4,0,4,4,0,4,0,0,0,0,1
3361,BVG_Kampagne,,2,0,2,2,0,2,0,0,0,0,6
3362,NextMediaHH,,2,0,2,2,0,2,0,0,0,0,5
3368,CgEspDusseldorf,,2,0,2,2,0,2,0,0,0,0,5
3369,EmbEspAlemania,,3,0,3,3,0,3,0,0,0,0,4
3370,EmbEspFrancia,,3,0,3,3,0,3,0,0,0,0,5
3374,CILIDIgital,,2,0,2,2,0,2,0,0,0,0,0
3375,Policia_Granada,,5,0,5,5,0,5,0,0,0,0,5
3376,Academiadecine,,5,0,5,5,0,5,0,0,0,0,0
3377,CINEMANIA_ES,,3,0,3,3,0,3,0,0,0,0,0
3378,lamadrazacccugr,,8,0,8,8,0,8,0,0,0,0,5
3379,dipgra,,6,0,6,6,0,6,0,0,0,0,4
3380,GranadaenFotos,,4,0,4,4,0,4,0,0,0,0,0
3381,radiogranada,,5,0,5,5,0,5,0,0,0,0,0
3382,_AArco,,2,0,2,2,0,2,0,0,0,0,0
3384,granadaimedia,,4,0,4,4,0,4,0,0,0,0,0
3385,TeatroICatolica,,5,0,5,5,0,5,0,0,0,0,4
3386,Gorrones_GR,,6,0,6,6,0,6,0,0,0,0,0
3387,Granalhambra,,5,0,5,5,0,5,0,0,0,0,0
3391,SantanderUni,,3,0,3,3,0,3,0,0,0,0,4
3392,FEDER_ONG,,3,0,3,3,0,3,0,0,0,0,0
3393,fundacionayala,,3,0,3,3,0,3,0,0,0,0,0
3395,UrbanOutfitters,,3,0,3,3,0,3,0,0,0,0,2
3396,lidlespana,,4,0,4,4,0,4,0,0,0,0,8
3397,ZARA,,4,0,4,4,0,4,0,0,0,0,2
3398,elcorteingles,,5,0,5,5,0,5,0,0,0,0,2
3399,Mercadona,,4,0,4,4,0,4,0,0,0,0,0
3400,Universia,,4,0,4,4,0,4,0,0,0,0,0
3402,berlinairport,,3,0,3,3,0,3,0,0,0,0,2
3403,aguacuidaagua,,2,0,2,2,0,2,0,0,0,0,4
3404,KellysUnionGR,,2,0,2,2,0,2,0,0,0,0,5
3405,aytogr,,6,0,6,6,0,6,0,0,0,0,5
3406,RozalenMusic,,5,0,5,5,0,5,0,0,0,0,0
3409,ESIST_official,,2,0,2,2,0,2,0,0,0,0,0
3411,dorrego,,3,0,3,3,0,3,0,0,0,0,5
3412,JanPedersen1969,,2,0,2,2,0,2,0,0,0,0,0
3413,LMconference,,2,0,2,2,0,2,0,0,0,0,0
3416,OpenFuture_And,,5,0,5,5,0,5,0,0,0,0,0
3417,observatorioedu,,4,0,4,4,0,4,0,0,0,0,4
3418,tictac,,2,0,2,2,0,2,0,0,0,0,5
3419,NetflixES,,7,0,7,7,0,7,0,0,0,0,5
3420,VIPS,,4,0,4,4,0,4,0,0,0,0,6
3423,_orangemoon_,,2,0,2,2,0,2,0,0,0,0,5
3424,SaraJuradoP,,2,0,2,2,0,2,0,0,0,0,6
3425,CarrerasCientif,,2,0,2,2,0,2,0,0,0,0,0
3426,ComedyCentralES,,4,0,4,4,0,4,0,0,0,0,5
3427,AXN_Espana,,4,0,4,4,0,4,0,0,0,0,0
3428,CientificoenEsp,,2,0,2,2,0,2,0,0,0,0,5
3430,myriamMFiestas,,2,0,2,2,0,2,0,0,0,0,0
3432,RadioLabUGR,,5,0,5,5,0,5,0,0,0,0,5
3433,CanalSurRadio,,4,0,4,4,0,4,0,0,0,0,1
3435,AnaGregCan,,2,0,2,2,0,2,0,0,0,0,5
3436,Robeco,,4,0,4,4,0,4,0,0,0,0,2
3437,DiarioSUR,,5,0,5,5,0,5,0,0,0,0,0
3438,SANTILLANA_es,,3,0,3,3,0,3,0,0,0,0,4
3439,unidconciencia,,4,0,4,4,0,4,0,0,0,0,0
3440,cienciaconwill,,3,0,3,3,0,3,0,0,0,0,0
3441,CNSEinfo,,4,0,4,4,0,4,0,0,0,0,0
3442,FundacionDerDis,,2,0,2,2,0,2,0,0,0,0,0
3443,PacoCuenca,,5,0,5,5,0,5,0,0,0,0,5
3444,PilarArandaUGR,,8,0,8,8,0,8,0,0,0,0,5
3445,Aune_Ugr,,3,0,3,3,0,3,0,0,0,0,5
3446,polisocioUGR,,6,0,6,6,0,6,0,0,0,0,5
3447,ibsGRANADA,,4,0,4,4,0,4,0,0,0,0,6
3449,novedadhboes,,3,0,3,3,0,3,0,0,0,0,0
3450,CERMI_Madrid,,3,0,3,3,0,3,0,0,0,0,0
3451,Sordonautas,,2,0,2,2,0,2,0,0,0,0,0
3452,FeSorCam,,2,0,2,2,0,2,0,0,0,0,0
3453,Fesord,,4,0,4,4,0,4,0,0,0,0,0
3456,BreakerUgr,,3,0,3,3,0,3,0,0,0,0,5
3457,UGRdivulga,,7,0,7,7,0,7,0,0,0,0,5
3458,educaugr,,7,0,7,7,0,7,0,0,0,0,5
3459,Kantar_ES,,3,0,3,3,0,3,0,0,0,0,0
3460,amctv_es,,2,0,2,2,0,2,0,0,0,0,5
3461,ASOCIDE_org,,2,0,2,2,0,2,0,0,0,0,5
3462,AVSPERSONASSORD,,2,0,2,2,0,2,0,0,0,0,5
3463,apsalcoi,,2,0,2,2,0,2,0,0,0,0,5
3464,Adan_Cadiz,,2,0,2,2,0,2,0,0,0,0,5
3465,LuzMoon25,,2,0,2,2,0,2,0,0,0,0,0
3466,Autonomia_Perso,,2,0,2,2,0,2,0,0,0,0,5
3467,PSordasCordoba,,2,0,2,2,0,2,0,0,0,0,0
3468,JuveSordAnd,,3,0,3,3,0,3,0,0,0,0,0
3469,APROJUSOGRA,,4,0,4,4,0,4,0,0,0,0,6
3470,faxpg,,3,0,3,3,0,3,0,0,0,0,0
3471,ASORNA,,3,0,3,3,0,3,0,0,0,0,0
3472,apansce,,2,0,2,2,0,2,0,0,0,0,5
3473,entresignos_com,,2,0,2,2,0,2,0,0,0,0,5
3474,Mediasignos,,2,0,2,2,0,2,0,0,0,0,5
3475,FESOPRAS,,3,0,3,3,0,3,0,0,0,0,0
3476,sordos2000,,2,0,2,2,0,2,0,0,0,0,0
3477,FESOCAinfo,,3,0,3,3,0,3,0,0,0,0,0
3478,Webvisual_tv,,2,0,2,2,0,2,0,0,0,0,5
3479,FASICAN96,,2,0,2,2,0,2,0,0,0,0,5
3480,APASCIDE,,2,0,2,2,0,2,0,0,0,0,0
3481,Ceapat,,3,0,3,3,0,3,0,0,0,0,0
3482,Sordoceguera,,2,0,2,2,0,2,0,0,0,0,0
3486,JuntaPDI_US,,2,0,2,2,0,2,0,0,0,0,5
3487,SAT_nacional,,5,0,5,5,0,5,0,0,0,0,5
3488,SATSevilla,,2,0,2,2,0,2,0,0,0,0,0
3489,SATUniversidad,,3,0,3,3,0,3,0,0,0,0,0
3491,CCOOdelaUGR,,5,0,5,5,0,5,0,0,0,0,6
3492,UGTUGR,,4,0,4,4,0,4,0,0,0,0,5
3493,CSIFGranada,,3,0,3,3,0,3,0,0,0,0,0
3494,SMgrupo,,3,0,3,3,0,3,0,0,0,0,4
3495,feproami,,3,0,3,3,0,3,0,0,0,0,0
3496,Discapnet,,4,0,4,4,0,4,0,0,0,0,4
3497,ILUNION,,4,0,4,4,0,4,0,0,0,0,0
3498,TuriCartagenaES,,3,0,3,3,0,3,0,0,0,0,4
3499,Fundacion_ONCE,,6,0,6,6,0,6,0,0,0,0,4
3501,vivirCartagena,,2,0,2,2,0,2,0,0,0,0,2
3502,Cermi_Estatal,,4,0,4,4,0,4,0,0,0,0,0
3504,CERMICLM,,4,0,4,4,0,4,0,0,0,0,4
3506,plenaCLM,,3,0,3,3,0,3,0,0,0,0,5
3507,AsidoCartagena,,2,0,2,2,0,2,0,0,0,0,4
3508,AsprodesSalaman,,4,0,4,4,0,4,0,0,0,0,4
3509,PlenaCyL,,4,0,4,4,0,4,0,0,0,0,4
3510,PlenaMurcia,,2,0,2,2,0,2,0,0,0,0,5
3515,Juditrad,,2,0,2,2,0,2,0,0,0,0,5
3516,FJIprecarios,,2,0,2,2,0,2,0,0,0,0,8
3517,Subbabel,,2,0,2,2,0,2,0,0,0,0,2
3518,cine_accesible,,4,0,4,4,0,4,0,0,0,0,4
3522,Lenguando,,4,0,4,4,0,4,0,0,0,0,5
3525,pilar_lima,,2,0,2,2,0,2,0,0,0,0,5
3526,CJSCNSE,,4,0,4,4,0,4,0,0,0,0,0
3527,GolemBilbao,,2,0,2,2,0,2,0,0,0,0,0
3529,netflix,,4,0,4,4,0,4,0,0,0,0,7
3530,TransmediaCat,,2,0,2,2,0,2,0,0,0,0,0
3531,AnnaMJankowska,,2,0,2,2,0,2,0,0,0,0,0
3532,ASzarkowska,,2,0,2,2,0,2,0,0,0,0,0
3533,JorgeDiazCintas,,3,0,3,3,0,3,0,0,0,0,5
3534,BeatrizRomeroLS,,2,0,2,2,0,2,0,0,0,0,5
3535,JJMS72,,2,0,2,2,0,2,0,0,0,0,1
3536,javipalarcon,,3,0,3,3,0,3,0,0,0,0,5
3537,albertofh_TAV,,2,0,2,2,0,2,0,0,0,0,5
3539,empleosur,,4,0,4,4,0,4,0,0,0,0,0
3540,Seviempleo,,4,0,4,4,0,4,0,0,0,0,4
3541,raflosa,,3,0,3,3,0,3,0,0,0,0,5
3543,CeliaDominguezR,,3,0,3,3,0,3,0,0,0,0,4
3544,AMarquezOrdonez,,3,0,3,3,0,3,0,0,0,0,4
3545,Gorkaprofe,,2,0,2,2,0,2,0,0,0,0,5
3547,ladyhalcon2012,,2,0,2,2,0,2,0,0,0,0,0
3548,jblasgarcia,,4,0,4,4,0,4,0,0,0,0,6
3551,TRICLab,,2,0,2,2,0,2,0,0,0,0,5
3554,cmartalazo,,2,0,2,2,0,2,0,0,0,0,2
3555,elisahergueta,,2,0,2,2,0,2,0,0,0,0,1
3556,CCostadelrio,,4,0,4,4,0,4,0,0,0,0,6
3558,Rherrera25,,5,0,5,5,0,5,0,0,0,0,0
3559,marfilcarmona,,4,0,4,4,0,4,0,0,0,0,6
3562,aprolauja,,2,0,2,2,0,2,0,0,0,0,5
3563,columba75,,2,0,2,2,0,2,0,0,0,0,5
3564,icalmendros,,2,0,2,2,0,2,0,0,0,0,0
3568,uco_precarios,,2,0,2,2,0,2,0,0,0,0,5
3571,eureka_uma,,2,0,2,2,0,2,0,0,0,0,4
3572,AnaLG1695,,2,0,2,2,0,2,0,0,0,0,6
3574,PabloMelgar,,2,0,2,2,0,2,0,0,0,0,5
3578,mariareinabueno,,2,0,2,2,0,2,0,0,0,0,0
3580,ATUspain,,3,0,3,3,0,3,0,0,0,0,4
3582,guadanc,,2,0,2,2,0,2,0,0,0,0,2
3585,KSEAcademy,,4,0,4,4,0,4,0,0,0,0,0
3594,juangabrielglop,,2,0,2,2,0,2,0,0,0,0,5
3595,Daniel_Abad_01,,3,0,3,3,0,3,0,0,0,0,4
3598,SE_Andalucia,,2,0,2,2,0,2,0,0,0,0,5
3608,UGTAnd_OAS,,2,0,2,2,0,2,0,0,0,0,5
3610,javnisa,,2,0,2,2,0,2,0,0,0,0,5
3612,Marggordillo,,4,0,4,4,0,4,0,0,0,0,4
3614,ArgeliaQueralt,,2,0,2,2,0,2,0,0,0,0,5
3624,quiquesr,,3,0,3,3,0,3,0,0,0,0,4
3628,CCOOvodafoneCAT,,3,0,3,3,0,3,0,0,0,0,0
3629,chamorro1313,,2,0,2,2,0,2,0,0,0,0,5
3634,mayen8185,,3,0,3,3,0,3,0,0,0,0,6
3635,JordiAlberich,,3,0,3,3,0,3,0,0,0,0,6
3636,iuandalucia,,4,0,4,4,0,4,0,0,0,0,0
3653,BecasporelMundo,,5,0,5,5,0,5,0,0,0,0,8
3655,rafadelcastillo,,4,0,4,4,0,4,0,0,0,0,0
3656,PlataformaEUA,,2,0,2,2,0,2,0,0,0,0,6
3659,uGRenfurecida_,,8,0,8,8,0,8,0,0,0,0,5
3660,Jaime_rs97,,4,0,4,4,0,4,0,0,0,0,0
3663,Davidpati,,3,0,3,3,0,3,0,0,0,0,0
3667,AdaptacionPCD,,2,0,2,2,0,2,0,0,0,0,5
3668,lagoyidice,,4,0,4,4,0,4,0,0,0,0,4
3669,ftsaez,,5,0,5,5,0,5,0,0,0,0,6
3670,habitoom_es,,4,0,4,4,0,4,0,0,0,0,2
3672,ARdelasH,,3,0,3,3,0,3,0,0,0,0,6
3673,StanfordGSB,,4,0,4,4,0,4,0,0,0,0,2
3674,SirDavidRod,,3,0,3,3,0,3,0,0,0,0,6
3675,GrinUGR,,4,0,4,4,0,4,0,0,0,0,5
3676,MedialabUGR,,6,0,6,6,0,6,0,0,0,0,5
3677,medialab,,3,0,3,3,0,3,0,0,0,0,8
3678,HarvardHBS,,4,0,4,4,0,4,0,0,0,0,2
3679,innovationlab,,2,0,2,2,0,2,0,0,0,0,2
3680,UGRemprendedora,,7,0,7,7,0,7,0,0,0,0,5
3681,eoi,,4,0,4,4,0,4,0,0,0,0,4
3682,GCCampus,,2,0,2,2,0,2,0,0,0,0,0
3683,FlusSportGD,,4,0,4,4,0,4,0,0,0,0,6
3684,Entrepreneur,,6,0,6,6,0,6,0,0,0,0,3
3686,MOTIVAWORK,,4,0,4,4,0,4,0,0,0,0,4
3691,GranadaesSalud,,4,0,4,4,0,4,0,0,0,0,5
3692,Mdelm9,,2,0,2,2,0,2,0,0,0,0,6
3693,Ebersix,,3,0,3,3,0,3,0,0,0,0,4
3695,JEDAGranada,,4,0,4,4,0,4,0,0,0,0,6
3698,TRACCE_UGR,,3,0,3,3,0,3,0,0,0,0,5
3699,RaquelRuz1,,4,0,4,4,0,4,0,0,0,0,0
3700,mariadelmargm,,4,0,4,4,0,4,0,0,0,0,6
3702,enriquezarza,,4,0,4,4,0,4,0,0,0,0,0
3703,diegomainz,,6,0,6,6,0,6,0,0,0,0,0
3704,Blog_DeELE,,4,0,4,4,0,4,0,0,0,0,1
3705,OneLouderApps,,4,0,4,4,0,4,0,0,0,0,1
3706,babson,,3,0,3,3,0,3,0,0,0,0,3
3707,ioanadavid,,2,0,2,2,0,2,0,0,0,0,1
3709,AJEJAEN,,4,0,4,4,0,4,0,0,0,0,0
3710,AJE_alm,,4,0,4,4,0,4,0,0,0,0,0
3711,Aje_Andalucia,,4,0,4,4,0,4,0,0,0,0,4
3712,AJECordoba,,3,0,3,3,0,3,0,0,0,0,4
3713,ajemalaga,,4,0,4,4,0,4,0,0,0,0,4
3714,AJECADIZ,,4,0,4,4,0,4,0,0,0,0,0
3716,AJE_Granada,,4,0,4,4,0,4,0,0,0,0,5
3717,Melesio_Pena,,7,0,7,7,0,7,0,0,0,0,0
3718,ondajaenrtv,,3,0,3,3,0,3,0,0,0,0,0
3721,red_educa_net,,3,0,3,3,0,3,0,0,0,0,2
3722,infoidiomas,,4,0,4,4,0,4,0,0,0,0,5
3724,FUEONLINE,,4,0,4,4,0,4,0,0,0,0,4
3729,LinternaTrad,,4,0,4,4,0,4,0,0,0,0,5
3730,mundolenguas,,4,0,4,4,0,4,0,0,0,0,5
3731,ONtraductores,,2,0,2,2,0,2,0,0,0,0,5
3732,infoautonomos,,4,0,4,4,0,4,0,0,0,0,4
3735,gameit_es,,2,0,2,2,0,2,0,0,0,0,2
3736,etepiano,,2,0,2,2,0,2,0,0,0,0,5
3739,Hermestrans,,2,0,2,2,0,2,0,0,0,0,5
3740,TheLinguaFile,,2,0,2,2,0,2,0,0,0,0,1
3744,UbiqusSpain,,3,0,3,3,0,3,0,0,0,0,5
3745,Quick_Translate,,2,0,2,2,0,2,0,0,0,0,5
3746,Tragora,,4,0,4,4,0,4,0,0,0,0,5
3751,Tools4T,,3,0,3,3,0,3,0,0,0,0,5
3753,CreaTranslation,,2,0,2,2,0,2,0,0,0,0,5
3759,KochMedia_es,,3,0,3,3,0,3,0,0,0,0,2
3762,portalgameover,,2,0,2,2,0,2,0,0,0,0,0
3763,gamelab,,4,0,4,4,0,4,0,0,0,0,2
3767,MicrosoftES,,4,0,4,4,0,4,0,0,0,0,1
3768,doblajeandaluz,,2,0,2,2,0,2,0,0,0,0,0
3770,UniversiaES,,7,0,7,7,0,7,0,0,0,0,5
3771,LINGUAMEET,,3,0,3,3,0,3,0,0,0,0,5
3772,FTIChristina,,3,0,3,3,0,3,0,0,0,0,5
3782,TvisoNews,,5,0,5,5,0,5,0,0,0,0,2
3783,Universitians,,5,0,5,5,0,5,0,0,0,0,6
3785,docsitycomes,,4,0,4,4,0,4,0,0,0,0,6
3786,Food2u_app,,2,0,2,2,0,2,0,0,0,0,4
3787,ajeosssi,,3,0,3,3,0,3,0,0,0,0,4
3788,TOPgolazos,,2,0,2,2,0,2,0,0,0,0,4
3789,tviso_es,,3,0,3,3,0,3,0,0,0,0,2
3790,Topviral_es,,2,0,2,2,0,2,0,0,0,0,4
3791,parfavar_es,,4,0,4,4,0,4,0,0,0,0,5
3792,lasbuenasnotis,,2,0,2,2,0,2,0,0,0,0,4
3794,olavidecarmona,,2,0,2,2,0,2,0,0,0,0,0
3797,Kaleidoscope_AC,,4,0,4,4,0,4,0,0,0,0,0
3798,GuatduGranada,,5,0,5,5,0,5,0,0,0,0,0
3799,mots_meles,,2,0,2,2,0,2,0,0,0,0,5
3800,orienta_and,,4,0,4,4,0,4,0,0,0,0,4
3801,movistarpro_es,,5,0,5,5,0,5,0,0,0,0,4
3802,movistar_es,,4,0,4,4,0,4,0,0,0,0,0
3803,orange_es,,4,0,4,4,0,4,0,0,0,0,5
3805,lgespana,,4,0,4,4,0,4,0,0,0,0,6
3806,SamsungResponde,,3,0,3,3,0,3,0,0,0,0,6
3807,HPEspana,,4,0,4,4,0,4,0,0,0,0,0
3809,rosarioroes,,2,0,2,2,0,2,0,0,0,0,0
3810,Acolad_FR,,2,0,2,2,0,2,0,0,0,0,0
3811,Visit_UsEs,,5,0,5,5,0,5,0,0,0,0,1
3812,BNE_biblioteca,,4,0,4,4,0,4,0,0,0,0,5
3813,UJI_noticias,,4,0,4,4,0,4,0,0,0,0,1
3815,InstCervantes,,5,0,5,5,0,5,0,0,0,0,5
3818,empleoytrabajo,,4,0,4,4,0,4,0,0,0,0,2
3819,InfoJobs,,4,0,4,4,0,4,0,0,0,0,1
3820,SAEmpleo,,6,0,6,6,0,6,0,0,0,0,0
3822,CanalLagarto,,4,0,4,4,0,4,0,0,0,0,0
3825,neuronsol,,4,0,4,4,0,4,0,0,0,0,0
3827,vida_uni,,2,0,2,2,0,2,0,0,0,0,0
3828,liberafull,,2,0,2,2,0,2,0,0,0,0,6
3830,Etrea_,,2,0,2,2,0,2,0,0,0,0,6
3833,LigadeBolsa,,4,0,4,4,0,4,0,0,0,0,6
3834,ybspain,,3,0,3,3,0,3,0,0,0,0,4
3835,clubmkt_GR,,4,0,4,4,0,4,0,0,0,0,0
3836,MarcosRamosRo,,2,0,2,2,0,2,0,0,0,0,0
3839,jorgefdezsalas,,4,0,4,4,0,4,0,0,0,0,0
3840,iratilekue_,,3,0,3,3,0,3,0,0,0,0,4
3841,IAMJunta,,4,0,4,4,0,4,0,0,0,0,4
3842,DPE_2018,,4,0,4,4,0,4,0,0,0,0,0
3843,redemprendia,,4,0,4,4,0,4,0,0,0,0,4
3844,AdinuGranada,,4,0,4,4,0,4,0,0,0,0,0
3845,CYTAGRA,,3,0,3,3,0,3,0,0,0,0,6
3846,UniStrathclyde,,5,0,5,5,0,5,0,0,0,0,1
3847,EdinburghUni,,5,0,5,5,0,5,0,0,0,0,1
3848,UIMP,,4,0,4,4,0,4,0,0,0,0,1
3849,unirioja,,4,0,4,4,0,4,0,0,0,0,4
3850,CranfieldUni,,5,0,5,5,0,5,0,0,0,0,4
3851,UofGlasgow,,6,0,6,6,0,6,0,0,0,0,2
3852,MUnibertsitatea,,4,0,4,4,0,4,0,0,0,0,4
3853,ASELE_ELE,,4,0,4,4,0,4,0,0,0,0,1
3854,sgel_ele,,5,0,5,5,0,5,0,0,0,0,1
3855,todoele,,4,0,4,4,0,4,0,0,0,0,1
3856,difusion_ele,,5,0,5,5,0,5,0,0,0,0,1
3857,Joserub87,,3,0,3,3,0,3,0,0,0,0,1
3858,EducaSpain,,4,0,4,4,0,4,0,0,0,0,1
3859,Lisa_Npunkt,,2,0,2,2,0,2,0,0,0,0,6
3861,PEsencial,,4,0,4,4,0,4,0,0,0,0,4
3862,LidiaMartinG,,4,0,4,4,0,4,0,0,0,0,4
3868,roastbrief,,4,0,4,4,0,4,0,0,0,0,0
3869,Europreneurs4EU,,2,0,2,2,0,2,0,0,0,0,1
3872,hilariojosediaz,,2,0,2,2,0,2,0,0,0,0,6
3876,Granadaemprende,,4,0,4,4,0,4,0,0,0,0,5
3877,iniciador_grx,,4,0,4,4,0,4,0,0,0,0,0
3878,despensa,,2,0,2,2,0,2,0,0,0,0,0
3879,GuilleQuero,,4,0,4,4,0,4,0,0,0,0,0
3880,untuiteconcola,,3,0,3,3,0,3,0,0,0,0,0
3882,SITAU2011,,2,0,2,2,0,2,0,0,0,0,5
3883,dlformacion,,3,0,3,3,0,3,0,0,0,0,2
3884,CartaBaladi,,2,0,2,2,0,2,0,0,0,0,4
3885,franruizr,,4,0,4,4,0,4,0,0,0,0,5
3886,cev_ugr,,5,0,5,5,0,5,0,0,0,0,5
3888,bioticgranada,,5,0,5,5,0,5,0,0,0,0,4
3889,EfqueroEfquero1,,3,0,3,3,0,3,0,0,0,0,6
3894,SAGE_Methods,,2,0,2,2,0,2,0,0,0,0,1
3897,VerbiSoftware,,2,0,2,2,0,2,0,0,0,0,0
3899,mamen_rs,,4,0,4,4,0,4,0,0,0,0,6
3900,CFP_unisevilla,,4,0,4,4,0,4,0,0,0,0,4
3901,Nebrija,,4,0,4,4,0,4,0,0,0,0,4
3902,ColumbiaSpec,,2,0,2,2,0,2,0,0,0,0,1
3904,CIESEComillas,,3,0,3,3,0,3,0,0,0,0,4
3905,ATLangSolutions,,2,0,2,2,0,2,0,0,0,0,5
3908,Columbia,,5,0,5,5,0,5,0,0,0,0,1
3910,Albisone,,2,0,2,2,0,2,0,0,0,0,6
3913,VanityFair,,5,0,5,5,0,5,0,0,0,0,2
3915,HBO,,4,0,4,4,0,4,0,0,0,0,1
3920,EA,,4,0,4,4,0,4,0,0,0,0,2
3930,SHO_Cali,,2,0,2,2,0,2,0,0,0,0,5
3931,PlantsvsZombies,,2,0,2,2,0,2,0,0,0,0,5
3932,BreakingBad,,3,0,3,3,0,3,0,0,0,0,0
3933,VF_Agenda,,2,0,2,2,0,2,0,0,0,0,5
3934,MensHealthMag,,5,0,5,5,0,5,0,0,0,0,0
3937,TrueBloodHBO,,4,0,4,4,0,4,0,0,0,0,2
3938,UnitedStudies,,3,0,3,3,0,3,0,0,0,0,6
3939,Superbritanico,,4,0,4,4,0,4,0,0,0,0,5
3940,cesar_zv,,3,0,3,3,0,3,0,0,0,0,0
3941,humorgeeky,,2,0,2,2,0,2,0,0,0,0,6
3943,ThinkYoungNGO,,4,0,4,4,0,4,0,0,0,0,1
3946,jjyborra,,4,0,4,4,0,4,0,0,0,0,5
3948,revdiscover,,2,0,2,2,0,2,0,0,0,0,5
3949,fiestas_uc3,,2,0,2,2,0,2,0,0,0,0,1
3950,AbroadInterns,,4,0,4,4,0,4,0,0,0,0,1
3951,miroslavhajnos,,6,0,6,6,0,6,0,0,0,0,1
3952,digitalcomplu,,4,0,4,4,0,4,0,0,0,0,4
3954,beefeatergin_ES,,3,0,3,3,0,3,0,0,0,0,0
3957,vitoeps,,6,0,6,6,0,6,0,0,0,0,0
3965,SETranslations,,2,0,2,2,0,2,0,0,0,0,5
3967,ohmytranslation,,4,0,4,4,0,4,0,0,0,0,5
3968,languageRef,,2,0,2,2,0,2,0,0,0,0,1
3970,elisacalvoe,,2,0,2,2,0,2,0,0,0,0,5
3973,ElenaTragora,,4,0,4,4,0,4,0,0,0,0,5
3975,TraduTrivial,,2,0,2,2,0,2,0,0,0,0,5
3979,eldoblajecom,,2,0,2,2,0,2,0,0,0,0,0
3982,Ucoidiomas,,3,0,3,3,0,3,0,0,0,0,4
3987,Transl8Design,,2,0,2,2,0,2,0,0,0,0,5
3988,SubtitlingWorld,,2,0,2,2,0,2,0,0,0,0,4
3989,aiiconline,,4,0,4,4,0,4,0,0,0,0,5
3994,uw_wbs,,2,0,2,2,0,2,0,0,0,0,2
3998,GO_eventos,,2,0,2,2,0,2,0,0,0,0,0
3999,Seriesyonkis,,3,0,3,3,0,3,0,0,0,0,5
4000,vodafone_es,,5,0,5,5,0,5,0,0,0,0,0
4005,pilarleonarauz,,2,0,2,2,0,2,0,0,0,0,5
4007,eiggranada,,5,0,5,5,0,5,0,0,0,0,4
4010,aeter_org,,3,0,3,3,0,3,0,0,0,0,5
4013,juncalgartacho,,4,0,4,4,0,4,0,0,0,0,0
4014,cienciatraducc,,2,0,2,2,0,2,0,0,0,0,5
4017,Galila_RP,,4,0,4,4,0,4,0,0,0,0,5
4019,factradUGR,,5,0,5,5,0,5,0,0,0,0,5
4020,coworkingmlg,,2,0,2,2,0,2,0,0,0,0,5
4021,lexicon_rg,,3,0,3,3,0,3,0,0,0,0,5
4022,JIIUUEM,,2,0,2,2,0,2,0,0,0,0,4
4024,SSantiagosegura,,8,0,8,8,0,8,0,0,0,0,5
4025,JuanKabronias,,2,0,2,2,0,2,0,0,0,0,0
4027,SonParecidos,,4,0,4,4,0,4,0,0,0,0,5
4028,RealJaenCF,,4,0,4,4,0,4,0,0,0,0,5
4029,SonCitas,,4,0,4,4,0,4,0,0,0,0,5
4035,DavidGarcia_Rod,,2,0,2,2,0,2,0,0,0,0,0
4037,Seishoernchen,,2,0,2,2,0,2,0,0,0,0,6
4041,ftf__us,,2,0,2,2,0,2,0,0,0,0,4
4042,iPhoneEnEspanol,,2,0,2,2,0,2,0,0,0,0,0
4043,e_star_group,,3,0,3,3,0,3,0,0,0,0,2
4048,iapti,,4,0,4,4,0,4,0,0,0,0,5
4049,METMeetings,,2,0,2,2,0,2,0,0,0,0,5
4051,Elena_Alcalde,,3,0,3,3,0,3,0,0,0,0,5
4052,todouned,,5,0,5,5,0,5,0,0,0,0,4
4054,apticassociacio,,4,0,4,4,0,4,0,0,0,0,5
4055,APTIJ_ES,,2,0,2,2,0,2,0,0,0,0,5
4056,uaxuniversidad,,4,0,4,4,0,4,0,0,0,0,2
4057,EUInterpreters,,4,0,4,4,0,4,0,0,0,0,5
4058,didTRAD_PACTE,,2,0,2,2,0,2,0,0,0,0,5
4059,V_Traducciones,,2,0,2,2,0,2,0,0,0,0,5
4068,AgEInves,,4,0,4,4,0,4,0,0,0,0,6
4070,_CJE_,,5,0,5,5,0,5,0,0,0,0,1
4072,deustoEmprende,,2,0,2,2,0,2,0,0,0,0,5
4073,vesoto,,2,0,2,2,0,2,0,0,0,0,5
4077,CEUNE_,,4,0,4,4,0,4,0,0,0,0,5
4079,PilarAje,,2,0,2,2,0,2,0,0,0,0,4
4081,UN4Youth,,5,0,5,5,0,5,0,0,0,0,1
4082,GEM_es,,3,0,3,3,0,3,0,0,0,0,0
4084,JaviDorado,,3,0,3,3,0,3,0,0,0,0,0
4085,aiesecspain,,4,0,4,4,0,4,0,0,0,0,1
4087,ESUtwt,,9,0,9,9,0,9,0,0,0,0,1
4088,Fundeu,,5,0,5,5,0,5,0,0,0,0,5
4090,viajarsordo,,2,0,2,2,0,2,0,0,0,0,5
4091,DISCAPATE,,3,0,3,3,0,3,0,0,0,0,0
4093,IDendeaf,,3,0,3,3,0,3,0,0,0,0,0
4094,infoSubtil,,2,0,2,2,0,2,0,0,0,0,0
4095,FUniversia,,4,0,4,4,0,4,0,0,0,0,4
4096,RadioDiscapacid,,3,0,3,3,0,3,0,0,0,0,0
4097,ONCE_oficial,,5,0,5,5,0,5,0,0,0,0,4
4098,PequerrechoSub,,2,0,2,2,0,2,0,0,0,0,5
4100,ThinkBig_open,,4,0,4,4,0,4,0,0,0,0,4
4101,teatrepoliorama,,2,0,2,2,0,2,0,0,0,0,0
4102,ammaasociacion,,4,0,4,4,0,4,0,0,0,0,0
4103,CulturClap,,2,0,2,2,0,2,0,0,0,0,0
4104,Proyecto_REdES,,2,0,2,2,0,2,0,0,0,0,4
4105,escucha_mas,,2,0,2,2,0,2,0,0,0,0,5
4106,Plenainclusion,,4,0,4,4,0,4,0,0,0,0,0
4107,diskapazidad,,4,0,4,4,0,4,0,0,0,0,4
4108,PlenaMadrid,,3,0,3,3,0,3,0,0,0,0,0
4109,cesyaes,,2,0,2,2,0,2,0,0,0,0,0
4111,grupodreamsoft,,2,0,2,2,0,2,0,0,0,0,0
4112,espacies,,3,0,3,3,0,3,0,0,0,0,0
4113,solitariosurfer,,3,0,3,3,0,3,0,0,0,0,4
4114,EurekaStartups,,4,0,4,4,0,4,0,0,0,0,3
4115,PuroMarketing,,5,0,5,5,0,5,0,0,0,0,0
4116,educaINTEF,,5,0,5,5,0,5,0,0,0,0,1
4118,blogdelengua,,4,0,4,4,0,4,0,0,0,0,1
4119,museupicasso,,4,0,4,4,0,4,0,0,0,0,5
4120,_Sociedad,,4,0,4,4,0,4,0,0,0,0,0
4121,QuoRevista,,4,0,4,4,0,4,0,0,0,0,5
4122,fotogramas_es,,4,0,4,4,0,4,0,0,0,0,6
4123,CanaldeHistoria,,4,0,4,4,0,4,0,0,0,0,5
4124,educacontic,,4,0,4,4,0,4,0,0,0,0,1
4125,epunset,,5,0,5,5,0,5,0,0,0,0,4
4126,applesfera,,4,0,4,4,0,4,0,0,0,0,0
4127,TwitterLatAm,,7,0,7,7,0,7,0,0,0,0,5
4128,Twitter,,6,0,6,6,0,6,0,0,0,0,4
4129,ChristianG_7,,4,0,4,4,0,4,0,0,0,0,2
4130,pacoleonbarrios,,6,0,6,6,0,6,0,0,0,0,0
4131,Cosmopolitan_es,,4,0,4,4,0,4,0,0,0,0,0
4132,LosMorancos,,4,0,4,4,0,4,0,0,0,0,2
4133,Kiko_Hernandez,,4,0,4,4,0,4,0,0,0,0,2
4134,realmadrid,,6,0,6,6,0,6,0,0,0,0,0
4135,pabloalboran,,4,0,4,4,0,4,0,0,0,0,5
4136,mtvspain,,7,0,7,7,0,7,0,0,0,0,5
4141,gorkaguerrero,,3,0,3,3,0,3,0,0,0,0,1
4142,ilauramd,,3,0,3,3,0,3,0,0,0,0,6
4143,DavilacSocial,,2,0,2,2,0,2,0,0,0,0,0
4144,Todo_Marketing,,3,0,3,3,0,3,0,0,0,0,0
4145,erasmusu,,7,0,7,7,0,7,0,0,0,0,7
4146,LeopoldoCabrera,,2,0,2,2,0,2,0,0,0,0,0
4147,SalfordUni,,4,0,4,4,0,4,0,0,0,0,1
4148,aberdeenuni,,4,0,4,4,0,4,0,0,0,0,1
4149,TeessideUni,,4,0,4,4,0,4,0,0,0,0,3
4150,warwickuni,,5,0,5,5,0,5,0,0,0,0,1
4151,UniOfSurrey,,6,0,6,6,0,6,0,0,0,0,4
4152,tragora4macion,,4,0,4,4,0,4,0,0,0,0,5
4153,UniOfYork,,5,0,5,5,0,5,0,0,0,0,1
4154,MiddlesexUni,,5,0,5,5,0,5,0,0,0,0,1
4155,Study_in_Spain,,6,0,6,6,0,6,0,0,0,0,4
4157,KingstonUni,,5,0,5,5,0,5,0,0,0,0,4
4158,BristolUni,,4,0,4,4,0,4,0,0,0,0,1
4159,UniofBath,,6,0,6,6,0,6,0,0,0,0,1
4160,Harvard_Law,,4,0,4,4,0,4,0,0,0,0,1
4161,HarvardResearch,,3,0,3,3,0,3,0,0,0,0,1
4162,Cambridge_Uni,,6,0,6,6,0,6,0,0,0,0,4
4163,unisevilla,,4,0,4,4,0,4,0,0,0,0,0
4164,UEuropea,,5,0,5,5,0,5,0,0,0,0,5
4165,redtraditori,,2,0,2,2,0,2,0,0,0,0,5
4166,Cornell,,5,0,5,5,0,5,0,0,0,0,1
4167,UNIAuniversidad,,5,0,5,5,0,5,0,0,0,0,0
4168,Harvard,,7,0,7,7,0,7,0,0,0,0,3
4169,cvc_cervantes,,4,0,4,4,0,4,0,0,0,0,5
4171,CorrectorOK,,3,0,3,3,0,3,0,0,0,0,2
4172,LondonU,,4,0,4,4,0,4,0,0,0,0,1
4173,Enhoep,,2,0,2,2,0,2,0,0,0,0,1
4174,Yale,,5,0,5,5,0,5,0,0,0,0,1
4175,UniofOxford,,5,0,5,5,0,5,0,0,0,0,1
4176,ATRAE_ORG,,4,0,4,4,0,4,0,0,0,0,5
4178,oper_uv,,2,0,2,2,0,2,0,0,0,0,6
4179,Ivie_news,,4,0,4,4,0,4,0,0,0,0,6
4180,u_ranking,,4,0,4,4,0,4,0,0,0,0,1
4181,uvic_ucc,,4,0,4,4,0,4,0,0,0,0,4
4182,UABBarcelona,,5,0,5,5,0,5,0,0,0,0,4
4183,MaterFutura,,2,0,2,2,0,2,0,0,0,0,0
4184,UPFBarcelona,,6,0,6,6,0,6,0,0,0,0,4
4185,todostartups,,4,0,4,4,0,4,0,0,0,0,3
4187,unican,,4,0,4,4,0,4,0,0,0,0,4
4190,ULPGC,,4,0,4,4,0,4,0,0,0,0,6
4191,LocaliseMe,,2,0,2,2,0,2,0,0,0,0,5
4192,Xplicame,,2,0,2,2,0,2,0,0,0,0,1
4193,UNavarra,,4,0,4,4,0,4,0,0,0,0,4
4194,deusto,,4,0,4,4,0,4,0,0,0,0,4
4195,upvehu,,4,0,4,4,0,4,0,0,0,0,4
4196,UimpValencia,,4,0,4,4,0,4,0,0,0,0,1
4197,JEMEBocconi,,3,0,3,3,0,3,0,0,0,0,3
4198,JEEurope,,4,0,4,4,0,4,0,0,0,0,1
4199,UV_EG,,4,0,4,4,0,4,0,0,0,0,4
4200,UDC_gal,,4,0,4,4,0,4,0,0,0,0,4
4201,pymesyautonomos,,4,0,4,4,0,4,0,0,0,0,4
4202,ualmeria,,5,0,5,5,0,5,0,0,0,0,4
4204,UICbarcelona,,5,0,5,5,0,5,0,0,0,0,4
4205,UOCuniversitat,,5,0,5,5,0,5,0,0,0,0,1
4206,UOCuniversidad,,5,0,5,5,0,5,0,0,0,0,1
4207,uhu_global,,4,0,4,4,0,4,0,0,0,0,4
4208,UJIuniversitat,,4,0,4,4,0,4,0,0,0,0,1
4209,Berto_Romero,,6,0,6,6,0,6,0,0,0,0,0
4210,la_UPC,,5,0,5,5,0,5,0,0,0,0,4
4211,FECYT_Ciencia,,4,0,4,4,0,4,0,0,0,0,1
4212,acetraductores,,3,0,3,3,0,3,0,0,0,0,5
4214,AETIoficial,,4,0,4,4,0,4,0,0,0,0,5
4216,Traditori,,3,0,3,3,0,3,0,0,0,0,5
4217,CSIC,,4,0,4,4,0,4,0,0,0,0,2
4218,WeTAV,,3,0,3,3,0,3,0,0,0,0,5
4219,_Istrad,,3,0,3,3,0,3,0,0,0,0,5
4220,SELM_Lmodernas,,3,0,3,3,0,3,0,0,0,0,5
4221,uc3m,,5,0,5,5,0,5,0,0,0,0,4
4222,UniBarcelona,,5,0,5,5,0,5,0,0,0,0,1
4223,La_UPM,,5,0,5,5,0,5,0,0,0,0,4
4224,uclm_es,,4,0,4,4,0,4,0,0,0,0,4
4225,univgirona,,6,0,6,6,0,6,0,0,0,0,1
4226,giropa832,,4,0,4,4,0,4,0,0,0,0,0
4227,jetopteam,,2,0,2,2,0,2,0,0,0,0,5
4228,UniPartners,,2,0,2,2,0,2,0,0,0,0,1
4230,cnje,,2,0,2,2,0,2,0,0,0,0,5
4234,LinkedIn,,5,0,5,5,0,5,0,0,0,0,5
4235,JECoMM,,2,0,2,2,0,2,0,0,0,0,5
4239,BabsonGraduate,,2,0,2,2,0,2,0,0,0,0,3
4240,Stanford,,5,0,5,5,0,5,0,0,0,0,8
4243,cipeuclm,,4,0,4,4,0,4,0,0,0,0,4
4249,JEItaly,,2,0,2,2,0,2,0,0,0,0,5
4250,anarore_DN,,3,0,3,3,0,3,0,0,0,0,6
4252,AulaSIC,,4,0,4,4,0,4,0,0,0,0,5
4253,earres,,4,0,4,4,0,4,0,0,0,0,5
4254,pmstrad,,3,0,3,3,0,3,0,0,0,0,5
4255,XoseCastro,,4,0,4,4,0,4,0,0,0,0,5
4256,asetrad,,4,0,4,4,0,4,0,0,0,0,5
4257,STU_traductores,,4,0,4,4,0,4,0,0,0,0,5
4258,ESADE,,4,0,4,4,0,4,0,0,0,0,2
4260,EsadeCreapolis,,3,0,3,3,0,3,0,0,0,0,4
4261,UNED,,6,0,6,6,0,6,0,0,0,0,2
4262,NuEmprendedores,,4,0,4,4,0,4,0,0,0,0,4
4263,iaminfinance,,3,0,3,3,0,3,0,0,0,0,0
4264,Emprendedores,,4,0,4,4,0,4,0,0,0,0,3
4268,unicomplutense,,5,0,5,5,0,5,0,0,0,0,4
4270,unav,,4,0,4,4,0,4,0,0,0,0,1
4271,universidadcjc,,4,0,4,4,0,4,0,0,0,0,4
4272,urjc,,5,0,5,5,0,5,0,0,0,0,1
4273,ujaen,,5,0,5,5,0,5,0,0,0,0,0
4274,InjuveSpain,,4,0,4,4,0,4,0,0,0,0,1
4275,pablodeolavide,,4,0,4,4,0,4,0,0,0,0,0
4276,Univcordoba,,4,0,4,4,0,4,0,0,0,0,4
4277,InfoUMA,,6,0,6,6,0,6,0,0,0,0,0
4278,Dropbox,,4,0,4,4,0,4,0,0,0,0,5
4279,UAHes,,4,0,4,4,0,4,0,0,0,0,1
4280,reddelsur,,3,0,3,3,0,3,0,0,0,0,6
4281,UniHuelva,,5,0,5,5,0,5,0,0,0,0,2
4282,univcadiz,,4,0,4,4,0,4,0,0,0,0,4
4283,UAM_Madrid,,4,0,4,4,0,4,0,0,0,0,4
4285,uvigo,,4,0,4,4,0,4,0,0,0,0,1
4288,Fcreativacio,,2,0,2,2,0,2,0,0,0,0,5
4289,FPdGi,,3,0,3,3,0,3,0,0,0,0,4
4290,uramonllull,,4,0,4,4,0,4,0,0,0,0,4
4294,EmprendeXL,,2,0,2,2,0,2,0,0,0,0,2
4295,CREUPCREUP,,4,0,4,4,0,4,0,0,0,0,5
4297,CristinaElena_B,,2,0,2,2,0,2,0,0,0,0,4
4305,GEMExtremadura,,2,0,2,2,0,2,0,0,0,0,2
4308,jogasa,,2,0,2,2,0,2,0,0,0,0,6
4309,FAJEnetwork,,4,0,4,4,0,4,0,0,0,0,5
4310,youthpress,,7,0,7,7,0,7,0,0,0,0,1
4311,FinlandCoE,,2,0,2,2,0,2,0,0,0,0,1
4312,ulapland,,4,0,4,4,0,4,0,0,0,0,1
4313,UniTurku,,4,0,4,4,0,4,0,0,0,0,1
4314,AboAkademi,,4,0,4,4,0,4,0,0,0,0,1
4315,univaasa,,4,0,4,4,0,4,0,0,0,0,1
4316,Finland_Uni,,4,0,4,4,0,4,0,0,0,0,1
4317,UniOulu,,4,0,4,4,0,4,0,0,0,0,1
4318,esn_nl,,6,0,6,6,0,6,0,0,0,0,1
4319,VIEgoEU,,4,0,4,4,0,4,0,0,0,0,1
4320,ErasmusplusFI,,2,0,2,2,0,2,0,0,0,0,1
4321,ESNPilsen,,9,0,9,9,0,9,0,0,0,0,1
4322,ESNMinho,,7,0,7,7,0,7,0,0,0,0,1
4323,ESNOulu,,5,0,5,5,0,5,0,0,0,0,1
4324,esnsdu,,5,0,5,5,0,5,0,0,0,0,1
4325,esnszeged,,5,0,5,5,0,5,0,0,0,0,1
4326,EsnBologna,,9,0,9,9,0,9,0,0,0,0,1
4327,erasmus_gal,,12,0,12,12,0,12,0,0,0,0,1
4328,ESNduesseldorf,,5,0,5,5,0,5,0,0,0,0,7
4329,ESN_STATALE,,6,0,6,6,0,6,0,0,0,0,3
4330,esnimperial,,8,0,8,8,0,8,0,0,0,0,1
4334,ESNPWr,,2,0,2,2,0,2,0,0,0,0,1
4335,NisantasiESN,,2,0,2,2,0,2,0,0,0,0,1
4336,EsnBesancon,,4,0,4,4,0,4,0,0,0,0,1
4337,esnmetu,,4,0,4,4,0,4,0,0,0,0,1
4338,aybuint,,3,0,3,3,0,3,0,0,0,0,1
4340,Erasmus_CY,,2,0,2,2,0,2,0,0,0,0,1
4341,InBarcelona18,,2,0,2,2,0,2,0,0,0,0,1
4342,ESN_Lille,,4,0,4,4,0,4,0,0,0,0,4
4344,esnukraine,,4,0,4,4,0,4,0,0,0,0,4
4345,EU_ENV,,5,0,5,5,0,5,0,0,0,0,1
4346,esn_cz,,4,0,4,4,0,4,0,0,0,0,1
4347,EsnAkdeniz,,3,0,3,3,0,3,0,0,0,0,1
4348,Erasmus_DAAD,,4,0,4,4,0,4,0,0,0,0,3
4349,DEU_IRO,,3,0,3,3,0,3,0,0,0,0,0
4352,AkdenizUni_IRO,,3,0,3,3,0,3,0,0,0,0,1
4353,UCRiverside,,3,0,3,3,0,3,0,0,0,0,1
4354,TilburgU,,4,0,4,4,0,4,0,0,0,0,1
4355,nmsu,,3,0,3,3,0,3,0,0,0,0,4
4356,butleru,,4,0,4,4,0,4,0,0,0,0,1
4357,uofmemphis,,3,0,3,3,0,3,0,0,0,0,1
4360,IllinoisStateU,,2,0,2,2,0,2,0,0,0,0,2
4363,UPTuks,,3,0,3,3,0,3,0,0,0,0,1
4364,UTEP,,2,0,2,2,0,2,0,0,0,0,1
4365,UNM,,2,0,2,2,0,2,0,0,0,0,1
4366,Univ_Lorraine,,4,0,4,4,0,4,0,0,0,0,8
4368,UnivTours,,4,0,4,4,0,4,0,0,0,0,1
4369,eVisaTurkey,,2,0,2,2,0,2,0,0,0,0,1
4370,tika_english1,,2,0,2,2,0,2,0,0,0,0,1
4371,Gocidaresi,,2,0,2,2,0,2,0,0,0,0,2
4382,tcsavunma,,2,0,2,2,0,2,0,0,0,0,2
4387,GSB_KYGM,,2,0,2,2,0,2,0,0,0,0,2
4410,InvestTurkey,,4,0,4,4,0,4,0,0,0,0,1
4414,EgemenBagis,,3,0,3,3,0,3,0,0,0,0,2
4415,TSKGnkur,,2,0,2,2,0,2,0,0,0,0,2
4437,TurkiyeBurslari,,3,0,3,3,0,3,0,0,0,0,1
4438,ikalin1,,2,0,2,2,0,2,0,0,0,0,1
4443,DailySabah,,4,0,4,4,0,4,0,0,0,0,1
4455,DailyMailUK,,2,0,2,2,0,2,0,0,0,0,1
4456,Independent,,4,0,4,4,0,4,0,0,0,0,1
4457,HillaryClinton,,5,0,5,5,0,5,0,0,0,0,0
4458,guardiannews,,5,0,5,5,0,5,0,0,0,0,7
4459,BarackObama,,6,0,6,6,0,6,0,0,0,0,2
4460,TIME,,5,0,5,5,0,5,0,0,0,0,1
4461,BBCBreaking,,5,0,5,5,0,5,0,0,0,0,7
4462,WhiteHouse,,5,0,5,5,0,5,0,0,0,0,1
4463,cnni,,4,0,4,4,0,4,0,0,0,0,7
4464,WorldBank,,4,0,4,4,0,4,0,0,0,0,2
4465,wef,,5,0,5,5,0,5,0,0,0,0,0
4466,IMFNews,,4,0,4,4,0,4,0,0,0,0,1
4468,TC_KUZKA,,2,0,2,2,0,2,0,0,0,0,2
4469,okakalkinma,,2,0,2,2,0,2,0,0,0,0,2
4470,TC_DAKA,,2,0,2,2,0,2,0,0,0,0,2
4471,GuneyEgeKA,,2,0,2,2,0,2,0,0,0,0,2
4472,DiyalogProjesi,,2,0,2,2,0,2,0,0,0,0,2
4475,ChristophidouEU,,4,0,4,4,0,4,0,0,0,0,1
4476,tcresmigazete,,2,0,2,2,0,2,0,0,0,0,2
4480,MargSchinas,,4,0,4,4,0,4,0,0,0,0,1
4482,eu_schoolnet,,5,0,5,5,0,5,0,0,0,0,1
4487,EPALE_EU,,5,0,5,5,0,5,0,0,0,0,1
4489,gen_erasmus,,6,0,6,6,0,6,0,0,0,0,1
4491,Kosgeb,,3,0,3,3,0,3,0,0,0,0,2
4495,SALTOrecognitio,,4,0,4,4,0,4,0,0,0,0,4
4496,AliSahin501,,2,0,2,2,0,2,0,0,0,0,2
4498,eTwinningEurope,,6,0,6,6,0,6,0,0,0,0,1
4499,TurkishAirlines,,4,0,4,4,0,4,0,0,0,0,1
4500,DAAD_Germany,,4,0,4,4,0,4,0,0,0,0,1
4501,EC_AVService,,4,0,4,4,0,4,0,0,0,0,1
4502,VassiliouEU,,4,0,4,4,0,4,0,0,0,0,1
4503,eycagr,,3,0,3,3,0,3,0,0,0,0,1
4504,tuikbilgi,,2,0,2,2,0,2,0,0,0,0,2
4505,omerrcelik,,4,0,4,4,0,4,0,0,0,0,2
4506,GoTurkey,,4,0,4,4,0,4,0,0,0,0,1
4508,ZaferKATR33,,2,0,2,2,0,2,0,0,0,0,2
4511,ENGSOsport,,3,0,3,3,0,3,0,0,0,0,1
4514,ErasmusPlus_PL,,4,0,4,4,0,4,0,0,0,0,1
4515,undpturkiye,,2,0,2,2,0,2,0,0,0,0,2
4519,_StudyinTurkey,,3,0,3,3,0,3,0,0,0,0,1
4520,cbsbb,,3,0,3,3,0,3,0,0,0,0,1
4521,Communications,,2,0,2,2,0,2,0,0,0,0,1
4522,BY,,2,0,2,2,0,2,0,0,0,0,1
4523,ikaorgtr,,2,0,2,2,0,2,0,0,0,0,2
4529,TK_TR,,4,0,4,4,0,4,0,0,0,0,2
4530,lllplatform,,5,0,5,5,0,5,0,0,0,0,1
4531,baka_wmda,,2,0,2,2,0,2,0,0,0,0,2
4532,istkaorgtr,,2,0,2,2,0,2,0,0,0,0,2
4533,ErasmusOfficeUO,,4,0,4,4,0,4,0,0,0,0,1
4540,Erasmusticaret,,3,0,3,3,0,3,0,0,0,0,1
4542,Erasmus_95,,4,0,4,4,0,4,0,0,0,0,4
4543,erasmusNYT,,2,0,2,2,0,2,0,0,0,0,7
4544,ESNbristol,,8,0,8,8,0,8,0,0,0,0,1
4545,erasmusplusUK,,7,0,7,7,0,7,0,0,0,0,1
4547,ESNsocial,,5,0,5,5,0,5,0,0,0,0,1
4548,ESNgroningen,,8,0,8,8,0,8,0,0,0,0,1
4549,esnitcom,,8,0,8,8,0,8,0,0,0,0,1
4550,ESNMALTA,,11,0,11,11,0,11,0,0,0,0,1
4551,esnaybu,,4,0,4,4,0,4,0,0,0,0,1
4552,FIU,,2,0,2,2,0,2,0,0,0,0,0
4553,TrentUni,,4,0,4,4,0,4,0,0,0,0,1
4554,UNUniversity,,3,0,3,3,0,3,0,0,0,0,1
4556,mcgillu,,4,0,4,4,0,4,0,0,0,0,1
4557,BrockUniversity,,3,0,3,3,0,3,0,0,0,0,1
4559,uOttawa,,4,0,4,4,0,4,0,0,0,0,2
4560,portsmouthuni,,4,0,4,4,0,4,0,0,0,0,1
4561,csuf,,2,0,2,2,0,2,0,0,0,0,1
4562,UofAlabama,,2,0,2,2,0,2,0,0,0,0,1
4563,UCIrvine,,2,0,2,2,0,2,0,0,0,0,1
4564,dmuleicester,,4,0,4,4,0,4,0,0,0,0,1
4567,ucmerced,,2,0,2,2,0,2,0,0,0,0,1
4568,UniversiteLyon,,4,0,4,4,0,4,0,0,0,0,1
4569,UnivNantes,,3,0,3,3,0,3,0,0,0,0,1
4570,universitereims,,3,0,3,3,0,3,0,0,0,0,1
4571,unilim,,4,0,4,4,0,4,0,0,0,0,4
4572,UnivLaRochelle,,3,0,3,3,0,3,0,0,0,0,1
4573,UQAM,,4,0,4,4,0,4,0,0,0,0,1
4574,universite_uppa,,4,0,4,4,0,4,0,0,0,0,1
4575,univpaulvalery,,4,0,4,4,0,4,0,0,0,0,1
4576,UniofNottingham,,4,0,4,4,0,4,0,0,0,0,1
4577,RutgersU,,3,0,3,3,0,3,0,0,0,0,1
4578,UnivRennes1,,4,0,4,4,0,4,0,0,0,0,1
4579,UDelaware,,2,0,2,2,0,2,0,0,0,0,1
4580,upvd1,,3,0,3,3,0,3,0,0,0,0,1
4581,NOVAunl,,2,0,2,2,0,2,0,0,0,0,1
4583,CPUniversite,,4,0,4,4,0,4,0,0,0,0,1
4584,dbdevletbahceli,,4,0,4,4,0,4,0,0,0,0,2
4587,UniversiteMedya,,3,0,3,3,0,3,0,0,0,0,1
4592,zcan_Bulent,,3,0,3,3,0,3,0,0,0,0,1
4593,tretwinning,,2,0,2,2,0,2,0,0,0,0,1
4594,YereldeAB,,3,0,3,3,0,3,0,0,0,0,1
4595,RHisarciklioglu,,2,0,2,2,0,2,0,0,0,0,2
4596,orsamorgtr,,2,0,2,2,0,2,0,0,0,0,2
4597,youthartorgtr,,4,0,4,4,0,4,0,0,0,0,1
4601,AB_Projeleri,,3,0,3,3,0,3,0,0,0,0,2
4602,volkan_bozkir,,4,0,4,4,0,4,0,0,0,0,1
4603,ab_ilan,,3,0,3,3,0,3,0,0,0,0,1
4604,UABakanligi,,2,0,2,2,0,2,0,0,0,0,2
4610,frkkymkc,,2,0,2,2,0,2,0,0,0,0,1
4611,AACanli,,2,0,2,2,0,2,0,0,0,0,2
4612,RTErdogan,,5,0,5,5,0,5,0,0,0,0,2
4613,drfahrettinkoca,,4,0,4,4,0,4,0,0,0,0,2
4615,suleymansoylu,,3,0,3,3,0,3,0,0,0,0,2
4616,trpresidency,,4,0,4,4,0,4,0,0,0,0,5
4617,anadoluagency,,3,0,3,3,0,3,0,0,0,0,1
4618,MevlutCavusoglu,,5,0,5,5,0,5,0,0,0,0,2
4619,MFATurkey,,3,0,3,3,0,3,0,0,0,0,1
4626,eulacfoundation,,3,0,3,3,0,3,0,0,0,0,2
4628,astro_duque,,3,0,3,3,0,3,0,0,0,0,8
4631,CienciaGob,,5,0,5,5,0,5,0,0,0,0,5
4640,ACUPcatalunya,,4,0,4,4,0,4,0,0,0,0,4
4641,xarxavives,,4,0,4,4,0,4,0,0,0,0,6
4642,pnique,,4,0,4,4,0,4,0,0,0,0,5
4643,MonederoJC,,4,0,4,4,0,4,0,0,0,0,8
4644,ierrejon,,5,0,5,5,0,5,0,0,0,0,0
4645,PODEMOS,,6,0,6,6,0,6,0,0,0,0,0
4646,WeyandSabine,,2,0,2,2,0,2,0,0,0,0,1
4647,PabloIglesias,,8,0,8,8,0,8,0,0,0,0,2
4648,sanchezcastejon,,6,0,6,6,0,6,0,0,0,0,5
4649,JosepBorrellF,,5,0,5,5,0,5,0,0,0,0,4
4650,vonderleyen,,5,0,5,5,0,5,0,0,0,0,1
4651,EP_President,,4,0,4,4,0,4,0,0,0,0,1
4652,TimmermansEU,,4,0,4,4,0,4,0,0,0,0,1
4653,EUombudsman,,6,0,6,6,0,6,0,0,0,0,1
4654,EUCourtPress,,3,0,3,3,0,3,0,0,0,0,1
4655,MichelBarnier,,4,0,4,4,0,4,0,0,0,0,3
4656,EU_Justice,,4,0,4,4,0,4,0,0,0,0,1
4657,EURightsAgency,,5,0,5,5,0,5,0,0,0,0,1
4658,EUCouncilPress,,7,0,7,7,0,7,0,0,0,0,1
4659,eu_eeas,,8,0,8,8,0,8,0,0,0,0,1
4660,coe,,9,0,9,9,0,9,0,0,0,0,1
4661,Europarl_EN,,7,0,7,7,0,7,0,0,0,0,1
4662,FedericaMog,,4,0,4,4,0,4,0,0,0,0,1
4663,eucopresident,,7,0,7,7,0,7,0,0,0,0,5
4664,guyverhofstadt,,4,0,4,4,0,4,0,0,0,0,3
4668,ERC_Research,,6,0,6,6,0,6,0,0,0,0,1
4674,yurtdisiturkler,,3,0,3,3,0,3,0,0,0,0,1
4677,okanedu,,3,0,3,3,0,3,0,0,0,0,1
4678,MEFuniversitesi,,2,0,2,2,0,2,0,0,0,0,1
4686,Bahcesehir,,4,0,4,4,0,4,0,0,0,0,7
4689,yunussoylet,,2,0,2,2,0,2,0,0,0,0,2
4700,Kizilay,,3,0,3,3,0,3,0,0,0,0,2
4701,trthaber,,3,0,3,3,0,3,0,0,0,0,2
4705,TC_icisleri,,2,0,2,2,0,2,0,0,0,0,2
4706,saglikbakanligi,,2,0,2,2,0,2,0,0,0,0,2
4709,Tika_Turkey,,4,0,4,4,0,4,0,0,0,0,1
4714,acikveuzaktan,,2,0,2,2,0,2,0,0,0,0,2
4731,iletisim,,2,0,2,2,0,2,0,0,0,0,2
4733,TCSanayi,,2,0,2,2,0,2,0,0,0,0,2
4734,tcbestepe,,4,0,4,4,0,4,0,0,0,0,2
4735,TBMMresmi,,3,0,3,3,0,3,0,0,0,0,2
4743,anadoluajansi,,3,0,3,3,0,3,0,0,0,0,2
4744,Anadolu_Univ,,3,0,3,3,0,3,0,0,0,0,1
4745,Tubitak,,2,0,2,2,0,2,0,0,0,0,2
4759,istanbulmodern_,,5,0,5,5,0,5,0,0,0,0,7
4765,iksv_istanbul,,5,0,5,5,0,5,0,0,0,0,2
4768,AdemSozuer,,2,0,2,2,0,2,0,0,0,0,2
4772,TC_Disisleri,,4,0,4,4,0,4,0,0,0,0,1
4773,iupk,,2,0,2,2,0,2,0,0,0,0,2
4774,gencliksporbak,,2,0,2,2,0,2,0,0,0,0,1
4782,MevlanaDegisim,,3,0,3,3,0,3,0,0,0,0,1
4783,genckizilay,,2,0,2,2,0,2,0,0,0,0,2
4784,istanbulbld,,2,0,2,2,0,2,0,0,0,0,2
4785,TC_istanbul,,2,0,2,2,0,2,0,0,0,0,2
4786,YuksekogretimK,,3,0,3,3,0,3,0,0,0,0,2
4787,bbcturkce,,4,0,4,4,0,4,0,0,0,0,2
4788,habitatdernegi,,2,0,2,2,0,2,0,0,0,0,2
4789,temavakfi,,2,0,2,2,0,2,0,0,0,0,1
4790,aguyouth,,2,0,2,2,0,2,0,0,0,0,2
4791,eurodesktr,,5,0,5,5,0,5,0,0,0,0,1
4792,Eurodesk,,7,0,7,7,0,7,0,0,0,0,1
4793,ABBaskanligi,,4,0,4,4,0,4,0,0,0,0,1
4794,abmerkez,,2,0,2,2,0,2,0,0,0,0,1
4795,CampusFrance,,4,0,4,4,0,4,0,0,0,0,6
4797,UParisNanterre,,4,0,4,4,0,4,0,0,0,0,1
4799,USPC_news,,4,0,4,4,0,4,0,0,0,0,1
4800,UnivParis8,,4,0,4,4,0,4,0,0,0,0,1
4801,BUSorbonne_Univ,,2,0,2,2,0,2,0,0,0,0,4
4802,uvsq,,4,0,4,4,0,4,0,0,0,0,1
4803,cdf1530,,3,0,3,3,0,3,0,0,0,0,1
4804,UGrenobleAlpes,,2,0,2,2,0,2,0,0,0,0,1
4805,unistra,,5,0,5,5,0,5,0,0,0,0,7
4807,UnivParisSaclay,,4,0,4,4,0,4,0,0,0,0,1
4808,u_psud,,4,0,4,4,0,4,0,0,0,0,1
4809,psl_univ,,3,0,3,3,0,3,0,0,0,0,1
4810,SorbonneParis1,,4,0,4,4,0,4,0,0,0,0,1
4811,Univ_Paris,,4,0,4,4,0,4,0,0,0,0,1
4812,euatweets,,4,0,4,4,0,4,0,0,0,0,1
4813,NASAJuno,,3,0,3,3,0,3,0,0,0,0,5
4814,THEworldunirank,,4,0,4,4,0,4,0,0,0,0,1
4816,danielerasmus,,3,0,3,3,0,3,0,0,0,0,7
4817,erasmusmcintl,,2,0,2,2,0,2,0,0,0,0,0
4818,EstelleSErasmus,,3,0,3,3,0,3,0,0,0,0,7
4819,ErasmusHuis,,4,0,4,4,0,4,0,0,0,0,1
4820,ErasmusplusFR,,6,0,6,6,0,6,0,0,0,0,1
4821,EUC_Rotterdam,,5,0,5,5,0,5,0,0,0,0,2
4823,RSMErasmus,,4,0,4,4,0,4,0,0,0,0,1
4824,NEUerasmus,,2,0,2,2,0,2,0,0,0,0,1
4825,ErasmusNeu,,3,0,3,3,0,3,0,0,0,0,1
4826,ErasmusplusJeun,,6,0,6,6,0,6,0,0,0,0,1
4827,Erasmus_Project,,6,0,6,6,0,6,0,0,0,0,1
4828,ErasmusPlusTR,,4,0,4,4,0,4,0,0,0,0,0
4829,ESNSeabattle,,10,0,10,10,0,10,0,0,0,0,1
4830,esnsofia,,7,0,7,7,0,7,0,0,0,0,1
4831,ESNExistanbul,,8,0,8,8,0,8,0,0,0,0,1
4832,esnanadolu,,5,0,5,5,0,5,0,0,0,0,1
4833,esnatilim,,5,0,5,5,0,5,0,0,0,0,1
4834,SocialErasmusTR,,4,0,4,4,0,4,0,0,0,0,1
4835,esn_gazi,,4,0,4,4,0,4,0,0,0,0,1
4836,ESN__SU,,9,0,9,9,0,9,0,0,0,0,1
4837,esnnovisad,,11,0,11,11,0,11,0,0,0,0,1
4838,ESNGelisim,,8,0,8,8,0,8,0,0,0,0,1
4839,AGMAnkara2015,,4,0,4,4,0,4,0,0,0,0,1
4840,ESNYasarTR,,4,0,4,4,0,4,0,0,0,0,1
4841,Esn_Itu,,6,0,6,6,0,6,0,0,0,0,1
4842,ESN_Panteion,,5,0,5,5,0,5,0,0,0,0,1
4843,ESNHuBrussels,,5,0,5,5,0,5,0,0,0,0,1
4844,ESN_INH_DIEMEN,,7,0,7,7,0,7,0,0,0,0,1
4845,ESNLustrum,,5,0,5,5,0,5,0,0,0,0,1
4846,ESN_UniPi,,5,0,5,5,0,5,0,0,0,0,1
4847,ESN_Poznan,,9,0,9,9,0,9,0,0,0,0,1
4848,EsnDeu,,4,0,4,4,0,4,0,0,0,0,1
4849,esn_timisoara,,4,0,4,4,0,4,0,0,0,0,1
4850,erasmusbari,,8,0,8,8,0,8,0,0,0,0,1
4851,esnbudapest,,3,0,3,3,0,3,0,0,0,0,1
4853,esnaltinbas,,4,0,4,4,0,4,0,0,0,0,1
4854,ILKERASTARCI,,2,0,2,2,0,2,0,0,0,0,1
4855,EUCouncil,,7,0,7,7,0,7,0,0,0,0,1
4856,ESNankarauni,,4,0,4,4,0,4,0,0,0,0,1
4857,AquilasmusEsn,,4,0,4,4,0,4,0,0,0,0,1
4858,ESNInnsbruck,,4,0,4,4,0,4,0,0,0,0,3
4859,esn_trabzon,,4,0,4,4,0,4,0,0,0,0,1
4860,esniue,,5,0,5,5,0,5,0,0,0,0,1
4861,ulusalajans,,4,0,4,4,0,4,0,0,0,0,1
4862,esnturkey,,11,0,11,11,0,11,0,0,0,0,1
4863,erasmuswp,,4,0,4,4,0,4,0,0,0,0,1
4864,UN,,6,0,6,6,0,6,0,0,0,0,1
4865,ESNEstonia,,11,0,11,11,0,11,0,0,0,0,1
4866,esntartu,,8,0,8,8,0,8,0,0,0,0,1
4867,eusaunisport,,4,0,4,4,0,4,0,0,0,0,5
4868,ElspethJones,,4,0,4,4,0,4,0,0,0,0,1
4869,esntallinn,,9,0,9,9,0,9,0,0,0,0,1
4870,crai_ub,,2,0,2,2,0,2,0,0,0,0,6
4871,universitatscat,,2,0,2,2,0,2,0,0,0,0,4
4872,universitatURV,,4,0,4,4,0,4,0,0,0,0,4
4873,nytimes,,5,0,5,5,0,5,0,0,0,0,1
4874,UNESCO,,8,0,8,8,0,8,0,0,0,0,1
4877,Uni_MR,,3,0,3,3,0,3,0,0,0,0,1
4878,unibt,,3,0,3,3,0,3,0,0,0,0,1
4879,WWU_Muenster,,4,0,4,4,0,4,0,0,0,0,1
4880,UniLeipzig,,3,0,3,3,0,3,0,0,0,0,1
4881,presseunikassel,,3,0,3,3,0,3,0,0,0,0,1
4883,BeuthHS,,2,0,2,2,0,2,0,0,0,0,1
4886,uni_mainz,,3,0,3,3,0,3,0,0,0,0,1
4887,unikonstanz,,3,0,3,3,0,3,0,0,0,0,1
4888,ruhrunibochum,,4,0,4,4,0,4,0,0,0,0,1
4889,UniHalle,,3,0,3,3,0,3,0,0,0,0,1
4890,uniGoettingen,,4,0,4,4,0,4,0,0,0,0,1
4891,ChariteBerlin,,2,0,2,2,0,2,0,0,0,0,1
4892,ResearchGermany,,3,0,3,3,0,3,0,0,0,0,1
4894,uni_tue,,4,0,4,4,0,4,0,0,0,0,1
4895,goetheuni,,3,0,3,3,0,3,0,0,0,0,1
4896,TU_Muenchen,,3,0,3,3,0,3,0,0,0,0,1
4898,UniBonn,,3,0,3,3,0,3,0,0,0,0,1
4899,unihh,,4,0,4,4,0,4,0,0,0,0,1
4900,unipotsdam,,4,0,4,4,0,4,0,0,0,0,1
4901,LMU_Muenchen,,3,0,3,3,0,3,0,0,0,0,1
4902,UniHeidelberg,,4,0,4,4,0,4,0,0,0,0,1
4903,TUBerlin,,3,0,3,3,0,3,0,0,0,0,1
4904,FU_Berlin,,3,0,3,3,0,3,0,0,0,0,1
4905,UniCologne,,3,0,3,3,0,3,0,0,0,0,1
4906,timeshighered,,5,0,5,5,0,5,0,0,0,0,1
4907,STGEUI,,3,0,3,3,0,3,0,0,0,0,1
4908,EUISoU,,2,0,2,2,0,2,0,0,0,0,1
4909,collegeofeurope,,4,0,4,4,0,4,0,0,0,0,1
4910,EuropeanUni,,5,0,5,5,0,5,0,0,0,0,1
4912,BrandeisU,,3,0,3,3,0,3,0,0,0,0,1
4913,QatarUniversity,,3,0,3,3,0,3,0,0,0,0,2
4914,PrincetonUPress,,3,0,3,3,0,3,0,0,0,0,2
4915,MonashUni,,4,0,4,4,0,4,0,0,0,0,1
4916,oxford_brookes,,2,0,2,2,0,2,0,0,0,0,1
4917,latrobe,,4,0,4,4,0,4,0,0,0,0,1
4919,UniSouthWales,,4,0,4,4,0,4,0,0,0,0,1
4920,waynestate,,2,0,2,2,0,2,0,0,0,0,1
4921,AuburnU,,4,0,4,4,0,4,0,0,0,0,1
4922,LoyolaMarymount,,2,0,2,2,0,2,0,0,0,0,1
4924,BU_Tweets,,4,0,4,4,0,4,0,0,0,0,1
4925,HowardU,,4,0,4,4,0,4,0,0,0,0,2
4926,VillanovaU,,2,0,2,2,0,2,0,0,0,0,1
4927,LifeAtPurdue,,4,0,4,4,0,4,0,0,0,0,1
4928,floridastate,,3,0,3,3,0,3,0,0,0,0,1
4929,UniofBradford,,5,0,5,5,0,5,0,0,0,0,4
4930,UChicago,,3,0,3,3,0,3,0,0,0,0,1
4931,IUBloomington,,4,0,4,4,0,4,0,0,0,0,4
4932,ohiou,,3,0,3,3,0,3,0,0,0,0,1
4933,SyracuseU,,3,0,3,3,0,3,0,0,0,0,4
4934,nyuniversity,,4,0,4,4,0,4,0,0,0,0,4
4935,univofstandrews,,4,0,4,4,0,4,0,0,0,0,1
4936,UBC,,2,0,2,2,0,2,0,0,0,0,1
4937,NisantasiEdu,,2,0,2,2,0,2,0,0,0,0,1
4939,ozyeginuni,,3,0,3,3,0,3,0,0,0,0,2
4940,yekta_sarac,,3,0,3,3,0,3,0,0,0,0,1
4951,dilbilimkulubu,,2,0,2,2,0,2,0,0,0,0,2
4954,istanbulOK,,2,0,2,2,0,2,0,0,0,0,2
4960,iu_dilbilim,,2,0,2,2,0,2,0,0,0,0,2
4966,istanbuledutr,,2,0,2,2,0,2,0,0,0,0,2
4968,marmaraunv,,3,0,3,3,0,3,0,0,0,0,1
4969,AnkaraUni,,4,0,4,4,0,4,0,0,0,0,2
4970,UniBogazici,,3,0,3,3,0,3,0,0,0,0,7
4971,OSYMbaskanligi,,2,0,2,2,0,2,0,0,0,0,1
4972,UNHCRTurkey,,2,0,2,2,0,2,0,0,0,0,2
4974,EUDelegationTur,,4,0,4,4,0,4,0,0,0,0,1
4975,AvbirDT,,3,0,3,3,0,3,0,0,0,0,1
4976,iuedebiyatf,,2,0,2,2,0,2,0,0,0,0,2
4977,itu1773,,2,0,2,2,0,2,0,0,0,0,1
4978,CaledonianNews,,3,0,3,3,0,3,0,0,0,0,2
4979,YildizEdu,,2,0,2,2,0,2,0,0,0,0,7
4980,Gazi_Universite,,3,0,3,3,0,3,0,0,0,0,1
4981,Galatasaray_Uni,,2,0,2,2,0,2,0,0,0,0,1
4983,durham_uni,,4,0,4,4,0,4,0,0,0,0,1
4985,NAFSA,,4,0,4,4,0,4,0,0,0,0,2
4986,TheEAIE,,4,0,4,4,0,4,0,0,0,0,1
4987,IEFTurkey,,4,0,4,4,0,4,0,0,0,0,7
4989,uskudaruni,,2,0,2,2,0,2,0,0,0,0,1
4991,universitehalic,,2,0,2,2,0,2,0,0,0,0,3
4992,gaziantepUniv,,2,0,2,2,0,2,0,0,0,0,3
4995,DogusUniv,,2,0,2,2,0,2,0,0,0,0,1
4996,medipolunv,,2,0,2,2,0,2,0,0,0,0,1
4997,BilkentUniv,,3,0,3,3,0,3,0,0,0,0,7
4998,kocuniversity,,3,0,3,3,0,3,0,0,0,0,1
4999,eraoffice,,3,0,3,3,0,3,0,0,0,0,1
5002,NorthwesternU,,2,0,2,2,0,2,0,0,0,0,1
5003,UMNews,,3,0,3,3,0,3,0,0,0,0,1
5004,OfficialUoM,,3,0,3,3,0,3,0,0,0,0,1
5005,queensu,,4,0,4,4,0,4,0,0,0,0,1
5006,EastCarolina,,3,0,3,3,0,3,0,0,0,0,1
5007,Penn,,4,0,4,4,0,4,0,0,0,0,0
5012,MaltepeEduTr,,2,0,2,2,0,2,0,0,0,0,1
5013,IKUedu,,3,0,3,3,0,3,0,0,0,0,7
5017,AltinbasUniv,,2,0,2,2,0,2,0,0,0,0,1
5019,BiLGiOfficial,,3,0,3,3,0,3,0,0,0,0,2
5020,AUB_Lebanon,,2,0,2,2,0,2,0,0,0,0,8
5025,erasmusuni,,6,0,6,6,0,6,0,0,0,0,1
5026,ArelErasmus,,3,0,3,3,0,3,0,0,0,0,0
5030,SehirUniversite,,2,0,2,2,0,2,0,0,0,0,1
5031,UofOklahoma,,2,0,2,2,0,2,0,0,0,0,1
5032,TuftsUniversity,,4,0,4,4,0,4,0,0,0,0,1
5033,Harvard_Press,,2,0,2,2,0,2,0,0,0,0,2
5034,UW,,3,0,3,3,0,3,0,0,0,0,1
5035,UWMadison,,3,0,3,3,0,3,0,0,0,0,4
5036,Georgetown,,4,0,4,4,0,4,0,0,0,0,2
5037,Uni_Foundation,,4,0,4,4,0,4,0,0,0,0,1
5039,WUSTL,,3,0,3,3,0,3,0,0,0,0,1
5040,BoltonUni,,4,0,4,4,0,4,0,0,0,0,1
5041,dundeeuni,,4,0,4,4,0,4,0,0,0,0,1
5042,Princeton,,4,0,4,4,0,4,0,0,0,0,1
5043,DukeU,,4,0,4,4,0,4,0,0,0,0,1
5044,UniversiteEge,,2,0,2,2,0,2,0,0,0,0,1
5046,Akdenizun,,2,0,2,2,0,2,0,0,0,0,1
5047,sabanciu,,3,0,3,3,0,3,0,0,0,0,1
5048,muglaedutr,,2,0,2,2,0,2,0,0,0,0,1
5049,IAUKampus,,2,0,2,2,0,2,0,0,0,0,1
5050,atauni1957,,2,0,2,2,0,2,0,0,0,0,1
5051,YasarUniv,,2,0,2,2,0,2,0,0,0,0,1
5054,SabanciVakfi,,3,0,3,3,0,3,0,0,0,0,1
5055,SabanciHolding,,2,0,2,2,0,2,0,0,0,0,1
5056,kocholding,,2,0,2,2,0,2,0,0,0,0,2
5058,Tsinghua_Uni,,3,0,3,3,0,3,0,0,0,0,1
5059,selcukuniresmi,,2,0,2,2,0,2,0,0,0,0,3
5061,YeditepeUni,,3,0,3,3,0,3,0,0,0,0,1
5062,InterMaltepe,,2,0,2,2,0,2,0,0,0,0,1
5063,DrexelUniv,,4,0,4,4,0,4,0,0,0,0,1
5064,HumboldtUni,,4,0,4,4,0,4,0,0,0,0,1
5065,MIT,,4,0,4,4,0,4,0,0,0,0,1
5066,Wharton,,4,0,4,4,0,4,0,0,0,0,0
5067,UCBerkeley,,4,0,4,4,0,4,0,0,0,0,1
5068,EITeu,,4,0,4,4,0,4,0,0,0,0,3
5069,univgroningen,,4,0,4,4,0,4,0,0,0,0,1
5070,IUAofficial,,4,0,4,4,0,4,0,0,0,0,1
5071,IAU_AIU,,4,0,4,4,0,4,0,0,0,0,1
5072,UnivPoitiers,,3,0,3,3,0,3,0,0,0,0,1
5073,sakaryauni,,2,0,2,2,0,2,0,0,0,0,1
5074,duzceuniversite,,2,0,2,2,0,2,0,0,0,0,1
5075,areledu,,3,0,3,3,0,3,0,0,0,0,1
5076,karatekinUni,,2,0,2,2,0,2,0,0,0,0,1
5077,EruMedya,,2,0,2,2,0,2,0,0,0,0,1
5078,FMVIsikUniv,,2,0,2,2,0,2,0,0,0,0,1
5079,METU_ODTU,,3,0,3,3,0,3,0,0,0,0,1
5080,gedikedu,,2,0,2,2,0,2,0,0,0,0,1
5081,BeykentUnv,,2,0,2,2,0,2,0,0,0,0,1
5085,eurasedu,,3,0,3,3,0,3,0,0,0,0,1
5086,iauerasmus,,4,0,4,4,0,4,0,0,0,0,2
5091,RfaValenzuela,,2,0,2,2,0,2,0,0,0,0,1
5094,elscatarres,,2,0,2,2,0,2,0,0,0,0,5
5097,malacarasev,,4,0,4,4,0,4,0,0,0,0,6
5098,FranJMolina18,,3,0,3,3,0,3,0,0,0,0,6
5100,JordiCruzPerez,,3,0,3,3,0,3,0,0,0,0,0
5101,hombresdepaco,,3,0,3,3,0,3,0,0,0,0,0
5103,MileyCyrus,,7,0,7,7,0,7,0,0,0,0,4
5104,El_Kanka,,3,0,3,3,0,3,0,0,0,0,5
5106,analeinn,,2,0,2,2,0,2,0,0,0,0,5
5107,pablitosinsajo,,2,0,2,2,0,2,0,0,0,0,2
5109,JavierCordura,,2,0,2,2,0,2,0,0,0,0,2
5110,samurodguez,,2,0,2,2,0,2,0,0,0,0,2
5112,Torviic_2,,3,0,3,3,0,3,0,0,0,0,2
5118,DGobAndalucia,,3,0,3,3,0,3,0,0,0,0,2
5121,criffindor,,3,0,3,3,0,3,0,0,0,0,2
5122,_nico_hola,,2,0,2,2,0,2,0,0,0,0,2
5123,mariahormigo1,,4,0,4,4,0,4,0,0,0,0,2
5125,MykeTowers_,,2,0,2,2,0,2,0,0,0,0,2
5126,cristinalq97,,2,0,2,2,0,2,0,0,0,0,2
5128,JuanmaHita,,2,0,2,2,0,2,0,0,0,0,0
5130,Anaqucu,,2,0,2,2,0,2,0,0,0,0,5
5132,pablo_espejoH,,2,0,2,2,0,2,0,0,0,0,5
5133,ChicasDelCable,,2,0,2,2,0,2,0,0,0,0,2
5134,iPeregrinos,,3,0,3,3,0,3,0,0,0,0,5
5149,compromis,,2,0,2,2,0,2,0,0,0,0,5
5151,BfcOfficialPage,,2,0,2,2,0,2,0,0,0,0,5
5152,CAJADEVERDADES,,3,0,3,3,0,3,0,0,0,0,6
5153,CNN,,7,0,7,7,0,7,0,0,0,0,1
5154,c0caine00_,,2,0,2,2,0,2,0,0,0,0,5
5160,9GAG,,3,0,3,3,0,3,0,0,0,0,8
5162,LoMejorDeFB,,3,0,3,3,0,3,0,0,0,0,2
5163,Defreds,,2,0,2,2,0,2,0,0,0,0,2
5167,carlos_right,,2,0,2,2,0,2,0,0,0,0,5
5168,FamousOberogo,,2,0,2,2,0,2,0,0,0,0,5
5170,natalialacunza,,2,0,2,2,0,2,0,0,0,0,5
5171,martaot2018,,2,0,2,2,0,2,0,0,0,0,5
5172,_albxreche,,2,0,2,2,0,2,0,0,0,0,5
5175,yisucrist,,5,0,5,5,0,5,0,0,0,0,2
5176,mariaot2018,,2,0,2,2,0,2,0,0,0,0,5
5179,Najwa_Nimri,,3,0,3,3,0,3,0,0,0,0,0
5182,26_DaniPedrosa,,3,0,3,3,0,3,0,0,0,0,5
5183,UPV,,4,0,4,4,0,4,0,0,0,0,4
5187,LaResistencia,,5,0,5,5,0,5,0,0,0,0,5
5188,Sidecarsrock,,2,0,2,2,0,2,0,0,0,0,2
5190,MotoGP,,3,0,3,3,0,3,0,0,0,0,5
5199,FrasesdeHIMYM,,3,0,3,3,0,3,0,0,0,0,5
5201,VEGAOFICIAL,,2,0,2,2,0,2,0,0,0,0,2
5204,ArenalSound,,4,0,4,4,0,4,0,0,0,0,2
5205,Leiva_Oficial,,4,0,4,4,0,4,0,0,0,0,5
5210,RealSociedad,,3,0,3,3,0,3,0,0,0,0,6
5218,RobertoLealG,,4,0,4,4,0,4,0,0,0,0,5
5220,JADELOFICIAL,,2,0,2,2,0,2,0,0,0,0,6
5222,davidbisbal,,4,0,4,4,0,4,0,0,0,0,5
5223,NoemiGaleraN,,5,0,5,5,0,5,0,0,0,0,5
5224,mamenmarquezvoz,,3,0,3,3,0,3,0,0,0,0,5
5225,jkycap,,2,0,2,2,0,2,0,0,0,0,5
5226,BrisaFenoy,,3,0,3,3,0,3,0,0,0,0,6
5228,vickygom3z,,3,0,3,3,0,3,0,0,0,0,5
5229,javviercalvo,,5,0,5,5,0,5,0,0,0,0,5
5230,ManuGuix,,5,0,5,5,0,5,0,0,0,0,5
5234,OT_Oficial,,5,0,5,5,0,5,0,0,0,0,5
5236,Aitanax,,3,0,3,3,0,3,0,0,0,0,5
5237,raoulvazquez,,3,0,3,3,0,3,0,0,0,0,5
5238,amaiaromero,,4,0,4,4,0,4,0,0,0,0,5
5239,MarinaJade,,2,0,2,2,0,2,0,0,0,0,5
5240,anaguerra,,3,0,3,3,0,3,0,0,0,0,5
5241,miriamrmusic_,,3,0,3,3,0,3,0,0,0,0,5
5242,RoiMendez,,4,0,4,4,0,4,0,0,0,0,5
5243,MireyaBravo_,,2,0,2,2,0,2,0,0,0,0,5
5244,cepedaoficial,,2,0,2,2,0,2,0,0,0,0,5
5245,Agoney,,3,0,3,3,0,3,0,0,0,0,5
5246,thaliagarrido,,2,0,2,2,0,2,0,0,0,0,5
5247,rickymerino,,3,0,3,3,0,3,0,0,0,0,5
5248,alfredgarcia,,2,0,2,2,0,2,0,0,0,0,5
5249,nerearoficial,,3,0,3,3,0,3,0,0,0,0,5
5250,juan_antonio,,2,0,2,2,0,2,0,0,0,0,5
5251,lolaindigomusic,,3,0,3,3,0,3,0,0,0,0,5
5252,SDEibar,,3,0,3,3,0,3,0,0,0,0,2
5257,Telmometro,,3,0,3,3,0,3,0,0,0,0,6
5258,ZooPosse,,2,0,2,2,0,2,0,0,0,0,0
5259,HBO_ES,,2,0,2,2,0,2,0,0,0,0,5
5266,hersimmar,,3,0,3,3,0,3,0,0,0,0,5
5267,AthleticClub,,3,0,3,3,0,3,0,0,0,0,6
5269,NatxoInsa,,2,0,2,2,0,2,0,0,0,0,5
5272,quimicaPau,,3,0,3,3,0,3,0,0,0,0,0
5284,Soy_DePueblo,,5,0,5,5,0,5,0,0,0,0,5
5300,Ingeniero_Boss,,3,0,3,3,0,3,0,0,0,0,6
5301,UnAIumno,,3,0,3,3,0,3,0,0,0,0,1
5304,TuiterHits,,3,0,3,3,0,3,0,0,0,0,6
5306,ElInformerUPV,,3,0,3,3,0,3,0,0,0,0,1
5307,DaniRoviraTwits,,3,0,3,3,0,3,0,0,0,0,6
5308,spacelephants,,3,0,3,3,0,3,0,0,0,0,6
5309,Tumbalea,,2,0,2,2,0,2,0,0,0,0,5
5318,DANIROVIRA,,5,0,5,5,0,5,0,0,0,0,0
5319,Goyojimenez,,3,0,3,3,0,3,0,0,0,0,0
5322,Alcaraz_Lucas,,3,0,3,3,0,3,0,0,0,0,6
5344,PabloHasel,,2,0,2,2,0,2,0,0,0,0,0
5365,neymarjr,,3,0,3,3,0,3,0,0,0,0,5
5366,llorentefer19,,3,0,3,3,0,3,0,0,0,0,5
5374,vicama8,,2,0,2,2,0,2,0,0,0,0,5
5404,xumetra17,,2,0,2,2,0,2,0,0,0,0,6
5405,FondoFlamenco_,,3,0,3,3,0,3,0,0,0,0,0
5415,ireneequis,,4,0,4,4,0,4,0,0,0,0,3
5420,MarioCimarro,,2,0,2,2,0,2,0,0,0,0,2
5423,DannaGarcia,,2,0,2,2,0,2,0,0,0,0,2
5431,barral23,,3,0,3,3,0,3,0,0,0,0,0
5433,JoaquinCaparros,,3,0,3,3,0,3,0,0,0,0,5
5441,PaisajeGeo,,3,0,3,3,0,3,0,0,0,0,3
5444,marcmarquez93,,3,0,3,3,0,3,0,0,0,0,5
5445,ValeYellow46,,3,0,3,3,0,3,0,0,0,0,5
5467,CarlosMolina_6,,2,0,2,2,0,2,0,0,0,0,6
5482,TurismoCalp,,2,0,2,2,0,2,0,0,0,0,5
5486,NaturPictures,,3,0,3,3,0,3,0,0,0,0,6
5489,TrucosDeMakeUp,,2,0,2,2,0,2,0,0,0,0,0
5502,RealBetis,,5,0,5,5,0,5,0,0,0,0,6
5506,VineVideosEs,,5,0,5,5,0,5,0,0,0,0,0
5530,HumorenValencia,,2,0,2,2,0,2,0,0,0,0,5
5536,cesc4official,,3,0,3,3,0,3,0,0,0,0,2
5543,AlmeriaLIVE,,2,0,2,2,0,2,0,0,0,0,5
5557,efectopasillo,,3,0,3,3,0,3,0,0,0,0,6
5568,Edurnity,,4,0,4,4,0,4,0,0,0,0,0
5569,D_DeGea,,3,0,3,3,0,3,0,0,0,0,0
5575,lapegatina,,3,0,3,3,0,3,0,0,0,0,0
5579,pgaguado,,4,0,4,4,0,4,0,0,0,0,5
5584,_Paisajes_,,3,0,3,3,0,3,0,0,0,0,6
5585,jordievole,,9,0,9,9,0,9,0,0,0,0,1
5606,GranadaCdeF,,6,0,6,6,0,6,0,0,0,0,0
5620,nereap10,,2,0,2,2,0,2,0,0,0,0,6
5628,realvalladolid,,3,0,3,3,0,3,0,0,0,0,6
5634,PUTOJUANDA,,2,0,2,2,0,2,0,0,0,0,2
5637,skapoficial,,2,0,2,2,0,2,0,0,0,0,4
5638,PuntoPalote,,4,0,4,4,0,4,0,0,0,0,5
5648,CienciaGIFeada,,2,0,2,2,0,2,0,0,0,0,5
5656,biano,,2,0,2,2,0,2,0,0,0,0,5
5657,ElChotoAlbino,,2,0,2,2,0,2,0,0,0,0,5
5666,Partisano_cat,,2,0,2,2,0,2,0,0,0,0,0
5668,Gilipollas_,,3,0,3,3,0,3,0,0,0,0,5
5670,SrEfectoDoppler,,2,0,2,2,0,2,0,0,0,0,5
5674,15MayoValencia,,2,0,2,2,0,2,0,0,0,0,5
5675,ellarguero,,3,0,3,3,0,3,0,0,0,0,4
5676,Cristiano,,5,0,5,5,0,5,0,0,0,0,8
5678,hispaCBD,,3,0,3,3,0,3,0,0,0,0,0
5679,DSheldon_Cooper,,3,0,3,3,0,3,0,0,0,0,0
5682,frases_marea,,2,0,2,2,0,2,0,0,0,0,5
5685,VinaRockOficial,,3,0,3,3,0,3,0,0,0,0,5
5686,RAFAMORATETE,,3,0,3,3,0,3,0,0,0,0,0
5697,Smart_CityLATAM,,3,0,3,3,0,3,0,0,0,0,2
5700,BOIKOTBAND,,2,0,2,2,0,2,0,0,0,0,5
5721,VLC_ENFURECIDA,,2,0,2,2,0,2,0,0,0,0,5
5728,elconcursodel,,3,0,3,3,0,3,0,0,0,0,0
5746,AngelCapel,,2,0,2,2,0,2,0,0,0,0,0
5756,TWICHISTE,,4,0,4,4,0,4,0,0,0,0,0
5773,_FrasesEstopa_,,3,0,3,3,0,3,0,0,0,0,5
5775,Feslloc,,2,0,2,2,0,2,0,0,0,0,6
5776,tatsfortea,,2,0,2,2,0,2,0,0,0,0,7
5780,Abercrombie,,3,0,3,3,0,3,0,0,0,0,3
5781,HollisterCo,,3,0,3,3,0,3,0,0,0,0,6
5786,Sergio_RamirezR,,2,0,2,2,0,2,0,0,0,0,2
5790,la_republicana,,2,0,2,2,0,2,0,0,0,0,5
5798,colgadosfutbol,,3,0,3,3,0,3,0,0,0,0,4
5800,bongobotrako,,3,0,3,3,0,3,0,0,0,0,3
5801,_danielmartin_,,4,0,4,4,0,4,0,0,0,0,5
5807,gobiernoespa,,3,0,3,3,0,3,0,0,0,0,0
5812,_AndyyLucas_,,3,0,3,3,0,3,0,0,0,0,0
5814,superdeporte_es,,3,0,3,3,0,3,0,0,0,0,0
5821,juanmacastano,,3,0,3,3,0,3,0,0,0,0,5
5825,elchecf,,3,0,3,3,0,3,0,0,0,0,6
5826,GuiaElche,,2,0,2,2,0,2,0,0,0,0,6
5834,HomerSimpsonEs,,3,0,3,3,0,3,0,0,0,0,5
5837,3gerardpique,,5,0,5,5,0,5,0,0,0,0,0
5843,neox,,3,0,3,3,0,3,0,0,0,0,5
5844,7yaccion,,3,0,3,3,0,3,0,0,0,0,0
5845,flofdezz,,5,0,5,5,0,5,0,0,0,0,0
5851,AristoteIes,,3,0,3,3,0,3,0,0,0,0,6
5852,BorrachoPublico,,2,0,2,2,0,2,0,0,0,0,5
5853,perefuset,,2,0,2,2,0,2,0,0,0,0,5
5854,JovesPV,,2,0,2,2,0,2,0,0,0,0,0
5857,AnonymousTx,,2,0,2,2,0,2,0,0,0,0,0
5858,APM,,3,0,3,3,0,3,0,0,0,0,4
5859,cinestudiodor,,2,0,2,2,0,2,0,0,0,0,5
5870,AntifeixistesPV,,2,0,2,2,0,2,0,0,0,0,0
5876,bobmarley,,2,0,2,2,0,2,0,0,0,0,2
5878,AnnaSimonMari,,3,0,3,3,0,3,0,0,0,0,0
5879,GeijoAlex,,3,0,3,3,0,3,0,0,0,0,5
5887,atzembla,,2,0,2,2,0,2,0,0,0,0,5
5888,AnonymousAction,,2,0,2,2,0,2,0,0,0,0,0
5895,DijoBobMarley,,4,0,4,4,0,4,0,0,0,0,5
5896,frnperea,,3,0,3,3,0,3,0,0,0,0,2
5903,sopetero,,2,0,2,2,0,2,0,0,0,0,5
5908,gonza_rhcp,,2,0,2,2,0,2,0,0,0,0,6
5909,GUTY14HAZ,,4,0,4,4,0,4,0,0,0,0,0
5910,los_secretos,,2,0,2,2,0,2,0,0,0,0,2
5912,Extremo_duro,,2,0,2,2,0,2,0,0,0,0,5
5915,OneJensen,,2,0,2,2,0,2,0,0,0,0,0
5917,lafugarock,,4,0,4,4,0,4,0,0,0,0,5
5918,bbva,,4,0,4,4,0,4,0,0,0,0,6
5920,cuantarazon,,5,0,5,5,0,5,0,0,0,0,4
5921,FrasesdeRAP_,,3,0,3,3,0,3,0,0,0,0,6
5948,Toquero_theboss,,3,0,3,3,0,3,0,0,0,0,8
5950,laraizband,,3,0,3,3,0,3,0,0,0,0,2
5954,cuantocabron,,3,0,3,3,0,3,0,0,0,0,6
5961,ifilosofia,,3,0,3,3,0,3,0,0,0,0,0
5967,StreamersInc,,2,0,2,2,0,2,0,0,0,0,2
5969,HardRock,,4,0,4,4,0,4,0,0,0,0,3
5970,SpikeGorka,,2,0,2,2,0,2,0,0,0,0,4
5972,mario_casas_,,3,0,3,3,0,3,0,0,0,0,2
5973,LasFrasesdeHoy,,2,0,2,2,0,2,0,0,0,0,0
5976,DeboConfesarQue,,5,0,5,5,0,5,0,0,0,0,2
5979,MelendiOficial,,3,0,3,3,0,3,0,0,0,0,5
5985,chikosdelmaiz,,3,0,3,3,0,3,0,0,0,0,5
5989,lagossasorda,,3,0,3,3,0,3,0,0,0,0,6
5990,obrintpas,,2,0,2,2,0,2,0,0,0,0,5
5991,orxata,,2,0,2,2,0,2,0,0,0,0,2
6000,JeffMONTERO23,,2,0,2,2,0,2,0,0,0,0,6
6001,andresiniesta8,,5,0,5,5,0,5,0,0,0,0,4
6002,danimartinezweb,,6,0,6,6,0,6,0,0,0,0,0
6003,CarlosAyats,,2,0,2,2,0,2,0,0,0,0,1
6004,NavasKeylor,,3,0,3,3,0,3,0,0,0,0,5
6010,estopaoficial,,6,0,6,6,0,6,0,0,0,0,5
6011,LevanteUD,,3,0,3,3,0,3,0,0,0,0,2
6012,hectorrodas5,,2,0,2,2,0,2,0,0,0,0,6
6013,daddy_yankee,,3,0,3,3,0,3,0,0,0,0,4
6014,maluma,,3,0,3,3,0,3,0,0,0,0,5
6015,JBALVIN,,5,0,5,5,0,5,0,0,0,0,5
6020,karolg,,3,0,3,3,0,3,0,0,0,0,2
6021,Anuel_2bleA,,2,0,2,2,0,2,0,0,0,0,2
6022,dramasmentales_,,2,0,2,2,0,2,0,0,0,0,4
6025,davidbroncano,,4,0,4,4,0,4,0,0,0,0,4
6027,ChampionsLeague,,5,0,5,5,0,5,0,0,0,0,1
6028,FCBarcelona,,4,0,4,4,0,4,0,0,0,0,0
6029,FCBarcelona_es,,5,0,5,5,0,5,0,0,0,0,4
6030,tiktok_us,,2,0,2,2,0,2,0,0,0,0,2
6032,Marvel,,4,0,4,4,0,4,0,0,0,0,1
6033,VancityReynolds,,3,0,3,3,0,3,0,0,0,0,2
6034,TomHolland1996,,3,0,3,3,0,3,0,0,0,0,0
6036,KFC_ES,,2,0,2,2,0,2,0,0,0,0,5
6039,Srcheeto,,3,0,3,3,0,3,0,0,0,0,6
6040,ManuelBartual,,4,0,4,4,0,4,0,0,0,0,5
6041,braysefe,,4,0,4,4,0,4,0,0,0,0,0
6042,FacuDiazT,,4,0,4,4,0,4,0,0,0,0,4
6043,andreacompton,,3,0,3,3,0,3,0,0,0,0,5
6044,ana_morgade,,3,0,3,3,0,3,0,0,0,0,4
6045,_Queque_,,4,0,4,4,0,4,0,0,0,0,0
6047,angelmartin_nc,,6,0,6,6,0,6,0,0,0,0,0
6048,DesatranqueJaen,,3,0,3,3,0,3,0,0,0,0,5
6049,henarconh,,2,0,2,2,0,2,0,0,0,0,6
6050,DaniMateoAgain,,5,0,5,5,0,5,0,0,0,0,0
6052,martaflich,,4,0,4,4,0,4,0,0,0,0,0
6054,malditobulo,,5,0,5,5,0,5,0,0,0,0,4
6055,SarahCAndersen,,2,0,2,2,0,2,0,0,0,0,4
6078,QuebeboVillegas,,2,0,2,2,0,2,0,0,0,0,4
6081,levmauc,,3,0,3,3,0,3,0,0,0,0,4
6091,JRhodesPianist,,4,0,4,4,0,4,0,0,0,0,8
6100,LuzuGames,,2,0,2,2,0,2,0,0,0,0,6
6103,pccomponentes,,3,0,3,3,0,3,0,0,0,0,4
6106,Rubiu5,,4,0,4,4,0,4,0,0,0,0,4
6107,TheGrefg,,3,0,3,3,0,3,0,0,0,0,6
6127,soynormalvale,,2,0,2,2,0,2,0,0,0,0,4
6155,StudentJobES,,3,0,3,3,0,3,0,0,0,0,4
6157,DayoScript,,2,0,2,2,0,2,0,0,0,0,4
6158,Felipez360,,2,0,2,2,0,2,0,0,0,0,4
6163,heyzuluu,,2,0,2,2,0,2,0,0,0,0,8
6164,QuantumFracture,,3,0,3,3,0,3,0,0,0,0,8
6165,jaimealtozano,,6,0,6,6,0,6,0,0,0,0,6
6166,tercosmicqueen,,3,0,3,3,0,3,0,0,0,0,4
6170,EvilAFM,,4,0,4,4,0,4,0,0,0,0,5
6179,kidcoltrane,,3,0,3,3,0,3,0,0,0,0,4
6186,UnEstudiante10,,3,0,3,3,0,3,0,0,0,0,4
6189,DisfrutaMad,,2,0,2,2,0,2,0,0,0,0,0
6190,riojaeducando,,3,0,3,3,0,3,0,0,0,0,4
6195,Visita_Madrid,,3,0,3,3,0,3,0,0,0,0,1
6196,chollometro,,4,0,4,4,0,4,0,0,0,0,6
6201,_laqueseavecina,,3,0,3,3,0,3,0,0,0,0,5
6204,Desahogada,,2,0,2,2,0,2,0,0,0,0,5
6205,Watoreon,,2,0,2,2,0,2,0,0,0,0,4
6208,ManuelHuedo,,2,0,2,2,0,2,0,0,0,0,8
6212,hispanoeducando,,2,0,2,2,0,2,0,0,0,0,4
6216,Twitch,,2,0,2,2,0,2,0,0,0,0,2
6217,casaestudiante,,3,0,3,3,0,3,0,0,0,0,4
6218,venalaComplu,,2,0,2,2,0,2,0,0,0,0,1
6219,FMontemadrid,,4,0,4,4,0,4,0,0,0,0,4
6220,colegio_orvalle,,2,0,2,2,0,2,0,0,0,0,4
6222,bibliotecaetsit,,2,0,2,2,0,2,0,0,0,0,4
6224,daetsime,,2,0,2,2,0,2,0,0,0,0,4
6227,bcncultura,,3,0,3,3,0,3,0,0,0,0,0
6228,TimeOutBCN,,3,0,3,3,0,3,0,0,0,0,7
6233,RespectfulMemes,,3,0,3,3,0,3,0,0,0,0,8
6236,IgnatiusFarray,,4,0,4,4,0,4,0,0,0,0,0
6237,vidamoderna,,4,0,4,4,0,4,0,0,0,0,0
6238,vistoenlasredes,,4,0,4,4,0,4,0,0,0,0,6
6240,somosmalasana,,2,0,2,2,0,2,0,0,0,0,6
6242,TimeOutMAD,,2,0,2,2,0,2,0,0,0,0,4
6244,BecasULL,,3,0,3,3,0,3,0,0,0,0,4
6245,senecaeducacion,,3,0,3,3,0,3,0,0,0,0,4
6246,erasmus_uc3m,,3,0,3,3,0,3,0,0,0,0,4
6247,ErasmusUAH,,2,0,2,2,0,2,0,0,0,0,4
6248,emadrid,,3,0,3,3,0,3,0,0,0,0,7
6249,FilologiaUS,,2,0,2,2,0,2,0,0,0,0,6
6250,biodelegacion,,3,0,3,3,0,3,0,0,0,0,1
6251,USunidos,,2,0,2,2,0,2,0,0,0,0,4
6253,LacuadraU,,2,0,2,2,0,2,0,0,0,0,4
6254,basicohomes,,2,0,2,2,0,2,0,0,0,0,4
6255,redAlumnos,,2,0,2,2,0,2,0,0,0,0,4
6256,UniversitariosR,,3,0,3,3,0,3,0,0,0,0,2
6257,eluniweb,,3,0,3,3,0,3,0,0,0,0,4
6262,yahoraque_es,,2,0,2,2,0,2,0,0,0,0,4
6264,Pantomima_Full,,4,0,4,4,0,4,0,0,0,0,0
6265,quiquepeinado,,5,0,5,5,0,5,0,0,0,0,4
6266,CdE_UIB,,2,0,2,2,0,2,0,0,0,0,4
6269,pisoscom,,3,0,3,3,0,3,0,0,0,0,4
6270,Globaliza_T,,2,0,2,2,0,2,0,0,0,0,4
6271,enalquilercom,,2,0,2,2,0,2,0,0,0,0,4
6272,yaencontre,,2,0,2,2,0,2,0,0,0,0,4
6277,InformerUsal,,3,0,3,3,0,3,0,0,0,0,4
6278,AlumniUAM,,3,0,3,3,0,3,0,0,0,0,4
6279,Delegacion_umh,,4,0,4,4,0,4,0,0,0,0,4
6280,ceuah,,4,0,4,4,0,4,0,0,0,0,4
6282,DelegacionGeH,,2,0,2,2,0,2,0,0,0,0,4
6283,delegacionETSI,,3,0,3,3,0,3,0,0,0,0,4
6284,TwitdelMAE,,4,0,4,4,0,4,0,0,0,0,4
6285,DelegacionFcom,,3,0,3,3,0,3,0,0,0,0,4
6286,Biblioteca_US,,3,0,3,3,0,3,0,0,0,0,4
6287,UPC_School,,3,0,3,3,0,3,0,0,0,0,4
6289,UPCedu,,2,0,2,2,0,2,0,0,0,0,2
6290,twitCADUS,,4,0,4,4,0,4,0,0,0,0,4
6291,Delegacion_UPM,,4,0,4,4,0,4,0,0,0,0,4
6294,uam_estudiantes,,3,0,3,3,0,3,0,0,0,0,4
6295,MovistarEstu,,3,0,3,3,0,3,0,0,0,0,4
6296,IAE_Austral,,2,0,2,2,0,2,0,0,0,0,4
6299,UCOMILLAS,,3,0,3,3,0,3,0,0,0,0,4
6300,Cruzados,,2,0,2,2,0,2,0,0,0,0,2
6301,ULL,,3,0,3,3,0,3,0,0,0,0,4
6302,Memes_Historia,,2,0,2,2,0,2,0,0,0,0,4
6303,IKEASpain,,3,0,3,3,0,3,0,0,0,0,4
6304,auronplay,,3,0,3,3,0,3,0,0,0,0,4
6305,bebi_fernandez,,3,0,3,3,0,3,0,0,0,0,5
6306,CoronaVid19,,5,0,5,5,0,5,0,0,0,0,5
6307,skereunpesado,,2,0,2,2,0,2,0,0,0,0,5
6308,IbaiLlanos,,5,0,5,5,0,5,0,0,0,0,5
6327,WHO,,4,0,4,4,0,4,0,0,0,0,1
6330,HimymCraig,,2,0,2,2,0,2,0,0,0,0,5
6355,vooruit,,2,0,2,2,0,2,0,0,0,0,1
6404,Apache_be,,2,0,2,2,0,2,0,0,0,0,1
6409,BogaerTim,,2,0,2,2,0,2,0,0,0,0,1
6449,barteeckhout,,2,0,2,2,0,2,0,0,0,0,1
6460,Sophie_Wilmes,,2,0,2,2,0,2,0,0,0,0,3
6463,UNICEF,,4,0,4,4,0,4,0,0,0,0,1
6464,UNHumanRights,,5,0,5,5,0,5,0,0,0,0,1
6465,amnesty,,3,0,3,3,0,3,0,0,0,0,1
6466,amnestyusa,,3,0,3,3,0,3,0,0,0,0,1
6468,debackerphil,,2,0,2,2,0,2,0,0,0,0,1
6474,DuckDuckGo,,3,0,3,3,0,3,0,0,0,0,0
6491,bigbangtheory,,3,0,3,3,0,3,0,0,0,0,2
6493,nowthisnews,,3,0,3,3,0,3,0,0,0,0,2
6495,VLIRnws,,2,0,2,2,0,2,0,0,0,0,1
6507,Vlor1,,2,0,2,2,0,2,0,0,0,0,1
6508,VLHORA_nieuws,,2,0,2,2,0,2,0,0,0,0,1
6552,geefonseenstem,,2,0,2,2,0,2,0,0,0,0,1
6554,VVStudenten,,2,0,2,2,0,2,0,0,0,0,1
6556,LOKOleuven,,2,0,2,2,0,2,0,0,0,0,1
6558,GentseStud,,2,0,2,2,0,2,0,0,0,0,1
6571,onderwijs_Vl,,2,0,2,2,0,2,0,0,0,0,1
6572,jbaert,,2,0,2,2,0,2,0,0,0,0,1
6579,KC_DaMa,,2,0,2,2,0,2,0,0,0,0,1
6581,RuMagNietStelen,,2,0,2,2,0,2,0,0,0,0,1
6625,BOZARbrussels,,3,0,3,3,0,3,0,0,0,0,1
6629,faronet,,2,0,2,2,0,2,0,0,0,0,1
6634,FWOVlaanderen,,2,0,2,2,0,2,0,0,0,0,1
6661,Charlie_Hebdo_,,3,0,3,3,0,3,0,0,0,0,5
6667,nigelstwits,,2,0,2,2,0,2,0,0,0,0,1
6677,mohamedouaamari,,2,0,2,2,0,2,0,0,0,0,1
6679,vljr,,3,0,3,3,0,3,0,0,0,0,1
6680,siskaschoeters,,2,0,2,2,0,2,0,0,0,0,1
6683,AnLemmens,,2,0,2,2,0,2,0,0,0,0,1
6707,Tomas_DeSoete,,2,0,2,2,0,2,0,0,0,0,1
6727,Jerremeus,,2,0,2,2,0,2,0,0,0,0,1
6799,YESocialists,,3,0,3,3,0,3,0,0,0,0,1
6801,EPP,,3,0,3,3,0,3,0,0,0,0,1
6802,PES_PSE,,4,0,4,4,0,4,0,0,0,0,1
6803,europeangreens,,3,0,3,3,0,3,0,0,0,0,1
6804,GreensEFA,,3,0,3,3,0,3,0,0,0,0,1
6805,TheProgressives,,4,0,4,4,0,4,0,0,0,0,1
6819,eliodirupo,,3,0,3,3,0,3,0,0,0,0,1
6820,dreynders,,2,0,2,2,0,2,0,0,0,0,1
6821,whiteliesmusic,,2,0,2,2,0,2,0,0,0,0,2
6823,dourfestival,,2,0,2,2,0,2,0,0,0,0,2
6830,JunckerEU,,4,0,4,4,0,4,0,0,0,0,1
6831,lalibrebe,,3,0,3,3,0,3,0,0,0,0,8
6832,CrisiscenterBE,,3,0,3,3,0,3,0,0,0,0,1
6833,RTBFinfo,,2,0,2,2,0,2,0,0,0,0,2
6844,RTBF,,2,0,2,2,0,2,0,0,0,0,2
6845,lesoir,,2,0,2,2,0,2,0,0,0,0,1
6847,stanycrets,,2,0,2,2,0,2,0,0,0,0,1
6862,ATurtelboom,,2,0,2,2,0,2,0,0,0,0,2
6867,PaulMagnette,,2,0,2,2,0,2,0,0,0,0,2
6868,LOnkelinx,,2,0,2,2,0,2,0,0,0,0,1
6872,MR_officiel,,2,0,2,2,0,2,0,0,0,0,2
6883,BelgiumMFA,,2,0,2,2,0,2,0,0,0,0,1
6884,CharlesMichel,,3,0,3,3,0,3,0,0,0,0,1
6885,MonarchieBe,,2,0,2,2,0,2,0,0,0,0,2
6898,frankdeboosere,,2,0,2,2,0,2,0,0,0,0,1
6923,RoyalBelgianFA,,2,0,2,2,0,2,0,0,0,0,5
6924,BelRedDevils,,2,0,2,2,0,2,0,0,0,0,5
6932,twibbon,,3,0,3,3,0,3,0,0,0,0,2
6936,federalepolitie,,3,0,3,3,0,3,0,0,0,0,1
6941,STIBMIVB,,2,0,2,2,0,2,0,0,0,0,1
6955,IronMaiden,,3,0,3,3,0,3,0,0,0,0,2
6956,gunsnroses,,3,0,3,3,0,3,0,0,0,0,2
6959,DownloadFest,,2,0,2,2,0,2,0,0,0,0,2
6960,OfficialRandL,,2,0,2,2,0,2,0,0,0,0,2
6962,glastonbury,,3,0,3,3,0,3,0,0,0,0,2
6971,YouTube,,6,0,6,6,0,6,0,0,0,0,2
6974,RudiVranckx,,2,0,2,2,0,2,0,0,0,0,1
6984,Stad_Antwerpen,,2,0,2,2,0,2,0,0,0,0,1
6986,UCLouvain_be,,2,0,2,2,0,2,0,0,0,0,1
6988,VUBrussel,,3,0,3,3,0,3,0,0,0,0,7
6989,UAntwerpen,,3,0,3,3,0,3,0,0,0,0,1
6995,ULBruxelles,,3,0,3,3,0,3,0,0,0,0,1
6996,ugent,,3,0,3,3,0,3,0,0,0,0,1
6997,odiseehogesch,,2,0,2,2,0,2,0,0,0,0,1
6998,HogeschoolPXL,,2,0,2,2,0,2,0,0,0,0,7
6999,uhasselt,,3,0,3,3,0,3,0,0,0,0,1
7001,kdghogeschool,,2,0,2,2,0,2,0,0,0,0,1
7002,KU_Leuven,,3,0,3,3,0,3,0,0,0,0,1
7003,AP_Hogeschool,,2,0,2,2,0,2,0,0,0,0,1
7022,Bart_DeWever,,2,0,2,2,0,2,0,0,0,0,2
7028,peeters_kris1,,2,0,2,2,0,2,0,0,0,0,2
7030,crevits,,2,0,2,2,0,2,0,0,0,0,1
7034,JanJambon,,2,0,2,2,0,2,0,0,0,0,2
7035,FranckenTheo,,2,0,2,2,0,2,0,0,0,0,2
7036,xanderycke,,2,0,2,2,0,2,0,0,0,0,1
7038,lectrr,,2,0,2,2,0,2,0,0,0,0,1
7048,lievenscheire,,2,0,2,2,0,2,0,0,0,0,1
7052,HetDepot,,2,0,2,2,0,2,0,0,0,0,1
7053,Triggerfingerrr,,2,0,2,2,0,2,0,0,0,0,1
7055,ABconcerts,,3,0,3,3,0,3,0,0,0,0,2
7056,lindemerckpoel,,2,0,2,2,0,2,0,0,0,0,1
7057,sam_debruyn,,2,0,2,2,0,2,0,0,0,0,1
7058,OneRepublic,,4,0,4,4,0,4,0,0,0,0,2
7059,bastilledan,,3,0,3,3,0,3,0,0,0,0,2
7060,passengermusic,,2,0,2,2,0,2,0,0,0,0,2
7061,KingsOfLeon,,3,0,3,3,0,3,0,0,0,0,3
7062,Imaginedragons,,3,0,3,3,0,3,0,0,0,0,2
7063,thelumineers,,2,0,2,2,0,2,0,0,0,0,2
7064,MumfordAndSons,,3,0,3,3,0,3,0,0,0,0,2
7109,BNPPFBelgie,,2,0,2,2,0,2,0,0,0,0,2
7138,JONGCDENV,,2,0,2,2,0,2,0,0,0,0,1
7139,JSbelgie,,2,0,2,2,0,2,0,0,0,0,1
7149,Qmusic_BE,,2,0,2,2,0,2,0,0,0,0,2
7154,een,,2,0,2,2,0,2,0,0,0,0,1
7155,canvastv,,2,0,2,2,0,2,0,0,0,0,1
7159,destandaard,,2,0,2,2,0,2,0,0,0,0,1
7163,vlaparl,,2,0,2,2,0,2,0,0,0,0,1
7185,DeIdealeWereld,,2,0,2,2,0,2,0,0,0,0,1
7191,sp_a,,2,0,2,2,0,2,0,0,0,0,1
7194,Spotify,,3,0,3,3,0,3,0,0,0,0,2
7197,SoundCloud,,3,0,3,3,0,3,0,0,0,0,1
7200,stubru,,3,0,3,3,0,3,0,0,0,0,3
7229,philippegeubels,,2,0,2,2,0,2,0,0,0,0,1
7239,Knack,,2,0,2,2,0,2,0,0,0,0,1
7240,vrtnws,,3,0,3,3,0,3,0,0,0,0,1
7249,TwitterMusic,,4,0,4,4,0,4,0,0,0,0,4
7250,VansWarpedTour,,2,0,2,2,0,2,0,0,0,0,7
7253,Facebook,,3,0,3,3,0,3,0,0,0,0,3
7273,instagram,,6,0,6,6,0,6,0,0,0,0,1
7276,mikeshinoda,,3,0,3,3,0,3,0,0,0,0,2
7277,RockWerchter,,3,0,3,3,0,3,0,0,0,0,2
7280,linkinpark,,3,0,3,3,0,3,0,0,0,0,2
7281,pukkelpop,,2,0,2,2,0,2,0,0,0,0,2
7284,Google,,4,0,4,4,0,4,0,0,0,0,2
7289,Windows,,3,0,3,3,0,3,0,0,0,0,2
7291,Microsoft,,3,0,3,3,0,3,0,0,0,0,2
7293,LiveNationBE,,2,0,2,2,0,2,0,0,0,0,1
7299,Metallica,,3,0,3,3,0,3,0,0,0,0,2
7302,gibsonguitar,,2,0,2,2,0,2,0,0,0,0,2
7314,socscispace,,2,0,2,2,0,2,0,0,0,0,5
7318,TeodoroLuque,,2,0,2,2,0,2,0,0,0,0,5
7321,FusterNayla,,2,0,2,2,0,2,0,0,0,0,5
7322,Alberto_d_M,,2,0,2,2,0,2,0,0,0,0,5
7323,Snowden,,4,0,4,4,0,4,0,0,0,0,5
7325,SaludPublicaEs,,6,0,6,6,0,6,0,0,0,0,5
7326,Eurekablog,,3,0,3,3,0,3,0,0,0,0,5
7331,LocosxBecas,,3,0,3,3,0,3,0,0,0,0,5
7332,Picanumeros,,3,0,3,3,0,3,0,0,0,0,5
7335,jumaldez,,2,0,2,2,0,2,0,0,0,0,5
7338,EurobarometerEU,,4,0,4,4,0,4,0,0,0,0,5
7341,Sci_Hub,,2,0,2,2,0,2,0,0,0,0,5
7342,AlbaAsenjo,,3,0,3,3,0,3,0,0,0,0,6
7343,ESS_Survey,,2,0,2,2,0,2,0,0,0,0,5
7345,knowmetrics,,2,0,2,2,0,2,0,0,0,0,5
7347,SAGEsociology,,2,0,2,2,0,2,0,0,0,0,5
7349,congosto,,3,0,3,3,0,3,0,0,0,0,5
7350,CursosECTS_UGR,,2,0,2,2,0,2,0,0,0,0,5
7351,victorianoi,,3,0,3,3,0,3,0,0,0,0,5
7354,lista_redes,,2,0,2,2,0,2,0,0,0,0,5
7355,ana_valdi,,2,0,2,2,0,2,0,0,0,0,5
7358,iesa_csic,,2,0,2,2,0,2,0,0,0,0,5
7359,analyticbridge,,3,0,3,3,0,3,0,0,0,0,5
7361,EU_Eurostat,,5,0,5,5,0,5,0,0,0,0,5
7370,gesis_org,,2,0,2,2,0,2,0,0,0,0,5
7375,angel_munarriz,,2,0,2,2,0,2,0,0,0,0,0
7399,JulianMaciasT,,2,0,2,2,0,2,0,0,0,0,0
7403,AlertaRojaES,,2,0,2,2,0,2,0,0,0,0,0
7405,DaveRapoza,,2,0,2,2,0,2,0,0,0,0,2
7415,radiocable,,3,0,3,3,0,3,0,0,0,0,0
7416,ElSaltoDiario,,3,0,3,3,0,3,0,0,0,0,0
7417,PutoMikel,,3,0,3,3,0,3,0,0,0,0,5
7419,jesusmarana,,3,0,3,3,0,3,0,0,0,0,0
7422,basteiro,,2,0,2,2,0,2,0,0,0,0,2
7423,JaviSkan,,2,0,2,2,0,2,0,0,0,0,0
7425,manuelrico,,2,0,2,2,0,2,0,0,0,0,0
7426,Kotaku,,3,0,3,3,0,3,0,0,0,0,2
7427,Polygon,,3,0,3,3,0,3,0,0,0,0,0
7437,Yolanda_Diaz_,,4,0,4,4,0,4,0,0,0,0,0
7443,Shine_McShine,,3,0,3,3,0,3,0,0,0,0,5
7448,Afrofeminas,,2,0,2,2,0,2,0,0,0,0,0
7449,Henrique_Lage,,2,0,2,2,0,2,0,0,0,0,0
7452,Chicocartera,,2,0,2,2,0,2,0,0,0,0,6
7458,manganxet,,2,0,2,2,0,2,0,0,0,0,0
7460,descifraguerra,,3,0,3,3,0,3,0,0,0,0,0
7466,edugaresp,,3,0,3,3,0,3,0,0,0,0,2
7471,Tyrexito,,2,0,2,2,0,2,0,0,0,0,4
7474,musicradarclan,,2,0,2,2,0,2,0,0,0,0,0
7480,Ed_isDead,,2,0,2,2,0,2,0,0,0,0,6
7493,ctxt_es,,4,0,4,4,0,4,0,0,0,0,0
7497,VtheWanderer,,2,0,2,2,0,2,0,0,0,0,3
7512,strim_com,,2,0,2,2,0,2,0,0,0,0,0
7514,iriagparente,,2,0,2,2,0,2,0,0,0,0,0
7518,VelvetMolotov,,2,0,2,2,0,2,0,0,0,0,4
7521,AOC,,4,0,4,4,0,4,0,0,0,0,8
7525,Pixelskaya,,2,0,2,2,0,2,0,0,0,0,0
7526,OperadorNuclear,,2,0,2,2,0,2,0,0,0,0,0
7528,carnecrudaradio,,4,0,4,4,0,4,0,0,0,0,4
7532,BlasphemousGame,,2,0,2,2,0,2,0,0,0,0,6
7548,AyukenMP,,2,0,2,2,0,2,0,0,0,0,2
7561,jasonschreier,,2,0,2,2,0,2,0,0,0,0,0
7564,guillermofesser,,3,0,3,3,0,3,0,0,0,0,5
7566,noelceballos_,,2,0,2,2,0,2,0,0,0,0,5
7567,tmorello,,3,0,3,3,0,3,0,0,0,0,3
7572,picuetin,,2,0,2,2,0,2,0,0,0,0,0
7575,LaFonoteca,,2,0,2,2,0,2,0,0,0,0,0
7581,oohGuillermo,,2,0,2,2,0,2,0,0,0,0,0
7582,_isaacrosa,,2,0,2,2,0,2,0,0,0,0,5
7583,ManelFontdevila,,2,0,2,2,0,2,0,0,0,0,0
7584,twilightkid,,2,0,2,2,0,2,0,0,0,0,0
7586,martiperarnauiv,,2,0,2,2,0,2,0,0,0,0,0
7588,Nanisimo,,4,0,4,4,0,4,0,0,0,0,0
7590,radiohead,,3,0,3,3,0,3,0,0,0,0,2
7592,fde_estatal,,2,0,2,2,0,2,0,0,0,0,5
7593,Kurz_Gesagt,,2,0,2,2,0,2,0,0,0,0,0
7598,magabanda,,2,0,2,2,0,2,0,0,0,0,2
7599,ivanferreiro,,4,0,4,4,0,4,0,0,0,0,2
7600,pvallin,,3,0,3,3,0,3,0,0,0,0,0
7611,FemDevs,,2,0,2,2,0,2,0,0,0,0,4
7621,SegundoPremio_,,2,0,2,2,0,2,0,0,0,0,0
7626,jonathanmartinz,,2,0,2,2,0,2,0,0,0,0,0
7629,publico_es,,3,0,3,3,0,3,0,0,0,0,0
7630,maldita_ciencia,,4,0,4,4,0,4,0,0,0,0,0
7632,IrinaHirondelle,,2,0,2,2,0,2,0,0,0,0,6
7637,HRandt,,2,0,2,2,0,2,0,0,0,0,0
7652,GemaEsRo,,2,0,2,2,0,2,0,0,0,0,0
7653,somesongstoplay,,2,0,2,2,0,2,0,0,0,0,0
7661,olgarodriguezfr,,2,0,2,2,0,2,0,0,0,0,0
7662,madcoolfestival,,2,0,2,2,0,2,0,0,0,0,0
7663,hugomabarca,,2,0,2,2,0,2,0,0,0,0,0
7668,_infoLibre,,3,0,3,3,0,3,0,0,0,0,5
7669,feminicidio,,2,0,2,2,0,2,0,0,0,0,0
7670,RubenSanchezTW,,3,0,3,3,0,3,0,0,0,0,0
7671,CompactCheese_,,2,0,2,2,0,2,0,0,0,0,0
7674,GamesTribune,,2,0,2,2,0,2,0,0,0,0,0
7677,ScientiaJMLN,,3,0,3,3,0,3,0,0,0,0,4
7679,FeminismosMad,,2,0,2,2,0,2,0,0,0,0,4
7685,javi_decastro,,2,0,2,2,0,2,0,0,0,0,0
7689,HETradio3,,3,0,3,3,0,3,0,0,0,0,0
7693,Presurae,,2,0,2,2,0,2,0,0,0,0,0
7695,BuArena,,2,0,2,2,0,2,0,0,0,0,5
7706,TequilaWorks,,2,0,2,2,0,2,0,0,0,0,0
7707,Albertoxvenegas,,2,0,2,2,0,2,0,0,0,0,5
7709,KojiPro2015_EN,,2,0,2,2,0,2,0,0,0,0,6
7711,mohagerehou,,2,0,2,2,0,2,0,0,0,0,6
7718,quintoBeatle_es,,2,0,2,2,0,2,0,0,0,0,0
7720,sallesino,,3,0,3,3,0,3,0,0,0,0,2
7726,Ramon_Mendez,,3,0,3,3,0,3,0,0,0,0,5
7732,lamarea_com,,4,0,4,4,0,4,0,0,0,0,4
7733,OwenJones84,,2,0,2,2,0,2,0,0,0,0,0
7742,thefdez,,3,0,3,3,0,3,0,0,0,0,6
7743,BeVergara,,2,0,2,2,0,2,0,0,0,0,5
7744,AlbertMonteys,,2,0,2,2,0,2,0,0,0,0,0
7745,gabrielrufian,,3,0,3,3,0,3,0,0,0,0,0
7746,AntonioMaestre,,4,0,4,4,0,4,0,0,0,0,0
7748,kr3at0r,,2,0,2,2,0,2,0,0,0,0,0
7751,SolMusica,,3,0,3,3,0,3,0,0,0,0,0
7770,Dani_Gove,,2,0,2,2,0,2,0,0,0,0,6
7777,MundoGamingMD,,2,0,2,2,0,2,0,0,0,0,0
7781,culturafnaces,,2,0,2,2,0,2,0,0,0,0,0
7783,BBCWorld,,5,0,5,5,0,5,0,0,0,0,7
7784,AJEnglish,,3,0,3,3,0,3,0,0,0,0,3
7785,somosmucho,,3,0,3,3,0,3,0,0,0,0,0
7786,soyalt_es,,2,0,2,2,0,2,0,0,0,0,0
7787,LahoraALT,,2,0,2,2,0,2,0,0,0,0,0
7788,SalaElSol,,2,0,2,2,0,2,0,0,0,0,0
7789,MayoralRafa,,3,0,3,3,0,3,0,0,0,0,5
7790,IreneMontero,,5,0,5,5,0,5,0,0,0,0,0
7792,HeroesdePapelES,,2,0,2,2,0,2,0,0,0,0,0
7796,yotambiensoyind,,3,0,3,3,0,3,0,0,0,0,0
7797,Musincronizados,,2,0,2,2,0,2,0,0,0,0,0
7801,MadridCoolBlog,,4,0,4,4,0,4,0,0,0,0,0
7802,Rockisroll,,2,0,2,2,0,2,0,0,0,0,2
7804,RockTotalweb,,3,0,3,3,0,3,0,0,0,0,2
7805,revistamongolia,,3,0,3,3,0,3,0,0,0,0,0
7807,agarzon,,4,0,4,4,0,4,0,0,0,0,0
7808,EmergeMyC,,2,0,2,2,0,2,0,0,0,0,0
7809,NoktonMagazine,,2,0,2,2,0,2,0,0,0,0,4
7812,AnaitGames,,3,0,3,3,0,3,0,0,0,0,2
7817,gramoladigital,,2,0,2,2,0,2,0,0,0,0,0
7824,LynxReviewer,,2,0,2,2,0,2,0,0,0,0,0
7834,Mhemeroteca,,3,0,3,3,0,3,0,0,0,0,0
7836,orgulloysatisfa,,2,0,2,2,0,2,0,0,0,0,6
7838,SindicaEstudian,,3,0,3,3,0,3,0,0,0,0,6
7845,Xuxipc,,3,0,3,3,0,3,0,0,0,0,4
7852,Muzikalia,,3,0,3,3,0,3,0,0,0,0,0
7853,pictoline,,3,0,3,3,0,3,0,0,0,0,0
7854,geektopic,,2,0,2,2,0,2,0,0,0,0,6
7861,radio3_rne,,3,0,3,3,0,3,0,0,0,0,0
7862,Eurogamer_es,,3,0,3,3,0,3,0,0,0,0,6
7867,archillect,,3,0,3,3,0,3,0,0,0,0,8
7870,Mierdecitas,,2,0,2,2,0,2,0,0,0,0,8
7873,bufetalmeida,,3,0,3,3,0,3,0,0,0,0,5
7878,_RufusTFirefly_,,2,0,2,2,0,2,0,0,0,0,0
7879,paulaboneti,,3,0,3,3,0,3,0,0,0,0,4
7881,todopoderosos,,2,0,2,2,0,2,0,0,0,0,0
7882,Annibsweet,,3,0,3,3,0,3,0,0,0,0,0
7885,toundra,,2,0,2,2,0,2,0,0,0,0,7
7889,DespiertayLucha,,2,0,2,2,0,2,0,0,0,0,0
7893,sumadeletras,,3,0,3,3,0,3,0,0,0,0,6
7894,JaponEamigos,,2,0,2,2,0,2,0,0,0,0,6
7897,Hibai_,,2,0,2,2,0,2,0,0,0,0,6
7906,queridoantonio,,3,0,3,3,0,3,0,0,0,0,4
7908,Defriki,,2,0,2,2,0,2,0,0,0,0,6
7911,premierguitar,,2,0,2,2,0,2,0,0,0,0,0
7915,Indienauta,,3,0,3,3,0,3,0,0,0,0,0
7916,indiespot,,3,0,3,3,0,3,0,0,0,0,0
7920,sara_herranz,,3,0,3,3,0,3,0,0,0,0,5
7925,gen_ghibli,,2,0,2,2,0,2,0,0,0,0,6
7927,LostInFilm,,2,0,2,2,0,2,0,0,0,0,0
7928,thomyorke,,3,0,3,3,0,3,0,0,0,0,3
7930,Danjuro,,3,0,3,3,0,3,0,0,0,0,2
7940,atlante83,,3,0,3,3,0,3,0,0,0,0,0
7952,Korah_FF,,2,0,2,2,0,2,0,0,0,0,0
7953,enriquegper,,2,0,2,2,0,2,0,0,0,0,0
7954,EgoVolo,,2,0,2,2,0,2,0,0,0,0,5
7958,indiescabreados,,3,0,3,3,0,3,0,0,0,0,4
7961,Sweetcidia,,2,0,2,2,0,2,0,0,0,0,5
7964,Caith_Sith,,2,0,2,2,0,2,0,0,0,0,2
7971,MisterJagger_,,2,0,2,2,0,2,0,0,0,0,0
7973,elchicomorera,,2,0,2,2,0,2,0,0,0,0,0
7975,Muzska89,,2,0,2,2,0,2,0,0,0,0,2
7976,HIDEO_KOJIMA_EN,,3,0,3,3,0,3,0,0,0,0,0
7977,Loulogio_Pi,,3,0,3,3,0,3,0,0,0,0,2
7980,Outconsumer,,2,0,2,2,0,2,0,0,0,0,0
7986,borussia,,2,0,2,2,0,2,0,0,0,0,1
7995,LEXPRESS,,4,0,4,4,0,4,0,0,0,0,1
7996,20Minutes,,3,0,3,3,0,3,0,0,0,0,1
7997,Le_Figaro,,4,0,4,4,0,4,0,0,0,0,1
7998,libe,,4,0,4,4,0,4,0,0,0,0,5
8017,Saudi_Aramco,,2,0,2,2,0,2,0,0,0,0,1
8029,GhoulamFaouzi,,2,0,2,2,0,2,0,0,0,0,1
8031,Alwaleed_Talal,,2,0,2,2,0,2,0,0,0,0,1
8041,cnnarabic,,2,0,2,2,0,2,0,0,0,0,2
8045,BBCArabic,,2,0,2,2,0,2,0,0,0,0,2
8046,AlArabiya_Brk,,2,0,2,2,0,2,0,0,0,0,1
8047,skynewsarabia,,2,0,2,2,0,2,0,0,0,0,1
8048,le_Parisien,,3,0,3,3,0,3,0,0,0,0,1
8049,franceinfo,,4,0,4,4,0,4,0,0,0,0,1
8050,lemondefr,,5,0,5,5,0,5,0,0,0,0,1
8051,BFMTV,,3,0,3,3,0,3,0,0,0,0,1
8071,UEFA,,3,0,3,3,0,3,0,0,0,0,1
8075,raoult_didier,,3,0,3,3,0,3,0,0,0,0,1
8080,LFC,,3,0,3,3,0,3,0,0,0,0,1
8083,ManUtd,,3,0,3,3,0,3,0,0,0,0,1
8084,alqaradawy,,2,0,2,2,0,2,0,0,0,0,1
8089,THEworldsummits,,2,0,2,2,0,2,0,0,0,0,1
8090,IKY_Erasmusplus,,3,0,3,3,0,3,0,0,0,0,1
8091,EvaRueskamp,,2,0,2,2,0,2,0,0,0,0,1
8094,DavidComp,,3,0,3,3,0,3,0,0,0,0,7
8095,amybakerThePIE,,3,0,3,3,0,3,0,0,0,0,1
8096,hilde_deman,,2,0,2,2,0,2,0,0,0,0,1
8097,hello_camille,,3,0,3,3,0,3,0,0,0,0,1
8101,CHavergalTHE,,2,0,2,2,0,2,0,0,0,0,1
8102,SantiagoIniguez,,3,0,3,3,0,3,0,0,0,0,1
8105,politico,,3,0,3,3,0,3,0,0,0,0,4
8110,eu_engage,,2,0,2,2,0,2,0,0,0,0,1
8111,Adriann14111932,,2,0,2,2,0,2,0,0,0,0,1
8112,PlaskotaPola,,2,0,2,2,0,2,0,0,0,0,1
8113,IJotkaite,,2,0,2,2,0,2,0,0,0,0,1
8115,nkerameus,,2,0,2,2,0,2,0,0,0,0,1
8117,amanda_crameri,,3,0,3,3,0,3,0,0,0,0,1
8118,AnniKallio,,3,0,3,3,0,3,0,0,0,0,1
8119,ElenaTegovska,,2,0,2,2,0,2,0,0,0,0,1
8121,ErasmusPlusInd,,5,0,5,5,0,5,0,0,0,0,7
8122,Studyportals,,3,0,3,3,0,3,0,0,0,0,4
8123,OCEANS_Network,,3,0,3,3,0,3,0,0,0,0,7
8124,DAAD_EU,,3,0,3,3,0,3,0,0,0,0,1
8125,ZTrusic,,2,0,2,2,0,2,0,0,0,0,1
8126,eracon_congress,,3,0,3,3,0,3,0,0,0,0,1
8127,jessicarter27,,2,0,2,2,0,2,0,0,0,0,1
8128,a_lapegna,,2,0,2,2,0,2,0,0,0,0,1
8129,MilanZver,,3,0,3,3,0,3,0,0,0,0,1
8131,Aristoteleio,,3,0,3,3,0,3,0,0,0,0,1
8132,Viggo_ThePIE,,2,0,2,2,0,2,0,0,0,0,1
8133,gtt_vtr,,2,0,2,2,0,2,0,0,0,0,3
8134,UweBrandenburg1,,2,0,2,2,0,2,0,0,0,0,1
8135,PerezEncinas_A,,3,0,3,3,0,3,0,0,0,0,1
8136,laura_rumbley,,3,0,3,3,0,3,0,0,0,0,1
8138,mariaudhelene,,2,0,2,2,0,2,0,0,0,0,1
8139,CarolineSylvi,,2,0,2,2,0,2,0,0,0,0,1
8140,FulbrightPrgrm,,4,0,4,4,0,4,0,0,0,0,1
8141,VantlandH,,2,0,2,2,0,2,0,0,0,0,1
8142,Una_Europa,,3,0,3,3,0,3,0,0,0,0,1
8143,OECDEduSkills,,3,0,3,3,0,3,0,0,0,0,1
8144,UMultirank,,3,0,3,3,0,3,0,0,0,0,4
8145,EURACTIV,,3,0,3,3,0,3,0,0,0,0,1
8146,vestager,,3,0,3,3,0,3,0,0,0,0,1
8147,EMInternational,,6,0,6,6,0,6,0,0,0,0,1
8148,OECD,,3,0,3,3,0,3,0,0,0,0,1
8149,guardian,,4,0,4,4,0,4,0,0,0,0,1
8150,EU_Budget,,4,0,4,4,0,4,0,0,0,0,1
8151,marcelloscalisi,,2,0,2,2,0,2,0,0,0,0,1
8152,unimed_network,,3,0,3,3,0,3,0,0,0,0,1
8154,eucoeyouth,,3,0,3,3,0,3,0,0,0,0,1
8155,ChatzimichailP,,3,0,3,3,0,3,0,0,0,0,1
8156,brandobenifei,,3,0,3,3,0,3,0,0,0,0,3
8157,obessu,,3,0,3,3,0,3,0,0,0,0,1
8158,psgonc4lves,,3,0,3,3,0,3,0,0,0,0,1
8159,alibertialfonso,,3,0,3,3,0,3,0,0,0,0,1
8160,AndreaYFJ,,3,0,3,3,0,3,0,0,0,0,1
8161,AdamGajek,,2,0,2,2,0,2,0,0,0,0,1
8162,go_go_gohar,,2,0,2,2,0,2,0,0,0,0,1
8163,Sebastian_BRG,,2,0,2,2,0,2,0,0,0,0,1
8164,Emma_Gardan,,2,0,2,2,0,2,0,0,0,0,1
8165,therese_zhang,,2,0,2,2,0,2,0,0,0,0,1
8167,DanaMozaffari,,3,0,3,3,0,3,0,0,0,0,1
8168,nikoIinadjuric,,3,0,3,3,0,3,0,0,0,0,1
8169,Christianna_M,,2,0,2,2,0,2,0,0,0,0,1
8171,KyriakosKalant1,,2,0,2,2,0,2,0,0,0,0,1
8172,adel_smejkalova,,2,0,2,2,0,2,0,0,0,0,1
8173,Pedro_GonzalezQ,,3,0,3,3,0,3,0,0,0,0,1
8174,oboije,,2,0,2,2,0,2,0,0,0,0,1
8175,Y_VirvilisEU,,2,0,2,2,0,2,0,0,0,0,1
8176,PIEoneerAwards,,3,0,3,3,0,3,0,0,0,0,1
8177,movetia_ch,,3,0,3,3,0,3,0,0,0,0,1
8178,DavideCapecchi,,3,0,3,3,0,3,0,0,0,0,3
8179,CAutengruber,,3,0,3,3,0,3,0,0,0,0,1
8180,ErasmusbyTrain,,3,0,3,3,0,3,0,0,0,0,1
8183,eu_near,,3,0,3,3,0,3,0,0,0,0,1
8184,jgro_the,,2,0,2,2,0,2,0,0,0,0,1
8186,EUstudentcard,,3,0,3,3,0,3,0,0,0,0,1
8187,AnnaLenaKulik,,2,0,2,2,0,2,0,0,0,0,1
8188,DavidMJourno,,3,0,3,3,0,3,0,0,0,0,1
8190,luisabunescu,,2,0,2,2,0,2,0,0,0,0,1
8191,CoimbraGroup,,4,0,4,4,0,4,0,0,0,0,1
8195,NHannisdal,,3,0,3,3,0,3,0,0,0,0,1
8196,MonikaSkadborg,,2,0,2,2,0,2,0,0,0,0,1
8197,TimRivera,,2,0,2,2,0,2,0,0,0,0,1
8198,CroatiaInEU,,4,0,4,4,0,4,0,0,0,0,1
8199,Nathan_Metenier,,2,0,2,2,0,2,0,0,0,0,1
8201,EC2U_Alliance,,2,0,2,2,0,2,0,0,0,0,1
8202,ErasmusArmenia,,3,0,3,3,0,3,0,0,0,0,1
8203,EUClimateAction,,3,0,3,3,0,3,0,0,0,0,1
8204,giov_telesca,,3,0,3,3,0,3,0,0,0,0,1
8205,EURIESUMMIT,,2,0,2,2,0,2,0,0,0,0,1
8206,kallinsonHE,,2,0,2,2,0,2,0,0,0,0,1
8208,FIMCAPEurope,,4,0,4,4,0,4,0,0,0,0,3
8209,EpicurAlliance,,2,0,2,2,0,2,0,0,0,0,1
8211,AndyBittnerova,,2,0,2,2,0,2,0,0,0,0,1
8212,ClimateEurope,,3,0,3,3,0,3,0,0,0,0,1
8213,guildeu,,2,0,2,2,0,2,0,0,0,0,1
8214,AllianceYufe,,3,0,3,3,0,3,0,0,0,0,1
8215,viviennestern,,2,0,2,2,0,2,0,0,0,0,1
8216,UUKIntl,,3,0,3,3,0,3,0,0,0,0,1
8217,YERUN_EU,,3,0,3,3,0,3,0,0,0,0,1
8218,UniversitiesUK,,3,0,3,3,0,3,0,0,0,0,1
8220,ASEAN,,2,0,2,2,0,2,0,0,0,0,2
8224,EUinASEAN,,3,0,3,3,0,3,0,0,0,0,3
8226,AsiaEuropeMtg,,2,0,2,2,0,2,0,0,0,0,1
8228,kristoyanova,,2,0,2,2,0,2,0,0,0,0,1
8229,OanaEC,,4,0,4,4,0,4,0,0,0,0,1
8230,InclusionEurope,,3,0,3,3,0,3,0,0,0,0,1
8231,MyEDF,,3,0,3,3,0,3,0,0,0,0,1
8233,William_IaH,,3,0,3,3,0,3,0,0,0,0,1
8237,rosiex_,,3,0,3,3,0,3,0,0,0,0,1
8238,charm_eu,,3,0,3,3,0,3,0,0,0,0,1
8239,EDUFI_HigherEd,,3,0,3,3,0,3,0,0,0,0,1
8241,valerievanhees,,2,0,2,2,0,2,0,0,0,0,1
8242,papadopoulou_pa,,2,0,2,2,0,2,0,0,0,0,1
8245,OneYoungWorld,,3,0,3,3,0,3,0,0,0,0,1
8246,sionainnmcbride,,3,0,3,3,0,3,0,0,0,0,1
8247,sabineverheyen,,2,0,2,2,0,2,0,0,0,0,1
8248,JoaoSantosEU,,3,0,3,3,0,3,0,0,0,0,1
8249,EU_CoR,,3,0,3,3,0,3,0,0,0,0,1
8250,Europassuk,,2,0,2,2,0,2,0,0,0,0,1
8251,EUinmyRegion,,3,0,3,3,0,3,0,0,0,0,1
8252,DemiriAnna,,3,0,3,3,0,3,0,0,0,0,1
8253,EuropassEurope,,3,0,3,3,0,3,0,0,0,0,1
8256,BFUGsecretariat,,3,0,3,3,0,3,0,0,0,0,1
8258,LThilly_CG,,3,0,3,3,0,3,0,0,0,0,1
8260,IrinaFerencz,,2,0,2,2,0,2,0,0,0,0,1
8261,Anne_Kraus_CoE,,2,0,2,2,0,2,0,0,0,0,1
8262,woszczeek,,3,0,3,3,0,3,0,0,0,0,1
8264,lucasschneeb,,3,0,3,3,0,3,0,0,0,0,1
8265,ThePIENews,,3,0,3,3,0,3,0,0,0,0,1
8267,ElisavetRozaki,,3,0,3,3,0,3,0,0,0,0,1
8268,Nabil__Ali__,,3,0,3,3,0,3,0,0,0,0,1
8269,dimnls,,2,0,2,2,0,2,0,0,0,0,1
8270,NachoBross,,2,0,2,2,0,2,0,0,0,0,1
8271,POLITICOEurope,,4,0,4,4,0,4,0,0,0,0,1
8272,arcueilcachan,,3,0,3,3,0,3,0,0,0,0,2
8275,RobertNapierMT,,2,0,2,2,0,2,0,0,0,0,1
8276,_MrT,,3,0,3,3,0,3,0,0,0,0,1
8277,ENQAtwt,,3,0,3,3,0,3,0,0,0,0,8
8278,HGrganovic,,3,0,3,3,0,3,0,0,0,0,1
8279,rsprite,,2,0,2,2,0,2,0,0,0,0,1
8282,youthintergroup,,3,0,3,3,0,3,0,0,0,0,1
8283,ERYICAYI,,3,0,3,3,0,3,0,0,0,0,1
8284,audrey_frith,,3,0,3,3,0,3,0,0,0,0,1
8285,matorphanides,,2,0,2,2,0,2,0,0,0,0,1
8286,RenewEurope,,3,0,3,3,0,3,0,0,0,0,1
8287,PavanKSriram,,2,0,2,2,0,2,0,0,0,0,1
8288,VDebiaisSainton,,3,0,3,3,0,3,0,0,0,0,3
8289,sophiabrussels,,3,0,3,3,0,3,0,0,0,0,1
8290,NetworkUnica,,3,0,3,3,0,3,0,0,0,0,1
8291,EURASHE,,3,0,3,3,0,3,0,0,0,0,1
8292,TNavracsicsEU,,3,0,3,3,0,3,0,0,0,0,1
8293,EUROSTUDENTtwt,,4,0,4,4,0,4,0,0,0,0,1
8294,MattPClemo,,4,0,4,4,0,4,0,0,0,0,1
8295,Jov_Stankovic,,4,0,4,4,0,4,0,0,0,0,1
8296,ESAAeu,,3,0,3,3,0,3,0,0,0,0,1
8297,gaffarrampage,,3,0,3,3,0,3,0,0,0,0,1
8298,euYOUTHconf,,3,0,3,3,0,3,0,0,0,0,1
8299,theclassof2020,,3,0,3,3,0,3,0,0,0,0,3
8300,UrcionHugo,,4,0,4,4,0,4,0,0,0,0,1
8301,rasmusaberg,,3,0,3,3,0,3,0,0,0,0,1
8302,ACASecretariat,,3,0,3,3,0,3,0,0,0,0,1
8303,Pappas_Th,,3,0,3,3,0,3,0,0,0,0,1
8304,matleenahei,,3,0,3,3,0,3,0,0,0,0,1
8305,eaDebates,,3,0,3,3,0,3,0,0,0,0,1
8306,jeroenvlent,,3,0,3,3,0,3,0,0,0,0,1
8307,Bastiaens_tim,,3,0,3,3,0,3,0,0,0,0,1
8308,YEUworld,,2,0,2,2,0,2,0,0,0,0,1
8309,ACoY_CoE,,3,0,3,3,0,3,0,0,0,0,1
8310,andjela_russo,,3,0,3,3,0,3,0,0,0,0,1
8311,taniasquote,,4,0,4,4,0,4,0,0,0,0,0
8312,GabrielWims,,3,0,3,3,0,3,0,0,0,0,1
8313,joaovasco_oliv,,4,0,4,4,0,4,0,0,0,0,1
8314,BrikenaXhomaqi,,3,0,3,3,0,3,0,0,0,0,1
8315,_InesMoreira,,3,0,3,3,0,3,0,0,0,0,1
8316,Olczyk_Kacper,,4,0,4,4,0,4,0,0,0,0,1
8317,jpmoraiscosta,,3,0,3,3,0,3,0,0,0,0,1
8318,tijanas_ns,,4,0,4,4,0,4,0,0,0,0,1
8319,kabelnica,,4,0,4,4,0,4,0,0,0,0,1
8320,garagErasmus,,3,0,3,3,0,3,0,0,0,0,1
8321,SabinaAchim,,4,0,4,4,0,4,0,0,0,0,1
8322,aseforg,,3,0,3,3,0,3,0,0,0,0,1
8323,SSabuni,,4,0,4,4,0,4,0,0,0,0,1
8324,asefedu,,3,0,3,3,0,3,0,0,0,0,1
8326,JoaoCMPinto,,5,0,5,5,0,5,0,0,0,0,1
8327,SIHO_Tweets,,3,0,3,3,0,3,0,0,0,0,1
8328,luiscamorais,,3,0,3,3,0,3,0,0,0,0,1
8329,NinoWilkins,,3,0,3,3,0,3,0,0,0,0,1
8330,Ka_Heil,,3,0,3,3,0,3,0,0,0,0,1
8331,loganwilliams,,2,0,2,2,0,2,0,0,0,0,1
8333,EPCulture,,3,0,3,3,0,3,0,0,0,0,1
8334,DominMontagnese,,5,0,5,5,0,5,0,0,0,0,1
8335,StefanJahnke,,6,0,6,6,0,6,0,0,0,0,1
8339,LaFermeJerome,,2,0,2,2,0,2,0,0,0,0,1
8342,Nice_Matin,,2,0,2,2,0,2,0,0,0,0,1
8343,YourAnonNews,,3,0,3,3,0,3,0,0,0,0,1
8350,actoulouse,,2,0,2,2,0,2,0,0,0,0,1
8353,foismarina,,2,0,2,2,0,2,0,0,0,0,1
8354,_StudioDanielle,,2,0,2,2,0,2,0,0,0,0,1
8356,NormanDesVideos,,3,0,3,3,0,3,0,0,0,0,1
8366,etudiantgouv,,3,0,3,3,0,3,0,0,0,0,1
8367,La_FAGE,,3,0,3,3,0,3,0,0,0,0,1
8368,ServiceCivique,,2,0,2,2,0,2,0,0,0,0,1
8369,Hugotoutseul,,2,0,2,2,0,2,0,0,0,0,1
8372,MdEuropeParis,,4,0,4,4,0,4,0,0,0,0,1
8373,europe_creative,,4,0,4,4,0,4,0,0,0,0,1
8375,Univ_Toulouse,,3,0,3,3,0,3,0,0,0,0,1
8378,MisterVonline,,2,0,2,2,0,2,0,0,0,0,1
8382,lequipe,,2,0,2,2,0,2,0,0,0,0,1
8385,JeunesEuropeens,,4,0,4,4,0,4,0,0,0,0,1
8387,BenjaminBeton,,2,0,2,2,0,2,0,0,0,0,1
8388,DCComics,,3,0,3,3,0,3,0,0,0,0,1
8389,witchernetflix,,2,0,2,2,0,2,0,0,0,0,1
8392,francediplo_EN,,3,0,3,3,0,3,0,0,0,0,1
8393,UT3PaulSabatier,,3,0,3,3,0,3,0,0,0,0,1
8395,AAstierOff,,2,0,2,2,0,2,0,0,0,0,1
8396,MonsieurDream,,3,0,3,3,0,3,0,0,0,0,1
8403,TlseMetropole,,2,0,2,2,0,2,0,0,0,0,1
8404,EU_Social,,5,0,5,5,0,5,0,0,0,0,1
8406,NASA,,6,0,6,6,0,6,0,0,0,0,1
8407,NetflixFR,,3,0,3,3,0,3,0,0,0,0,1
8408,CNES,,2,0,2,2,0,2,0,0,0,0,1
8410,animafac,,3,0,3,3,0,3,0,0,0,0,1
8411,mbalyon,,2,0,2,2,0,2,0,0,0,0,1
8413,booba,,2,0,2,2,0,2,0,0,0,0,1
8416,JournalDuGeek,,3,0,3,3,0,3,0,0,0,0,1
8417,xSqueeZie,,2,0,2,2,0,2,0,0,0,0,1
8420,jnaranjorodri,,2,0,2,2,0,2,0,0,0,0,5
8425,Javiri21,,3,0,3,3,0,3,0,0,0,0,5
8426,alexmacastro,,2,0,2,2,0,2,0,0,0,0,5
8427,CARUHuelva,,3,0,3,3,0,3,0,0,0,0,4
8428,FundacionPTS,,3,0,3,3,0,3,0,0,0,0,5
8429,elpaiseducacion,,3,0,3,3,0,3,0,0,0,0,5
8430,yeswetech_org,,2,0,2,2,0,2,0,0,0,0,5
8431,elbecador,,3,0,3,3,0,3,0,0,0,0,5
8432,CEUAlm,,4,0,4,4,0,4,0,0,0,0,0
8433,culturagob,,4,0,4,4,0,4,0,0,0,0,4
8434,Correos,,3,0,3,3,0,3,0,0,0,0,0
8435,SignosAsogra,,2,0,2,2,0,2,0,0,0,0,0
8437,PatrickLibreES,,2,0,2,2,0,2,0,0,0,0,5
8438,UGRenCasa,,3,0,3,3,0,3,0,0,0,0,5
8439,sosteniblesugr,,3,0,3,3,0,3,0,0,0,0,4
8441,CRD_UGR,,2,0,2,2,0,2,0,0,0,0,5
8443,deeip_ugr,,4,0,4,4,0,4,0,0,0,0,5
8444,ConsellUJI,,2,0,2,2,0,2,0,0,0,0,4
8445,estudiantsudg,,2,0,2,2,0,2,0,0,0,0,6
8447,EeMGranada,,2,0,2,2,0,2,0,0,0,0,5
8448,FdE_Granada,,2,0,2,2,0,2,0,0,0,0,5
8450,EPAndalucia,,3,0,3,3,0,3,0,0,0,0,5
8451,sereingeniera,,2,0,2,2,0,2,0,0,0,0,6
8452,EP_Granada,,5,0,5,5,0,5,0,0,0,0,4
8453,HistoconUgr,,3,0,3,3,0,3,0,0,0,0,5
8454,agorafacmed,,3,0,3,3,0,3,0,0,0,0,5
8455,FyL_UGR,,4,0,4,4,0,4,0,0,0,0,5
8456,eulainmaculada,,3,0,3,3,0,3,0,0,0,0,6
8457,FDerechoUGR,,5,0,5,5,0,5,0,0,0,0,5
8458,citrabgranada,,3,0,3,3,0,3,0,0,0,0,6
8459,EconomiaAnd,,2,0,2,2,0,2,0,0,0,0,5
8460,AlumniUgr,,5,0,5,5,0,5,0,0,0,0,5
8461,facultadcero,,3,0,3,3,0,3,0,0,0,0,5
8462,ForoCSA,,2,0,2,2,0,2,0,0,0,0,1
8463,CEstudiantesUCA,,2,0,2,2,0,2,0,0,0,0,5
8464,intercambiaugr,,2,0,2,2,0,2,0,0,0,0,5
8465,EducaAnd,,3,0,3,3,0,3,0,0,0,0,6
8466,depsyl_ugr,,3,0,3,3,0,3,0,0,0,0,5
8467,CasadPorrasUGR,,4,0,4,4,0,4,0,0,0,0,5
8468,CEUCO,,3,0,3,3,0,3,0,0,0,0,4
8469,coffeeversity,,2,0,2,2,0,2,0,0,0,0,5
8470,dgestudiantes,,2,0,2,2,0,2,0,0,0,0,4
8471,granadahoy,,6,0,6,6,0,6,0,0,0,0,4
8472,ritsi,,2,0,2,2,0,2,0,0,0,0,2
8473,DCE_UCM,,3,0,3,3,0,3,0,0,0,0,1
8474,ANECAinfo,,2,0,2,2,0,2,0,0,0,0,5
8475,IAJuventud,,4,0,4,4,0,4,0,0,0,0,0
8476,clmgranada,,4,0,4,4,0,4,0,0,0,0,5
8477,estudiantesUR,,3,0,3,3,0,3,0,0,0,0,4
8481,deiccpUGR,,3,0,3,3,0,3,0,0,0,0,5
8482,DECCEEugr,,3,0,3,3,0,3,0,0,0,0,5
8483,dge_fcd,,3,0,3,3,0,3,0,0,0,0,5
8484,Fundacion_UGR,,2,0,2,2,0,2,0,0,0,0,5
8485,IndeGranada,,4,0,4,4,0,4,0,0,0,0,5
8486,CentroRusoUGR,,2,0,2,2,0,2,0,0,0,0,5
8487,GranadaOnline,,4,0,4,4,0,4,0,0,0,0,5
8488,Fac_Deporte_UGR,,3,0,3,3,0,3,0,0,0,0,5
8489,ideal_granada,,7,0,7,7,0,7,0,0,0,0,5
8490,ParqueCiencias,,3,0,3,3,0,3,0,0,0,0,5
8491,feetceuta,,3,0,3,3,0,3,0,0,0,0,5
8492,ETSIIT_UGR,,3,0,3,3,0,3,0,0,0,0,5
8493,TiendaUGR,,3,0,3,3,0,3,0,0,0,0,5
8495,DelegacionUC3M,,2,0,2,2,0,2,0,0,0,0,2
8496,ArchivoUGR,,4,0,4,4,0,4,0,0,0,0,5
8497,DecsUgr,,3,0,3,3,0,3,0,0,0,0,5
8498,CestULPGC,,2,0,2,2,0,2,0,0,0,0,5
8499,AERELABO,,3,0,3,3,0,3,0,0,0,0,4
8500,CEETsectorial,,2,0,2,2,0,2,0,0,0,0,4
8501,_CEEM,,3,0,3,3,0,3,0,0,0,0,6
8502,ETSCaminosUGR,,3,0,3,3,0,3,0,0,0,0,5
8503,DatosUGR,,3,0,3,3,0,3,0,0,0,0,5
8504,NoticiasGr,,3,0,3,3,0,3,0,0,0,0,5
8505,CESED_,,2,0,2,2,0,2,0,0,0,0,4
8506,fafddeportes,,3,0,3,3,0,3,0,0,0,0,5
8507,AMATugr,,3,0,3,3,0,3,0,0,0,0,5
8508,condeleusal,,2,0,2,2,0,2,0,0,0,0,4
8509,consejoCAUBU,,3,0,3,3,0,3,0,0,0,0,1
8510,CoordinadorDGE,,3,0,3,3,0,3,0,0,0,0,5
8511,orquestagranada,,4,0,4,4,0,4,0,0,0,0,5
8512,abiertaUGR,,4,0,4,4,0,4,0,0,0,0,5
8513,filosofiaUGR,,3,0,3,3,0,3,0,0,0,0,5
8514,ceuma_,,3,0,3,3,0,3,0,0,0,0,4
8515,EstUCLM,,2,0,2,2,0,2,0,0,0,0,5
8516,CEUEX_,,3,0,3,3,0,3,0,0,0,0,5
8517,aupoliteia,,3,0,3,3,0,3,0,0,0,0,5
8518,etsie_ugr,,4,0,4,4,0,4,0,0,0,0,5
8519,atc_ugr,,3,0,3,3,0,3,0,0,0,0,8
8520,FacultadCCSS,,3,0,3,3,0,3,0,0,0,0,5
8521,FCCSociales,,3,0,3,3,0,3,0,0,0,0,5
8522,OTRIUGR,,4,0,4,4,0,4,0,0,0,0,5
8523,DEFyL_ugr,,3,0,3,3,0,3,0,0,0,0,5
8524,EditorialUGR,,5,0,5,5,0,5,0,0,0,0,5
8525,DeleInefUGR,,3,0,3,3,0,3,0,0,0,0,5
8526,DTSTCUGR,,3,0,3,3,0,3,0,0,0,0,5
8527,DelegestuMelill,,3,0,3,3,0,3,0,0,0,0,5
8528,CCISIC,,3,0,3,3,0,3,0,0,0,0,4
8529,datupv,,2,0,2,2,0,2,0,0,0,0,6
8530,daupv,,3,0,3,3,0,3,0,0,0,0,4
8531,dcpsugr,,3,0,3,3,0,3,0,0,0,0,5
8532,DelegacionRLyRH,,3,0,3,3,0,3,0,0,0,0,5
8533,ConsejoCiencias,,3,0,3,3,0,3,0,0,0,0,4
8534,ceum_es,,3,0,3,3,0,3,0,0,0,0,4
8535,CEUJA,,3,0,3,3,0,3,0,0,0,0,2
8536,CEUPCT,,3,0,3,3,0,3,0,0,0,0,4
8537,AulaMagna,,4,0,4,4,0,4,0,0,0,0,5
8538,CEUPO,,3,0,3,3,0,3,0,0,0,0,6
8539,detsieUGR,,3,0,3,3,0,3,0,0,0,0,5
8540,DeeCcEugr,,3,0,3,3,0,3,0,0,0,0,5
8541,delegacionbbaa,,3,0,3,3,0,3,0,0,0,0,5
8542,DAETSAUPV,,2,0,2,2,0,2,0,0,0,0,6
8543,DelegaHCD,,3,0,3,3,0,3,0,0,0,0,7
8544,VicestuFceUgr,,3,0,3,3,0,3,0,0,0,0,5
8545,ffarmaciaUGR,,3,0,3,3,0,3,0,0,0,0,5
8546,comedoresUGR,,3,0,3,3,0,3,0,0,0,0,6
8547,OSLUGR,,4,0,4,4,0,4,0,0,0,0,5
8549,AnaMenaMusic,,2,0,2,2,0,2,0,0,0,0,0
8551,anaju_,,3,0,3,3,0,3,0,0,0,0,5
8552,xhugocobox,,2,0,2,2,0,2,0,0,0,0,5
8556,cdelamor_,,3,0,3,3,0,3,0,0,0,0,0
8558,JaenSquare,,3,0,3,3,0,3,0,0,0,0,2
8559,GiuseppeConteIT,,3,0,3,3,0,3,0,0,0,0,3
8560,MinisteroSalute,,2,0,2,2,0,2,0,0,0,0,3
8563,AlbaGlezVilla,,2,0,2,2,0,2,0,0,0,0,5
8564,jaimelorente,,3,0,3,3,0,3,0,0,0,0,5
8566,ivanlabanda,,3,0,3,3,0,3,0,0,0,0,5
8567,ChicaSobresalto,,3,0,3,3,0,3,0,0,0,0,5
8568,lacamaradelarte,,2,0,2,2,0,2,0,0,0,0,0
8569,_samanthagg,,2,0,2,2,0,2,0,0,0,0,5
8570,RaiUno,,2,0,2,2,0,2,0,0,0,0,3
8571,CEHVAL,,2,0,2,2,0,2,0,0,0,0,5
8572,NiaCorreia,,2,0,2,2,0,2,0,0,0,0,5
8580,unisiena,,4,0,4,4,0,4,0,0,0,0,1
8581,SoyRafaOT2020,,2,0,2,2,0,2,0,0,0,0,5
8597,BrioEnfurecida,,2,0,2,2,0,2,0,0,0,0,5
8622,airhopping,,2,0,2,2,0,2,0,0,0,0,5
8629,openarms_fund,,3,0,3,3,0,3,0,0,0,0,5
8630,campsoscar,,3,0,3,3,0,3,0,0,0,0,0
8633,ADJE_Oficial,,2,0,2,2,0,2,0,0,0,0,5
8634,SrFortfast,,3,0,3,3,0,3,0,0,0,0,5
8636,Lara_Anes,,2,0,2,2,0,2,0,0,0,0,4
8637,CioRRT,,2,0,2,2,0,2,0,0,0,0,5
8644,Buenafuente,,4,0,4,4,0,4,0,0,0,0,0
8648,canijodecadiz,,3,0,3,3,0,3,0,0,0,0,5
8649,ARMH_Memoria,,2,0,2,2,0,2,0,0,0,0,5
8655,AntoAndrades7,,2,0,2,2,0,2,0,0,0,0,5
8658,historiauex,,2,0,2,2,0,2,0,0,0,0,5
8659,ORIENS_Cultura,,2,0,2,2,0,2,0,0,0,0,5
8663,davidcarapapa,,2,0,2,2,0,2,0,0,0,0,5
8669,noemicasquet,,2,0,2,2,0,2,0,0,0,0,5
8672,m_martiz,,2,0,2,2,0,2,0,0,0,0,0
8673,ocmascarnaval,,2,0,2,2,0,2,0,0,0,0,5
8674,Carnavalea_es,,2,0,2,2,0,2,0,0,0,0,0
8675,carnavalypunto,,2,0,2,2,0,2,0,0,0,0,5
8676,jcarlosmeni,,2,0,2,2,0,2,0,0,0,0,5
8679,Mcotsar,,2,0,2,2,0,2,0,0,0,0,0
8682,GranadaActua,,3,0,3,3,0,3,0,0,0,0,4
8684,ninodelukelele,,2,0,2,2,0,2,0,0,0,0,5
8686,Carnavaleando,,3,0,3,3,0,3,0,0,0,0,5
8691,carnavaldecadiz,,3,0,3,3,0,3,0,0,0,0,0
8693,cuartetomorera,,2,0,2,2,0,2,0,0,0,0,5
8694,Arquehistoria,,2,0,2,2,0,2,0,0,0,0,2
8695,campobatalla,,2,0,2,2,0,2,0,0,0,0,4
8696,red_historia,,2,0,2,2,0,2,0,0,0,0,5
8697,historia_twi,,2,0,2,2,0,2,0,0,0,0,5
8698,Medievalum_,,2,0,2,2,0,2,0,0,0,0,2
8702,DOSierraMagina,,3,0,3,3,0,3,0,0,0,0,0
8708,Sehito_cai,,2,0,2,2,0,2,0,0,0,0,5
8714,SienaFree,,2,0,2,2,0,2,0,0,0,0,3
8715,herstoricas,,2,0,2,2,0,2,0,0,0,0,5
8716,m_feminismo,,2,0,2,2,0,2,0,0,0,0,2
8725,ocadizdigital,,2,0,2,2,0,2,0,0,0,0,5
8726,OndaCadizTV,,2,0,2,2,0,2,0,0,0,0,5
8729,SomosAEIHM,,2,0,2,2,0,2,0,0,0,0,5
8730,HSufilon,,2,0,2,2,0,2,0,0,0,0,5
8733,EsCAI_,,2,0,2,2,0,2,0,0,0,0,5
8735,SoniaVivasRive3,,2,0,2,2,0,2,0,0,0,0,4
8737,CasaFloresTV,,2,0,2,2,0,2,0,0,0,0,2
8739,Carmencb_96,,2,0,2,2,0,2,0,0,0,0,6
8741,elpasacallestv,,2,0,2,2,0,2,0,0,0,0,5
8742,MG_loscarapapas,,2,0,2,2,0,2,0,0,0,0,5
8744,rafataleguilla,,2,0,2,2,0,2,0,0,0,0,5
8745,trataratachin,,3,0,3,3,0,3,0,0,0,0,5
8754,LaVozdeCadiz,,2,0,2,2,0,2,0,0,0,0,0
8757,LaMargaridecadi,,2,0,2,2,0,2,0,0,0,0,5
8758,ijtoromoyano,,3,0,3,3,0,3,0,0,0,0,5
8760,arqueomaniaprod,,2,0,2,2,0,2,0,0,0,0,8
8767,MaCarmenJR,,2,0,2,2,0,2,0,0,0,0,5
8768,rutahistoriafm,,2,0,2,2,0,2,0,0,0,0,5
8769,PiandoPerCai,,2,0,2,2,0,2,0,0,0,0,5
8771,Gaditanitis,,2,0,2,2,0,2,0,0,0,0,5
8773,revlon,,2,0,2,2,0,2,0,0,0,0,2
8774,Maybelline,,2,0,2,2,0,2,0,0,0,0,2
8778,AytoGuadix,,2,0,2,2,0,2,0,0,0,0,0
8784,mitortugafloren,,2,0,2,2,0,2,0,0,0,0,5
8786,mmorera79,,2,0,2,2,0,2,0,0,0,0,5
8787,bizcoch0,,2,0,2,2,0,2,0,0,0,0,5
8788,alsondecarnaval,,3,0,3,3,0,3,0,0,0,0,5
8789,ChirigotaBizc8,,2,0,2,2,0,2,0,0,0,0,5
8800,Fnac_ESP,,3,0,3,3,0,3,0,0,0,0,2
8801,TeresaRodr_,,4,0,4,4,0,4,0,0,0,0,8
8802,MailloAntonio,,2,0,2,2,0,2,0,0,0,0,0
8804,chirigotasherif,,3,0,3,3,0,3,0,0,0,0,5
8809,Dellafuente_,,2,0,2,2,0,2,0,0,0,0,5
8811,PortalClasico,,2,0,2,2,0,2,0,0,0,0,5
8813,CunadoHeleno,,2,0,2,2,0,2,0,0,0,0,5
8815,AlvaroMorte,,3,0,3,3,0,3,0,0,0,0,5
8816,ursulolita,,4,0,4,4,0,4,0,0,0,0,1
8817,LaCasaDePapelTV,,3,0,3,3,0,3,0,0,0,0,5
8818,lacasadepapel,,3,0,3,3,0,3,0,0,0,0,2
8822,AncientOriginsE,,2,0,2,2,0,2,0,0,0,0,5
8823,arqueoblog,,2,0,2,2,0,2,0,0,0,0,5
8824,Machezm,,2,0,2,2,0,2,0,0,0,0,5
8825,Javi_Bohorquez,,2,0,2,2,0,2,0,0,0,0,5
8833,Lucy_MEH,,2,0,2,2,0,2,0,0,0,0,0
8834,karentolea,,2,0,2,2,0,2,0,0,0,0,5
8837,nandosolera,,2,0,2,2,0,2,0,0,0,0,0
8838,elprincipito,,3,0,3,3,0,3,0,0,0,0,4
8848,InacuaAP,,2,0,2,2,0,2,0,0,0,0,5
8850,iphes,,2,0,2,2,0,2,0,0,0,0,1
8855,FIGUI_8,,2,0,2,2,0,2,0,0,0,0,5
8867,xemagg8,,2,0,2,2,0,2,0,0,0,0,6
8868,erchelevara,,2,0,2,2,0,2,0,0,0,0,5
8870,ImagenxlaHistor,,2,0,2,2,0,2,0,0,0,0,5
8872,alhambracultura,,6,0,6,6,0,6,0,0,0,0,5
8873,MuseodelTraje,,3,0,3,3,0,3,0,0,0,0,0
8876,JMorenoArquitec,,3,0,3,3,0,3,0,0,0,0,5
8877,MuseoRomano,,2,0,2,2,0,2,0,0,0,0,5
8884,ElPayPay,,2,0,2,2,0,2,0,0,0,0,0
8885,Hogwartssite,,3,0,3,3,0,3,0,0,0,0,6
8887,LordVoldemort_S,,2,0,2,2,0,2,0,0,0,0,0
8888,ProfesorSnape,,2,0,2,2,0,2,0,0,0,0,6
8894,Museo_Ibero,,2,0,2,2,0,2,0,0,0,0,0
8895,ArqueoInquieta,,2,0,2,2,0,2,0,0,0,0,5
8896,past_women,,2,0,2,2,0,2,0,0,0,0,5
8897,logrotin,,2,0,2,2,0,2,0,0,0,0,5
8899,ArqFeminista,,2,0,2,2,0,2,0,0,0,0,5
8902,literlandweb1,,3,0,3,3,0,3,0,0,0,0,5
8903,PlanesGranada,,5,0,5,5,0,5,0,0,0,0,5
8904,Guerra_Civil_,,2,0,2,2,0,2,0,0,0,0,5
8905,SharifFernandez,,3,0,3,3,0,3,0,0,0,0,6
8906,soyRayden,,3,0,3,3,0,3,0,0,0,0,0
8907,lavecinarubia,,5,0,5,5,0,5,0,0,0,0,3
8908,MEMOLAproject,,3,0,3,3,0,3,0,0,0,0,4
8909,MEMOLabUGR,,3,0,3,3,0,3,0,0,0,0,4
8912,carmen_caesaris,,2,0,2,2,0,2,0,0,0,0,5
8916,FATAPUERCA,,3,0,3,3,0,3,0,0,0,0,4
8917,museoevolucion,,3,0,3,3,0,3,0,0,0,0,4
8919,CENIEH,,3,0,3,3,0,3,0,0,0,0,0
8921,72kilos,,2,0,2,2,0,2,0,0,0,0,8
8922,RObsMadrid,,2,0,2,2,0,2,0,0,0,0,2
8925,Miri_vb,,2,0,2,2,0,2,0,0,0,0,5
8929,jigg1974,,2,0,2,2,0,2,0,0,0,0,5
8930,MasArqueologia,,3,0,3,3,0,3,0,0,0,0,0
8931,TwitstoriadeEsp,,2,0,2,2,0,2,0,0,0,0,0
8932,HistoriaMilita,,3,0,3,3,0,3,0,0,0,0,1
8940,carlossalem,,2,0,2,2,0,2,0,0,0,0,5
8942,ailekrts,,2,0,2,2,0,2,0,0,0,0,4
8948,HispaniaNostra,,2,0,2,2,0,2,0,0,0,0,5
8951,arqueomedieval,,2,0,2,2,0,2,0,0,0,0,0
8958,HumanidadesTO,,2,0,2,2,0,2,0,0,0,0,4
8971,UgrRestauracion,,2,0,2,2,0,2,0,0,0,0,5
8973,antigua_roma,,2,0,2,2,0,2,0,0,0,0,5
8974,HistoriaRomana,,2,0,2,2,0,2,0,0,0,0,5
8977,MuseodelGreco,,2,0,2,2,0,2,0,0,0,0,4
8978,granadaocio,,7,0,7,7,0,7,0,0,0,0,0
8980,MRomanticismo,,3,0,3,3,0,3,0,0,0,0,0
8982,MANArqueologico,,3,0,3,3,0,3,0,0,0,0,0
8985,IAPHpatrimonio,,4,0,4,4,0,4,0,0,0,0,4
8986,JavierBeret,,2,0,2,2,0,2,0,0,0,0,5
8987,MuseoCadiz,,2,0,2,2,0,2,0,0,0,0,5
8988,Bienvenido_es,,2,0,2,2,0,2,0,0,0,0,5
8990,mirianperaltag,,2,0,2,2,0,2,0,0,0,0,5
8992,LibreriaPicasso,,4,0,4,4,0,4,0,0,0,0,0
8998,ligoteo_UGR,,3,0,3,3,0,3,0,0,0,0,5
9000,ManuelSantande1,,2,0,2,2,0,2,0,0,0,0,5
9001,codigocarnaval,,2,0,2,2,0,2,0,0,0,0,5
9002,BusesGranada,,3,0,3,3,0,3,0,0,0,0,0
9003,DudasBecasMec,,2,0,2,2,0,2,0,0,0,0,2
9004,JuanitoLibritos,,2,0,2,2,0,2,0,0,0,0,5
9005,paupt143,,2,0,2,2,0,2,0,0,0,0,5
9006,ChanoCai,,2,0,2,2,0,2,0,0,0,0,5
9008,ComparsaDeJona,,2,0,2,2,0,2,0,0,0,0,5
9009,chirigotalove,,2,0,2,2,0,2,0,0,0,0,5
9010,chirigotavera,,3,0,3,3,0,3,0,0,0,0,5
9011,AveSitaBilis,,2,0,2,2,0,2,0,0,0,0,6
9015,LaComparsadeAM,,3,0,3,3,0,3,0,0,0,0,5
9016,los_doce,,2,0,2,2,0,2,0,0,0,0,5
9018,ComparsaAres,,2,0,2,2,0,2,0,0,0,0,5
9019,ComparsadeAM,,3,0,3,3,0,3,0,0,0,0,5
9021,CanijodeCarmona,,2,0,2,2,0,2,0,0,0,0,0
9023,elcanijocom,,3,0,3,3,0,3,0,0,0,0,5
9026,rfuertespuch,,2,0,2,2,0,2,0,0,0,0,2
9028,GarciaLorcaFV,,2,0,2,2,0,2,0,0,0,0,5
9034,NatGeo_la,,3,0,3,3,0,3,0,0,0,0,2
9035,RevistaNatGeo,,3,0,3,3,0,3,0,0,0,0,7
9036,NatGeoEsp,,3,0,3,3,0,3,0,0,0,0,7
9037,NatGeoEspana,,3,0,3,3,0,3,0,0,0,0,6
9041,LABARBERIABAEZA,,2,0,2,2,0,2,0,0,0,0,5
9044,comparsaobdc,,3,0,3,3,0,3,0,0,0,0,5
9045,GermanGRendon,,2,0,2,2,0,2,0,0,0,0,5
9049,BeatrizGH_17,,2,0,2,2,0,2,0,0,0,0,2
9062,mariadival10,,2,0,2,2,0,2,0,0,0,0,5
9064,abc_es,,5,0,5,5,0,5,0,0,0,0,4
9067,TravelVida,,3,0,3,3,0,3,0,0,0,0,8
9068,AntonioJSMazuec,,2,0,2,2,0,2,0,0,0,0,2
9072,ChirigotaKikeR,,2,0,2,2,0,2,0,0,0,0,5
9073,comparsajc,,3,0,3,3,0,3,0,0,0,0,5
9077,historia_SXX,,3,0,3,3,0,3,0,0,0,0,7
9078,frescafm,,2,0,2,2,0,2,0,0,0,0,5
9079,Crisandbar,,2,0,2,2,0,2,0,0,0,0,6
9080,esfunambulista,,3,0,3,3,0,3,0,0,0,0,0
9088,pullmantur,,3,0,3,3,0,3,0,0,0,0,0
9089,CentralBaeza,,2,0,2,2,0,2,0,0,0,0,6
9091,misscaffeina,,3,0,3,3,0,3,0,0,0,0,0
9092,GranadaSound,,3,0,3,3,0,3,0,0,0,0,0
9093,IndiesFrases,,3,0,3,3,0,3,0,0,0,0,0
9095,Puterful_es,,3,0,3,3,0,3,0,0,0,0,2
9100,salvadostv,,4,0,4,4,0,4,0,0,0,0,0
9101,IZALmusic,,3,0,3,3,0,3,0,0,0,0,0
9102,zaharapop,,3,0,3,3,0,3,0,0,0,0,0
9103,holamellamoboza,,3,0,3,3,0,3,0,0,0,0,0
9111,RinconDeWally,,3,0,3,3,0,3,0,0,0,0,6
9112,patricia_steisy,,3,0,3,3,0,3,0,0,0,0,0
9114,MARINOSAIZ,,2,0,2,2,0,2,0,0,0,0,0
9116,aguilaroja_tve,,2,0,2,2,0,2,0,0,0,0,0
9118,eltorerotuerto,,2,0,2,2,0,2,0,0,0,0,2
9121,SerranoIsmael,,3,0,3,3,0,3,0,0,0,0,0
9124,luisramiromusic,,3,0,3,3,0,3,0,0,0,0,0
9125,PedroPastorG,,3,0,3,3,0,3,0,0,0,0,3
9131,JM_Kichi,,3,0,3,3,0,3,0,0,0,0,0
9132,CarlosSadness,,3,0,3,3,0,3,0,0,0,0,0
9139,mellamoares,,3,0,3,3,0,3,0,0,0,0,5
9149,Lauriita2311,,2,0,2,2,0,2,0,0,0,0,0
9151,vanesa_romero,,3,0,3,3,0,3,0,0,0,0,5
9153,martamnfn,,2,0,2,2,0,2,0,0,0,0,0
9157,Marwan_News,,2,0,2,2,0,2,0,0,0,0,0
9162,pbenavente_,,3,0,3,3,0,3,0,0,0,0,0
9166,HistoriadeCadiz,,2,0,2,2,0,2,0,0,0,0,5
9168,susosudon,,2,0,2,2,0,2,0,0,0,0,0
9171,andressuareztwi,,3,0,3,3,0,3,0,0,0,0,0
9173,eltirontv,,3,0,3,3,0,3,0,0,0,0,5
9174,RLechowski,,2,0,2,2,0,2,0,0,0,0,8
9177,_angelamonzon,,2,0,2,2,0,2,0,0,0,0,5
9178,espinosa_albert,,3,0,3,3,0,3,0,0,0,0,3
9180,HugoIzarra,,2,0,2,2,0,2,0,0,0,0,5
9182,YoHagoFotos,,2,0,2,2,0,2,0,0,0,0,0
9185,BajoSospechaA3,,2,0,2,2,0,2,0,0,0,0,2
9186,Marwanmusica,,3,0,3,3,0,3,0,0,0,0,0
9190,Derrotistas,,2,0,2,2,0,2,0,0,0,0,5
9191,Sabinaquotes,,4,0,4,4,0,4,0,0,0,0,5
9192,diegoojeda85,,3,0,3,3,0,3,0,0,0,0,0
9193,martamj32,,2,0,2,2,0,2,0,0,0,0,2
9197,lavidaal3x4,,2,0,2,2,0,2,0,0,0,0,5
9205,elprincipito_es,,2,0,2,2,0,2,0,0,0,0,0
9208,mrwonderful_,,3,0,3,3,0,3,0,0,0,0,0
9215,Nosolopam,,3,0,3,3,0,3,0,0,0,0,0
9223,sabiastuque_,,3,0,3,3,0,3,0,0,0,0,5
9224,chiclett4u,,2,0,2,2,0,2,0,0,0,0,6
9225,TextosDeLibros,,3,0,3,3,0,3,0,0,0,0,6
9231,pedrojl15,,3,0,3,3,0,3,0,0,0,0,6
9275,HoroscopoGr,,3,0,3,3,0,3,0,0,0,0,5
9283,GuzmnPaloma,,2,0,2,2,0,2,0,0,0,0,0
9286,simonsegura7,,2,0,2,2,0,2,0,0,0,0,5
9292,Nagore_Robles,,3,0,3,3,0,3,0,0,0,0,6
9293,JesusIReyes,,2,0,2,2,0,2,0,0,0,0,4
9307,albamartosm,,2,0,2,2,0,2,0,0,0,0,6
9308,lorenvico98,,2,0,2,2,0,2,0,0,0,0,5
9315,isco_alarcon,,3,0,3,3,0,3,0,0,0,0,2
9316,GarethBale11,,3,0,3,3,0,3,0,0,0,0,6
9317,IkerCasillas,,4,0,4,4,0,4,0,0,0,0,4
9327,flamaatletico,,2,0,2,2,0,2,0,0,0,0,5
9332,rosaa_14,,2,0,2,2,0,2,0,0,0,0,6
9341,_LauraGallego,,2,0,2,2,0,2,0,0,0,0,6
9346,maria_hb18,,2,0,2,2,0,2,0,0,0,0,0
9361,anaa_feernandez,,2,0,2,2,0,2,0,0,0,0,6
9362,Mariapaardo,,2,0,2,2,0,2,0,0,0,0,6
9365,Expiracionhuelm,,2,0,2,2,0,2,0,0,0,0,5
9367,letradecarnaval,,3,0,3,3,0,3,0,0,0,0,5
9368,elseludecadi,,3,0,3,3,0,3,0,0,0,0,5
9370,ElVeraLuque,,2,0,2,2,0,2,0,0,0,0,5
9372,aanalopeez,,2,0,2,2,0,2,0,0,0,0,6
9377,Cayetano_Rivera,,2,0,2,2,0,2,0,0,0,0,4
9382,BambuProdu,,3,0,3,3,0,3,0,0,0,0,0
9386,iPrincipito,,3,0,3,3,0,3,0,0,0,0,5
9401,Comparsistas,,3,0,3,3,0,3,0,0,0,0,5
9404,PDcarnavales,,2,0,2,2,0,2,0,0,0,0,5
9413,comparsatino,,3,0,3,3,0,3,0,0,0,0,5
9414,tinotovar,,3,0,3,3,0,3,0,0,0,0,5
9415,ChicaCualquiera,,2,0,2,2,0,2,0,0,0,0,5
9417,carnavaleando4,,2,0,2,2,0,2,0,0,0,0,5
9418,carnavalista100,,3,0,3,3,0,3,0,0,0,0,5
9420,cdavidcarapapa,,3,0,3,3,0,3,0,0,0,0,5
9421,LeerUnLibro,,2,0,2,2,0,2,0,0,0,0,5
9422,yuyudecai,,2,0,2,2,0,2,0,0,0,0,0
9423,DCarnavalcadiz,,3,0,3,3,0,3,0,0,0,0,5
9425,SonMicroCuentos,,2,0,2,2,0,2,0,0,0,0,5
9426,EnfermoCarnaval,,3,0,3,3,0,3,0,0,0,0,5
9433,FedericoMoccia,,3,0,3,3,0,3,0,0,0,0,6
9435,Carnavaladictos,,3,0,3,3,0,3,0,0,0,0,5
9436,CAPITANVENEN0,,3,0,3,3,0,3,0,0,0,0,0
9437,FrasesKrnaval,,3,0,3,3,0,3,0,0,0,0,5
9438,CarnavalCadizTV,,3,0,3,3,0,3,0,0,0,0,5
9454,CoplasCarnaval,,2,0,2,2,0,2,0,0,0,0,5
9474,loveoflesbian,,3,0,3,3,0,3,0,0,0,0,2
9475,microcuentos,,3,0,3,3,0,3,0,0,0,0,1
9476,CarnavaldCadi,,2,0,2,2,0,2,0,0,0,0,5
9483,LaPosadaAnimas,,3,0,3,3,0,3,0,0,0,0,2
9484,vetustamorla,,3,0,3,3,0,3,0,0,0,0,0
9487,canalfiesta,,3,0,3,3,0,3,0,0,0,0,0
9497,amnazarenoarb,,2,0,2,2,0,2,0,0,0,0,0
9504,AurynOficial,,3,0,3,3,0,3,0,0,0,0,0
9517,aprendeingIes,,3,0,3,3,0,3,0,0,0,0,0
9520,cheskodj,,2,0,2,2,0,2,0,0,0,0,6
9525,juanluguzman1,,2,0,2,2,0,2,0,0,0,0,5
9529,alexfuentes_17,,2,0,2,2,0,2,0,0,0,0,6
9534,alma_andaluza,,3,0,3,3,0,3,0,0,0,0,0
9540,RaqueLJG_93,,2,0,2,2,0,2,0,0,0,0,6
9557,4KExperience,,2,0,2,2,0,2,0,0,0,0,5
9560,Extremoquotes,,3,0,3,3,0,3,0,0,0,0,2
9563,SuperSubmarina_,,2,0,2,2,0,2,0,0,0,0,5
9568,QR_Lifestyle,,2,0,2,2,0,2,0,0,0,0,4
9574,juananhj,,2,0,2,2,0,2,0,0,0,0,6
9582,laurahermoso3,,2,0,2,2,0,2,0,0,0,0,6
9585,europa_fm,,3,0,3,3,0,3,0,0,0,0,0
9593,ismaelieg99,,2,0,2,2,0,2,0,0,0,0,0
9606,UnAlumnoDice,,3,0,3,3,0,3,0,0,0,0,6
9621,horoscoponegro,,3,0,3,3,0,3,0,0,0,0,8
9622,esperanzagracia,,4,0,4,4,0,4,0,0,0,0,5
9624,fito_quotes_,,3,0,3,3,0,3,0,0,0,0,6
9627,ZodiacoHoy,,3,0,3,3,0,3,0,0,0,0,0
9630,VolandoVoyTV,,2,0,2,2,0,2,0,0,0,0,0
9632,antoniobolance,,3,0,3,3,0,3,0,0,0,0,0
9633,EnElSobre,,3,0,3,3,0,3,0,0,0,0,5
9634,MejoresTwits,,3,0,3,3,0,3,0,0,0,0,2
9637,PCuevas13,,2,0,2,2,0,2,0,0,0,0,5
9639,DaniSantosTV,,2,0,2,2,0,2,0,0,0,0,0
9646,Paisajes_Es,,3,0,3,3,0,3,0,0,0,0,6
9654,HayQueSaberlo,,3,0,3,3,0,3,0,0,0,0,0
9655,perezaquotes,,2,0,2,2,0,2,0,0,0,0,3
9656,Los40,,3,0,3,3,0,3,0,0,0,0,0
9666,AndresGarciaPrd,,2,0,2,2,0,2,0,0,0,0,6
9667,Barajas_el,,3,0,3,3,0,3,0,0,0,0,5
9668,David_Deseo,,2,0,2,2,0,2,0,0,0,0,6
9671,mister_agustico,,3,0,3,3,0,3,0,0,0,0,0
9679,JavitoG92,,2,0,2,2,0,2,0,0,0,0,4
9686,SHuelma,,2,0,2,2,0,2,0,0,0,0,6
9694,MariolaHaro,,3,0,3,3,0,3,0,0,0,0,6
9698,magarli,,2,0,2,2,0,2,0,0,0,0,0
9710,robertobelmez9,,2,0,2,2,0,2,0,0,0,0,6
9721,elviraelvirita,,2,0,2,2,0,2,0,0,0,0,5
9733,miss_belmont,,3,0,3,3,0,3,0,0,0,0,5
9736,albertomtnezh24,,2,0,2,2,0,2,0,0,0,0,5
9739,Ma_NereaFrases,,2,0,2,2,0,2,0,0,0,0,2
9746,iheartyou_mj,,2,0,2,2,0,2,0,0,0,0,6
9748,Mariaajoosee,,2,0,2,2,0,2,0,0,0,0,6
9749,Rafa_Espino,,3,0,3,3,0,3,0,0,0,0,0
9756,SebasMartos,,2,0,2,2,0,2,0,0,0,0,0
9766,_rafamartineez,,2,0,2,2,0,2,0,0,0,0,6
9769,angeldelmoral,,2,0,2,2,0,2,0,0,0,0,5
9776,Djchesko,,2,0,2,2,0,2,0,0,0,0,0
9777,miguelitto_94,,2,0,2,2,0,2,0,0,0,0,6
9808,MiriamJusticia4,,3,0,3,3,0,3,0,0,0,0,6
9811,TiempoDetenido,,3,0,3,3,0,3,0,0,0,0,6
9812,ma_silvestre,,3,0,3,3,0,3,0,0,0,0,0
9813,FranciscodPaula,,2,0,2,2,0,2,0,0,0,0,6
9815,MercheOficial,,3,0,3,3,0,3,0,0,0,0,2
9816,Jandro,,4,0,4,4,0,4,0,0,0,0,0
9819,JesusCalleja,,3,0,3,3,0,3,0,0,0,0,0
9820,AnabelPantoja00,,2,0,2,2,0,2,0,0,0,0,6
9821,coldplay,,5,0,5,5,0,5,0,0,0,0,2
9823,Santihumor,,3,0,3,3,0,3,0,0,0,0,0
9827,globomedia,,3,0,3,3,0,3,0,0,0,0,0
9828,RaquelBollo,,3,0,3,3,0,3,0,0,0,0,0
9829,fertejerom,,3,0,3,3,0,3,0,0,0,0,0
9830,PiedrahitaLuis,,4,0,4,4,0,4,0,0,0,0,0
9833,canalsur,,4,0,4,4,0,4,0,0,0,0,5
9834,anamartinez_99,,2,0,2,2,0,2,0,0,0,0,6
9835,anadehuelma,,2,0,2,2,0,2,0,0,0,0,0
9836,andresbayona85,,2,0,2,2,0,2,0,0,0,0,0
9850,soypabloibanez,,3,0,3,3,0,3,0,0,0,0,2
9851,jubralex,,2,0,2,2,0,2,0,0,0,0,6
9852,losmareaoficial,,3,0,3,3,0,3,0,0,0,0,6
9853,Extremoduro_es,,2,0,2,2,0,2,0,0,0,0,5
9854,MalditaNerea,,3,0,3,3,0,3,0,0,0,0,0
9855,BobEsponja,,2,0,2,2,0,2,0,0,0,0,0
9856,pereza_oficial,,2,0,2,2,0,2,0,0,0,0,0
9857,MonicaCarrillo,,4,0,4,4,0,4,0,0,0,0,8
9858,taniallasera,,2,0,2,2,0,2,0,0,0,0,0
9859,XabiAlonso,,3,0,3,3,0,3,0,0,0,0,2
9860,IndiaMartinez,,3,0,3,3,0,3,0,0,0,0,0
9861,manuelcarrasco_,,3,0,3,3,0,3,0,0,0,0,4
9863,maximohuerta,,3,0,3,3,0,3,0,0,0,0,0
9864,hola,,4,0,4,4,0,4,0,0,0,0,0
9865,ricky_martin,,3,0,3,3,0,3,0,0,0,0,0
9866,David_Busta,,3,0,3,3,0,3,0,0,0,0,6
9867,SergioRamos,,3,0,3,3,0,3,0,0,0,0,0
9868,nuriarocagranel,,2,0,2,2,0,2,0,0,0,0,5
9869,paulocoelho,,3,0,3,3,0,3,0,0,0,0,0
9870,greenpeace_esp,,4,0,4,4,0,4,0,0,0,0,2
9871,CristiPedroche,,4,0,4,4,0,4,0,0,0,0,0
9872,El_Hormiguero,,3,0,3,3,0,3,0,0,0,0,0
9875,eudirectlugo,,4,0,4,4,0,4,0,0,0,0,1
9876,EDCoruna,,4,0,4,4,0,4,0,0,0,0,1
9877,ESN_UPO,,3,0,3,3,0,3,0,0,0,0,1
9895,visitasUSC,,2,0,2,2,0,2,0,0,0,0,1
9902,CampusTerraUSC,,2,0,2,2,0,2,0,0,0,0,1
9903,UniversidadeUSC,,2,0,2,2,0,2,0,0,0,0,1
9904,USC_SRE,,2,0,2,2,0,2,0,0,0,0,1
9906,JoeBiden,,5,0,5,5,0,5,0,0,0,0,2
9907,KamalaHarris,,4,0,4,4,0,4,0,0,0,0,2
9911,Andalucillo,,2,0,2,2,0,2,0,0,0,0,2
9913,INTERIORPORN1,,2,0,2,2,0,2,0,0,0,0,2
9916,inspainwedont_,,3,0,3,3,0,3,0,0,0,0,2
9918,MIsocialTW,,4,0,4,4,0,4,0,0,0,0,2
9919,UniPadova,,4,0,4,4,0,4,0,0,0,0,2
9921,SebastianYatra,,2,0,2,2,0,2,0,0,0,0,5
9922,lefrasidiosho,,2,0,2,2,0,2,0,0,0,0,2
9924,NotGiuliaV,,2,0,2,2,0,2,0,0,0,0,3
9925,rosalia,,4,0,4,4,0,4,0,0,0,0,5
9938,defilippi_m,,3,0,3,3,0,3,0,0,0,0,2
9940,AlicelikeAudrey,,2,0,2,2,0,2,0,0,0,0,2
9941,NetflixIT,,3,0,3,3,0,3,0,0,0,0,3
9944,p_episcopo,,2,0,2,2,0,2,0,0,0,0,3
9945,Ri_Ghetto,,2,0,2,2,0,2,0,0,0,0,3
9947,spinozait,,4,0,4,4,0,4,0,0,0,0,3
9950,AmiciUfficiale,,3,0,3,3,0,3,0,0,0,0,3
9951,jimmychoo,,2,0,2,2,0,2,0,0,0,0,2
9952,Burberry,,3,0,3,3,0,3,0,0,0,0,2
9953,armani,,3,0,3,3,0,3,0,0,0,0,2
9954,McQueen,,3,0,3,3,0,3,0,0,0,0,2
9955,Versace,,3,0,3,3,0,3,0,0,0,0,2
9956,trash_italiano,,2,0,2,2,0,2,0,0,0,0,1
9957,gucci,,4,0,4,4,0,4,0,0,0,0,3
9958,KarlLagerfeld,,4,0,4,4,0,4,0,0,0,0,8
9961,NickDeMoura,,2,0,2,2,0,2,0,0,0,0,2
9967,MarroneEmma,,4,0,4,4,0,4,0,0,0,0,3
9968,ladygaga,,5,0,5,5,0,5,0,0,0,0,2
9969,aliciakeys,,3,0,3,3,0,3,0,0,0,0,3
9970,wizkhalifa,,3,0,3,3,0,3,0,0,0,0,2
9971,taylorswift13,,4,0,4,4,0,4,0,0,0,0,2
9972,selenagomez,,4,0,4,4,0,4,0,0,0,0,2
9973,NICKIMINAJ,,3,0,3,3,0,3,0,0,0,0,5
9974,marracash,,3,0,3,3,0,3,0,0,0,0,3
9975,Fedez,,4,0,4,4,0,4,0,0,0,0,3
9976,JLo,,5,0,5,5,0,5,0,0,0,0,3
9977,ZacEfron,,3,0,3,3,0,3,0,0,0,0,2
9978,RitaOra,,3,0,3,3,0,3,0,0,0,0,2
9980,Dior,,4,0,4,4,0,4,0,0,0,0,2
9981,xtina,,3,0,3,3,0,3,0,0,0,0,2
9982,LittleMix,,2,0,2,2,0,2,0,0,0,0,2
9983,SimonCowell,,3,0,3,3,0,3,0,0,0,0,2
9984,Zendaya,,2,0,2,2,0,2,0,0,0,0,0
9985,carlyraejepsen,,4,0,4,4,0,4,0,0,0,0,2
9986,CherLloyd,,3,0,3,3,0,3,0,0,0,0,2
9987,iamwill,,3,0,3,3,0,3,0,0,0,0,2
9988,RealEmisKilla,,3,0,3,3,0,3,0,0,0,0,3
9989,TizianoFerro,,3,0,3,3,0,3,0,0,0,0,2
9990,edsheeran,,3,0,3,3,0,3,0,0,0,0,2
9991,THEREALGUE,,3,0,3,3,0,3,0,0,0,0,3
9993,KimKardashian,,6,0,6,6,0,6,0,0,0,0,3
9994,JessieJ,,4,0,4,4,0,4,0,0,0,0,2
9995,TheXFactor,,2,0,2,2,0,2,0,0,0,0,2
9998,jasonderulo,,3,0,3,3,0,3,0,0,0,0,5
9999,jtimberlake,,6,0,6,6,0,6,0,0,0,0,2
10000,joejonas,,3,0,3,3,0,3,0,0,0,0,2
10001,jaden,,3,0,3,3,0,3,0,0,0,0,2
10002,OfficialWillow,,2,0,2,2,0,2,0,0,0,0,2
10003,LouisVuitton,,4,0,4,4,0,4,0,0,0,0,2
10004,nickjonas,,3,0,3,3,0,3,0,0,0,0,2
10006,Louis_Tomlinson,,3,0,3,3,0,3,0,0,0,0,2
10007,NeYoCompound,,3,0,3,3,0,3,0,0,0,0,2
10008,kevinjonas,,3,0,3,3,0,3,0,0,0,0,2
10009,Ludacris,,3,0,3,3,0,3,0,0,0,0,2
10010,TaioCruz,,2,0,2,2,0,2,0,0,0,0,2
10011,bep,,3,0,3,3,0,3,0,0,0,0,5
10012,AvrilLavigne,,3,0,3,3,0,3,0,0,0,0,2
10013,Beyonce,,3,0,3,3,0,3,0,0,0,0,2
10014,Adele,,4,0,4,4,0,4,0,0,0,0,0
10015,maroon5,,3,0,3,3,0,3,0,0,0,0,2
10016,mengonimarco,,3,0,3,3,0,3,0,0,0,0,2
10017,frafacchinetti,,3,0,3,3,0,3,0,0,0,0,3
10018,VirgiRaffaele,,3,0,3,3,0,3,0,0,0,0,2
10019,FabriFibra,,3,0,3,3,0,3,0,0,0,0,3
10021,kourtneykardash,,4,0,4,4,0,4,0,0,0,0,2
10022,JamesArthur23,,2,0,2,2,0,2,0,0,0,0,1
10023,zaynmalik,,3,0,3,3,0,3,0,0,0,0,2
10024,Harry_Styles,,3,0,3,3,0,3,0,0,0,0,2
10025,Oprah,,4,0,4,4,0,4,0,0,0,0,2
10026,Usher,,3,0,3,3,0,3,0,0,0,0,2
10027,LeoDiCaprio,,3,0,3,3,0,3,0,0,0,0,2
10028,michaeljackson,,3,0,3,3,0,3,0,0,0,0,6
10029,LiamPayne,,3,0,3,3,0,3,0,0,0,0,0
10030,IslandRecords,,2,0,2,2,0,2,0,0,0,0,2
10031,enriqueiglesias,,3,0,3,3,0,3,0,0,0,0,2
10032,TheEllenShow,,4,0,4,4,0,4,0,0,0,0,2
10033,Disney,,3,0,3,3,0,3,0,0,0,0,2
10034,NiallOfficial,,3,0,3,3,0,3,0,0,0,0,6
10035,RyanSeacrest,,3,0,3,3,0,3,0,0,0,0,2
10036,VanessaHudgens,,2,0,2,2,0,2,0,0,0,0,2
10037,AshBenzo,,3,0,3,3,0,3,0,0,0,0,5
10041,VictoriasSecret,,3,0,3,3,0,3,0,0,0,0,2
10042,dylansprouse,,2,0,2,2,0,2,0,0,0,0,2
10043,colesprouse,,2,0,2,2,0,2,0,0,0,0,2
10044,tumblr,,3,0,3,3,0,3,0,0,0,0,7
10045,FattiCuriosi,,2,0,2,2,0,2,0,0,0,0,2
10049,ChiaraFerragni,,3,0,3,3,0,3,0,0,0,0,3
10052,ShawnMendes,,3,0,3,3,0,3,0,0,0,0,5
10053,Caradelevingne,,3,0,3,3,0,3,0,0,0,0,1
10054,camerondallas,,2,0,2,2,0,2,0,0,0,0,2
10055,marianodivaio,,2,0,2,2,0,2,0,0,0,0,5
10056,KylieJenner,,4,0,4,4,0,4,0,0,0,0,2
10057,KendallJenner,,4,0,4,4,0,4,0,0,0,0,2
10058,TicketOneIT,,2,0,2,2,0,2,0,0,0,0,2
10060,kanyewest,,3,0,3,3,0,3,0,0,0,0,5
10061,BrunoMars,,3,0,3,3,0,3,0,0,0,0,2
10062,katyperry,,5,0,5,5,0,5,0,0,0,0,0
10063,ArianaGrande,,5,0,5,5,0,5,0,0,0,0,2
10064,justinbieber,,6,0,6,6,0,6,0,0,0,0,7
10065,onedirection,,3,0,3,3,0,3,0,0,0,0,2
10066,rihanna,,6,0,6,6,0,6,0,0,0,0,2
10067,ddlovato,,4,0,4,4,0,4,0,0,0,0,0
10073,sognivendolo,,2,0,2,2,0,2,0,0,0,0,2
10074,michele_bravi,,3,0,3,3,0,3,0,0,0,0,3
10075,radiodeejay,,3,0,3,3,0,3,0,0,0,0,3
10076,HuffPostItalia,,3,0,3,3,0,3,0,0,0,0,2
10077,LucaBizzarri,,3,0,3,3,0,3,0,0,0,0,3
10078,alecattelan,,3,0,3,3,0,3,0,0,0,0,2
10079,Dio,,3,0,3,3,0,3,0,0,0,0,3
10080,lorenzojova,,3,0,3,3,0,3,0,0,0,0,2
10081,mattinodipadova,,2,0,2,2,0,2,0,0,0,0,3
10087,golesendir_,,2,0,2,2,0,2,0,0,0,0,2
10091,OIZuluaga,,2,0,2,2,0,2,0,0,0,0,2
10092,mluciaramirez,,2,0,2,2,0,2,0,0,0,0,2
10094,IvanDuque,,2,0,2,2,0,2,0,0,0,0,2
10095,Huawei_Europe,,3,0,3,3,0,3,0,0,0,0,2
10096,MininterPeru,,2,0,2,2,0,2,0,0,0,0,2
10098,Apple,,2,0,2,2,0,2,0,0,0,0,0
10100,HDF_ESPN,,3,0,3,3,0,3,0,0,0,0,0
10105,SectorMovilidad,,2,0,2,2,0,2,0,0,0,0,4
10107,Bogota,,2,0,2,2,0,2,0,0,0,0,2
10108,EnvigadoFC,,2,0,2,2,0,2,0,0,0,0,0
10115,LaRoja,,3,0,3,3,0,3,0,0,0,0,2
10117,ESPNChile,,2,0,2,2,0,2,0,0,0,0,2
10118,ANFPChile,,3,0,3,3,0,3,0,0,0,0,2
10120,CDF_cl,,3,0,3,3,0,3,0,0,0,0,2
10121,PorscheRaces,,2,0,2,2,0,2,0,0,0,0,2
10122,Wimbledon,,3,0,3,3,0,3,0,0,0,0,2
10123,MLB,,2,0,2,2,0,2,0,0,0,0,2
10130,ESPNDeportes,,3,0,3,3,0,3,0,0,0,0,0
10132,caroguillenTV,,2,0,2,2,0,2,0,0,0,0,2
10145,NTN24,,3,0,3,3,0,3,0,0,0,0,2
10147,AsambleaVE,,2,0,2,2,0,2,0,0,0,0,2
10148,VTVcanal8,,3,0,3,3,0,3,0,0,0,0,2
10149,rctv,,3,0,3,3,0,3,0,0,0,0,2
10151,MineduPeru,,2,0,2,2,0,2,0,0,0,0,2
10152,FiscaliaPeru,,3,0,3,3,0,3,0,0,0,0,2
10153,pcmperu,,3,0,3,3,0,3,0,0,0,0,2
10155,atvpe,,2,0,2,2,0,2,0,0,0,0,2
10157,NBA,,4,0,4,4,0,4,0,0,0,0,5
10158,CNNEE,,5,0,5,5,0,5,0,0,0,0,2
10159,SilvestreFDC,,2,0,2,2,0,2,0,0,0,0,2
10160,petrogustavo,,2,0,2,2,0,2,0,0,0,0,2
10161,serenawilliams,,3,0,3,3,0,3,0,0,0,0,3
10162,atptour,,3,0,3,3,0,3,0,0,0,0,2
10164,SportsCenter_nt,,3,0,3,3,0,3,0,0,0,0,0
10165,ESPNtenis,,3,0,3,3,0,3,0,0,0,0,5
10170,HollywoodBowl,,2,0,2,2,0,2,0,0,0,0,2
10173,Cinepolis,,3,0,3,3,0,3,0,0,0,0,2
10175,TNTLA,,3,0,3,3,0,3,0,0,0,0,2
10176,DiscoveryHH,,2,0,2,2,0,2,0,0,0,0,2
10179,ESPN_FDJ,,3,0,3,3,0,3,0,0,0,0,2
10180,elchiringuitotv,,3,0,3,3,0,3,0,0,0,0,2
10181,sport,,3,0,3,3,0,3,0,0,0,0,2
10182,AS_Futbol,,3,0,3,3,0,3,0,0,0,0,2
10183,diarioas,,3,0,3,3,0,3,0,0,0,0,2
10184,2010MisterChip,,4,0,4,4,0,4,0,0,0,0,5
10185,larepublica_pe,,2,0,2,2,0,2,0,0,0,0,2
10186,juanes,,3,0,3,3,0,3,0,0,0,0,2
10187,julietav,,3,0,3,3,0,3,0,0,0,0,0
10188,ComandoSB,,2,0,2,2,0,2,0,0,0,0,2
10189,leopoldolopez,,3,0,3,3,0,3,0,0,0,0,2
10190,hcapriles,,3,0,3,3,0,3,0,0,0,0,2
10194,jguaido,,3,0,3,3,0,3,0,0,0,0,2
10196,Caracas_FC,,2,0,2,2,0,2,0,0,0,0,0
10197,SeleVinotinto,,2,0,2,2,0,2,0,0,0,0,2
10198,FVF_Oficial,,2,0,2,2,0,2,0,0,0,0,2
10200,noticierovv,,4,0,4,4,0,4,0,0,0,0,2
10201,UNoticias,,3,0,3,3,0,3,0,0,0,0,4
10203,LVBP_Oficial,,2,0,2,2,0,2,0,0,0,0,2
10204,MeridianoTV,,3,0,3,3,0,3,0,0,0,0,2
10205,ElUniversal,,4,0,4,4,0,4,0,0,0,0,2
10206,globovision,,3,0,3,3,0,3,0,0,0,0,2
10207,DolarToday,,3,0,3,3,0,3,0,0,0,0,2
10208,la_patilla,,3,0,3,3,0,3,0,0,0,0,2
10209,RunRunesWeb,,2,0,2,2,0,2,0,0,0,0,2
10210,CaraotaDigital,,4,0,4,4,0,4,0,0,0,0,2
10211,NTN24ve,,3,0,3,3,0,3,0,0,0,0,2
10215,elpaiscali,,2,0,2,2,0,2,0,0,0,0,0
10216,ElUniversalCtg,,2,0,2,2,0,2,0,0,0,0,2
10217,elheraldoco,,2,0,2,2,0,2,0,0,0,0,2
10221,GolCaracol,,2,0,2,2,0,2,0,0,0,0,2
10223,NoticiasCaracol,,3,0,3,3,0,3,0,0,0,0,2
10224,Telemedellin,,2,0,2,2,0,2,0,0,0,0,2
10225,Teleantioquia,,2,0,2,2,0,2,0,0,0,0,2
10226,elcolombiano,,2,0,2,2,0,2,0,0,0,0,2
10228,NoticiasUno,,3,0,3,3,0,3,0,0,0,0,2
10229,BluRadioCo,,2,0,2,2,0,2,0,0,0,0,2
10230,lafm,,3,0,3,3,0,3,0,0,0,0,0
10231,NoticiasRCN,,3,0,3,3,0,3,0,0,0,0,2
10232,rcnradio,,2,0,2,2,0,2,0,0,0,0,2
10233,CaracolRadio,,3,0,3,3,0,3,0,0,0,0,2
10234,WRadioColombia,,3,0,3,3,0,3,0,0,0,0,2
10235,RevistaSemana,,3,0,3,3,0,3,0,0,0,0,2
10236,elespectador,,3,0,3,3,0,3,0,0,0,0,2
10237,ELTIEMPO,,3,0,3,3,0,3,0,0,0,0,2
10238,Citytv,,2,0,2,2,0,2,0,0,0,0,2
10239,giraltpablo,,2,0,2,2,0,2,0,0,0,0,2
10243,DIRECTVSports,,2,0,2,2,0,2,0,0,0,0,2
10245,Sudamericana,,2,0,2,2,0,2,0,0,0,0,2
10246,Libertadores,,2,0,2,2,0,2,0,0,0,0,2
10247,CONMEBOL,,2,0,2,2,0,2,0,0,0,0,2
10249,Argentina,,3,0,3,3,0,3,0,0,0,0,2
10251,RiverPlate,,2,0,2,2,0,2,0,0,0,0,2
10252,premierleague,,3,0,3,3,0,3,0,0,0,0,6
10253,jamesdrodriguez,,4,0,4,4,0,4,0,0,0,0,8
10254,FALCAO,,3,0,3,3,0,3,0,0,0,0,2
10255,FCFSeleccionCol,,2,0,2,2,0,2,0,0,0,0,2
10258,higuitarene,,2,0,2,2,0,2,0,0,0,0,2
10263,titopuccettic,,2,0,2,2,0,2,0,0,0,0,2
10265,BD_ESPN,,2,0,2,2,0,2,0,0,0,0,2
10266,La12tuittera,,3,0,3,3,0,3,0,0,0,0,2
10267,PlanetaBoca,,2,0,2,2,0,2,0,0,0,0,2
10268,BocaJrsOficial,,3,0,3,3,0,3,0,0,0,0,2
10269,DiarioOle,,3,0,3,3,0,3,0,0,0,0,2
10270,TyCSports,,2,0,2,2,0,2,0,0,0,0,2
10271,ESPNFutbolClub,,3,0,3,3,0,3,0,0,0,0,0
10272,ESPNArgentina,,2,0,2,2,0,2,0,0,0,0,2
10273,SC_ESPN,,2,0,2,2,0,2,0,0,0,0,2
10292,brenzambranoc,,2,0,2,2,0,2,0,0,0,0,0
10296,BernieSanders,,3,0,3,3,0,3,0,0,0,0,2
10297,POTUS,,3,0,3,3,0,3,0,0,0,0,8
10299,Lactoflora,,2,0,2,2,0,2,0,0,0,0,1
10302,alejandramatus,,3,0,3,3,0,3,0,0,0,0,2
10313,Alemaniaparati,,2,0,2,2,0,2,0,0,0,0,1
10319,sesnaola,,2,0,2,2,0,2,0,0,0,0,2
10320,cbellolio,,2,0,2,2,0,2,0,0,0,0,2
10321,vidalvocero,,2,0,2,2,0,2,0,0,0,0,2
10322,mirnaschindler,,3,0,3,3,0,3,0,0,0,0,2
10323,izkia,,3,0,3,3,0,3,0,0,0,0,2
10334,PrimeVideoLat,,2,0,2,2,0,2,0,0,0,0,2
10336,RTultimahora,,2,0,2,2,0,2,0,0,0,0,2
10338,acaniulef,,2,0,2,2,0,2,0,0,0,0,2
10346,eldesconcierto,,2,0,2,2,0,2,0,0,0,0,2
10348,CoronavirusESP,,3,0,3,3,0,3,0,0,0,0,2
10349,LosJaivas_Chile,,2,0,2,2,0,2,0,0,0,0,2
10350,lafundacionsol,,2,0,2,2,0,2,0,0,0,0,2
10351,fernando_atria,,2,0,2,2,0,2,0,0,0,0,2
10352,LuisMesina1,,2,0,2,2,0,2,0,0,0,0,2
10353,JorgeSharp,,3,0,3,3,0,3,0,0,0,0,2
10355,ESNKalmar,,8,0,8,8,0,8,0,0,0,0,1
10356,TodosPescamos,,2,0,2,2,0,2,0,0,0,0,2
10364,CinetecaChile,,2,0,2,2,0,2,0,0,0,0,2
10366,soycamioficial,,2,0,2,2,0,2,0,0,0,0,2
10368,anatijoux,,2,0,2,2,0,2,0,0,0,0,2
10370,MauricioTapiaR,,2,0,2,2,0,2,0,0,0,0,2
10371,Jaime_Bassa,,2,0,2,2,0,2,0,0,0,0,2
10372,JamesHamiltonCL,,2,0,2,2,0,2,0,0,0,0,2
10373,obsDDHHcl,,2,0,2,2,0,2,0,0,0,0,2
10374,defensorianinez,,2,0,2,2,0,2,0,0,0,0,2
10376,inddhh,,2,0,2,2,0,2,0,0,0,0,2
10377,amnistiachile,,2,0,2,2,0,2,0,0,0,0,2
10379,alb0black,,2,0,2,2,0,2,0,0,0,0,2
10380,Carabdechile,,3,0,3,3,0,3,0,0,0,0,2
10382,ALERTADESISMO,,2,0,2,2,0,2,0,0,0,0,2
10392,MoutaiGlobal,,2,0,2,2,0,2,0,0,0,0,2
10396,savkapollak,,2,0,2,2,0,2,0,0,0,0,2
10405,Alvaro_Escobar_,,2,0,2,2,0,2,0,0,0,0,2
10408,elliberocl,,2,0,2,2,0,2,0,0,0,0,2
10409,ElMercurio_cl,,2,0,2,2,0,2,0,0,0,0,2
10410,lun,,2,0,2,2,0,2,0,0,0,0,2
10411,La_Segunda,,2,0,2,2,0,2,0,0,0,0,2
10412,DiarioLaHora,,2,0,2,2,0,2,0,0,0,0,2
10413,RadioPortales,,2,0,2,2,0,2,0,0,0,0,2
10416,AnaMariaGazmuri,,2,0,2,2,0,2,0,0,0,0,2
10417,Rayenaraya,,2,0,2,2,0,2,0,0,0,0,2
10418,Ifranzani,,3,0,3,3,0,3,0,0,0,0,2
10419,Leonorvarela,,2,0,2,2,0,2,0,0,0,0,2
10421,wokitoki,,2,0,2,2,0,2,0,0,0,0,2
10424,ReporteYa,,3,0,3,3,0,3,0,0,0,0,0
10425,CinexVe,,3,0,3,3,0,3,0,0,0,0,4
10427,radiolaclave,,2,0,2,2,0,2,0,0,0,0,2
10428,ElNacionalWeb,,3,0,3,3,0,3,0,0,0,0,0
10429,CinesUnidos,,2,0,2,2,0,2,0,0,0,0,4
10431,danieljadue,,2,0,2,2,0,2,0,0,0,0,2
10432,baradit,,2,0,2,2,0,2,0,0,0,0,2
10435,subelaradio,,3,0,3,3,0,3,0,0,0,0,2
10436,ValdebenitoNata,,2,0,2,2,0,2,0,0,0,0,2
10452,chinaorgcn,,3,0,3,3,0,3,0,0,0,0,1
10453,Autop_Aconcagua,,2,0,2,2,0,2,0,0,0,0,2
10457,LATAM_CHI,,3,0,3,3,0,3,0,0,0,0,2
10458,TTISantiago,,2,0,2,2,0,2,0,0,0,0,2
10459,radiocarab,,2,0,2,2,0,2,0,0,0,0,2
10470,PDChina,,3,0,3,3,0,3,0,0,0,0,1
10475,derechouc,,2,0,2,2,0,2,0,0,0,0,2
10478,ucatolica,,3,0,3,3,0,3,0,0,0,0,8
10482,uchile,,3,0,3,3,0,3,0,0,0,0,2
10489,colmedchile,,2,0,2,2,0,2,0,0,0,0,2
10491,DrEnriqueParis,,2,0,2,2,0,2,0,0,0,0,2
10495,cepchile,,2,0,2,2,0,2,0,0,0,0,2
10501,alumniunab,,2,0,2,2,0,2,0,0,0,0,0
10504,PoliticayRS,,2,0,2,2,0,2,0,0,0,0,2
10505,MarcoMorenoP,,2,0,2,2,0,2,0,0,0,0,2
10506,Ucen,,3,0,3,3,0,3,0,0,0,0,2
10510,carolinagutierr,,2,0,2,2,0,2,0,0,0,0,2
10513,Vikingeli,,2,0,2,2,0,2,0,0,0,0,2
10514,PirinchoCarcamo,,2,0,2,2,0,2,0,0,0,0,0
10517,lollapaloozacl,,2,0,2,2,0,2,0,0,0,0,2
10568,alfombraroja_13,,2,0,2,2,0,2,0,0,0,0,2
10569,Nakagol,,2,0,2,2,0,2,0,0,0,0,2
10571,_FALOON_,,2,0,2,2,0,2,0,0,0,0,2
10572,carlitajara,,2,0,2,2,0,2,0,0,0,0,0
10573,franciniamaral,,2,0,2,2,0,2,0,0,0,0,2
10584,HolaChileLaRed,,2,0,2,2,0,2,0,0,0,0,2
10586,MMarocchino,,2,0,2,2,0,2,0,0,0,0,2
10590,domigallego,,2,0,2,2,0,2,0,0,0,0,2
10591,joche_bibbo,,2,0,2,2,0,2,0,0,0,0,2
10594,andresbaile,,2,0,2,2,0,2,0,0,0,0,2
10597,sanlorenzo15028,,2,0,2,2,0,2,0,0,0,0,2
10598,andreslongton,,2,0,2,2,0,2,0,0,0,0,2
10599,wilmagonzalez,,2,0,2,2,0,2,0,0,0,0,2
10600,mariana_marino,,2,0,2,2,0,2,0,0,0,0,2
10603,fuentesilva,,2,0,2,2,0,2,0,0,0,0,2
10604,danielexhuevo,,2,0,2,2,0,2,0,0,0,0,2
10608,evagomezs,,2,0,2,2,0,2,0,0,0,0,2
10616,info_emergencia,,2,0,2,2,0,2,0,0,0,0,2
10617,BomberosdeChile,,2,0,2,2,0,2,0,0,0,0,2
10618,conaf_minagri,,2,0,2,2,0,2,0,0,0,0,2
10619,voceriagobierno,,2,0,2,2,0,2,0,0,0,0,2
10623,Mineduc,,3,0,3,3,0,3,0,0,0,0,2
10624,culturas_cl,,2,0,2,2,0,2,0,0,0,0,1
10626,todalaculturacl,,2,0,2,2,0,2,0,0,0,0,2
10648,desbordes,,2,0,2,2,0,2,0,0,0,0,2
10650,MarceSabat,,3,0,3,3,0,3,0,0,0,0,2
10656,ACCIONA,,3,0,3,3,0,3,0,0,0,0,4
10669,Cacerolachilena,,2,0,2,2,0,2,0,0,0,0,2
10670,Izquierda_Tuit,,2,0,2,2,0,2,0,0,0,0,2
10671,Sr_Ballesteros,,2,0,2,2,0,2,0,0,0,0,2
10688,ErnestoSilvaM,,2,0,2,2,0,2,0,0,0,0,2
10697,EmcoChile,,2,0,2,2,0,2,0,0,0,0,2
10698,FACh_Chile,,2,0,2,2,0,2,0,0,0,0,2
10699,Armada_Chile,,2,0,2,2,0,2,0,0,0,0,2
10700,Ejercito_Chile,,2,0,2,2,0,2,0,0,0,0,2
10701,PDI_CHILE,,2,0,2,2,0,2,0,0,0,0,2
10704,lgolborne,,2,0,2,2,0,2,0,0,0,0,2
10705,jmanalich,,3,0,3,3,0,3,0,0,0,0,2
10707,ceciliamorel,,2,0,2,2,0,2,0,0,0,0,2
10710,cmonckeberg,,2,0,2,2,0,2,0,0,0,0,2
10711,RNchile,,2,0,2,2,0,2,0,0,0,0,2
10713,RegCivil_Chile,,2,0,2,2,0,2,0,0,0,0,2
10714,ivanmoreirab,,2,0,2,2,0,2,0,0,0,0,2
10715,ServelChile,,2,0,2,2,0,2,0,0,0,0,2
10717,evelynmatthei,,2,0,2,2,0,2,0,0,0,0,2
10726,thisisChile,,2,0,2,2,0,2,0,0,0,0,2
10732,reddeemergencia,,3,0,3,3,0,3,0,0,0,0,2
10740,IntendenciaRM,,2,0,2,2,0,2,0,0,0,0,2
10743,Chilexpress,,2,0,2,2,0,2,0,0,0,0,2
10745,correoschile,,2,0,2,2,0,2,0,0,0,0,2
10746,tiendas_paris,,2,0,2,2,0,2,0,0,0,0,7
10751,MallplazaCL,,2,0,2,2,0,2,0,0,0,0,2
10757,CinemarkChile,,3,0,3,3,0,3,0,0,0,0,2
10758,santanderchile,,2,0,2,2,0,2,0,0,0,0,2
10761,MasterCardCL,,2,0,2,2,0,2,0,0,0,0,2
10766,FalabellaAyuda,,3,0,3,3,0,3,0,0,0,0,2
10788,Su_Hidalgo,,2,0,2,2,0,2,0,0,0,0,2
10793,hectormorals,,3,0,3,3,0,3,0,0,0,0,2
10796,LORETOARAVENA,,2,0,2,2,0,2,0,0,0,0,2
10797,ferurre,,2,0,2,2,0,2,0,0,0,0,2
10804,Hugo_Gutierrez_,,2,0,2,2,0,2,0,0,0,0,2
10805,gteillier,,2,0,2,2,0,2,0,0,0,0,2
10808,iallendebussi,,2,0,2,2,0,2,0,0,0,0,2
10809,senadornavarro,,2,0,2,2,0,2,0,0,0,0,2
10810,guidogirardi,,2,0,2,2,0,2,0,0,0,0,2
10811,solebacarreza,,2,0,2,2,0,2,0,0,0,0,2
10812,FulvioRossiC,,2,0,2,2,0,2,0,0,0,0,2
10813,tomasgonzalez1,,3,0,3,3,0,3,0,0,0,0,2
10814,fergonzalezel,,2,0,2,2,0,2,0,0,0,0,2
10815,Carolina_Toha,,2,0,2,2,0,2,0,0,0,0,2
10816,lagosweber,,2,0,2,2,0,2,0,0,0,0,2
10818,felipeharboe,,2,0,2,2,0,2,0,0,0,0,2
10820,MarceloRios75,,2,0,2,2,0,2,0,0,0,0,2
10825,Prada,,3,0,3,3,0,3,0,0,0,0,3
10841,Antarcticacl,,2,0,2,2,0,2,0,0,0,0,2
10855,redbullracing,,3,0,3,3,0,3,0,0,0,0,0
10862,Teleton,,3,0,3,3,0,3,0,0,0,0,2
10865,vale_ortega,,2,0,2,2,0,2,0,0,0,0,2
10874,Albirroja,,2,0,2,2,0,2,0,0,0,0,2
10875,ElDeportivoLT,,2,0,2,2,0,2,0,0,0,0,2
10876,Emol_Deportes,,2,0,2,2,0,2,0,0,0,0,2
10877,ElGraficoChile,,2,0,2,2,0,2,0,0,0,0,2
10879,WaldeMendez,,2,0,2,2,0,2,0,0,0,0,2
10882,paulofloresgol,,2,0,2,2,0,2,0,0,0,0,2
10891,RadioDuna,,2,0,2,2,0,2,0,0,0,0,2
10892,AgriculturaFM,,2,0,2,2,0,2,0,0,0,0,2
10898,PamJiles,,3,0,3,3,0,3,0,0,0,0,2
10902,MarceloDiazAlm,,2,0,2,2,0,2,0,0,0,0,2
10903,ManuelDTP,,2,0,2,2,0,2,0,0,0,0,0
10904,FernandoAgustin,,2,0,2,2,0,2,0,0,0,0,2
10905,rodrigosepu,,2,0,2,2,0,2,0,0,0,0,2
10907,panchosagredo,,2,0,2,2,0,2,0,0,0,0,2
10908,gustavohuerta,,2,0,2,2,0,2,0,0,0,0,2
10909,pautalibrelared,,2,0,2,2,0,2,0,0,0,0,2
10911,LaRedTV,,2,0,2,2,0,2,0,0,0,0,2
10912,patricionavia,,2,0,2,2,0,2,0,0,0,0,2
10913,VivirBienLaRed,,2,0,2,2,0,2,0,0,0,0,2
10914,CarlosZarateV,,3,0,3,3,0,3,0,0,0,0,2
10915,labeasanchez,,2,0,2,2,0,2,0,0,0,0,2
10923,SacramentoKings,,2,0,2,2,0,2,0,0,0,0,2
10924,TwitterMktg,,3,0,3,3,0,3,0,0,0,0,3
10925,TwitterTV,,4,0,4,4,0,4,0,0,0,0,3
10926,TwitterLive,,3,0,3,3,0,3,0,0,0,0,0
10927,TwitterAPI,,3,0,3,3,0,3,0,0,0,0,3
10928,TwitterSafety,,3,0,3,3,0,3,0,0,0,0,0
10929,TwitterSupport,,4,0,4,4,0,4,0,0,0,0,1
10930,Android,,3,0,3,3,0,3,0,0,0,0,7
10931,GooglePlay,,3,0,3,3,0,3,0,0,0,0,2
10932,iTunes,,3,0,3,3,0,3,0,0,0,0,7
10933,AppleMusic,,3,0,3,3,0,3,0,0,0,0,4
10934,cavs,,2,0,2,2,0,2,0,0,0,0,2
10935,warriors,,3,0,3,3,0,3,0,0,0,0,2
10936,StephenCurry30,,3,0,3,3,0,3,0,0,0,0,2
10937,kobebryant,,3,0,3,3,0,3,0,0,0,0,2
10938,Lakers,,2,0,2,2,0,2,0,0,0,0,0
10939,RealLamarOdom,,2,0,2,2,0,2,0,0,0,0,2
10940,ScottDisick,,3,0,3,3,0,3,0,0,0,0,2
10941,robkardashian,,2,0,2,2,0,2,0,0,0,0,0
10942,KrisJenner,,3,0,3,3,0,3,0,0,0,0,2
10943,KDTrey5,,4,0,4,4,0,4,0,0,0,0,2
10944,KingJames,,3,0,3,3,0,3,0,0,0,0,1
10945,NFL,,2,0,2,2,0,2,0,0,0,0,1
10946,espn,,3,0,3,3,0,3,0,0,0,0,1
10947,SportsCenter,,3,0,3,3,0,3,0,0,0,0,1
10950,khloekardashian,,3,0,3,3,0,3,0,0,0,0,2
10951,jimmyfallon,,3,0,3,3,0,3,0,0,0,0,0
10952,britneyspears,,3,0,3,3,0,3,0,0,0,0,7
10953,timesofindia,,2,0,2,2,0,2,0,0,0,0,1
10954,TwitterSports,,3,0,3,3,0,3,0,0,0,0,2
10955,TwitterIndia,,2,0,2,2,0,2,0,0,0,0,2
10956,TwitterBrasil,,3,0,3,3,0,3,0,0,0,0,2
10957,TwitterAU,,2,0,2,2,0,2,0,0,0,0,2
10958,Australia,,3,0,3,3,0,3,0,0,0,0,6
10964,woodyinho,,3,0,3,3,0,3,0,0,0,0,3
10965,Manuel_Neuer,,3,0,3,3,0,3,0,0,0,0,2
10967,juanmemol,,2,0,2,2,0,2,0,0,0,0,6
10968,CICR_es,,2,0,2,2,0,2,0,0,0,0,0
10971,Artenorte,,2,0,2,2,0,2,0,0,0,0,2
10973,guillier,,2,0,2,2,0,2,0,0,0,0,2
10974,AlbertoMayol,,2,0,2,2,0,2,0,0,0,0,2
10976,mjossandon,,3,0,3,3,0,3,0,0,0,0,2
10980,mentiraslared,,2,0,2,2,0,2,0,0,0,0,2
10981,tjholt,,2,0,2,2,0,2,0,0,0,0,2
10982,RoxanaEsPueblo,,2,0,2,2,0,2,0,0,0,0,2
10983,AlfredoSfeirY,,2,0,2,2,0,2,0,0,0,0,2
10984,marcelclaude,,2,0,2,2,0,2,0,0,0,0,2
10985,Fr_parisi,,3,0,3,3,0,3,0,0,0,0,2
10986,marcoporchile,,2,0,2,2,0,2,0,0,0,0,2
10987,AndresVelasco,,2,0,2,2,0,2,0,0,0,0,2
10988,Orrego,,2,0,2,2,0,2,0,0,0,0,2
10990,soledadalvear,,2,0,2,2,0,2,0,0,0,0,2
10991,ignaciowalker,,2,0,2,2,0,2,0,0,0,0,2
10992,patriciowalker,,2,0,2,2,0,2,0,0,0,0,2
10993,tv_christian,,2,0,2,2,0,2,0,0,0,0,2
10996,Lafrangh,,2,0,2,2,0,2,0,0,0,0,2
10998,albertoespina,,2,0,2,2,0,2,0,0,0,0,2
10999,chahuan,,2,0,2,2,0,2,0,0,0,0,2
11000,lilyperez,,2,0,2,2,0,2,0,0,0,0,2
11003,christianpino,,2,0,2,2,0,2,0,0,0,0,2
11004,lcruzcoke,,2,0,2,2,0,2,0,0,0,0,2
11005,felipekast,,3,0,3,3,0,3,0,0,0,0,2
11006,enavonbaer,,2,0,2,2,0,2,0,0,0,0,2
11009,PanchaMerino1,,3,0,3,3,0,3,0,0,0,0,2
11011,RafaAraneda,,2,0,2,2,0,2,0,0,0,0,2
11012,StefanKramerS,,2,0,2,2,0,2,0,0,0,0,2
11013,sergiofraude,,2,0,2,2,0,2,0,0,0,0,2
11015,copano,,2,0,2,2,0,2,0,0,0,0,2
11016,tv_monica,,3,0,3,3,0,3,0,0,0,0,2
11017,sebastianpinera,,3,0,3,3,0,3,0,0,0,0,2
11018,CHVNoticias,,3,0,3,3,0,3,0,0,0,0,2
11019,matiasdelrio,,2,0,2,2,0,2,0,0,0,0,2
11020,jumastorga,,3,0,3,3,0,3,0,0,0,0,2
11021,gonzaloramirex,,2,0,2,2,0,2,0,0,0,0,2
11022,MyriamHN,,2,0,2,2,0,2,0,0,0,0,2
11025,Cata_Edwards,,2,0,2,2,0,2,0,0,0,0,2
11026,jananeme,,2,0,2,2,0,2,0,0,0,0,2
11027,AndreaAristegui,,2,0,2,2,0,2,0,0,0,0,2
11028,ramirez_polo,,2,0,2,2,0,2,0,0,0,0,2
11029,mxperez,,2,0,2,2,0,2,0,0,0,0,2
11030,alvarez_monse,,2,0,2,2,0,2,0,0,0,0,2
11031,tv_Amaro,,2,0,2,2,0,2,0,0,0,0,2
11032,consuelosaav,,2,0,2,2,0,2,0,0,0,0,2
11033,tv_mauricio,,3,0,3,3,0,3,0,0,0,0,2
11034,SoledadOnetto,,3,0,3,3,0,3,0,0,0,0,2
11035,carolaurrejola,,3,0,3,3,0,3,0,0,0,0,2
11036,DMatamala,,3,0,3,3,0,3,0,0,0,0,2
11041,pamelafiera,,3,0,3,3,0,3,0,0,0,0,2
11042,Bienvenidos13,,2,0,2,2,0,2,0,0,0,0,2
11043,franciscamusic,,3,0,3,3,0,3,0,0,0,0,2
11044,nicolemusica,,2,0,2,2,0,2,0,0,0,0,2
11045,sergiolagos,,2,0,2,2,0,2,0,0,0,0,2
11046,diana_bolocco,,2,0,2,2,0,2,0,0,0,0,2
11047,rubionatural,,3,0,3,3,0,3,0,0,0,0,2
11048,danielstingo,,2,0,2,2,0,2,0,0,0,0,2
11049,TonkaTP,,2,0,2,2,0,2,0,0,0,0,2
11052,Karol_LuceroV,,2,0,2,2,0,2,0,0,0,0,2
11056,RipleyChile,,2,0,2,2,0,2,0,0,0,0,2
11057,subtel_chile,,2,0,2,2,0,2,0,0,0,0,2
11058,SERNAC,,3,0,3,3,0,3,0,0,0,0,2
11064,Entiendelas,,3,0,3,3,0,3,0,0,0,0,2
11067,MasterChef_es,,3,0,3,3,0,3,0,0,0,0,0
11073,MovistarChile,,3,0,3,3,0,3,0,0,0,0,2
11080,Farmappchile,,2,0,2,2,0,2,0,0,0,0,2
11086,Mega,,2,0,2,2,0,2,0,0,0,0,2
11092,Brockmanewz,,2,0,2,2,0,2,0,0,0,0,2
11095,gabrielboric,,2,0,2,2,0,2,0,0,0,0,2
11096,mbachelet,,3,0,3,3,0,3,0,0,0,0,1
11097,hrw_espanol,,3,0,3,3,0,3,0,0,0,0,2
11098,EnriqueVasquez,,3,0,3,3,0,3,0,0,0,0,2
11099,Declaracion,,3,0,3,3,0,3,0,0,0,0,2
11100,YoEstoyEnMadrid,,2,0,2,2,0,2,0,0,0,0,2
11101,UNESCO_es,,3,0,3,3,0,3,0,0,0,0,0
11106,pnud,,3,0,3,3,0,3,0,0,0,0,4
11107,FMInoticias,,2,0,2,2,0,2,0,0,0,0,1
11109,el_BID,,3,0,3,3,0,3,0,0,0,0,4
11110,BancoMundial,,3,0,3,3,0,3,0,0,0,0,4
11111,cepal_onu,,3,0,3,3,0,3,0,0,0,0,4
11112,ThinkGoogleLA,,2,0,2,2,0,2,0,0,0,0,4
11113,Alucine_es,,2,0,2,2,0,2,0,0,0,0,6
11118,anquinteros,,2,0,2,2,0,2,0,0,0,0,2
11119,PalabrasConAmor,,2,0,2,2,0,2,0,0,0,0,2
11120,UnDiaSupeQue,,3,0,3,3,0,3,0,0,0,0,2
11121,canal_chile,,2,0,2,2,0,2,0,0,0,0,2
11122,EnferPostureo,,2,0,2,2,0,2,0,0,0,0,6
11125,entel_ayuda,,3,0,3,3,0,3,0,0,0,0,2
11127,entel,,2,0,2,2,0,2,0,0,0,0,2
11129,ENFERMERIAGRR,,2,0,2,2,0,2,0,0,0,0,6
11131,comeconsalud,,3,0,3,3,0,3,0,0,0,0,4
11134,soyenfermera,,2,0,2,2,0,2,0,0,0,0,6
11135,enfermeratweet,,2,0,2,2,0,2,0,0,0,0,6
11138,mop_chile,,2,0,2,2,0,2,0,0,0,0,2
11139,Camara_cl,,2,0,2,2,0,2,0,0,0,0,2
11142,FiscaliadeChile,,2,0,2,2,0,2,0,0,0,0,2
11143,Senado_Chile,,2,0,2,2,0,2,0,0,0,0,2
11146,RossAndrew,,2,0,2,2,0,2,0,0,0,0,2
11147,bdelamaza,,2,0,2,2,0,2,0,0,0,0,2
11148,PJudicialChile,,2,0,2,2,0,2,0,0,0,0,2
11150,MinjuDDHH,,2,0,2,2,0,2,0,0,0,0,2
11160,min_interior,,2,0,2,2,0,2,0,0,0,0,2
11163,LindosMsjs,,3,0,3,3,0,3,0,0,0,0,2
11164,EresChiste,,3,0,3,3,0,3,0,0,0,0,2
11165,FraseSimple,,3,0,3,3,0,3,0,0,0,0,6
11172,osoriochong,,2,0,2,2,0,2,0,0,0,0,2
11173,CorteIDH,,4,0,4,4,0,4,0,0,0,0,4
11174,EPN,,3,0,3,3,0,3,0,0,0,0,4
11175,congresoperu,,2,0,2,2,0,2,0,0,0,0,2
11176,CIDH,,3,0,3,3,0,3,0,0,0,0,0
11177,ONU_derechos,,4,0,4,4,0,4,0,0,0,0,4
11178,OEA_oficial,,3,0,3,3,0,3,0,0,0,0,0
11179,USAenEspanol,,3,0,3,3,0,3,0,0,0,0,0
11180,presidenciaperu,,3,0,3,3,0,3,0,0,0,0,2
11181,PresidenciaMX,,3,0,3,3,0,3,0,0,0,0,0
11182,LaCasaBlanca44,,2,0,2,2,0,2,0,0,0,0,0
11183,LaCasaBlanca,,2,0,2,2,0,2,0,0,0,0,0
11184,USAGovEspanol,,2,0,2,2,0,2,0,0,0,0,2
11185,Sename_gobierno,,2,0,2,2,0,2,0,0,0,0,2
11187,thecliniccl,,2,0,2,2,0,2,0,0,0,0,2
11188,el_dinamo,,2,0,2,2,0,2,0,0,0,0,2
11189,ciper,,2,0,2,2,0,2,0,0,0,0,2
11190,jurgensenr,,2,0,2,2,0,2,0,0,0,0,2
11192,elmostrador,,3,0,3,3,0,3,0,0,0,0,2
11225,fernandopaulsen,,2,0,2,2,0,2,0,0,0,0,2
11228,chileufos,,2,0,2,2,0,2,0,0,0,0,6
11233,lasultimas,,3,0,3,3,0,3,0,0,0,0,2
11234,holachaochile,,3,0,3,3,0,3,0,0,0,0,2
11235,CFLosLibertador,,2,0,2,2,0,2,0,0,0,0,2
11236,CostaneraNorte_,,2,0,2,2,0,2,0,0,0,0,2
11238,3MNews,,2,0,2,2,0,2,0,0,0,0,2
11239,3M,,2,0,2,2,0,2,0,0,0,0,2
11241,AutopCentral,,2,0,2,2,0,2,0,0,0,0,2
11246,sismos_chile,,2,0,2,2,0,2,0,0,0,0,2
11247,onemichile,,3,0,3,3,0,3,0,0,0,0,2
11248,ElEspectAnimal,,2,0,2,2,0,2,0,0,0,0,4
11255,hmchile,,2,0,2,2,0,2,0,0,0,0,2
11257,FedeTour,,2,0,2,2,0,2,0,0,0,0,2
11260,VTRProgramacion,,2,0,2,2,0,2,0,0,0,0,2
11266,GiorgioJackson,,3,0,3,3,0,3,0,0,0,0,2
11269,rafa_cavada,,2,0,2,2,0,2,0,0,0,0,2
11270,sonarfm,,2,0,2,2,0,2,0,0,0,0,2
11271,ChileAtiende,,2,0,2,2,0,2,0,0,0,0,2
11272,ministeriosalud,,2,0,2,2,0,2,0,0,0,0,2
11279,nacioncl,,2,0,2,2,0,2,0,0,0,0,2
11281,GobiernodeChile,,3,0,3,3,0,3,0,0,0,0,2
11282,lacuarta,,2,0,2,2,0,2,0,0,0,0,2
11283,PublimetroChile,,3,0,3,3,0,3,0,0,0,0,2
11284,holaterra,,2,0,2,2,0,2,0,0,0,0,2
11285,adnradiochile,,2,0,2,2,0,2,0,0,0,0,2
11286,Emol,,3,0,3,3,0,3,0,0,0,0,2
11294,meganoticiascl,,2,0,2,2,0,2,0,0,0,0,2
11297,MNBAChile,,2,0,2,2,0,2,0,0,0,0,2
11299,EstacionMapocho,,2,0,2,2,0,2,0,0,0,0,2
11300,24HorasTVN,,3,0,3,3,0,3,0,0,0,0,2
11302,leonardofarkas,,3,0,3,3,0,3,0,0,0,0,2
11305,biobio,,3,0,3,3,0,3,0,0,0,0,2
11306,Matucana100,,3,0,3,3,0,3,0,0,0,0,2
11307,RadioCarolina,,2,0,2,2,0,2,0,0,0,0,2
11309,chilevision,,2,0,2,2,0,2,0,0,0,0,2
11310,latercera,,2,0,2,2,0,2,0,0,0,0,2
11311,canal13,,3,0,3,3,0,3,0,0,0,0,2
11312,CineArteAlameda,,2,0,2,2,0,2,0,0,0,0,2
11313,asisomosoficial,,2,0,2,2,0,2,0,0,0,0,2
11314,TVN,,3,0,3,3,0,3,0,0,0,0,2
11315,T13,,3,0,3,3,0,3,0,0,0,0,2
11316,CineHoytsChile,,3,0,3,3,0,3,0,0,0,0,0
11317,larojadetodos,,2,0,2,2,0,2,0,0,0,0,2
11318,RinconSalfate,,2,0,2,2,0,2,0,0,0,0,2
11319,CNNChile,,3,0,3,3,0,3,0,0,0,0,2
11320,BancoEstado,,2,0,2,2,0,2,0,0,0,0,2
11322,el_mago_oficial,,2,0,2,2,0,2,0,0,0,0,2
11323,kingarturo23,,3,0,3,3,0,3,0,0,0,0,0
11324,metrodesantiago,,3,0,3,3,0,3,0,0,0,0,2
11325,C1audioBravo,,2,0,2,2,0,2,0,0,0,0,2
11326,Cooperativa,,3,0,3,3,0,3,0,0,0,0,2
11328,MedelPitbull,,2,0,2,2,0,2,0,0,0,0,2
11331,electrikfc,,2,0,2,2,0,2,0,0,0,0,6
11333,JudgeTheZipper,,3,0,3,3,0,3,0,0,0,0,5
11334,QueFaireAParis,,2,0,2,2,0,2,0,0,0,0,5
11335,Parisjecoute,,2,0,2,2,0,2,0,0,0,0,5
11336,Paris,,4,0,4,4,0,4,0,0,0,0,8
11337,escar_gm,,2,0,2,2,0,2,0,0,0,0,5
11338,JPBellido,,3,0,3,3,0,3,0,0,0,0,5
11340,unelibros,,2,0,2,2,0,2,0,0,0,0,5
11342,CincoDiascom,,3,0,3,3,0,3,0,0,0,0,5
11344,pcivilgranada,,3,0,3,3,0,3,0,0,0,0,4
11345,Asvogra,,3,0,3,3,0,3,0,0,0,0,5
11348,Chriisty_12,,2,0,2,2,0,2,0,0,0,0,5
11352,CesarDiazRuiz,,2,0,2,2,0,2,0,0,0,0,5
11355,claralamorte,,2,0,2,2,0,2,0,0,0,0,5
11360,juanrallo,,3,0,3,3,0,3,0,0,0,0,5
11361,JournalSLT,,2,0,2,2,0,2,0,0,0,0,5
11366,ArqusAlliance,,3,0,3,3,0,3,0,0,0,0,5
11367,ascuagranada,,2,0,2,2,0,2,0,0,0,0,5
11370,APDHAGRANADA,,3,0,3,3,0,3,0,0,0,0,5
11371,FTS_UGR,,3,0,3,3,0,3,0,0,0,0,5
11372,GranadaCONGRA,,2,0,2,2,0,2,0,0,0,0,5
11373,UgrSolidaria,,2,0,2,2,0,2,0,0,0,0,5
11375,brujulauniver,,4,0,4,4,0,4,0,0,0,0,6
11377,GarciaAller,,2,0,2,2,0,2,0,0,0,0,5
11380,pcongresosgrx,,3,0,3,3,0,3,0,0,0,0,5
11381,AlhambraVenture,,3,0,3,3,0,3,0,0,0,0,0
11383,GranadaStartups,,2,0,2,2,0,2,0,0,0,0,5
11386,LoMasPool,,2,0,2,2,0,2,0,0,0,0,6
11387,TSJAndalucia,,3,0,3,3,0,3,0,0,0,0,2
11388,ParisAMDParis,,2,0,2,2,0,2,0,0,0,0,5
11389,FundacionCBG,,4,0,4,4,0,4,0,0,0,0,5
11390,CajaGranadaOBS,,3,0,3,3,0,3,0,0,0,0,5
11392,Economie_Gouv,,3,0,3,3,0,3,0,0,0,0,5
11397,AFiscales,,2,0,2,2,0,2,0,0,0,0,5
11398,sisej,,2,0,2,2,0,2,0,0,0,0,5
11400,TEDTalks,,4,0,4,4,0,4,0,0,0,0,5
11401,FJuecesIndepend,,2,0,2,2,0,2,0,0,0,0,5
11402,juecesAPM,,2,0,2,2,0,2,0,0,0,0,5
11403,dialogos_para,,2,0,2,2,0,2,0,0,0,0,5
11404,MediasegCV,,2,0,2,2,0,2,0,0,0,0,5
11406,josel_carmona,,3,0,3,3,0,3,0,0,0,0,6
11407,FedericoSA63,,2,0,2,2,0,2,0,0,0,0,5
11410,LegalGranada,,2,0,2,2,0,2,0,0,0,0,5
11411,gajgranada,,4,0,4,4,0,4,0,0,0,0,5
11412,CharoJi93710291,,2,0,2,2,0,2,0,0,0,0,5
11416,DirectordeIDEAL,,3,0,3,3,0,3,0,0,0,0,5
11417,EIPGranada,,4,0,4,4,0,4,0,0,0,0,0
11418,comareseditor,,2,0,2,2,0,2,0,0,0,0,0
11421,culturagranada,,4,0,4,4,0,4,0,0,0,0,5
11422,AgenciaAlbaicin,,3,0,3,3,0,3,0,0,0,0,5
11423,CoolGRX,,4,0,4,4,0,4,0,0,0,0,0
11424,Granada_Cultura,,3,0,3,3,0,3,0,0,0,0,0
11425,GEconomica,,2,0,2,2,0,2,0,0,0,0,5
11426,CGE_Granada,,4,0,4,4,0,4,0,0,0,0,5
11427,cadegranada,,4,0,4,4,0,4,0,0,0,0,5
11428,JavierLGSerrana,,3,0,3,3,0,3,0,0,0,0,6
11429,DerechoUBA,,3,0,3,3,0,3,0,0,0,0,5
11430,bibder,,3,0,3,3,0,3,0,0,0,0,4
11431,miUGR1,,3,0,3,3,0,3,0,0,0,0,2
11432,hlslib,,2,0,2,2,0,2,0,0,0,0,5
11433,AtriumUGR,,2,0,2,2,0,2,0,0,0,0,5
11436,BabelDebateUGR,,4,0,4,4,0,4,0,0,0,0,5
11437,PromoderUGR,,2,0,2,2,0,2,0,0,0,0,5
11439,ForoConcordia,,2,0,2,2,0,2,0,0,0,0,5
11440,IcagrTwit,,3,0,3,3,0,3,0,0,0,0,5
11442,BaldoOliver,,3,0,3,3,0,3,0,0,0,0,0
11443,HispaColex,,3,0,3,3,0,3,0,0,0,0,0
11444,Cajaruralgr,,3,0,3,3,0,3,0,0,0,0,5
11445,CCGranada,,5,0,5,5,0,5,0,0,0,0,0
11446,UGR_ConsejoSoc,,3,0,3,3,0,3,0,0,0,0,5
11447,EmpleoUgr,,3,0,3,3,0,3,0,0,0,0,5
11448,risj_oxford,,3,0,3,3,0,3,0,0,0,0,1
11449,Inmujer,,2,0,2,2,0,2,0,0,0,0,4
11450,DecisionDeskHQ,,2,0,2,2,0,2,0,0,0,0,3
11452,Azul_Mistico,,3,0,3,3,0,3,0,0,0,0,1
11453,Quicktake,,3,0,3,3,0,3,0,0,0,0,4
11454,ClintPiticlint,,2,0,2,2,0,2,0,0,0,0,5
11456,LibreriasCEGAL,,3,0,3,3,0,3,0,0,0,0,0
11457,todostuslibros_,,2,0,2,2,0,2,0,0,0,0,6
11459,BrookingsInst,,2,0,2,2,0,2,0,0,0,0,1
11460,EsadeGeo,,2,0,2,2,0,2,0,0,0,0,1
11461,SofCastanon,,2,0,2,2,0,2,0,0,0,0,4
11462,amnistiaespana,,4,0,4,4,0,4,0,0,0,0,4
11463,WIL_inequality,,2,0,2,2,0,2,0,0,0,0,1
11465,EASO,,3,0,3,3,0,3,0,0,0,0,3
11466,Entreculturas,,3,0,3,3,0,3,0,0,0,0,4
11467,LaUltima_Hora,,2,0,2,2,0,2,0,0,0,0,0
11470,Brevesdepresse,,2,0,2,2,0,2,0,0,0,0,8
11472,EscenasANHQV,,2,0,2,2,0,2,0,0,0,0,5
11475,WFP,,4,0,4,4,0,4,0,0,0,0,1
11476,eu_echo,,3,0,3,3,0,3,0,0,0,0,1
11477,aecc_es,,3,0,3,3,0,3,0,0,0,0,8
11478,europeaid,,3,0,3,3,0,3,0,0,0,0,0
11483,StudyinToronto,,2,0,2,2,0,2,0,0,0,0,1
11486,carolinadurante,,2,0,2,2,0,2,0,0,0,0,0
11489,quatremer,,3,0,3,3,0,3,0,0,0,0,8
11490,meme_ec,,3,0,3,3,0,3,0,0,0,0,3
11491,NatashaBertaud,,3,0,3,3,0,3,0,0,0,0,2
11493,Su_delRio,,3,0,3,3,0,3,0,0,0,0,0
11495,KarimHallal,,2,0,2,2,0,2,0,0,0,0,5
11498,elzulista,,3,0,3,3,0,3,0,0,0,0,6
11506,HdCiencia,,3,0,3,3,0,3,0,0,0,0,0
11508,cosnautas,,2,0,2,2,0,2,0,0,0,0,5
11511,lunamonelle,,2,0,2,2,0,2,0,0,0,0,4
11517,ManualJovenes,,2,0,2,2,0,2,0,0,0,0,6
11518,AIMFrancophones,,2,0,2,2,0,2,0,0,0,0,1
11519,c40cities,,3,0,3,3,0,3,0,0,0,0,1
11523,Lavadoratextos,,2,0,2,2,0,2,0,0,0,0,5
11524,lhermoso_,,2,0,2,2,0,2,0,0,0,0,0
11529,RepAOC,,2,0,2,2,0,2,0,0,0,0,2
11536,PsiqueCarlos,,2,0,2,2,0,2,0,0,0,0,0
11537,ragipsoylu,,2,0,2,2,0,2,0,0,0,0,3
11540,juansotoivars,,2,0,2,2,0,2,0,0,0,0,4
11543,CarlesMesa,,2,0,2,2,0,2,0,0,0,0,5
11544,mad4yu,,2,0,2,2,0,2,0,0,0,0,6
11547,EHESS_fr,,3,0,3,3,0,3,0,0,0,0,4
11549,PikettyLeMonde,,3,0,3,3,0,3,0,0,0,0,8
11553,StatistaCharts,,3,0,3,3,0,3,0,0,0,0,2
11555,NadiaCalvino,,2,0,2,2,0,2,0,0,0,0,5
11557,JLMelenchon,,3,0,3,3,0,3,0,0,0,0,8
11558,AuschwitzMuseum,,3,0,3,3,0,3,0,0,0,0,3
11559,Adrilastra,,2,0,2,2,0,2,0,0,0,0,5
11560,Eingleses,,2,0,2,2,0,2,0,0,0,0,6
11561,almuariza,,2,0,2,2,0,2,0,0,0,0,4
11562,ElComidista,,2,0,2,2,0,2,0,0,0,0,5
11563,mikeliturriaga,,3,0,3,3,0,3,0,0,0,0,0
11565,fernandosimon_,,2,0,2,2,0,2,0,0,0,0,5
11567,CarlosCuevas44,,2,0,2,2,0,2,0,0,0,0,0
11571,AdAbsurdumBlog,,2,0,2,2,0,2,0,0,0,0,2
11573,YourAnonCentral,,3,0,3,3,0,3,0,0,0,0,0
11575,politikon_es,,3,0,3,3,0,3,0,0,0,0,5
11576,kanciller,,3,0,3,3,0,3,0,0,0,0,0
11578,boegob,,3,0,3,3,0,3,0,0,0,0,4
11583,rglucks1,,2,0,2,2,0,2,0,0,0,0,8
11585,Trabajarmundo,,3,0,3,3,0,3,0,0,0,0,5
11586,BecarioslaCaixa,,2,0,2,2,0,2,0,0,0,0,2
11587,JobsMierda,,3,0,3,3,0,3,0,0,0,0,6
11588,Tunomandas,,3,0,3,3,0,3,0,0,0,0,5
11591,CSMFHT,,3,0,3,3,0,3,0,0,0,0,8
11594,france_espagne,,3,0,3,3,0,3,0,0,0,0,6
11595,inTeInsidadUGR,,2,0,2,2,0,2,0,0,0,0,5
11596,gersanc_,,2,0,2,2,0,2,0,0,0,0,5
11598,juanverde,,2,0,2,2,0,2,0,0,0,0,2
11603,LoDeEvole,,3,0,3,3,0,3,0,0,0,0,0
11604,Anne_Hidalgo,,3,0,3,3,0,3,0,0,0,0,5
11606,EthicsInBricks,,2,0,2,2,0,2,0,0,0,0,2
11607,joseramonpatter,,2,0,2,2,0,2,0,0,0,0,2
11610,letiiBt28,,2,0,2,2,0,2,0,0,0,0,5
11611,javiersolana,,3,0,3,3,0,3,0,0,0,0,1
11612,HelenaVillarRT,,2,0,2,2,0,2,0,0,0,0,2
11613,PoliciaGr,,3,0,3,3,0,3,0,0,0,0,0
11615,AAlbayzin,,2,0,2,2,0,2,0,0,0,0,0
11620,univamu,,3,0,3,3,0,3,0,0,0,0,1
11621,CoronavirusGR,,3,0,3,3,0,3,0,0,0,0,0
11625,fntygrant,,2,0,2,2,0,2,0,0,0,0,5
11629,davidcpvm,,2,0,2,2,0,2,0,0,0,0,2
11633,granada_social,,3,0,3,3,0,3,0,0,0,0,0
11634,comentand0T,,2,0,2,2,0,2,0,0,0,0,5
11645,ENC_Europe,,2,0,2,2,0,2,0,0,0,0,1
11651,materia_ciencia,,3,0,3,3,0,3,0,0,0,0,7
11654,gpssenado,,2,0,2,2,0,2,0,0,0,0,5
11655,NEUDC_RNE,,2,0,2,2,0,2,0,0,0,0,5
11657,unico_es,,3,0,3,3,0,3,0,0,0,0,5
11659,patxilopez,,3,0,3,3,0,3,0,0,0,0,0
11661,JoseantonioJun,,4,0,4,4,0,4,0,0,0,0,4
11662,javidguezp,,2,0,2,2,0,2,0,0,0,0,5
11664,bellasartesinba,,3,0,3,3,0,3,0,0,0,0,4
11665,gatesfoundation,,4,0,4,4,0,4,0,0,0,0,3
11666,Aix_Provence,,2,0,2,2,0,2,0,0,0,0,1
11671,MasPais_Es,,3,0,3,3,0,3,0,0,0,0,5
11672,lavozdeinaki,,2,0,2,2,0,2,0,0,0,0,0
11674,communistbops,,2,0,2,2,0,2,0,0,0,0,3
11675,FT,,3,0,3,3,0,3,0,0,0,0,2
11676,NConcostrina,,3,0,3,3,0,3,0,0,0,0,0
11678,WHO_Europe,,3,0,3,3,0,3,0,0,0,0,1
11680,EU_Health,,3,0,3,3,0,3,0,0,0,0,1
11687,laprovence,,3,0,3,3,0,3,0,0,0,0,1
11689,marseille,,2,0,2,2,0,2,0,0,0,0,1
11693,InBocaGranada,,2,0,2,2,0,2,0,0,0,0,0
11694,lizzygt_,,2,0,2,2,0,2,0,0,0,0,5
11695,textualizada,,2,0,2,2,0,2,0,0,0,0,5
11698,Dualia,,2,0,2,2,0,2,0,0,0,0,5
11700,WWFGranada,,2,0,2,2,0,2,0,0,0,0,4
11703,PaquitaSalas,,3,0,3,3,0,3,0,0,0,0,0
11706,COAC_GRANADA,,2,0,2,2,0,2,0,0,0,0,6
11709,onGranadaTC,,3,0,3,3,0,3,0,0,0,0,0
11712,Estergarcia22,,2,0,2,2,0,2,0,0,0,0,5
11714,FFFGranada,,2,0,2,2,0,2,0,0,0,0,4
11716,SoyPublica,,2,0,2,2,0,2,0,0,0,0,4
11717,YoEPublica,,3,0,3,3,0,3,0,0,0,0,6
11719,ElHuffPost,,3,0,3,3,0,3,0,0,0,0,0
11724,gouvernementFR,,3,0,3,3,0,3,0,0,0,0,6
11725,Elysee,,3,0,3,3,0,3,0,0,0,0,1
11726,francediplo,,3,0,3,3,0,3,0,0,0,0,1
11727,fleurdumal___,,2,0,2,2,0,2,0,0,0,0,5
11728,gpinillagallego,,2,0,2,2,0,2,0,0,0,0,5
11729,TerminEUrope,,2,0,2,2,0,2,0,0,0,0,5
11732,GretaThunberg,,3,0,3,3,0,3,0,0,0,0,6
11733,ecb,,3,0,3,3,0,3,0,0,0,0,1
11735,maldita_es,,3,0,3,3,0,3,0,0,0,0,5
11741,SaveChildrenEs,,3,0,3,3,0,3,0,0,0,0,4
11743,vota_por_favor,,2,0,2,2,0,2,0,0,0,0,5
11745,lgm_com,,3,0,3,3,0,3,0,0,0,0,0
11746,EFEeconomia,,2,0,2,2,0,2,0,0,0,0,5
11747,EFEemprende,,3,0,3,3,0,3,0,0,0,0,0
11748,ESNetflixES,,2,0,2,2,0,2,0,0,0,0,0
11749,PepaBueno,,3,0,3,3,0,3,0,0,0,0,5
11753,POTUS44,,3,0,3,3,0,3,0,0,0,0,2
11754,MichelleObama,,3,0,3,3,0,3,0,0,0,0,8
11755,granadapsoe,,3,0,3,3,0,3,0,0,0,0,0
11756,TeacherToolkit,,2,0,2,2,0,2,0,0,0,0,2
11757,bbceducation,,3,0,3,3,0,3,0,0,0,0,1
11758,GuardianEdu,,3,0,3,3,0,3,0,0,0,0,1
11759,GuardianTeach,,3,0,3,3,0,3,0,0,0,0,1
11760,inesbelmonte__,,2,0,2,2,0,2,0,0,0,0,5
11762,FernandoArancon,,2,0,2,2,0,2,0,0,0,0,5
11764,UNEP,,3,0,3,3,0,3,0,0,0,0,1
11766,Europe1,,3,0,3,3,0,3,0,0,0,0,1
11767,wydluis,,3,0,3,3,0,3,0,0,0,0,5
11768,afpfr,,3,0,3,3,0,3,0,0,0,0,8
11777,sdltrados,,3,0,3,3,0,3,0,0,0,0,5
11778,insideloc,,2,0,2,2,0,2,0,0,0,0,5
11781,Newtral,,3,0,3,3,0,3,0,0,0,0,5
11783,lauragonzalez9_,,2,0,2,2,0,2,0,0,0,0,5
11784,GeoPolitikon,,2,0,2,2,0,2,0,0,0,0,1
11785,pasamelketchup,,2,0,2,2,0,2,0,0,0,0,8
11789,missteroman,,2,0,2,2,0,2,0,0,0,0,5
11791,STANDBY_es,,4,0,4,4,0,4,0,0,0,0,6
11792,Traduceint,,2,0,2,2,0,2,0,0,0,0,5
11797,rne,,3,0,3,3,0,3,0,0,0,0,0
11801,translatores,,3,0,3,3,0,3,0,0,0,0,2
11803,bbcmundo,,3,0,3,3,0,3,0,0,0,0,0
11809,tuitsdegabriel,,3,0,3,3,0,3,0,0,0,0,5
11811,vanderrlust,,2,0,2,2,0,2,0,0,0,0,5
11813,hereniagxmez,,2,0,2,2,0,2,0,0,0,0,5
11814,joaquin_sabina,,3,0,3,3,0,3,0,0,0,0,2
11815,GStrategy_UGR,,2,0,2,2,0,2,0,0,0,0,6
11817,ortograconejito,,2,0,2,2,0,2,0,0,0,0,0
11820,elenajajaja_,,2,0,2,2,0,2,0,0,0,0,5
11824,UN_Spokesperson,,3,0,3,3,0,3,0,0,0,0,2
11827,vogue_italia,,3,0,3,3,0,3,0,0,0,0,3
11832,SaraBuho,,2,0,2,2,0,2,0,0,0,0,0
11834,Amodeo13Oficial,,2,0,2,2,0,2,0,0,0,0,5
11839,tus_clases,,3,0,3,3,0,3,0,0,0,0,6
11841,CREAndalucia,,2,0,2,2,0,2,0,0,0,0,0
11843,Guillermo_LR37,,2,0,2,2,0,2,0,0,0,0,5
11845,CruzRojaGranada,,3,0,3,3,0,3,0,0,0,0,0
11847,MSF_Espana,,3,0,3,3,0,3,0,0,0,0,4
11848,CruzRojaEsp,,3,0,3,3,0,3,0,0,0,0,4
11849,oxfam_es,,3,0,3,3,0,3,0,0,0,0,0
11850,AinaDiazV,,2,0,2,2,0,2,0,0,0,0,0
11858,ieee_es,,2,0,2,2,0,2,0,0,0,0,4
11860,JamPoesiaGr,,3,0,3,3,0,3,0,0,0,0,0
11861,grupodcuadros,,3,0,3,3,0,3,0,0,0,0,6
11862,skyscanner_es,,3,0,3,3,0,3,0,0,0,0,7
11863,SinAzucarOrg,,3,0,3,3,0,3,0,0,0,0,5
11864,yuyacst,,2,0,2,2,0,2,0,0,0,0,6
11865,ruvvens,,2,0,2,2,0,2,0,0,0,0,5
11867,tertuliagranada,,3,0,3,3,0,3,0,0,0,0,0
11869,LeticiaDolera,,4,0,4,4,0,4,0,0,0,0,4
11870,FestivalGranada,,4,0,4,4,0,4,0,0,0,0,0
11871,ELLEmagazine,,3,0,3,3,0,3,0,0,0,0,2
11872,lobs,,3,0,3,3,0,3,0,0,0,0,8
11876,PSOE,,3,0,3,3,0,3,0,0,0,0,0
11878,azafatasalhambr,,3,0,3,3,0,3,0,0,0,0,0
11879,rielcano,,4,0,4,4,0,4,0,0,0,0,4
11880,EUatUN,,3,0,3,3,0,3,0,0,0,0,1
11882,Statista_ES,,2,0,2,2,0,2,0,0,0,0,5
11883,InfoDiplomacia,,3,0,3,3,0,3,0,0,0,0,0
11884,elOrdenMundial,,3,0,3,3,0,3,0,0,0,0,5
11885,PabloRompe29,,2,0,2,2,0,2,0,0,0,0,0
11886,AdaColau,,3,0,3,3,0,3,0,0,0,0,4
11887,julia_otero,,5,0,5,5,0,5,0,0,0,0,0
11888,percebesygrelos,,2,0,2,2,0,2,0,0,0,0,0
11889,voguemagazine,,3,0,3,3,0,3,0,0,0,0,2
11894,MiguelMorenatti,,3,0,3,3,0,3,0,0,0,0,0
11896,eurovoluntarios,,2,0,2,2,0,2,0,0,0,0,5
11897,ConciertosenGra,,3,0,3,3,0,3,0,0,0,0,0
11901,ModernaDePueblo,,3,0,3,3,0,3,0,0,0,0,5
11903,NOS_Alive,,3,0,3,3,0,3,0,0,0,0,5
11904,RTLFrance,,3,0,3,3,0,3,0,0,0,0,1
11905,franceinter,,3,0,3,3,0,3,0,0,0,0,1
11906,franceculture,,3,0,3,3,0,3,0,0,0,0,1
11907,anasocarvalho,,2,0,2,2,0,2,0,0,0,0,5
11908,Europarl_FR,,3,0,3,3,0,3,0,0,0,0,1
11912,Renfe_SNCF_Es,,2,0,2,2,0,2,0,0,0,0,6
11913,STANDBYLideres,,3,0,3,3,0,3,0,0,0,0,5
11915,LondonFashionWk,,3,0,3,3,0,3,0,0,0,0,2
11918,AFSESP,,2,0,2,2,0,2,0,0,0,0,4
11919,AFS,,2,0,2,2,0,2,0,0,0,0,1
11921,Adrede_UGR,,3,0,3,3,0,3,0,0,0,0,0
11922,creativosoy_,,2,0,2,2,0,2,0,0,0,0,0
11923,arteaIdia,,3,0,3,3,0,3,0,0,0,0,6
11938,MariaTirando,,2,0,2,2,0,2,0,0,0,0,5
11943,uvemay,,2,0,2,2,0,2,0,0,0,0,8
11944,alt_J,,3,0,3,3,0,3,0,0,0,0,3
11945,BabiloniaClubGr,,3,0,3,3,0,3,0,0,0,0,0
11948,Wismichu,,4,0,4,4,0,4,0,0,0,0,8
11950,Quesueneculto,,4,0,4,4,0,4,0,0,0,0,3
11955,_MedievaIReacts,,3,0,3,3,0,3,0,0,0,0,5
11956,ThebackroomGRX,,3,0,3,3,0,3,0,0,0,0,0
11958,ArtesCabreadas,,2,0,2,2,0,2,0,0,0,0,6
11959,AgendaFestis,,2,0,2,2,0,2,0,0,0,0,0
11960,sonoramaribera,,3,0,3,3,0,3,0,0,0,0,4
11961,Primavera_Sound,,3,0,3,3,0,3,0,0,0,0,0
11962,fiberfib,,3,0,3,3,0,3,0,0,0,0,0
11963,bilbaobbklive,,3,0,3,3,0,3,0,0,0,0,0
11964,HogwartsTM,,3,0,3,3,0,3,0,0,0,0,6
11965,CentralEntrada,,3,0,3,3,0,3,0,0,0,0,0
11967,sofiagrcslzr_13,,2,0,2,2,0,2,0,0,0,0,6
11969,PoemPorns,,2,0,2,2,0,2,0,0,0,0,2
11972,alexa_chung,,3,0,3,3,0,3,0,0,0,0,2
11977,AGUUUSS98,,3,0,3,3,0,3,0,0,0,0,0
11979,independance,,4,0,4,4,0,4,0,0,0,0,2
11981,yanntiersen,,2,0,2,2,0,2,0,0,0,0,3
11984,Farah_Gazan,,3,0,3,3,0,3,0,0,0,0,2
11986,MadamedeRosa,,2,0,2,2,0,2,0,0,0,0,5
11990,cruillabcn,,2,0,2,2,0,2,0,0,0,0,2
11992,Ysucrist,,2,0,2,2,0,2,0,0,0,0,6
11995,Javi_Baza,,2,0,2,2,0,2,0,0,0,0,5
11996,_Cinefilos_,,2,0,2,2,0,2,0,0,0,0,6
11997,angelmlg_99,,3,0,3,3,0,3,0,0,0,0,2
12000,martina_smm,,2,0,2,2,0,2,0,0,0,0,6
12002,RockFM_ES,,5,0,5,5,0,5,0,0,0,0,8
12004,TBBTFrasesTBBT,,2,0,2,2,0,2,0,0,0,0,1
12006,TonyAguilarOfi,,4,0,4,4,0,4,0,0,0,0,2
12008,Photocromatico,,3,0,3,3,0,3,0,0,0,0,4
12011,anaruiz139,,2,0,2,2,0,2,0,0,0,0,5
12012,Arma_pollo,,2,0,2,2,0,2,0,0,0,0,0
12013,Redry13,,2,0,2,2,0,2,0,0,0,0,0
12015,_xxbastetxx_,,2,0,2,2,0,2,0,0,0,0,6
12017,IetrasCanciones,,3,0,3,3,0,3,0,0,0,0,6
12018,paramore,,3,0,3,3,0,3,0,0,0,0,2
12019,GreenDay,,3,0,3,3,0,3,0,0,0,0,3
12020,VistoEnMaps,,4,0,4,4,0,4,0,0,0,0,0
12025,CSE_granada,,3,0,3,3,0,3,0,0,0,0,0
12029,HistoriaPhotos,,2,0,2,2,0,2,0,0,0,0,7
12030,Foto_Historia,,4,0,4,4,0,4,0,0,0,0,0
12032,amaraloficial,,3,0,3,3,0,3,0,0,0,0,0
12040,PostureoEspanol,,3,0,3,3,0,3,0,0,0,0,5
12041,ElHumanoide,,3,0,3,3,0,3,0,0,0,0,5
12042,AbiertaMente,,3,0,3,3,0,3,0,0,0,0,2
12048,LaPolicia_,,3,0,3,3,0,3,0,0,0,0,6
12049,hecdogor24,,2,0,2,2,0,2,0,0,0,0,0
12050,djkikoriveraxdd,,2,0,2,2,0,2,0,0,0,0,6
12051,josealc_10,,3,0,3,3,0,3,0,0,0,0,6
12052,CecilyRicecake,,2,0,2,2,0,2,0,0,0,0,6
12060,Moda__Chicas,,3,0,3,3,0,3,0,0,0,0,0
12061,escupotwits,,3,0,3,3,0,3,0,0,0,0,0
12062,IgualdadLGBT,,3,0,3,3,0,3,0,0,0,0,2
12063,TheBeatlesMusic,,2,0,2,2,0,2,0,0,0,0,3
12067,BritishVogue,,3,0,3,3,0,3,0,0,0,0,0
12068,VogueFrance,,2,0,2,2,0,2,0,0,0,0,3
12069,VogueSpain,,3,0,3,3,0,3,0,0,0,0,0
12070,smoda,,3,0,3,3,0,3,0,0,0,0,0
12073,Pixar,,4,0,4,4,0,4,0,0,0,0,0
12074,DisneyStudios,,4,0,4,4,0,4,0,0,0,0,0
12075,WBHomeEnt,,3,0,3,3,0,3,0,0,0,0,2
12076,20thcentury,,4,0,4,4,0,4,0,0,0,0,0
12080,jason_mraz,,4,0,4,4,0,4,0,0,0,0,4
12085,TrasLasKamaras,,4,0,4,4,0,4,0,0,0,0,5
12086,ruedelapoesie,,3,0,3,3,0,3,0,0,0,0,5
12088,Frases_KaseO,,2,0,2,2,0,2,0,0,0,0,2
12092,JCarranza89,,2,0,2,2,0,2,0,0,0,0,6
12093,HistoryInFlix,,3,0,3,3,0,3,0,0,0,0,3
12102,lyrics_beatles,,2,0,2,2,0,2,0,0,0,0,2
12103,frases_iquotes,,3,0,3,3,0,3,0,0,0,0,5
12106,TheHungerGames,,2,0,2,2,0,2,0,0,0,0,2
12110,iFrasesRealista,,3,0,3,3,0,3,0,0,0,0,7
12111,FrasesQuotesEs,,2,0,2,2,0,2,0,0,0,0,2
12112,Dia_Como_Hoy,,3,0,3,3,0,3,0,0,0,0,6
12113,clmol2,,2,0,2,2,0,2,0,0,0,0,6
12116,RollingStones,,3,0,3,3,0,3,0,0,0,0,2
12118,ringostarrmusic,,3,0,3,3,0,3,0,0,0,0,2
12119,beatlesstory,,2,0,2,2,0,2,0,0,0,0,3
12124,ChiliPeppers,,3,0,3,3,0,3,0,0,0,0,6
12125,BeatlesTweets,,2,0,2,2,0,2,0,0,0,0,2
12126,RollingStone,,4,0,4,4,0,4,0,0,0,0,2
12127,PaulMcCartney,,3,0,3,3,0,3,0,0,0,0,2
12130,ShinchanDiceQue,,2,0,2,2,0,2,0,0,0,0,6
12131,DimeVen,,2,0,2,2,0,2,0,0,0,0,6
12133,WhatsAppDice,,3,0,3,3,0,3,0,0,0,0,1
12134,amorYuncafe,,2,0,2,2,0,2,0,0,0,0,5
12135,JODlENDOFOTOS,,2,0,2,2,0,2,0,0,0,0,5
12136,LuciaF_27,,2,0,2,2,0,2,0,0,0,0,5
12138,iIusionOptica,,2,0,2,2,0,2,0,0,0,0,6
12139,ElCalvoDelChema,,2,0,2,2,0,2,0,0,0,0,5
12141,KCreisiSV,,2,0,2,2,0,2,0,0,0,0,0
12143,El_Intermedio,,4,0,4,4,0,4,0,0,0,0,8
12145,Pablochape,,3,0,3,3,0,3,0,0,0,0,5
12146,thehpsecrets,,2,0,2,2,0,2,0,0,0,0,2
12147,CuentosEs,,3,0,3,3,0,3,0,0,0,0,8
12148,AlumnoDice_,,4,0,4,4,0,4,0,0,0,0,5
12149,Los_mitoteros,,2,0,2,2,0,2,0,0,0,0,2
12150,Mehasjodidoo,,2,0,2,2,0,2,0,0,0,0,6
12155,Callizoo,,2,0,2,2,0,2,0,0,0,0,2
12156,CambiosPipe,,3,0,3,3,0,3,0,0,0,0,5
12157,MejoresVineESP,,2,0,2,2,0,2,0,0,0,0,2
12159,Irene_lacasito,,3,0,3,3,0,3,0,0,0,0,0
12161,itoguille,,2,0,2,2,0,2,0,0,0,0,0
12163,veinsch,,2,0,2,2,0,2,0,0,0,0,6
12166,TweetsHogwarts,,2,0,2,2,0,2,0,0,0,0,2
12168,WHITEAPPLETV,,3,0,3,3,0,3,0,0,0,0,0
12169,Antoniasanjua,,3,0,3,3,0,3,0,0,0,0,5
12170,MagiadeLectores,,2,0,2,2,0,2,0,0,0,0,2
12171,Comida_Porno,,3,0,3,3,0,3,0,0,0,0,5
12173,cardenaseuropa,,2,0,2,2,0,2,0,0,0,0,5
12174,tuMePones,,3,0,3,3,0,3,0,0,0,0,6
12175,JuanmaRomero_,,3,0,3,3,0,3,0,0,0,0,5
12178,juventudsin,,4,0,4,4,0,4,0,0,0,0,0
12179,democraciareal,,3,0,3,3,0,3,0,0,0,0,0
12181,MenteAlucinante,,2,0,2,2,0,2,0,0,0,0,2
12186,RecordareQue,,2,0,2,2,0,2,0,0,0,0,6
12193,AlanRousse,,2,0,2,2,0,2,0,0,0,0,2
12196,laorejadevgogh,,3,0,3,3,0,3,0,0,0,0,0
12197,manaoficial,,3,0,3,3,0,3,0,0,0,0,4
12198,Eslacruelverdad,,2,0,2,2,0,2,0,0,0,0,0
12202,PaulinaRubio,,3,0,3,3,0,3,0,0,0,0,0
12203,ronniewood,,2,0,2,2,0,2,0,0,0,0,3
12204,DannyRomeroprod,,3,0,3,3,0,3,0,0,0,0,3
12205,Ana_Pad,,3,0,3,3,0,3,0,0,0,0,6
12206,MickJagger,,4,0,4,4,0,4,0,0,0,0,2
12207,BonJovi,,3,0,3,3,0,3,0,0,0,0,0
12208,pinkfloyd,,3,0,3,3,0,3,0,0,0,0,3
12209,thebeatles,,3,0,3,3,0,3,0,0,0,0,2
12212,SusReflexiones,,3,0,3,3,0,3,0,0,0,0,6
12213,LuisoEsElSrLobo,,2,0,2,2,0,2,0,0,0,0,6
12220,SonCuriosidades,,3,0,3,3,0,3,0,0,0,0,0
12221,LanaDelRey,,4,0,4,4,0,4,0,0,0,0,2
12222,monicanaranjo,,3,0,3,3,0,3,0,0,0,0,0
12223,official_flo,,3,0,3,3,0,3,0,0,0,0,2
12225,CarmenLopezGonz,,2,0,2,2,0,2,0,0,0,0,6
12226,PedroBalaVF,,2,0,2,2,0,2,0,0,0,0,6
12228,ModefuckinPo,,2,0,2,2,0,2,0,0,0,0,5
12229,monicatdm98,,2,0,2,2,0,2,0,0,0,0,6
12231,sf_jimenez,,2,0,2,2,0,2,0,0,0,0,5
12233,RojitaRC,,2,0,2,2,0,2,0,0,0,0,6
12236,angryhogwarts,,2,0,2,2,0,2,0,0,0,0,6
12237,Albus_dumb,,3,0,3,3,0,3,0,0,0,0,2
12238,EiProfeta,,3,0,3,3,0,3,0,0,0,0,6
12239,voldemortsir,,2,0,2,2,0,2,0,0,0,0,2
12241,euroclub_europa,,3,0,3,3,0,3,0,0,0,0,6
12242,xavimartinez,,3,0,3,3,0,3,0,0,0,0,5
12245,rickyrubio9,,3,0,3,3,0,3,0,0,0,0,6
12246,ErTioPollah,,3,0,3,3,0,3,0,0,0,0,5
12247,llaollao,,3,0,3,3,0,3,0,0,0,0,6
12248,peraltuki,,2,0,2,2,0,2,0,0,0,0,2
12249,mirolloes,,3,0,3,3,0,3,0,0,0,0,0
12250,Lorena_vla,,3,0,3,3,0,3,0,0,0,0,0
12251,melomoreno,,4,0,4,4,0,4,0,0,0,0,2
12252,BlinkbyGroupon,,2,0,2,2,0,2,0,0,0,0,0
12253,chloefashion,,3,0,3,3,0,3,0,0,0,0,4
12254,MarcGasol,,4,0,4,4,0,4,0,0,0,0,2
12255,ponteaprueba,,4,0,4,4,0,4,0,0,0,0,0
12257,davidguapo,,3,0,3,3,0,3,0,0,0,0,0
12259,kellyclarkson,,5,0,5,5,0,5,0,0,0,0,0
12260,OMCHH_org,,3,0,3,3,0,3,0,0,0,0,6
12263,MareaVerde_GR,,3,0,3,3,0,3,0,0,0,0,0
12264,carlosjean,,3,0,3,3,0,3,0,0,0,0,0
12265,AngyFdz,,3,0,3,3,0,3,0,0,0,0,0
12267,jhutch1992,,3,0,3,3,0,3,0,0,0,0,2
12268,dimeMister,,3,0,3,3,0,3,0,0,0,0,2
12271,filosoficototal,,2,0,2,2,0,2,0,0,0,0,4
12272,JoseMotatv,,6,0,6,6,0,6,0,0,0,0,0
12274,MTV,,3,0,3,3,0,3,0,0,0,0,0
12280,Adriperezeme,,2,0,2,2,0,2,0,0,0,0,6
12283,EmmaWatson,,4,0,4,4,0,4,0,0,0,0,2
12284,_Snape_,,2,0,2,2,0,2,0,0,0,0,2
12285,No_saben_ligar,,2,0,2,2,0,2,0,0,0,0,8
12286,eva_hache,,6,0,6,6,0,6,0,0,0,0,0
12288,LasNochesdECDLC,,2,0,2,2,0,2,0,0,0,0,0
12289,Pink,,4,0,4,4,0,4,0,0,0,0,2
12295,Supersarcasmo,,4,0,4,4,0,4,0,0,0,0,6
12296,miguelfuegos,,2,0,2,2,0,2,0,0,0,0,0
12297,Beatriz63815863,,2,0,2,2,0,2,0,0,0,0,5
12298,majo_bb96,,2,0,2,2,0,2,0,0,0,0,6
12300,Alvaro_dg7,,2,0,2,2,0,2,0,0,0,0,6
12302,TheCapitolPN,,2,0,2,2,0,2,0,0,0,0,2
12304,Claragl96,,3,0,3,3,0,3,0,0,0,0,6
12305,davidguetta,,3,0,3,3,0,3,0,0,0,0,0
12307,LMFAO,,3,0,3,3,0,3,0,0,0,0,0
12308,LuciaRodrguez6,,2,0,2,2,0,2,0,0,0,0,5
12311,NellyFurtado,,3,0,3,3,0,3,0,0,0,0,3
12312,Mattdavelewis,,3,0,3,3,0,3,0,0,0,0,2
12313,HarryPotterFilm,,4,0,4,4,0,4,0,0,0,0,2
12314,mariajoibm,,2,0,2,2,0,2,0,0,0,0,0
12315,wizardingworld,,4,0,4,4,0,4,0,0,0,0,2
12316,jk_rowling,,5,0,5,5,0,5,0,0,0,0,8
12318,rakeleleison,,2,0,2,2,0,2,0,0,0,0,6
12322,AndreaOrzaez,,2,0,2,2,0,2,0,0,0,0,6
12325,DC_Irene,,2,0,2,2,0,2,0,0,0,0,0
12329,paugasol,,4,0,4,4,0,4,0,0,0,0,4
12334,alfrebaloo,,2,0,2,2,0,2,0,0,0,0,6
12337,ElenaGLorente,,2,0,2,2,0,2,0,0,0,0,5
12338,GuilleSC96,,2,0,2,2,0,2,0,0,0,0,6
12350,beajerezrdgz,,2,0,2,2,0,2,0,0,0,0,0
12354,hogwarts_hplace,,2,0,2,2,0,2,0,0,0,0,2
12355,30SECONDSTOMARS,,3,0,3,3,0,3,0,0,0,0,2
12356,Sweet_Grumito,,2,0,2,2,0,2,0,0,0,0,6
12357,albii_16,,2,0,2,2,0,2,0,0,0,0,5
12363,csanchez_96,,2,0,2,2,0,2,0,0,0,0,6
12370,aarbeloa17,,3,0,3,3,0,3,0,0,0,0,0
12371,yokoono,,3,0,3,3,0,3,0,0,0,0,3
12372,USMC,,3,0,3,3,0,3,0,0,0,0,2
12373,NatureNews,,6,0,6,6,0,6,0,0,0,0,3
12374,SpaceX,,4,0,4,4,0,4,0,0,0,0,8
12375,USArmy,,3,0,3,3,0,3,0,0,0,0,3
12376,sciam,,6,0,6,6,0,6,0,0,0,0,3
12377,TheJusticeDept,,4,0,4,4,0,4,0,0,0,0,1
12378,NASAHubble,,5,0,5,5,0,5,0,0,0,0,2
12379,newscientist,,7,0,7,7,0,7,0,0,0,0,3
12380,SecretService,,3,0,3,3,0,3,0,0,0,0,2
12381,NASAMoon,,2,0,2,2,0,2,0,0,0,0,1
12382,ScienceNews,,7,0,7,7,0,7,0,0,0,0,2
12383,NSAGov,,2,0,2,2,0,2,0,0,0,0,8
12384,NASASun,,2,0,2,2,0,2,0,0,0,0,1
12385,ScienceChannel,,4,0,4,4,0,4,0,0,0,0,2
12386,CIA,,3,0,3,3,0,3,0,0,0,0,3
12388,Discovery,,5,0,5,5,0,5,0,0,0,0,2
12389,FBI,,3,0,3,3,0,3,0,0,0,0,3
12390,NatGeo,,6,0,6,6,0,6,0,0,0,0,2
12391,DHSgov,,3,0,3,3,0,3,0,0,0,0,2
12393,NatGeoPhotos,,3,0,3,3,0,3,0,0,0,0,1
12394,ExploreAstro,,2,0,2,2,0,2,0,0,0,0,1
12395,StateDept,,4,0,4,4,0,4,0,0,0,0,2
12396,MagnumPhotos,,3,0,3,3,0,3,0,0,0,0,4
12397,NASAWebb,,3,0,3,3,0,3,0,0,0,0,1
12398,DeptofDefense,,3,0,3,3,0,3,0,0,0,0,2
12399,NASASocial,,2,0,2,2,0,2,0,0,0,0,1
12400,nytimesphoto,,3,0,3,3,0,3,0,0,0,0,3
12401,Interior,,3,0,3,3,0,3,0,0,0,0,2
12403,LIFE,,4,0,4,4,0,4,0,0,0,0,2
12404,StationCDRKelly,,3,0,3,3,0,3,0,0,0,0,4
12405,NASA_Marshall,,2,0,2,2,0,2,0,0,0,0,1
12406,nasahqphoto,,4,0,4,4,0,4,0,0,0,0,6
12407,NASA_Astronauts,,4,0,4,4,0,4,0,0,0,0,4
12408,NASAAmes,,2,0,2,2,0,2,0,0,0,0,1
12409,NASAEarth,,4,0,4,4,0,4,0,0,0,0,0
12410,NASAhistory,,2,0,2,2,0,2,0,0,0,0,1
12411,NASAglenn,,2,0,2,2,0,2,0,0,0,0,1
12412,ISS_Research,,3,0,3,3,0,3,0,0,0,0,1
12413,NASAArmstrong,,2,0,2,2,0,2,0,0,0,0,1
12414,NASAGoddard,,4,0,4,4,0,4,0,0,0,0,8
12415,esa,,6,0,6,6,0,6,0,0,0,0,3
12417,NASAExoplanets,,3,0,3,3,0,3,0,0,0,0,1
12418,NASA_Johnson,,3,0,3,3,0,3,0,0,0,0,1
12419,ESA_TGO,,2,0,2,2,0,2,0,0,0,0,1
12420,NASAMars,,2,0,2,2,0,2,0,0,0,0,1
12421,NASAKennedy,,2,0,2,2,0,2,0,0,0,0,1
12422,ESA_ExoMars,,3,0,3,3,0,3,0,0,0,0,1
12423,NASASolarSystem,,3,0,3,3,0,3,0,0,0,0,2
12424,NASAJPL,,4,0,4,4,0,4,0,0,0,0,2
12425,esascience,,6,0,6,6,0,6,0,0,0,0,3
12426,MarsCuriosity,,4,0,4,4,0,4,0,0,0,0,0
12427,NewHorizons2015,,2,0,2,2,0,2,0,0,0,0,1
12428,Philae2014,,4,0,4,4,0,4,0,0,0,0,1
12442,fsitaliane,,3,0,3,3,0,3,0,0,0,0,1
12477,CptTsubasaRONC,,2,0,2,2,0,2,0,0,0,0,2
12479,mariomerlo72,,2,0,2,2,0,2,0,0,0,0,3
12485,Havenlust,,2,0,2,2,0,2,0,0,0,0,0
12492,CottarelliCPI,,3,0,3,3,0,3,0,0,0,0,3
12493,DAVIDPARENZO,,3,0,3,3,0,3,0,0,0,0,3
12496,AndreaScanzi,,3,0,3,3,0,3,0,0,0,0,7
12502,tomhanks,,4,0,4,4,0,4,0,0,0,0,2
12503,WaltDisneyWorld,,3,0,3,3,0,3,0,0,0,0,0
12504,RealHughJackman,,3,0,3,3,0,3,0,0,0,0,5
12505,DisneyParks,,3,0,3,3,0,3,0,0,0,0,0
12506,prattprattpratt,,4,0,4,4,0,4,0,0,0,0,2
12507,JeremyRenner,,2,0,2,2,0,2,0,0,0,0,5
12508,Disneyland,,3,0,3,3,0,3,0,0,0,0,0
12509,chrishemsworth,,5,0,5,5,0,5,0,0,0,0,2
12510,RobertDowneyJr,,4,0,4,4,0,4,0,0,0,0,8
12511,SonyPictures,,3,0,3,3,0,3,0,0,0,0,0
12512,ChrisEvans,,5,0,5,5,0,5,0,0,0,0,2
12513,MGM_Studios,,3,0,3,3,0,3,0,0,0,0,0
12514,MarkRuffalo,,3,0,3,3,0,3,0,0,0,0,2
12515,ParamountPics,,3,0,3,3,0,3,0,0,0,0,0
12516,UniversalPics,,3,0,3,3,0,3,0,0,0,0,0
12517,wbpictures,,3,0,3,3,0,3,0,0,0,0,0
12518,mymovies,,2,0,2,2,0,2,0,0,0,0,3
12519,comingsoonit,,2,0,2,2,0,2,0,0,0,0,3
12521,cineblogit,,2,0,2,2,0,2,0,0,0,0,3
12525,film4life1,,2,0,2,2,0,2,0,0,0,0,3
12528,ilgiornale,,3,0,3,3,0,3,0,0,0,0,3
12529,espressonline,,4,0,4,4,0,4,0,0,0,0,3
12531,repubblica,,8,0,8,8,0,8,0,0,0,0,3
12533,RaiPlay,,4,0,4,4,0,4,0,0,0,0,7
12536,cinematografoIT,,2,0,2,2,0,2,0,0,0,0,3
12537,raicinque,,3,0,3,3,0,3,0,0,0,0,3
12538,ciakmag,,2,0,2,2,0,2,0,0,0,0,3
12540,raimovie,,2,0,2,2,0,2,0,0,0,0,3
12542,01Distribution,,3,0,3,3,0,3,0,0,0,0,3
12553,oppo,,2,0,2,2,0,2,0,0,0,0,2
12555,NetApp_Italia,,3,0,3,3,0,3,0,0,0,0,3
12557,MinisteroDifesa,,4,0,4,4,0,4,0,0,0,0,3
12558,Adnkronos,,3,0,3,3,0,3,0,0,0,0,3
12559,emergenzavvf,,2,0,2,2,0,2,0,0,0,0,3
12560,GermaniaItalia,,2,0,2,2,0,2,0,0,0,0,3
12567,diodeglizilla,,2,0,2,2,0,2,0,0,0,0,2
12568,IdeeXscrittori,,3,0,3,3,0,3,0,0,0,0,3
12570,LaPausaCaffe,,3,0,3,3,0,3,0,0,0,0,3
12574,insopportabile,,3,0,3,3,0,3,0,0,0,0,7
12575,Dlavolo,,3,0,3,3,0,3,0,0,0,0,3
12576,zerocalcare,,3,0,3,3,0,3,0,0,0,0,3
12610,HCLSoftware,,2,0,2,2,0,2,0,0,0,0,1
12618,FIC_eu,,2,0,2,2,0,2,0,0,0,0,8
12623,SanRaffaeleMI,,2,0,2,2,0,2,0,0,0,0,3
12630,grupposandonato,,2,0,2,2,0,2,0,0,0,0,3
12631,vitalbaa,,2,0,2,2,0,2,0,0,0,0,3
12632,Huawei,,2,0,2,2,0,2,0,0,0,0,2
12651,liberioltre,,2,0,2,2,0,2,0,0,0,0,3
12653,le_belve,,2,0,2,2,0,2,0,0,0,0,3
12656,PrimeVideoIT,,2,0,2,2,0,2,0,0,0,0,3
12658,makkox,,4,0,4,4,0,4,0,0,0,0,1
12661,RescueMed,,3,0,3,3,0,3,0,0,0,0,3
12662,econopoly24,,2,0,2,2,0,2,0,0,0,0,3
12664,ilmanifesto,,3,0,3,3,0,3,0,0,0,0,3
12665,rep_torino,,2,0,2,2,0,2,0,0,0,0,3
12666,sole24ore,,7,0,7,7,0,7,0,0,0,0,3
12667,StampaTorino,,2,0,2,2,0,2,0,0,0,0,3
12668,RaiNews,,4,0,4,4,0,4,0,0,0,0,3
12669,federbeton,,2,0,2,2,0,2,0,0,0,0,1
12672,serbiatourism,,3,0,3,3,0,3,0,0,0,0,1
12674,LeFrecce,,3,0,3,3,0,3,0,0,0,0,3
12676,CasaLettori,,3,0,3,3,0,3,0,0,0,0,3
12677,claudiocerasa,,3,0,3,3,0,3,0,0,0,0,3
12680,tg2rai,,2,0,2,2,0,2,0,0,0,0,2
12681,ilfoglio_it,,3,0,3,3,0,3,0,0,0,0,3
12682,Tg3web,,3,0,3,3,0,3,0,0,0,0,3
12683,SkyTG24,,5,0,5,5,0,5,0,0,0,0,3
12685,EnricoLetta,,4,0,4,4,0,4,0,0,0,0,1
12693,FIMCislStampa,,2,0,2,2,0,2,0,0,0,0,3
12694,BentivogliMarco,,2,0,2,2,0,2,0,0,0,0,3
12695,guffanti_marco,,2,0,2,2,0,2,0,0,0,0,3
12696,MilaSpicola,,2,0,2,2,0,2,0,0,0,0,3
12698,davidefaraone,,2,0,2,2,0,2,0,0,0,0,3
12700,gianlucac1,,2,0,2,2,0,2,0,0,0,0,3
12701,emanuelefiano,,3,0,3,3,0,3,0,0,0,0,3
12702,Phastidio,,2,0,2,2,0,2,0,0,0,0,3
12703,civati,,3,0,3,3,0,3,0,0,0,0,3
12704,gadlernertweet,,3,0,3,3,0,3,0,0,0,0,3
12705,BelpietroTweet,,3,0,3,3,0,3,0,0,0,0,3
12706,OGiannino,,3,0,3,3,0,3,0,0,0,0,3
12710,saraassicura,,2,0,2,2,0,2,0,0,0,0,7
12714,AIL_Onlus,,2,0,2,2,0,2,0,0,0,0,3
12716,AmbCina,,3,0,3,3,0,3,0,0,0,0,3
12717,francifialdini,,2,0,2,2,0,2,0,0,0,0,3
12757,FedeAngeli,,2,0,2,2,0,2,0,0,0,0,3
12758,vfeltri,,3,0,3,3,0,3,0,0,0,0,3
12759,mariocalabresi,,4,0,4,4,0,4,0,0,0,0,3
12761,riotta,,5,0,5,5,0,5,0,0,0,0,3
12762,esnleeuwarden,,9,0,9,9,0,9,0,0,0,0,1
12763,DavidSassoli,,4,0,4,4,0,4,0,0,0,0,1
12764,eurodeputatipd,,2,0,2,2,0,2,0,0,0,0,3
12766,SenatoriPD,,3,0,3,3,0,3,0,0,0,0,3
12768,Deputatipd,,4,0,4,4,0,4,0,0,0,0,3
12770,pdnetwork,,4,0,4,4,0,4,0,0,0,0,1
12773,CarloCalenda,,3,0,3,3,0,3,0,0,0,0,3
12774,marattin,,2,0,2,2,0,2,0,0,0,0,3
12776,TNannicini,,2,0,2,2,0,2,0,0,0,0,3
12780,marcoleonardi9,,2,0,2,2,0,2,0,0,0,0,3
12782,eTwinning_es,,5,0,5,5,0,5,0,0,0,0,1
12783,eTwinning_Ita,,5,0,5,5,0,5,0,0,0,0,3
12784,ErasmusPlusINAP,,6,0,6,6,0,6,0,0,0,0,3
12785,ANPALgov,,2,0,2,2,0,2,0,0,0,0,3
12786,EnergiaOltre,,2,0,2,2,0,2,0,0,0,0,1
12789,MediasetPlay,,3,0,3,3,0,3,0,0,0,0,3
12790,Raiofficialnews,,2,0,2,2,0,2,0,0,0,0,3
12792,RaiRadio2,,4,0,4,4,0,4,0,0,0,0,3
12795,RaiTre,,2,0,2,2,0,2,0,0,0,0,3
12796,MediasetTgcom24,,3,0,3,3,0,3,0,0,0,0,3
12804,LizGillies,,2,0,2,2,0,2,0,0,0,0,3
12805,robertosaviano,,4,0,4,4,0,4,0,0,0,0,3
12806,LiaCeli,,2,0,2,2,0,2,0,0,0,0,3
12822,valemille,,2,0,2,2,0,2,0,0,0,0,7
12829,FrecceTricolori,,2,0,2,2,0,2,0,0,0,0,3
12831,ItalianAirForce,,2,0,2,2,0,2,0,0,0,0,3
12833,poliziadistato,,3,0,3,3,0,3,0,0,0,0,3
12834,_Carabinieri_,,2,0,2,2,0,2,0,0,0,0,3
12835,Quirinale,,4,0,4,4,0,4,0,0,0,0,3
12844,cgilnazionale,,3,0,3,3,0,3,0,0,0,0,3
12845,CislNazionale,,2,0,2,2,0,2,0,0,0,0,3
12847,UILofficial,,2,0,2,2,0,2,0,0,0,0,3
12854,dirittoitaliano,,2,0,2,2,0,2,0,0,0,0,3
12855,GIConfindustria,,2,0,2,2,0,2,0,0,0,0,3
12856,ISPRA_Press,,3,0,3,3,0,3,0,0,0,0,3
12857,Diritto24,,2,0,2,2,0,2,0,0,0,0,3
12858,minambienteIT,,5,0,5,5,0,5,0,0,0,0,3
12859,Confindustria,,2,0,2,2,0,2,0,0,0,0,3
12860,istat_it,,3,0,3,3,0,3,0,0,0,0,3
12861,MISE_GOV,,5,0,5,5,0,5,0,0,0,0,3
12862,24NormeTributi,,3,0,3,3,0,3,0,0,0,0,3
12863,Agenzia_Entrate,,4,0,4,4,0,4,0,0,0,0,3
12864,MinLavoro,,5,0,5,5,0,5,0,0,0,0,3
12865,inail_gov,,3,0,3,3,0,3,0,0,0,0,3
12866,INPS_it,,4,0,4,4,0,4,0,0,0,0,3
12883,agorarai,,2,0,2,2,0,2,0,0,0,0,3
12884,TgLa7,,3,0,3,3,0,3,0,0,0,0,3
12887,you_trend,,2,0,2,2,0,2,0,0,0,0,1
12889,Agenzia_Italia,,3,0,3,3,0,3,0,0,0,0,3
12890,La7tv,,4,0,4,4,0,4,0,0,0,0,3
12892,Agenzia_Ansa,,6,0,6,6,0,6,0,0,0,0,1
12893,LaStampa,,7,0,7,7,0,7,0,0,0,0,3
12917,petergomezblog,,6,0,6,6,0,6,0,0,0,0,3
12919,Corriere,,8,0,8,8,0,8,0,0,0,0,1
12923,NatashaBertrand,,2,0,2,2,0,2,0,0,0,0,1
12939,giornalettismo,,3,0,3,3,0,3,0,0,0,0,3
12940,tempoweb,,3,0,3,3,0,3,0,0,0,0,3
12943,Libero_official,,2,0,2,2,0,2,0,0,0,0,7
12944,Linkiesta,,3,0,3,3,0,3,0,0,0,0,3
12945,ilfattoblog,,2,0,2,2,0,2,0,0,0,0,3
12947,fattoquotidiano,,5,0,5,5,0,5,0,0,0,0,1
12948,jacopo_iacoboni,,2,0,2,2,0,2,0,0,0,0,3
12951,tedlieu,,2,0,2,2,0,2,0,0,0,0,2
12952,Alyssa_Milano,,3,0,3,3,0,3,0,0,0,0,5
12953,elonmusk,,4,0,4,4,0,4,0,0,0,0,8
12954,JimCarrey,,4,0,4,4,0,4,0,0,0,0,3
12956,chrissyteigen,,3,0,3,3,0,3,0,0,0,0,2
12959,ETicaNews,,2,0,2,2,0,2,0,0,0,0,3
12961,ItaSIF,,2,0,2,2,0,2,0,0,0,0,1
12962,EticaSgr,,3,0,3,3,0,3,0,0,0,0,3
12963,FFinanzaEtica,,2,0,2,2,0,2,0,0,0,0,1
12965,bancaetica,,2,0,2,2,0,2,0,0,0,0,1
12967,PosteNews,,3,0,3,3,0,3,0,0,0,0,3
12968,shakira,,6,0,6,6,0,6,0,0,0,0,0
12969,elliegoulding,,3,0,3,3,0,3,0,0,0,0,3
12971,PixieLott,,2,0,2,2,0,2,0,0,0,0,2
12972,NicoleScherzy,,3,0,3,3,0,3,0,0,0,0,2
12991,SyriaOfficial,,2,0,2,2,0,2,0,0,0,0,2
12994,GabrieleMuccino,,2,0,2,2,0,2,0,0,0,0,3
12996,pfavino,,3,0,3,3,0,3,0,0,0,0,3
12997,SerenaDandini,,3,0,3,3,0,3,0,0,0,0,3
12999,volodelmattino,,4,0,4,4,0,4,0,0,0,0,3
13000,Fabiovoloo,,3,0,3,3,0,3,0,0,0,0,3
13001,sautieri,,3,0,3,3,0,3,0,0,0,0,3
13002,LCuccarini,,2,0,2,2,0,2,0,0,0,0,3
13003,milly_carlucci,,2,0,2,2,0,2,0,0,0,0,3
13004,lapinella,,3,0,3,3,0,3,0,0,0,0,3
13040,Gloria_Guida,,2,0,2,2,0,2,0,0,0,0,3
13041,EliaAntonella,,2,0,2,2,0,2,0,0,0,0,3
13042,casalaurito,,2,0,2,2,0,2,0,0,0,0,3
13044,Lbarriales,,3,0,3,3,0,3,0,0,0,0,2
13045,FontanaFederica,,3,0,3,3,0,3,0,0,0,0,2
13047,Raffaellafico,,3,0,3,3,0,3,0,0,0,0,2
13048,SabrinaSalerno,,2,0,2,2,0,2,0,0,0,0,3
13050,cristina_parodi,,3,0,3,3,0,3,0,0,0,0,3
13051,PamelaCamassa,,2,0,2,2,0,2,0,0,0,0,3
13054,PC_Chiambretti,,3,0,3,3,0,3,0,0,0,0,3
13056,EnricoBrignano,,3,0,3,3,0,3,0,0,0,0,3
13057,elenoirec,,3,0,3,3,0,3,0,0,0,0,2
13058,MassimoBoldi,,3,0,3,3,0,3,0,0,0,0,3
13059,rossbrescia,,2,0,2,2,0,2,0,0,0,0,3
13060,carmelitadurso,,2,0,2,2,0,2,0,0,0,0,3
13061,Simo_Ventura,,3,0,3,3,0,3,0,0,0,0,3
13079,_MiBACT,,4,0,4,4,0,4,0,0,0,0,3
13080,ignaziomarino,,4,0,4,4,0,4,0,0,0,0,3
13081,nzingaretti,,5,0,5,5,0,5,0,0,0,0,3
13082,zdizoro,,4,0,4,4,0,4,0,0,0,0,3
13083,museiincomune,,3,0,3,3,0,3,0,0,0,0,3
13084,romafaschifo,,2,0,2,2,0,2,0,0,0,0,3
13085,ilmessaggeroit,,3,0,3,3,0,3,0,0,0,0,3
13086,rep_roma,,2,0,2,2,0,2,0,0,0,0,3
13087,OfficialASRoma,,3,0,3,3,0,3,0,0,0,0,2
13088,romatoday,,2,0,2,2,0,2,0,0,0,0,3
13089,romamobilita,,3,0,3,3,0,3,0,0,0,0,3
13090,InfoAtac,,2,0,2,2,0,2,0,0,0,0,3
13091,Roma,,3,0,3,3,0,3,0,0,0,0,3
13092,FranAltomare,,2,0,2,2,0,2,0,0,0,0,3
13093,NaliOfficial,,2,0,2,2,0,2,0,0,0,0,3
13094,TristeMietitore,,3,0,3,3,0,3,0,0,0,0,2
13095,bobogiac,,3,0,3,3,0,3,0,0,0,0,1
13097,stanzaselvaggia,,3,0,3,3,0,3,0,0,0,0,3
13099,elisatoffoli,,3,0,3,3,0,3,0,0,0,0,2
13100,gianluigibuffon,,3,0,3,3,0,3,0,0,0,0,3
13101,cengizunder,,2,0,2,2,0,2,0,0,0,0,2
13102,CdGherardesca,,2,0,2,2,0,2,0,0,0,0,3
13103,Totti,,3,0,3,3,0,3,0,0,0,0,3
13104,fragolaofficial,,2,0,2,2,0,2,0,0,0,0,3
13105,angealfa,,3,0,3,3,0,3,0,0,0,0,2
13106,PLLTVSeries,,3,0,3,3,0,3,0,0,0,0,2
13107,Pontifex_it,,3,0,3,3,0,3,0,0,0,0,3
13108,tyleroakley,,2,0,2,2,0,2,0,0,0,0,3
13109,LouboutinWorld,,3,0,3,3,0,3,0,0,0,0,2
13110,FiorellaMannoia,,3,0,3,3,0,3,0,0,0,0,3
13111,Ale_Matri,,3,0,3,3,0,3,0,0,0,0,3
13114,guglielmoscilla,,3,0,3,3,0,3,0,0,0,0,2
13118,maumartina,,3,0,3,3,0,3,0,0,0,0,3
13119,antoclerici,,3,0,3,3,0,3,0,0,0,0,3
13120,Alissonbecker,,2,0,2,2,0,2,0,0,0,0,2
13121,luigidimaio,,3,0,3,3,0,3,0,0,0,0,3
13122,mtvitalia,,3,0,3,3,0,3,0,0,0,0,3
13126,jaxofficial,,3,0,3,3,0,3,0,0,0,0,3
13127,NicoSavi,,3,0,3,3,0,3,0,0,0,0,3
13128,demagistris,,3,0,3,3,0,3,0,0,0,0,3
13129,TheKolors,,2,0,2,2,0,2,0,0,0,0,3
13130,DAVID_LYNCH,,4,0,4,4,0,4,0,0,0,0,1
13132,5SOS,,2,0,2,2,0,2,0,0,0,0,2
13133,m_hunziker,,4,0,4,4,0,4,0,0,0,0,3
13134,delpieroale,,3,0,3,3,0,3,0,0,0,0,3
13135,Pirlo_official,,3,0,3,3,0,3,0,0,0,0,3
13136,matteosalvinimi,,5,0,5,5,0,5,0,0,0,0,3
13137,astro_paolo,,4,0,4,4,0,4,0,0,0,0,1
13138,KAKA,,4,0,4,4,0,4,0,0,0,0,3
13140,XFactor_Italia,,3,0,3,3,0,3,0,0,0,0,3
13141,sneijder101010,,3,0,3,3,0,3,0,0,0,0,7
13142,meb,,3,0,3,3,0,3,0,0,0,0,3
13143,Space_Station,,3,0,3,3,0,3,0,0,0,0,4
13144,WayneRooney,,3,0,3,3,0,3,0,0,0,0,2
13145,Florenzi,,3,0,3,3,0,3,0,0,0,0,5
13146,RamazzottiEros,,3,0,3,3,0,3,0,0,0,0,3
13147,dariofrance,,3,0,3,3,0,3,0,0,0,0,3
13148,lercionotizie,,3,0,3,3,0,3,0,0,0,0,3
13149,bonucci_leo19,,3,0,3,3,0,3,0,0,0,0,3
13150,leonardopieracc,,3,0,3,3,0,3,0,0,0,0,3
13151,johngreen,,4,0,4,4,0,4,0,0,0,0,2
13152,RadioItalia,,3,0,3,3,0,3,0,0,0,0,3
13153,l_castan,,2,0,2,2,0,2,0,0,0,0,3
13154,DearJackOf,,2,0,2,2,0,2,0,0,0,0,2
13155,RKarsdorp2,,2,0,2,2,0,2,0,0,0,0,2
13157,Kevin_strootman,,3,0,3,3,0,3,0,0,0,0,5
13158,EzioGreggio,,2,0,2,2,0,2,0,0,0,0,3
13159,MoSalah,,3,0,3,3,0,3,0,0,0,0,8
13160,sscnapoli,,3,0,3,3,0,3,0,0,0,0,3
13161,LucasDigne,,2,0,2,2,0,2,0,0,0,0,2
13162,chiellini,,3,0,3,3,0,3,0,0,0,0,3
13165,TorrisiLaura,,3,0,3,3,0,3,0,0,0,0,3
13166,Giorgia,,3,0,3,3,0,3,0,0,0,0,2
13167,StephenKing,,3,0,3,3,0,3,0,0,0,0,2
13168,Antoninochef,,3,0,3,3,0,3,0,0,0,0,3
13169,marcjacobs,,3,0,3,3,0,3,0,0,0,0,3
13171,Mov5Stelle,,4,0,4,4,0,4,0,0,0,0,3
13172,CremoniniCesare,,3,0,3,3,0,3,0,0,0,0,3
13173,connorfranta,,2,0,2,2,0,2,0,0,0,0,2
13176,virginiaraggi,,3,0,3,3,0,3,0,0,0,0,3
13177,vanillagirl_86,,3,0,3,3,0,3,0,0,0,0,2
13178,CalvinKlein,,3,0,3,3,0,3,0,0,0,0,2
13179,juventusfc,,3,0,3,3,0,3,0,0,0,0,3
13180,VittorioSgarbi,,3,0,3,3,0,3,0,0,0,0,3
13181,ligabue,,3,0,3,3,0,3,0,0,0,0,3
13183,Fede2Fazio,,2,0,2,2,0,2,0,0,0,0,2
13184,YSL,,3,0,3,3,0,3,0,0,0,0,2
13185,EuropaLeague,,3,0,3,3,0,3,0,0,0,0,6
13186,RudyZerbi,,3,0,3,3,0,3,0,0,0,0,3
13187,Erriders,,3,0,3,3,0,3,0,0,0,0,3
13190,beppe_grillo,,3,0,3,3,0,3,0,0,0,0,3
13191,LauraPausini,,2,0,2,2,0,2,0,0,0,0,5
13192,noemiofficial,,3,0,3,3,0,3,0,0,0,0,2
13193,troyesivan,,2,0,2,2,0,2,0,0,0,0,2
13196,PechinoExpress,,3,0,3,3,0,3,0,0,0,0,3
13197,vieri_bobo,,2,0,2,2,0,2,0,0,0,0,3
13198,reportrai3,,4,0,4,4,0,4,0,0,0,0,3
13199,PaoloGentiloni,,4,0,4,4,0,4,0,0,0,0,3
13201,NadiaToffa,,3,0,3,3,0,3,0,0,0,0,2
13202,Vivo_Azzurro,,3,0,3,3,0,3,0,0,0,0,3
13203,lauraboldrini,,3,0,3,3,0,3,0,0,0,0,3
13204,matteorenzi,,3,0,3,3,0,3,0,0,0,0,3
13205,francescacheeks,,3,0,3,3,0,3,0,0,0,0,3
13207,marcotravaglio,,3,0,3,3,0,3,0,0,0,0,3
13209,paulpogba,,3,0,3,3,0,3,0,0,0,0,5
13212,redazioneiene,,3,0,3,3,0,3,0,0,0,0,3
13213,AmorosoOF,,4,0,4,4,0,4,0,0,0,0,3
13215,TommyHilfiger,,4,0,4,4,0,4,0,0,0,0,2
13216,vittoriozucconi,,4,0,4,4,0,4,0,0,0,0,3
13217,PietroGrasso,,4,0,4,4,0,4,0,0,0,0,3
13218,acmilan,,3,0,3,3,0,3,0,0,0,0,3
13219,ToniRuediger,,3,0,3,3,0,3,0,0,0,0,5
13220,Fiorello,,3,0,3,3,0,3,0,0,0,0,3
13222,ClaMarchisio8,,3,0,3,3,0,3,0,0,0,0,3
13224,leonsfdo,,3,0,3,3,0,3,0,0,0,0,0
13228,NekOfficial,,2,0,2,2,0,2,0,0,0,0,2
13229,Juan_iturbe93,,2,0,2,2,0,2,0,0,0,0,2
13230,CB_Ignoranza,,3,0,3,3,0,3,0,0,0,0,3
13231,DeBortoliF,,3,0,3,3,0,3,0,0,0,0,3
13232,Inter,,3,0,3,3,0,3,0,0,0,0,3
13233,selfhelpafrica,,2,0,2,2,0,2,0,0,0,0,1
13234,Eurooppanuoret,,2,0,2,2,0,2,0,0,0,0,1
13238,CanadaDev,,3,0,3,3,0,3,0,0,0,0,2
13239,GPforEducation,,4,0,4,4,0,4,0,0,0,0,1
13245,LSEInequalities,,2,0,2,2,0,2,0,0,0,0,1
13246,GKBhambra,,2,0,2,2,0,2,0,0,0,0,5
13247,IDRC_CRDI,,2,0,2,2,0,2,0,0,0,0,1
13249,ODIdev,,3,0,3,3,0,3,0,0,0,0,1
13250,issnl,,3,0,3,3,0,3,0,0,0,0,7
13255,cdknetwork,,2,0,2,2,0,2,0,0,0,0,1
13258,dev_progress,,2,0,2,2,0,2,0,0,0,0,1
13270,DeptIntDevMU,,2,0,2,2,0,2,0,0,0,0,1
13277,sefbonn,,2,0,2,2,0,2,0,0,0,0,1
13279,DIE_GDI,,2,0,2,2,0,2,0,0,0,0,1
13282,diisdk,,2,0,2,2,0,2,0,0,0,0,1
13286,AFD_France,,3,0,3,3,0,3,0,0,0,0,1
13314,ISC,,2,0,2,2,0,2,0,0,0,0,1
13324,GDNint,,2,0,2,2,0,2,0,0,0,0,2
13331,GCR_21,,2,0,2,2,0,2,0,0,0,0,1
13351,EDU_ESN_TR,,4,0,4,4,0,4,0,0,0,0,7
13354,ESNUtrecht,,6,0,6,6,0,6,0,0,0,0,1
13358,CharidineH,,3,0,3,3,0,3,0,0,0,0,8
13361,PiirPet,,2,0,2,2,0,2,0,0,0,0,2
13365,mariaBnB_athens,,2,0,2,2,0,2,0,0,0,0,1
13366,esnyksug,,3,0,3,3,0,3,0,0,0,0,1
13384,thisisFINLAND,,3,0,3,3,0,3,0,0,0,0,1
13385,goodnewsfinland,,2,0,2,2,0,2,0,0,0,0,1
13386,ESNRijeka,,3,0,3,3,0,3,0,0,0,0,4
13387,ESNWUM,,3,0,3,3,0,3,0,0,0,0,7
13388,ESN_Huelva,,3,0,3,3,0,3,0,0,0,0,4
13389,ESNBergen,,3,0,3,3,0,3,0,0,0,0,4
13390,IESN_MU,,3,0,3,3,0,3,0,0,0,0,4
13391,ISSNUIG,,3,0,3,3,0,3,0,0,0,0,1
13392,Esn_Ibu,,3,0,3,3,0,3,0,0,0,0,7
13393,ESNFerrara,,3,0,3,3,0,3,0,0,0,0,1
13394,ISCostrava,,3,0,3,3,0,3,0,0,0,0,7
13395,GONG_hr,,2,0,2,2,0,2,0,0,0,0,1
13396,ESThinktank,,4,0,4,4,0,4,0,0,0,0,1
13397,EUCA_BXL,,4,0,4,4,0,4,0,0,0,0,1
13398,Ef_VET,,4,0,4,4,0,4,0,0,0,0,1
13399,bycLIVE,,3,0,3,3,0,3,0,0,0,0,1
13400,Abroadship,,3,0,3,3,0,3,0,0,0,0,1
13401,AIEAWorld,,4,0,4,4,0,4,0,0,0,0,1
13402,uniworldnews,,3,0,3,3,0,3,0,0,0,0,1
13403,IDPDRIE,,3,0,3,3,0,3,0,0,0,0,2
13404,EUpalestinians,,3,0,3,3,0,3,0,0,0,0,1
13405,EYEprogramme,,3,0,3,3,0,3,0,0,0,0,1
13406,europanostra,,4,0,4,4,0,4,0,0,0,0,1
13407,AreWeEurope,,3,0,3,3,0,3,0,0,0,0,1
13409,esn_bonn,,2,0,2,2,0,2,0,0,0,0,1
13415,Tylkkari,,2,0,2,2,0,2,0,0,0,0,1
13418,_tamko,,2,0,2,2,0,2,0,0,0,0,1
13425,unifiry,,3,0,3,3,0,3,0,0,0,0,1
13431,Tieteentek,,2,0,2,2,0,2,0,0,0,0,1
13445,ylioppilaskunta,,2,0,2,2,0,2,0,0,0,0,1
13460,annikanevanpaa,,2,0,2,2,0,2,0,0,0,0,1
13467,okmfi,,2,0,2,2,0,2,0,0,0,0,1
13468,instituutit,,2,0,2,2,0,2,0,0,0,0,1
13481,FinEmbBrussels,,2,0,2,2,0,2,0,0,0,0,1
13488,EmbFinMadrid,,2,0,2,2,0,2,0,0,0,0,1
13492,FinlandinUSA,,2,0,2,2,0,2,0,0,0,0,1
13495,edu_EEF,,2,0,2,2,0,2,0,0,0,0,1
13497,teamfinlandfi,,2,0,2,2,0,2,0,0,0,0,1
13498,Oxfam,,3,0,3,3,0,3,0,0,0,0,1
13509,UNCTAD,,3,0,3,3,0,3,0,0,0,0,1
13510,tiedekulma,,2,0,2,2,0,2,0,0,0,0,1
13511,HCollegium,,2,0,2,2,0,2,0,0,0,0,1
13519,GdnDevelopment,,3,0,3,3,0,3,0,0,0,0,1
13520,GlobalGoalsUN,,6,0,6,6,0,6,0,0,0,0,1
13521,UNRISD,,2,0,2,2,0,2,0,0,0,0,1
13527,UNDP,,5,0,5,5,0,5,0,0,0,0,1
13528,WorldBankAfrica,,2,0,2,2,0,2,0,0,0,0,1
13530,CONCORD_Europe,,4,0,4,4,0,4,0,0,0,0,1
13532,UNUWIDER,,4,0,4,4,0,4,0,0,0,0,1
13534,VilleNiinisto,,2,0,2,2,0,2,0,0,0,0,1
13538,ClimateReality,,3,0,3,3,0,3,0,0,0,0,1
13539,theGEF,,2,0,2,2,0,2,0,0,0,0,1
13540,WorldWeWant2030,,2,0,2,2,0,2,0,0,0,0,1
13541,CIVICUSalliance,,3,0,3,3,0,3,0,0,0,0,1
13551,OECDdev,,2,0,2,2,0,2,0,0,0,0,1
13552,OECD_Centre,,3,0,3,3,0,3,0,0,0,0,2
13566,tasaarvo_news,,2,0,2,2,0,2,0,0,0,0,1
13567,yhdenvertaisuus,,2,0,2,2,0,2,0,0,0,0,1
13572,UM_ET,,3,0,3,3,0,3,0,0,0,0,1
13575,demokraatti_fi,,2,0,2,2,0,2,0,0,0,0,1
13594,SYL_FIN,,2,0,2,2,0,2,0,0,0,0,1
13606,LiikkaMax,,2,0,2,2,0,2,0,0,0,0,1
13615,StudentUnionTYY,,2,0,2,2,0,2,0,0,0,0,1
13617,Haavisto,,3,0,3,3,0,3,0,0,0,0,1
13619,Sida,,2,0,2,2,0,2,0,0,0,0,1
13625,ClimateGroup,,2,0,2,2,0,2,0,0,0,0,1
13627,WWF,,4,0,4,4,0,4,0,0,0,0,1
13628,Greenpeace,,3,0,3,3,0,3,0,0,0,0,1
13630,friends_earth,,2,0,2,2,0,2,0,0,0,0,2
13631,UNOCHA,,5,0,5,5,0,5,0,0,0,0,2
13633,SavetheChildren,,3,0,3,3,0,3,0,0,0,0,1
13635,liandersson,,3,0,3,3,0,3,0,0,0,0,1
13637,USAID,,3,0,3,3,0,3,0,0,0,0,1
13643,CSOPartnership_,,2,0,2,2,0,2,0,0,0,0,1
13651,TheWilsonCenter,,2,0,2,2,0,2,0,0,0,0,1
13653,Eurooppasali,,2,0,2,2,0,2,0,0,0,0,1
13655,africaprogress,,2,0,2,2,0,2,0,0,0,0,1
13656,africagathering,,2,0,2,2,0,2,0,0,0,0,1
13660,ClimatePower,,2,0,2,2,0,2,0,0,0,0,1
13661,JuttaUrpilainen,,2,0,2,2,0,2,0,0,0,0,1
13662,UNFCCC,,5,0,5,5,0,5,0,0,0,0,3
13665,undata,,2,0,2,2,0,2,0,0,0,0,2
13667,CGDev,,2,0,2,2,0,2,0,0,0,0,1
13668,CANEurope,,2,0,2,2,0,2,0,0,0,0,1
13669,ECDPM,,3,0,3,3,0,3,0,0,0,0,1
13674,AidData,,2,0,2,2,0,2,0,0,0,0,1
13675,TheAfricaReport,,2,0,2,2,0,2,0,0,0,0,1
13677,pooreconomics,,2,0,2,2,0,2,0,0,0,0,1
13678,africareview,,2,0,2,2,0,2,0,0,0,0,1
13679,ReutersAfrica,,3,0,3,3,0,3,0,0,0,0,1
13687,Ylioppilaslehti,,2,0,2,2,0,2,0,0,0,0,1
13695,SAMOK_FIN,,2,0,2,2,0,2,0,0,0,0,1
13696,OYYtwiittaa,,2,0,2,2,0,2,0,0,0,0,1
13698,VYYtweets,,2,0,2,2,0,2,0,0,0,0,1
13702,TampereUni,,3,0,3,3,0,3,0,0,0,0,1
13703,TAMK_UAS,,3,0,3,3,0,3,0,0,0,0,1
13704,JAMK_fi,,3,0,3,3,0,3,0,0,0,0,1
13705,uniofjyvaskyla,,2,0,2,2,0,2,0,0,0,0,1
13707,yliopistolehti,,2,0,2,2,0,2,0,0,0,0,1
13718,OSKU_ry,,2,0,2,2,0,2,0,0,0,0,1
13734,sevendelin,,2,0,2,2,0,2,0,0,0,0,1
13737,DFID_UK,,3,0,3,3,0,3,0,0,0,0,1
13738,AfDB_Group,,3,0,3,3,0,3,0,0,0,0,1
13745,carolafrediani,,3,0,3,3,0,3,0,0,0,0,3
13747,timnitGebru,,3,0,3,3,0,3,0,0,0,0,3
13750,AisocietyU,,2,0,2,2,0,2,0,0,0,0,3
13751,INFN_LNF,,2,0,2,2,0,2,0,0,0,0,3
13752,BerkeleyLab,,2,0,2,2,0,2,0,0,0,0,1
13753,QuantumFlagship,,2,0,2,2,0,2,0,0,0,0,1
13754,Caltech,,2,0,2,2,0,2,0,0,0,0,1
13756,nature,,5,0,5,5,0,5,0,0,0,0,3
13761,RobertGaristo,,2,0,2,2,0,2,0,0,0,0,1
13765,bgreene,,2,0,2,2,0,2,0,0,0,0,1
13768,ESNAveiro,,7,0,7,7,0,7,0,0,0,0,1
13769,ESNNapoli,,7,0,7,7,0,7,0,0,0,0,1
13770,ESNTeiPir,,7,0,7,7,0,7,0,0,0,0,1
13771,ESN_BelUPgrade,,8,0,8,8,0,8,0,0,0,0,1
13773,ESNRGU,,6,0,6,6,0,6,0,0,0,0,3
13774,ESNCZU,,5,0,5,5,0,5,0,0,0,0,3
13775,EsnPlym,,7,0,7,7,0,7,0,0,0,0,3
13776,ESN_Eger,,7,0,7,7,0,7,0,0,0,0,3
13777,esn_ukf_nitra,,6,0,6,6,0,6,0,0,0,0,3
13778,EsnBelgiumLLN,,6,0,6,6,0,6,0,0,0,0,3
13784,alexvespi,,2,0,2,2,0,2,0,0,0,0,3
13785,ServizioRicerc,,2,0,2,2,0,2,0,0,0,0,3
13786,SoBigData,,2,0,2,2,0,2,0,0,0,0,3
13791,Ronald_vanLoon,,2,0,2,2,0,2,0,0,0,0,8
13792,PhysicsWorld,,3,0,3,3,0,3,0,0,0,0,3
13795,CorInnovazione,,3,0,3,3,0,3,0,0,0,0,3
13796,physorg_com,,3,0,3,3,0,3,0,0,0,0,1
13797,WIRED,,6,0,6,6,0,6,0,0,0,0,2
13798,BBCTech,,3,0,3,3,0,3,0,0,0,0,2
13799,fttechnews,,3,0,3,3,0,3,0,0,0,0,3
13801,DeepLearn007,,2,0,2,2,0,2,0,0,0,0,8
13804,MonicaPanetto,,2,0,2,2,0,2,0,0,0,0,3
13805,Sissaschool,,3,0,3,3,0,3,0,0,0,0,3
13806,massimosideri,,3,0,3,3,0,3,0,0,0,0,3
13807,martinapennisi,,2,0,2,2,0,2,0,0,0,0,3
13809,Nova24Tec,,3,0,3,3,0,3,0,0,0,0,3
13811,ferrazza,,2,0,2,2,0,2,0,0,0,0,3
13812,RiccardoLuna,,3,0,3,3,0,3,0,0,0,0,7
13815,scuolanormale,,4,0,4,4,0,4,0,0,0,0,3
13816,PadovaCultura,,3,0,3,3,0,3,0,0,0,0,3
13817,comunepadova,,2,0,2,2,0,2,0,0,0,0,3
13825,MasterBigDataPi,,2,0,2,2,0,2,0,0,0,0,3
13827,DataScienceCtrl,,2,0,2,2,0,2,0,0,0,0,8
13828,TgrRai,,2,0,2,2,0,2,0,0,0,0,3
13829,TgrVeneto,,2,0,2,2,0,2,0,0,0,0,3
13830,RadioBue,,3,0,3,3,0,3,0,0,0,0,3
13831,IITalk,,3,0,3,3,0,3,0,0,0,0,3
13832,galileianaunipd,,3,0,3,3,0,3,0,0,0,0,3
13833,randal_olson,,3,0,3,3,0,3,0,0,0,0,8
13834,INFN_,,4,0,4,4,0,4,0,0,0,0,3
13835,INFNPadova,,2,0,2,2,0,2,0,0,0,0,3
13838,royalsociety,,3,0,3,3,0,3,0,0,0,0,2
13839,PhysicsNews,,3,0,3,3,0,3,0,0,0,0,3
13841,startup_italia,,3,0,3,3,0,3,0,0,0,0,3
13843,kaggle,,2,0,2,2,0,2,0,0,0,0,8
13845,scuola24,,3,0,3,3,0,3,0,0,0,0,3
13846,RaiScuola,,3,0,3,3,0,3,0,0,0,0,3
13847,CERN,,5,0,5,5,0,5,0,0,0,0,3
13849,KirkDBorne,,2,0,2,2,0,2,0,0,0,0,8
13853,CERNpress,,2,0,2,2,0,2,0,0,0,0,1
13858,NYTScience,,3,0,3,3,0,3,0,0,0,0,1
13859,carlzimmer,,2,0,2,2,0,2,0,0,0,0,1
13860,edyong209,,2,0,2,2,0,2,0,0,0,0,1
13861,deborahblum,,2,0,2,2,0,2,0,0,0,0,1
13864,sbencivu,,2,0,2,2,0,2,0,0,0,0,3
13866,GiovanniSpataro,,2,0,2,2,0,2,0,0,0,0,3
13869,Radio24_news,,3,0,3,3,0,3,0,0,0,0,3
13870,Moebius_Darwin,,3,0,3,3,0,3,0,0,0,0,3
13871,CNRsocial_,,3,0,3,3,0,3,0,0,0,0,3
13872,OggiScienza,,2,0,2,2,0,2,0,0,0,0,3
13874,Radio3scienza,,4,0,4,4,0,4,0,0,0,0,3
13876,giovannicaprara,,2,0,2,2,0,2,0,0,0,0,3
13877,CorriereAlpi,,4,0,4,4,0,4,0,0,0,0,3
13878,il_piccolo,,2,0,2,2,0,2,0,0,0,0,3
13879,nuova_venezia,,3,0,3,3,0,3,0,0,0,0,3
13880,tribuna_treviso,,2,0,2,2,0,2,0,0,0,0,3
13881,messveneto,,2,0,2,2,0,2,0,0,0,0,3
13882,giulioperuzzi,,2,0,2,2,0,2,0,0,0,0,3
13885,LaStampaTech,,2,0,2,2,0,2,0,0,0,0,2
13886,lucatremolada,,2,0,2,2,0,2,0,0,0,0,7
13887,lucadebiase,,3,0,3,3,0,3,0,0,0,0,3
13889,corriereveneto,,4,0,4,4,0,4,0,0,0,0,3
13890,Gazzettino,,3,0,3,3,0,3,0,0,0,0,3
13891,40silvie,,2,0,2,2,0,2,0,0,0,0,3
13892,ForbesTech,,4,0,4,4,0,4,0,0,0,0,2
13895,MIT_Physics,,2,0,2,2,0,2,0,0,0,0,1
13896,PhysRevE,,2,0,2,2,0,2,0,0,0,0,3
13900,alumniunipd,,2,0,2,2,0,2,0,0,0,0,3
13902,Focus_it,,3,0,3,3,0,3,0,0,0,0,3
13903,le_scienze,,4,0,4,4,0,4,0,0,0,0,3
13904,wireditalia,,4,0,4,4,0,4,0,0,0,0,3
13905,NatureComms,,3,0,3,3,0,3,0,0,0,0,3
13906,NewsfromScience,,3,0,3,3,0,3,0,0,0,0,3
13907,ScienceMagazine,,7,0,7,7,0,7,0,0,0,0,3
13908,NaturePhysics,,2,0,2,2,0,2,0,0,0,0,3
13909,UniboMagazine,,3,0,3,3,0,3,0,0,0,0,1
13910,LaStatale,,6,0,6,6,0,6,0,0,0,0,3
13911,Unicatt,,4,0,4,4,0,4,0,0,0,0,3
13912,Unibocconi,,3,0,3,3,0,3,0,0,0,0,1
13913,Unipisa,,5,0,5,5,0,5,0,0,0,0,3
13914,polimi,,3,0,3,3,0,3,0,0,0,0,1
13915,unito,,5,0,5,5,0,5,0,0,0,0,3
13916,PoliTOnews,,4,0,4,4,0,4,0,0,0,0,3
13917,CaFoscari,,6,0,6,6,0,6,0,0,0,0,3
13918,SapienzaRoma,,5,0,5,5,0,5,0,0,0,0,3
13922,cxdig,,2,0,2,2,0,2,0,0,0,0,8
13924,IlBoLive,,4,0,4,4,0,4,0,0,0,0,3
13925,IBMWatson,,3,0,3,3,0,3,0,0,0,0,3
13928,DeepMind,,2,0,2,2,0,2,0,0,0,0,8
13931,MITOCW,,4,0,4,4,0,4,0,0,0,0,3
13933,SamirSuweis,,2,0,2,2,0,2,0,0,0,0,3
13938,MC_Carro,,4,0,4,4,0,4,0,0,0,0,3
13941,ConservatorioPd,,2,0,2,2,0,2,0,0,0,0,3
13950,manfredi_min,,2,0,2,2,0,2,0,0,0,0,3
13953,EBioMedicine,,2,0,2,2,0,2,0,0,0,0,5
13956,apre_it,,2,0,2,2,0,2,0,0,0,0,3
13957,CMSExperiment,,2,0,2,2,0,2,0,0,0,0,1
13958,andreabettini,,2,0,2,2,0,2,0,0,0,0,6
13963,CittadinidiTwtt,,3,0,3,3,0,3,0,0,0,0,3
13964,fdicos10,,2,0,2,2,0,2,0,0,0,0,3
13970,UniVerona,,4,0,4,4,0,4,0,0,0,0,1
13974,UniAvogadro,,2,0,2,2,0,2,0,0,0,0,1
13976,fabfazio,,4,0,4,4,0,4,0,0,0,0,3
13977,UniTrento,,2,0,2,2,0,2,0,0,0,0,1
13979,RobertoBurioni,,3,0,3,3,0,3,0,0,0,0,3
13983,univaq,,3,0,3,3,0,3,0,0,0,0,1
13984,iuav,,3,0,3,3,0,3,0,0,0,0,1
13993,guidogentili1,,2,0,2,2,0,2,0,0,0,0,3
13998,Eugenio_Bruno,,2,0,2,2,0,2,0,0,0,0,3
14006,AttilioGeroni,,2,0,2,2,0,2,0,0,0,0,3
14016,isabelladellav1,,2,0,2,2,0,2,0,0,0,0,3
14053,Paolo_Foschi,,2,0,2,2,0,2,0,0,0,0,3
14059,paolapica,,2,0,2,2,0,2,0,0,0,0,3
14064,danilotaino,,2,0,2,2,0,2,0,0,0,0,3
14067,elenatebano,,2,0,2,2,0,2,0,0,0,0,3
14068,FabioSavelli,,2,0,2,2,0,2,0,0,0,0,3
14070,Stef_Montefiori,,2,0,2,2,0,2,0,0,0,0,3
14078,dariodivico,,2,0,2,2,0,2,0,0,0,0,3
14081,MadameSwann,,2,0,2,2,0,2,0,0,0,0,3
14090,AndreaMarinelli,,3,0,3,3,0,3,0,0,0,0,3
14094,viviana_mazza,,2,0,2,2,0,2,0,0,0,0,3
14097,beamontini,,2,0,2,2,0,2,0,0,0,0,3
14101,martaserafini,,2,0,2,2,0,2,0,0,0,0,3
14102,Daniele_Manca,,2,0,2,2,0,2,0,0,0,0,3
14103,guidosant,,2,0,2,2,0,2,0,0,0,0,3
14104,beppesevergnini,,3,0,3,3,0,3,0,0,0,0,7
14106,clavolt,,2,0,2,2,0,2,0,0,0,0,3
14109,chedisagio,,3,0,3,3,0,3,0,0,0,0,3
14122,corinnadecesare,,2,0,2,2,0,2,0,0,0,0,3
14126,lucfontana,,2,0,2,2,0,2,0,0,0,0,3
14127,VenezianiMT,,2,0,2,2,0,2,0,0,0,0,3
14138,ilcruccu,,2,0,2,2,0,2,0,0,0,0,3
14141,PierluigiBattis,,2,0,2,2,0,2,0,0,0,0,3
14144,monicaguerzoni,,2,0,2,2,0,2,0,0,0,0,3
14145,rquerze,,2,0,2,2,0,2,0,0,0,0,3
14153,antdegre,,2,0,2,2,0,2,0,0,0,0,3
14158,elvira_serra,,2,0,2,2,0,2,0,0,0,0,3
14160,marcoimarisio,,2,0,2,2,0,2,0,0,0,0,3
14164,GiusiFasano,,3,0,3,3,0,3,0,0,0,0,3
14170,guidoolimpio,,3,0,3,3,0,3,0,0,0,0,3
14185,bastefanelli,,2,0,2,2,0,2,0,0,0,0,3
14192,Trovolavoro,,3,0,3,3,0,3,0,0,0,0,3
14193,corrieremilano,,3,0,3,3,0,3,0,0,0,0,3
14194,corriereroma,,2,0,2,2,0,2,0,0,0,0,3
14195,IOdonna,,2,0,2,2,0,2,0,0,0,0,3
14196,nuvoladellavoro,,3,0,3,3,0,3,0,0,0,0,3
14197,CorriereTv,,2,0,2,2,0,2,0,0,0,0,2
14198,L_Europeo,,2,0,2,2,0,2,0,0,0,0,2
14199,La27ora,,2,0,2,2,0,2,0,0,0,0,3
14200,FondCorriere,,2,0,2,2,0,2,0,0,0,0,3
14201,La_Lettura,,2,0,2,2,0,2,0,0,0,0,3
14202,Solferino28,,2,0,2,2,0,2,0,0,0,0,3
14203,Corriere_Esteri,,2,0,2,2,0,2,0,0,0,0,3
14217,marcomensurati,,2,0,2,2,0,2,0,0,0,0,3
14219,sarabertuccioli,,2,0,2,2,0,2,0,0,0,0,1
14220,ernieassa,,2,0,2,2,0,2,0,0,0,0,3
14224,menicr,,2,0,2,2,0,2,0,0,0,0,3
14229,AlessioSgherza,,2,0,2,2,0,2,0,0,0,0,1
14235,rsta,,2,0,2,2,0,2,0,0,0,0,3
14236,gerryadi,,2,0,2,2,0,2,0,0,0,0,3
14239,ScuolaSantAnna,,3,0,3,3,0,3,0,0,0,0,3
14242,francescacaferr,,2,0,2,2,0,2,0,0,0,0,3
14253,mastrobradipo,,2,0,2,2,0,2,0,0,0,0,3
14261,Aiannuzzi,,2,0,2,2,0,2,0,0,0,0,3
14265,FedericoRampini,,3,0,3,3,0,3,0,0,0,0,3
14267,carlobonini,,2,0,2,2,0,2,0,0,0,0,3
14268,lucapagni,,2,0,2,2,0,2,0,0,0,0,3
14269,m_giuffrida,,2,0,2,2,0,2,0,0,0,0,3
14270,antoguerrera,,3,0,3,3,0,3,0,0,0,0,3
14281,anaisginori,,2,0,2,2,0,2,0,0,0,0,3
14285,MonicaRubino1,,2,0,2,2,0,2,0,0,0,0,3
14291,eziomauro,,3,0,3,3,0,3,0,0,0,0,3
14298,giusmo1,,2,0,2,2,0,2,0,0,0,0,7
14299,la_kuzzo,,3,0,3,3,0,3,0,0,0,0,3
14301,Gogodemarchis,,2,0,2,2,0,2,0,0,0,0,3
14305,VikyBorgomeo,,3,0,3,3,0,3,0,0,0,0,3
14331,marcoazzi66,,2,0,2,2,0,2,0,0,0,0,3
14335,franvanni,,2,0,2,2,0,2,0,0,0,0,3
14361,Tommasocerno,,2,0,2,2,0,2,0,0,0,0,3
14362,albertomelloni,,2,0,2,2,0,2,0,0,0,0,3
14363,fromTGA,,2,0,2,2,0,2,0,0,0,0,3
14364,MoisesNaim,,2,0,2,2,0,2,0,0,0,0,3
14367,SalmanRushdie,,2,0,2,2,0,2,0,0,0,0,1
14368,SBartezzaghi,,2,0,2,2,0,2,0,0,0,0,3
14369,concitadeg,,4,0,4,4,0,4,0,0,0,0,3
14370,aledenicola,,2,0,2,2,0,2,0,0,0,0,3
14371,rossidoria,,2,0,2,2,0,2,0,0,0,0,3
14373,GotorMiguel,,2,0,2,2,0,2,0,0,0,0,3
14374,FerdiGiugliano,,3,0,3,3,0,3,0,0,0,0,3
14376,AleRosina68,,2,0,2,2,0,2,0,0,0,0,3
14379,emanuelefelice2,,2,0,2,2,0,2,0,0,0,0,3
14381,MassimGiannini,,3,0,3,3,0,3,0,0,0,0,3
14387,albertonotar,,2,0,2,2,0,2,0,0,0,0,3
14390,VoxEurop,,3,0,3,3,0,3,0,0,0,0,1
14396,giovakarma,,2,0,2,2,0,2,0,0,0,0,3
14398,VoxEuropIT,,3,0,3,3,0,3,0,0,0,0,3
14400,Vistidaglialtri,,2,0,2,2,0,2,0,0,0,0,3
14409,unitaonline,,4,0,4,4,0,4,0,0,0,0,3
14417,RegioneVeneto,,2,0,2,2,0,2,0,0,0,0,3
14419,mariescurie_ire,,2,0,2,2,0,2,0,0,0,0,1
14422,astro_luca,,4,0,4,4,0,4,0,0,0,0,3
14424,profgviesti,,2,0,2,2,0,2,0,0,0,0,3
14447,UNI_FIRENZE,,4,0,4,4,0,4,0,0,0,0,3
14448,FBKcom,,2,0,2,2,0,2,0,0,0,0,3
14449,FerraginaTeach,,2,0,2,2,0,2,0,0,0,0,3
14454,Internazionale,,3,0,3,3,0,3,0,0,0,0,1
14470,BBCScienceNews,,4,0,4,4,0,4,0,0,0,0,2
14471,Slate,,3,0,3,3,0,3,0,0,0,0,5
14473,NYTmag,,2,0,2,2,0,2,0,0,0,0,1
14475,PopMech,,3,0,3,3,0,3,0,0,0,0,1
14477,BBCEarth,,3,0,3,3,0,3,0,0,0,0,1
14479,WSJ,,5,0,5,5,0,5,0,0,0,0,1
14480,TheEconomist,,6,0,6,6,0,6,0,0,0,0,1
14481,Forbes,,6,0,6,6,0,6,0,0,0,0,2
14482,WiredUK,,2,0,2,2,0,2,0,0,0,0,1
14489,amsciam,,2,0,2,2,0,2,0,0,0,0,1
14490,williaqj,,2,0,2,2,0,2,0,0,0,0,1
14491,akuchment,,2,0,2,2,0,2,0,0,0,0,1
14493,jgold85,,2,0,2,2,0,2,0,0,0,0,1
14499,tvjrennie,,2,0,2,2,0,2,0,0,0,0,1
14500,ferrisjabr,,2,0,2,2,0,2,0,0,0,0,1
14504,michaelshermer,,2,0,2,2,0,2,0,0,0,0,1
14506,AstroKatie,,2,0,2,2,0,2,0,0,0,0,1
14507,Laelaps,,2,0,2,2,0,2,0,0,0,0,1
14510,philipyam,,2,0,2,2,0,2,0,0,0,0,1
14518,cgorman,,2,0,2,2,0,2,0,0,0,0,1
14521,KHCourage,,2,0,2,2,0,2,0,0,0,0,1
14522,marynmck,,2,0,2,2,0,2,0,0,0,0,1
14524,fredguterl,,2,0,2,2,0,2,0,0,0,0,1
14525,RobinLloyd99,,2,0,2,2,0,2,0,0,0,0,1
14528,Pogue,,2,0,2,2,0,2,0,0,0,0,3
14529,lindy2350,,2,0,2,2,0,2,0,0,0,0,1
14533,DaisyYuhas,,2,0,2,2,0,2,0,0,0,0,1
14564,markfischetti,,2,0,2,2,0,2,0,0,0,0,1
14570,LeeBillings,,2,0,2,2,0,2,0,0,0,0,1
14571,SteveMirsky,,2,0,2,2,0,2,0,0,0,0,1
14574,mdichristina,,2,0,2,2,0,2,0,0,0,0,1
14578,Jeffdelviscio,,2,0,2,2,0,2,0,0,0,0,1
14591,NatureClimate,,2,0,2,2,0,2,0,0,0,0,1
14592,SciReports,,2,0,2,2,0,2,0,0,0,0,1
14593,naturemethods,,2,0,2,2,0,2,0,0,0,0,1
14596,NatureOutlook,,2,0,2,2,0,2,0,0,0,0,1
14598,NatureNeuro,,2,0,2,2,0,2,0,0,0,0,1
14612,jeffmervis,,2,0,2,2,0,2,0,0,0,0,1
14634,NatGeoMag,,2,0,2,2,0,2,0,0,0,0,3
14635,apod,,3,0,3,3,0,3,0,0,0,0,0
14636,ReutersScience,,3,0,3,3,0,3,0,0,0,0,1
14639,RichardDawkins,,3,0,3,3,0,3,0,0,0,0,2
14640,cittascienza,,2,0,2,2,0,2,0,0,0,0,3
14642,NobelPrize,,3,0,3,3,0,3,0,0,0,0,2
14643,aaas,,2,0,2,2,0,2,0,0,0,0,3
14646,sciwritersitaly,,2,0,2,2,0,2,0,0,0,0,3
14647,ESA_Rosetta,,3,0,3,3,0,3,0,0,0,0,0
14648,DiscoverMag,,3,0,3,3,0,3,0,0,0,0,1
14649,EuroGeosciences,,3,0,3,3,0,3,0,0,0,0,1
14650,AccademiaCrusca,,3,0,3,3,0,3,0,0,0,0,3
14653,radio3mondo,,2,0,2,2,0,2,0,0,0,0,3
14654,Radio3tweet,,3,0,3,3,0,3,0,0,0,0,3
14655,esaoperations,,3,0,3,3,0,3,0,0,0,0,1
14656,ESA_EO,,3,0,3,3,0,3,0,0,0,0,3
14661,PieroAngelaa,,2,0,2,2,0,2,0,0,0,0,3
14677,AstroSamantha,,4,0,4,4,0,4,0,0,0,0,3
14678,ASI_spazio,,3,0,3,3,0,3,0,0,0,0,1
14680,NCP_Brussels,,3,0,3,3,0,3,0,0,0,0,1
14681,HorizonMagEU,,5,0,5,5,0,5,0,0,0,0,1
14682,Mariecurie_alum,,3,0,3,3,0,3,0,0,0,0,1
14698,AreaSciencePark,,3,0,3,3,0,3,0,0,0,0,1
14699,ictpnews,,2,0,2,2,0,2,0,0,0,0,1
14704,barabasi,,2,0,2,2,0,2,0,0,0,0,3
14705,EuSport,,4,0,4,4,0,4,0,0,0,0,1
14706,DigitalSkillsEU,,3,0,3,3,0,3,0,0,0,0,1
14707,MSCActions,,5,0,5,5,0,5,0,0,0,0,1
14708,EU_Careers,,6,0,6,6,0,6,0,0,0,0,1
14709,Cedefop,,4,0,4,4,0,4,0,0,0,0,1
14710,EUintheUS,,4,0,4,4,0,4,0,0,0,0,1
14711,DipPoliticheUE,,3,0,3,3,0,3,0,0,0,0,1
14712,PE_Italia,,3,0,3,3,0,3,0,0,0,0,1
14713,Europarl_IT,,4,0,4,4,0,4,0,0,0,0,3
14714,europainitalia,,4,0,4,4,0,4,0,0,0,0,3
14715,uniud,,3,0,3,3,0,3,0,0,0,0,1
14716,EUSciComm,,3,0,3,3,0,3,0,0,0,0,4
14718,UniTrieste,,2,0,2,2,0,2,0,0,0,0,1
14722,ESO,,3,0,3,3,0,3,0,0,0,0,1
14723,ESAGaia,,2,0,2,2,0,2,0,0,0,0,1
14724,ESA_Italia,,4,0,4,4,0,4,0,0,0,0,3
14728,ResearchItaly,,3,0,3,3,0,3,0,0,0,0,3
14729,BepiColombo,,2,0,2,2,0,2,0,0,0,0,1
14732,inafinnova,,2,0,2,2,0,2,0,0,0,0,3
14742,SantAnnaPisa,,2,0,2,2,0,2,0,0,0,0,3
14743,ENS_ULM,,2,0,2,2,0,2,0,0,0,0,1
14748,LeuvenU,,3,0,3,3,0,3,0,0,0,0,1
14749,OUPAcademic,,2,0,2,2,0,2,0,0,0,0,3
14755,fisicaUS,,2,0,2,2,0,2,0,0,0,0,1
14756,NucPhys,,2,0,2,2,0,2,0,0,0,0,1
14759,EU_H2020,,7,0,7,7,0,7,0,0,0,0,1
14760,EU_ScienceHub,,5,0,5,5,0,5,0,0,0,0,1
14761,EUScienceInnov,,6,0,6,6,0,6,0,0,0,0,1
14762,scibus,,3,0,3,3,0,3,0,0,0,0,1
14770,IRBBarcelona,,3,0,3,3,0,3,0,0,0,0,0
14774,Pennacchiiiii,,3,0,3,3,0,3,0,0,0,0,3
14782,GiorgioSbrissa,,2,0,2,2,0,2,0,0,0,0,3
14784,VeneziePost,,2,0,2,2,0,2,0,0,0,0,3
14786,AnsaVeneto,,2,0,2,2,0,2,0,0,0,0,3
14787,BlogDiPadova,,2,0,2,2,0,2,0,0,0,0,3
14794,MiguelA1223,,2,0,2,2,0,2,0,0,0,0,8
14797,Sharp_Cloud,,3,0,3,3,0,3,0,0,0,0,0
14799,nescence_,,3,0,3,3,0,3,0,0,0,0,6
14801,Gamero_mero,,2,0,2,2,0,2,0,0,0,0,1
14810,Zequiodzilla,,2,0,2,2,0,2,0,0,0,0,5
14816,lovlock03,,2,0,2,2,0,2,0,0,0,0,6
14820,theworldindex,,2,0,2,2,0,2,0,0,0,0,8
14824,zapeandola6,,3,0,3,3,0,3,0,0,0,0,8
14825,yozatu,,3,0,3,3,0,3,0,0,0,0,8
14826,sisiosinoSER,,3,0,3,3,0,3,0,0,0,0,0
14827,dog_feelings,,3,0,3,3,0,3,0,0,0,0,2
14833,BobPopVeTV,,3,0,3,3,0,3,0,0,0,0,0
14836,dumbdrunkpeople,,3,0,3,3,0,3,0,0,0,0,8
14840,fjamie013,,3,0,3,3,0,3,0,0,0,0,2
14843,nayibbukele,,2,0,2,2,0,2,0,0,0,0,8
14846,AnaNur_20,,2,0,2,2,0,2,0,0,0,0,8
14848,guerracivilbot,,4,0,4,4,0,4,0,0,0,0,1
14849,worldwarbot,,4,0,4,4,0,4,0,0,0,0,1
14856,AAAAAGGHHHH,,3,0,3,3,0,3,0,0,0,0,8
14858,MafaldaDigital,,3,0,3,3,0,3,0,0,0,0,2
14859,Micros_Abiertos,,3,0,3,3,0,3,0,0,0,0,8
14865,edusadeci,,2,0,2,2,0,2,0,0,0,0,8
14866,rosimmx,,2,0,2,2,0,2,0,0,0,0,8
14870,Wikingenieria,,2,0,2,2,0,2,0,0,0,0,8
14878,ClaraGrima,,4,0,4,4,0,4,0,0,0,0,0
14883,TeXtip,,2,0,2,2,0,2,0,0,0,0,8
14891,GDGgranada,,3,0,3,3,0,3,0,0,0,0,8
14896,SANDROREYOFICIA,,2,0,2,2,0,2,0,0,0,0,5
14897,ScienceTip,,3,0,3,3,0,3,0,0,0,0,8
14898,fuedicho,,2,0,2,2,0,2,0,0,0,0,8
14905,LocoMundoCero,,3,0,3,3,0,3,0,0,0,0,8
14906,moderdonia,,2,0,2,2,0,2,0,0,0,0,8
14909,diff_eq,,3,0,3,3,0,3,0,0,0,0,8
14910,SciPyTip,,3,0,3,3,0,3,0,0,0,0,8
14911,DataSciFact,,3,0,3,3,0,3,0,0,0,0,8
14912,ProbFact,,3,0,3,3,0,3,0,0,0,0,8
14917,masademocrata,,2,0,2,2,0,2,0,0,0,0,6
14918,SmoothArkano,,3,0,3,3,0,3,0,0,0,0,0
14920,CBescansa,,3,0,3,3,0,3,0,0,0,0,8
14921,TaniaSanchez_M,,3,0,3,3,0,3,0,0,0,0,0
14929,AmarnaMiller,,3,0,3,3,0,3,0,0,0,0,6
14930,AlhambraMakers,,2,0,2,2,0,2,0,0,0,0,8
14931,RegexTip,,3,0,3,3,0,3,0,0,0,0,6
14932,indignaillo,,2,0,2,2,0,2,0,0,0,0,8
14933,Juanmi_News,,2,0,2,2,0,2,0,0,0,0,5
14934,UnixToolTip,,2,0,2,2,0,2,0,0,0,0,8
14935,maltorres,,4,0,4,4,0,4,0,0,0,0,8
14937,NTMEP,,2,0,2,2,0,2,0,0,0,0,8
14938,LateMotivCero,,4,0,4,4,0,4,0,0,0,0,0
14939,cero,,2,0,2,2,0,2,0,0,0,0,8
14941,pedro_lucha,,2,0,2,2,0,2,0,0,0,0,6
14942,HumorEnLaSER,,3,0,3,3,0,3,0,0,0,0,8
14943,elrancius,,2,0,2,2,0,2,0,0,0,0,8
14944,Alvaro845,,2,0,2,2,0,2,0,0,0,0,6
14947,CunadoDeTuiter,,3,0,3,3,0,3,0,0,0,0,6
14951,iwanrheon,,3,0,3,3,0,3,0,0,0,0,2
14953,LSI_UGR,,2,0,2,2,0,2,0,0,0,0,6
14959,silviabril,,4,0,4,4,0,4,0,0,0,0,8
14961,Cronologicbcn,,3,0,3,3,0,3,0,0,0,0,0
14962,luciarnaiz_,,2,0,2,2,0,2,0,0,0,0,0
14972,NaideSabeNada,,3,0,3,3,0,3,0,0,0,0,8
14980,InfoCopera,,4,0,4,4,0,4,0,0,0,0,6
14982,Deltoyagranada,,3,0,3,3,0,3,0,0,0,0,6
14988,Ciencia_GIF,,2,0,2,2,0,2,0,0,0,0,8
14989,ProjectBeegit,,2,0,2,2,0,2,0,0,0,0,8
14994,SariitaMa94,,2,0,2,2,0,2,0,0,0,0,6
14995,aliriocornet,,2,0,2,2,0,2,0,0,0,0,8
14997,python_granada,,3,0,3,3,0,3,0,0,0,0,8
14999,lacocheracabare,,3,0,3,3,0,3,0,0,0,0,0
15000,ManuelaCarmena,,4,0,4,4,0,4,0,0,0,0,8
15001,Daenerys,,2,0,2,2,0,2,0,0,0,0,5
15004,GoT_Tyrion,,3,0,3,3,0,3,0,0,0,0,5
15005,vengamonjas,,2,0,2,2,0,2,0,0,0,0,6
15008,ElViajero_Pais,,3,0,3,3,0,3,0,0,0,0,4
15009,AnalysisFact,,3,0,3,3,0,3,0,0,0,0,8
15010,CompSciFact,,3,0,3,3,0,3,0,0,0,0,8
15011,TopologyFact,,2,0,2,2,0,2,0,0,0,0,8
15012,AlgebraFact,,3,0,3,3,0,3,0,0,0,0,8
15014,EstebanPerezsan,,2,0,2,2,0,2,0,0,0,0,8
15016,Guapo_oficial,,2,0,2,2,0,2,0,0,0,0,5
15019,indaleciorector,,3,0,3,3,0,3,0,0,0,0,8
15036,Googlelizados,,2,0,2,2,0,2,0,0,0,0,0
15037,cansado2,,3,0,3,3,0,3,0,0,0,0,8
15038,ILUSTRESignoran,,3,0,3,3,0,3,0,0,0,0,8
15040,MultiversoTM,,3,0,3,3,0,3,0,0,0,0,8
15041,pepecolubi,,3,0,3,3,0,3,0,0,0,0,8
15043,PartyHand,,3,0,3,3,0,3,0,0,0,0,8
15044,siavash,,2,0,2,2,0,2,0,0,0,0,8
15047,googledevs,,4,0,4,4,0,4,0,0,0,0,8
15048,github,,4,0,4,4,0,4,0,0,0,0,8
15050,VinaRock2020,,3,0,3,3,0,3,0,0,0,0,5
15053,Teresa_Segura,,2,0,2,2,0,2,0,0,0,0,8
15054,orbitalaika_tve,,4,0,4,4,0,4,0,0,0,0,0
15055,FiestasUgr,,3,0,3,3,0,3,0,0,0,0,8
15059,A__Velazquez,,2,0,2,2,0,2,0,0,0,0,8
15060,davidsainz,,3,0,3,3,0,3,0,0,0,0,6
15061,Malviviendo,,2,0,2,2,0,2,0,0,0,0,0
15062,AcordesLibres,,3,0,3,3,0,3,0,0,0,0,6
15064,BobPopLATEMOTIV,,3,0,3,3,0,3,0,0,0,0,0
15067,ElManinOficial,,2,0,2,2,0,2,0,0,0,0,0
15069,AlbaeRomero,,2,0,2,2,0,2,0,0,0,0,8
15070,AmigosIng,,3,0,3,3,0,3,0,0,0,0,8
15071,antilopez,,3,0,3,3,0,3,0,0,0,0,8
15073,MundoChillon,,3,0,3,3,0,3,0,0,0,0,0
15076,Univ_Enfurecida,,3,0,3,3,0,3,0,0,0,0,4
15078,GizmodoES,,3,0,3,3,0,3,0,0,0,0,8
15081,GameOfThrones,,4,0,4,4,0,4,0,0,0,0,5
15082,FISICALIMITE,,3,0,3,3,0,3,0,0,0,0,8
15083,Maisie_Williams,,3,0,3,3,0,3,0,0,0,0,5
15085,HPTXSoftware,,2,0,2,2,0,2,0,0,0,0,6
15086,Calvinn_Hobbes,,2,0,2,2,0,2,0,0,0,0,8
15088,juegotronosplus,,2,0,2,2,0,2,0,0,0,0,5
15091,nendelahipoteca,,3,0,3,3,0,3,0,0,0,0,5
15092,sirjoancornella,,3,0,3,3,0,3,0,0,0,0,6
15095,BigVanCiencia,,2,0,2,2,0,2,0,0,0,0,8
15097,HashtagPostureo,,3,0,3,3,0,3,0,0,0,0,0
15100,softwarejimenez,,3,0,3,3,0,3,0,0,0,0,8
15103,FranArcoG,,2,0,2,2,0,2,0,0,0,0,8
15105,Magiateca,,3,0,3,3,0,3,0,0,0,0,8
15108,paulaisolda,,2,0,2,2,0,2,0,0,0,0,8
15113,_PabloRom,,2,0,2,2,0,2,0,0,0,0,8
15118,viictor_wild,,3,0,3,3,0,3,0,0,0,0,6
15119,dgarjona,,2,0,2,2,0,2,0,0,0,0,8
15123,Frikifotos,,3,0,3,3,0,3,0,0,0,0,8
15131,PokemonDice,,2,0,2,2,0,2,0,0,0,0,6
15145,iHistorico,,3,0,3,3,0,3,0,0,0,0,4
15147,masaenfurecida,,3,0,3,3,0,3,0,0,0,0,0
15148,alo_oficial,,6,0,6,6,0,6,0,0,0,0,4
15159,Bucanegro,,2,0,2,2,0,2,0,0,0,0,5
15162,SrHuevon,,3,0,3,3,0,3,0,0,0,0,5
15166,ElhijodelRubio,,2,0,2,2,0,2,0,0,0,0,0
15170,Jason_Voorhess,,2,0,2,2,0,2,0,0,0,0,0
15173,Change,,3,0,3,3,0,3,0,0,0,0,8
15174,Magariinsieme,,2,0,2,2,0,2,0,0,0,0,5
15176,Frasespeliculas,,3,0,3,3,0,3,0,0,0,0,2
15177,facua,,4,0,4,4,0,4,0,0,0,0,8
15180,stan_smithUSA,,3,0,3,3,0,3,0,0,0,0,5
15181,albertochicote,,4,0,4,4,0,4,0,0,0,0,5
15183,LaSinrazon_es,,2,0,2,2,0,2,0,0,0,0,5
15184,PacoRoca,,3,0,3,3,0,3,0,0,0,0,0
15188,alvaro_velasco,,3,0,3,3,0,3,0,0,0,0,8
15189,Dickstroyers,,2,0,2,2,0,2,0,0,0,0,6
15192,muse,,4,0,4,4,0,4,0,0,0,0,3
15200,balhisay,,3,0,3,3,0,3,0,0,0,0,0
15201,cuerda1936,,3,0,3,3,0,3,0,0,0,0,8
15204,FerGonzo,,4,0,4,4,0,4,0,0,0,0,0
15207,elbaronrojo,,3,0,3,3,0,3,0,0,0,0,5
15208,iWolowitz,,4,0,4,4,0,4,0,0,0,0,5
15210,carmenvera_17,,2,0,2,2,0,2,0,0,0,0,8
15228,Sr_Dios,,3,0,3,3,0,3,0,0,0,0,5
15238,ElChojin_net,,3,0,3,3,0,3,0,0,0,0,6
15241,andreshp95,,2,0,2,2,0,2,0,0,0,0,8
15243,CarmendMairena,,4,0,4,4,0,4,0,0,0,0,0
15245,Nachsoyyo,,3,0,3,3,0,3,0,0,0,0,6
15256,NadalMiki,,4,0,4,4,0,4,0,0,0,0,0
15277,UNDRR,,3,0,3,3,0,3,0,0,0,0,1
15286,Cittalia,,2,0,2,2,0,2,0,0,0,0,3
15287,OpenCoesione,,2,0,2,2,0,2,0,0,0,0,1
15288,AgenziaCoesione,,2,0,2,2,0,2,0,0,0,0,3
15290,comuni_anci,,4,0,4,4,0,4,0,0,0,0,3
15291,EU_SRB,,2,0,2,2,0,2,0,0,0,0,1
15292,cei_A3,,3,0,3,3,0,3,0,0,0,0,6
15301,EENMALTA,,3,0,3,3,0,3,0,0,0,0,1
15302,EU_in_India,,2,0,2,2,0,2,0,0,0,0,1
15305,Museum_archive,,2,0,2,2,0,2,0,0,0,0,2
15306,ThingsWork,,2,0,2,2,0,2,0,0,0,0,1
15317,EEPA_EU,,2,0,2,2,0,2,0,0,0,0,1
15318,dubravkasuica,,2,0,2,2,0,2,0,0,0,0,1
15323,econoteit,,2,0,2,2,0,2,0,0,0,0,1
15327,tuttogreen,,2,0,2,2,0,2,0,0,0,0,1
15328,Corepla_Riciclo,,2,0,2,2,0,2,0,0,0,0,3
15329,Greenews_Italia,,2,0,2,2,0,2,0,0,0,0,1
15342,DPCgov,,2,0,2,2,0,2,0,0,0,0,3
15344,YourEuropeEU,,3,0,3,3,0,3,0,0,0,0,1
15349,physicsJ,,2,0,2,2,0,2,0,0,0,0,1
15375,EcoWatch,,2,0,2,2,0,2,0,0,0,0,1
15376,guardianeco,,3,0,3,3,0,3,0,0,0,0,1
15377,UNBiodiversity,,2,0,2,2,0,2,0,0,0,0,1
15379,UNmigration,,3,0,3,3,0,3,0,0,0,0,1
15381,ItalyMFA,,4,0,4,4,0,4,0,0,0,0,1
15382,unioncamere,,2,0,2,2,0,2,0,0,0,0,1
15383,smartandstart,,2,0,2,2,0,2,0,0,0,0,1
15384,Invitalia,,3,0,3,3,0,3,0,0,0,0,3
15385,In_Ventures,,2,0,2,2,0,2,0,0,0,0,1
15386,REA_research,,2,0,2,2,0,2,0,0,0,0,1
15388,ThierryBreton,,3,0,3,3,0,3,0,0,0,0,3
15392,NOAASatellites,,2,0,2,2,0,2,0,0,0,0,2
15393,FbS_prize,,2,0,2,2,0,2,0,0,0,0,6
15396,EMEAorg,,2,0,2,2,0,2,0,0,0,0,3
15400,Transport_EU,,3,0,3,3,0,3,0,0,0,0,1
15402,AdamRogers2030,,2,0,2,2,0,2,0,0,0,0,1
15411,Eurosurveillanc,,2,0,2,2,0,2,0,0,0,0,3
15413,ECDC_Outbreaks,,3,0,3,3,0,3,0,0,0,0,3
15414,ECDC_EU,,3,0,3,3,0,3,0,0,0,0,1
15429,EuropeElects,,4,0,4,4,0,4,0,0,0,0,1
15439,EstonianWorld,,3,0,3,3,0,3,0,0,0,0,7
15440,e_estonia,,2,0,2,2,0,2,0,0,0,0,1
15442,SpeakerPelosi,,5,0,5,5,0,5,0,0,0,0,2
15448,LiuXininBeijing,,2,0,2,2,0,2,0,0,0,0,1
15450,Legambiente,,3,0,3,3,0,3,0,0,0,0,3
15451,DataProgress,,2,0,2,2,0,2,0,0,0,0,1
15452,CNNPolitics,,3,0,3,3,0,3,0,0,0,0,2
15453,globaltimesnews,,2,0,2,2,0,2,0,0,0,0,1
15454,antonioguterres,,4,0,4,4,0,4,0,0,0,0,1
15455,InvestEuropeEU,,2,0,2,2,0,2,0,0,0,0,1
15457,rashtrapatibhvn,,2,0,2,2,0,2,0,0,0,0,2
15460,narendramodi,,3,0,3,3,0,3,0,0,0,0,1
15461,Xavier_Bettel,,4,0,4,4,0,4,0,0,0,0,1
15462,PMOIndia,,2,0,2,2,0,2,0,0,0,0,2
15463,Palazzo_Chigi,,3,0,3,3,0,3,0,0,0,0,1
15466,SasjaBeslik,,2,0,2,2,0,2,0,0,0,0,1
15470,ecre,,2,0,2,2,0,2,0,0,0,0,1
15471,EUHomeAffairs,,4,0,4,4,0,4,0,0,0,0,1
15487,NASASTEM,,2,0,2,2,0,2,0,0,0,0,2
15499,SDG2030,,2,0,2,2,0,2,0,0,0,0,1
15500,DisneyFrozen,,2,0,2,2,0,2,0,0,0,0,5
15501,HayleyEversKing,,2,0,2,2,0,2,0,0,0,0,6
15503,cctv_idiots,,2,0,2,2,0,2,0,0,0,0,2
15506,eoscenefrom,,2,0,2,2,0,2,0,0,0,0,6
15511,NEMOoffice,,3,0,3,3,0,3,0,0,0,0,1
15512,EDICSligo,,3,0,3,3,0,3,0,0,0,0,1
15513,EURESIreland,,4,0,4,4,0,4,0,0,0,0,1
15514,EURESJob,,5,0,5,5,0,5,0,0,0,0,1
15525,EU_ecoinno,,3,0,3,3,0,3,0,0,0,0,1
15527,AK_Itkonen,,2,0,2,2,0,2,0,0,0,0,1
15528,education_gouv,,3,0,3,3,0,3,0,0,0,0,1
15529,Jeunes_gouv,,4,0,4,4,0,4,0,0,0,0,1
15530,EPALE_FR,,2,0,2,2,0,2,0,0,0,0,1
15531,EurodeskFR,,2,0,2,2,0,2,0,0,0,0,1
15532,fondieuropei20,,2,0,2,2,0,2,0,0,0,0,1
15533,AgenziaGiovani,,7,0,7,7,0,7,0,0,0,0,1
15534,euk_it,,4,0,4,4,0,4,0,0,0,0,1
15537,eumetsat_users,,2,0,2,2,0,2,0,0,0,0,3
15539,EDHEC_BSchool,,3,0,3,3,0,3,0,0,0,0,2
15545,Buttarelli_G,,2,0,2,2,0,2,0,0,0,0,1
15546,EU_EDPB,,2,0,2,2,0,2,0,0,0,0,3
15547,EU_EDPS,,2,0,2,2,0,2,0,0,0,0,3
15552,eumetsat,,2,0,2,2,0,2,0,0,0,0,3
15567,Tesla,,3,0,3,3,0,3,0,0,0,0,2
15572,EP_Legal,,3,0,3,3,0,3,0,0,0,0,1
15573,EP_Industry,,3,0,3,3,0,3,0,0,0,0,1
15575,EUAgri,,4,0,4,4,0,4,0,0,0,0,1
15580,earthstartsbeat,,2,0,2,2,0,2,0,0,0,0,3
15590,phumzileunwomen,,2,0,2,2,0,2,0,0,0,0,1
15591,WomenintheWorld,,2,0,2,2,0,2,0,0,0,0,1
15592,WorldAndScience,,2,0,2,2,0,2,0,0,0,0,1
15593,SASitaly,,2,0,2,2,0,2,0,0,0,0,1
15595,Empower_Women,,3,0,3,3,0,3,0,0,0,0,3
15598,COP25CL,,3,0,3,3,0,3,0,0,0,0,4
15600,chetempochefa,,3,0,3,3,0,3,0,0,0,0,3
15604,wonderofscience,,4,0,4,4,0,4,0,0,0,0,2
15607,eLife,,2,0,2,2,0,2,0,0,0,0,1
15609,Moedas,,4,0,4,4,0,4,0,0,0,0,1
15617,EIF_EU,,3,0,3,3,0,3,0,0,0,0,1
15633,PressTV,,2,0,2,2,0,2,0,0,0,0,1
15634,RT_com,,4,0,4,4,0,4,0,0,0,0,3
15635,FinancialTimes,,4,0,4,4,0,4,0,0,0,0,2
15636,ABC,,3,0,3,3,0,3,0,0,0,0,2
15637,BBC,,3,0,3,3,0,3,0,0,0,0,2
15641,Pierre_Markuse,,2,0,2,2,0,2,0,0,0,0,6
15642,4womeninscience,,2,0,2,2,0,2,0,0,0,0,2
15643,JapanGov,,2,0,2,2,0,2,0,0,0,0,2
15649,IUCN,,2,0,2,2,0,2,0,0,0,0,1
15655,washingtonpost,,5,0,5,5,0,5,0,0,0,0,1
15656,NBCNews,,4,0,4,4,0,4,0,0,0,0,2
15657,CBSNews,,3,0,3,3,0,3,0,0,0,0,2
15658,MSNBC,,4,0,4,4,0,4,0,0,0,0,1
15659,CNBC,,3,0,3,3,0,3,0,0,0,0,2
15660,ALMAObs_esp,,2,0,2,2,0,2,0,0,0,0,1
15661,hrw,,5,0,5,5,0,5,0,0,0,0,1
15662,BusinessEurope,,2,0,2,2,0,2,0,0,0,0,1
15663,eurocommerce,,2,0,2,2,0,2,0,0,0,0,1
15664,EUREKA_NETWORK,,3,0,3,3,0,3,0,0,0,0,1
15665,Trade_EU,,3,0,3,3,0,3,0,0,0,0,1
15666,CCRECEMR,,4,0,4,4,0,4,0,0,0,0,1
15667,welikechopin,,3,0,3,3,0,3,0,0,0,0,3
15668,welikeduel,,3,0,3,3,0,3,0,0,0,0,3
15670,UN_Radio,,2,0,2,2,0,2,0,0,0,0,1
15671,SDGaction,,3,0,3,3,0,3,0,0,0,0,2
15672,SustDev,,2,0,2,2,0,2,0,0,0,0,1
15673,Mina_Andreeva,,4,0,4,4,0,4,0,0,0,0,1
15674,eHealth_EU,,3,0,3,3,0,3,0,0,0,0,1
15676,ScholarsLeague,,2,0,2,2,0,2,0,0,0,0,2
15678,RCardosoEU,,3,0,3,3,0,3,0,0,0,0,1
15679,LuciaCaudet,,3,0,3,3,0,3,0,0,0,0,1
15680,SumaChakrabarti,,2,0,2,2,0,2,0,0,0,0,2
15682,EBRD,,3,0,3,3,0,3,0,0,0,0,1
15685,FAOclimate,,2,0,2,2,0,2,0,0,0,0,1
15689,Parlimag,,3,0,3,3,0,3,0,0,0,0,1
15690,IFAD,,2,0,2,2,0,2,0,0,0,0,2
15691,US2EU,,2,0,2,2,0,2,0,0,0,0,2
15692,FAOKnowledge,,2,0,2,2,0,2,0,0,0,0,1
15694,FAO,,4,0,4,4,0,4,0,0,0,0,1
15695,stefanomanservi,,2,0,2,2,0,2,0,0,0,0,1
15697,EU_MARE,,4,0,4,4,0,4,0,0,0,0,1
15700,ICES_ASC,,2,0,2,2,0,2,0,0,0,0,1
15702,EFCA_EU,,2,0,2,2,0,2,0,0,0,0,5
15710,UrbanFutureConf,,2,0,2,2,0,2,0,0,0,0,1
15717,UN_Women,,4,0,4,4,0,4,0,0,0,0,1
15721,LeibnizWGL,,2,0,2,2,0,2,0,0,0,0,1
15723,maxplanckpress,,2,0,2,2,0,2,0,0,0,0,1
15724,helmholtz_de,,3,0,3,3,0,3,0,0,0,0,1
15725,DLR_next,,2,0,2,2,0,2,0,0,0,0,1
15727,WIREDScience,,3,0,3,3,0,3,0,0,0,0,2
15728,DLR_de,,2,0,2,2,0,2,0,0,0,0,1
15733,science,,3,0,3,3,0,3,0,0,0,0,4
15739,EEN_Polska,,2,0,2,2,0,2,0,0,0,0,1
15741,EEN_Midlands,,3,0,3,3,0,3,0,0,0,0,1
15744,mariannethyssen,,4,0,4,4,0,4,0,0,0,0,1
15747,jyrkikatainen,,4,0,4,4,0,4,0,0,0,0,1
15749,SPACEdotcom,,3,0,3,3,0,3,0,0,0,0,1
15752,EU_EESC,,7,0,7,7,0,7,0,0,0,0,1
15753,EUTenders,,4,0,4,4,0,4,0,0,0,0,1
15754,EURLex,,4,0,4,4,0,4,0,0,0,0,1
15755,EULawDataPubs,,2,0,2,2,0,2,0,0,0,0,1
15757,gofundme,,2,0,2,2,0,2,0,0,0,0,2
15759,OpenSociety,,4,0,4,4,0,4,0,0,0,0,1
15760,Telicka,,2,0,2,2,0,2,0,0,0,0,1
15762,ClaudeTurmes,,2,0,2,2,0,2,0,0,0,0,1
15765,IYFtweets,,2,0,2,2,0,2,0,0,0,0,1
15766,YouthSDGs,,2,0,2,2,0,2,0,0,0,0,1
15768,UNWebTV,,4,0,4,4,0,4,0,0,0,0,2
15769,UN_Photo,,3,0,3,3,0,3,0,0,0,0,2
15770,UN_PGA,,4,0,4,4,0,4,0,0,0,0,1
15771,UN_News_Centre,,3,0,3,3,0,3,0,0,0,0,1
15772,UNPeacekeeping,,3,0,3,3,0,3,0,0,0,0,1
15773,IntlCrimCourt,,3,0,3,3,0,3,0,0,0,0,1
15774,UNGeneva,,4,0,4,4,0,4,0,0,0,0,1
15775,UNDPPA,,3,0,3,3,0,3,0,0,0,0,1
15776,algore,,3,0,3,3,0,3,0,0,0,0,2
15777,TEDchris,,3,0,3,3,0,3,0,0,0,0,2
15778,Refugees,,5,0,5,5,0,5,0,0,0,0,1
15779,CommissionerHR,,2,0,2,2,0,2,0,0,0,0,1
15780,EUCouncilTVNews,,3,0,3,3,0,3,0,0,0,0,1
15781,UNEP_Europe,,2,0,2,2,0,2,0,0,0,0,1
15782,EU_GreenCapital,,4,0,4,4,0,4,0,0,0,0,1
15783,EUeic,,3,0,3,3,0,3,0,0,0,0,1
15784,inea_eu,,3,0,3,3,0,3,0,0,0,0,3
15785,EP_SingleMarket,,3,0,3,3,0,3,0,0,0,0,1
15786,ResearchEurope,,3,0,3,3,0,3,0,0,0,0,1
15790,ESA_History,,2,0,2,2,0,2,0,0,0,0,1
15792,EP_Environment,,3,0,3,3,0,3,0,0,0,0,1
15793,EU_EASME,,3,0,3,3,0,3,0,0,0,0,1
15794,WBG_Climate,,2,0,2,2,0,2,0,0,0,0,2
15795,LIFEprogramme,,3,0,3,3,0,3,0,0,0,0,4
15796,UN_HRC,,5,0,5,5,0,5,0,0,0,0,3
15798,Green_Europe,,4,0,4,4,0,4,0,0,0,0,1
15801,eenscotland,,3,0,3,3,0,3,0,0,0,0,1
15802,EEN_EU,,5,0,5,5,0,5,0,0,0,0,1
15804,eGov_EU,,3,0,3,3,0,3,0,0,0,0,1
15805,V_Andriukaitis,,3,0,3,3,0,3,0,0,0,0,1
15806,CorinaCretuEU,,3,0,3,3,0,3,0,0,0,0,1
15809,InterregBSR,,2,0,2,2,0,2,0,0,0,0,1
15811,ICLEI_Europe,,3,0,3,3,0,3,0,0,0,0,1
15812,interregeurope,,3,0,3,3,0,3,0,0,0,0,1
15813,URBACT,,3,0,3,3,0,3,0,0,0,0,1
15814,EUROCITIES,,3,0,3,3,0,3,0,0,0,0,1
15817,EUSmartCities,,3,0,3,3,0,3,0,0,0,0,4
15818,eumayors,,3,0,3,3,0,3,0,0,0,0,1
15819,H2020EE,,3,0,3,3,0,3,0,0,0,0,1
15821,CassiniSaturn,,2,0,2,2,0,2,0,0,0,0,5
15834,Indiegogo,,3,0,3,3,0,3,0,0,0,0,1
15838,NASA_Technology,,2,0,2,2,0,2,0,0,0,0,1
15840,NASAVoyager,,2,0,2,2,0,2,0,0,0,0,5
15841,EBienkowskaEU,,3,0,3,3,0,3,0,0,0,0,1
15843,BBCNews,,3,0,3,3,0,3,0,0,0,0,2
15844,cnnbrk,,5,0,5,5,0,5,0,0,0,0,1
15848,astro_reid,,2,0,2,2,0,2,0,0,0,0,1
15852,Astro_Alex,,3,0,3,3,0,3,0,0,0,0,1
15853,BillGates,,3,0,3,3,0,3,0,0,0,0,2
15859,Cmdr_Hadfield,,3,0,3,3,0,3,0,0,0,0,4
15861,csa_asc,,2,0,2,2,0,2,0,0,0,0,1
15865,ChinaDaily,,3,0,3,3,0,3,0,0,0,0,1
15893,NASAInSight,,2,0,2,2,0,2,0,0,0,0,3
15897,Astro_Nicholas,,2,0,2,2,0,2,0,0,0,0,4
15902,AstroKarenN,,2,0,2,2,0,2,0,0,0,0,3
15906,euobs,,5,0,5,5,0,5,0,0,0,0,1
15907,MartinSchulz,,4,0,4,4,0,4,0,0,0,0,1
15908,JMDBarroso,,4,0,4,4,0,4,0,0,0,0,1
15909,VivianeRedingEU,,3,0,3,3,0,3,0,0,0,0,1
15910,EuropeanVoiceEV,,3,0,3,3,0,3,0,0,0,0,1
15911,LaurentFabius,,2,0,2,2,0,2,0,0,0,0,1
15912,NATO,,4,0,4,4,0,4,0,0,0,0,1
15915,GermanyDiplo,,3,0,3,3,0,3,0,0,0,0,6
15920,sentinel_hub,,3,0,3,3,0,3,0,0,0,0,3
15925,WWFEU,,3,0,3,3,0,3,0,0,0,0,1
15927,CMEMS_EU,,2,0,2,2,0,2,0,0,0,0,3
15933,Mayors4Climate,,2,0,2,2,0,2,0,0,0,0,1
15941,ASInvestmentsIT,,2,0,2,2,0,2,0,0,0,0,2
15948,Energy4Europe,,3,0,3,3,0,3,0,0,0,0,1
15950,EUEnvironment,,6,0,6,6,0,6,0,0,0,0,1
15970,ECMWF,,2,0,2,2,0,2,0,0,0,0,3
15974,ESA__Education,,2,0,2,2,0,2,0,0,0,0,1
15978,tonyveco,,2,0,2,2,0,2,0,0,0,0,3
15986,DSMeu,,3,0,3,3,0,3,0,0,0,0,1
15987,CORDIS_EU,,4,0,4,4,0,4,0,0,0,0,1
15988,EIT_Digital,,2,0,2,2,0,2,0,0,0,0,1
15990,comunevenezia,,2,0,2,2,0,2,0,0,0,0,3
15992,ClimateKIC,,2,0,2,2,0,2,0,0,0,0,6
15996,EO_OPEN_SCIENCE,,2,0,2,2,0,2,0,0,0,0,3
15997,EU_Growth,,4,0,4,4,0,4,0,0,0,0,1
15998,EEinEU,,2,0,2,2,0,2,0,0,0,0,1
15999,RUS_Copernicus,,2,0,2,2,0,2,0,0,0,0,3
16006,CopernicusECMWF,,2,0,2,2,0,2,0,0,0,0,3
16008,CopernicusData,,2,0,2,2,0,2,0,0,0,0,3
16009,CopernicusEMS,,2,0,2,2,0,2,0,0,0,0,3
16010,CopernicusEU,,3,0,3,3,0,3,0,0,0,0,3
16015,TraceCyrus,,2,0,2,2,0,2,0,0,0,0,2
16025,Inu_Deku,,2,0,2,2,0,2,0,0,0,0,2
16027,elprofedefisica,,3,0,3,3,0,3,0,0,0,0,4
16030,ElBonet,,3,0,3,3,0,3,0,0,0,0,4
16031,AngelLlacer,,3,0,3,3,0,3,0,0,0,0,2
16032,Javier__Sierra,,2,0,2,2,0,2,0,0,0,0,0
16034,Mariajosesagr98,,2,0,2,2,0,2,0,0,0,0,2
16037,DUALIPA,,2,0,2,2,0,2,0,0,0,0,8
16042,Finalnesperado,,2,0,2,2,0,2,0,0,0,0,5
16050,Carmenfvizcaino,,2,0,2,2,0,2,0,0,0,0,2
16053,ElTerrat,,3,0,3,3,0,3,0,0,0,0,0
16056,gerardcontilde,,2,0,2,2,0,2,0,0,0,0,5
16057,AriadnaOT2020,,2,0,2,2,0,2,0,0,0,0,5
16060,PremiosGoya,,3,0,3,3,0,3,0,0,0,0,2
16065,rlebron_bioinfo,,2,0,2,2,0,2,0,0,0,0,0
16067,_YolandaRamos_,,2,0,2,2,0,2,0,0,0,0,2
16071,columnica,,2,0,2,2,0,2,0,0,0,0,2
16073,CarmenZgonz,,2,0,2,2,0,2,0,0,0,0,2
16075,SamySpain,,2,0,2,2,0,2,0,0,0,0,2
16076,Pepe_elBohio,,3,0,3,3,0,3,0,0,0,0,5
16077,JordiCruzMas,,3,0,3,3,0,3,0,0,0,0,5
16079,NetflixDE,,2,0,2,2,0,2,0,0,0,0,2
16080,genyo_pts,,3,0,3,3,0,3,0,0,0,0,2
16081,ALEscamez,,2,0,2,2,0,2,0,0,0,0,0
16082,EstrellaaConde,,2,0,2,2,0,2,0,0,0,0,2
16086,Stranger_Things,,3,0,3,3,0,3,0,0,0,0,7
16088,Gripe_Comun,,3,0,3,3,0,3,0,0,0,0,2
16090,theurbanoe,,2,0,2,2,0,2,0,0,0,0,0
16094,spainwarbot,,2,0,2,2,0,2,0,0,0,0,6
16097,foureira_eleni,,2,0,2,2,0,2,0,0,0,0,2
16099,JulioRuTr98,,2,0,2,2,0,2,0,0,0,0,2
16107,Milledescubren,,4,0,4,4,0,4,0,0,0,0,5
16109,traductormurcia,,3,0,3,3,0,3,0,0,0,0,0
16111,granadaciencia,,2,0,2,2,0,2,0,0,0,0,2
16115,eurovision_tve,,3,0,3,3,0,3,0,0,0,0,2
16116,angel_vinas15,,2,0,2,2,0,2,0,0,0,0,6
16126,SMmad90,,2,0,2,2,0,2,0,0,0,0,2
16127,mariapombo22,,2,0,2,2,0,2,0,0,0,0,5
16137,unibielefeld,,3,0,3,3,0,3,0,0,0,0,2
16139,MiguelPoveda,,3,0,3,3,0,3,0,0,0,0,2
16140,africaadalia,,2,0,2,2,0,2,0,0,0,0,5
16141,mikinunez,,3,0,3,3,0,3,0,0,0,0,5
16145,damionot2018,,2,0,2,2,0,2,0,0,0,0,5
16159,carlotagarcia89,,2,0,2,2,0,2,0,0,0,0,2
16160,lapolvorrosa,,2,0,2,2,0,2,0,0,0,0,0
16161,blancasuarezweb,,3,0,3,3,0,3,0,0,0,0,2
16169,SaseAmaro,,3,0,3,3,0,3,0,0,0,0,0
16174,Bea_al98,,2,0,2,2,0,2,0,0,0,0,2
16177,gabrigranada,,2,0,2,2,0,2,0,0,0,0,6
16184,biothingsalvaro,,2,0,2,2,0,2,0,0,0,0,0
16185,ItziarCastro,,2,0,2,2,0,2,0,0,0,0,6
16190,_Neems_,,2,0,2,2,0,2,0,0,0,0,2
16193,megara89,,2,0,2,2,0,2,0,0,0,0,2
16198,JesusJMMA,,3,0,3,3,0,3,0,0,0,0,2
16203,M_F_PX,,2,0,2,2,0,2,0,0,0,0,2
16215,santi_atero,,2,0,2,2,0,2,0,0,0,0,6
16223,birtukantibebe,,2,0,2,2,0,2,0,0,0,0,2
16224,maggiecivantos,,2,0,2,2,0,2,0,0,0,0,2
16225,jctorres_grx,,2,0,2,2,0,2,0,0,0,0,6
16229,rloiam,,2,0,2,2,0,2,0,0,0,0,0
16239,byribosoma,,2,0,2,2,0,2,0,0,0,0,2
16241,Fini_golosinas,,3,0,3,3,0,3,0,0,0,0,6
16244,belencue,,3,0,3,3,0,3,0,0,0,0,0
16245,AnnaaCastillo,,2,0,2,2,0,2,0,0,0,0,2
16246,Mortimer_Fu,,2,0,2,2,0,2,0,0,0,0,2
16247,UPCTnoticias,,3,0,3,3,0,3,0,0,0,0,4
16248,MaristasGranada,,2,0,2,2,0,2,0,0,0,0,2
16249,Caarlosmoreno_,,2,0,2,2,0,2,0,0,0,0,2
16251,lauranogales09,,2,0,2,2,0,2,0,0,0,0,2
16257,ceciliamgracia,,2,0,2,2,0,2,0,0,0,0,2
16259,arsiem_,,2,0,2,2,0,2,0,0,0,0,2
16261,ConMdeMaria_10,,2,0,2,2,0,2,0,0,0,0,2
16263,FactsOfSchool,,2,0,2,2,0,2,0,0,0,0,2
16265,DoriToribio,,2,0,2,2,0,2,0,0,0,0,6
16266,ClaudiaAyuso,,2,0,2,2,0,2,0,0,0,0,0
16269,Currice,,2,0,2,2,0,2,0,0,0,0,0
16271,alvaro_ms17,,3,0,3,3,0,3,0,0,0,0,0
16272,AngekMGV,,2,0,2,2,0,2,0,0,0,0,2
16275,FatisaOs,,2,0,2,2,0,2,0,0,0,0,2
16294,RoEnLaRed,,2,0,2,2,0,2,0,0,0,0,0
16295,JPelirrojo,,3,0,3,3,0,3,0,0,0,0,6
16297,Juanmasaurus,,2,0,2,2,0,2,0,0,0,0,2
16299,TomFelton,,2,0,2,2,0,2,0,0,0,0,2
16300,HelloImLana,,3,0,3,3,0,3,0,0,0,0,6
16301,LuzuVlogs,,3,0,3,3,0,3,0,0,0,0,8
16308,lloromucho,,2,0,2,2,0,2,0,0,0,0,2
16310,TuFraseDisney,,3,0,3,3,0,3,0,0,0,0,5
16321,SuperSarcasmo_,,3,0,3,3,0,3,0,0,0,0,0
16330,GaliciaWoodstoc,,2,0,2,2,0,2,0,0,0,0,2
16341,GVXGranada,,3,0,3,3,0,3,0,0,0,0,2
16352,Paralelito,,3,0,3,3,0,3,0,0,0,0,5
16357,norcoreano,,3,0,3,3,0,3,0,0,0,0,2
16368,megustaleer,,3,0,3,3,0,3,0,0,0,0,2
16369,Trabalibros,,3,0,3,3,0,3,0,0,0,0,3
16378,Frikisite,,2,0,2,2,0,2,0,0,0,0,6
16386,MatiasPrats_TV,,3,0,3,3,0,3,0,0,0,0,5
16388,Cartapena,,2,0,2,2,0,2,0,0,0,0,2
16389,RecuerdoDeLos90,,2,0,2,2,0,2,0,0,0,0,2
16391,DisneyDiceQue,,2,0,2,2,0,2,0,0,0,0,6
16392,subversivos_,,2,0,2,2,0,2,0,0,0,0,4
16401,MicailH,,3,0,3,3,0,3,0,0,0,0,6
16402,heidiklum,,3,0,3,3,0,3,0,0,0,0,2
16412,IchiKidrauhl,,2,0,2,2,0,2,0,0,0,0,2
16423,jazmynbieber,,2,0,2,2,0,2,0,0,0,0,0
16501,Drake,,3,0,3,3,0,3,0,0,0,0,2
16548,BlasCanto,,3,0,3,3,0,3,0,0,0,0,2
16549,AlvaroGango,,2,0,2,2,0,2,0,0,0,0,2
16550,DavidLafuente,,3,0,3,3,0,3,0,0,0,0,6
16551,DaniFdez,,2,0,2,2,0,2,0,0,0,0,2
16552,CarlosMarco,,2,0,2,2,0,2,0,0,0,0,2
16561,diegovaldezfans,,2,0,2,2,0,2,0,0,0,0,6
16562,chictopia,,3,0,3,3,0,3,0,0,0,0,0
16565,rochiandyou,,2,0,2,2,0,2,0,0,0,0,2
16577,chriscolfer,,2,0,2,2,0,2,0,0,0,0,2
17003,gwenstefani,,3,0,3,3,0,3,0,0,0,0,3
17157,Juan_Palomez,,2,0,2,2,0,2,0,0,0,0,2
17240,TravieMcCoy,,2,0,2,2,0,2,0,0,0,0,2
17260,S_C_,,3,0,3,3,0,3,0,0,0,0,2
17290,DescuentoWeb,,2,0,2,2,0,2,0,0,0,0,2
17335,DeniseJonas,,2,0,2,2,0,2,0,0,0,0,2
17339,austinbutler,,2,0,2,2,0,2,0,0,0,0,2
17352,CobieSmulders,,3,0,3,3,0,3,0,0,0,0,3
17353,jasonsegel,,2,0,2,2,0,2,0,0,0,0,2
17354,ActuallyNPH,,4,0,4,4,0,4,0,0,0,0,2
17358,JoseMota_TVE,,2,0,2,2,0,2,0,0,0,0,5
17363,ashleesimpson,,2,0,2,2,0,2,0,0,0,0,2
17366,HeyItsNicoleA,,2,0,2,2,0,2,0,0,0,0,2
17370,NathanKress,,2,0,2,2,0,2,0,0,0,0,2
17371,jerrytrainor,,2,0,2,2,0,2,0,0,0,0,2
17372,aplusk,,3,0,3,3,0,3,0,0,0,0,1
17375,billyraycyrus,,2,0,2,2,0,2,0,0,0,0,2
17377,Eminem,,3,0,3,3,0,3,0,0,0,0,2
17378,LennyKravitz,,4,0,4,4,0,4,0,0,0,0,4
17379,charliesheen,,3,0,3,3,0,3,0,0,0,0,2
17380,jason_s_dolley,,2,0,2,2,0,2,0,0,0,0,2
17381,bridgitmendler,,4,0,4,4,0,4,0,0,0,0,0
17382,Twilight,,3,0,3,3,0,3,0,0,0,0,2
17386,MariahCarey,,4,0,4,4,0,4,0,0,0,0,0
17387,1LoganHenderson,,2,0,2,2,0,2,0,0,0,0,2
17388,bigtimerush,,2,0,2,2,0,2,0,0,0,0,2
17389,TheCarlosPena,,2,0,2,2,0,2,0,0,0,0,2
17392,Victorious,,3,0,3,3,0,3,0,0,0,0,2
17395,iCarly,,3,0,3,3,0,3,0,0,0,0,2
17397,MirandaCosgrove,,3,0,3,3,0,3,0,0,0,0,2
17398,jonasbrothers,,3,0,3,3,0,3,0,0,0,0,2
17411,krisjaniskarins,,2,0,2,2,0,2,0,0,0,0,1
17416,HablamosE,,2,0,2,2,0,2,0,0,0,0,1
17434,xlidj738x,,2,0,2,2,0,2,0,0,0,0,1
17436,AscendantPower,,2,0,2,2,0,2,0,0,0,0,1
17439,Breaking911,,2,0,2,2,0,2,0,0,0,0,1
17446,billkilgore_,,2,0,2,2,0,2,0,0,0,0,5
17458,VicenteVallesTV,,3,0,3,3,0,3,0,0,0,0,4
17461,LifeMathMoney,,2,0,2,2,0,2,0,0,0,0,1
17465,extremo_centro_,,2,0,2,2,0,2,0,0,0,0,1
17471,mightbecursed,,2,0,2,2,0,2,0,0,0,0,8
17482,Alvisepf,,3,0,3,3,0,3,0,0,0,0,1
17483,_JakubJanda,,2,0,2,2,0,2,0,0,0,0,1
17486,Herzogoff,,2,0,2,2,0,2,0,0,0,0,1
17492,dezeen,,2,0,2,2,0,2,0,0,0,0,1
17493,archinect,,3,0,3,3,0,3,0,0,0,0,1
17494,ArchDigest,,2,0,2,2,0,2,0,0,0,0,1
17495,designboom,,3,0,3,3,0,3,0,0,0,0,1
17496,architectmag,,3,0,3,3,0,3,0,0,0,0,2
17497,Architizer,,2,0,2,2,0,2,0,0,0,0,1
17498,ArchDaily,,3,0,3,3,0,3,0,0,0,0,1
17502,voz_populi,,2,0,2,2,0,2,0,0,0,0,1
17507,CCOOFECyL,,2,0,2,2,0,2,0,0,0,0,1
17514,geoestratego,,3,0,3,3,0,3,0,0,0,0,1
17519,BolsonaroSP,,2,0,2,2,0,2,0,0,0,0,1
17527,ToniKroos,,4,0,4,4,0,4,0,0,0,0,5
17538,NoticiasONU,,5,0,5,5,0,5,0,0,0,0,4
17541,MarionMarechal,,2,0,2,2,0,2,0,0,0,0,1
17553,Antonio_Tajani,,4,0,4,4,0,4,0,0,0,0,1
17567,_mireiaborras,,2,0,2,2,0,2,0,0,0,0,1
17568,peterfrankopan,,2,0,2,2,0,2,0,0,0,0,1
17576,duncanrobinson,,2,0,2,2,0,2,0,0,0,0,1
17579,navedelmisterio,,3,0,3,3,0,3,0,0,0,0,2
17586,artistrothko,,2,0,2,2,0,2,0,0,0,0,2
17591,JaviSantamarta,,2,0,2,2,0,2,0,0,0,0,1
17592,DalmauFerrer,,2,0,2,2,0,2,0,0,0,0,1
17613,nmichavila,,3,0,3,3,0,3,0,0,0,0,1
17614,ElElectoral,,2,0,2,2,0,2,0,0,0,0,1
17615,LiosdeVecinos,,2,0,2,2,0,2,0,0,0,0,1
17616,holland_tom,,2,0,2,2,0,2,0,0,0,0,1
17622,GAD3_com,,3,0,3,3,0,3,0,0,0,0,1
17623,PanAmPost_es,,3,0,3,3,0,3,0,0,0,0,1
17625,matthewbennett,,3,0,3,3,0,3,0,0,0,0,1
17636,G2esports,,2,0,2,2,0,2,0,0,0,0,6
17637,Agenda2030Gob,,4,0,4,4,0,4,0,0,0,0,1
17638,HispanicCouncil,,3,0,3,3,0,3,0,0,0,0,1
17639,3Caidas_Triana,,2,0,2,2,0,2,0,0,0,0,1
17640,AlvaroBenitoV,,3,0,3,3,0,3,0,0,0,0,6
17646,East_Europeans,,2,0,2,2,0,2,0,0,0,0,1
17647,almudenasm_,,2,0,2,2,0,2,0,0,0,0,1
17653,urbandictionary,,3,0,3,3,0,3,0,0,0,0,2
17659,federalists,,4,0,4,4,0,4,0,0,0,0,1
17661,MagicalEurope,,2,0,2,2,0,2,0,0,0,0,2
17664,nntaleb,,2,0,2,2,0,2,0,0,0,0,1
17668,sanchezdelreal,,2,0,2,2,0,2,0,0,0,0,1
17669,bopanc,,2,0,2,2,0,2,0,0,0,0,2
17671,DNewsHungary,,2,0,2,2,0,2,0,0,0,0,6
17672,DoRzeczy_pl,,2,0,2,2,0,2,0,0,0,0,1
17675,RotoChop_,,2,0,2,2,0,2,0,0,0,0,6
17676,theEUpost,,3,0,3,3,0,3,0,0,0,0,1
17685,rtsimpsons,,2,0,2,2,0,2,0,0,0,0,5
17687,Per_Energia,,2,0,2,2,0,2,0,0,0,0,1
17688,As_TomasRoncero,,4,0,4,4,0,4,0,0,0,0,0
17689,GoodwinMJ,,2,0,2,2,0,2,0,0,0,0,1
17690,pollofpolls_EU,,3,0,3,3,0,3,0,0,0,0,1
17691,Mongolear,,2,0,2,2,0,2,0,0,0,0,4
17692,electo_mania,,4,0,4,4,0,4,0,0,0,0,1
17693,Frank_Cuesta,,3,0,3,3,0,3,0,0,0,0,5
17695,PabloSobrado7,,2,0,2,2,0,2,0,0,0,0,6
17697,otmarianna,,2,0,2,2,0,2,0,0,0,0,1
17700,diazvillanueva,,2,0,2,2,0,2,0,0,0,0,6
17703,spectatorindex,,3,0,3,3,0,3,0,0,0,0,2
17705,SenSchumer,,2,0,2,2,0,2,0,0,0,0,2
17707,harari_yuval,,2,0,2,2,0,2,0,0,0,0,2
17708,HolstKai,,2,0,2,2,0,2,0,0,0,0,2
17710,democracy_intl,,2,0,2,2,0,2,0,0,0,0,1
17711,pbustinduy,,3,0,3,3,0,3,0,0,0,0,6
17716,paulkrugman,,3,0,3,3,0,3,0,0,0,0,1
17717,FiveThirtyEight,,2,0,2,2,0,2,0,0,0,0,3
17718,NateSilver538,,2,0,2,2,0,2,0,0,0,0,3
17725,FoxNews,,3,0,3,3,0,3,0,0,0,0,2
17729,Policy_Dialogue,,2,0,2,2,0,2,0,0,0,0,1
17731,lionelbarber,,2,0,2,2,0,2,0,0,0,0,2
17732,LuciaMendezEM,,2,0,2,2,0,2,0,0,0,0,5
17736,YouthEPP,,3,0,3,3,0,3,0,0,0,0,1
17737,douglasjproctor,,2,0,2,2,0,2,0,0,0,0,1
17738,Monica_Garcia_G,,2,0,2,2,0,2,0,0,0,0,4
17740,PedderSophie,,2,0,2,2,0,2,0,0,0,0,1
17745,GlobalShapers,,2,0,2,2,0,2,0,0,0,0,2
17746,MarkusJLaitinen,,3,0,3,3,0,3,0,0,0,0,1
17749,dlopez39,,3,0,3,3,0,3,0,0,0,0,1
17750,BillClinton,,3,0,3,3,0,3,0,0,0,0,0
17752,ewarren,,3,0,3,3,0,3,0,0,0,0,8
17758,IJExtremadura,,3,0,3,3,0,3,0,0,0,0,5
17762,florianeder,,2,0,2,2,0,2,0,0,0,0,1
17764,MazzucatoM,,2,0,2,2,0,2,0,0,0,0,3
17767,EugenioGiani,,3,0,3,3,0,3,0,0,0,0,3
17768,HelenRuCe,,2,0,2,2,0,2,0,0,0,0,2
17773,RRII_unileon,,3,0,3,3,0,3,0,0,0,0,1
17777,KreabEspana,,2,0,2,2,0,2,0,0,0,0,0
17779,Ed_Miliband,,2,0,2,2,0,2,0,0,0,0,2
17782,JyShapiro,,3,0,3,3,0,3,0,0,0,0,1
17783,federicofubini,,2,0,2,2,0,2,0,0,0,0,3
17785,uclm_inter,,2,0,2,2,0,2,0,0,0,0,4
17786,ExcelEasy,,2,0,2,2,0,2,0,0,0,0,2
17790,itsroberr,,2,0,2,2,0,2,0,0,0,0,5
17791,ECF_tweets,,3,0,3,3,0,3,0,0,0,0,7
17794,federalreserve,,3,0,3,3,0,3,0,0,0,0,0
17795,bankofengland,,2,0,2,2,0,2,0,0,0,0,3
17796,Jccampm,,2,0,2,2,0,2,0,0,0,0,1
17797,BancoDeEspana,,2,0,2,2,0,2,0,0,0,0,6
17798,OECD_Stat,,3,0,3,3,0,3,0,0,0,0,1
17799,ojblanchard1,,2,0,2,2,0,2,0,0,0,0,1
17800,PIIE,,2,0,2,2,0,2,0,0,0,0,1
17805,BrankoMilan,,3,0,3,3,0,3,0,0,0,0,3
17810,SiljaMarkkula,,3,0,3,3,0,3,0,0,0,0,1
17812,psicopomer,,3,0,3,3,0,3,0,0,0,0,6
17813,ForeignAffairs,,3,0,3,3,0,3,0,0,0,0,3
17814,EuropeDirectRMu,,4,0,4,4,0,4,0,0,0,0,1
17816,RafaelRguilera,,2,0,2,2,0,2,0,0,0,0,5
17817,enara_ls,,2,0,2,2,0,2,0,0,0,0,1
17819,tabouchadi,,2,0,2,2,0,2,0,0,0,0,1
17822,fmarmole,,3,0,3,3,0,3,0,0,0,0,1
17827,MatinaStevis,,2,0,2,2,0,2,0,0,0,0,2
17828,JuanJoseMillas,,3,0,3,3,0,3,0,0,0,0,0
17831,gideonrachman,,2,0,2,2,0,2,0,0,0,0,3
17834,Marodriguez1971,,2,0,2,2,0,2,0,0,0,0,6
17835,Cuena_Vilches,,2,0,2,2,0,2,0,0,0,0,1
17839,PolExt,,3,0,3,3,0,3,0,0,0,0,3
17841,aarondmiller2,,2,0,2,2,0,2,0,0,0,0,1
17844,ASATT_EU,,2,0,2,2,0,2,0,0,0,0,1
17845,annalisaboni2,,2,0,2,2,0,2,0,0,0,0,1
17847,inclusiongob,,2,0,2,2,0,2,0,0,0,0,2
17850,EAPNes,,3,0,3,3,0,3,0,0,0,0,7
17852,SCOTUSblog,,2,0,2,2,0,2,0,0,0,0,3
17857,angelesespinosa,,2,0,2,2,0,2,0,0,0,0,0
17858,MiguelGilTertre,,2,0,2,2,0,2,0,0,0,0,2
17860,Berlaymonster,,2,0,2,2,0,2,0,0,0,0,1
17861,SpiegelPeter,,2,0,2,2,0,2,0,0,0,0,1
17862,EU2020DE,,2,0,2,2,0,2,0,0,0,0,1
17863,FulbrightSpain,,3,0,3,3,0,3,0,0,0,0,1
17871,Cotec_Innova,,2,0,2,2,0,2,0,0,0,0,0
17872,lucas_gortazar,,2,0,2,2,0,2,0,0,0,0,5
17876,ShapersMadrid,,2,0,2,2,0,2,0,0,0,0,4
17879,markhleonard,,2,0,2,2,0,2,0,0,0,0,1
17882,JuanPatricio_PG,,2,0,2,2,0,2,0,0,0,0,4
17884,cucagamarra,,2,0,2,2,0,2,0,0,0,0,4
17886,SpainUN,,3,0,3,3,0,3,0,0,0,0,5
17888,rodrikdani,,3,0,3,3,0,3,0,0,0,0,2
17889,luisacarcedo,,2,0,2,2,0,2,0,0,0,0,1
17892,ArturoMarques23,,2,0,2,2,0,2,0,0,0,0,4
17893,OrestePollicino,,2,0,2,2,0,2,0,0,0,0,3
17897,asliaydintasbas,,2,0,2,2,0,2,0,0,0,0,2
17898,Tmegrisi,,2,0,2,2,0,2,0,0,0,0,1
17899,sarahcpr,,2,0,2,2,0,2,0,0,0,0,4
17900,GranaMartita,,3,0,3,3,0,3,0,0,0,0,0
17903,ForCitizensEU,,2,0,2,2,0,2,0,0,0,0,1
17904,ernesturtasun,,3,0,3,3,0,3,0,0,0,0,1
17905,Iearnhistory,,2,0,2,2,0,2,0,0,0,0,8
17906,thehistoryguy,,2,0,2,2,0,2,0,0,0,0,1
17910,jimenagonh,,2,0,2,2,0,2,0,0,0,0,3
17912,ecas_europe,,3,0,3,3,0,3,0,0,0,0,1
17913,EuCivilsociety,,2,0,2,2,0,2,0,0,0,0,1
17923,miquelroig,,2,0,2,2,0,2,0,0,0,0,0
17930,jburnmurdoch,,2,0,2,2,0,2,0,0,0,0,2
17936,funalternativas,,2,0,2,2,0,2,0,0,0,0,2
17938,EPeducacion,,3,0,3,3,0,3,0,0,0,0,5
17939,Tinessah,,3,0,3,3,0,3,0,0,0,0,1
17940,ED_Asturias,,2,0,2,2,0,2,0,0,0,0,1
17941,EUROPEDIRECTLSP,,4,0,4,4,0,4,0,0,0,0,1
17942,EuropeDirectUS,,4,0,4,4,0,4,0,0,0,0,1
17945,_AfricanUnion,,3,0,3,3,0,3,0,0,0,0,1
17947,CambridgeUP,,2,0,2,2,0,2,0,0,0,0,2
17949,JaimeSaavedra22,,2,0,2,2,0,2,0,0,0,0,2
17952,civio,,3,0,3,3,0,3,0,0,0,0,0
17954,helenadalli,,2,0,2,2,0,2,0,0,0,0,1
17955,Craig_Whitsed,,2,0,2,2,0,2,0,0,0,0,1
17956,martinwolf_,,2,0,2,2,0,2,0,0,0,0,1
17961,Solidar_EU,,3,0,3,3,0,3,0,0,0,0,1
17965,LRB,,3,0,3,3,0,3,0,0,0,0,2
17969,juventudcant30,,2,0,2,2,0,2,0,0,0,0,1
17972,Alberbel,,2,0,2,2,0,2,0,0,0,0,5
17973,openDemocracy,,2,0,2,2,0,2,0,0,0,0,1
17977,GUNi_net,,2,0,2,2,0,2,0,0,0,0,1
17979,pdegrauwe,,2,0,2,2,0,2,0,0,0,0,3
17980,SeaEuAlliance,,2,0,2,2,0,2,0,0,0,0,1
17981,ABigotteAlmeida,,4,0,4,4,0,4,0,0,0,0,1
17983,VoltEspana,,2,0,2,2,0,2,0,0,0,0,2
17988,FEPS_Europe,,2,0,2,2,0,2,0,0,0,0,1
17995,maitepagaza,,2,0,2,2,0,2,0,0,0,0,0
17999,Residente,,3,0,3,3,0,3,0,0,0,0,2
18000,Europa_TVE,,2,0,2,2,0,2,0,0,0,0,1
18002,redespanola,,3,0,3,3,0,3,0,0,0,0,0
18003,MinPres,,3,0,3,3,0,3,0,0,0,0,1
18004,PeteButtigieg,,3,0,3,3,0,3,0,0,0,0,1
18009,FernandoF_Arias,,2,0,2,2,0,2,0,0,0,0,2
18010,thenation,,2,0,2,2,0,2,0,0,0,0,4
18011,zingales,,2,0,2,2,0,2,0,0,0,0,3
18013,alexstubb,,2,0,2,2,0,2,0,0,0,0,1
18015,ftbrussels,,3,0,3,3,0,3,0,0,0,0,1
18016,ferranadria,,3,0,3,3,0,3,0,0,0,0,6
18017,Keir_Starmer,,3,0,3,3,0,3,0,0,0,0,2
18018,sandrogozi,,3,0,3,3,0,3,0,0,0,0,1
18020,CampusIberus,,2,0,2,2,0,2,0,0,0,0,4
18021,AleSojka,,2,0,2,2,0,2,0,0,0,0,2
18022,DelorsInstitute,,3,0,3,3,0,3,0,0,0,0,1
18023,euronews,,4,0,4,4,0,4,0,0,0,0,1
18024,New_Europe,,3,0,3,3,0,3,0,0,0,0,1
18027,NECE_Network,,3,0,3,3,0,3,0,0,0,0,1
18029,ed_peninsula,,2,0,2,2,0,2,0,0,0,0,0
18030,IBEI,,2,0,2,2,0,2,0,0,0,0,7
18031,_AMaldonado_,,2,0,2,2,0,2,0,0,0,0,4
18033,EuropaAbierta,,3,0,3,3,0,3,0,0,0,0,1
18037,DrTedros,,3,0,3,3,0,3,0,0,0,0,3
18038,NathalieTocci,,3,0,3,3,0,3,0,0,0,0,1
18040,repjohnlewis,,2,0,2,2,0,2,0,0,0,0,2
18041,Aidan_Regan,,2,0,2,2,0,2,0,0,0,0,1
18042,Lagarde,,3,0,3,3,0,3,0,0,0,0,1
18043,manolomarting,,2,0,2,2,0,2,0,0,0,0,1
18045,SecPompeo,,2,0,2,2,0,2,0,0,0,0,1
18047,ESM_Press,,2,0,2,2,0,2,0,0,0,0,1
18048,NewEuropeans,,4,0,4,4,0,4,0,0,0,0,1
18049,donaldtuskEPP,,2,0,2,2,0,2,0,0,0,0,2
18050,salvadorilla,,2,0,2,2,0,2,0,0,0,0,5
18052,LuisPlanas,,2,0,2,2,0,2,0,0,0,0,1
18054,LSEPublicPolicy,,2,0,2,2,0,2,0,0,0,0,1
18059,HoracioDiez,,2,0,2,2,0,2,0,0,0,0,2
18062,OITnoticias,,2,0,2,2,0,2,0,0,0,0,4
18063,FeriaAula,,3,0,3,3,0,3,0,0,0,0,4
18066,ma_collado,,2,0,2,2,0,2,0,0,0,0,4
18069,EPSA_Online,,2,0,2,2,0,2,0,0,0,0,4
18070,MikeBloomberg,,3,0,3,3,0,3,0,0,0,0,3
18072,FranciscoIgea,,2,0,2,2,0,2,0,0,0,0,0
18074,anabeldn,,3,0,3,3,0,3,0,0,0,0,3
18075,RriiUrjc,,3,0,3,3,0,3,0,0,0,0,7
18076,JensMesterEU,,3,0,3,3,0,3,0,0,0,0,1
18077,OficinaRI_UCM,,2,0,2,2,0,2,0,0,0,0,4
18078,MoroMjesus,,2,0,2,2,0,2,0,0,0,0,4
18079,naiaragg,,2,0,2,2,0,2,0,0,0,0,4
18080,GertJanEU,,2,0,2,2,0,2,0,0,0,0,1
18087,uni_g9,,3,0,3,3,0,3,0,0,0,0,4
18094,eLabEurope,,3,0,3,3,0,3,0,0,0,0,1
18095,DaveKeating,,2,0,2,2,0,2,0,0,0,0,1
18096,globalmartin,,2,0,2,2,0,2,0,0,0,0,0
18098,euneighbours,,3,0,3,3,0,3,0,0,0,0,1
18100,ITCnews,,3,0,3,3,0,3,0,0,0,0,1
18103,OSCE,,3,0,3,3,0,3,0,0,0,0,1
18104,CasaRosada,,2,0,2,2,0,2,0,0,0,0,1
18105,xdelucas,,2,0,2,2,0,2,0,0,0,0,5
18108,Dario_OteroESP,,2,0,2,2,0,2,0,0,0,0,4
18113,AlynSmith,,2,0,2,2,0,2,0,0,0,0,1
18117,sbonaccini,,3,0,3,3,0,3,0,0,0,0,3
18118,AlbertoNardelli,,2,0,2,2,0,2,0,0,0,0,1
18122,gpscongreso,,2,0,2,2,0,2,0,0,0,0,1
18123,LuisamarGG,,2,0,2,2,0,2,0,0,0,0,0
18126,Magisnet,,3,0,3,3,0,3,0,0,0,0,0
18127,ElisaSilio,,3,0,3,3,0,3,0,0,0,0,5
18129,anatorres8,,3,0,3,3,0,3,0,0,0,0,5
18130,business,,4,0,4,4,0,4,0,0,0,0,3
18131,eqar_he,,2,0,2,2,0,2,0,0,0,0,1
18133,EuroAlter,,3,0,3,3,0,3,0,0,0,0,1
18138,linagalvezmunoz,,2,0,2,2,0,2,0,0,0,0,0
18140,JATorresMora,,2,0,2,2,0,2,0,0,0,0,0
18141,JGuehenno,,2,0,2,2,0,2,0,0,0,0,1
18143,SocialEcoEU,,2,0,2,2,0,2,0,0,0,0,1
18145,ybertoncini,,3,0,3,3,0,3,0,0,0,0,1
18146,miguelpasquau,,2,0,2,2,0,2,0,0,0,0,2
18147,analimaf,,2,0,2,2,0,2,0,0,0,0,1
18148,AranchaGlezLaya,,2,0,2,2,0,2,0,0,0,0,0
18149,socialpuntcat,,2,0,2,2,0,2,0,0,0,0,1
18151,ionebelarra,,3,0,3,3,0,3,0,0,0,0,0
18156,AliVaez,,2,0,2,2,0,2,0,0,0,0,1
18158,gonzalezpons,,3,0,3,3,0,3,0,0,0,0,4
18166,ASCENPA,,2,0,2,2,0,2,0,0,0,0,1
18167,JosephEStiglitz,,3,0,3,3,0,3,0,0,0,0,3
18170,EUwatchers,,4,0,4,4,0,4,0,0,0,0,1
18172,maoliverf,,2,0,2,2,0,2,0,0,0,0,0
18176,SamJamesMorgan,,2,0,2,2,0,2,0,0,0,0,1
18178,VSinkevicius,,2,0,2,2,0,2,0,0,0,0,1
18179,MamerEric,,2,0,2,2,0,2,0,0,0,0,1
18180,joachim_ott,,2,0,2,2,0,2,0,0,0,0,3
18181,Nigel_Farage,,3,0,3,3,0,3,0,0,0,0,0
18182,MundoMaldini,,3,0,3,3,0,3,0,0,0,0,5
18183,Nextibs,,2,0,2,2,0,2,0,0,0,0,4
18184,YlvaJohansson,,2,0,2,2,0,2,0,0,0,0,1
18188,abrilalvaro,,2,0,2,2,0,2,0,0,0,0,4
18189,k_wabrowetz,,3,0,3,3,0,3,0,0,0,0,1
18190,nilspapio,,2,0,2,2,0,2,0,0,0,0,1
18192,FundacionCigob,,2,0,2,2,0,2,0,0,0,0,0
18195,annabosch,,3,0,3,3,0,3,0,0,0,0,0
18198,juliaineurope,,2,0,2,2,0,2,0,0,0,0,2
18201,alferdez,,2,0,2,2,0,2,0,0,0,0,1
18202,KlausIohannis,,2,0,2,2,0,2,0,0,0,0,1
18204,GVAivaj,,3,0,3,3,0,3,0,0,0,0,4
18205,MarinSanna,,2,0,2,2,0,2,0,0,0,0,0
18206,Edu_Ambiental,,2,0,2,2,0,2,0,0,0,0,0
18207,pvoluntariado,,3,0,3,3,0,3,0,0,0,0,4
18214,afernb,,2,0,2,2,0,2,0,0,0,0,6
18215,AntolinRomero,,3,0,3,3,0,3,0,0,0,0,0
18216,MarosSefcovic,,3,0,3,3,0,3,0,0,0,0,1
18217,VDombrovskis,,2,0,2,2,0,2,0,0,0,0,1
18218,Iree_MT,,2,0,2,2,0,2,0,0,0,0,1
18220,gualtierieurope,,3,0,3,3,0,3,0,0,0,0,3
18222,JRBauza,,3,0,3,3,0,3,0,0,0,0,0
18228,RJaureguiA,,2,0,2,2,0,2,0,0,0,0,2
18230,narvayelhierro,,2,0,2,2,0,2,0,0,0,0,6
18231,zircacona,,3,0,3,3,0,3,0,0,0,0,8
18237,ClaraAguilera7,,3,0,3,3,0,3,0,0,0,0,0
18238,EPPGroup,,3,0,3,3,0,3,0,0,0,0,1
18239,GUENGL,,3,0,3,3,0,3,0,0,0,0,1
18240,hdpdemirtas,,2,0,2,2,0,2,0,0,0,0,2
18241,cccesssarrr,,3,0,3,3,0,3,0,0,0,0,4
18244,iea_education,,2,0,2,2,0,2,0,0,0,0,2
18246,UniEurope,,2,0,2,2,0,2,0,0,0,0,1
18250,JoanEliasG,,2,0,2,2,0,2,0,0,0,0,1
18251,RectorUB,,2,0,2,2,0,2,0,0,0,0,1
18256,Medialunacom,,2,0,2,2,0,2,0,0,0,0,0
18257,MPpescador,,2,0,2,2,0,2,0,0,0,0,0
18259,EuropaenSuma,,2,0,2,2,0,2,0,0,0,0,1
18260,ComissioEuropea,,3,0,3,3,0,3,0,0,0,0,1
18261,BeaMoronC,,2,0,2,2,0,2,0,0,0,0,6
18262,GlobalSpain,,2,0,2,2,0,2,0,0,0,0,1
18263,Sociolidarios,,2,0,2,2,0,2,0,0,0,0,0
18264,LauraFides,,2,0,2,2,0,2,0,0,0,0,4
18266,joanaribauleite,,2,0,2,2,0,2,0,0,0,0,1
18267,jesusloplarr,,2,0,2,2,0,2,0,0,0,0,6
18268,MadridEuropa,,4,0,4,4,0,4,0,0,0,0,1
18269,JEFSpain,,3,0,3,3,0,3,0,0,0,0,1
18270,PetrosFassoulas,,3,0,3,3,0,3,0,0,0,0,1
18272,andreessroes,,2,0,2,2,0,2,0,0,0,0,0
18274,DanLucaEU,,3,0,3,3,0,3,0,0,0,0,1
18275,IF_Madrid,,3,0,3,3,0,3,0,0,0,0,1
18276,jjmorante,,3,0,3,3,0,3,0,0,0,0,1
18279,francediplo_ES,,2,0,2,2,0,2,0,0,0,0,4
18280,HistoriaEuropa,,2,0,2,2,0,2,0,0,0,0,1
18281,platdeinfancia,,3,0,3,3,0,3,0,0,0,0,4
18283,EU_ISS,,3,0,3,3,0,3,0,0,0,0,3
18288,ptrantina,,2,0,2,2,0,2,0,0,0,0,2
18289,fundacioludalia,,3,0,3,3,0,3,0,0,0,0,1
18292,PabloTovarRubio,,2,0,2,2,0,2,0,0,0,0,5
18293,landabaso1,,2,0,2,2,0,2,0,0,0,0,1
18294,jpurias,,3,0,3,3,0,3,0,0,0,0,2
18295,jordinieva,,2,0,2,2,0,2,0,0,0,0,2
18296,CRE_Juventud,,2,0,2,2,0,2,0,0,0,0,6
18297,europeistas,,2,0,2,2,0,2,0,0,0,0,2
18298,futurodeeuropa,,2,0,2,2,0,2,0,0,0,0,2
18299,BorisJohnson,,3,0,3,3,0,3,0,0,0,0,3
18301,cristinagallach,,2,0,2,2,0,2,0,0,0,0,0
18302,Xesquet,,2,0,2,2,0,2,0,0,0,0,2
18306,encuentrosucm,,2,0,2,2,0,2,0,0,0,0,1
18308,ZNConsulting,,2,0,2,2,0,2,0,0,0,0,0
18310,YoungEducatorsE,,3,0,3,3,0,3,0,0,0,0,1
18311,cedu_ES,,3,0,3,3,0,3,0,0,0,0,2
18312,SchleicherOECD,,2,0,2,2,0,2,0,0,0,0,1
18313,FVallespin,,2,0,2,2,0,2,0,0,0,0,5
18316,EP_ForeignAff,,3,0,3,3,0,3,0,0,0,0,1
18317,EP_Justice,,3,0,3,3,0,3,0,0,0,0,1
18318,UDAreper,,3,0,3,3,0,3,0,0,0,0,4
18321,toni_rv,,2,0,2,2,0,2,0,0,0,0,1
18322,AquiEuropa,,3,0,3,3,0,3,0,0,0,0,1
18323,jcoscu,,3,0,3,3,0,3,0,0,0,0,0
18325,frdelatorre,,3,0,3,3,0,3,0,0,0,0,0
18329,asocgaraje,,2,0,2,2,0,2,0,0,0,0,4
18333,rutenca,,2,0,2,2,0,2,0,0,0,0,0
18335,FBertelsmann,,4,0,4,4,0,4,0,0,0,0,0
18336,palcarazm,,2,0,2,2,0,2,0,0,0,0,4
18337,FES_EU,,2,0,2,2,0,2,0,0,0,0,1
18338,fundaciobcnfp,,2,0,2,2,0,2,0,0,0,0,1
18340,mrsahuquillo,,3,0,3,3,0,3,0,0,0,0,4
18341,gabriel_zucman,,2,0,2,2,0,2,0,0,0,0,8
18343,AngelesHerasC,,2,0,2,2,0,2,0,0,0,0,1
18344,Jose_Luis_Pazos,,2,0,2,2,0,2,0,0,0,0,4
18345,HughElliottUK,,2,0,2,2,0,2,0,0,0,0,0
18346,marcoRecorder,,3,0,3,3,0,3,0,0,0,0,1
18347,PabloPerezA,,3,0,3,3,0,3,0,0,0,0,0
18348,WorldSkills,,2,0,2,2,0,2,0,0,0,0,1
18349,dimitribarua,,2,0,2,2,0,2,0,0,0,0,1
18350,DiversEESC,,2,0,2,2,0,2,0,0,0,0,1
18352,LucasGonzalezEU,,2,0,2,2,0,2,0,0,0,0,2
18354,UpgradingEU,,2,0,2,2,0,2,0,0,0,0,1
18356,educalab,,4,0,4,4,0,4,0,0,0,0,4
18357,educacion2,,4,0,4,4,0,4,0,0,0,0,4
18358,educaSGCTIE,,4,0,4,4,0,4,0,0,0,0,4
18359,serranomiralles,,2,0,2,2,0,2,0,0,0,0,0
18360,abelgillobo,,2,0,2,2,0,2,0,0,0,0,2
18361,astridportero,,2,0,2,2,0,2,0,0,0,0,3
18363,tiching,,4,0,4,4,0,4,0,0,0,0,0
18365,lozanoirene,,2,0,2,2,0,2,0,0,0,0,0
18366,Alber_Canarias,,3,0,3,3,0,3,0,0,0,0,0
18370,isaserras,,3,0,3,3,0,3,0,0,0,0,5
18372,MovimientoEurop,,2,0,2,2,0,2,0,0,0,0,2
18374,scout_es,,3,0,3,3,0,3,0,0,0,0,4
18377,Filmoteca_es,,2,0,2,2,0,2,0,0,0,0,6
18378,ElenaRadaDiaz,,2,0,2,2,0,2,0,0,0,0,1
18379,EuresSpain,,4,0,4,4,0,4,0,0,0,0,1
18380,fernandomgalan,,3,0,3,3,0,3,0,0,0,0,1
18382,conferenciacs,,2,0,2,2,0,2,0,0,0,0,4
18383,ceapa_oficial,,3,0,3,3,0,3,0,0,0,0,4
18384,atianaf,,2,0,2,2,0,2,0,0,0,0,1
18385,ricardoibarra84,,2,0,2,2,0,2,0,0,0,0,1
18387,Maria_Alcaz,,2,0,2,2,0,2,0,0,0,0,6
18390,etfeuropa,,3,0,3,3,0,3,0,0,0,0,1
18391,MOVFEDEUROPEO,,2,0,2,2,0,2,0,0,0,0,1
18392,EAEA2020,,4,0,4,4,0,4,0,0,0,0,1
18393,eucen,,2,0,2,2,0,2,0,0,0,0,1
18395,unhabitatyouth,,3,0,3,3,0,3,0,0,0,0,1
18397,UNYouthEnvoy,,3,0,3,3,0,3,0,0,0,0,1
18398,FriendsofEurope,,4,0,4,4,0,4,0,0,0,0,1
18401,JEPaquetEU,,3,0,3,3,0,3,0,0,0,0,1
18402,RGrynspan,,2,0,2,2,0,2,0,0,0,0,0
18403,SEGIBdigital,,3,0,3,3,0,3,0,0,0,0,0
18404,AECID_es,,3,0,3,3,0,3,0,0,0,0,5
18405,Red_Carolina,,3,0,3,3,0,3,0,0,0,0,0
18406,USNewsEducation,,3,0,3,3,0,3,0,0,0,0,7
18407,UKnowHGSE,,2,0,2,2,0,2,0,0,0,0,1
18408,usedgov,,3,0,3,3,0,3,0,0,0,0,2
18409,edutopia,,3,0,3,3,0,3,0,0,0,0,1
18410,educationweek,,3,0,3,3,0,3,0,0,0,0,1
18411,hgse,,3,0,3,3,0,3,0,0,0,0,2
18415,ConfDonBosco,,2,0,2,2,0,2,0,0,0,0,4
18417,julie4north,,3,0,3,3,0,3,0,0,0,0,1
18418,EESC_LiaisonG,,2,0,2,2,0,2,0,0,0,0,1
18419,EESC_President,,2,0,2,2,0,2,0,0,0,0,1
18420,10DowningStreet,,4,0,4,4,0,4,0,0,0,0,1
18421,abalosmeco,,2,0,2,2,0,2,0,0,0,0,1
18422,CelaaIsabel,,2,0,2,2,0,2,0,0,0,0,1
18423,carmencalvo_,,2,0,2,2,0,2,0,0,0,0,1
18424,M_Presidencia,,3,0,3,3,0,3,0,0,0,0,0
18425,zuzana_van,,3,0,3,3,0,3,0,0,0,0,1
18426,FrancoisBalate,,3,0,3,3,0,3,0,0,0,0,1
18427,LuisAlvaradoMa,,3,0,3,3,0,3,0,0,0,0,1
18428,AnnaWidegren,,3,0,3,3,0,3,0,0,0,0,1
18429,JaumeAlonso,,4,0,4,4,0,4,0,0,0,0,3
18430,EAlfranseder,,4,0,4,4,0,4,0,0,0,0,1
18431,mkuvaldina,,2,0,2,2,0,2,0,0,0,0,1
18432,PatrickDoodt,,3,0,3,3,0,3,0,0,0,0,3
18433,sanz_ismael,,2,0,2,2,0,2,0,0,0,0,4
18434,educaINEE,,3,0,3,3,0,3,0,0,0,0,4
18435,VictorLapuente,,2,0,2,2,0,2,0,0,0,0,1
18436,Edudesarrollo,,3,0,3,3,0,3,0,0,0,0,4
18440,educacion3_0,,4,0,4,4,0,4,0,0,0,0,4
18442,EPALE_ES,,2,0,2,2,0,2,0,0,0,0,4
18443,todofp,,3,0,3,3,0,3,0,0,0,0,2
18445,KGeorgieva,,3,0,3,3,0,3,0,0,0,0,1
18446,Teresaribera,,2,0,2,2,0,2,0,0,0,0,4
18447,mitecogob,,2,0,2,2,0,2,0,0,0,0,1
18448,mmariaquintana,,2,0,2,2,0,2,0,0,0,0,1
18449,IreneLanMar,,2,0,2,2,0,2,0,0,0,0,4
18450,fbuyolo,,2,0,2,2,0,2,0,0,0,0,0
18451,Europe_Granada,,4,0,4,4,0,4,0,0,0,0,1
18457,jonworth,,4,0,4,4,0,4,0,0,0,0,1
18459,cdesevilla,,3,0,3,3,0,3,0,0,0,0,1
18460,EuropaCiudadana,,3,0,3,3,0,3,0,0,0,0,1
18461,InterregYouth,,2,0,2,2,0,2,0,0,0,0,3
18462,PoliticoRyan,,3,0,3,3,0,3,0,0,0,0,1
18463,javilopezEU,,3,0,3,3,0,3,0,0,0,0,1
18466,esc_espana,,3,0,3,3,0,3,0,0,0,0,0
18469,PabloMartn73,,2,0,2,2,0,2,0,0,0,0,4
18470,miguelmilan,,2,0,2,2,0,2,0,0,0,0,1
18471,yasemoseuropeos,,4,0,4,4,0,4,0,0,0,0,1
18473,alvarocid97,,2,0,2,2,0,2,0,0,0,0,1
18475,EutopiaUni,,3,0,3,3,0,3,0,0,0,0,1
18476,bQuilez,,2,0,2,2,0,2,0,0,0,0,1
18477,PrensaCE,,3,0,3,3,0,3,0,0,0,0,1
18478,CCEuropa,,3,0,3,3,0,3,0,0,0,0,1
18479,MariaenEUropa,,2,0,2,2,0,2,0,0,0,0,2
18481,Leargas,,3,0,3,3,0,3,0,0,0,0,1
18482,LuceasPi,,2,0,2,2,0,2,0,0,0,0,1
18483,Maria_Tejero,,2,0,2,2,0,2,0,0,0,0,5
18484,IMendezdeVigo,,3,0,3,3,0,3,0,0,0,0,1
18485,JulioBasulto_DN,,3,0,3,3,0,3,0,0,0,0,5
18486,SaskiaSassen,,2,0,2,2,0,2,0,0,0,0,3
18487,uniovi_info,,3,0,3,3,0,3,0,0,0,0,4
18488,manueljabois,,3,0,3,3,0,3,0,0,0,0,2
18489,dlacalle,,2,0,2,2,0,2,0,0,0,0,8
18490,SenSanders,,3,0,3,3,0,3,0,0,0,0,2
18491,martin_caparros,,2,0,2,2,0,2,0,0,0,0,1
18492,juan_revenga,,3,0,3,3,0,3,0,0,0,0,5
18494,Andresmourenza,,2,0,2,2,0,2,0,0,0,0,5
18495,CidobBarcelona,,3,0,3,3,0,3,0,0,0,0,2
18498,NachoCarretero,,2,0,2,2,0,2,0,0,0,0,6
18499,mikelayestaran,,2,0,2,2,0,2,0,0,0,0,0
18500,jmmulet,,3,0,3,3,0,3,0,0,0,0,4
18502,JUc3m,,2,0,2,2,0,2,0,0,0,0,2
18507,solerlecha,,2,0,2,2,0,2,0,0,0,0,1
18508,ezgibasaran,,3,0,3,3,0,3,0,0,0,0,2
18509,fgeerdink,,2,0,2,2,0,2,0,0,0,0,2
18510,MarcGuillet1,,2,0,2,2,0,2,0,0,0,0,7
18511,truthout,,2,0,2,2,0,2,0,0,0,0,4
18512,yanisvaroufakis,,3,0,3,3,0,3,0,0,0,0,1
18515,Ruiz_Noticias,,3,0,3,3,0,3,0,0,0,0,0
18516,OED_Olivenza,,2,0,2,2,0,2,0,0,0,0,4
18518,ramonlobo,,3,0,3,3,0,3,0,0,0,0,5
18520,BernardodMiguel,,2,0,2,2,0,2,0,0,0,0,2
18521,Guerraeterna,,3,0,3,3,0,3,0,0,0,0,0
18522,eduardosuarez,,3,0,3,3,0,3,0,0,0,0,5
18525,RedReconoce,,2,0,2,2,0,2,0,0,0,0,2
18526,conseyu_cmpa,,2,0,2,2,0,2,0,0,0,0,4
18528,miqueliceta,,3,0,3,3,0,3,0,0,0,0,0
18530,AmeliaValcarcel,,2,0,2,2,0,2,0,0,0,0,4
18533,aya_chebbi,,2,0,2,2,0,2,0,0,0,0,8
18534,gervasanchez,,3,0,3,3,0,3,0,0,0,0,0
18536,marklowen,,2,0,2,2,0,2,0,0,0,0,2
18537,llmhurtado,,2,0,2,2,0,2,0,0,0,0,6
18538,xavieraldekoa,,3,0,3,3,0,3,0,0,0,0,5
18539,daniInnerarity,,2,0,2,2,0,2,0,0,0,0,0
18540,GlblCtzn,,3,0,3,3,0,3,0,0,0,0,0
18542,coral_iscar,,2,0,2,2,0,2,0,0,0,0,1
18543,IAIonline,,2,0,2,2,0,2,0,0,0,0,1
18544,OECD_Social,,3,0,3,3,0,3,0,0,0,0,2
18545,AITOR_ESTEBAN,,2,0,2,2,0,2,0,0,0,0,0
18549,carlos__alsina,,2,0,2,2,0,2,0,0,0,0,0
18550,Public_Citizen,,2,0,2,2,0,2,0,0,0,0,8
18551,georgesoros,,2,0,2,2,0,2,0,0,0,0,3
18554,EnricJuliana,,2,0,2,2,0,2,0,0,0,0,4
18557,A_Gurria,,2,0,2,2,0,2,0,0,0,0,1
18561,NicolaSturgeon,,2,0,2,2,0,2,0,0,0,0,2
18562,USAIDEducation,,3,0,3,3,0,3,0,0,0,0,1
18563,UNICEFEducation,,3,0,3,3,0,3,0,0,0,0,1
18564,WBG_Education,,2,0,2,2,0,2,0,0,0,0,1
18565,GEMReport,,3,0,3,3,0,3,0,0,0,0,2
18566,CeylanWrites,,2,0,2,2,0,2,0,0,0,0,1
18567,mansuryavas06,,2,0,2,2,0,2,0,0,0,0,2
18569,herkesicinCHP,,2,0,2,2,0,2,0,0,0,0,2
18570,debatingeurope,,4,0,4,4,0,4,0,0,0,0,1
18571,iurquizu,,2,0,2,2,0,2,0,0,0,0,4
18573,a_nmilara,,2,0,2,2,0,2,0,0,0,0,0
18574,xpericay,,2,0,2,2,0,2,0,0,0,0,0
18577,IEMed_,,3,0,3,3,0,3,0,0,0,0,1
18579,ECThinkTank,,2,0,2,2,0,2,0,0,0,0,1
18580,AnnMettler,,2,0,2,2,0,2,0,0,0,0,1
18581,epc_eu,,3,0,3,3,0,3,0,0,0,0,1
18582,jaumecollboni,,2,0,2,2,0,2,0,0,0,0,2
18587,KarmenuVella,,3,0,3,3,0,3,0,0,0,0,1
18588,iescolar,,3,0,3,3,0,3,0,0,0,0,0
18590,rosamariaartal,,3,0,3,3,0,3,0,0,0,0,0
18591,LluisOrriols,,2,0,2,2,0,2,0,0,0,0,0
18592,AntoineGodbert,,4,0,4,4,0,4,0,0,0,0,1
18593,MalmstromEU,,3,0,3,3,0,3,0,0,0,0,1
18596,Be_Herrero,,3,0,3,3,0,3,0,0,0,0,1
18598,TerryReintke,,3,0,3,3,0,3,0,0,0,0,1
18599,Belen_Becerril,,3,0,3,3,0,3,0,0,0,0,1
18600,carlosecue,,3,0,3,3,0,3,0,0,0,0,4
18601,CantabriaEuropa,,4,0,4,4,0,4,0,0,0,0,1
18602,carlosp_romo,,2,0,2,2,0,2,0,0,0,0,1
18604,BridgeFoundatio,,2,0,2,2,0,2,0,0,0,0,1
18605,mbdeboer,,3,0,3,3,0,3,0,0,0,0,1
18606,CarolVazPires,,3,0,3,3,0,3,0,0,0,0,3
18608,sahagunfelipe,,2,0,2,2,0,2,0,0,0,0,4
18609,mavidonate,,2,0,2,2,0,2,0,0,0,0,5
18610,jitorreblanca,,3,0,3,3,0,3,0,0,0,0,1
18613,a_publica,,2,0,2,2,0,2,0,0,0,0,0
18617,_ignaciomolina,,2,0,2,2,0,2,0,0,0,0,0
18619,HaizamAmirah,,2,0,2,2,0,2,0,0,0,0,5
18623,Reuters,,4,0,4,4,0,4,0,0,0,0,1
18624,kikollan,,3,0,3,3,0,3,0,0,0,0,0
18625,jfalbertos,,2,0,2,2,0,2,0,0,0,0,0
18626,JorgeGalindo,,2,0,2,2,0,2,0,0,0,0,0
18628,TJagland,,2,0,2,2,0,2,0,0,0,0,1
18630,PDE_EDP,,2,0,2,2,0,2,0,0,0,0,1
18631,JHahnEU,,3,0,3,3,0,3,0,0,0,0,1
18633,IratxeGarper,,2,0,2,2,0,2,0,0,0,0,1
18634,ecfr,,3,0,3,3,0,3,0,0,0,0,1
18635,carlbildt,,3,0,3,3,0,3,0,0,0,0,1
18636,CESIYouth,,2,0,2,2,0,2,0,0,0,0,1
18637,Suanzes,,3,0,3,3,0,3,0,0,0,0,5
18638,MEugeniaRPalop,,2,0,2,2,0,2,0,0,0,0,6
18641,jduch,,3,0,3,3,0,3,0,0,0,0,1
18642,jcarmonaEP,,2,0,2,2,0,2,0,0,0,0,1
18643,SkaKeller,,3,0,3,3,0,3,0,0,0,0,1
18644,BilldeBlasio,,2,0,2,2,0,2,0,0,0,0,3
18646,ScoutingEurope,,2,0,2,2,0,2,0,0,0,0,1
18647,lugaricano,,2,0,2,2,0,2,0,0,0,0,4
18648,CANAE,,3,0,3,3,0,3,0,0,0,0,1
18649,meritxell_batet,,2,0,2,2,0,2,0,0,0,0,1
18650,RedSapdu,,2,0,2,2,0,2,0,0,0,0,1
18651,UeEspana,,3,0,3,3,0,3,0,0,0,0,5
18652,HablamosdEuropa,,4,0,4,4,0,4,0,0,0,0,1
18657,EmmanuelMacron,,4,0,4,4,0,4,0,0,0,0,1
18658,antoniocostapm,,2,0,2,2,0,2,0,0,0,0,1
18659,Servimedia,,3,0,3,3,0,3,0,0,0,0,0
18662,EduMadina,,3,0,3,3,0,3,0,0,0,0,0
18663,ECFRMadrid,,3,0,3,3,0,3,0,0,0,0,1
18664,esglobal_org,,2,0,2,2,0,2,0,0,0,0,0
18665,ManzanoCr,,2,0,2,2,0,2,0,0,0,0,0
18666,EP_ThinkTank,,3,0,3,3,0,3,0,0,0,0,1
18667,Dir_CEenEspana,,2,0,2,2,0,2,0,0,0,0,2
18670,ecfin,,3,0,3,3,0,3,0,0,0,0,1
18671,ekrem_imamoglu,,3,0,3,3,0,3,0,0,0,0,2
18673,CES_Europe,,2,0,2,2,0,2,0,0,0,0,1
18680,FinlandinEU,,3,0,3,3,0,3,0,0,0,0,1
18681,UNDGC_CSO,,2,0,2,2,0,2,0,0,0,0,2
18682,andresgil,,2,0,2,2,0,2,0,0,0,0,5
18683,polmorillas,,2,0,2,2,0,2,0,0,0,0,1
18684,alemannoEU,,3,0,3,3,0,3,0,0,0,0,1
18687,ErasmusFP,,2,0,2,2,0,2,0,0,0,0,4
18689,IBIAE,,2,0,2,2,0,2,0,0,0,0,1
18691,inglesportemas,,3,0,3,3,0,3,0,0,0,0,5
18692,RbrownSweat,,2,0,2,2,0,2,0,0,0,0,5
18693,carrusel,,3,0,3,3,0,3,0,0,0,0,1
18702,bbcle,,4,0,4,4,0,4,0,0,0,0,1
18703,porlainnovacion,,2,0,2,2,0,2,0,0,0,0,1
18704,skill_saga,,2,0,2,2,0,2,0,0,0,0,4
18707,UPVCampusAlcoy,,3,0,3,3,0,3,0,0,0,0,4
18708,UPVCampusGandia,,4,0,4,4,0,4,0,0,0,0,2
18709,CPInnovacion,,3,0,3,3,0,3,0,0,0,0,4
18715,CambridgeSpain,,3,0,3,3,0,3,0,0,0,0,4
18716,Diloeningles,,2,0,2,2,0,2,0,0,0,0,5
18717,termbank,,2,0,2,2,0,2,0,0,0,0,1
18718,UnimelEducacion,,4,0,4,4,0,4,0,0,0,0,1
18720,EducWeb,,2,0,2,2,0,2,0,0,0,0,1
18721,aulaPlaneta,,3,0,3,3,0,3,0,0,0,0,1
18722,psicopedia,,3,0,3,3,0,3,0,0,0,0,4
18724,psicologiamente,,2,0,2,2,0,2,0,0,0,0,1
18725,visconti_martin,,2,0,2,2,0,2,0,0,0,0,1
18727,itene,,2,0,2,2,0,2,0,0,0,0,1
18728,AIDIMME,,2,0,2,2,0,2,0,0,0,0,0
18734,OPEECanarias,,3,0,3,3,0,3,0,0,0,0,1
18755,Startup_VLC,,2,0,2,2,0,2,0,0,0,0,5
18757,EducatorMagUK,,2,0,2,2,0,2,0,0,0,0,1
18759,InglesABC,,2,0,2,2,0,2,0,0,0,0,5
18762,learnenglish121,,2,0,2,2,0,2,0,0,0,0,6
18763,InglesxPalabras,,3,0,3,3,0,3,0,0,0,0,6
18764,phrasalverbdmon,,3,0,3,3,0,3,0,0,0,0,0
18765,EllaLanguage,,2,0,2,2,0,2,0,0,0,0,4
18767,CAprenderIngles,,2,0,2,2,0,2,0,0,0,0,5
18770,NewtonLing,,2,0,2,2,0,2,0,0,0,0,1
18785,emprenemjunts,,3,0,3,3,0,3,0,0,0,0,4
18787,VITEmprende,,2,0,2,2,0,2,0,0,0,0,5
18789,ceeielche,,2,0,2,2,0,2,0,0,0,0,1
18791,focuspyme,,2,0,2,2,0,2,0,0,0,0,5
18792,camaravalencia,,2,0,2,2,0,2,0,0,0,0,1
18793,CDTIoficial,,3,0,3,3,0,3,0,0,0,0,1
18794,CEEICastellon,,2,0,2,2,0,2,0,0,0,0,1
18795,ceei,,2,0,2,2,0,2,0,0,0,0,1
18798,ceeivalencia,,3,0,3,3,0,3,0,0,0,0,4
18799,GVAeconomia,,2,0,2,2,0,2,0,0,0,0,1
18805,GetSetEnglish,,3,0,3,3,0,3,0,0,0,0,5
18806,cursoyesingles,,2,0,2,2,0,2,0,0,0,0,4
18807,inglesting,,2,0,2,2,0,2,0,0,0,0,5
18808,EDIC_Virovitica,,3,0,3,3,0,3,0,0,0,0,1
18809,EDIC_Cakovec,,3,0,3,3,0,3,0,0,0,0,1
18810,EDICKarlovac,,3,0,3,3,0,3,0,0,0,0,1
18811,ED_Bucuresti,,5,0,5,5,0,5,0,0,0,0,1
18812,ED_Novomesto,,4,0,4,4,0,4,0,0,0,0,1
18813,EDICNicosia,,3,0,3,3,0,3,0,0,0,0,1
18814,EUDirectBurgas,,5,0,5,5,0,5,0,0,0,0,1
18815,europeinfocentr,,4,0,4,4,0,4,0,0,0,0,1
18816,EDirectPorto,,7,0,7,7,0,7,0,0,0,0,7
18817,EDRRheinMain,,4,0,4,4,0,4,0,0,0,0,1
18818,europedirect1,,6,0,6,6,0,6,0,0,0,0,7
18819,EDLeipzig,,4,0,4,4,0,4,0,0,0,0,1
18820,europedirectulm,,4,0,4,4,0,4,0,0,0,0,1
18821,CIEDMinho,,6,0,6,6,0,6,0,0,0,0,7
18822,EDZ__UniKrems,,4,0,4,4,0,4,0,0,0,0,1
18823,europedirectxan,,4,0,4,4,0,4,0,0,0,0,1
18824,EDC_UNic,,4,0,4,4,0,4,0,0,0,0,1
18825,CIED_TSAT,,6,0,6,6,0,6,0,0,0,0,7
18826,EDArges,,4,0,4,4,0,4,0,0,0,0,1
18827,europedirectlar,,4,0,4,4,0,4,0,0,0,0,1
18828,EuropeDirectIPP,,6,0,6,6,0,6,0,0,0,0,7
18829,europedirectrus,,4,0,4,4,0,4,0,0,0,0,1
18830,EuropeDirectMM,,4,0,4,4,0,4,0,0,0,0,1
18831,EDWroclaw,,4,0,4,4,0,4,0,0,0,0,1
18832,EuropeDirectOL,,4,0,4,4,0,4,0,0,0,0,1
18833,EDTimisoara,,4,0,4,4,0,4,0,0,0,0,1
18834,EDBydgoszcz,,4,0,4,4,0,4,0,0,0,0,1
18835,novihori,,4,0,4,4,0,4,0,0,0,0,1
18836,EDCSliven,,4,0,4,4,0,4,0,0,0,0,1
18837,EDTorun,,4,0,4,4,0,4,0,0,0,0,1
18838,Aktiivinen,,4,0,4,4,0,4,0,0,0,0,1
18839,EURONETNETWORK,,3,0,3,3,0,3,0,0,0,0,1
18841,Junta_Educacion,,2,0,2,2,0,2,0,0,0,0,5
18842,InnovacionForm,,2,0,2,2,0,2,0,0,0,0,1
18846,lolaprieto,,2,0,2,2,0,2,0,0,0,0,6
18849,MorenoG_Agustin,,3,0,3,3,0,3,0,0,0,0,4
18852,InglesSila,,2,0,2,2,0,2,0,0,0,0,4
18854,averbaweek,,3,0,3,3,0,3,0,0,0,0,5
18855,AprenderInglesI,,2,0,2,2,0,2,0,0,0,0,1
18856,tuinglesdiario,,2,0,2,2,0,2,0,0,0,0,5
18857,telefonica_ed,,2,0,2,2,0,2,0,0,0,0,1
18859,ScolarTIC,,2,0,2,2,0,2,0,0,0,0,1
18862,GrupoVaughan,,3,0,3,3,0,3,0,0,0,0,2
18863,inglesaldia,,4,0,4,4,0,4,0,0,0,0,2
18877,alcoy,,2,0,2,2,0,2,0,0,0,0,1
18878,CopeAlcoy,,2,0,2,2,0,2,0,0,0,0,1
18880,RadioAlcoy,,2,0,2,2,0,2,0,0,0,0,1
18881,AjuntamentAlcoi,,2,0,2,2,0,2,0,0,0,0,1
18897,antonellabro,,2,0,2,2,0,2,0,0,0,0,1
18899,edudigital,,2,0,2,2,0,2,0,0,0,0,1
18901,UNIRResearch,,2,0,2,2,0,2,0,0,0,0,1
18905,LEGOIdeas,,2,0,2,2,0,2,0,0,0,0,1
18906,moodle,,2,0,2,2,0,2,0,0,0,0,6
18909,TheLEGOMovie,,2,0,2,2,0,2,0,0,0,0,2
18910,LEGO_Education,,3,0,3,3,0,3,0,0,0,0,1
18911,LEGO_Group,,3,0,3,3,0,3,0,0,0,0,3
18913,evamude,,2,0,2,2,0,2,0,0,0,0,1
18915,PantallasAmigas,,2,0,2,2,0,2,0,0,0,0,1
18917,C_CyberBullying,,2,0,2,2,0,2,0,0,0,0,1
18918,eduPLEmooc,,2,0,2,2,0,2,0,0,0,0,1
18920,abelardopardo,,2,0,2,2,0,2,0,0,0,0,1
18921,aulablog,,2,0,2,2,0,2,0,0,0,0,1
18922,eduteka,,3,0,3,3,0,3,0,0,0,0,1
18923,educanave,,2,0,2,2,0,2,0,0,0,0,1
18924,educa3_0,,3,0,3,3,0,3,0,0,0,0,1
18925,eetrespuntocero,,2,0,2,2,0,2,0,0,0,0,4
18926,docente2punto0,,4,0,4,4,0,4,0,0,0,0,1
18927,EducaAndInnova,,4,0,4,4,0,4,0,0,0,0,1
18928,enlight_ED,,5,0,5,5,0,5,0,0,0,0,4
18929,dreig,,3,0,3,3,0,3,0,0,0,0,0
18931,_escuela20,,4,0,4,4,0,4,0,0,0,0,1
18932,EDUCAWEB,,4,0,4,4,0,4,0,0,0,0,1
18934,educacionTIC,,4,0,4,4,0,4,0,0,0,0,1
18938,mashablemobile,,3,0,3,3,0,3,0,0,0,0,7
18941,futureshift,,3,0,3,3,0,3,0,0,0,0,1
18943,CeDeC_intef,,3,0,3,3,0,3,0,0,0,0,1
18944,clickclickclick,,3,0,3,3,0,3,0,0,0,0,1
18961,domian,,2,0,2,2,0,2,0,0,0,0,1
18975,titanic,,2,0,2,2,0,2,0,0,0,0,6
18976,zeitonline,,3,0,3,3,0,3,0,0,0,0,2
18982,noamchomskyT,,2,0,2,2,0,2,0,0,0,0,6
18988,1FSVMainz05,,2,0,2,2,0,2,0,0,0,0,6
18989,ZDF,,3,0,3,3,0,3,0,0,0,0,2
18993,residentadvisor,,2,0,2,2,0,2,0,0,0,0,6
18995,polizeiberlin,,2,0,2,2,0,2,0,0,0,0,6
19004,AhoraGranada,,6,0,6,6,0,6,0,0,0,0,6
19007,magdatrillo,,3,0,3,3,0,3,0,0,0,0,6
19015,DHB_Teams,,2,0,2,2,0,2,0,0,0,0,6
19016,ArcticMonkeys,,3,0,3,3,0,3,0,0,0,0,6
19020,NaWik,,2,0,2,2,0,2,0,0,0,0,6
19027,HumansOfLate,,2,0,2,2,0,2,0,0,0,0,6
19035,Siemens,,2,0,2,2,0,2,0,0,0,0,1
19038,wuv,,3,0,3,3,0,3,0,0,0,0,6
19047,greenpeace_de,,3,0,3,3,0,3,0,0,0,0,1
19068,Lufthansa_DE,,2,0,2,2,0,2,0,0,0,0,6
19083,PRDailyNews,,2,0,2,2,0,2,0,0,0,0,6
19084,PRNews,,3,0,3,3,0,3,0,0,0,0,6
19086,kressZwitscher,,3,0,3,3,0,3,0,0,0,0,6
19087,MEEDIA,,2,0,2,2,0,2,0,0,0,0,6
19107,saschalobo,,3,0,3,3,0,3,0,0,0,0,6
19110,anjaschneider,,2,0,2,2,0,2,0,0,0,0,6
19117,PanPotOFFICIAL,,2,0,2,2,0,2,0,0,0,0,6
19125,derspiegel,,2,0,2,2,0,2,0,0,0,0,6
19126,ZDFneo,,2,0,2,2,0,2,0,0,0,0,6
19128,heutejournal,,2,0,2,2,0,2,0,0,0,0,2
19129,Medium,,3,0,3,3,0,3,0,0,0,0,6
19131,DB_Info,,2,0,2,2,0,2,0,0,0,0,6
19151,IntOffice_h_da,,2,0,2,2,0,2,0,0,0,0,6
19154,chaosupdates,,2,0,2,2,0,2,0,0,0,0,6
19161,marcocarola,,3,0,3,3,0,3,0,0,0,0,6
19163,Paco_Osuna,,2,0,2,2,0,2,0,0,0,0,6
19168,extra3,,2,0,2,2,0,2,0,0,0,0,6
19175,Der_Postillon,,2,0,2,2,0,2,0,0,0,0,1
19207,nicfanciulli,,2,0,2,2,0,2,0,0,0,0,6
19208,Carl_Cox,,4,0,4,4,0,4,0,0,0,0,6
19209,dubfire,,3,0,3,3,0,3,0,0,0,0,6
19210,richiehawtin,,4,0,4,4,0,4,0,0,0,0,6
19211,IdaEngberg,,2,0,2,2,0,2,0,0,0,0,2
19212,ChrisLiebing,,2,0,2,2,0,2,0,0,0,0,6
19213,DrumcodeRecords,,2,0,2,2,0,2,0,0,0,0,6
19214,realAdamBeyer,,3,0,3,3,0,3,0,0,0,0,6
19217,AlanFitzpatrick,,2,0,2,2,0,2,0,0,0,0,6
19242,damitdasklaas,,2,0,2,2,0,2,0,0,0,0,2
19244,tagesschau,,2,0,2,2,0,2,0,0,0,0,6
19245,SPIEGEL_Wissen,,3,0,3,3,0,3,0,0,0,0,6
19246,ARTEde,,2,0,2,2,0,2,0,0,0,0,6
19247,dw_wissenschaft,,2,0,2,2,0,2,0,0,0,0,6
19248,spiegelonline,,2,0,2,2,0,2,0,0,0,0,2
19252,dpa,,2,0,2,2,0,2,0,0,0,0,6
19253,DIEZEIT,,2,0,2,2,0,2,0,0,0,0,6
19257,AuswaertigesAmt,,3,0,3,3,0,3,0,0,0,0,6
19258,RegSprecher,,3,0,3,3,0,3,0,0,0,0,1
19260,AsocAsprogrades,,2,0,2,2,0,2,0,0,0,0,6
19263,dnaim_,,3,0,3,3,0,3,0,0,0,0,0
19270,Alexvallejogcf,,2,0,2,2,0,2,0,0,0,0,6
19278,Caarliyos,,2,0,2,2,0,2,0,0,0,0,6
19282,JPriet43,,2,0,2,2,0,2,0,0,0,0,6
19287,criistiian_esp,,2,0,2,2,0,2,0,0,0,0,0
19288,adriiduee99,,3,0,3,3,0,3,0,0,0,0,6
19294,dopahi,,2,0,2,2,0,2,0,0,0,0,6
19300,BelenChirosa,,3,0,3,3,0,3,0,0,0,0,6
19304,srta_Niieeves,,2,0,2,2,0,2,0,0,0,0,6
19306,_mariadmedina,,2,0,2,2,0,2,0,0,0,0,6
19309,foxtves,,3,0,3,3,0,3,0,0,0,0,0
19310,Patrii_Jones,,3,0,3,3,0,3,0,0,0,0,6
19313,AMEstrellaGR,,4,0,4,4,0,4,0,0,0,0,0
19314,Pasionyestrella,,4,0,4,4,0,4,0,0,0,0,0
19315,JonatanJosaro,,2,0,2,2,0,2,0,0,0,0,6
19317,RoMuMo93,,2,0,2,2,0,2,0,0,0,0,0
19319,MSDGR97,,3,0,3,3,0,3,0,0,0,0,0
19322,mariomgr,,2,0,2,2,0,2,0,0,0,0,6
19337,flacosta34,,2,0,2,2,0,2,0,0,0,0,6
19341,GOnestini,,2,0,2,2,0,2,0,0,0,0,2
19342,FAMILIA_ALFA,,3,0,3,3,0,3,0,0,0,0,4
19349,HospitalariasGr,,2,0,2,2,0,2,0,0,0,0,6
19350,AgrupacionVR,,2,0,2,2,0,2,0,0,0,0,6
19352,hermandadsed,,2,0,2,2,0,2,0,0,0,0,6
19355,CEE_StaTeresa,,2,0,2,2,0,2,0,0,0,0,6
19357,SanJoseGuadix,,2,0,2,2,0,2,0,0,0,0,6
19360,Adrian_Alza,,2,0,2,2,0,2,0,0,0,0,6
19366,launovi_,,2,0,2,2,0,2,0,0,0,0,6
19374,FerroviariosGJ,,2,0,2,2,0,2,0,0,0,0,6
19378,granadaespasion,,3,0,3,3,0,3,0,0,0,0,6
19380,lidiiagonzalez,,2,0,2,2,0,2,0,0,0,0,6
19384,BlogCofradeGr,,3,0,3,3,0,3,0,0,0,0,6
19386,lalocuracofrade,,3,0,3,3,0,3,0,0,0,0,0
19390,FrikiLandy,,3,0,3,3,0,3,0,0,0,0,0
19391,LaFirmaCofrade,,3,0,3,3,0,3,0,0,0,0,0
19392,eeva_97,,2,0,2,2,0,2,0,0,0,0,6
19401,JorgeDirtyName,,2,0,2,2,0,2,0,0,0,0,6
19402,Resurreccion_Tr,,4,0,4,4,0,4,0,0,0,0,4
19403,catolicos_es,,3,0,3,3,0,3,0,0,0,0,6
19405,MirameTEA,,2,0,2,2,0,2,0,0,0,0,6
19407,ferroviarioscof,,5,0,5,5,0,5,0,0,0,0,4
19409,SaraAnguita3,,3,0,3,3,0,3,0,0,0,0,0
19413,GuionCofradeGra,,3,0,3,3,0,3,0,0,0,0,6
19414,Carlosjavi97,,4,0,4,4,0,4,0,0,0,0,3
19415,borriquillaypaz,,3,0,3,3,0,3,0,0,0,0,6
19418,JuventudLanzada,,3,0,3,3,0,3,0,0,0,0,6
19420,quieretemucho_,,2,0,2,2,0,2,0,0,0,0,4
19421,sanitas,,2,0,2,2,0,2,0,0,0,0,6
19422,HumildadGranada,,6,0,6,6,0,6,0,0,0,0,0
19427,elenagm_19,,2,0,2,2,0,2,0,0,0,0,6
19436,EspDeTriana,,2,0,2,2,0,2,0,0,0,0,6
19437,esCofrade_es,,3,0,3,3,0,3,0,0,0,0,6
19438,LanzadaGranada,,3,0,3,3,0,3,0,0,0,0,0
19442,Fran_Rodri_guez,,3,0,3,3,0,3,0,0,0,0,5
19449,StefaniiaEM,,2,0,2,2,0,2,0,0,0,0,3
19451,Tucuerpoenverso,,2,0,2,2,0,2,0,0,0,0,3
19455,EsAdolescencia,,3,0,3,3,0,3,0,0,0,0,5
19456,eres_mimundo,,2,0,2,2,0,2,0,0,0,0,6
19457,encapsulados,,2,0,2,2,0,2,0,0,0,0,6
19458,D_Finanzas,,2,0,2,2,0,2,0,0,0,0,6
19459,notemasalamor,,3,0,3,3,0,3,0,0,0,0,6
19461,JoseIgnacioCL,,2,0,2,2,0,2,0,0,0,0,5
19463,jeenniiBa11,,2,0,2,2,0,2,0,0,0,0,6
19464,Pinterest,,3,0,3,3,0,3,0,0,0,0,1
19465,CostaleroDeGR,,3,0,3,3,0,3,0,0,0,0,4
19466,chris_gr95,,2,0,2,2,0,2,0,0,0,0,6
19473,davidlaargoo,,2,0,2,2,0,2,0,0,0,0,6
19474,keepcalmandfxck,,2,0,2,2,0,2,0,0,0,0,6
19475,Alsa_autobuses,,3,0,3,3,0,3,0,0,0,0,6
19476,DeportesGD,,3,0,3,3,0,3,0,0,0,0,0
19477,Colejobs,,3,0,3,3,0,3,0,0,0,0,4
19478,FEGRADI,,4,0,4,4,0,4,0,0,0,0,0
19479,maestradepueblo,,3,0,3,3,0,3,0,0,0,0,5
19480,Academia10gr,,2,0,2,2,0,2,0,0,0,0,6
19481,jazztel_es,,3,0,3,3,0,3,0,0,0,0,0
19482,marcoasensio10,,3,0,3,3,0,3,0,0,0,0,8
19483,becasalestudio,,2,0,2,2,0,2,0,0,0,0,3
19486,bwin_es,,3,0,3,3,0,3,0,0,0,0,4
19488,AhoraCofradeGR,,3,0,3,3,0,3,0,0,0,0,6
19489,granadacofrade,,4,0,4,4,0,4,0,0,0,0,0
19490,sercofrade,,3,0,3,3,0,3,0,0,0,0,0
19491,Harry_Potter_TM,,3,0,3,3,0,3,0,0,0,0,6
19492,divulgaciond,,3,0,3,3,0,3,0,0,0,0,6
19493,JiFFi_UGR,,3,0,3,3,0,3,0,0,0,0,6
19494,GlobeFormacion,,3,0,3,3,0,3,0,0,0,0,0
19495,GuiaKul,,4,0,4,4,0,4,0,0,0,0,0
19497,AngustiasGr,,2,0,2,2,0,2,0,0,0,0,6
19500,josevelascofdez,,3,0,3,3,0,3,0,0,0,0,6
19503,ghoficial,,3,0,3,3,0,3,0,0,0,0,0
19504,Pastoral_Ugr,,3,0,3,3,0,3,0,0,0,0,3
19505,DEPORTAE,,3,0,3,3,0,3,0,0,0,0,0
19507,uniservic,,3,0,3,3,0,3,0,0,0,0,0
19509,PuertaRealAca,,3,0,3,3,0,3,0,0,0,0,0
19512,arielardillita,,2,0,2,2,0,2,0,0,0,0,4
19515,anaavillarejo,,2,0,2,2,0,2,0,0,0,0,6
19517,apoyate_,,4,0,4,4,0,4,0,0,0,0,6
19521,GabriPrez,,2,0,2,2,0,2,0,0,0,0,6
19524,andrea6rc,,2,0,2,2,0,2,0,0,0,0,6
19528,sarigarg,,3,0,3,3,0,3,0,0,0,0,6
19530,Urban_CRG,,3,0,3,3,0,3,0,0,0,0,5
19533,Trasnochadorees,,5,0,5,5,0,5,0,0,0,0,6
19534,Mariia_Alarc26,,2,0,2,2,0,2,0,0,0,0,0
19538,Carmenre95,,2,0,2,2,0,2,0,0,0,0,6
19543,Chelyabinsk05,,2,0,2,2,0,2,0,0,0,0,6
19548,MapiCurls,,2,0,2,2,0,2,0,0,0,0,6
19551,eiaaguilar,,2,0,2,2,0,2,0,0,0,0,6
19552,SergioGnz13,,2,0,2,2,0,2,0,0,0,0,6
19556,VinesDiarios,,2,0,2,2,0,2,0,0,0,0,6
19558,GuerreroSergiio,,3,0,3,3,0,3,0,0,0,0,6
19559,estrellla_m95,,3,0,3,3,0,3,0,0,0,0,6
19568,AnaFrairee,,2,0,2,2,0,2,0,0,0,0,6
19570,GrNoDuerme,,3,0,3,3,0,3,0,0,0,0,6
19571,alvaro96lm,,3,0,3,3,0,3,0,0,0,0,6
19576,federebecchi1,,2,0,2,2,0,2,0,0,0,0,0
19600,NicolasMd10,,2,0,2,2,0,2,0,0,0,0,6
19611,LauritaPerz,,3,0,3,3,0,3,0,0,0,0,6
19618,wevodclara,,2,0,2,2,0,2,0,0,0,0,6
19619,OliFdez,,2,0,2,2,0,2,0,0,0,0,6
19624,NuriConcenoconz,,2,0,2,2,0,2,0,0,0,0,6
19625,JazminChiapperi,,2,0,2,2,0,2,0,0,0,0,6
19630,Marialovethem,,3,0,3,3,0,3,0,0,0,0,6
19640,ali92sr,,3,0,3,3,0,3,0,0,0,0,6
19642,emiliogl94,,2,0,2,2,0,2,0,0,0,0,6
19643,Flordedeseo,,2,0,2,2,0,2,0,0,0,0,6
19644,DekWataFaak,,2,0,2,2,0,2,0,0,0,0,6
19646,ivannht,,2,0,2,2,0,2,0,0,0,0,6
19650,Noeemi_8,,2,0,2,2,0,2,0,0,0,0,6
19654,ivantrotski,,2,0,2,2,0,2,0,0,0,0,6
19655,JaviiGarciiaM9,,2,0,2,2,0,2,0,0,0,0,6
19656,AleAdEs,,2,0,2,2,0,2,0,0,0,0,6
19660,Pablohanes,,2,0,2,2,0,2,0,0,0,0,6
19665,juanjoramirez12,,2,0,2,2,0,2,0,0,0,0,0
19666,aleexmuoz2,,2,0,2,2,0,2,0,0,0,0,6
19672,IvanChupachups,,2,0,2,2,0,2,0,0,0,0,6
19675,John____McClane,,3,0,3,3,0,3,0,0,0,0,8
19678,aniiita19,,2,0,2,2,0,2,0,0,0,0,6
19679,95JesusLopez,,2,0,2,2,0,2,0,0,0,0,6
19684,ANALsm95,,2,0,2,2,0,2,0,0,0,0,6
19687,Inspira2Club,,3,0,3,3,0,3,0,0,0,0,6
19691,Siilviaa16,,2,0,2,2,0,2,0,0,0,0,6
19693,ana_frias,,2,0,2,2,0,2,0,0,0,0,6
19694,sergiyo4,,2,0,2,2,0,2,0,0,0,0,6
19697,OscarDjDirty,,3,0,3,3,0,3,0,0,0,0,6
19702,francis_fc,,2,0,2,2,0,2,0,0,0,0,6
19704,7ManuAriza,,2,0,2,2,0,2,0,0,0,0,6
19705,SergioMarinrin,,2,0,2,2,0,2,0,0,0,0,6
19710,96Barragan,,2,0,2,2,0,2,0,0,0,0,6
19719,ElenaaLemacks,,2,0,2,2,0,2,0,0,0,0,6
19721,MariajoKpLv,,2,0,2,2,0,2,0,0,0,0,6
19724,laurarosales_94,,2,0,2,2,0,2,0,0,0,0,6
19737,de_los_Cobos,,2,0,2,2,0,2,0,0,0,0,6
19740,Boombeer,,2,0,2,2,0,2,0,0,0,0,2
19769,LauGrzn,,3,0,3,3,0,3,0,0,0,0,6
19775,cmf_94,,2,0,2,2,0,2,0,0,0,0,6
19789,mriabueno96,,2,0,2,2,0,2,0,0,0,0,6
19792,luissalvadorv,,2,0,2,2,0,2,0,0,0,0,6
19796,AnaIdigoras1,,2,0,2,2,0,2,0,0,0,0,6
19797,pablotapia_74,,2,0,2,2,0,2,0,0,0,0,6
19799,anitavf94,,2,0,2,2,0,2,0,0,0,0,6
19800,lauraa_pink,,2,0,2,2,0,2,0,0,0,0,6
19802,brodhagranada,,2,0,2,2,0,2,0,0,0,0,6
19805,ManuAlejo,,2,0,2,2,0,2,0,0,0,0,6
19807,victoraguilar95,,2,0,2,2,0,2,0,0,0,0,6
19810,mirellacfdez,,3,0,3,3,0,3,0,0,0,0,6
19812,JaviBlackDomin,,2,0,2,2,0,2,0,0,0,0,6
19813,jaigalvez,,2,0,2,2,0,2,0,0,0,0,6
19814,Cciudadalhambra,,3,0,3,3,0,3,0,0,0,0,0
19815,AlbillarosArj,,2,0,2,2,0,2,0,0,0,0,6
19820,anabelcardens,,2,0,2,2,0,2,0,0,0,0,6
19824,RoberFernandez1,,2,0,2,2,0,2,0,0,0,0,6
19830,jorgemr_fk7,,2,0,2,2,0,2,0,0,0,0,6
19835,Laura_Tamayo26,,2,0,2,2,0,2,0,0,0,0,6
19842,cuarter21,,2,0,2,2,0,2,0,0,0,0,6
19844,crisgonzalz1_,,2,0,2,2,0,2,0,0,0,0,6
19847,ana_ansino,,2,0,2,2,0,2,0,0,0,0,6
19848,JotillaJimenez,,3,0,3,3,0,3,0,0,0,0,6
19849,LoloMorenop,,2,0,2,2,0,2,0,0,0,0,6
19852,IreneEF22,,2,0,2,2,0,2,0,0,0,0,6
19853,LaurixMSCL,,2,0,2,2,0,2,0,0,0,0,6
19859,jesuslasala,,2,0,2,2,0,2,0,0,0,0,6
19860,joseluis2692,,2,0,2,2,0,2,0,0,0,0,6
19864,martinez9323,,2,0,2,2,0,2,0,0,0,0,0
19868,juancastillag,,2,0,2,2,0,2,0,0,0,0,6
19869,KBergerGarcia,,2,0,2,2,0,2,0,0,0,0,6
19875,MoyaEli,,2,0,2,2,0,2,0,0,0,0,6
19881,chuso1402,,2,0,2,2,0,2,0,0,0,0,6
19887,Luciacf7,,3,0,3,3,0,3,0,0,0,0,6
19892,eli_martin03,,2,0,2,2,0,2,0,0,0,0,6
19912,LeahDormouse,,2,0,2,2,0,2,0,0,0,0,6
19915,Beiis94,,2,0,2,2,0,2,0,0,0,0,0
19917,GuillePriego,,2,0,2,2,0,2,0,0,0,0,6
19920,Paulatitos12,,2,0,2,2,0,2,0,0,0,0,6
19924,AtRaul,,3,0,3,3,0,3,0,0,0,0,6
19926,FranTramezzini,,2,0,2,2,0,2,0,0,0,0,6
19939,pablc__,,2,0,2,2,0,2,0,0,0,0,6
19941,marinabueno14,,2,0,2,2,0,2,0,0,0,0,6
19942,BegoArteaga,,3,0,3,3,0,3,0,0,0,0,6
19946,GerarMartnz,,2,0,2,2,0,2,0,0,0,0,6
19948,MariagrCoco,,3,0,3,3,0,3,0,0,0,0,0
19949,Marian_Sykes,,2,0,2,2,0,2,0,0,0,0,6
19950,ClaudiaDomin9,,2,0,2,2,0,2,0,0,0,0,5
19951,navarrete_rubio,,3,0,3,3,0,3,0,0,0,0,6
19952,CandelaJUM_8,,2,0,2,2,0,2,0,0,0,0,6
19953,rociito_smile,,2,0,2,2,0,2,0,0,0,0,6
19954,leticiaEcb,,2,0,2,2,0,2,0,0,0,0,0
19956,megan_wilke,,3,0,3,3,0,3,0,0,0,0,6
19960,AlexLaredillo22,,2,0,2,2,0,2,0,0,0,0,6
19961,Slviaslg,,3,0,3,3,0,3,0,0,0,0,6
19962,marta_carreras,,2,0,2,2,0,2,0,0,0,0,6
19963,AliciaMedina12,,2,0,2,2,0,2,0,0,0,0,6
19967,IreniitaRuiz,,2,0,2,2,0,2,0,0,0,0,6
19971,Alee_MMartinez,,2,0,2,2,0,2,0,0,0,0,6
19973,SergiyoToro93,,2,0,2,2,0,2,0,0,0,0,6
19975,Candelapalmero,,2,0,2,2,0,2,0,0,0,0,6
19976,oscarjf93,,2,0,2,2,0,2,0,0,0,0,6
19981,rasookok,,2,0,2,2,0,2,0,0,0,0,6
19984,Oscarin10_7,,2,0,2,2,0,2,0,0,0,0,6
19986,re2late,,2,0,2,2,0,2,0,0,0,0,6
19988,CharoPerezz,,2,0,2,2,0,2,0,0,0,0,6
19989,EstherCanas,,2,0,2,2,0,2,0,0,0,0,6
19992,miguel_romii,,3,0,3,3,0,3,0,0,0,0,2
19993,CathiGuardia,,2,0,2,2,0,2,0,0,0,0,6
19994,EliiAlveez,,2,0,2,2,0,2,0,0,0,0,6
19995,Angyy5,,3,0,3,3,0,3,0,0,0,0,6
19998,AntonioPMuro,,3,0,3,3,0,3,0,0,0,0,6
19999,John_Mile,,2,0,2,2,0,2,0,0,0,0,5
20001,JuliaSraBravo,,3,0,3,3,0,3,0,0,0,0,6
20002,AngeNavarroG,,2,0,2,2,0,2,0,0,0,0,6
20005,MaarinaPedrosa,,2,0,2,2,0,2,0,0,0,0,6
20007,JaviDeHaro,,2,0,2,2,0,2,0,0,0,0,0
20009,mremaria,,2,0,2,2,0,2,0,0,0,0,6
20010,IreneRiosC,,2,0,2,2,0,2,0,0,0,0,6
20014,LauraMelero,,3,0,3,3,0,3,0,0,0,0,0
20015,m_legaza,,2,0,2,2,0,2,0,0,0,0,0
20017,IreneeLR,,2,0,2,2,0,2,0,0,0,0,6
20018,Miriiam7592,,2,0,2,2,0,2,0,0,0,0,6
20019,Laarios09,,3,0,3,3,0,3,0,0,0,0,6
20021,CoralShut,,2,0,2,2,0,2,0,0,0,0,6
20022,Celia_GHdez,,3,0,3,3,0,3,0,0,0,0,6
20024,RubenFdez_,,3,0,3,3,0,3,0,0,0,0,6
20025,Ferminius,,4,0,4,4,0,4,0,0,0,0,6
20026,Cuca_cj,,2,0,2,2,0,2,0,0,0,0,6
20031,AlexPanda5,,2,0,2,2,0,2,0,0,0,0,6
20033,javimartinre,,2,0,2,2,0,2,0,0,0,0,6
20034,MariaaLosada,,2,0,2,2,0,2,0,0,0,0,0
20038,FerLinares29,,2,0,2,2,0,2,0,0,0,0,6
20041,RosaCantarero,,2,0,2,2,0,2,0,0,0,0,6
20043,carmonadebarril,,2,0,2,2,0,2,0,0,0,0,6
20044,mariaallu,,2,0,2,2,0,2,0,0,0,0,6
20046,pedrohurtador,,2,0,2,2,0,2,0,0,0,0,5
20049,EnfrmraSaturada,,2,0,2,2,0,2,0,0,0,0,5
20051,AnthonyHopkins,,2,0,2,2,0,2,0,0,0,0,5
20056,Comillas_MUIC,,2,0,2,2,0,2,0,0,0,0,5
20059,ruinedlola,,2,0,2,2,0,2,0,0,0,0,5
20061,_PalabraPerdida,,2,0,2,2,0,2,0,0,0,0,5
20064,patri_transcrea,,3,0,3,3,0,3,0,0,0,0,5
20067,MaddieMag27,,2,0,2,2,0,2,0,0,0,0,5
20069,MeryNotMorstan,,3,0,3,3,0,3,0,0,0,0,5
20073,VaikavaSL,,2,0,2,2,0,2,0,0,0,0,6
20075,mar_illescas,,2,0,2,2,0,2,0,0,0,0,5
20077,EmergenciasSev,,3,0,3,3,0,3,0,0,0,0,5
20082,dgimirizaldu,,2,0,2,2,0,2,0,0,0,0,5
20089,andreamoreira__,,3,0,3,3,0,3,0,0,0,0,5
20094,meustrasbourg,,4,0,4,4,0,4,0,0,0,0,5
20102,cvpcarolvilchez,,2,0,2,2,0,2,0,0,0,0,5
20105,traductamsl,,2,0,2,2,0,2,0,0,0,0,5
20108,OMC_es,,2,0,2,2,0,2,0,0,0,0,5
20112,elpais_tec,,3,0,3,3,0,3,0,0,0,0,5
20117,judcarrera,,2,0,2,2,0,2,0,0,0,0,5
20118,Yambo_LSG,,2,0,2,2,0,2,0,0,0,0,5
20126,UNDGACM_FR,,2,0,2,2,0,2,0,0,0,0,5
20127,Traduversia,,3,0,3,3,0,3,0,0,0,0,5
20128,labihssira,,3,0,3,3,0,3,0,0,0,0,5
20132,ainoamartinez_,,3,0,3,3,0,3,0,0,0,0,5
20137,RAEinformal,,2,0,2,2,0,2,0,0,0,0,6
20138,MSEInterpret,,2,0,2,2,0,2,0,0,0,0,5
20140,ahermidaruibal,,2,0,2,2,0,2,0,0,0,0,5
20143,aidagda,,2,0,2,2,0,2,0,0,0,0,6
20144,aixalma,,2,0,2,2,0,2,0,0,0,0,5
20145,navarrotradmed,,3,0,3,3,0,3,0,0,0,0,5
20146,techforword,,2,0,2,2,0,2,0,0,0,0,3
20147,Reverso_ES,,2,0,2,2,0,2,0,0,0,0,5
20148,fertradav,,2,0,2,2,0,2,0,0,0,0,5
20150,EP_Interpreters,,2,0,2,2,0,2,0,0,0,0,5
20151,TREMEDICA,,3,0,3,3,0,3,0,0,0,0,5
20154,bootheando,,2,0,2,2,0,2,0,0,0,0,5
20156,IsabelEspuelas,,2,0,2,2,0,2,0,0,0,0,5
20157,MIC_ULL,,2,0,2,2,0,2,0,0,0,0,5
20160,UweMuegge,,2,0,2,2,0,2,0,0,0,0,5
20165,sidonie_,,3,0,3,3,0,3,0,0,0,0,0
20166,lorimeyersband,,3,0,3,3,0,3,0,0,0,0,5
20168,igcutillas,,2,0,2,2,0,2,0,0,0,0,5
20169,TranslaStars,,2,0,2,2,0,2,0,0,0,0,5
20174,mayabusque,,2,0,2,2,0,2,0,0,0,0,5
20175,CBCOttawa,,2,0,2,2,0,2,0,0,0,0,2
20178,traduccionjurid,,3,0,3,3,0,3,0,0,0,0,5
20182,InterpAmerica,,2,0,2,2,0,2,0,0,0,0,3
20183,InterpDiaries,,3,0,3,3,0,3,0,0,0,0,3
20184,AICEinterpretes,,3,0,3,3,0,3,0,0,0,0,5
20191,GADED_US,,3,0,3,3,0,3,0,0,0,0,5
20234,euribor_com_es,,3,0,3,3,0,3,0,0,0,0,3
20260,noticias24hcom,,2,0,2,2,0,2,0,0,0,0,5
20306,GambrinuSevilla,,2,0,2,2,0,2,0,0,0,0,6
20317,Tradophenia,,2,0,2,2,0,2,0,0,0,0,5
20330,pnoticias,,2,0,2,2,0,2,0,0,0,0,4
20335,CmonMurcia,,2,0,2,2,0,2,0,0,0,0,4
20337,Oposicionesde,,2,0,2,2,0,2,0,0,0,0,4
20340,lab_rtvees,,2,0,2,2,0,2,0,0,0,0,4
20343,eljueves,,3,0,3,3,0,3,0,0,0,0,4
20345,Lanoche_24h,,3,0,3,3,0,3,0,0,0,0,4
20346,Desayunos_tve,,3,0,3,3,0,3,0,0,0,0,4
20348,RTVE_Com,,3,0,3,3,0,3,0,0,0,0,4
20349,ArchivoRTVE,,4,0,4,4,0,4,0,0,0,0,4
20350,AngelsBarcelo,,3,0,3,3,0,3,0,0,0,0,4
20351,JesusCintora,,4,0,4,4,0,4,0,0,0,0,4
20352,DebatAlRojoVivo,,3,0,3,3,0,3,0,0,0,0,4
20353,MeEncantaMurcia,,2,0,2,2,0,2,0,0,0,0,4
20354,QH_Murcia,,2,0,2,2,0,2,0,0,0,0,4
20356,NoticiaDidacTIC,,3,0,3,3,0,3,0,0,0,0,4
20360,QuepasaenMurcia,,2,0,2,2,0,2,0,0,0,0,4
20361,ENAEbusiness,,2,0,2,2,0,2,0,0,0,0,4
20370,ESNMaastricht,,8,0,8,8,0,8,0,0,0,0,1
20371,MeetAMate,,5,0,5,5,0,5,0,0,0,0,1
20372,ESNMacedonia,,4,0,4,4,0,4,0,0,0,0,1
20373,esn_ucjc,,5,0,5,5,0,5,0,0,0,0,1
20374,ESN_SU,,5,0,5,5,0,5,0,0,0,0,1
20375,esnucd,,5,0,5,5,0,5,0,0,0,0,1
20376,ESNbxl,,3,0,3,3,0,3,0,0,0,0,1
20377,ESN_Bochum,,4,0,4,4,0,4,0,0,0,0,1
20378,esnoslohio,,4,0,4,4,0,4,0,0,0,0,1
20379,ESNTwente,,5,0,5,5,0,5,0,0,0,0,1
20380,ESNorebro,,4,0,4,4,0,4,0,0,0,0,1
20381,ESN_METKA,,5,0,5,5,0,5,0,0,0,0,1
20382,ESNLaRochelle,,4,0,4,4,0,4,0,0,0,0,1
20383,ESN_DTU,,6,0,6,6,0,6,0,0,0,0,1
20384,esnvelikotarnov,,4,0,4,4,0,4,0,0,0,0,1
20385,ESN_Leiria,,5,0,5,5,0,5,0,0,0,0,1
20386,esn_oslo,,4,0,4,4,0,4,0,0,0,0,1
20387,VIS_ESN,,8,0,8,8,0,8,0,0,0,0,1
20388,ISC_MU_Brno,,4,0,4,4,0,4,0,0,0,0,1
20389,EsnAmiens,,4,0,4,4,0,4,0,0,0,0,1
20390,ESNLeoKortrijk,,5,0,5,5,0,5,0,0,0,0,1
20391,erasmus_cmunity,,2,0,2,2,0,2,0,0,0,0,3
20392,KclErasmusESN,,4,0,4,4,0,4,0,0,0,0,1
20393,Youth_ESN,,3,0,3,3,0,3,0,0,0,0,3
20395,uvtromania,,3,0,3,3,0,3,0,0,0,0,1
20402,LouisKarno,,3,0,3,3,0,3,0,0,0,0,7
20406,Erasmusmais,,2,0,2,2,0,2,0,0,0,0,1
20407,cnjportugal,,3,0,3,3,0,3,0,0,0,0,7
20410,the_urban_loop,,2,0,2,2,0,2,0,0,0,0,7
20411,ecoordinaPT,,2,0,2,2,0,2,0,0,0,0,7
20413,Girlscrazie,,2,0,2,2,0,2,0,0,0,0,7
20414,ComUnityLab,,2,0,2,2,0,2,0,0,0,0,7
20418,viagemdiferente,,2,0,2,2,0,2,0,0,0,0,7
20419,Freitas_DRJ,,2,0,2,2,0,2,0,0,0,0,7
20423,DGSaude,,2,0,2,2,0,2,0,0,0,0,2
20425,portugalist_com,,3,0,3,3,0,3,0,0,0,0,7
20438,blogfotografia,,3,0,3,3,0,3,0,0,0,0,5
20440,EuropeDirectAlg,,4,0,4,4,0,4,0,0,0,0,1
20442,embportugal_ca,,2,0,2,2,0,2,0,0,0,0,7
20443,apsinesalgarve,,2,0,2,2,0,2,0,0,0,0,7
20449,POLISnetwork,,2,0,2,2,0,2,0,0,0,0,1
20450,UNHABITAT,,3,0,3,3,0,3,0,0,0,0,2
20453,HumanScaleCity,,2,0,2,2,0,2,0,0,0,0,1
20456,CIVITAS_EU,,3,0,3,3,0,3,0,0,0,0,1
20457,CMSesimbra,,2,0,2,2,0,2,0,0,0,0,7
20458,metropolis_org,,3,0,3,3,0,3,0,0,0,0,1
20459,mmatias_,,2,0,2,2,0,2,0,0,0,0,7
20460,Cities_Today,,3,0,3,3,0,3,0,0,0,0,1
20461,AgendaLisboa,,3,0,3,3,0,3,0,0,0,0,7
20462,BoraPraPortugal,,2,0,2,2,0,2,0,0,0,0,7
20464,INTERREGTweets,,3,0,3,3,0,3,0,0,0,0,1
20465,TimeOutLisboa,,2,0,2,2,0,2,0,0,0,0,7
20472,golisbon,,3,0,3,3,0,3,0,0,0,0,7
20478,catarina_mart,,2,0,2,2,0,2,0,0,0,0,7
20482,afamilitar,,2,0,2,2,0,2,0,0,0,0,7
20483,UIA_Initiative,,2,0,2,2,0,2,0,0,0,0,1
20485,AnaMartinsGomes,,3,0,3,3,0,3,0,0,0,0,7
20486,bfarialopes,,2,0,2,2,0,2,0,0,0,0,7
20488,padaoesilva,,2,0,2,2,0,2,0,0,0,0,2
20489,EUUrbanAgenda,,2,0,2,2,0,2,0,0,0,0,1
20493,RcostaRicardo,,2,0,2,2,0,2,0,0,0,0,7
20497,tvi24ultimas,,2,0,2,2,0,2,0,0,0,0,7
20502,visitingazores,,2,0,2,2,0,2,0,0,0,0,7
20514,JuventudeGovPt,,2,0,2,2,0,2,0,0,0,0,1
20517,jraitamaa,,4,0,4,4,0,4,0,0,0,0,1
20518,EUDataP_b,,2,0,2,2,0,2,0,0,0,0,1
20519,portodeaveiro,,2,0,2,2,0,2,0,0,0,0,7
20521,AplopPress,,2,0,2,2,0,2,0,0,0,0,7
20523,5mnoite,,2,0,2,2,0,2,0,0,0,0,7
20528,EITCI,,2,0,2,2,0,2,0,0,0,0,4
20530,SentirEvora,,2,0,2,2,0,2,0,0,0,0,7
20531,VisitEvora,,2,0,2,2,0,2,0,0,0,0,7
20532,univdeevora,,4,0,4,4,0,4,0,0,0,0,7
20533,linc_evora,,2,0,2,2,0,2,0,0,0,0,7
20534,EditoraEvora,,2,0,2,2,0,2,0,0,0,0,7
20535,evorarock,,2,0,2,2,0,2,0,0,0,0,7
20536,BPEvora,,2,0,2,2,0,2,0,0,0,0,7
20537,VidaporCa,,2,0,2,2,0,2,0,0,0,0,7
20538,EVORACITYNET,,2,0,2,2,0,2,0,0,0,0,7
20539,rtppt,,3,0,3,3,0,3,0,0,0,0,7
20540,agricultura_pt,,2,0,2,2,0,2,0,0,0,0,7
20541,selecaoportugal,,3,0,3,3,0,3,0,0,0,0,7
20542,xxigov_economia,,2,0,2,2,0,2,0,0,0,0,7
20543,pt_financas,,2,0,2,2,0,2,0,0,0,0,7
20544,cultura_pt,,2,0,2,2,0,2,0,0,0,0,7
20545,lowcostportugal,,4,0,4,4,0,4,0,0,0,0,7
20546,VOSTPT,,3,0,3,3,0,3,0,0,0,0,7
20547,PTMicrosoft,,2,0,2,2,0,2,0,0,0,0,7
20548,visitportugal,,6,0,6,6,0,6,0,0,0,0,7
20549,PE_Portugal,,4,0,4,4,0,4,0,0,0,0,7
20550,tvi,,2,0,2,2,0,2,0,0,0,0,7
20551,USEmbPortugal,,3,0,3,3,0,3,0,0,0,0,7
20552,CiscoPortugal,,3,0,3,3,0,3,0,0,0,0,7
20553,UPorto,,4,0,4,4,0,4,0,0,0,0,7
20554,TSFRadio,,3,0,3,3,0,3,0,0,0,0,7
20555,czorrinho,,3,0,3,3,0,3,0,0,0,0,7
20556,DECOJovem,,2,0,2,2,0,2,0,0,0,0,7
20557,ESTG_IPP,,2,0,2,2,0,2,0,0,0,0,7
20558,eraumavez_evora,,2,0,2,2,0,2,0,0,0,0,7
20559,municipiosefreg,,3,0,3,3,0,3,0,0,0,0,7
20560,PortugaliNews,,2,0,2,2,0,2,0,0,0,0,7
20561,dntwit,,3,0,3,3,0,3,0,0,0,0,7
20562,JNegocios,,4,0,4,4,0,4,0,0,0,0,7
20563,itwitting,,5,0,5,5,0,5,0,0,0,0,7
20564,RTPNoticias,,3,0,3,3,0,3,0,0,0,0,7
20565,SolOnline,,3,0,3,3,0,3,0,0,0,0,7
20566,SIConline,,4,0,4,4,0,4,0,0,0,0,7
20567,RTP1,,2,0,2,2,0,2,0,0,0,0,7
20568,rockinriolisboa,,4,0,4,4,0,4,0,0,0,0,7
20569,RTP2,,3,0,3,3,0,3,0,0,0,0,7
20570,sapo,,2,0,2,2,0,2,0,0,0,0,7
20571,antena3rtp,,3,0,3,3,0,3,0,0,0,0,7
20572,antena1rtp,,3,0,3,3,0,3,0,0,0,0,7
20573,NetflixPT,,4,0,4,4,0,4,0,0,0,0,7
20574,Visao_pt,,3,0,3,3,0,3,0,0,0,0,7
20575,mtvportugal,,3,0,3,3,0,3,0,0,0,0,7
20576,SPORTTVPortugal,,2,0,2,2,0,2,0,0,0,0,7
20577,VoceNaoSabiaQ,,2,0,2,2,0,2,0,0,0,0,7
20578,googlechrome,,4,0,4,4,0,4,0,0,0,0,7
20579,gmail,,4,0,4,4,0,4,0,0,0,0,7
20580,AP,,5,0,5,5,0,5,0,0,0,0,7
20581,radiodianafm,,2,0,2,2,0,2,0,0,0,0,7
20582,tvcamara,,2,0,2,2,0,2,0,0,0,0,7
20583,turisbonde,,2,0,2,2,0,2,0,0,0,0,7
20584,ecbbrasilia,,2,0,2,2,0,2,0,0,0,0,7
20585,cdp_porto,,2,0,2,2,0,2,0,0,0,0,7
20586,escola_focus,,2,0,2,2,0,2,0,0,0,0,7
20587,EP_Almada,,2,0,2,2,0,2,0,0,0,0,7
20588,Atep_Eptn,,2,0,2,2,0,2,0,0,0,0,7
20589,Profitecla,,2,0,2,2,0,2,0,0,0,0,7
20590,salesianospt,,2,0,2,2,0,2,0,0,0,0,7
20591,FamaStar,,2,0,2,2,0,2,0,0,0,0,7
20592,AgicPt,,2,0,2,2,0,2,0,0,0,0,7
20593,Quality_Tours,,2,0,2,2,0,2,0,0,0,0,7
20594,ligaportugal,,3,0,3,3,0,3,0,0,0,0,7
20595,SalvasMartinha,,2,0,2,2,0,2,0,0,0,0,7
20596,O_Unas,,3,0,3,3,0,3,0,0,0,0,7
20597,ICE_Markets,,2,0,2,2,0,2,0,0,0,0,7
20598,vinhos_alentejo,,2,0,2,2,0,2,0,0,0,0,7
20599,melhoralentejo,,2,0,2,2,0,2,0,0,0,0,7
20600,muncmfa,,2,0,2,2,0,2,0,0,0,0,7
20601,AltoAlentejo,,2,0,2,2,0,2,0,0,0,0,7
20602,LoveAlentejo,,2,0,2,2,0,2,0,0,0,0,7
20603,AmogGeral,,2,0,2,2,0,2,0,0,0,0,7
20604,aBOUTaLENTEJO,,2,0,2,2,0,2,0,0,0,0,7
20605,winesofalentejo,,2,0,2,2,0,2,0,0,0,0,7
20606,investalentejo,,2,0,2,2,0,2,0,0,0,0,7
20607,diarioalentejo,,2,0,2,2,0,2,0,0,0,0,7
20608,VisitAlentejoEs,,3,0,3,3,0,3,0,0,0,0,7
20609,Alentejo,,3,0,3,3,0,3,0,0,0,0,7
20610,VianadoAlentejo,,2,0,2,2,0,2,0,0,0,0,7
20611,alentejo_1970,,3,0,3,3,0,3,0,0,0,0,7
20612,simply_alentejo,,2,0,2,2,0,2,0,0,0,0,7
20613,AAlentejo,,2,0,2,2,0,2,0,0,0,0,7
20614,herdadedosgrous,,2,0,2,2,0,2,0,0,0,0,7
20615,OCAlentejo,,2,0,2,2,0,2,0,0,0,0,7
20616,AlentejoVideos,,2,0,2,2,0,2,0,0,0,0,7
20617,EnoforumWines,,2,0,2,2,0,2,0,0,0,0,7
20618,iloveAlentejo,,2,0,2,2,0,2,0,0,0,0,7
20619,EvoraPsd,,2,0,2,2,0,2,0,0,0,0,7
20620,CDUevora,,2,0,2,2,0,2,0,0,0,0,7
20621,TIVOLIEVORA,,2,0,2,2,0,2,0,0,0,0,7
20622,UNWTO,,5,0,5,5,0,5,0,0,0,0,7
20623,EvoraPet,,2,0,2,2,0,2,0,0,0,0,7
20624,psevora,,2,0,2,2,0,2,0,0,0,0,7
20625,revistaeducacao,,3,0,3,3,0,3,0,0,0,0,7
20626,CanaldoEnsino,,2,0,2,2,0,2,0,0,0,0,7
20627,UNICIDonline,,2,0,2,2,0,2,0,0,0,0,7
20628,PlanetaUniversi,,3,0,3,3,0,3,0,0,0,0,7
20629,Educacao_PT,,4,0,4,4,0,4,0,0,0,0,7
20630,UOLNoticias,,2,0,2,2,0,2,0,0,0,0,7
20631,mktcomcafe,,2,0,2,2,0,2,0,0,0,0,7
20632,GrupoPPE_PT,,2,0,2,2,0,2,0,0,0,0,7
20633,Europarl_PT,,4,0,4,4,0,4,0,0,0,0,7
20634,conexaoescolarj,,2,0,2,2,0,2,0,0,0,0,7
20635,itgetsbetterpt,,2,0,2,2,0,2,0,0,0,0,7
20636,JSPortugal,,2,0,2,2,0,2,0,0,0,0,7
20637,EducTerritorio,,3,0,3,3,0,3,0,0,0,0,7
20638,AlemMurosEscola,,3,0,3,3,0,3,0,0,0,0,7
20639,mundoeducacao,,3,0,3,3,0,3,0,0,0,0,7
20640,educacaopublica,,3,0,3,3,0,3,0,0,0,0,7
20641,ecoa_uol,,3,0,3,3,0,3,0,0,0,0,7
20642,novaescola,,3,0,3,3,0,3,0,0,0,0,7
20643,JSDPortugal,,2,0,2,2,0,2,0,0,0,0,7
20644,jafostetweet,,3,0,3,3,0,3,0,0,0,0,7
20645,MEC_Comunicacao,,3,0,3,3,0,3,0,0,0,0,7
20646,inep_oficial,,2,0,2,2,0,2,0,0,0,0,7
20647,minsaude,,3,0,3,3,0,3,0,0,0,0,7
20648,MinCidades,,2,0,2,2,0,2,0,0,0,0,7
20649,DefesaGovBr,,2,0,2,2,0,2,0,0,0,0,7
20650,JusticaGovBR,,2,0,2,2,0,2,0,0,0,0,7
20651,MinEconomia,,2,0,2,2,0,2,0,0,0,0,7
20652,STF_oficial,,2,0,2,2,0,2,0,0,0,0,7
20653,planalto,,2,0,2,2,0,2,0,0,0,0,7
20654,camaradeputados,,2,0,2,2,0,2,0,0,0,0,7
20655,aNossaIberdrola,,2,0,2,2,0,2,0,0,0,0,7
20656,DomCabral,,2,0,2,2,0,2,0,0,0,0,7
20657,RockefellerFdn,,3,0,3,3,0,3,0,0,0,0,7
20658,FGV,,2,0,2,2,0,2,0,0,0,0,7
20659,NSF,,3,0,3,3,0,3,0,0,0,0,7
20660,FBN,,2,0,2,2,0,2,0,0,0,0,7
20661,vidaurgente,,2,0,2,2,0,2,0,0,0,0,7
20662,ErasmusBiz,,5,0,5,5,0,5,0,0,0,0,7
20663,CasaRelvas,,2,0,2,2,0,2,0,0,0,0,7
20664,ESN_CB,,3,0,3,3,0,3,0,0,0,0,7
20665,Erasmusland_,,7,0,7,7,0,7,0,0,0,0,1
20666,esn_tomar,,3,0,3,3,0,3,0,0,0,0,7
20667,visitalentejo,,2,0,2,2,0,2,0,0,0,0,7
20668,euro_exp,,3,0,3,3,0,3,0,0,0,0,7
20669,Rota_Marmore_AE,,2,0,2,2,0,2,0,0,0,0,7
20670,exchangea1,,3,0,3,3,0,3,0,0,0,0,7
20671,EsnUclan,,6,0,6,6,0,6,0,0,0,0,7
20672,EProjectConsult,,4,0,4,4,0,4,0,0,0,0,7
20673,TribunaAlentejo,,2,0,2,2,0,2,0,0,0,0,7
20674,UEvora,,2,0,2,2,0,2,0,0,0,0,7
20675,dpiuevora,,2,0,2,2,0,2,0,0,0,0,7
20676,dpe_uevora,,2,0,2,2,0,2,0,0,0,0,7
20677,VisitEvoraEng,,2,0,2,2,0,2,0,0,0,0,7
20678,arteviajero_com,,3,0,3,3,0,3,0,0,0,0,7
20679,WTGTravelGuide,,3,0,3,3,0,3,0,0,0,0,7
20680,Vida_Rural,,2,0,2,2,0,2,0,0,0,0,7
20681,viajandovivonet,,2,0,2,2,0,2,0,0,0,0,7
20682,LifeIs4happy,,2,0,2,2,0,2,0,0,0,0,7
20683,agri_portugal,,2,0,2,2,0,2,0,0,0,0,7
20684,IVVIPOFICIAL,,2,0,2,2,0,2,0,0,0,0,7
20685,CM_Estremoz,,2,0,2,2,0,2,0,0,0,0,7
20686,Toprural_pt,,2,0,2,2,0,2,0,0,0,0,7
20687,Tudobemalentejo,,2,0,2,2,0,2,0,0,0,0,7
20688,Jornal_Estremoz,,2,0,2,2,0,2,0,0,0,0,7
20689,quercusancn,,2,0,2,2,0,2,0,0,0,0,7
20690,AmBioDiv,,2,0,2,2,0,2,0,0,0,0,7
20691,Novos_Rurais,,2,0,2,2,0,2,0,0,0,0,7
20692,ADEGACARTUXA,,3,0,3,3,0,3,0,0,0,0,7
20693,live_portugal,,3,0,3,3,0,3,0,0,0,0,7
20694,SaudadesPT,,3,0,3,3,0,3,0,0,0,0,7
20695,Vinoteca,,2,0,2,2,0,2,0,0,0,0,7
20696,FlashGourmet,,2,0,2,2,0,2,0,0,0,0,7
20697,VinhosdeLisboa,,2,0,2,2,0,2,0,0,0,0,7
20698,AECORK,,2,0,2,2,0,2,0,0,0,0,7
20699,CMBeja,,2,0,2,2,0,2,0,0,0,0,7
20700,EmotionPortugal,,2,0,2,2,0,2,0,0,0,0,7
20701,guadianaonline,,2,0,2,2,0,2,0,0,0,0,7
20702,alentejoadral,,2,0,2,2,0,2,0,0,0,0,7
20703,Portugal_Glocal,,4,0,4,4,0,4,0,0,0,0,7
20704,MED_UEvora,,2,0,2,2,0,2,0,0,0,0,7
20705,sulinformacao,,2,0,2,2,0,2,0,0,0,0,7
20706,AULP_ORG,,2,0,2,2,0,2,0,0,0,0,7
20707,RotaVicentina,,2,0,2,2,0,2,0,0,0,0,7
20708,anjept,,2,0,2,2,0,2,0,0,0,0,7
20709,florestabranca,,2,0,2,2,0,2,0,0,0,0,7
20710,SusanaRibeiro09,,2,0,2,2,0,2,0,0,0,0,7
20711,aicep,,4,0,4,4,0,4,0,0,0,0,7
20712,PTG_Online,,2,0,2,2,0,2,0,0,0,0,7
20713,WineInPortugal,,2,0,2,2,0,2,0,0,0,0,7
20714,adpmmertola,,2,0,2,2,0,2,0,0,0,0,7
20715,Pousadas,,4,0,4,4,0,4,0,0,0,0,7
20716,winetrackerco,,2,0,2,2,0,2,0,0,0,0,7
20717,EvoraGastrotour,,2,0,2,2,0,2,0,0,0,0,7
20718,deli_portugal,,2,0,2,2,0,2,0,0,0,0,7
20719,PortugueseChef,,3,0,3,3,0,3,0,0,0,0,7
20720,ChefHSP,,2,0,2,2,0,2,0,0,0,0,7
20721,jose_avillez,,2,0,2,2,0,2,0,0,0,0,7
20722,quintadasarcas,,2,0,2,2,0,2,0,0,0,0,7
20723,Apcortica,,2,0,2,2,0,2,0,0,0,0,7
20724,Rural_Mark,,2,0,2,2,0,2,0,0,0,0,7
20725,jamieoliver,,4,0,4,4,0,4,0,0,0,0,7
20726,adegga,,2,0,2,2,0,2,0,0,0,0,7
20727,EcoLogicalCork,,2,0,2,2,0,2,0,0,0,0,7
20728,AREANATejo,,2,0,2,2,0,2,0,0,0,0,7
20729,Caeportalegre,,2,0,2,2,0,2,0,0,0,0,7
20730,alentejoprmundo,,2,0,2,2,0,2,0,0,0,0,7
20731,fmmsines,,2,0,2,2,0,2,0,0,0,0,7
20732,roteiroalqueva,,3,0,3,3,0,3,0,0,0,0,7
20733,shareportugal,,2,0,2,2,0,2,0,0,0,0,7
20734,cmsines,,2,0,2,2,0,2,0,0,0,0,7
20735,LinhasdeElvas,,2,0,2,2,0,2,0,0,0,0,7
20736,TurismoMonforte,,3,0,3,3,0,3,0,0,0,0,7
20737,IPBeja,,3,0,3,3,0,3,0,0,0,0,7
20738,castroinveste,,2,0,2,2,0,2,0,0,0,0,7
20739,incastroverde,,2,0,2,2,0,2,0,0,0,0,7
20740,ovibeja,,2,0,2,2,0,2,0,0,0,0,7
20741,CamaraCoruche,,2,0,2,2,0,2,0,0,0,0,7
20742,notimonte,,2,0,2,2,0,2,0,0,0,0,7
20743,Radionovantena,,2,0,2,2,0,2,0,0,0,0,7
20744,evoracultural,,2,0,2,2,0,2,0,0,0,0,7
20745,radiosines,,2,0,2,2,0,2,0,0,0,0,7
20746,radioelvas,,2,0,2,2,0,2,0,0,0,0,7
20747,mirobriga_radio,,2,0,2,2,0,2,0,0,0,0,7
20748,ElvasnewsInfo,,2,0,2,2,0,2,0,0,0,0,7
20749,portaldeelvas,,2,0,2,2,0,2,0,0,0,0,7
20750,CCDR_Alentejo,,2,0,2,2,0,2,0,0,0,0,7
20751,Alentejonews,,2,0,2,2,0,2,0,0,0,0,7
20752,CMMertola,,2,0,2,2,0,2,0,0,0,0,7
20753,Pais_Positivo,,2,0,2,2,0,2,0,0,0,0,7
20754,portalalentejo,,2,0,2,2,0,2,0,0,0,0,7
20755,SetubalnaRede,,2,0,2,2,0,2,0,0,0,0,7
20756,PortoSetubal,,2,0,2,2,0,2,0,0,0,0,7
20757,agenciapublica,,2,0,2,2,0,2,0,0,0,0,7
20758,BreakingNews,,4,0,4,4,0,4,0,0,0,0,7
20759,futportugal,,2,0,2,2,0,2,0,0,0,0,7
20760,CulturaGovBr,,2,0,2,2,0,2,0,0,0,0,7
20761,BibliotecaFC,,2,0,2,2,0,2,0,0,0,0,7
20762,ueline,,3,0,3,3,0,3,0,0,0,0,7
20763,BGUEvora,,2,0,2,2,0,2,0,0,0,0,7
20764,BibliotecaIPB,,2,0,2,2,0,2,0,0,0,0,7
20765,EvoraInn,,2,0,2,2,0,2,0,0,0,0,7
20766,lojadojornal,,2,0,2,2,0,2,0,0,0,0,7
20767,JNGente,,2,0,2,2,0,2,0,0,0,0,7
20768,dinheiro_vivo,,3,0,3,3,0,3,0,0,0,0,7
20769,RevistaEvasoes,,4,0,4,4,0,4,0,0,0,0,7
20770,JNEconomia,,2,0,2,2,0,2,0,0,0,0,7
20771,parlamentglobal,,2,0,2,2,0,2,0,0,0,0,7
20772,aicep_sf,,2,0,2,2,0,2,0,0,0,0,7
20773,revtemalivre,,2,0,2,2,0,2,0,0,0,0,7
20774,MAPNER_Portugal,,2,0,2,2,0,2,0,0,0,0,7
20775,inalentejocom,,2,0,2,2,0,2,0,0,0,0,7
20776,HaysPortugal,,2,0,2,2,0,2,0,0,0,0,7
20777,AssociacaoPAOJ,,2,0,2,2,0,2,0,0,0,0,7
20778,IEUMinho,,2,0,2,2,0,2,0,0,0,0,7
20779,ForumEvora,,2,0,2,2,0,2,0,0,0,0,7
20780,DiferencialIST,,2,0,2,2,0,2,0,0,0,0,7
20781,RevistaTempoUFF,,2,0,2,2,0,2,0,0,0,0,7
20782,UAlg,,4,0,4,4,0,4,0,0,0,0,7
20783,UBI_pt,,4,0,4,4,0,4,0,0,0,0,7
20784,Extremadura_PT,,2,0,2,2,0,2,0,0,0,0,7
20785,PimTeatro,,2,0,2,2,0,2,0,0,0,0,7
20786,UnivAveiro,,4,0,4,4,0,4,0,0,0,0,7
20787,parque_alentejo,,2,0,2,2,0,2,0,0,0,0,7
20788,campomaiornews,,2,0,2,2,0,2,0,0,0,0,7
20789,MunicipioElvas,,2,0,2,2,0,2,0,0,0,0,7
20790,CCDR_Algarve,,2,0,2,2,0,2,0,0,0,0,7
20791,TVguadiana,,2,0,2,2,0,2,0,0,0,0,7
20792,OMontemorense,,2,0,2,2,0,2,0,0,0,0,7
20793,ECO_PT,,2,0,2,2,0,2,0,0,0,0,7
20794,CTAEX_CIT,,3,0,3,3,0,3,0,0,0,0,7
20795,P_Local,,2,0,2,2,0,2,0,0,0,0,7
20796,P__Portugal,,2,0,2,2,0,2,0,0,0,0,7
20797,arronches,,2,0,2,2,0,2,0,0,0,0,7
20798,jrs_portugal,,2,0,2,2,0,2,0,0,0,0,7
20799,RegioES_PT,,2,0,2,2,0,2,0,0,0,0,7
20800,CMMontemoroNovo,,2,0,2,2,0,2,0,0,0,0,7
20801,carga,,3,0,3,3,0,3,0,0,0,0,7
20802,oficinaimprensa,,2,0,2,2,0,2,0,0,0,0,7
20803,AP_Imprensa,,2,0,2,2,0,2,0,0,0,0,7
20804,leitorimprensa,,2,0,2,2,0,2,0,0,0,0,7
20805,Jornalacores9,,2,0,2,2,0,2,0,0,0,0,7
20806,ADeCoesao,,2,0,2,2,0,2,0,0,0,0,7
20807,imprensaeventos,,2,0,2,2,0,2,0,0,0,0,7
20808,OsJornalistas,,2,0,2,2,0,2,0,0,0,0,7
20809,Publituris,,3,0,3,3,0,3,0,0,0,0,7
20810,Radio_Atlantida,,2,0,2,2,0,2,0,0,0,0,7
20811,AO_Online,,2,0,2,2,0,2,0,0,0,0,7
20812,revistaSABADO,,2,0,2,2,0,2,0,0,0,0,7
20814,europedirectvd,,3,0,3,3,0,3,0,0,0,0,1
20815,cmsantiagocacem,,2,0,2,2,0,2,0,0,0,0,7
20816,EDC_UCY,,4,0,4,4,0,4,0,0,0,0,1
20817,Jornal_OLeme,,2,0,2,2,0,2,0,0,0,0,7
20819,Alentejo2020,,2,0,2,2,0,2,0,0,0,0,7
20820,inimigo,,2,0,2,2,0,2,0,0,0,0,7
20821,Agriculturaemar,,2,0,2,2,0,2,0,0,0,0,7
20822,EDBaixoAlentejo,,4,0,4,4,0,4,0,0,0,0,7
20823,globalparques,,2,0,2,2,0,2,0,0,0,0,7
20824,DiarioSul,,2,0,2,2,0,2,0,0,0,0,7
20825,economicotv,,2,0,2,2,0,2,0,0,0,0,7
20826,Renascenca,,2,0,2,2,0,2,0,0,0,0,7
20827,RTPN,,2,0,2,2,0,2,0,0,0,0,7
20828,_Extremadura,,3,0,3,3,0,3,0,0,0,0,7
20829,EfeExtremadura,,3,0,3,3,0,3,0,0,0,0,7
20830,BadajozDirecto,,2,0,2,2,0,2,0,0,0,0,7
20831,digiextremadura,,3,0,3,3,0,3,0,0,0,0,7
20832,BadajozOnlineTv,,2,0,2,2,0,2,0,0,0,0,7
20833,RTVE_Ext,,2,0,2,2,0,2,0,0,0,0,7
20834,VEJA,,3,0,3,3,0,3,0,0,0,0,7
20835,portalimprensa,,2,0,2,2,0,2,0,0,0,0,7
20836,observatorio,,2,0,2,2,0,2,0,0,0,0,7
20837,CampoCyL,,2,0,2,2,0,2,0,0,0,0,7
20838,SevillaMagazine,,3,0,3,3,0,3,0,0,0,0,7
20839,TurisBadajoz,,2,0,2,2,0,2,0,0,0,0,7
20840,MEOpt,,3,0,3,3,0,3,0,0,0,0,7
20841,local_pt,,2,0,2,2,0,2,0,0,0,0,7
20842,SetubalTV,,2,0,2,2,0,2,0,0,0,0,7
20843,JornalSemmais,,2,0,2,2,0,2,0,0,0,0,7
20844,JornalOJE,,2,0,2,2,0,2,0,0,0,0,7
20845,SoloExtremadura,,4,0,4,4,0,4,0,0,0,0,7
20846,muncoimbra,,2,0,2,2,0,2,0,0,0,0,7
20847,CamaraOlhao,,2,0,2,2,0,2,0,0,0,0,7
20848,caceresybadajoz,,3,0,3,3,0,3,0,0,0,0,7
20849,Algarveexpress,,2,0,2,2,0,2,0,0,0,0,7
20850,ERC_PT,,2,0,2,2,0,2,0,0,0,0,7
20851,cjonlinept,,2,0,2,2,0,2,0,0,0,0,7
20852,dnoticiaspt,,2,0,2,2,0,2,0,0,0,0,7
20853,Casadoalentejo,,2,0,2,2,0,2,0,0,0,0,7
20854,PORDATA,,2,0,2,2,0,2,0,0,0,0,7
20855,Inalgarve_pt,,2,0,2,2,0,2,0,0,0,0,7
20856,CMMoita,,2,0,2,2,0,2,0,0,0,0,7
20857,CMSeixal,,3,0,3,3,0,3,0,0,0,0,7
20858,algarvetourism_,,2,0,2,2,0,2,0,0,0,0,7
20859,FCGulbenkian,,4,0,4,4,0,4,0,0,0,0,7
20860,_ANACOM_,,3,0,3,3,0,3,0,0,0,0,7
20861,diariodecoimbra,,2,0,2,2,0,2,0,0,0,0,7
20862,RegiaoSul,,2,0,2,2,0,2,0,0,0,0,7
20863,ORibatejo,,2,0,2,2,0,2,0,0,0,0,7
20864,asbeiras,,2,0,2,2,0,2,0,0,0,0,7
20865,RLeiria,,2,0,2,2,0,2,0,0,0,0,7
20866,jornaldeleiria,,2,0,2,2,0,2,0,0,0,0,7
20867,jmmadeiraRAM,,2,0,2,2,0,2,0,0,0,0,7
20868,CentroPortugal,,3,0,3,3,0,3,0,0,0,0,7
20869,aboutcentro,,3,0,3,3,0,3,0,0,0,0,7
20870,CMPortimao,,2,0,2,2,0,2,0,0,0,0,7
20871,Tavira1520,,2,0,2,2,0,2,0,0,0,0,7
20872,cmolhao,,2,0,2,2,0,2,0,0,0,0,7
20873,TurismoBadajoz,,3,0,3,3,0,3,0,0,0,0,7
20874,cmloule,,2,0,2,2,0,2,0,0,0,0,7
20875,cmvrsa,,3,0,3,3,0,3,0,0,0,0,7
20876,APDD,,2,0,2,2,0,2,0,0,0,0,7
20877,ConvEspinheiro,,2,0,2,2,0,2,0,0,0,0,7
20878,feriabadajoz,,4,0,4,4,0,4,0,0,0,0,7
20879,meiosepub,,4,0,4,4,0,4,0,0,0,0,7
20880,mun_gaviao,,2,0,2,2,0,2,0,0,0,0,7
20881,Litoralentejano,,2,0,2,2,0,2,0,0,0,0,7
20882,munsetubal,,2,0,2,2,0,2,0,0,0,0,7
20883,malandroal,,2,0,2,2,0,2,0,0,0,0,7
20884,camaramontijo,,3,0,3,3,0,3,0,0,0,0,7
20885,CMMonforte,,2,0,2,2,0,2,0,0,0,0,7
20886,MunicipioMarvao,,3,0,3,3,0,3,0,0,0,0,7
20887,cmlisboa,,3,0,3,3,0,3,0,0,0,0,7
20888,CamaradeBadajoz,,2,0,2,2,0,2,0,0,0,0,7
20889,camaradecaceres,,3,0,3,3,0,3,0,0,0,0,7
20890,CM_Aljezur,,2,0,2,2,0,2,0,0,0,0,7
20891,ITAE_ENegocios,,3,0,3,3,0,3,0,0,0,0,7
20892,CMAlmada,,3,0,3,3,0,3,0,0,0,0,7
20893,CMPalmela,,2,0,2,2,0,2,0,0,0,0,7
20894,TurismPortugal,,4,0,4,4,0,4,0,0,0,0,7
20895,diariodosul,,2,0,2,2,0,2,0,0,0,0,7
20896,Turismo_Alqueva,,2,0,2,2,0,2,0,0,0,0,7
20897,LANDresorts,,2,0,2,2,0,2,0,0,0,0,7
20898,hoyextremadura,,3,0,3,3,0,3,0,0,0,0,7
20899,POWERFORM,,2,0,2,2,0,2,0,0,0,0,7
20900,voxportugal,,2,0,2,2,0,2,0,0,0,0,7
20901,GDPortugal,,3,0,3,3,0,3,0,0,0,0,7
20902,CMIContent,,4,0,4,4,0,4,0,0,0,0,7
20903,IEFDL,,2,0,2,2,0,2,0,0,0,0,7
20904,NatureVSCO,,2,0,2,2,0,2,0,0,0,0,7
20905,PIdosaBr,,2,0,2,2,0,2,0,0,0,0,7
20906,anistiabrasil,,2,0,2,2,0,2,0,0,0,0,7
20907,transmissaodh,,2,0,2,2,0,2,0,0,0,0,7
20908,CAVVOABPIAUI,,2,0,2,2,0,2,0,0,0,0,7
20909,conectas,,2,0,2,2,0,2,0,0,0,0,7
20910,unicefbrasil,,3,0,3,3,0,3,0,0,0,0,7
20911,justicaglobal,,2,0,2,2,0,2,0,0,0,0,7
20912,J_LIVRES,,2,0,2,2,0,2,0,0,0,0,7
20913,CAdolescentesbr,,2,0,2,2,0,2,0,0,0,0,7
20914,revistaforum,,3,0,3,3,0,3,0,0,0,0,7
20915,PFDC_MPF,,2,0,2,2,0,2,0,0,0,0,7
20916,hrw_brasil,,2,0,2,2,0,2,0,0,0,0,7
20917,DCM_online,,2,0,2,2,0,2,0,0,0,0,7
20918,IPDJ_IP,,2,0,2,2,0,2,0,0,0,0,7
20919,idestbrasil,,2,0,2,2,0,2,0,0,0,0,7
20920,ambiente,,2,0,2,2,0,2,0,0,0,0,7
20921,mastiksoul,,2,0,2,2,0,2,0,0,0,0,7
20922,DeputadoFederal,,2,0,2,2,0,2,0,0,0,0,7
20923,sicradical,,3,0,3,3,0,3,0,0,0,0,7
20924,Manzarra,,4,0,4,4,0,4,0,0,0,0,7
20925,ocuboverde,,2,0,2,2,0,2,0,0,0,0,7
20926,FotosPortugal,,2,0,2,2,0,2,0,0,0,0,7
20927,saltofportugal,,3,0,3,3,0,3,0,0,0,0,7
20928,BeckyinPortugal,,2,0,2,2,0,2,0,0,0,0,7
20929,Best_of_PT,,2,0,2,2,0,2,0,0,0,0,7
20930,IsabelCoutinho,,3,0,3,3,0,3,0,0,0,0,7
20931,Idzabela,,2,0,2,2,0,2,0,0,0,0,7
20932,contramapa,,2,0,2,2,0,2,0,0,0,0,7
20933,SSDouroValley,,2,0,2,2,0,2,0,0,0,0,7
20934,samuelsantosPT,,2,0,2,2,0,2,0,0,0,0,7
20935,almadeviajante,,3,0,3,3,0,3,0,0,0,0,7
20936,davidfonseca,,3,0,3,3,0,3,0,0,0,0,7
20937,SPENDportugal,,2,0,2,2,0,2,0,0,0,0,7
20938,tasteoflisboa,,3,0,3,3,0,3,0,0,0,0,7
20939,revistadevinhos,,3,0,3,3,0,3,0,0,0,0,7
20940,MENU_Portugal,,2,0,2,2,0,2,0,0,0,0,7
20941,melevaviajar,,2,0,2,2,0,2,0,0,0,0,7
20942,ResRecomendada,,2,0,2,2,0,2,0,0,0,0,7
20943,mirutaes,,4,0,4,4,0,4,0,0,0,0,7
20944,PabloM59919663,,2,0,2,2,0,2,0,0,0,0,7
20945,ErmelindaVinhos,,2,0,2,2,0,2,0,0,0,0,7
20946,Sporting_CP,,2,0,2,2,0,2,0,0,0,0,7
20947,a_bandeirinha,,2,0,2,2,0,2,0,0,0,0,7
20948,Niltoncomedy,,4,0,4,4,0,4,0,0,0,0,7
20949,pedrotmota,,2,0,2,2,0,2,0,0,0,0,7
20950,Corpodormente,,4,0,4,4,0,4,0,0,0,0,7
20951,sofiabbeauty,,2,0,2,2,0,2,0,0,0,0,7
20952,inesrebelop,,2,0,2,2,0,2,0,0,0,0,7
20953,MEOSudoeste,,3,0,3,3,0,3,0,0,0,0,7
20954,Privacidades,,3,0,3,3,0,3,0,0,0,0,7
20955,whotels_it,,2,0,2,2,0,2,0,0,0,0,7
20956,biblioteca_FLUL,,2,0,2,2,0,2,0,0,0,0,7
20957,BEs_Setubal,,2,0,2,2,0,2,0,0,0,0,7
20958,bibcamaralobos,,2,0,2,2,0,2,0,0,0,0,7
20959,bmespinho,,2,0,2,2,0,2,0,0,0,0,7
20960,vieiradominho,,3,0,3,3,0,3,0,0,0,0,7
20961,BMVianaCastelo,,2,0,2,2,0,2,0,0,0,0,7
20962,BMMontalegre,,2,0,2,2,0,2,0,0,0,0,7
20963,CM_MATOSINHOS,,3,0,3,3,0,3,0,0,0,0,7
20964,mun_pontedelima,,2,0,2,2,0,2,0,0,0,0,7
20965,MunicipioArouca,,2,0,2,2,0,2,0,0,0,0,7
20966,palmeladesporto,,2,0,2,2,0,2,0,0,0,0,7
20967,CMFundao,,2,0,2,2,0,2,0,0,0,0,7
20968,lifeinportugal,,2,0,2,2,0,2,0,0,0,0,7
20969,fugaspublico,,4,0,4,4,0,4,0,0,0,0,7
20970,Animateatro,,2,0,2,2,0,2,0,0,0,0,7
20971,radio94fm,,2,0,2,2,0,2,0,0,0,0,7
20972,CMAlcochete,,2,0,2,2,0,2,0,0,0,0,7
20973,municipionazare,,2,0,2,2,0,2,0,0,0,0,7
20974,Montalegre,,2,0,2,2,0,2,0,0,0,0,7
20975,mun_valenca,,2,0,2,2,0,2,0,0,0,0,7
20976,RegiaoDeAveiro,,2,0,2,2,0,2,0,0,0,0,7
20977,TopDesporto,,2,0,2,2,0,2,0,0,0,0,7
20978,SLBenfica,,3,0,3,3,0,3,0,0,0,0,7
20979,jfcastelo,,2,0,2,2,0,2,0,0,0,0,7
20980,economia_pt,,2,0,2,2,0,2,0,0,0,0,7
20981,poise_2020,,2,0,2,2,0,2,0,0,0,0,7
20982,ambiente_pt,,2,0,2,2,0,2,0,0,0,0,7
20983,mpresidencia_pt,,2,0,2,2,0,2,0,0,0,0,7
20984,entre_vinhas,,2,0,2,2,0,2,0,0,0,0,7
20985,saude_pt,,2,0,2,2,0,2,0,0,0,0,7
20986,ciencia_pt,,2,0,2,2,0,2,0,0,0,0,7
20987,planeamento_pt,,2,0,2,2,0,2,0,0,0,0,7
20988,Algarveconmigo,,2,0,2,2,0,2,0,0,0,0,7
20989,nestrangeiro_pt,,2,0,2,2,0,2,0,0,0,0,7
20990,trabalho_pt,,2,0,2,2,0,2,0,0,0,0,7
20991,naturarte,,2,0,2,2,0,2,0,0,0,0,7
20992,MunPenela,,3,0,3,3,0,3,0,0,0,0,7
20993,SNS_Portugal,,2,0,2,2,0,2,0,0,0,0,7
20994,cisionportugal,,2,0,2,2,0,2,0,0,0,0,7
20995,ccdrn,,2,0,2,2,0,2,0,0,0,0,7
20996,IFD_FomentoPT,,2,0,2,2,0,2,0,0,0,0,7
20997,EEAGrantsPT,,2,0,2,2,0,2,0,0,0,0,7
20998,ciedaveiro,,5,0,5,5,0,5,0,0,0,0,7
20999,PublicoP3,,3,0,3,3,0,3,0,0,0,0,7
21000,RankiaPortugal,,2,0,2,2,0,2,0,0,0,0,7
21001,sensorflowsg,,2,0,2,2,0,2,0,0,0,0,7
21002,cork_creative,,2,0,2,2,0,2,0,0,0,0,7
21003,poch2020portuga,,2,0,2,2,0,2,0,0,0,0,7
21004,POSEUR2020,,2,0,2,2,0,2,0,0,0,0,7
21005,ANQEP,,2,0,2,2,0,2,0,0,0,0,7
21006,DGConsumidor,,2,0,2,2,0,2,0,0,0,0,7
21007,IAPMEI,,3,0,3,3,0,3,0,0,0,0,7
21008,PtInovSocial,,2,0,2,2,0,2,0,0,0,0,7
21009,mais_educativa,,2,0,2,2,0,2,0,0,0,0,7
21010,DG_Educ,,2,0,2,2,0,2,0,0,0,0,7
21011,cip_empresarial,,2,0,2,2,0,2,0,0,0,0,7
21012,NmpReg,,2,0,2,2,0,2,0,0,0,0,7
21013,MindsharePT,,2,0,2,2,0,2,0,0,0,0,7
21014,Accenture_PT,,2,0,2,2,0,2,0,0,0,0,7
21015,UMinho_Oficial,,2,0,2,2,0,2,0,0,0,0,7
21016,FEEICOMPETE2020,,2,0,2,2,0,2,0,0,0,0,7
21017,greenstays2013,,2,0,2,2,0,2,0,0,0,0,7
21018,Norte_2020,,2,0,2,2,0,2,0,0,0,0,7
21019,CIIMARPorto,,2,0,2,2,0,2,0,0,0,0,7
21020,ERNACT,,4,0,4,4,0,4,0,0,0,0,7
21021,Atlantic_Arc,,3,0,3,3,0,3,0,0,0,0,7
21022,RCConhecimento,,2,0,2,2,0,2,0,0,0,0,7
21023,EuroEnergyInn,,4,0,4,4,0,4,0,0,0,0,7
21024,EUSocialInnov,,4,0,4,4,0,4,0,0,0,0,7
21025,KARIM_Network,,5,0,5,5,0,5,0,0,0,0,7
21026,smartcitiesdive,,4,0,4,4,0,4,0,0,0,0,7
21027,CitizensforEu,,5,0,5,5,0,5,0,0,0,0,7
21028,EuropaMedia,,4,0,4,4,0,4,0,0,0,0,7
21029,FGaliciaEuropa,,4,0,4,4,0,4,0,0,0,0,7
21030,visitporto,,4,0,4,4,0,4,0,0,0,0,7
21031,Europarl_DE,,4,0,4,4,0,4,0,0,0,0,7
21032,InteractEU,,3,0,3,3,0,3,0,0,0,0,7
21033,URBACT_4DCities,,2,0,2,2,0,2,0,0,0,0,7
21034,uclg_org,,4,0,4,4,0,4,0,0,0,0,7
21035,Portoforward,,3,0,3,3,0,3,0,0,0,0,7
21036,EP_Regional,,4,0,4,4,0,4,0,0,0,0,7
21037,EscolasTurismo,,3,0,3,3,0,3,0,0,0,0,7
21038,redeporto24,,2,0,2,2,0,2,0,0,0,0,7
21039,GreenCogEU,,3,0,3,3,0,3,0,0,0,0,7
21040,EUSBSR,,4,0,4,4,0,4,0,0,0,0,7
21041,MetrodoPorto,,4,0,4,4,0,4,0,0,0,0,7
21042,CienciaHoje,,2,0,2,2,0,2,0,0,0,0,7
21043,CienciaHojept,,2,0,2,2,0,2,0,0,0,0,7
21044,DouroValleyPT,,2,0,2,2,0,2,0,0,0,0,7
21045,ConnectCitiesEU,,3,0,3,3,0,3,0,0,0,0,7
21046,RotadoDouro,,2,0,2,2,0,2,0,0,0,0,7
21047,TheatroCirco,,2,0,2,2,0,2,0,0,0,0,7
21048,INESCTEC,,2,0,2,2,0,2,0,0,0,0,7
21049,This_is_Europe,,5,0,5,5,0,5,0,0,0,0,7
21050,MMirandaDouro,,2,0,2,2,0,2,0,0,0,0,7
21051,UPortoInovacao,,4,0,4,4,0,4,0,0,0,0,7
21052,bragacej2012,,3,0,3,3,0,3,0,0,0,0,7
21053,PortoeNortePT,,4,0,4,4,0,4,0,0,0,0,7
21054,casadamusica,,4,0,4,4,0,4,0,0,0,0,7
21055,politecnico,,3,0,3,3,0,3,0,0,0,0,7
21056,lavozdegalicia,,4,0,4,4,0,4,0,0,0,0,7
21057,camarabarcelos,,3,0,3,3,0,3,0,0,0,0,7
21058,tecminho,,2,0,2,2,0,2,0,0,0,0,7
21059,ESPON_Programme,,3,0,3,3,0,3,0,0,0,0,7
21060,ecoeuropa,,2,0,2,2,0,2,0,0,0,0,7
21061,SerralvesTwit,,4,0,4,4,0,4,0,0,0,0,7
21062,udominho,,3,0,3,3,0,3,0,0,0,0,7
21063,ROSTOS,,2,0,2,2,0,2,0,0,0,0,7
21064,FundaoTurismo,,3,0,3,3,0,3,0,0,0,0,7
21065,tvbraga,,2,0,2,2,0,2,0,0,0,0,7
21066,fraternite_2020,,4,0,4,4,0,4,0,0,0,0,7
21067,DouroVerdeTV,,2,0,2,2,0,2,0,0,0,0,7
21068,GNPAECT,,2,0,2,2,0,2,0,0,0,0,7
21069,diariodominho,,2,0,2,2,0,2,0,0,0,0,7
21070,ipsilononline,,3,0,3,3,0,3,0,0,0,0,7
21071,_Galicia,,3,0,3,3,0,3,0,0,0,0,7
21072,ivdp_ip,,3,0,3,3,0,3,0,0,0,0,7
21073,antenaminho,,2,0,2,2,0,2,0,0,0,0,7
21074,camararesende,,3,0,3,3,0,3,0,0,0,0,7
21075,cisnetwork,,2,0,2,2,0,2,0,0,0,0,7
21076,EUDevNews,,3,0,3,3,0,3,0,0,0,0,7
21077,AF_agencia,,2,0,2,2,0,2,0,0,0,0,7
21078,altominhodev,,2,0,2,2,0,2,0,0,0,0,7
21079,maisactual,,2,0,2,2,0,2,0,0,0,0,7
21080,EuropeanAgenda,,4,0,4,4,0,4,0,0,0,0,7
21081,SICdirecto,,2,0,2,2,0,2,0,0,0,0,7
21082,IFDR_,,3,0,3,3,0,3,0,0,0,0,7
21083,AtlanticArea,,3,0,3,3,0,3,0,0,0,0,7
21084,novonorte,,2,0,2,2,0,2,0,0,0,0,7
21085,antena2rtp,,2,0,2,2,0,2,0,0,0,0,7
21086,DNpolitica,,2,0,2,2,0,2,0,0,0,0,7
21087,noticiasvreal,,2,0,2,2,0,2,0,0,0,0,7
21088,CMParedes,,2,0,2,2,0,2,0,0,0,0,7
21089,EINEUPolitics,,2,0,2,2,0,2,0,0,0,0,7
21090,cmvalongo,,2,0,2,2,0,2,0,0,0,0,7
21091,CM_Braga,,2,0,2,2,0,2,0,0,0,0,7
21092,umicpt,,2,0,2,2,0,2,0,0,0,0,7
21093,municipiochaves,,2,0,2,2,0,2,0,0,0,0,7
21094,CMArouca,,2,0,2,2,0,2,0,0,0,0,7
21095,iGOVPT,,2,0,2,2,0,2,0,0,0,0,7
21096,cmcaminha,,2,0,2,2,0,2,0,0,0,0,7
21097,uptecporto,,3,0,3,3,0,3,0,0,0,0,7
21098,pportodosmuseus,,2,0,2,2,0,2,0,0,0,0,7
21099,SMFeira,,2,0,2,2,0,2,0,0,0,0,7
21100,CPMR_Europe,,4,0,4,4,0,4,0,0,0,0,7
21101,Exame_Expresso,,2,0,2,2,0,2,0,0,0,0,7
21102,Hoje_li,,4,0,4,4,0,4,0,0,0,0,7
21103,ptecnologico,,2,0,2,2,0,2,0,0,0,0,7
21104,CCDRLVT,,2,0,2,2,0,2,0,0,0,0,7
21105,mirandela,,3,0,3,3,0,3,0,0,0,0,7
21106,cmarmamar,,3,0,3,3,0,3,0,0,0,0,7
21107,cmmurca,,2,0,2,2,0,2,0,0,0,0,7
21108,AzemeisVida,,2,0,2,2,0,2,0,0,0,0,7
21109,cmboticas,,2,0,2,2,0,2,0,0,0,0,7
21110,CMVNFamalicao,,3,0,3,3,0,3,0,0,0,0,7
21111,CamaraGuimaraes,,2,0,2,2,0,2,0,0,0,0,7
21112,VPAguiar,,2,0,2,2,0,2,0,0,0,0,7
21113,mun_melgaco,,3,0,3,3,0,3,0,0,0,0,7
21114,cmalfandegadafe,,2,0,2,2,0,2,0,0,0,0,7
21115,cmvieiradominho,,2,0,2,2,0,2,0,0,0,0,7
21116,VNFC,,2,0,2,2,0,2,0,0,0,0,7
21117,cmpbarca,,2,0,2,2,0,2,0,0,0,0,7
21118,MunicipioMondim,,2,0,2,2,0,2,0,0,0,0,7
21119,Caminha_Mun,,2,0,2,2,0,2,0,0,0,0,7
21120,SICommunity_EU,,3,0,3,3,0,3,0,0,0,0,7
21121,robert_schuman,,4,0,4,4,0,4,0,0,0,0,7
21122,Compete_eufunds,,2,0,2,2,0,2,0,0,0,0,7
21123,itqbunl,,2,0,2,2,0,2,0,0,0,0,7
21124,DGEstE,,2,0,2,2,0,2,0,0,0,0,7
21125,cienciaviva,,3,0,3,3,0,3,0,0,0,0,7
21126,InfEuropa,,5,0,5,5,0,5,0,0,0,0,7
21127,EspalhaFactos,,2,0,2,2,0,2,0,0,0,0,7
21128,IPTomar,,3,0,3,3,0,3,0,0,0,0,7
21129,NewsPortugal,,2,0,2,2,0,2,0,0,0,0,7
21130,MadeOfLisboa,,2,0,2,2,0,2,0,0,0,0,7
21131,EU_IPO,,4,0,4,4,0,4,0,0,0,0,7
21132,Your_Gate_to_EU,,2,0,2,2,0,2,0,0,0,0,7
21133,ihc_fcsh,,2,0,2,2,0,2,0,0,0,0,7
21134,MediabookingPt,,2,0,2,2,0,2,0,0,0,0,7
21135,EmpreendeLeiria,,2,0,2,2,0,2,0,0,0,0,7
21136,IPSsetubal,,3,0,3,3,0,3,0,0,0,0,7
21137,PortoCanalpt,,2,0,2,2,0,2,0,0,0,0,7
21138,edf_eu,,2,0,2,2,0,2,0,0,0,0,7
21139,ChampalimaudF,,2,0,2,2,0,2,0,0,0,0,7
21140,O_MIRANTE,,2,0,2,2,0,2,0,0,0,0,7
21141,FLAD_PT,,2,0,2,2,0,2,0,0,0,0,7
21142,ILCH_UMinho,,2,0,2,2,0,2,0,0,0,0,7
21143,icsunivlisboa,,2,0,2,2,0,2,0,0,0,0,7
21144,InTeraQB,,2,0,2,2,0,2,0,0,0,0,7
21145,scienceoffice,,2,0,2,2,0,2,0,0,0,0,7
21146,investigacaoPT,,2,0,2,2,0,2,0,0,0,0,7
21147,cienciaPT,,2,0,2,2,0,2,0,0,0,0,7
21148,cibpt,,2,0,2,2,0,2,0,0,0,0,7
21149,CIEDFundao,,5,0,5,5,0,5,0,0,0,0,7
21150,EuropeDirectAML,,5,0,5,5,0,5,0,0,0,0,7
21151,ipb_pt,,3,0,3,3,0,3,0,0,0,0,7
21152,EscolaDigital_,,2,0,2,2,0,2,0,0,0,0,7
21153,UnivdeCoimbra,,4,0,4,4,0,4,0,0,0,0,7
21154,incode2030,,2,0,2,2,0,2,0,0,0,0,7
21155,actportugal,,2,0,2,2,0,2,0,0,0,0,7
21156,eapn_pt,,2,0,2,2,0,2,0,0,0,0,7
21157,IMMolecular,,2,0,2,2,0,2,0,0,0,0,7
21158,OECDeconomy,,4,0,4,4,0,4,0,0,0,0,7
21159,OECDlive,,3,0,3,3,0,3,0,0,0,0,7
21160,andimanas,,3,0,3,3,0,3,0,0,0,0,7
21161,OCDE_fr,,2,0,2,2,0,2,0,0,0,0,7
21162,ruadebaixo,,2,0,2,2,0,2,0,0,0,0,7
21163,VICEPORTUGAL,,2,0,2,2,0,2,0,0,0,0,7
21164,MNAC_MChiado,,3,0,3,3,0,3,0,0,0,0,7
21165,UniversiaPT,,4,0,4,4,0,4,0,0,0,0,7
21166,fnacportugal,,2,0,2,2,0,2,0,0,0,0,7
21167,altice_portugal,,2,0,2,2,0,2,0,0,0,0,7
21168,TeKSapo,,3,0,3,3,0,3,0,0,0,0,7
21169,wikimediapt,,2,0,2,2,0,2,0,0,0,0,7
21170,Futuraliafil,,2,0,2,2,0,2,0,0,0,0,7
21171,VaisRir,,2,0,2,2,0,2,0,0,0,0,7
21172,auslandsinfo,,2,0,2,2,0,2,0,0,0,0,7
21173,ojogo,,3,0,3,3,0,3,0,0,0,0,7
21174,ojeconomico,,4,0,4,4,0,4,0,0,0,0,7
21175,govpt,,3,0,3,3,0,3,0,0,0,0,7
21176,TurismodeLisboa,,3,0,3,3,0,3,0,0,0,0,7
21177,MinCidadania,,2,0,2,2,0,2,0,0,0,0,7
21178,cmjornal,,3,0,3,3,0,3,0,0,0,0,7
21179,JornalNoticias,,3,0,3,3,0,3,0,0,0,0,7
21180,tvi24pt,,4,0,4,4,0,4,0,0,0,0,7
21184,CamaraLisboa,,4,0,4,4,0,4,0,0,0,0,7
21186,SICNoticias,,3,0,3,3,0,3,0,0,0,0,7
21187,portoponto,,4,0,4,4,0,4,0,0,0,0,7
21189,Record_Portugal,,4,0,4,4,0,4,0,0,0,0,7
21191,educacaosp,,2,0,2,2,0,2,0,0,0,0,7
21192,defesa_pt,,2,0,2,2,0,2,0,0,0,0,7
21194,correiocid,,2,0,2,2,0,2,0,0,0,0,2
21195,ukinportugal,,2,0,2,2,0,2,0,0,0,0,7
21196,camoes_ip,,4,0,4,4,0,4,0,0,0,0,7
21197,Lusa_noticias,,4,0,4,4,0,4,0,0,0,0,7
21198,Amedirh_,,2,0,2,2,0,2,0,0,0,0,4
21199,observadorpt,,3,0,3,3,0,3,0,0,0,0,7
21200,Publico,,4,0,4,4,0,4,0,0,0,0,7
21201,expresso,,4,0,4,4,0,4,0,0,0,0,7
21202,TabloidePT,,2,0,2,2,0,2,0,0,0,0,7
21203,turismoportugal,,5,0,5,5,0,5,0,0,0,0,7
21204,TodosEducacao,,3,0,3,3,0,3,0,0,0,0,7
21205,revistaensino,,2,0,2,2,0,2,0,0,0,0,7
21220,Culbadajoz,,2,0,2,2,0,2,0,0,0,0,2
21221,PortugalCNFDTL,,2,0,2,2,0,2,0,0,0,0,7
21222,oportalturismo,,2,0,2,2,0,2,0,0,0,0,7
21223,MTVNEWS,,3,0,3,3,0,3,0,0,0,0,2
21224,iberdrola,,4,0,4,4,0,4,0,0,0,0,4
21225,TuIberdrola,,3,0,3,3,0,3,0,0,0,0,4
21227,fernandoalvim,,2,0,2,2,0,2,0,0,0,0,7
21228,abolapt,,3,0,3,3,0,3,0,0,0,0,7
21230,FCPorto,,3,0,3,3,0,3,0,0,0,0,7
21231,maisfutebol,,2,0,2,2,0,2,0,0,0,0,7
21236,neilpatel,,2,0,2,2,0,2,0,0,0,0,2
21238,CE_PTrep,,4,0,4,4,0,4,0,0,0,0,1
21248,Bibliaenlinea,,2,0,2,2,0,2,0,0,0,0,4
21502,FCSJ_UC3M,,2,0,2,2,0,2,0,0,0,0,4
21515,parqUC3M,,3,0,3,3,0,3,0,0,0,0,4
21619,fjrod92,,2,0,2,2,0,2,0,0,0,0,4
21631,scientix_eu,,2,0,2,2,0,2,0,0,0,0,4
21638,emrata,,2,0,2,2,0,2,0,0,0,0,0
21642,FinoFilipino,,2,0,2,2,0,2,0,0,0,0,0
21643,TwitterVideo,,4,0,4,4,0,4,0,0,0,0,0
21645,TheIdealistES,,3,0,3,3,0,3,0,0,0,0,0
21646,PlayGrounder,,3,0,3,3,0,3,0,0,0,0,0
21653,VineCreators,,4,0,4,4,0,4,0,0,0,0,0
21660,GoogleStreetArt,,2,0,2,2,0,2,0,0,0,0,0
21664,LaCinetera,,3,0,3,3,0,3,0,0,0,0,0
21665,EresKurioso,,4,0,4,4,0,4,0,0,0,0,0
21667,Pol_tattoo,,2,0,2,2,0,2,0,0,0,0,0
21669,Lauritamorri,,2,0,2,2,0,2,0,0,0,0,0
21676,AngelesMoreno18,,2,0,2,2,0,2,0,0,0,0,0
21683,TheArtWarriors,,2,0,2,2,0,2,0,0,0,0,0
21698,skmansg,,2,0,2,2,0,2,0,0,0,0,0
21699,TreceBits,,4,0,4,4,0,4,0,0,0,0,0
21740,Moli_Snowboard,,2,0,2,2,0,2,0,0,0,0,0
21746,Ja_Lorente,,2,0,2,2,0,2,0,0,0,0,0
21753,AlPerroVerde,,2,0,2,2,0,2,0,0,0,0,0
21754,visitargranada,,3,0,3,3,0,3,0,0,0,0,0
21755,MuseosAndalucia,,3,0,3,3,0,3,0,0,0,0,0
21756,GranadaCultura,,4,0,4,4,0,4,0,0,0,0,0
21757,TaquillaGranada,,3,0,3,3,0,3,0,0,0,0,0
21758,granadaenlared,,4,0,4,4,0,4,0,0,0,0,0
21759,ferialibrograna,,4,0,4,4,0,4,0,0,0,0,0
21760,granadamas,,5,0,5,5,0,5,0,0,0,0,4
21761,masquegrana,,3,0,3,3,0,3,0,0,0,0,0
21762,Granadaescool,,4,0,4,4,0,4,0,0,0,0,0
21763,cgimgranada,,5,0,5,5,0,5,0,0,0,0,4
21764,alhambradegrana,,4,0,4,4,0,4,0,0,0,0,0
21765,abadeshoteles,,7,0,7,7,0,7,0,0,0,0,0
21766,grupoabades,,3,0,3,3,0,3,0,0,0,0,0
21767,HAlhambrapalace,,3,0,3,3,0,3,0,0,0,0,0
21768,tmcarino,,4,0,4,4,0,4,0,0,0,0,4
21769,LaMafiaGranada,,3,0,3,3,0,3,0,0,0,0,0
21770,Trenturgranada,,4,0,4,4,0,4,0,0,0,0,0
21771,UnidreamerES,,3,0,3,3,0,3,0,0,0,0,0
21772,GranadaFamily1,,3,0,3,3,0,3,0,0,0,0,0
21773,centroGanadaHo,,2,0,2,2,0,2,0,0,0,0,0
21774,FIJRgranada,,3,0,3,3,0,3,0,0,0,0,0
21775,ILSierraNevada,,3,0,3,3,0,3,0,0,0,0,0
21776,Creativiza,,2,0,2,2,0,2,0,0,0,0,0
21777,granadatur,,3,0,3,3,0,3,0,0,0,0,0
21778,eventogranada,,3,0,3,3,0,3,0,0,0,0,0
21779,PassportGr,,3,0,3,3,0,3,0,0,0,0,0
21780,andalucianet,,4,0,4,4,0,4,0,0,0,0,0
21781,andalucialab,,4,0,4,4,0,4,0,0,0,0,4
21782,InfoGranada,,3,0,3,3,0,3,0,0,0,0,0
21783,App_and_Web,,3,0,3,3,0,3,0,0,0,0,0
21784,EmpresasGrForum,,3,0,3,3,0,3,0,0,0,0,0
21785,CCAGranada,,3,0,3,3,0,3,0,0,0,0,0
21786,LaBorraja,,4,0,4,4,0,4,0,0,0,0,0
21787,lagrottagranada,,5,0,5,5,0,5,0,0,0,0,0
21788,andaluciaparais,,3,0,3,3,0,3,0,0,0,0,4
21789,CasadeZafra,,3,0,3,3,0,3,0,0,0,0,0
21790,granadacampus,,3,0,3,3,0,3,0,0,0,0,6
21791,EscenaGranada,,5,0,5,5,0,5,0,0,0,0,0
21792,Descapada_ES,,3,0,3,3,0,3,0,0,0,0,0
21793,granada_turismo,,4,0,4,4,0,4,0,0,0,0,0
21794,LaGloriaGr,,3,0,3,3,0,3,0,0,0,0,0
21795,RafaelLamelasjr,,3,0,3,3,0,3,0,0,0,0,0
21796,GesRadioGranada,,3,0,3,3,0,3,0,0,0,0,0
21797,InterlinguaGR,,3,0,3,3,0,3,0,0,0,0,0
21798,QueBuenRollo,,3,0,3,3,0,3,0,0,0,0,0
21799,BuzoneoGranada,,3,0,3,3,0,3,0,0,0,0,0
21800,Academia4you_,,3,0,3,3,0,3,0,0,0,0,0
21801,GranadaVelvet,,3,0,3,3,0,3,0,0,0,0,0
21802,granadatour,,4,0,4,4,0,4,0,0,0,0,0
21803,CDMaristasGrx,,3,0,3,3,0,3,0,0,0,0,6
21804,COPEGranada,,5,0,5,5,0,5,0,0,0,0,0
21805,HouseCafeSN,,6,0,6,6,0,6,0,0,0,0,0
21806,GranadaMarcha,,3,0,3,3,0,3,0,0,0,0,0
21807,acanasvargas,,3,0,3,3,0,3,0,0,0,0,0
21808,ContinentalGr,,4,0,4,4,0,4,0,0,0,0,0
21809,letspartygrana,,3,0,3,3,0,3,0,0,0,0,0
21810,GranainoCurioso,,3,0,3,3,0,3,0,0,0,0,0
21811,lanochedegrana,,3,0,3,3,0,3,0,0,0,0,0
21812,CCSerralloPlaza,,4,0,4,4,0,4,0,0,0,0,4
21813,hotelcarlosvgr,,3,0,3,3,0,3,0,0,0,0,0
21814,bambinogranada,,4,0,4,4,0,4,0,0,0,0,0
21815,CorraldelCarbon,,2,0,2,2,0,2,0,0,0,0,0
21816,salaplantabaja,,3,0,3,3,0,3,0,0,0,0,0
21817,ConciertosEnGRX,,3,0,3,3,0,3,0,0,0,0,0
21818,FundacionHsA,,2,0,2,2,0,2,0,0,0,0,0
21819,PATAPALOGRANADA,,3,0,3,3,0,3,0,0,0,0,0
21820,lineaverdegrx,,3,0,3,3,0,3,0,0,0,0,0
21821,elbardeeric,,3,0,3,3,0,3,0,0,0,0,0
21822,laguiago,,4,0,4,4,0,4,0,0,0,0,0
21823,vozgranadaradio,,3,0,3,3,0,3,0,0,0,0,0
21824,RemiendoTeatro,,3,0,3,3,0,3,0,0,0,0,0
21825,viajesXplorer,,2,0,2,2,0,2,0,0,0,0,0
21826,granadagaming,,3,0,3,3,0,3,0,0,0,0,0
21827,hobbysgranada,,2,0,2,2,0,2,0,0,0,0,0
21828,coachinggranada,,6,0,6,6,0,6,0,0,0,0,0
21829,Cubiqum,,2,0,2,2,0,2,0,0,0,0,0
21830,RutaVinosGr,,3,0,3,3,0,3,0,0,0,0,0
21831,Japan_Weekend,,3,0,3,3,0,3,0,0,0,0,0
21832,FrikisDeGranada,,3,0,3,3,0,3,0,0,0,0,0
21833,CopeaDerecho16,,3,0,3,3,0,3,0,0,0,0,0
21834,FizzGranada,,3,0,3,3,0,3,0,0,0,0,0
21835,CBGRANADASAD,,3,0,3,3,0,3,0,0,0,0,0
21836,GranadaConLupa,,3,0,3,3,0,3,0,0,0,0,0
21837,EmociomGranada,,4,0,4,4,0,4,0,0,0,0,0
21838,FiveCubes,,2,0,2,2,0,2,0,0,0,0,0
21839,room_escape,,2,0,2,2,0,2,0,0,0,0,0
21840,ESKPDobleCheck,,2,0,2,2,0,2,0,0,0,0,0
21841,TheExitValencia,,2,0,2,2,0,2,0,0,0,0,0
21842,Myst3ryrooms,,2,0,2,2,0,2,0,0,0,0,0
21843,coachingmalaga,,3,0,3,3,0,3,0,0,0,0,0
21844,JuegosEscape,,2,0,2,2,0,2,0,0,0,0,0
21845,rollo_granada,,3,0,3,3,0,3,0,0,0,0,0
21846,roomyescape,,2,0,2,2,0,2,0,0,0,0,0
21847,Prevensur,,4,0,4,4,0,4,0,0,0,0,0
21848,LinkEscape,,2,0,2,2,0,2,0,0,0,0,0
21849,LIONGranada,,3,0,3,3,0,3,0,0,0,0,0
21850,granadae,,4,0,4,4,0,4,0,0,0,0,4
21851,GranaEsFlamenco,,3,0,3,3,0,3,0,0,0,0,0
21852,TuitButacaGr,,3,0,3,3,0,3,0,0,0,0,0
21853,AuditorioMFalla,,3,0,3,3,0,3,0,0,0,0,0
21854,pimasgranada,,3,0,3,3,0,3,0,0,0,0,0
21855,missionleak,,3,0,3,3,0,3,0,0,0,0,0
21856,webgranada,,3,0,3,3,0,3,0,0,0,0,0
21857,escaPark,,2,0,2,2,0,2,0,0,0,0,0
21858,TheLockBilbao,,2,0,2,2,0,2,0,0,0,0,0
21859,curfewgames,,2,0,2,2,0,2,0,0,0,0,0
21860,Enigmatiks,,2,0,2,2,0,2,0,0,0,0,0
21863,visandco,,2,0,2,2,0,2,0,0,0,0,0
21872,guiagastropass,,2,0,2,2,0,2,0,0,0,0,0
21873,OleumRestaurant,,3,0,3,3,0,3,0,0,0,0,0
21874,ElSalto_And,,3,0,3,3,0,3,0,0,0,0,0
21875,GranadaXelClima,,3,0,3,3,0,3,0,0,0,0,0
21877,puertagranadas,,3,0,3,3,0,3,0,0,0,0,0
21878,Academias_CA,,3,0,3,3,0,3,0,0,0,0,0
21879,GranadaCTours,,3,0,3,3,0,3,0,0,0,0,6
21880,GranadaEmpleo,,3,0,3,3,0,3,0,0,0,0,0
21881,Ssantagranada,,3,0,3,3,0,3,0,0,0,0,0
21883,tropicaleurope,,4,0,4,4,0,4,0,0,0,0,0
21885,RedGuadalinfo,,4,0,4,4,0,4,0,0,0,0,0
21894,ErasmusEOIMA,,2,0,2,2,0,2,0,0,0,0,4
21898,VHL_University,,2,0,2,2,0,2,0,0,0,0,1
21900,ErasmusPlusIT,,4,0,4,4,0,4,0,0,0,0,1
21901,AMC_NL,,2,0,2,2,0,2,0,0,0,0,1
21902,UMCUtrecht,,3,0,3,3,0,3,0,0,0,0,2
21903,ErasmusMC,,4,0,4,4,0,4,0,0,0,0,7
21904,iauerasmusyouth,,3,0,3,3,0,3,0,0,0,0,1
21906,UdL_info,,2,0,2,2,0,2,0,0,0,0,4
21907,RCSI_Irl,,4,0,4,4,0,4,0,0,0,0,1
21908,Newman_Uni,,2,0,2,2,0,2,0,0,0,0,1
21909,uvic_intfetch,,2,0,2,2,0,2,0,0,0,0,3
21910,WeAreTUDublin,,3,0,3,3,0,3,0,0,0,0,1
21914,ul_ssps,,2,0,2,2,0,2,0,0,0,0,1
21921,suctiproject,,2,0,2,2,0,2,0,0,0,0,1
21925,ForumTL,,2,0,2,2,0,2,0,0,0,0,1
21929,EuropeDirectWxm,,4,0,4,4,0,4,0,0,0,0,1
21930,THEA_Irl,,2,0,2,2,0,2,0,0,0,0,1
21931,drjenbren,,2,0,2,2,0,2,0,0,0,0,1
21939,HEVINCI_iro,,2,0,2,2,0,2,0,0,0,0,1
21941,Radboud_Uni,,3,0,3,3,0,3,0,0,0,0,1
21942,UniLeiden,,3,0,3,3,0,3,0,0,0,0,1
21943,UTwente,,3,0,3,3,0,3,0,0,0,0,1
21944,UniUtrecht,,3,0,3,3,0,3,0,0,0,0,1
21945,VUamsterdam,,3,0,3,3,0,3,0,0,0,0,1
21946,JesusEscriva,,3,0,3,3,0,3,0,0,0,0,1
21947,RobertBanet,,4,0,4,4,0,4,0,0,0,0,1
21949,PietroDeMatteis,,3,0,3,3,0,3,0,0,0,0,1
21950,ErasmusMag,,5,0,5,5,0,5,0,0,0,0,1
21951,KatrinaKoppel,,3,0,3,3,0,3,0,0,0,0,1
21952,erasmusgyor,,6,0,6,6,0,6,0,0,0,0,1
21953,lei_rostock,,2,0,2,2,0,2,0,0,0,0,1
21954,esnege,,3,0,3,3,0,3,0,0,0,0,1
21955,ESNBulgaria,,4,0,4,4,0,4,0,0,0,0,1
21956,esnvmu,,3,0,3,3,0,3,0,0,0,0,1
21957,esnsemmelweis,,4,0,4,4,0,4,0,0,0,0,1
21958,ESNBahcesehir,,3,0,3,3,0,3,0,0,0,0,1
21959,ESNITU1,,3,0,3,3,0,3,0,0,0,0,1
21960,NEM_Besancon,,5,0,5,5,0,5,0,0,0,0,1
21961,esnorleans,,3,0,3,3,0,3,0,0,0,0,1
21962,esn_westminster,,4,0,4,4,0,4,0,0,0,0,6
21963,ESN_BM,,3,0,3,3,0,3,0,0,0,0,1
21964,esnmersinn,,3,0,3,3,0,3,0,0,0,0,7
21965,EsnCorsica,,3,0,3,3,0,3,0,0,0,0,7
21966,ESNTours,,3,0,3,3,0,3,0,0,0,0,7
21967,EsnRomaAse,,3,0,3,3,0,3,0,0,0,0,1
21968,ESNDelft,,3,0,3,3,0,3,0,0,0,0,7
21969,EsnBordeaux,,3,0,3,3,0,3,0,0,0,0,7
21970,EsnCraiova,,3,0,3,3,0,3,0,0,0,0,7
21971,ESNMESAMunich,,3,0,3,3,0,3,0,0,0,0,7
21972,ESNTUDresden,,3,0,3,3,0,3,0,0,0,0,7
21973,ESN_Venezia,,3,0,3,3,0,3,0,0,0,0,7
21974,ESNHELMo,,3,0,3,3,0,3,0,0,0,0,7
21975,ESNOdense,,3,0,3,3,0,3,0,0,0,0,4
21976,inoutUFPR,,2,0,2,2,0,2,0,0,0,0,1
21977,ESNBilgi,,3,0,3,3,0,3,0,0,0,0,7
21978,EMAAfrica,,3,0,3,3,0,3,0,0,0,0,7
21979,EsnSalentoLisa,,5,0,5,5,0,5,0,0,0,0,1
21980,studyinestonia,,4,0,4,4,0,4,0,0,0,0,1
21981,yassESN,,3,0,3,3,0,3,0,0,0,0,7
21988,ESN_UK,,2,0,2,2,0,2,0,0,0,0,1
22113,ManCity,,3,0,3,3,0,3,0,0,0,0,5
22209,DohaDebates,,2,0,2,2,0,2,0,0,0,0,1
22223,qatarairways,,3,0,3,3,0,3,0,0,0,0,0
22529,EuropeersUK,,3,0,3,3,0,3,0,0,0,0,3
22530,eTwinningUK,,4,0,4,4,0,4,0,0,0,0,5
22531,eurodeskUK,,3,0,3,3,0,3,0,0,0,0,5
22534,NLatUN,,2,0,2,2,0,2,0,0,0,0,5
22535,NorwayUN,,2,0,2,2,0,2,0,0,0,0,5
22536,GermanyUN,,3,0,3,3,0,3,0,0,0,0,5
22537,SwedenUN,,3,0,3,3,0,3,0,0,0,0,1
22685,Total,,3,0,3,3,0,3,0,0,0,0,5
22717,worlduniranking,,3,0,3,3,0,3,0,0,0,0,5
22718,QS_Corporate,,2,0,2,2,0,2,0,0,0,0,5
22719,TopUnis,,3,0,3,3,0,3,0,0,0,0,5
22811,wizkidayo,,2,0,2,2,0,2,0,0,0,0,2
22815,followlasg,,2,0,2,2,0,2,0,0,0,0,5
22928,Nick_Hewer,,2,0,2,2,0,2,0,0,0,0,5
22930,CaptainAmerica,,2,0,2,2,0,2,0,0,0,0,5
22932,GdnPolitics,,2,0,2,2,0,2,0,0,0,0,5
22982,umutkatirci,,2,0,2,2,0,2,0,0,0,0,5
22997,anto_v25,,3,0,3,3,0,3,0,0,0,0,5
22998,SouthamptonFC,,2,0,2,2,0,2,0,0,0,0,5
22999,Raul_Jimenez9,,2,0,2,2,0,2,0,0,0,0,2
23000,JesseLingard,,2,0,2,2,0,2,0,0,0,0,5
23001,MarcusRashford,,3,0,3,3,0,3,0,0,0,0,2
23002,Everton,,2,0,2,2,0,2,0,0,0,0,5
23004,AnthonyMartial,,2,0,2,2,0,2,0,0,0,0,5
23005,ChrisSmalling,,2,0,2,2,0,2,0,0,0,0,5
23006,NUFC,,3,0,3,3,0,3,0,0,0,0,3
23007,CH14_,,3,0,3,3,0,3,0,0,0,0,0
23008,BlindDaley,,2,0,2,2,0,2,0,0,0,0,5
23009,luisnani,,3,0,3,3,0,3,0,0,0,0,0
23010,AnderHerrera,,3,0,3,3,0,3,0,0,0,0,5
23011,themichaelowen,,3,0,3,3,0,3,0,0,0,0,5
23012,GNev2,,3,0,3,3,0,3,0,0,0,0,1
23013,LukeShaw23,,2,0,2,2,0,2,0,0,0,0,5
23014,youngy18,,2,0,2,2,0,2,0,0,0,0,5
23015,carras16,,3,0,3,3,0,3,0,0,0,0,5
23016,rioferdy5,,3,0,3,3,0,3,0,0,0,0,5
23017,Persie_Official,,3,0,3,3,0,3,0,0,0,0,0
23108,Cognizant,,3,0,3,3,0,3,0,0,0,0,5
23400,JackWilshere,,3,0,3,3,0,3,0,0,0,0,5
23402,KieranGibbs,,2,0,2,2,0,2,0,0,0,0,5
23404,theowalcott,,2,0,2,2,0,2,0,0,0,0,5
23406,aaronramsey,,3,0,3,3,0,3,0,0,0,0,5
23407,LuisSuarez9,,3,0,3,3,0,3,0,0,0,0,5
23410,Arsenal,,4,0,4,4,0,4,0,0,0,0,5
23515,JDMahama,,2,0,2,2,0,2,0,0,0,0,5
23522,davido,,2,0,2,2,0,2,0,0,0,0,5
23526,BigSean,,3,0,3,3,0,3,0,0,0,0,2
23527,chrisbrown,,3,0,3,3,0,3,0,0,0,0,2
23534,juanmata8,,3,0,3,3,0,3,0,0,0,0,0
23537,Diddy,,2,0,2,2,0,2,0,0,0,0,5
23542,burnaboy,,2,0,2,2,0,2,0,0,0,0,5
23545,Olamide,,2,0,2,2,0,2,0,0,0,0,5
23549,CNNAfrica,,2,0,2,2,0,2,0,0,0,0,5
23551,MesutOzil1088,,3,0,3,3,0,3,0,0,0,0,5
23552,TreySongz,,2,0,2,2,0,2,0,0,0,0,5
23555,_OlivierGiroud_,,3,0,3,3,0,3,0,0,0,0,2
23556,johnlegend,,3,0,3,3,0,3,0,0,0,0,5
23558,realmadriden,,3,0,3,3,0,3,0,0,0,0,5
23560,solangeknowles,,3,0,3,3,0,3,0,0,0,0,2
23563,TOARACON,,2,0,2,2,0,2,0,0,0,0,6
23565,Alcala_la_Real,,2,0,2,2,0,2,0,0,0,0,0
23568,DiarioJAENes,,3,0,3,3,0,3,0,0,0,0,0
23571,lolatresc,,2,0,2,2,0,2,0,0,0,0,6
23574,carserranoti,,2,0,2,2,0,2,0,0,0,0,6
23576,RESIDENCIARSM,,2,0,2,2,0,2,0,0,0,0,6
23578,manuelfdezjaen,,2,0,2,2,0,2,0,0,0,0,6
23579,elpenitentemot1,,2,0,2,2,0,2,0,0,0,0,0
23581,pdemontefrio,,2,0,2,2,0,2,0,0,0,0,6
23584,alfonso_capella,,3,0,3,3,0,3,0,0,0,0,6
23592,Fortaleza_Mota,,2,0,2,2,0,2,0,0,0,0,6
23597,laingeniateca,,2,0,2,2,0,2,0,0,0,0,6
23598,MadelnAndalucia,,2,0,2,2,0,2,0,0,0,0,5
23599,OleoturismoAnd,,2,0,2,2,0,2,0,0,0,0,0
23601,CaminosDePasion,,2,0,2,2,0,2,0,0,0,0,1
23605,chollocomponent,,2,0,2,2,0,2,0,0,0,0,5
23616,SalvaMora_Fisio,,2,0,2,2,0,2,0,0,0,0,6
23617,FERIASJAEN,,3,0,3,3,0,3,0,0,0,0,0
23618,FERMASA_GRANADA,,3,0,3,3,0,3,0,0,0,0,6
23620,jvillegas7,,2,0,2,2,0,2,0,0,0,0,6
23621,Distribucionyma,,3,0,3,3,0,3,0,0,0,0,6
23624,annemariayritys,,2,0,2,2,0,2,0,0,0,0,6
23627,cesce_es,,3,0,3,3,0,3,0,0,0,0,6
23633,HumorATope,,2,0,2,2,0,2,0,0,0,0,5
23634,jakecbaum,,2,0,2,2,0,2,0,0,0,0,6
23636,dipujaen,,3,0,3,3,0,3,0,0,0,0,0
23637,jaenturismo,,3,0,3,3,0,3,0,0,0,0,0
23638,AreaEditorial,,2,0,2,2,0,2,0,0,0,0,6
23640,LaPublicacion,,2,0,2,2,0,2,0,0,0,0,6
23643,socioneurs,,3,0,3,3,0,3,0,0,0,0,6
23644,Reportes24H,,3,0,3,3,0,3,0,0,0,0,6
23645,dorulo82,,2,0,2,2,0,2,0,0,0,0,0
23648,dale_dixon,,2,0,2,2,0,2,0,0,0,0,6
23650,bonisoft,,2,0,2,2,0,2,0,0,0,0,6
23651,gluup_eu,,3,0,3,3,0,3,0,0,0,0,6
23655,charangaLLQNV,,2,0,2,2,0,2,0,0,0,0,6
23656,aytodemontefrio,,2,0,2,2,0,2,0,0,0,0,6
23660,priimeoilsandal,,2,0,2,2,0,2,0,0,0,0,6
23661,HIPER_MUEBLE,,2,0,2,2,0,2,0,0,0,0,0
23667,GacetaMadrid,,2,0,2,2,0,2,0,0,0,0,6
23669,TipsCuidadores,,3,0,3,3,0,3,0,0,0,0,6
23678,wanaleads,,2,0,2,2,0,2,0,0,0,0,6
23682,TemaGlobal,,3,0,3,3,0,3,0,0,0,0,4
23686,RoyCampos,,2,0,2,2,0,2,0,0,0,0,6
23692,doiseradm,,3,0,3,3,0,3,0,0,0,0,0
23695,Merchalia,,2,0,2,2,0,2,0,0,0,0,6
23696,franccarreras,,3,0,3,3,0,3,0,0,0,0,6
23697,MurciaDigital,,2,0,2,2,0,2,0,0,0,0,4
23699,festival7080,,3,0,3,3,0,3,0,0,0,0,0
23701,doiserimagen,,3,0,3,3,0,3,0,0,0,0,6
23702,DANIELdoiser,,3,0,3,3,0,3,0,0,0,0,6
23705,Oscardoiser,,3,0,3,3,0,3,0,0,0,0,4
23711,MartiTiestos,,2,0,2,2,0,2,0,0,0,0,6
23713,ViajeroAdicto,,2,0,2,2,0,2,0,0,0,0,6
23715,LeandroTaub,,3,0,3,3,0,3,0,0,0,0,6
23717,doiserblog,,3,0,3,3,0,3,0,0,0,0,6
23718,indicativos,,2,0,2,2,0,2,0,0,0,0,6
23719,TravelBenidorm,,2,0,2,2,0,2,0,0,0,0,4
23720,ExpoEsqui,,3,0,3,3,0,3,0,0,0,0,0
23723,Castillarejos,,3,0,3,3,0,3,0,0,0,0,6
23724,Spainstagram,,2,0,2,2,0,2,0,0,0,0,6
23727,LatamSer,,2,0,2,2,0,2,0,0,0,0,6
23728,GabrielAndino,,3,0,3,3,0,3,0,0,0,0,6
23731,EsquinaBernabeu,,2,0,2,2,0,2,0,0,0,0,6
23732,JuEndrino,,3,0,3,3,0,3,0,0,0,0,6
23733,madeinargentina,,3,0,3,3,0,3,0,0,0,0,2
23734,elpinceldeju,,2,0,2,2,0,2,0,0,0,0,6
23737,Gourmet_Al,,3,0,3,3,0,3,0,0,0,0,6
23738,JoseQ_online,,3,0,3,3,0,3,0,0,0,0,6
23739,events_charming,,3,0,3,3,0,3,0,0,0,0,6
23740,JoseMCorrales,,3,0,3,3,0,3,0,0,0,0,6
23743,ElCamborioGr,,2,0,2,2,0,2,0,0,0,0,6
23745,medipadel,,2,0,2,2,0,2,0,0,0,0,0
23749,chisteramarkets,,2,0,2,2,0,2,0,0,0,0,0
23753,Lecturas24H,,3,0,3,3,0,3,0,0,0,0,6
23756,TerCoachEuropa,,2,0,2,2,0,2,0,0,0,0,6
23758,IdeoArtwork,,3,0,3,3,0,3,0,0,0,0,0
23760,jacksonypollock,,2,0,2,2,0,2,0,0,0,0,6
23762,previsionpers,,3,0,3,3,0,3,0,0,0,0,6
23763,dadser1329,,2,0,2,2,0,2,0,0,0,0,6
23769,KequoGroup,,2,0,2,2,0,2,0,0,0,0,6
23770,plantasmedicina,,3,0,3,3,0,3,0,0,0,0,4
23772,MagaMarketGr,,3,0,3,3,0,3,0,0,0,0,0
23774,Rafa_Goz_,,2,0,2,2,0,2,0,0,0,0,6
23776,VeraGoicoechea,,3,0,3,3,0,3,0,0,0,0,0
23778,KIBO,,2,0,2,2,0,2,0,0,0,0,6
23779,OTruta,,3,0,3,3,0,3,0,0,0,0,6
23780,GustavoSBR,,2,0,2,2,0,2,0,0,0,0,6
23781,Advei,,3,0,3,3,0,3,0,0,0,0,0
23784,AyudaExperta,,3,0,3,3,0,3,0,0,0,0,4
23785,mocuishkla,,2,0,2,2,0,2,0,0,0,0,0
23787,NutriciaGarrido,,3,0,3,3,0,3,0,0,0,0,6
23789,ignasicomellas,,3,0,3,3,0,3,0,0,0,0,6
23791,DtD9t,,3,0,3,3,0,3,0,0,0,0,6
23792,rodriguezceltic,,3,0,3,3,0,3,0,0,0,0,6
23793,SuperIdeal_,,2,0,2,2,0,2,0,0,0,0,0
23794,julian_mperez,,3,0,3,3,0,3,0,0,0,0,6
23796,AndaluciaenFoto,,4,0,4,4,0,4,0,0,0,0,0
23797,CursosTxM,,3,0,3,3,0,3,0,0,0,0,4
23799,ZonaGranada,,3,0,3,3,0,3,0,0,0,0,6
23800,DarioNovoM,,3,0,3,3,0,3,0,0,0,0,0
23801,Consumidores_es,,3,0,3,3,0,3,0,0,0,0,6
23802,noTcomasELTARRO,,3,0,3,3,0,3,0,0,0,0,0
23803,MULLBRAND,,3,0,3,3,0,3,0,0,0,0,6
23804,evernescom,,3,0,3,3,0,3,0,0,0,0,0
23809,SeaLifeMalaga,,2,0,2,2,0,2,0,0,0,0,6
23811,rioMoros,,3,0,3,3,0,3,0,0,0,0,6
23817,cadesevilla,,2,0,2,2,0,2,0,0,0,0,0
23820,_salobrena_,,3,0,3,3,0,3,0,0,0,0,0
23821,LuisAdvei,,3,0,3,3,0,3,0,0,0,0,0
23822,miguelromannet,,3,0,3,3,0,3,0,0,0,0,2
23823,Motril__Digital,,3,0,3,3,0,3,0,0,0,0,0
23824,PasaporteAnd,,4,0,4,4,0,4,0,0,0,0,2
23826,Irene_da_Silva_,,2,0,2,2,0,2,0,0,0,0,6
23831,Nutri_Gym,,2,0,2,2,0,2,0,0,0,0,0
23832,CeosCreativos,,3,0,3,3,0,3,0,0,0,0,6
23835,cbohorquezco,,2,0,2,2,0,2,0,0,0,0,6
23837,TEntreT,,3,0,3,3,0,3,0,0,0,0,6
23838,DisfrutaCompos,,2,0,2,2,0,2,0,0,0,0,7
23844,PedroJ_Cuestas,,3,0,3,3,0,3,0,0,0,0,6
23845,AlbertAdvei,,3,0,3,3,0,3,0,0,0,0,6
23846,josemigueladvei,,3,0,3,3,0,3,0,0,0,0,4
23847,webyley,,3,0,3,3,0,3,0,0,0,0,6
23848,IosuneM,,3,0,3,3,0,3,0,0,0,0,6
23849,juanpittau,,3,0,3,3,0,3,0,0,0,0,6
23850,valhallatrainer,,3,0,3,3,0,3,0,0,0,0,0
23851,lanzaroteapp,,2,0,2,2,0,2,0,0,0,0,6
23856,trabajaencasa01,,3,0,3,3,0,3,0,0,0,0,6
23858,LosMasVirales,,3,0,3,3,0,3,0,0,0,0,6
23861,oscar_ramilo,,2,0,2,2,0,2,0,0,0,0,6
23867,EmociomJaen,,2,0,2,2,0,2,0,0,0,0,0
23869,alcalajuventud,,2,0,2,2,0,2,0,0,0,0,0
23871,cafeconvertes,,2,0,2,2,0,2,0,0,0,0,0
23874,BalneariosAnbal,,2,0,2,2,0,2,0,0,0,0,6
23875,alimentoandaluz,,2,0,2,2,0,2,0,0,0,0,6
23878,grupollamas,,2,0,2,2,0,2,0,0,0,0,0
23880,MktingAfiliados,,2,0,2,2,0,2,0,0,0,0,6
23881,yoelnacher,,3,0,3,3,0,3,0,0,0,0,6
23883,rebeldesonline,,3,0,3,3,0,3,0,0,0,0,6
23884,Sabores_de_Jaen,,2,0,2,2,0,2,0,0,0,0,0
23885,CMCaezar18,,2,0,2,2,0,2,0,0,0,0,0
23886,Asun_Parra,,3,0,3,3,0,3,0,0,0,0,6
23887,adveischool,,3,0,3,3,0,3,0,0,0,0,6
23888,joseluissanmoy,,2,0,2,2,0,2,0,0,0,0,0
23890,JLM__Jesus,,3,0,3,3,0,3,0,0,0,0,0
23891,camposierrajaen,,3,0,3,3,0,3,0,0,0,0,0
23892,foxlider1,,2,0,2,2,0,2,0,0,0,0,0
23896,CanalViajero,,3,0,3,3,0,3,0,0,0,0,6
23897,SanoManjar,,3,0,3,3,0,3,0,0,0,0,0
23899,_patricioflores,,3,0,3,3,0,3,0,0,0,0,6
23900,victorlledo,,4,0,4,4,0,4,0,0,0,0,0
23904,comp_emocional,,3,0,3,3,0,3,0,0,0,0,6
23907,SaborDeOro,,2,0,2,2,0,2,0,0,0,0,6
23910,NttViajes,,3,0,3,3,0,3,0,0,0,0,0
23914,Comercioalcalar,,2,0,2,2,0,2,0,0,0,0,6
23915,Rabanales21,,3,0,3,3,0,3,0,0,0,0,6
23916,Signometal,,2,0,2,2,0,2,0,0,0,0,4
23917,Geolit_Jaen,,3,0,3,3,0,3,0,0,0,0,6
23919,nececities_es,,2,0,2,2,0,2,0,0,0,0,0
23922,tropired,,3,0,3,3,0,3,0,0,0,0,0
23924,CoachingJaen,,3,0,3,3,0,3,0,0,0,0,6
23925,AlertasTrabajo,,3,0,3,3,0,3,0,0,0,0,6
23926,ConocesJan,,2,0,2,2,0,2,0,0,0,0,0
23927,SitiosdeEspana,,4,0,4,4,0,4,0,0,0,0,4
23928,DOSierraCazorla,,3,0,3,3,0,3,0,0,0,0,0
23929,difundemas,,3,0,3,3,0,3,0,0,0,0,0
23930,Casaruralrioja,,3,0,3,3,0,3,0,0,0,0,6
23933,RegalosMadrid,,2,0,2,2,0,2,0,0,0,0,0
23936,SEOyMEDIA,,3,0,3,3,0,3,0,0,0,0,4
23938,KequoBarrio,,4,0,4,4,0,4,0,0,0,0,0
23943,RevistaAlcuza,,3,0,3,3,0,3,0,0,0,0,0
23945,MercadosMedRed,,2,0,2,2,0,2,0,0,0,0,6
23948,LaRiojaRural,,4,0,4,4,0,4,0,0,0,0,6
23954,empresaenlared,,2,0,2,2,0,2,0,0,0,0,6
23955,PueblosJaen,,3,0,3,3,0,3,0,0,0,0,0
23957,AlcalaNoticias,,2,0,2,2,0,2,0,0,0,0,6
23958,vrosales74,,2,0,2,2,0,2,0,0,0,0,4
23959,adirecto,,3,0,3,3,0,3,0,0,0,0,4
23960,franrejon,,3,0,3,3,0,3,0,0,0,0,6
23961,TurismoAND,,5,0,5,5,0,5,0,0,0,0,0
23966,ukinspain,,2,0,2,2,0,2,0,0,0,0,1
23967,FCDOGovUK,,2,0,2,2,0,2,0,0,0,0,2
23968,leogutierrez0,,3,0,3,3,0,3,0,0,0,0,6
23970,jose_lc14,,2,0,2,2,0,2,0,0,0,0,4
23971,AEDAF,,2,0,2,2,0,2,0,0,0,0,4
23973,consejo_fiscal,,2,0,2,2,0,2,0,0,0,0,4
23974,informaticaaeat,,3,0,3,3,0,3,0,0,0,0,6
23975,copicentrogra,,3,0,3,3,0,3,0,0,0,0,6
23980,SpainCultureUK,,2,0,2,2,0,2,0,0,0,0,4
23981,EmbSpainUK,,3,0,3,3,0,3,0,0,0,0,4
23984,CGEspSydney,,4,0,4,4,0,4,0,0,0,0,4
23985,ConsuladoEspMel,,5,0,5,5,0,5,0,0,0,0,0
23987,ConEspMunich,,3,0,3,3,0,3,0,0,0,0,4
23989,EmbEspanaChile,,3,0,3,3,0,3,0,0,0,0,4
23992,Radar_UGR,,2,0,2,2,0,2,0,0,0,0,4
23993,Granada_Limpia,,4,0,4,4,0,4,0,0,0,0,0
23994,BrandSpain,,3,0,3,3,0,3,0,0,0,0,4
23995,BrandsofSpain,,3,0,3,3,0,3,0,0,0,0,3
23996,SpainInTheUSA,,3,0,3,3,0,3,0,0,0,0,1
23997,MundoSpanish,,3,0,3,3,0,3,0,0,0,0,4
23998,IFC_org,,2,0,2,2,0,2,0,0,0,0,1
23999,FinStbBoard,,2,0,2,2,0,2,0,0,0,0,4
24000,EBA_News,,3,0,3,3,0,3,0,0,0,0,4
24006,bundesbank,,2,0,2,2,0,2,0,0,0,0,4
24018,bcentralchile,,2,0,2,2,0,2,0,0,0,0,4
24019,Banxico,,2,0,2,2,0,2,0,0,0,0,2
24020,BCV_ORG_VE,,2,0,2,2,0,2,0,0,0,0,2
24029,AtlantaFed,,2,0,2,2,0,2,0,0,0,0,6
24030,OECD_local,,2,0,2,2,0,2,0,0,0,0,2
24031,OECDgov,,2,0,2,2,0,2,0,0,0,0,1
24032,VicencNavarro,,4,0,4,4,0,4,0,0,0,0,5
24033,LizarragaC_,,2,0,2,2,0,2,0,0,0,0,4
24034,juantorreslopez,,3,0,3,3,0,3,0,0,0,0,0
24035,HoraAmerica,,2,0,2,2,0,2,0,0,0,0,4
24036,cultrun,,2,0,2,2,0,2,0,0,0,0,6
24037,rodriguezbraun,,3,0,3,3,0,3,0,0,0,0,5
24038,josecdiez,,2,0,2,2,0,2,0,0,0,0,4
24040,scarboval,,3,0,3,3,0,3,0,0,0,0,4
24041,cic_ugr,,3,0,3,3,0,3,0,0,0,0,6
24043,FUNCASES,,2,0,2,2,0,2,0,0,0,0,6
24045,TG7tv,,3,0,3,3,0,3,0,0,0,0,4
24046,GranadaFemenino,,3,0,3,3,0,3,0,0,0,0,4
24048,EmbEspIrlanda,,2,0,2,2,0,2,0,0,0,0,1
24050,EmbPaisesBajos,,2,0,2,2,0,2,0,0,0,0,4
24051,EmbajadaEspRiga,,2,0,2,2,0,2,0,0,0,0,4
24052,EmbEspItalia,,3,0,3,3,0,3,0,0,0,0,4
24054,EmbEspJapon,,3,0,3,3,0,3,0,0,0,0,1
24055,JapanEmb_Spain,,2,0,2,2,0,2,0,0,0,0,4
24057,EmbEspanaRabat,,2,0,2,2,0,2,0,0,0,0,4
24059,EmbEsEslovaquia,,2,0,2,2,0,2,0,0,0,0,3
24060,EmbEspanaLituan,,2,0,2,2,0,2,0,0,0,0,1
24062,EmbEspFinlandia,,2,0,2,2,0,2,0,0,0,0,4
24064,EmbEspMalta,,3,0,3,3,0,3,0,0,0,0,1
24066,EmbEspBucarest,,2,0,2,2,0,2,0,0,0,0,4
24069,EmbEspDinamarca,,3,0,3,3,0,3,0,0,0,0,4
24070,EmbEspNicosia,,2,0,2,2,0,2,0,0,0,0,4
24071,EmbEspEstocolmo,,2,0,2,2,0,2,0,0,0,0,4
24074,EmbEspHungria,,2,0,2,2,0,2,0,0,0,0,0
24076,EmbajadaEspSOF,,3,0,3,3,0,3,0,0,0,0,4
24077,EmbEspSuiza,,2,0,2,2,0,2,0,0,0,0,4
24078,EmbEspPraga,,2,0,2,2,0,2,0,0,0,0,4
24082,EFEnoticias_ES,,2,0,2,2,0,2,0,0,0,0,2
24083,Spain_in_CH,,3,0,3,3,0,3,0,0,0,0,1
24084,AusEmbEsp,,2,0,2,2,0,2,0,0,0,0,0
24085,EmbajadaEspAust,,3,0,3,3,0,3,0,0,0,0,0
24086,Spain_inMexico,,2,0,2,2,0,2,0,0,0,0,4
24088,juliettemilgram,,2,0,2,2,0,2,0,0,0,0,0
24089,mjmoril,,2,0,2,2,0,2,0,0,0,0,6
24090,PilarIbarrondo,,2,0,2,2,0,2,0,0,0,0,6
24091,SpainMFA,,3,0,3,3,0,3,0,0,0,0,5
24093,MuroIdiomas,,3,0,3,3,0,3,0,0,0,0,6
24094,DAAD_Spanien,,2,0,2,2,0,2,0,0,0,0,6
24095,OeAD_worldwide,,3,0,3,3,0,3,0,0,0,0,1
24096,StudyinHolland,,3,0,3,3,0,3,0,0,0,0,7
24097,wwwStudyEU,,2,0,2,2,0,2,0,0,0,0,4
24099,StudyinNorway,,3,0,3,3,0,3,0,0,0,0,4
24100,StudyinDenmark,,3,0,3,3,0,3,0,0,0,0,1
24101,nytimesworld,,3,0,3,3,0,3,0,0,0,0,1
24102,TelegraphWorld,,3,0,3,3,0,3,0,0,0,0,1
24103,RosaLopez,,3,0,3,3,0,3,0,0,0,0,2
24104,NorthumbriaUni,,3,0,3,3,0,3,0,0,0,0,3
24105,NBSNU,,2,0,2,2,0,2,0,0,0,0,2
24106,FGQuero,,2,0,2,2,0,2,0,0,0,0,6
24109,MichanFinlandia,,2,0,2,2,0,2,0,0,0,0,4
24111,abarniol_tve,,2,0,2,2,0,2,0,0,0,0,4
24112,mbarreiro_tve,,2,0,2,2,0,2,0,0,0,0,4
24113,josemiguel_tv,,2,0,2,2,0,2,0,0,0,0,4
24114,slaplana_tve,,2,0,2,2,0,2,0,0,0,0,4
24115,monicalopez_tve,,3,0,3,3,0,3,0,0,0,0,0
24116,AEMET_SINOBAS,,2,0,2,2,0,2,0,0,0,0,4
24117,ElTiempo_tve,,2,0,2,2,0,2,0,0,0,0,4
24118,ElTiempoes,,3,0,3,3,0,3,0,0,0,0,4
24122,5dias_mercados,,2,0,2,2,0,2,0,0,0,0,6
24127,jacobpetrus_tve,,2,0,2,2,0,2,0,0,0,0,4
24128,brunocardenosa,,2,0,2,2,0,2,0,0,0,0,6
24129,fernando_rueda,,3,0,3,3,0,3,0,0,0,0,2
24131,Figaro_Economie,,2,0,2,2,0,2,0,0,0,0,4
24132,consumidores,,4,0,4,4,0,4,0,0,0,0,4
24133,RosaVientos,,2,0,2,2,0,2,0,0,0,0,4
24136,elCorreoWeb,,4,0,4,4,0,4,0,0,0,0,6
24137,tiempobrasero,,3,0,3,3,0,3,0,0,0,0,0
24138,RAM_meteo,,2,0,2,2,0,2,0,0,0,0,4
24139,abcdesevilla,,3,0,3,3,0,3,0,0,0,0,0
24140,lasextameteo,,2,0,2,2,0,2,0,0,0,0,4
24141,gaceta_es,,2,0,2,2,0,2,0,0,0,0,6
24142,eltorotv,,2,0,2,2,0,2,0,0,0,0,0
24143,hsfi,,2,0,2,2,0,2,0,0,0,0,1
24147,JKLn_kaupunki,,2,0,2,2,0,2,0,0,0,0,1
24148,RFI,,2,0,2,2,0,2,0,0,0,0,6
24149,EnPortada_TVE,,3,0,3,3,0,3,0,0,0,0,0
24152,economipedia,,2,0,2,2,0,2,0,0,0,0,4
24154,nadaesgratis,,2,0,2,2,0,2,0,0,0,0,4
24156,EUvsDisinfo,,2,0,2,2,0,2,0,0,0,0,4
24157,ICIJorg,,3,0,3,3,0,3,0,0,0,0,5
24158,SAI,,3,0,3,3,0,3,0,0,0,0,8
24160,insidertoday,,2,0,2,2,0,2,0,0,0,0,7
24161,BI_Strategy,,2,0,2,2,0,2,0,0,0,0,4
24169,HarvardBiz,,3,0,3,3,0,3,0,0,0,0,3
24170,businessinsider,,3,0,3,3,0,3,0,0,0,0,2
24172,ftenergy,,2,0,2,2,0,2,0,0,0,0,3
24173,ftfm,,2,0,2,2,0,2,0,0,0,0,3
24174,ftbized,,3,0,3,3,0,3,0,0,0,0,2
24175,ftmoney,,2,0,2,2,0,2,0,0,0,0,2
24176,fteconomics,,3,0,3,3,0,3,0,0,0,0,6
24182,WSJpersfinance,,3,0,3,3,0,3,0,0,0,0,3
24186,Cotizalia,,3,0,3,3,0,3,0,0,0,0,0
24187,Cadenaser_econo,,2,0,2,2,0,2,0,0,0,0,6
24188,5dias_midinero,,3,0,3,3,0,3,0,0,0,0,0
24189,ElMundoEconomia,,2,0,2,2,0,2,0,0,0,0,6
24193,OECD_ENV,,2,0,2,2,0,2,0,0,0,0,1
24196,ExpansionBolsa,,3,0,3,3,0,3,0,0,0,0,0
24198,EstrategiasTv,,2,0,2,2,0,2,0,0,0,0,6
24199,bolsamania,,2,0,2,2,0,2,0,0,0,0,4
24200,paisesconflicto,,2,0,2,2,0,2,0,0,0,0,4
24202,EU_Finance,,3,0,3,3,0,3,0,0,0,0,1
24203,ylenews,,2,0,2,2,0,2,0,0,0,0,1
24204,BBCBusiness,,3,0,3,3,0,3,0,0,0,0,2
24206,BecasEstudio,,3,0,3,3,0,3,0,0,0,0,1
24209,yleuutiset,,2,0,2,2,0,2,0,0,0,0,1
24211,esRadio,,4,0,4,4,0,4,0,0,0,0,0
24212,elespanolcom,,3,0,3,3,0,3,0,0,0,0,4
24213,genbeta,,3,0,3,3,0,3,0,0,0,0,7
24214,Hipertextual,,3,0,3,3,0,3,0,0,0,0,4
24215,ftfinancenews,,3,0,3,3,0,3,0,0,0,0,1
24216,ReutersBiz,,3,0,3,3,0,3,0,0,0,0,1
24217,TurismoAndaluz,,3,0,3,3,0,3,0,0,0,0,0
24218,5Dias_Companias,,3,0,3,3,0,3,0,0,0,0,6
24219,EFEverde,,4,0,4,4,0,4,0,0,0,0,4
24221,EPNacional,,3,0,3,3,0,3,0,0,0,0,4
24222,CSurNoticias,,3,0,3,3,0,3,0,0,0,0,4
24223,RTVEAndalucia,,2,0,2,2,0,2,0,0,0,0,4
24225,bbcweather,,2,0,2,2,0,2,0,0,0,0,4
24226,BBCRadio2,,2,0,2,2,0,2,0,0,0,0,4
24227,BBCPolitics,,2,0,2,2,0,2,0,0,0,0,2
24228,BBCR1,,3,0,3,3,0,3,0,0,0,0,2
24229,BBC6Music,,2,0,2,2,0,2,0,0,0,0,4
24230,bbc5live,,2,0,2,2,0,2,0,0,0,0,2
24231,bbcworldservice,,3,0,3,3,0,3,0,0,0,0,2
24232,1Xtra,,2,0,2,2,0,2,0,0,0,0,2
24234,BBC_Travel,,3,0,3,3,0,3,0,0,0,0,7
24235,France24_fr,,2,0,2,2,0,2,0,0,0,0,1
24236,FRANCE24,,3,0,3,3,0,3,0,0,0,0,1
24240,aamulehti,,2,0,2,2,0,2,0,0,0,0,1
24241,helsinki,,2,0,2,2,0,2,0,0,0,0,1
24242,Yleisradio,,2,0,2,2,0,2,0,0,0,0,1
24244,yleareena,,2,0,2,2,0,2,0,0,0,0,1
24249,Francetele,,3,0,3,3,0,3,0,0,0,0,8
24250,France3tv,,2,0,2,2,0,2,0,0,0,0,1
24251,France5tv,,2,0,2,2,0,2,0,0,0,0,1
24252,France4tv,,2,0,2,2,0,2,0,0,0,0,1
24253,TF1,,3,0,3,3,0,3,0,0,0,0,8
24254,France2tv,,3,0,3,3,0,3,0,0,0,0,7
24255,radiofrance,,3,0,3,3,0,3,0,0,0,0,6
24257,BusinessDesk,,2,0,2,2,0,2,0,0,0,0,4
24259,EFE_Andalucia,,2,0,2,2,0,2,0,0,0,0,4
24260,canalsurgranada,,3,0,3,3,0,3,0,0,0,0,6
24261,SubdeGobGranada,,3,0,3,3,0,3,0,0,0,0,4
24262,GranadaCdeF_en,,3,0,3,3,0,3,0,0,0,0,4
24263,OndaCeroGranada,,3,0,3,3,0,3,0,0,0,0,4
24264,MetroGranada,,3,0,3,3,0,3,0,0,0,0,6
24265,radioclasica,,3,0,3,3,0,3,0,0,0,0,0
24266,_rtvemarcae,,2,0,2,2,0,2,0,0,0,0,4
24268,libre_mercado,,3,0,3,3,0,3,0,0,0,0,0
24269,CCAndalucia,,2,0,2,2,0,2,0,0,0,0,4
24270,WSJbusiness,,3,0,3,3,0,3,0,0,0,0,1
24271,WSJecon,,3,0,3,3,0,3,0,0,0,0,2
24273,WSJeurope,,3,0,3,3,0,3,0,0,0,0,1
24275,redpuntoes,,4,0,4,4,0,4,0,0,0,0,0
24276,elpais_economia,,3,0,3,3,0,3,0,0,0,0,4
24277,elblogsalmon,,3,0,3,3,0,3,0,0,0,0,0
24279,BecasArgo,,3,0,3,3,0,3,0,0,0,0,7
24280,cfranganillo,,2,0,2,2,0,2,0,0,0,0,5
24281,portalcacocu,,4,0,4,4,0,4,0,0,0,0,2
24282,MasterUgrFCCEE,,2,0,2,2,0,2,0,0,0,0,4
24283,CursosCeprud,,2,0,2,2,0,2,0,0,0,0,4
24285,gmaravertarifa,,2,0,2,2,0,2,0,0,0,0,4
24286,AEMET_Andalucia,,3,0,3,3,0,3,0,0,0,0,2
24287,IncubaTalento,,3,0,3,3,0,3,0,0,0,0,4
24288,OrquestaOUGR,,3,0,3,3,0,3,0,0,0,0,6
24289,UGRmedia1,,3,0,3,3,0,3,0,0,0,0,4
24290,EPeconomia,,3,0,3,3,0,3,0,0,0,0,1
24291,EFELafototeca,,2,0,2,2,0,2,0,0,0,0,4
24292,EPinternacional,,2,0,2,2,0,2,0,0,0,0,4
24293,SpainIsCulture,,3,0,3,3,0,3,0,0,0,0,0
24294,viveandalucia,,3,0,3,3,0,3,0,0,0,0,0
24295,spain,,3,0,3,3,0,3,0,0,0,0,4
24297,ree_rne,,2,0,2,2,0,2,0,0,0,0,0
24298,24horas_rne,,2,0,2,2,0,2,0,0,0,0,0
24299,radio5_rne,,4,0,4,4,0,4,0,0,0,0,0
24301,TATGranada,,4,0,4,4,0,4,0,0,0,0,4
24302,jimmypons,,3,0,3,3,0,3,0,0,0,0,4
24303,rcanoguervos,,2,0,2,2,0,2,0,0,0,0,6
24304,ENEMgranada,,3,0,3,3,0,3,0,0,0,0,6
24305,fliebc,,3,0,3,3,0,3,0,0,0,0,4
24306,deportesfccee,,3,0,3,3,0,3,0,0,0,0,6
24307,GADEUGR,,3,0,3,3,0,3,0,0,0,0,6
24308,ucaugr,,3,0,3,3,0,3,0,0,0,0,4
24309,OpenSWAD,,4,0,4,4,0,4,0,0,0,0,6
24310,ugr_fccee_info,,3,0,3,3,0,3,0,0,0,0,4
24311,aiesecgranada,,4,0,4,4,0,4,0,0,0,0,6
24312,StartupM,,2,0,2,2,0,2,0,0,0,0,0
24314,MatiasDumont,,2,0,2,2,0,2,0,0,0,0,0
24316,francanetecom,,3,0,3,3,0,3,0,0,0,0,6
24317,CommunityManag2,,2,0,2,2,0,2,0,0,0,0,6
24319,apoemp,,4,0,4,4,0,4,0,0,0,0,4
24320,pacomariano,,3,0,3,3,0,3,0,0,0,0,2
24322,estebanview,,2,0,2,2,0,2,0,0,0,0,4
24323,juansegui,,2,0,2,2,0,2,0,0,0,0,6
24324,ilazaro,,3,0,3,3,0,3,0,0,0,0,4
24325,luchesibox,,2,0,2,2,0,2,0,0,0,0,0
24327,gsarrias,,2,0,2,2,0,2,0,0,0,0,0
24328,IEPosgrado,,2,0,2,2,0,2,0,0,0,0,4
24329,inkludita,,2,0,2,2,0,2,0,0,0,0,6
24332,GonzaloSanPer,,3,0,3,3,0,3,0,0,0,0,0
24333,PePe__MaDriD,,3,0,3,3,0,3,0,0,0,0,6
24334,NBSStudyAbroad,,2,0,2,2,0,2,0,0,0,0,6
24335,alberto_ugr,,3,0,3,3,0,3,0,0,0,0,0
24336,copyloto,,2,0,2,2,0,2,0,0,0,0,2
24337,luismcabiedes,,2,0,2,2,0,2,0,0,0,0,4
24338,javiercelaya,,3,0,3,3,0,3,0,0,0,0,0
24339,JulioAlonso,,3,0,3,3,0,3,0,0,0,0,4
24341,fderbaix,,2,0,2,2,0,2,0,0,0,0,4
24342,RCarpintier,,2,0,2,2,0,2,0,0,0,0,4
24343,daniel__arias,,3,0,3,3,0,3,0,0,0,0,0
24344,copicentroGR,,2,0,2,2,0,2,0,0,0,0,6
24345,SdelBarrio,,3,0,3,3,0,3,0,0,0,0,0
24346,dogandel,,3,0,3,3,0,3,0,0,0,0,5
24347,joibanez,,3,0,3,3,0,3,0,0,0,0,4
24348,polisea,,3,0,3,3,0,3,0,0,0,0,5
24349,Granajoven,,3,0,3,3,0,3,0,0,0,0,4
24350,granadainfo,,3,0,3,3,0,3,0,0,0,0,4
24351,GmmaPL,,2,0,2,2,0,2,0,0,0,0,6
24353,Mirianesthergm,,3,0,3,3,0,3,0,0,0,0,0
24354,dbuendiac,,3,0,3,3,0,3,0,0,0,0,6
24355,Martasvm,,2,0,2,2,0,2,0,0,0,0,0
24356,BelenaVeleta,,3,0,3,3,0,3,0,0,0,0,6
24357,erasmoos,,4,0,4,4,0,4,0,0,0,0,1
24373,Sia,,4,0,4,4,0,4,0,0,0,0,2
24374,adamlevine,,3,0,3,3,0,3,0,0,0,0,2
24375,Sziget,,3,0,3,3,0,3,0,0,0,0,2
24376,hvg_hu,,3,0,3,3,0,3,0,0,0,0,2
24377,ESNMilano,,3,0,3,3,0,3,0,0,0,0,1
24378,Uniplaces,,5,0,5,5,0,5,0,0,0,0,2
24379,Pernod_Ricard,,4,0,4,4,0,4,0,0,0,0,2
24384,bbcdoctorwho,,2,0,2,2,0,2,0,0,0,0,2
24385,Sherlockology,,2,0,2,2,0,2,0,0,0,0,2
24386,JimmyKimmelLive,,3,0,3,3,0,3,0,0,0,0,2
24389,BarbicanCentre,,3,0,3,3,0,3,0,0,0,0,2
24392,Timka_Timi,,2,0,2,2,0,2,0,0,0,0,1
24393,thetimes,,4,0,4,4,0,4,0,0,0,0,2
24398,TheRSC,,2,0,2,2,0,2,0,0,0,0,2
24402,VPalacios__,,2,0,2,2,0,2,0,0,0,0,5
24403,G2Reven,,3,0,3,3,0,3,0,0,0,0,2
24406,gerardromero,,2,0,2,2,0,2,0,0,0,0,5
24410,EsportsRAC1,,2,0,2,2,0,2,0,0,0,0,5
24416,FCBRAC1,,2,0,2,2,0,2,0,0,0,0,5
24419,ErnestoEkaizer,,3,0,3,3,0,3,0,0,0,0,5
24420,alfredoduro1,,2,0,2,2,0,2,0,0,0,0,5
24421,ramoncotarelo,,2,0,2,2,0,2,0,0,0,0,5
24424,Berlustinho,,2,0,2,2,0,2,0,0,0,0,5
24425,plazacasals,,3,0,3,3,0,3,0,0,0,0,6
24426,JoanTarda,,3,0,3,3,0,3,0,0,0,0,5
24428,AndreaDuro,,4,0,4,4,0,4,0,0,0,0,5
24431,Mercadillo_PS3,,2,0,2,2,0,2,0,0,0,0,5
24437,TheSteinLine,,2,0,2,2,0,2,0,0,0,0,5
24438,MarcJSpears,,2,0,2,2,0,2,0,0,0,0,2
24439,ainhoabenitobe,,2,0,2,2,0,2,0,0,0,0,0
24440,sofiasuescun,,2,0,2,2,0,2,0,0,0,0,5
24447,poloniatv3,,2,0,2,2,0,2,0,0,0,0,5
24452,GorillaccountsK,,2,0,2,2,0,2,0,0,0,0,5
24453,brfootball,,3,0,3,3,0,3,0,0,0,0,5
24454,BR_NBA,,2,0,2,2,0,2,0,0,0,0,5
24456,Supervivientes,,2,0,2,2,0,2,0,0,0,0,5
24457,InformeRobinson,,2,0,2,2,0,2,0,0,0,0,5
24459,guillegimenez_,,2,0,2,2,0,2,0,0,0,0,5
24462,PitiHurtado,,3,0,3,3,0,3,0,0,0,0,0
24463,Inspiras_,,2,0,2,2,0,2,0,0,0,0,5
24466,Radioestadio,,2,0,2,2,0,2,0,0,0,0,5
24467,YleniaGandiaSh,,3,0,3,3,0,3,0,0,0,0,5
24471,2KEspana,,2,0,2,2,0,2,0,0,0,0,5
24472,SpheraSports,,2,0,2,2,0,2,0,0,0,0,5
24473,Vertele,,4,0,4,4,0,4,0,0,0,0,5
24477,FonsiLoaiza,,3,0,3,3,0,3,0,0,0,0,4
24479,eduardoinda,,2,0,2,2,0,2,0,0,0,0,5
24480,Sarah_Hyland,,3,0,3,3,0,3,0,0,0,0,2
24482,AlyEckmann,,2,0,2,2,0,2,0,0,0,0,5
24484,JaviClemente_,,2,0,2,2,0,2,0,0,0,0,5
24488,KRLS,,3,0,3,3,0,3,0,0,0,0,5
24489,tempsdeneu,,3,0,3,3,0,3,0,0,0,0,0
24491,FranJMerino,,2,0,2,2,0,2,0,0,0,0,0
24494,princepelayo,,3,0,3,3,0,3,0,0,0,0,5
24496,NachoMontesTV,,3,0,3,3,0,3,0,0,0,0,5
24498,TeamMessi,,2,0,2,2,0,2,0,0,0,0,5
24499,setoo9,,2,0,2,2,0,2,0,0,0,0,5
24500,hispanosnba,,2,0,2,2,0,2,0,0,0,0,5
24505,ESPNNBA,,2,0,2,2,0,2,0,0,0,0,2
24506,TuitBatallas,,2,0,2,2,0,2,0,0,0,0,5
24507,la_queseavecina,,3,0,3,3,0,3,0,0,0,0,5
24508,principepelayo,,2,0,2,2,0,2,0,0,0,0,5
24509,hmespana,,3,0,3,3,0,3,0,0,0,0,5
24510,chirichampions,,2,0,2,2,0,2,0,0,0,0,5
24511,Trianaramo,,2,0,2,2,0,2,0,0,0,0,0
24514,TopChefA3,,3,0,3,3,0,3,0,0,0,0,0
24515,suhailajad,,2,0,2,2,0,2,0,0,0,0,0
24516,Societatcc,,3,0,3,3,0,3,0,0,0,0,0
24531,AntoGriezmann,,3,0,3,3,0,3,0,0,0,0,2
24535,FloydMayweather,,3,0,3,3,0,3,0,0,0,0,2
24539,Datos365,,3,0,3,3,0,3,0,0,0,0,5
24541,ivanrakitic,,2,0,2,2,0,2,0,0,0,0,5
24542,gloriortega1,,2,0,2,2,0,2,0,0,0,0,5
24544,myh_tv,,3,0,3,3,0,3,0,0,0,0,3
24546,RTVECatalunya,,3,0,3,3,0,3,0,0,0,0,0
24547,Es_Lujo,,3,0,3,3,0,3,0,0,0,0,5
24551,tierrahostil,,3,0,3,3,0,3,0,0,0,0,5
24552,FormulaTV,,3,0,3,3,0,3,0,0,0,0,5
24555,Martisima_SoyYo,,3,0,3,3,0,3,0,0,0,0,0
24556,adolescents_cat,,2,0,2,2,0,2,0,0,0,0,1
24559,NBAAllStar,,2,0,2,2,0,2,0,0,0,0,2
24564,lolitaol,,3,0,3,3,0,3,0,0,0,0,5
24566,Torren___,,2,0,2,2,0,2,0,0,0,0,5
24567,JoanLaportaFCB,,2,0,2,2,0,2,0,0,0,0,5
24568,NoelBayarri,,3,0,3,3,0,3,0,0,0,0,6
24570,quimdomenech,,4,0,4,4,0,4,0,0,0,0,5
24573,A_Monje,,2,0,2,2,0,2,0,0,0,0,5
24575,Amador_Rivas,,3,0,3,3,0,3,0,0,0,0,2
24576,robinfood,,2,0,2,2,0,2,0,0,0,0,0
24579,UniversoPic,,2,0,2,2,0,2,0,0,0,0,5
24580,BMWi,,2,0,2,2,0,2,0,0,0,0,2
24581,PilarRubio_,,3,0,3,3,0,3,0,0,0,0,0
24582,tjcope,,3,0,3,3,0,3,0,0,0,0,5
24583,HarryMeeme,,2,0,2,2,0,2,0,0,0,0,2
24584,jjbrotons,,3,0,3,3,0,3,0,0,0,0,5
24586,danaeboronat,,3,0,3,3,0,3,0,0,0,0,5
24588,YaFilosofia,,4,0,4,4,0,4,0,0,0,0,6
24589,aromeroser,,2,0,2,2,0,2,0,0,0,0,5
24590,GorillaGamesK,,3,0,3,3,0,3,0,0,0,0,6
24592,EITuitDeAbajo,,2,0,2,2,0,2,0,0,0,0,6
24594,BasketMediaset,,2,0,2,2,0,2,0,0,0,0,6
24596,JoelEmbiid,,2,0,2,2,0,2,0,0,0,0,5
24597,wojespn,,2,0,2,2,0,2,0,0,0,0,2
24601,OrianaGMarzoli,,3,0,3,3,0,3,0,0,0,0,0
24602,Tony_Spina,,3,0,3,3,0,3,0,0,0,0,6
24604,latigoserrano,,3,0,3,3,0,3,0,0,0,0,0
24610,EstrellaDammCat,,2,0,2,2,0,2,0,0,0,0,5
24611,rubenuria,,3,0,3,3,0,3,0,0,0,0,2
24613,10Ronaldinho,,3,0,3,3,0,3,0,0,0,0,2
24617,SigNombres,,2,0,2,2,0,2,0,0,0,0,5
24618,PeriodiFAILS,,2,0,2,2,0,2,0,0,0,0,6
24619,AS_NBA,,2,0,2,2,0,2,0,0,0,0,5
24620,joseluisgilsanz,,3,0,3,3,0,3,0,0,0,0,5
24621,sirolopez,,3,0,3,3,0,3,0,0,0,0,5
24622,Giannis_An34,,2,0,2,2,0,2,0,0,0,0,1
24625,boogiecousins,,2,0,2,2,0,2,0,0,0,0,5
24626,Jumpman23,,3,0,3,3,0,3,0,0,0,0,2
24628,JohnWall,,2,0,2,2,0,2,0,0,0,0,5
24629,aldridge_12,,2,0,2,2,0,2,0,0,0,0,5
24632,Sportando,,2,0,2,2,0,2,0,0,0,0,5
24633,AntDavis23,,2,0,2,2,0,2,0,0,0,0,5
24635,TikotDeRoa,,2,0,2,2,0,2,0,0,0,0,5
24637,NBAspain,,3,0,3,3,0,3,0,0,0,0,5
24638,sergeibaka,,3,0,3,3,0,3,0,0,0,0,5
24640,swish41,,3,0,3,3,0,3,0,0,0,0,5
24641,Yg_Trece,,2,0,2,2,0,2,0,0,0,0,5
24642,KyrieIrving,,2,0,2,2,0,2,0,0,0,0,5
24643,russwest44,,2,0,2,2,0,2,0,0,0,0,5
24644,JHarden13,,2,0,2,2,0,2,0,0,0,0,2
24645,DwightHoward,,4,0,4,4,0,4,0,0,0,0,2
24646,CP3,,3,0,3,3,0,3,0,0,0,0,2
24647,blakegriffin23,,4,0,4,4,0,4,0,0,0,0,2
24654,GVazquezNY,,2,0,2,2,0,2,0,0,0,0,5
24657,NBARetuits,,2,0,2,2,0,2,0,0,0,0,5
24660,LUJAN_AR,,3,0,3,3,0,3,0,0,0,0,5
24663,Kinki_muniain,,3,0,3,3,0,3,0,0,0,0,6
24664,VideosDeVine,,3,0,3,3,0,3,0,0,0,0,5
24665,NBA_VAVEL,,2,0,2,2,0,2,0,0,0,0,5
24670,SomosBasketweb,,2,0,2,2,0,2,0,0,0,0,5
24671,mvkoficial12,,2,0,2,2,0,2,0,0,0,0,6
24672,andre,,2,0,2,2,0,2,0,0,0,0,5
24673,cristobalsoria,,2,0,2,2,0,2,0,0,0,0,5
24674,DesmarqueCuatro,,3,0,3,3,0,3,0,0,0,0,6
24675,Tweetparida_,,3,0,3,3,0,3,0,0,0,0,5
24685,juanma_rguez,,3,0,3,3,0,3,0,0,0,0,5
24687,ADaimiel,,3,0,3,3,0,3,0,0,0,0,5
24689,MovistarNBA,,3,0,3,3,0,3,0,0,0,0,6
24690,nbamaniacs,,2,0,2,2,0,2,0,0,0,0,5
24694,lobo_carrasco,,2,0,2,2,0,2,0,0,0,0,5
24696,SHAQ,,3,0,3,3,0,3,0,0,0,0,2
24699,EresCurioso,,3,0,3,3,0,3,0,0,0,0,0
24700,laiaferrer,,2,0,2,2,0,2,0,0,0,0,5
24709,FrasesMusic_Es,,2,0,2,2,0,2,0,0,0,0,6
24710,evagonzalezf,,4,0,4,4,0,4,0,0,0,0,5
24711,nbastats,,2,0,2,2,0,2,0,0,0,0,2
24714,NBAespana,,2,0,2,2,0,2,0,0,0,0,5
24715,MiamiHEAT,,3,0,3,3,0,3,0,0,0,0,2
24716,DwyaneWade,,3,0,3,3,0,3,0,0,0,0,2
24747,wallapepe,,2,0,2,2,0,2,0,0,0,0,0
24755,radioflaixbac,,2,0,2,2,0,2,0,0,0,0,5
24776,Llourinho,,3,0,3,3,0,3,0,0,0,0,5
24799,Broslife,,3,0,3,3,0,3,0,0,0,0,1
24800,flaixfm,,2,0,2,2,0,2,0,0,0,0,5
24802,FCBarcelona_cat,,3,0,3,3,0,3,0,0,0,0,5
24803,Mando_Diao,,2,0,2,2,0,2,0,0,0,0,6
24825,SEUR_responde,,3,0,3,3,0,3,0,0,0,0,5
24829,AnabelAlonso_of,,3,0,3,3,0,3,0,0,0,0,4
24831,EmpleoJunta,,3,0,3,3,0,3,0,0,0,0,4
24832,GRempleojoven,,2,0,2,2,0,2,0,0,0,0,4
24834,VamosGranada15,,4,0,4,4,0,4,0,0,0,0,4
24835,JuakyAyerbe,,2,0,2,2,0,2,0,0,0,0,4
24837,Endesa,,3,0,3,3,0,3,0,0,0,0,4
24838,MiriamSaavdra,,2,0,2,2,0,2,0,0,0,0,2
24841,87CarlosMarin,,3,0,3,3,0,3,0,0,0,0,0
24843,MiguelFrigenti,,2,0,2,2,0,2,0,0,0,0,2
24845,As_Mundus,,2,0,2,2,0,2,0,0,0,0,1
24848,YMCAmk,,2,0,2,2,0,2,0,0,0,0,4
24850,psolidario,,3,0,3,3,0,3,0,0,0,0,4
24851,imagenenaccion,,2,0,2,2,0,2,0,0,0,0,4
24852,Solidaridad20,,3,0,3,3,0,3,0,0,0,0,4
24853,ongawa4d,,2,0,2,2,0,2,0,0,0,0,4
24854,Cooperablog,,2,0,2,2,0,2,0,0,0,0,4
24855,MemoriaHGranada,,4,0,4,4,0,4,0,0,0,0,0
24857,GranadaJAM,,2,0,2,2,0,2,0,0,0,0,4
24859,ecorepublicano,,2,0,2,2,0,2,0,0,0,0,4
24860,megustagranada,,4,0,4,4,0,4,0,0,0,0,0
24861,buceandociencia,,2,0,2,2,0,2,0,0,0,0,4
24862,APDHA,,2,0,2,2,0,2,0,0,0,0,6
24863,Paniguzman,,3,0,3,3,0,3,0,0,0,0,6
24866,REDACOGE,,2,0,2,2,0,2,0,0,0,0,1
24867,StopRepresionGr,,3,0,3,3,0,3,0,0,0,0,0
24868,CEARefugio,,2,0,2,2,0,2,0,0,0,0,4
24869,milenioDgranada,,3,0,3,3,0,3,0,0,0,0,6
24870,ArcoIrisGranada,,3,0,3,3,0,3,0,0,0,0,0
24871,ASOC_CONECTA,,3,0,3,3,0,3,0,0,0,0,0
24872,aspacegranada,,4,0,4,4,0,4,0,0,0,0,0
24873,GranadaAcoge,,3,0,3,3,0,3,0,0,0,0,0
24874,gitanos_org,,3,0,3,3,0,3,0,0,0,0,4
24879,mezquitagranada,,2,0,2,2,0,2,0,0,0,0,0
24880,sisumma_eu,,2,0,2,2,0,2,0,0,0,0,4
24881,FundEuroArabe,,3,0,3,3,0,3,0,0,0,0,6
24886,PaIestina,,3,0,3,3,0,3,0,0,0,0,4
24888,asociaciondafo,,3,0,3,3,0,3,0,0,0,0,4
24889,ASPAYMNACIONAL,,2,0,2,2,0,2,0,0,0,0,4
24890,LQDVI,,3,0,3,3,0,3,0,0,0,0,4
24891,Kliquers_org,,2,0,2,2,0,2,0,0,0,0,4
24892,JoaquinAyerbe,,2,0,2,2,0,2,0,0,0,0,6
24894,ajdadoo,,3,0,3,3,0,3,0,0,0,0,0
24895,FundATRESMEDIA,,2,0,2,2,0,2,0,0,0,0,4
24897,EsBeatrizLuengo,,4,0,4,4,0,4,0,0,0,0,0
24898,20mdirecto,,3,0,3,3,0,3,0,0,0,0,4
24899,CruzRojaInforma,,3,0,3,3,0,3,0,0,0,0,4
24905,acampadagranada,,3,0,3,3,0,3,0,0,0,0,4
24906,ciudad_granada,,4,0,4,4,0,4,0,0,0,0,0
24907,SpainGranada,,8,0,8,8,0,8,0,0,0,0,0
24908,FicZone,,4,0,4,4,0,4,0,0,0,0,0
24909,yeseuropa,,3,0,3,3,0,3,0,0,0,0,4
24910,erasmusdocfest,,2,0,2,2,0,2,0,0,0,0,4
24911,tudelft,,3,0,3,3,0,3,0,0,0,0,4
24912,UvA_Amsterdam,,3,0,3,3,0,3,0,0,0,0,4
24913,UniLeidenNews,,3,0,3,3,0,3,0,0,0,0,4
24915,TUeindhoven,,3,0,3,3,0,3,0,0,0,0,4
24916,LeidenHum,,3,0,3,3,0,3,0,0,0,0,1
24918,G_TejiendoRedes,,2,0,2,2,0,2,0,0,0,0,4
24921,CSocialUCO,,3,0,3,3,0,3,0,0,0,0,4
24924,afeministagr,,3,0,3,3,0,3,0,0,0,0,4
24925,Las_Tejedoras,,2,0,2,2,0,2,0,0,0,0,4
24926,alexbarea,,2,0,2,2,0,2,0,0,0,0,6
24927,TimocraciaSpain,,3,0,3,3,0,3,0,0,0,0,4
24928,PAHgranadaStopD,,3,0,3,3,0,3,0,0,0,0,0
24929,SABGranada,,2,0,2,2,0,2,0,0,0,0,4
24930,CulturaAND,,3,0,3,3,0,3,0,0,0,0,6
24931,harteugr,,2,0,2,2,0,2,0,0,0,0,0
24932,granadacool,,4,0,4,4,0,4,0,0,0,0,4
24933,EEZCSIC,,3,0,3,3,0,3,0,0,0,0,6
24934,Sci_Granada,,4,0,4,4,0,4,0,0,0,0,4
24935,iaa_csic,,2,0,2,2,0,2,0,0,0,0,0
24937,CSICdivulga,,4,0,4,4,0,4,0,0,0,0,4
24939,GranadaOSMA,,2,0,2,2,0,2,0,0,0,0,4
24940,CuartoReal,,3,0,3,3,0,3,0,0,0,0,8
24941,garantia_juv,,2,0,2,2,0,2,0,0,0,0,4
24942,IAJota,,2,0,2,2,0,2,0,0,0,0,4
24943,CAONGD,,2,0,2,2,0,2,0,0,0,0,4
24945,femiagenda,,2,0,2,2,0,2,0,0,0,0,4
24946,fundacionava,,3,0,3,3,0,3,0,0,0,0,4
24948,MZC_Cooperacion,,2,0,2,2,0,2,0,0,0,0,4
24949,UpsideDown_Com,,2,0,2,2,0,2,0,0,0,0,0
24951,eldiarioAnd,,3,0,3,3,0,3,0,0,0,0,4
24952,magublas,,4,0,4,4,0,4,0,0,0,0,6
24954,CoordiONGD,,3,0,3,3,0,3,0,0,0,0,4
24955,MedicosdelMundo,,3,0,3,3,0,3,0,0,0,0,4
24956,phumano,,3,0,3,3,0,3,0,0,0,0,4
24957,CEComercioJusto,,2,0,2,2,0,2,0,0,0,0,0
24964,LaVentanaGRX,,3,0,3,3,0,3,0,0,0,0,0
24967,afandaluzas,,4,0,4,4,0,4,0,0,0,0,5
24968,HelenaMaleno,,2,0,2,2,0,2,0,0,0,0,4
24969,desalambre,,2,0,2,2,0,2,0,0,0,0,4
24970,unicef_es,,4,0,4,4,0,4,0,0,0,0,4
24971,VoluntariadoPAV,,2,0,2,2,0,2,0,0,0,0,4
24973,redes_intercult,,2,0,2,2,0,2,0,0,0,0,4
24974,MdMAndalucia,,2,0,2,2,0,2,0,0,0,0,6
24976,esracismosos,,2,0,2,2,0,2,0,0,0,0,2
24977,CooperacionAND,,2,0,2,2,0,2,0,0,0,0,4
24978,mujeriugranada,,3,0,3,3,0,3,0,0,0,0,4
24979,EAPNandalucia,,3,0,3,3,0,3,0,0,0,0,4
24981,RedFeminista,,3,0,3,3,0,3,0,0,0,0,4
24982,FaktoriaLila,,2,0,2,2,0,2,0,0,0,0,4
24983,pikaramagazine,,2,0,2,2,0,2,0,0,0,0,4
24984,GitFeministas,,2,0,2,2,0,2,0,0,0,0,4
24985,labingranada,,3,0,3,3,0,3,0,0,0,0,4
24988,pobrezacero,,3,0,3,3,0,3,0,0,0,0,4
24989,TFeminista_,,2,0,2,2,0,2,0,0,0,0,4
24991,ZEMOS98,,3,0,3,3,0,3,0,0,0,0,0
24992,walkingborders,,2,0,2,2,0,2,0,0,0,0,4
24993,humania_org,,3,0,3,3,0,3,0,0,0,0,4
24995,CEMyRI,,2,0,2,2,0,2,0,0,0,0,4
24998,voluntariadogrx,,2,0,2,2,0,2,0,0,0,0,4
25000,MARIAGRANADA,,3,0,3,3,0,3,0,0,0,0,4
25001,sol_inter,,2,0,2,2,0,2,0,0,0,0,0
25004,AndaCoWork,,3,0,3,3,0,3,0,0,0,0,4
25005,ManosUnidasONGD,,2,0,2,2,0,2,0,0,0,0,4
25006,_CARITAS,,3,0,3,3,0,3,0,0,0,0,4
25007,ACNURspain,,3,0,3,3,0,3,0,0,0,0,4
25008,eACNUR,,3,0,3,3,0,3,0,0,0,0,4
25009,EP_Social,,3,0,3,3,0,3,0,0,0,0,4
25010,AIESEC,,4,0,4,4,0,4,0,0,0,0,7
25011,UNVolunteers,,2,0,2,2,0,2,0,0,0,0,1
25012,ONUMujeres,,3,0,3,3,0,3,0,0,0,0,4
25015,UNODC,,3,0,3,3,0,3,0,0,0,0,2
25016,UNICEFenEspanol,,3,0,3,3,0,3,0,0,0,0,4
25019,EquoGranada,,4,0,4,4,0,4,0,0,0,0,4
25025,granadaabierta,,2,0,2,2,0,2,0,0,0,0,4
25028,ecomercadogr,,2,0,2,2,0,2,0,0,0,0,4
25029,IPAZGranada,,3,0,3,3,0,3,0,0,0,0,4
25030,imagenes_inmigr,,2,0,2,2,0,2,0,0,0,0,5
25032,VJRgranada,,2,0,2,2,0,2,0,0,0,0,4
25041,radioalmaina,,3,0,3,3,0,3,0,0,0,0,0
25042,CasadelAire,,2,0,2,2,0,2,0,0,0,0,4
25044,ajuntamientocs,,2,0,2,2,0,2,0,0,0,0,4
25045,AjuntamientosGr,,2,0,2,2,0,2,0,0,0,0,4
25046,somenergia_Gran,,2,0,2,2,0,2,0,0,0,0,4
25048,ampagomezmoreno,,2,0,2,2,0,2,0,0,0,0,4
25049,agrajer,,3,0,3,3,0,3,0,0,0,0,6
25050,MercaoSocialGr,,3,0,3,3,0,3,0,0,0,0,4
25052,EnamoraGranada,,3,0,3,3,0,3,0,0,0,0,0
25053,AspaymGranada,,5,0,5,5,0,5,0,0,0,0,0
25054,CaritasGranada,,3,0,3,3,0,3,0,0,0,0,4
25057,FundDiversos,,3,0,3,3,0,3,0,0,0,0,0
25058,IgualdadUpo,,2,0,2,2,0,2,0,0,0,0,4
25059,akatsukigranada,,4,0,4,4,0,4,0,0,0,0,0
25060,sonarysanar,,4,0,4,4,0,4,0,0,0,0,6
25061,EimAsunLinar,,4,0,4,4,0,4,0,0,0,0,4
25063,RebeldeMule,,4,0,4,4,0,4,0,0,0,0,0
25065,UCARGranada,,2,0,2,2,0,2,0,0,0,0,0
25073,mentorgranada,,3,0,3,3,0,3,0,0,0,0,4
25075,GenilSSociales,,3,0,3,3,0,3,0,0,0,0,4
25078,empleaGranada,,3,0,3,3,0,3,0,0,0,0,6
25079,Granada_Visible,,2,0,2,2,0,2,0,0,0,0,6
25080,AISG_UGR,,2,0,2,2,0,2,0,0,0,0,4
25083,dxtadaptado,,2,0,2,2,0,2,0,0,0,0,0
25084,lacolectivasoc,,2,0,2,2,0,2,0,0,0,0,4
25086,asoc_teama,,2,0,2,2,0,2,0,0,0,0,4
25093,nrdgranada,,3,0,3,3,0,3,0,0,0,0,0
25094,defensorgranada,,3,0,3,3,0,3,0,0,0,0,4
25095,IESLaPazGranada,,2,0,2,2,0,2,0,0,0,0,0
25098,ManuHeredia21,,3,0,3,3,0,3,0,0,0,0,5
25123,sparker,,3,0,3,3,0,3,0,0,0,0,2
25124,mikeyk,,2,0,2,2,0,2,0,0,0,0,3
25127,antaivb,,2,0,2,2,0,2,0,0,0,0,4
25131,ongd_ONAY,,2,0,2,2,0,2,0,0,0,0,4
25132,Intelectium,,3,0,3,3,0,3,0,0,0,0,4
25133,Cerodosbe,,2,0,2,2,0,2,0,0,0,0,0
25134,DidacLee,,2,0,2,2,0,2,0,0,0,0,0
25135,Davos,,3,0,3,3,0,3,0,0,0,0,2
25139,ApuntoDisparo,,3,0,3,3,0,3,0,0,0,0,6
25140,neiltyson,,3,0,3,3,0,3,0,0,0,0,8
25141,tim_cook,,3,0,3,3,0,3,0,0,0,0,8
25142,richardbranson,,5,0,5,5,0,5,0,0,0,0,2
25144,jesusmargon,,2,0,2,2,0,2,0,0,0,0,4
25145,lalalalia,,2,0,2,2,0,2,0,0,0,0,6
25146,contrariansmind,,2,0,2,2,0,2,0,0,0,0,4
25155,davidrisu,,2,0,2,2,0,2,0,0,0,0,4
25159,tamara_vazquez,,2,0,2,2,0,2,0,0,0,0,4
25160,Bernardamus,,2,0,2,2,0,2,0,0,0,0,2
25162,FundMontblanc,,2,0,2,2,0,2,0,0,0,0,4
25163,nachosomalo,,2,0,2,2,0,2,0,0,0,0,4
25165,davidtomas,,2,0,2,2,0,2,0,0,0,0,4
25168,micho,,2,0,2,2,0,2,0,0,0,0,4
25169,agustincnc,,2,0,2,2,0,2,0,0,0,0,4
25172,sbalcells,,2,0,2,2,0,2,0,0,0,0,4
25173,furilo,,2,0,2,2,0,2,0,0,0,0,4
25174,salsadechiles,,3,0,3,3,0,3,0,0,0,0,0
25177,vicentearias,,2,0,2,2,0,2,0,0,0,0,4
25181,jorgediaz,,2,0,2,2,0,2,0,0,0,0,4
25182,nuno_solo,,2,0,2,2,0,2,0,0,0,0,4
25187,JC2go,,2,0,2,2,0,2,0,0,0,0,1
25189,AmaliaBlanco2,,2,0,2,2,0,2,0,0,0,0,4
25190,carlosdeotto,,2,0,2,2,0,2,0,0,0,0,4
25199,iniziar,,3,0,3,3,0,3,0,0,0,0,4
25209,Krloosrivera,,2,0,2,2,0,2,0,0,0,0,5
25214,ajgomezesteban,,2,0,2,2,0,2,0,0,0,0,4
25219,albertabello,,2,0,2,2,0,2,0,0,0,0,4
25223,tonipj,,2,0,2,2,0,2,0,0,0,0,4
25230,JuanAntSanz,,2,0,2,2,0,2,0,0,0,0,0
25232,JuanmaNieto,,2,0,2,2,0,2,0,0,0,0,4
25241,BIGBANInversion,,2,0,2,2,0,2,0,0,0,0,0
25242,AurelioGdS,,2,0,2,2,0,2,0,0,0,0,4
25250,kikisocialapp,,2,0,2,2,0,2,0,0,0,0,0
25255,badi,,2,0,2,2,0,2,0,0,0,0,4
25262,AlbertLlor,,2,0,2,2,0,2,0,0,0,0,6
25273,Glovo_ES,,2,0,2,2,0,2,0,0,0,0,4
25313,jlori,,3,0,3,3,0,3,0,0,0,0,4
25327,jnthngss,,2,0,2,2,0,2,0,0,0,0,4
25330,SanFranciscoVC,,2,0,2,2,0,2,0,0,0,0,8
25333,cammipham,,3,0,3,3,0,3,0,0,0,0,1
25345,rafaelmcortina,,3,0,3,3,0,3,0,0,0,0,4
25346,Mannygarrido,,2,0,2,2,0,2,0,0,0,0,0
25349,AndresGalisteoG,,2,0,2,2,0,2,0,0,0,0,4
25353,zaryn,,2,0,2,2,0,2,0,0,0,0,0
25354,dpcolomar,,2,0,2,2,0,2,0,0,0,0,4
25355,marcvidal,,2,0,2,2,0,2,0,0,0,0,4
25356,carlosbarrabes,,3,0,3,3,0,3,0,0,0,0,0
25361,cristobalfdez,,2,0,2,2,0,2,0,0,0,0,4
25365,lucasmontojo,,2,0,2,2,0,2,0,0,0,0,4
25369,carlosblanco,,3,0,3,3,0,3,0,0,0,0,4
25378,tamarnovas,,2,0,2,2,0,2,0,0,0,0,6
25389,Startupxplore,,3,0,3,3,0,3,0,0,0,0,7
25405,ulabox,,2,0,2,2,0,2,0,0,0,0,4
25406,diegojimenez,,2,0,2,2,0,2,0,0,0,0,6
25411,finect,,3,0,3,3,0,3,0,0,0,0,6
25412,javier_andres,,2,0,2,2,0,2,0,0,0,0,4
25414,diegoteca,,2,0,2,2,0,2,0,0,0,0,4
25416,eduardomanchon,,2,0,2,2,0,2,0,0,0,0,2
25417,martinvars,,2,0,2,2,0,2,0,0,0,0,4
25422,IanNoel,,2,0,2,2,0,2,0,0,0,0,4
25423,Ramon10,,2,0,2,2,0,2,0,0,0,0,4
25425,tomassantoro,,3,0,3,3,0,3,0,0,0,0,4
25426,CristoRuiz,,2,0,2,2,0,2,0,0,0,0,6
25428,GoogleStartupES,,3,0,3,3,0,3,0,0,0,0,4
25430,novobrief,,2,0,2,2,0,2,0,0,0,0,4
25432,PlugandPlayES,,2,0,2,2,0,2,0,0,0,0,5
25433,angels_capital,,2,0,2,2,0,2,0,0,0,0,4
25435,Kfundvc,,2,0,2,2,0,2,0,0,0,0,4
25436,Aquilino,,3,0,3,3,0,3,0,0,0,0,6
25438,lanzaderaes,,3,0,3,3,0,3,0,0,0,0,4
25442,PatriciaPastorG,,2,0,2,2,0,2,0,0,0,0,5
25443,david_bonilla,,2,0,2,2,0,2,0,0,0,0,4
25445,diegomarino,,2,0,2,2,0,2,0,0,0,0,4
25446,enisa,,2,0,2,2,0,2,0,0,0,0,4
25447,fodor,,2,0,2,2,0,2,0,0,0,0,4
25451,alejandrito,,2,0,2,2,0,2,0,0,0,0,4
25454,luisriverag,,3,0,3,3,0,3,0,0,0,0,1
25455,JoseCabiedes,,2,0,2,2,0,2,0,0,0,0,4
25456,rafaelgarrido,,2,0,2,2,0,2,0,0,0,0,4
25457,arrola,,3,0,3,3,0,3,0,0,0,0,4
25458,fanjulmaria,,2,0,2,2,0,2,0,0,0,0,4
25459,jmalvpal,,2,0,2,2,0,2,0,0,0,0,4
25460,edans,,3,0,3,3,0,3,0,0,0,0,4
25461,YagoArbeloa,,2,0,2,2,0,2,0,0,0,0,0
25462,marinazal,,2,0,2,2,0,2,0,0,0,0,4
25463,NachodePinedo,,2,0,2,2,0,2,0,0,0,0,4
25467,rufodelarosa,,3,0,3,3,0,3,0,0,0,0,2
25468,xavierverdaguer,,2,0,2,2,0,2,0,0,0,0,0
25470,torremochaj,,3,0,3,3,0,3,0,0,0,0,4
25473,ctrenchs,,2,0,2,2,0,2,0,0,0,0,0
25474,mike_arias,,2,0,2,2,0,2,0,0,0,0,4
25475,RubenColomer,,3,0,3,3,0,3,0,0,0,0,4
25476,fesja,,2,0,2,2,0,2,0,0,0,0,8
25478,BStartup,,3,0,3,3,0,3,0,0,0,0,4
25479,Jorge_Dobon,,2,0,2,2,0,2,0,0,0,0,5
25481,serrahim,,2,0,2,2,0,2,0,0,0,0,4
25482,txarly,,3,0,3,3,0,3,0,0,0,0,4
25483,aldamiz,,2,0,2,2,0,2,0,0,0,0,4
25486,supertowers,,2,0,2,2,0,2,0,0,0,0,4
25487,jemonleon,,2,0,2,2,0,2,0,0,0,0,4
25491,nono_ruiz,,2,0,2,2,0,2,0,0,0,0,4
25492,DavidPombar,,2,0,2,2,0,2,0,0,0,0,4
25498,rauljimenez,,2,0,2,2,0,2,0,0,0,0,6
25499,carrero,,2,0,2,2,0,2,0,0,0,0,0
25500,jordiber,,2,0,2,2,0,2,0,0,0,0,4
25501,Pgelis,,3,0,3,3,0,3,0,0,0,0,4
25504,samuelgil,,2,0,2,2,0,2,0,0,0,0,5
25505,pepgomez,,2,0,2,2,0,2,0,0,0,0,4
25506,inakib,,2,0,2,2,0,2,0,0,0,0,0
25507,amoribieta,,2,0,2,2,0,2,0,0,0,0,4
25508,gerardolive_,,2,0,2,2,0,2,0,0,0,0,4
25509,CarlotaPiAmoros,,2,0,2,2,0,2,0,0,0,0,2
25510,yolandapss,,3,0,3,3,0,3,0,0,0,0,4
25512,martinmignot,,2,0,2,2,0,2,0,0,0,0,2
25513,south_summit,,2,0,2,2,0,2,0,0,0,0,4
25514,ChristopherPomm,,2,0,2,2,0,2,0,0,0,0,4
25515,julianvinue,,2,0,2,2,0,2,0,0,0,0,2
25516,eugemallol,,3,0,3,3,0,3,0,0,0,0,4
25519,sofiabenjumea,,3,0,3,3,0,3,0,0,0,0,4
25520,juantegui,,2,0,2,2,0,2,0,0,0,0,8
25524,javisantana,,2,0,2,2,0,2,0,0,0,0,8
25525,carinaszpilka,,4,0,4,4,0,4,0,0,0,0,2
25532,MarkVillacampa,,2,0,2,2,0,2,0,0,0,0,4
25539,vincentjj,,2,0,2,2,0,2,0,0,0,0,4
25540,Joifer,,2,0,2,2,0,2,0,0,0,0,4
25542,axelserena,,2,0,2,2,0,2,0,0,0,0,0
25545,jaumegoma,,2,0,2,2,0,2,0,0,0,0,4
25547,davidbaratech,,2,0,2,2,0,2,0,0,0,0,4
25548,Currofile,,2,0,2,2,0,2,0,0,0,0,4
25550,nicobour,,2,0,2,2,0,2,0,0,0,0,4
25555,jjmata,,2,0,2,2,0,2,0,0,0,0,4
25558,molpe,,2,0,2,2,0,2,0,0,0,0,4
25563,n26,,2,0,2,2,0,2,0,0,0,0,1
25573,RevolutApp,,3,0,3,3,0,3,0,0,0,0,6
25578,barcelonactiva,,3,0,3,3,0,3,0,0,0,0,4
25579,Uber_ES,,2,0,2,2,0,2,0,0,0,0,4
25581,javilop,,2,0,2,2,0,2,0,0,0,0,1
25582,varisb,,2,0,2,2,0,2,0,0,0,0,4
25586,machbel,,3,0,3,3,0,3,0,0,0,0,4
25590,rjlapetra,,2,0,2,2,0,2,0,0,0,0,4
25591,LuisVMunoz,,2,0,2,2,0,2,0,0,0,0,6
25595,stereochromo,,2,0,2,2,0,2,0,0,0,0,4
25597,licuende,,2,0,2,2,0,2,0,0,0,0,4
25600,adrianafreitas,,2,0,2,2,0,2,0,0,0,0,2
25602,davidjmaireles,,2,0,2,2,0,2,0,0,0,0,0
25614,NewsReputation,,3,0,3,3,0,3,0,0,0,0,4
25620,pedromoneo,,2,0,2,2,0,2,0,0,0,0,4
25623,claramontesinos,,2,0,2,2,0,2,0,0,0,0,4
25626,iesemba,,3,0,3,3,0,3,0,0,0,0,4
25640,bernardooo,,2,0,2,2,0,2,0,0,0,0,4
25646,alejandrococam,,2,0,2,2,0,2,0,0,0,0,2
25659,CarlosStarter,,2,0,2,2,0,2,0,0,0,0,3
25665,basiclines,,2,0,2,2,0,2,0,0,0,0,4
25666,DomenechRuiz,,2,0,2,2,0,2,0,0,0,0,2
25668,jmegias,,2,0,2,2,0,2,0,0,0,0,0
25669,AlvarezJoan,,2,0,2,2,0,2,0,0,0,0,4
25671,jberlana,,2,0,2,2,0,2,0,0,0,0,2
25672,Miguelmilian_es,,2,0,2,2,0,2,0,0,0,0,4
25673,Die_Moya,,2,0,2,2,0,2,0,0,0,0,5
25677,felipenavio,,2,0,2,2,0,2,0,0,0,0,3
25678,paula_cayuela,,2,0,2,2,0,2,0,0,0,0,4
25679,JoseTorrego,,2,0,2,2,0,2,0,0,0,0,4
25685,Richard_Gracia,,2,0,2,2,0,2,0,0,0,0,0
25687,ibanborras,,2,0,2,2,0,2,0,0,0,0,4
25692,carlosdomingo,,2,0,2,2,0,2,0,0,0,0,8
25698,PauSendra,,2,0,2,2,0,2,0,0,0,0,4
25706,guerrerocg,,3,0,3,3,0,3,0,0,0,0,1
25707,Anelka,,2,0,2,2,0,2,0,0,0,0,7
25708,fever_es,,3,0,3,3,0,3,0,0,0,0,0
25712,iTeijon,,2,0,2,2,0,2,0,0,0,0,0
25713,sitkacapital,,2,0,2,2,0,2,0,0,0,0,4
25715,ElReferente,,3,0,3,3,0,3,0,0,0,0,4
25717,nachog,,3,0,3,3,0,3,0,0,0,0,4
25718,aasuero,,2,0,2,2,0,2,0,0,0,0,0
25719,jaime_rdes,,2,0,2,2,0,2,0,0,0,0,4
25721,cangurorico,,2,0,2,2,0,2,0,0,0,0,4
25723,Pepenades,,2,0,2,2,0,2,0,0,0,0,2
25725,adavideo,,2,0,2,2,0,2,0,0,0,0,1
25727,jgbraschi,,2,0,2,2,0,2,0,0,0,0,4
25731,aleixvalls,,2,0,2,2,0,2,0,0,0,0,2
25735,StartupGrindBCN,,2,0,2,2,0,2,0,0,0,0,4
25736,JMGarilleti,,2,0,2,2,0,2,0,0,0,0,4
25737,Thomasbcn,,2,0,2,2,0,2,0,0,0,0,4
25738,abarrera,,3,0,3,3,0,3,0,0,0,0,1
25750,jimenezmarcoj,,2,0,2,2,0,2,0,0,0,0,4
25751,enekoknorr,,3,0,3,3,0,3,0,0,0,0,0
25757,MariaEchavToda,,2,0,2,2,0,2,0,0,0,0,4
25759,loogic,,3,0,3,3,0,3,0,0,0,0,4
25771,swissfer,,2,0,2,2,0,2,0,0,0,0,4
25772,rafamsoriano,,2,0,2,2,0,2,0,0,0,0,4
25773,htorras,,2,0,2,2,0,2,0,0,0,0,4
25779,jlhortelano,,2,0,2,2,0,2,0,0,0,0,4
25781,polgoide,,2,0,2,2,0,2,0,0,0,0,4
25783,InnoBAN,,2,0,2,2,0,2,0,0,0,0,4
25790,robertogquiros,,3,0,3,3,0,3,0,0,0,0,4
25795,FINTONIC,,3,0,3,3,0,3,0,0,0,0,0
25804,javiersmpr,,2,0,2,2,0,2,0,0,0,0,4
25818,samaipatavc,,2,0,2,2,0,2,0,0,0,0,8
25820,mauprieto,,2,0,2,2,0,2,0,0,0,0,4
25834,lexrodba,,3,0,3,3,0,3,0,0,0,0,1
25836,jeguemac,,2,0,2,2,0,2,0,0,0,0,4
25839,Pablo_BlascoB,,2,0,2,2,0,2,0,0,0,0,4
25840,cebrianmonereo,,2,0,2,2,0,2,0,0,0,0,4
25841,jlantunez,,3,0,3,3,0,3,0,0,0,0,0
25850,drobles,,2,0,2,2,0,2,0,0,0,0,4
25858,Thomas_Ohr,,2,0,2,2,0,2,0,0,0,0,4
25863,LuisMiguelBelda,,3,0,3,3,0,3,0,0,0,0,4
25880,nachogil,,2,0,2,2,0,2,0,0,0,0,0
25881,javiercanada,,2,0,2,2,0,2,0,0,0,0,0
25883,durbon,,2,0,2,2,0,2,0,0,0,0,4
25884,esadeEEI,,2,0,2,2,0,2,0,0,0,0,4
25887,spanishfintech,,2,0,2,2,0,2,0,0,0,0,0
25889,iamposti,,2,0,2,2,0,2,0,0,0,0,2
25890,ricardopabon,,2,0,2,2,0,2,0,0,0,0,0
25893,veiga89,,2,0,2,2,0,2,0,0,0,0,4
25894,carlossaez,,2,0,2,2,0,2,0,0,0,0,3
25895,ShirazMah,,2,0,2,2,0,2,0,0,0,0,8
25903,aserrano1001,,3,0,3,3,0,3,0,0,0,0,4
25918,anillahg,,2,0,2,2,0,2,0,0,0,0,4
25922,alvarogcabiedes,,2,0,2,2,0,2,0,0,0,0,6
25923,STARTUPLISBOA,,3,0,3,3,0,3,0,0,0,0,3
25937,rgarciadelacruz,,2,0,2,2,0,2,0,0,0,0,8
25938,Drita,,3,0,3,3,0,3,0,0,0,0,4
25943,petezin,,3,0,3,3,0,3,0,0,0,0,0
25948,antoniocozar,,2,0,2,2,0,2,0,0,0,0,4
25950,juanmarketing,,2,0,2,2,0,2,0,0,0,0,2
25952,rociorllopis,,3,0,3,3,0,3,0,0,0,0,0
25954,pablo_ventura,,2,0,2,2,0,2,0,0,0,0,8
25956,Fernando_Rivero,,2,0,2,2,0,2,0,0,0,0,4
25971,jorge_valhondo,,2,0,2,2,0,2,0,0,0,0,8
25977,jaimenovoa,,2,0,2,2,0,2,0,0,0,0,8
25995,PittyBernad,,2,0,2,2,0,2,0,0,0,0,4
26009,javierccastillo,,2,0,2,2,0,2,0,0,0,0,4
26014,Guudjob,,3,0,3,3,0,3,0,0,0,0,4
26021,Romerochicharro,,2,0,2,2,0,2,0,0,0,0,4
26026,yourbnext,,3,0,3,3,0,3,0,0,0,0,6
26027,dav_macias,,2,0,2,2,0,2,0,0,0,0,4
26029,StartUC3M,,3,0,3,3,0,3,0,0,0,0,4
26037,chocotuits,,3,0,3,3,0,3,0,0,0,0,0
26045,SpainFintech,,2,0,2,2,0,2,0,0,0,0,4
26052,TechCrunch,,5,0,5,5,0,5,0,0,0,0,3
26053,BBVAInnovation,,3,0,3,3,0,3,0,0,0,0,4
26057,viguerapablo,,2,0,2,2,0,2,0,0,0,0,2
26058,Finovate,,2,0,2,2,0,2,0,0,0,0,1
26063,elpais_retina,,3,0,3,3,0,3,0,0,0,0,0
26065,techinsider,,2,0,2,2,0,2,0,0,0,0,8
26066,BBVAResearch,,2,0,2,2,0,2,0,0,0,0,8
26067,EconomiaED_,,2,0,2,2,0,2,0,0,0,0,0
26068,bcntechcity,,2,0,2,2,0,2,0,0,0,0,4
26069,ticbeat,,3,0,3,3,0,3,0,0,0,0,4
26070,BIEspana,,2,0,2,2,0,2,0,0,0,0,3
26078,JuanGeKal,,2,0,2,2,0,2,0,0,0,0,0
26081,jeffweiner,,3,0,3,3,0,3,0,0,0,0,4
26082,jack,,3,0,3,3,0,3,0,0,0,0,0
26093,BernieHernie,,2,0,2,2,0,2,0,0,0,0,8
26099,joshelman,,2,0,2,2,0,2,0,0,0,0,1
26102,marissamayer,,3,0,3,3,0,3,0,0,0,0,3
26105,reidhoffman,,2,0,2,2,0,2,0,0,0,0,3
26106,mlevchin,,2,0,2,2,0,2,0,0,0,0,4
26107,rabois,,2,0,2,2,0,2,0,0,0,0,2
26111,DFJvc,,2,0,2,2,0,2,0,0,0,0,1
26112,sequoia,,3,0,3,3,0,3,0,0,0,0,4
26122,Bitcoin,,3,0,3,3,0,3,0,0,0,0,2
26123,datoscovidGRX,,2,0,2,2,0,2,0,0,0,0,6
26125,FIBAO,,3,0,3,3,0,3,0,0,0,0,6
26126,AnimaIshits,,2,0,2,2,0,2,0,0,0,0,6
26131,Nintenderos,,4,0,4,4,0,4,0,0,0,0,6
26132,spoksponha,,2,0,2,2,0,2,0,0,0,0,6
26134,AlertaNews24,,3,0,3,3,0,3,0,0,0,0,6
26138,Srta_CeeMe,,3,0,3,3,0,3,0,0,0,0,6
26141,GranadaBus,,4,0,4,4,0,4,0,0,0,0,6
26143,Palasrrisas,,2,0,2,2,0,2,0,0,0,0,6
26144,Aquel_Coche,,2,0,2,2,0,2,0,0,0,0,6
26146,nadahuwyler,,2,0,2,2,0,2,0,0,0,0,6
26149,exfrancesina,,2,0,2,2,0,2,0,0,0,0,6
26150,EsosGatosLocos,,2,0,2,2,0,2,0,0,0,0,6
26151,xavi_torres,,3,0,3,3,0,3,0,0,0,0,6
26155,Peterquepeter,,2,0,2,2,0,2,0,0,0,0,6
26156,CineJavi,,2,0,2,2,0,2,0,0,0,0,6
26157,PartidoPACMA,,3,0,3,3,0,3,0,0,0,0,5
26159,PsychdelicPics,,2,0,2,2,0,2,0,0,0,0,8
26165,Andriu_JM,,2,0,2,2,0,2,0,0,0,0,6
26166,bbovilchez,,3,0,3,3,0,3,0,0,0,0,6
26167,martinballesta,,3,0,3,3,0,3,0,0,0,0,0
26168,jorge7torafe,,2,0,2,2,0,2,0,0,0,0,6
26169,OHMgeniero,,2,0,2,2,0,2,0,0,0,0,6
26170,ElKilerDeM,,2,0,2,2,0,2,0,0,0,0,6
26172,TodoLosSimpson,,3,0,3,3,0,3,0,0,0,0,5
26175,urisabat,,3,0,3,3,0,3,0,0,0,0,6
26176,Cabronazi,,3,0,3,3,0,3,0,0,0,0,5
26179,_MedievalReacts,,2,0,2,2,0,2,0,0,0,0,6
26181,martiniagitado,,2,0,2,2,0,2,0,0,0,0,6
26187,rrppgnd,,2,0,2,2,0,2,0,0,0,0,0
26188,Gemagc96,,3,0,3,3,0,3,0,0,0,0,6
26190,Dario_rrz,,2,0,2,2,0,2,0,0,0,0,6
26192,santi_vva,,2,0,2,2,0,2,0,0,0,0,6
26193,Javi_MEGS,,2,0,2,2,0,2,0,0,0,0,6
26194,MabelMbt,,2,0,2,2,0,2,0,0,0,0,6
26198,mariia_vera,,2,0,2,2,0,2,0,0,0,0,6
26199,JotAsecas,,2,0,2,2,0,2,0,0,0,0,6
26205,andreitoFRP,,2,0,2,2,0,2,0,0,0,0,6
26206,FailsEnFotos,,3,0,3,3,0,3,0,0,0,0,5
26207,RAP_enFrases,,3,0,3,3,0,3,0,0,0,0,6
26208,ManueLozanoVid,,2,0,2,2,0,2,0,0,0,0,6
26209,HeisenbergSir,,2,0,2,2,0,2,0,0,0,0,6
26210,MejorHoroscopo,,3,0,3,3,0,3,0,0,0,0,4
26211,AnimalPlanetPic,,3,0,3,3,0,3,0,0,0,0,0
26213,JlitherlandR,,2,0,2,2,0,2,0,0,0,0,6
26216,Videos__Vine,,3,0,3,3,0,3,0,0,0,0,6
26219,BuscaMaria,,3,0,3,3,0,3,0,0,0,0,6
26221,SoniaSalguer0,,2,0,2,2,0,2,0,0,0,0,0
26223,Cuerpo_En_Forma,,3,0,3,3,0,3,0,0,0,0,5
26225,SuperBonitos,,2,0,2,2,0,2,0,0,0,0,6
26228,BobMarleyTuits,,3,0,3,3,0,3,0,0,0,0,6
26231,_Yorozuya_3,,2,0,2,2,0,2,0,0,0,0,6
26233,jesus_tuitero,,2,0,2,2,0,2,0,0,0,0,2
26235,FotosTiosBuenos,,2,0,2,2,0,2,0,0,0,0,2
26239,martinmaria96,,2,0,2,2,0,2,0,0,0,0,6
26241,sogni_infiniti,,2,0,2,2,0,2,0,0,0,0,6
26242,TopMejoresTwits,,2,0,2,2,0,2,0,0,0,0,6
26243,_Alex_CM,,2,0,2,2,0,2,0,0,0,0,6
26246,ataca2,,4,0,4,4,0,4,0,0,0,0,5
26268,Sr_colby,,2,0,2,2,0,2,0,0,0,0,6
26272,Sexo_Datos,,3,0,3,3,0,3,0,0,0,0,1
26277,RubensCR91,,3,0,3,3,0,3,0,0,0,0,6
26280,sussooss,,2,0,2,2,0,2,0,0,0,0,6
26281,ChrystianGrey,,2,0,2,2,0,2,0,0,0,0,6
26282,vixcortes,,3,0,3,3,0,3,0,0,0,0,6
26283,DanielaBlume,,4,0,4,4,0,4,0,0,0,0,0
26284,TuitUtil,,2,0,2,2,0,2,0,0,0,0,6
26286,Venus_show,,3,0,3,3,0,3,0,0,0,0,0
26287,Monica96__,,2,0,2,2,0,2,0,0,0,0,6
26289,SrDeadPoolTM,,2,0,2,2,0,2,0,0,0,0,6
26293,PilarTorres98,,2,0,2,2,0,2,0,0,0,0,6
26297,agarcia_franco,,2,0,2,2,0,2,0,0,0,0,6
26299,sergiotm_96,,2,0,2,2,0,2,0,0,0,0,6
26300,AnaCrosm,,2,0,2,2,0,2,0,0,0,0,6
26301,lidiamrtnzz,,2,0,2,2,0,2,0,0,0,0,6
26303,Claudiia_LV,,2,0,2,2,0,2,0,0,0,0,6
26305,Laalisd,,2,0,2,2,0,2,0,0,0,0,6
26307,MariaCastle_,,2,0,2,2,0,2,0,0,0,0,6
26312,anamaaart_,,2,0,2,2,0,2,0,0,0,0,6
26314,juliamartin9767,,2,0,2,2,0,2,0,0,0,0,6
26317,CurroGuti,,2,0,2,2,0,2,0,0,0,0,6
26318,luciase01,,2,0,2,2,0,2,0,0,0,0,6
26321,CarmenLinares73,,2,0,2,2,0,2,0,0,0,0,6
26322,mbarbieri16,,2,0,2,2,0,2,0,0,0,0,6
26323,Fatima96_20,,2,0,2,2,0,2,0,0,0,0,6
26325,esnpau,,7,0,7,7,0,7,0,0,0,0,1
26326,ErasmusLiving,,3,0,3,3,0,3,0,0,0,0,3
26327,esnsassari,,4,0,4,4,0,4,0,0,0,0,1
26328,ESN_Euregio,,2,0,2,2,0,2,0,0,0,0,3
26329,ESNZadar,,3,0,3,3,0,3,0,0,0,0,1
26330,ErasmusLisboa15,,2,0,2,2,0,2,0,0,0,0,3
26331,Hostelling,,3,0,3,3,0,3,0,0,0,0,3
26332,ESN_Cagliari,,3,0,3,3,0,3,0,0,0,0,3
26333,Ryanair_IT,,3,0,3,3,0,3,0,0,0,0,3
26334,easyJet,,4,0,4,4,0,4,0,0,0,0,3
26335,Ryanair,,3,0,3,3,0,3,0,0,0,0,3
26336,CivicBlockchain,,7,0,7,7,0,7,0,0,0,0,1
26337,salentowebtv,,2,0,2,2,0,2,0,0,0,0,3
26338,unisalento,,2,0,2,2,0,2,0,0,0,0,3
26343,SpiaggeSalento,,2,0,2,2,0,2,0,0,0,0,3
26347,opendatalecce,,2,0,2,2,0,2,0,0,0,0,3
26350,ComunediLecce,,2,0,2,2,0,2,0,0,0,0,3
26351,studentinncom,,3,0,3,3,0,3,0,0,0,0,3
26352,Gioventupuntorg,,3,0,3,3,0,3,0,0,0,0,3
26353,EuropeDirectSal,,4,0,4,4,0,4,0,0,0,0,3
26354,EuropeDirectPug,,4,0,4,4,0,4,0,0,0,0,3
26355,ItaliaOltre,,2,0,2,2,0,2,0,0,0,0,3
26356,ESNReggioCal,,3,0,3,3,0,3,0,0,0,0,3
26357,rougevale23,,3,0,3,3,0,3,0,0,0,0,1
26358,sui_bas,,3,0,3,3,0,3,0,0,0,0,3
26359,IG8plus,,3,0,3,3,0,3,0,0,0,0,3
26360,europelangjobs,,3,0,3,3,0,3,0,0,0,0,1
26361,EURewind,,2,0,2,2,0,2,0,0,0,0,3
26362,UniversityBox,,2,0,2,2,0,2,0,0,0,0,3
26363,EUROPEDIRECTTP,,4,0,4,4,0,4,0,0,0,0,3
26364,inErasmus,,3,0,3,3,0,3,0,0,0,0,3
26365,emireland,,3,0,3,3,0,3,0,0,0,0,3
26366,IndireSocial,,3,0,3,3,0,3,0,0,0,0,3
26367,INNOVUPnet,,3,0,3,3,0,3,0,0,0,0,3
26368,HousingAnywhere,,3,0,3,3,0,3,0,0,0,0,3
26369,erasmusbox,,2,0,2,2,0,2,0,0,0,0,3
26370,MovEuropeo_IT,,3,0,3,3,0,3,0,0,0,0,3
26371,europarl_video,,3,0,3,3,0,3,0,0,0,0,3
26372,YFED_2019,,2,0,2,2,0,2,0,0,0,0,3
26373,evstraining,,2,0,2,2,0,2,0,0,0,0,3
26374,Europeisnotdead,,2,0,2,2,0,2,0,0,0,0,3
26375,FlixBus_IT,,2,0,2,2,0,2,0,0,0,0,3
26376,Festivaldeuropa,,3,0,3,3,0,3,0,0,0,0,3
26377,campuspartyIT,,3,0,3,3,0,3,0,0,0,0,3
26378,BeaLorenzin,,4,0,4,4,0,4,0,0,0,0,3
26381,graziano_delrio,,3,0,3,3,0,3,0,0,0,0,3
26382,robertapinotti,,3,0,3,3,0,3,0,0,0,0,3
26387,SoniaSeijas,,2,0,2,2,0,2,0,0,0,0,7
26388,usalab,,3,0,3,3,0,3,0,0,0,0,6
26392,Borderline_Gr,,2,0,2,2,0,2,0,0,0,0,0
26395,CAE_UA,,3,0,3,3,0,3,0,0,0,0,0
26396,Autismoandaluci,,2,0,2,2,0,2,0,0,0,0,0
26397,DownAndalucia,,2,0,2,2,0,2,0,0,0,0,0
26398,COCEMFE_,,3,0,3,3,0,3,0,0,0,0,0
26399,ConfeAspace,,3,0,3,3,0,3,0,0,0,0,0
26400,Autismo_Espana,,2,0,2,2,0,2,0,0,0,0,0
26401,DownEspana,,2,0,2,2,0,2,0,0,0,0,0
26404,somos_pacientes,,3,0,3,3,0,3,0,0,0,0,0
26406,CERMIAndalucia,,3,0,3,3,0,3,0,0,0,0,0
26408,FeafesAndalucia,,3,0,3,3,0,3,0,0,0,0,0
26409,consaludmental,,2,0,2,2,0,2,0,0,0,0,4
26410,espaciodcaracol,,3,0,3,3,0,3,0,0,0,0,0
26413,somosatades,,2,0,2,2,0,2,0,0,0,0,0
26414,FundacionDFA,,2,0,2,2,0,2,0,0,0,0,0
26417,discapacidadcom,,2,0,2,2,0,2,0,0,0,0,0
26418,capacesnews,,3,0,3,3,0,3,0,0,0,0,0
26419,SID_inico,,2,0,2,2,0,2,0,0,0,0,0
26420,NoInvisibles,,2,0,2,2,0,2,0,0,0,0,0
26422,ASPAYMAndalucia,,3,0,3,3,0,3,0,0,0,0,0
26423,portalento_,,3,0,3,3,0,3,0,0,0,0,0
26425,PSordasAND,,3,0,3,3,0,3,0,0,0,0,0
26426,AGRAFIM,,3,0,3,3,0,3,0,0,0,0,0
26427,TDAH_ANDALUCIA,,2,0,2,2,0,2,0,0,0,0,4
26431,escocampus,,3,0,3,3,0,3,0,0,0,0,0
26432,FundacionBeQual,,3,0,3,3,0,3,0,0,0,0,0
26436,VisualesGranada,,2,0,2,2,0,2,0,0,0,0,0
26439,CEDD_dis,,3,0,3,3,0,3,0,0,0,0,0
26440,CERMI_Na,,2,0,2,2,0,2,0,0,0,0,0
26442,Crediscapacidad,,2,0,2,2,0,2,0,0,0,0,0
26443,RPDiscapacidad,,3,0,3,3,0,3,0,0,0,0,0
26445,fundacionbertin,,2,0,2,2,0,2,0,0,0,0,0
26446,CERMIAragon,,2,0,2,2,0,2,0,0,0,0,0
26448,feaadah,,2,0,2,2,0,2,0,0,0,0,4
26450,Paralimpicos,,3,0,3,3,0,3,0,0,0,0,0
26451,fund_adecco,,3,0,3,3,0,3,0,0,0,0,0
26453,uimpsevilla,,3,0,3,3,0,3,0,0,0,0,0
26454,FAMMA_Co_Madrid,,3,0,3,3,0,3,0,0,0,0,0
26455,aspaym_madrid,,2,0,2,2,0,2,0,0,0,0,0
26456,UGRdiscapacidad,,2,0,2,2,0,2,0,0,0,0,0
26457,GRinclusiva,,2,0,2,2,0,2,0,0,0,0,0
26462,ASOCYL,,2,0,2,2,0,2,0,0,0,0,0
26463,fundacionorange,,2,0,2,2,0,2,0,0,0,0,0
26464,AutismoDiario,,3,0,3,3,0,3,0,0,0,0,0
26466,AutismoMadrid,,2,0,2,2,0,2,0,0,0,0,0
26468,AsociacionASPAU,,3,0,3,3,0,3,0,0,0,0,0
26470,APNABI,,2,0,2,2,0,2,0,0,0,0,0
26471,Alfredodeaf,,3,0,3,3,0,3,0,0,0,0,0
26473,HandiSports,,2,0,2,2,0,2,0,0,0,0,6
26474,bancotiemplibre,,2,0,2,2,0,2,0,0,0,0,0
26475,RedUninnova,,2,0,2,2,0,2,0,0,0,0,0
26477,bolanosdecano,,3,0,3,3,0,3,0,0,0,0,0
26478,esterete,,2,0,2,2,0,2,0,0,0,0,0
26479,luiscayoperez,,2,0,2,2,0,2,0,0,0,0,0
26480,imartinezlozano,,2,0,2,2,0,2,0,0,0,0,0
26481,asociacionADV,,2,0,2,2,0,2,0,0,0,0,0
26482,GRANADOWN,,3,0,3,3,0,3,0,0,0,0,0
26535,utbm_fr,,3,0,3,3,0,3,0,0,0,0,1
26538,WelcomeUTBM,,2,0,2,2,0,2,0,0,0,0,8
26555,Benlegrand51,,3,0,3,3,0,3,0,0,0,0,8
26560,UTTroyes,,2,0,2,2,0,2,0,0,0,0,8
26572,Anne_SERRU,,2,0,2,2,0,2,0,0,0,0,8
26590,eva_bruixa,,2,0,2,2,0,2,0,0,0,0,8
26593,Crowdfire,,3,0,3,3,0,3,0,0,0,0,8
26615,sansebastianfes,,3,0,3,3,0,3,0,0,0,0,8
26619,vueling,,4,0,4,4,0,4,0,0,0,0,8
26621,HotelFenixGM,,2,0,2,2,0,2,0,0,0,0,8
26622,GranMeliaHotels,,2,0,2,2,0,2,0,0,0,0,8
26634,Ch_Dechamps,,3,0,3,3,0,3,0,0,0,0,1
26635,Mathias_Guichon,,2,0,2,2,0,2,0,0,0,0,8
26636,Pier_Etienne,,2,0,2,2,0,2,0,0,0,0,8
26637,thgaumont,,2,0,2,2,0,2,0,0,0,0,8
26654,bmilanp,,2,0,2,2,0,2,0,0,0,0,8
26655,CoralieJallet,,2,0,2,2,0,2,0,0,0,0,8
26670,Melanie_MCP,,2,0,2,2,0,2,0,0,0,0,8
26672,dominiquebunel,,2,0,2,2,0,2,0,0,0,0,8
26678,Guillaume_AT15,,2,0,2,2,0,2,0,0,0,0,8
26684,FedeINTERCampus,,3,0,3,3,0,3,0,0,0,0,8
26690,quentin_spooner,,2,0,2,2,0,2,0,0,0,0,8
26694,Valentin_Large,,2,0,2,2,0,2,0,0,0,0,8
26702,kyank,,2,0,2,2,0,2,0,0,0,0,8
26703,brefserie,,2,0,2,2,0,2,0,0,0,0,8
26705,omar_fred,,2,0,2,2,0,2,0,0,0,0,8
26714,CartmanOfficiel,,2,0,2,2,0,2,0,0,0,0,8
26722,cecile2menibus,,3,0,3,3,0,3,0,0,0,0,8
26725,florentpeyreoff,,2,0,2,2,0,2,0,0,0,0,8
26726,ruquierofficiel,,3,0,3,3,0,3,0,0,0,0,8
26740,cauetofficiel,,3,0,3,3,0,3,0,0,0,0,8
26742,stephaneguillon,,2,0,2,2,0,2,0,0,0,0,8
26771,_LKesports,,2,0,2,2,0,2,0,0,0,0,6
26801,granadaoldpics1,,2,0,2,2,0,2,0,0,0,0,0
26830,G2ArcticES,,2,0,2,2,0,2,0,0,0,0,5
26838,Sergiohendrix,,2,0,2,2,0,2,0,0,0,0,5
26866,DonMeeple,,2,0,2,2,0,2,0,0,0,0,0
26874,17frnndz,,2,0,2,2,0,2,0,0,0,0,6
26886,Neutro_666,,3,0,3,3,0,3,0,0,0,0,1
26923,PlanetExpressES,,2,0,2,2,0,2,0,0,0,0,5
26956,enrigrx,,2,0,2,2,0,2,0,0,0,0,6
26972,Almn95,,2,0,2,2,0,2,0,0,0,0,6
27003,Gabpke_,,2,0,2,2,0,2,0,0,0,0,6
27013,jrtormo,,2,0,2,2,0,2,0,0,0,0,0
27014,imanolguerrero3,,2,0,2,2,0,2,0,0,0,0,6
27021,Sandwichofsand,,2,0,2,2,0,2,0,0,0,0,6
27070,ZacaMarin,,2,0,2,2,0,2,0,0,0,0,6
27078,plopezcarbonne1,,2,0,2,2,0,2,0,0,0,0,4
27080,SelectedTrainer,,3,0,3,3,0,3,0,0,0,0,0
27100,misterdigital_,,3,0,3,3,0,3,0,0,0,0,6
27116,VehiculoGranada,,2,0,2,2,0,2,0,0,0,0,6
27134,Jofranmoga,,3,0,3,3,0,3,0,0,0,0,6
27156,shwood,,3,0,3,3,0,3,0,0,0,0,1
27172,Intel_Spain,,4,0,4,4,0,4,0,0,0,0,6
27173,yambalu_com,,3,0,3,3,0,3,0,0,0,0,6
27175,WPGranada,,2,0,2,2,0,2,0,0,0,0,0
27191,Atisoluciones,,3,0,3,3,0,3,0,0,0,0,6
27205,MiguelRevelles,,3,0,3,3,0,3,0,0,0,0,0
27234,RexonaESP,,2,0,2,2,0,2,0,0,0,0,0
27242,OnePlus_ES,,2,0,2,2,0,2,0,0,0,0,0
27245,Conecta13,,3,0,3,3,0,3,0,0,0,0,6
27250,GranadaLions,,3,0,3,3,0,3,0,0,0,0,0
27251,NeptunoCC,,3,0,3,3,0,3,0,0,0,0,0
27256,MiradorDeAixa,,3,0,3,3,0,3,0,0,0,0,0
27267,enjegarc89,,2,0,2,2,0,2,0,0,0,0,6
27277,titopein,,2,0,2,2,0,2,0,0,0,0,6
27283,NassimDeOz,,2,0,2,2,0,2,0,0,0,0,6
27290,MedHealthInfo,,3,0,3,3,0,3,0,0,0,0,4
27296,ciudadjerez,,2,0,2,2,0,2,0,0,0,0,0
27314,Mallendary,,2,0,2,2,0,2,0,0,0,0,2
27319,WBGamesSpain,,2,0,2,2,0,2,0,0,0,0,0
27321,TheSilphRoad,,2,0,2,2,0,2,0,0,0,0,3
27327,DolmenEditorial,,2,0,2,2,0,2,0,0,0,0,6
27328,rmarcagranada,,3,0,3,3,0,3,0,0,0,0,0
27331,GrAhoraFunciona,,5,0,5,5,0,5,0,0,0,0,0
27348,Sergio5Glez,,2,0,2,2,0,2,0,0,0,0,2
27364,Andantesco,,2,0,2,2,0,2,0,0,0,0,0
27387,fg_ull,,3,0,3,3,0,3,0,0,0,0,4
27398,CremaGames,,2,0,2,2,0,2,0,0,0,0,2
27402,GiantsGaming,,2,0,2,2,0,2,0,0,0,0,0
27404,molivaresh,,3,0,3,3,0,3,0,0,0,0,0
27413,keep_going_hard,,3,0,3,3,0,3,0,0,0,0,0
27433,_IA_RV_IT,,2,0,2,2,0,2,0,0,0,0,6
27440,fco_torregrosa,,2,0,2,2,0,2,0,0,0,0,0
27458,johnhanke,,2,0,2,2,0,2,0,0,0,0,6
27463,SNevada_Parque,,3,0,3,3,0,3,0,0,0,0,0
27464,AguaLanjaron,,3,0,3,3,0,3,0,0,0,0,0
27466,videojuegosAEVI,,2,0,2,2,0,2,0,0,0,0,0
27467,EvadFormacion,,2,0,2,2,0,2,0,0,0,0,6
27468,100X100mascota,,2,0,2,2,0,2,0,0,0,0,3
27476,patrilopri,,3,0,3,3,0,3,0,0,0,0,6
27488,planetacamiseta,,2,0,2,2,0,2,0,0,0,0,0
27492,socialpoint,,2,0,2,2,0,2,0,0,0,0,2
27496,Selugon,,2,0,2,2,0,2,0,0,0,0,6
27500,Cinesa,,3,0,3,3,0,3,0,0,0,0,4
27501,TeamDragons,,2,0,2,2,0,2,0,0,0,0,0
27509,yo10granada,,3,0,3,3,0,3,0,0,0,0,0
27510,telepizza_es,,3,0,3,3,0,3,0,0,0,0,5
27511,simyo_es,,3,0,3,3,0,3,0,0,0,0,6
27512,pepephone,,3,0,3,3,0,3,0,0,0,0,0
27513,yoigo,,3,0,3,3,0,3,0,0,0,0,0
27514,masmovil,,3,0,3,3,0,3,0,0,0,0,6
27515,DisneySpain,,3,0,3,3,0,3,0,0,0,0,0
27541,MargaTwita,,2,0,2,2,0,2,0,0,0,0,0
27542,asoc_asgran,,2,0,2,2,0,2,0,0,0,0,0
27543,RemediosSanchez,,3,0,3,3,0,3,0,0,0,0,0
27544,Miga_Cultura,,4,0,4,4,0,4,0,0,0,0,0
27545,acpgranada,,3,0,3,3,0,3,0,0,0,0,4
27546,CiudadanosporGr,,3,0,3,3,0,3,0,0,0,0,0
27547,clinicogranada,,2,0,2,2,0,2,0,0,0,0,0
27548,PorPatasGranada,,3,0,3,3,0,3,0,0,0,0,0
27549,CineCadiz,,2,0,2,2,0,2,0,0,0,0,0
27557,TimCoronel,,2,0,2,2,0,2,0,0,0,0,4
27597,Astralisgg,,2,0,2,2,0,2,0,0,0,0,2
27612,laurajulia404,,3,0,3,3,0,3,0,0,0,0,6
27614,cristinalopez80,,2,0,2,2,0,2,0,0,0,0,0
27619,Titoking00,,2,0,2,2,0,2,0,0,0,0,6
27624,EliteGamingC,,2,0,2,2,0,2,0,0,0,0,0
27628,dabrase,,3,0,3,3,0,3,0,0,0,0,8
27637,marispous8,,2,0,2,2,0,2,0,0,0,0,6
27648,ProsumidorSoc,,3,0,3,3,0,3,0,0,0,0,0
27650,SalaPaulJerez,,2,0,2,2,0,2,0,0,0,0,0
27655,Bandawifi,,2,0,2,2,0,2,0,0,0,0,2
27689,puleva,,3,0,3,3,0,3,0,0,0,0,4
27697,AlexAlguacil8,,2,0,2,2,0,2,0,0,0,0,6
27704,WikoES,,3,0,3,3,0,3,0,0,0,0,0
27705,espiralpeligros,,2,0,2,2,0,2,0,0,0,0,6
27716,PeligrosSuena,,3,0,3,3,0,3,0,0,0,0,0
27718,indosmedia,,3,0,3,3,0,3,0,0,0,0,0
27723,dtabureanu,,3,0,3,3,0,3,0,0,0,0,6
27724,LourdesMCh,,4,0,4,4,0,4,0,0,0,0,0
27725,Eric_Lostie,,2,0,2,2,0,2,0,0,0,0,6
27730,Asaf_Borger,,2,0,2,2,0,2,0,0,0,0,6
27731,inyustificado,,2,0,2,2,0,2,0,0,0,0,6
27759,Cines_Kinepolis,,3,0,3,3,0,3,0,0,0,0,0
27762,MidgardDC,,2,0,2,2,0,2,0,0,0,0,2
27766,MiradordeAtarfe,,2,0,2,2,0,2,0,0,0,0,0
27768,3GOci,,3,0,3,3,0,3,0,0,0,0,6
27799,NASA_es,,3,0,3,3,0,3,0,0,0,0,6
27819,_ExpOtaku,,2,0,2,2,0,2,0,0,0,0,2
27833,motionaris,,3,0,3,3,0,3,0,0,0,0,6
27836,IsmaUchiha,,2,0,2,2,0,2,0,0,0,0,6
27842,Ibermatica_RRHH,,2,0,2,2,0,2,0,0,0,0,4
27868,alfonsocapella,,2,0,2,2,0,2,0,0,0,0,6
27884,Gamedustria,,2,0,2,2,0,2,0,0,0,0,0
27888,JuanfraEscudero,,3,0,3,3,0,3,0,0,0,0,4
27899,nextEsports_ES,,2,0,2,2,0,2,0,0,0,0,0
27901,vgcstats,,2,0,2,2,0,2,0,0,0,0,6
27903,pablo_xiflos,,3,0,3,3,0,3,0,0,0,0,6
27919,IamCristinini,,2,0,2,2,0,2,0,0,0,0,0
27925,granadaenjuego,,3,0,3,3,0,3,0,0,0,0,0
27930,Albertomataran,,3,0,3,3,0,3,0,0,0,0,6
27934,limusinasgranad,,2,0,2,2,0,2,0,0,0,0,0
27954,DominosPizza_ES,,3,0,3,3,0,3,0,0,0,0,2
27955,Nuria_Lopez98,,2,0,2,2,0,2,0,0,0,0,6
27961,NachoMG271,,2,0,2,2,0,2,0,0,0,0,6
27973,jlevendo,,2,0,2,2,0,2,0,0,0,0,0
27982,Diego10Arnaiz,,3,0,3,3,0,3,0,0,0,0,4
27985,GranadaenAgenda,,4,0,4,4,0,4,0,0,0,0,0
27987,Otakus_Granada,,2,0,2,2,0,2,0,0,0,0,6
27992,QuehagoGranada,,2,0,2,2,0,2,0,0,0,0,0
27997,Prodigia,,3,0,3,3,0,3,0,0,0,0,0
28011,LuisDeilor,,2,0,2,2,0,2,0,0,0,0,2
28025,TecnocArmilla,,2,0,2,2,0,2,0,0,0,0,0
28031,MotorradIlbira,,3,0,3,3,0,3,0,0,0,0,0
28045,AmazonNewsES,,2,0,2,2,0,2,0,0,0,0,4
28053,XiaomiEspana,,3,0,3,3,0,3,0,0,0,0,2
28062,MorenZero5,,3,0,3,3,0,3,0,0,0,0,6
28074,AngelMess_,,2,0,2,2,0,2,0,0,0,0,6
28108,sofecomIT,,2,0,2,2,0,2,0,0,0,0,6
28137,DarioIracundo,,2,0,2,2,0,2,0,0,0,0,6
28143,KameHouse_Bar,,2,0,2,2,0,2,0,0,0,0,1
28150,BMWIlbiramotor,,3,0,3,3,0,3,0,0,0,0,4
28151,BombnCafe,,3,0,3,3,0,3,0,0,0,0,6
28157,Conseyu,,2,0,2,2,0,2,0,0,0,0,4
28165,AtreveteSolo,,3,0,3,3,0,3,0,0,0,0,1
28171,BurgerKing,,3,0,3,3,0,3,0,0,0,0,3
28172,yithoteles,,2,0,2,2,0,2,0,0,0,0,0
28176,libreriapraga,,4,0,4,4,0,4,0,0,0,0,0
28190,Mar__Carrillo,,3,0,3,3,0,3,0,0,0,0,6
28193,RodigraSport,,2,0,2,2,0,2,0,0,0,0,0
28196,FJuegosCordoba,,2,0,2,2,0,2,0,0,0,0,0
28198,AndaluciaCXC,,3,0,3,3,0,3,0,0,0,0,6
28201,CinesAlhsur,,3,0,3,3,0,3,0,0,0,0,6
28204,ALHSUR_CC,,4,0,4,4,0,4,0,0,0,0,4
28212,SrRuma92,,3,0,3,3,0,3,0,0,0,0,6
28215,loic_ms,,3,0,3,3,0,3,0,0,0,0,4
28240,VideojuegosUMA,,2,0,2,2,0,2,0,0,0,0,0
28250,tokyoya_es,,2,0,2,2,0,2,0,0,0,0,6
28256,lavozdelsures,,2,0,2,2,0,2,0,0,0,0,0
28257,SalonMangaJerez,,2,0,2,2,0,2,0,0,0,0,0
28259,TheGLabES,,2,0,2,2,0,2,0,0,0,0,6
28260,Sergi_M,,2,0,2,2,0,2,0,0,0,0,6
28261,GranadaNoir,,3,0,3,3,0,3,0,0,0,0,0
28273,PokemonGOHubES,,2,0,2,2,0,2,0,0,0,0,3
28277,ainhoa_mac,,3,0,3,3,0,3,0,0,0,0,6
28286,IUGranada,,3,0,3,3,0,3,0,0,0,0,0
28288,GinaTost,,2,0,2,2,0,2,0,0,0,0,0
28296,SrCastelo,,2,0,2,2,0,2,0,0,0,0,2
28304,ttdvideojuegos,,2,0,2,2,0,2,0,0,0,0,2
28322,WebediaES,,3,0,3,3,0,3,0,0,0,0,4
28323,antonello,,3,0,3,3,0,3,0,0,0,0,2
28324,vidaextra,,3,0,3,3,0,3,0,0,0,0,2
28326,skaidan,,2,0,2,2,0,2,0,0,0,0,0
28330,Asmodee_Spain,,2,0,2,2,0,2,0,0,0,0,0
28332,SMangaMoguer,,2,0,2,2,0,2,0,0,0,0,6
28334,PrdistaCultural,,2,0,2,2,0,2,0,0,0,0,2
28343,sara_gummy,,2,0,2,2,0,2,0,0,0,0,0
28350,JRMelara,,2,0,2,2,0,2,0,0,0,0,6
28357,VBolanoscarm,,2,0,2,2,0,2,0,0,0,0,6
28363,ReoNeky,,2,0,2,2,0,2,0,0,0,0,0
28364,SaraSaeOficial,,3,0,3,3,0,3,0,0,0,0,0
28366,razwar,,2,0,2,2,0,2,0,0,0,0,0
28369,PlatinumMetoria,,2,0,2,2,0,2,0,0,0,0,6
28374,Difusion365,,2,0,2,2,0,2,0,0,0,0,0
28377,Corrococos,,2,0,2,2,0,2,0,0,0,0,6
28384,James_Sirius_,,3,0,3,3,0,3,0,0,0,0,6
28386,SuperShopSpain,,2,0,2,2,0,2,0,0,0,0,0
28387,TuitReportes,,2,0,2,2,0,2,0,0,0,0,6
28388,PosteanetMD,,2,0,2,2,0,2,0,0,0,0,6
28390,TourTravelSpain,,2,0,2,2,0,2,0,0,0,0,5
28404,Fanta_Esp,,2,0,2,2,0,2,0,0,0,0,0
28406,Iberia,,3,0,3,3,0,3,0,0,0,0,4
28414,Isis_Knight,,3,0,3,3,0,3,0,0,0,0,6
28416,MovistareSports,,2,0,2,2,0,2,0,0,0,0,0
28429,Apneadent_,,2,0,2,2,0,2,0,0,0,0,0
28443,EspVideojuegos,,3,0,3,3,0,3,0,0,0,0,5
28445,halconviajes,,3,0,3,3,0,3,0,0,0,0,2
28480,gameinformer,,3,0,3,3,0,3,0,0,0,0,2
28493,xexugarcia95,,2,0,2,2,0,2,0,0,0,0,6
28511,CocaCola_es,,3,0,3,3,0,3,0,0,0,0,6
28512,PepsiMAX_Es,,2,0,2,2,0,2,0,0,0,0,0
28513,LaysESP,,3,0,3,3,0,3,0,0,0,0,6
28520,mcabezas92,,3,0,3,3,0,3,0,0,0,0,8
28541,Irudigital,,2,0,2,2,0,2,0,0,0,0,6
28547,Gamergy,,2,0,2,2,0,2,0,0,0,0,0
28548,OrangeEsportsES,,2,0,2,2,0,2,0,0,0,0,2
28550,invisibl65,,2,0,2,2,0,2,0,0,0,0,6
28565,jlandaluzas,,3,0,3,3,0,3,0,0,0,0,6
28566,SinapsiaCapital,,3,0,3,3,0,3,0,0,0,0,0
28569,CarlosRQ37,,2,0,2,2,0,2,0,0,0,0,6
28570,WaveApplication,,2,0,2,2,0,2,0,0,0,0,6
28600,jesusberbel,,2,0,2,2,0,2,0,0,0,0,6
28602,7DayWeekend_es,,3,0,3,3,0,3,0,0,0,0,6
28607,MrPulquero,,2,0,2,2,0,2,0,0,0,0,6
28611,AlexMurizCHS,,2,0,2,2,0,2,0,0,0,0,6
28612,papodemosgabias,,3,0,3,3,0,3,0,0,0,0,0
28615,SaxoTe_,,2,0,2,2,0,2,0,0,0,0,0
28628,newskill_ES,,3,0,3,3,0,3,0,0,0,0,2
28652,NormaComics,,2,0,2,2,0,2,0,0,0,0,2
28662,gemilla_verde,,2,0,2,2,0,2,0,0,0,0,6
28665,LaVidaJuAndD,,3,0,3,3,0,3,0,0,0,0,6
28670,antaress,,3,0,3,3,0,3,0,0,0,0,0
28692,hotellasnieves,,3,0,3,3,0,3,0,0,0,0,0
28693,Hostal_Granada,,2,0,2,2,0,2,0,0,0,0,0
28694,HGranadaCentro,,3,0,3,3,0,3,0,0,0,0,0
28695,GranadaPalace,,4,0,4,4,0,4,0,0,0,0,0
28696,en_Granada,,3,0,3,3,0,3,0,0,0,0,0
28698,Info_Colic,,2,0,2,2,0,2,0,0,0,0,6
28708,GemTdi,,3,0,3,3,0,3,0,0,0,0,4
28716,Movistar_Riders,,2,0,2,2,0,2,0,0,0,0,0
28724,inmoduquesa,,2,0,2,2,0,2,0,0,0,0,6
28725,MINIIlbiramotor,,3,0,3,3,0,3,0,0,0,0,4
28751,ignacio_conejo,,3,0,3,3,0,3,0,0,0,0,0
28759,trezesergio,,3,0,3,3,0,3,0,0,0,0,0
28762,Antonio_Horno_,,2,0,2,2,0,2,0,0,0,0,6
28777,Macagiara,,2,0,2,2,0,2,0,0,0,0,6
28803,impr_mirevista,,2,0,2,2,0,2,0,0,0,0,6
28804,AgenciaCitySem,,3,0,3,3,0,3,0,0,0,0,0
28805,granadaempresas,,3,0,3,3,0,3,0,0,0,0,0
28809,VisitasReales,,3,0,3,3,0,3,0,0,0,0,6
28847,roci_satira,,3,0,3,3,0,3,0,0,0,0,0
28853,sputnik_lab,,2,0,2,2,0,2,0,0,0,0,0
28857,HisahsiGamer,,2,0,2,2,0,2,0,0,0,0,6
28862,UltraTextual,,3,0,3,3,0,3,0,0,0,0,5
28864,arthunter_en,,2,0,2,2,0,2,0,0,0,0,0
28868,Caroo_re96,,2,0,2,2,0,2,0,0,0,0,6
28877,DuneComics,,3,0,3,3,0,3,0,0,0,0,4
28878,AquatropicPark,,3,0,3,3,0,3,0,0,0,0,0
28879,ParqueAquaola,,3,0,3,3,0,3,0,0,0,0,0
28885,jamtodayAND,,3,0,3,3,0,3,0,0,0,0,0
28902,montenegro1901,,2,0,2,2,0,2,0,0,0,0,6
28909,omarcaride,,2,0,2,2,0,2,0,0,0,0,6
28912,Fnac_Gamers,,3,0,3,3,0,3,0,0,0,0,2
28918,GigameshTienda,,2,0,2,2,0,2,0,0,0,0,5
28920,heroesmanga_mad,,2,0,2,2,0,2,0,0,0,0,2
28930,lol_es,,3,0,3,3,0,3,0,0,0,0,6
28934,MuquoGames,,2,0,2,2,0,2,0,0,0,0,0
28938,DevirIberia,,2,0,2,2,0,2,0,0,0,0,0
28949,toniocortes21,,2,0,2,2,0,2,0,0,0,0,6
28953,raymantruz,,2,0,2,2,0,2,0,0,0,0,0
28958,Hermanasberrio,,2,0,2,2,0,2,0,0,0,0,6
28970,Alvaroggv_,,2,0,2,2,0,2,0,0,0,0,6
28984,InnjooMobile,,2,0,2,2,0,2,0,0,0,0,6
28991,Podemos_GR,,2,0,2,2,0,2,0,0,0,0,6
29015,TrainerTower,,2,0,2,2,0,2,0,0,0,0,6
29020,Laura_95j,,2,0,2,2,0,2,0,0,0,0,5
29027,MachiavellianJR,,2,0,2,2,0,2,0,0,0,0,6
29033,BC_espana,,2,0,2,2,0,2,0,0,0,0,6
29035,Omeletteta9,,3,0,3,3,0,3,0,0,0,0,6
29039,MIRFTLoL,,2,0,2,2,0,2,0,0,0,0,6
29078,ulisesprieto,,2,0,2,2,0,2,0,0,0,0,6
29085,herraraaa,,2,0,2,2,0,2,0,0,0,0,6
29094,DeEuskadiz,,2,0,2,2,0,2,0,0,0,0,0
29109,Gamepolis_org,,2,0,2,2,0,2,0,0,0,0,0
29110,DreamHackSpain,,2,0,2,2,0,2,0,0,0,0,1
29142,InformaticaNeo,,2,0,2,2,0,2,0,0,0,0,6
29143,LuisRomeroVe,,4,0,4,4,0,4,0,0,0,0,0
29149,sergiogr84,,2,0,2,2,0,2,0,0,0,0,6
29161,PepsiCo_ESP,,2,0,2,2,0,2,0,0,0,0,0
29169,01Rafi,,2,0,2,2,0,2,0,0,0,0,6
29185,CampusComic_uhu,,2,0,2,2,0,2,0,0,0,0,6
29215,y_uribe,,3,0,3,3,0,3,0,0,0,0,6
29253,LGChampionship,,2,0,2,2,0,2,0,0,0,0,6
29254,GranadaFS,,3,0,3,3,0,3,0,0,0,0,0
29264,JosePerLo,,3,0,3,3,0,3,0,0,0,0,6
29276,jefazo_jefesito,,2,0,2,2,0,2,0,0,0,0,6
29305,DELEGADOUNED,,4,0,4,4,0,4,0,0,0,0,4
29319,AngelSeisdedos,,2,0,2,2,0,2,0,0,0,0,6
29357,blanacleta1,,2,0,2,2,0,2,0,0,0,0,0
29364,ulpugr,,3,0,3,3,0,3,0,0,0,0,8
29374,ACulturalEsp,,3,0,3,3,0,3,0,0,0,0,0
29385,le_leesto,,2,0,2,2,0,2,0,0,0,0,2
29392,AytoArmilla,,3,0,3,3,0,3,0,0,0,0,0
29394,MissWhite_15,,2,0,2,2,0,2,0,0,0,0,6
29416,_High_Score_,,2,0,2,2,0,2,0,0,0,0,0
29437,RochaMarceloTV,,2,0,2,2,0,2,0,0,0,0,6
29465,Mbunleo,,2,0,2,2,0,2,0,0,0,0,6
29480,dixus,,2,0,2,2,0,2,0,0,0,0,6
29533,ksaweryJ98,,2,0,2,2,0,2,0,0,0,0,6
29538,debo_94_,,2,0,2,2,0,2,0,0,0,0,0
29572,MeriStation,,3,0,3,3,0,3,0,0,0,0,2
29580,AlfaBetaJuega,,2,0,2,2,0,2,0,0,0,0,2
29586,Yolialvarezorte,,2,0,2,2,0,2,0,0,0,0,0
29592,Alexblackletter,,2,0,2,2,0,2,0,0,0,0,6
29596,trabajolondres,,4,0,4,4,0,4,0,0,0,0,4
29615,RodriRay,,2,0,2,2,0,2,0,0,0,0,6
29626,Jorgem_hrk,,2,0,2,2,0,2,0,0,0,0,6
29632,Steam,,3,0,3,3,0,3,0,0,0,0,2
29633,YouTubeGaming,,2,0,2,2,0,2,0,0,0,0,6
29634,abadescatering,,3,0,3,3,0,3,0,0,0,0,0
29636,UrimendezYt,,2,0,2,2,0,2,0,0,0,0,0
29642,JBlizardsky,,2,0,2,2,0,2,0,0,0,0,6
29644,HumorViralES,,2,0,2,2,0,2,0,0,0,0,0
29663,Jimbocito,,2,0,2,2,0,2,0,0,0,0,6
29671,ComunidadDota2,,2,0,2,2,0,2,0,0,0,0,0
29677,alcampo,,4,0,4,4,0,4,0,0,0,0,0
29689,Antonio2804LoL,,2,0,2,2,0,2,0,0,0,0,6
29693,Zafiku,,3,0,3,3,0,3,0,0,0,0,0
29703,TrinoMusic,,2,0,2,2,0,2,0,0,0,0,6
29719,JueGorrinos,,2,0,2,2,0,2,0,0,0,0,6
29723,nachocomba_,,2,0,2,2,0,2,0,0,0,0,6
29724,IsiGC,,2,0,2,2,0,2,0,0,0,0,6
29730,IBM_ES,,2,0,2,2,0,2,0,0,0,0,0
29734,MaximoCuevas,,2,0,2,2,0,2,0,0,0,0,6
29739,Btom51194642,,2,0,2,2,0,2,0,0,0,0,6
29750,ccelmuelle,,2,0,2,2,0,2,0,0,0,0,3
29754,MigueRing,,2,0,2,2,0,2,0,0,0,0,6
29755,ParqueGranaita,,3,0,3,3,0,3,0,0,0,0,0
29774,PodemosGranada,,4,0,4,4,0,4,0,0,0,0,0
29775,PsoeGranada,,4,0,4,4,0,4,0,0,0,0,0
29776,ppgranada,,3,0,3,3,0,3,0,0,0,0,0
29782,CosasFrikis,,2,0,2,2,0,2,0,0,0,0,6
29787,tuflossss,,2,0,2,2,0,2,0,0,0,0,0
29798,LasTartasdePaz,,3,0,3,3,0,3,0,0,0,0,0
29842,AlbertoTECGms,,2,0,2,2,0,2,0,0,0,0,0
29849,aitorvcarrillo,,2,0,2,2,0,2,0,0,0,0,6
29861,lucibrimar,,2,0,2,2,0,2,0,0,0,0,6
29868,PamplingNews,,3,0,3,3,0,3,0,0,0,0,0
29873,burntcity_gr,,2,0,2,2,0,2,0,0,0,0,0
29880,Carsan_z,,3,0,3,3,0,3,0,0,0,0,6
29881,PabloCirre,,3,0,3,3,0,3,0,0,0,0,4
29888,historiadicto,,2,0,2,2,0,2,0,0,0,0,0
29890,armisoft,,2,0,2,2,0,2,0,0,0,0,0
29893,Naruedyoh,,2,0,2,2,0,2,0,0,0,0,0
29898,MadGamesWeek,,2,0,2,2,0,2,0,0,0,0,0
29899,MyNintendoNews,,2,0,2,2,0,2,0,0,0,0,2
29903,avvplazadetoros,,3,0,3,3,0,3,0,0,0,0,0
29905,hearthstone_es,,2,0,2,2,0,2,0,0,0,0,2
29926,Black_Luffy,,3,0,3,3,0,3,0,0,0,0,2
29938,Indiland_Zona,,2,0,2,2,0,2,0,0,0,0,0
29947,danicaballero90,,2,0,2,2,0,2,0,0,0,0,2
29961,ArenaProGaming,,3,0,3,3,0,3,0,0,0,0,6
30010,IagoMoreno_es,,2,0,2,2,0,2,0,0,0,0,5
30014,2hospitales2,,2,0,2,2,0,2,0,0,0,0,0
30015,AnaTerron_,,3,0,3,3,0,3,0,0,0,0,0
30029,AlexNoseque81,,2,0,2,2,0,2,0,0,0,0,6
30036,ArcticGamingES,,2,0,2,2,0,2,0,0,0,0,0
30037,arCLuisGarcia,,3,0,3,3,0,3,0,0,0,0,6
30039,Elite_Granada,,2,0,2,2,0,2,0,0,0,0,8
30048,DemonaDuck,,2,0,2,2,0,2,0,0,0,0,6
30050,PlanetadComic,,2,0,2,2,0,2,0,0,0,0,6
30051,jonyy84,,2,0,2,2,0,2,0,0,0,0,6
30086,Kirbuster,,2,0,2,2,0,2,0,0,0,0,6
30104,sergiocarrillo4,,2,0,2,2,0,2,0,0,0,0,6
30111,LocalTerminal,,3,0,3,3,0,3,0,0,0,0,0
30124,d3veducation,,3,0,3,3,0,3,0,0,0,0,4
30131,VideoGamesAcdmy,,3,0,3,3,0,3,0,0,0,0,6
30152,Rafa_Leviathan,,2,0,2,2,0,2,0,0,0,0,6
30154,3djuegos,,3,0,3,3,0,3,0,0,0,0,6
30155,GAMEeSports_ES,,2,0,2,2,0,2,0,0,0,0,6
30157,DracosLibreria,,2,0,2,2,0,2,0,0,0,0,0
30161,nosolomanga,,2,0,2,2,0,2,0,0,0,0,6
30166,Salva_Escudero,,2,0,2,2,0,2,0,0,0,0,0
30192,GranadaGameJam,,3,0,3,3,0,3,0,0,0,0,0
30193,amaliaramos,,3,0,3,3,0,3,0,0,0,0,0
30196,Deculture_es,,2,0,2,2,0,2,0,0,0,0,6
30197,RamenParaDos,,2,0,2,2,0,2,0,0,0,0,0
30204,Alexcasasola,,3,0,3,3,0,3,0,0,0,0,0
30211,soler_ruben,,2,0,2,2,0,2,0,0,0,0,6
30215,Cangrenachu,,2,0,2,2,0,2,0,0,0,0,0
30229,regiregino,,2,0,2,2,0,2,0,0,0,0,6
30230,SerebiiNet,,2,0,2,2,0,2,0,0,0,0,3
30275,BlazquezFont,,2,0,2,2,0,2,0,0,0,0,2
30292,GuevsSkywalker,,2,0,2,2,0,2,0,0,0,0,6
30312,PiccoloGranada,,2,0,2,2,0,2,0,0,0,0,6
30316,JuanDiego_fr,,2,0,2,2,0,2,0,0,0,0,5
30321,Marcosrg_93,,2,0,2,2,0,2,0,0,0,0,6
30324,LadyAnnie96,,2,0,2,2,0,2,0,0,0,0,6
30338,franchu_merchan,,2,0,2,2,0,2,0,0,0,0,6
30340,Elarcano_pod,,2,0,2,2,0,2,0,0,0,0,6
30356,FLASHLIBRERIA,,2,0,2,2,0,2,0,0,0,0,6
30363,ESL,,3,0,3,3,0,3,0,0,0,0,2
30364,eurogamer,,2,0,2,2,0,2,0,0,0,0,0
30365,mriluzz,,2,0,2,2,0,2,0,0,0,0,6
30366,siwenio_,,2,0,2,2,0,2,0,0,0,0,6
30368,Nescafe_ES,,3,0,3,3,0,3,0,0,0,0,6
30381,CastroTheOne,,3,0,3,3,0,3,0,0,0,0,6
30388,Starkcrash,,2,0,2,2,0,2,0,0,0,0,0
30395,MiOtroYo____,,3,0,3,3,0,3,0,0,0,0,6
30399,LaVirgenPasiva,,2,0,2,2,0,2,0,0,0,0,6
30411,NorienMajere,,2,0,2,2,0,2,0,0,0,0,6
30416,Kusafqe,,2,0,2,2,0,2,0,0,0,0,6
30419,amygaarciaa,,2,0,2,2,0,2,0,0,0,0,0
30423,YNU_GERUMI,,2,0,2,2,0,2,0,0,0,0,6
30426,Jasfa96,,2,0,2,2,0,2,0,0,0,0,6
30428,FernanMartin26,,2,0,2,2,0,2,0,0,0,0,0
30432,Sorin0698,,2,0,2,2,0,2,0,0,0,0,6
30433,J_Cortacero,,2,0,2,2,0,2,0,0,0,0,6
30436,Juati0,,3,0,3,3,0,3,0,0,0,0,6
30440,franco991,,2,0,2,2,0,2,0,0,0,0,2
30447,ElSabioSibarita,,2,0,2,2,0,2,0,0,0,0,0
30450,luisma52,,2,0,2,2,0,2,0,0,0,0,6
30453,AmigosTuPalacio,,3,0,3,3,0,3,0,0,0,0,0
30454,sempiterno91,,2,0,2,2,0,2,0,0,0,0,0
30460,Anddreilla,,3,0,3,3,0,3,0,0,0,0,6
30461,BARLosDiamantes,,4,0,4,4,0,4,0,0,0,0,0
30462,JavierSp93,,2,0,2,2,0,2,0,0,0,0,0
30467,PatioBraserito,,3,0,3,3,0,3,0,0,0,0,0
30469,juanra94,,2,0,2,2,0,2,0,0,0,0,6
30471,YasminSRE,,2,0,2,2,0,2,0,0,0,0,0
30474,s4lv4MM,,2,0,2,2,0,2,0,0,0,0,6
30481,RafaSparroww,,2,0,2,2,0,2,0,0,0,0,6
30489,amandarod1981,,2,0,2,2,0,2,0,0,0,0,0
30491,omontiel68,,2,0,2,2,0,2,0,0,0,0,0
30500,JoseH2oyano,,2,0,2,2,0,2,0,0,0,0,0
30503,aN6eeL97,,3,0,3,3,0,3,0,0,0,0,6
30515,Patrihol,,2,0,2,2,0,2,0,0,0,0,6
30516,AngieRafalin,,2,0,2,2,0,2,0,0,0,0,0
30517,Fraski4,,2,0,2,2,0,2,0,0,0,0,6
30520,JEGPK,,2,0,2,2,0,2,0,0,0,0,6
30524,AleQuilex,,2,0,2,2,0,2,0,0,0,0,6
30528,NianticLabs,,3,0,3,3,0,3,0,0,0,0,2
30530,PokemonGoApp,,3,0,3,3,0,3,0,0,0,0,2
30533,CSakro,,2,0,2,2,0,2,0,0,0,0,8
30534,DGrand_Fer,,2,0,2,2,0,2,0,0,0,0,0
30543,carmensweet97,,2,0,2,2,0,2,0,0,0,0,6
30547,oyakth55,,3,0,3,3,0,3,0,0,0,0,0
30548,lauradmarketing,,3,0,3,3,0,3,0,0,0,0,6
30564,MarcosCamacho_,,2,0,2,2,0,2,0,0,0,0,0
30566,acamachoruiz,,2,0,2,2,0,2,0,0,0,0,0
30567,Battever,,2,0,2,2,0,2,0,0,0,0,6
30589,Julio_M_M,,2,0,2,2,0,2,0,0,0,0,0
30590,vissdc,,3,0,3,3,0,3,0,0,0,0,0
30591,nUrTeS_XLII,,3,0,3,3,0,3,0,0,0,0,6
30592,TehSinapsis,,2,0,2,2,0,2,0,0,0,0,6
30593,victor_gzlez,,2,0,2,2,0,2,0,0,0,0,0
30595,castrilloarjona,,2,0,2,2,0,2,0,0,0,0,0
30600,KNekro,,2,0,2,2,0,2,0,0,0,0,6
30602,CesarGuisado,,3,0,3,3,0,3,0,0,0,0,4
30606,fjmpiq,,2,0,2,2,0,2,0,0,0,0,6
30607,DrXaverius,,3,0,3,3,0,3,0,0,0,0,6
30608,PacoPuentedura,,4,0,4,4,0,4,0,0,0,0,0
30613,pakogomGRX,,3,0,3,3,0,3,0,0,0,0,0
30619,FranMefisto,,3,0,3,3,0,3,0,0,0,0,5
30621,enrickaso,,3,0,3,3,0,3,0,0,0,0,0
30626,manuelptv,,2,0,2,2,0,2,0,0,0,0,0
30627,franele22,,3,0,3,3,0,3,0,0,0,0,6
30628,KowaiNana,,3,0,3,3,0,3,0,0,0,0,0
30634,elvi_bc,,2,0,2,2,0,2,0,0,0,0,6
30641,Carmen_2391,,2,0,2,2,0,2,0,0,0,0,0
30654,Tryncess,,2,0,2,2,0,2,0,0,0,0,0
30655,pllantes,,2,0,2,2,0,2,0,0,0,0,0
30657,virginightmare,,2,0,2,2,0,2,0,0,0,0,0
30659,ElenaVallejo_,,2,0,2,2,0,2,0,0,0,0,5
30660,Angel_Salas_92,,2,0,2,2,0,2,0,0,0,0,0
30663,franperez_13,,2,0,2,2,0,2,0,0,0,0,6
30666,DavidMolina93,,2,0,2,2,0,2,0,0,0,0,5
30667,IrregularHunter,,2,0,2,2,0,2,0,0,0,0,0
30669,ThRAShGO,,2,0,2,2,0,2,0,0,0,0,6
30675,dafnoforos,,2,0,2,2,0,2,0,0,0,0,6
30677,Igna998,,2,0,2,2,0,2,0,0,0,0,6
30678,Chiakorita,,2,0,2,2,0,2,0,0,0,0,6
30680,PokemonGOespana,,3,0,3,3,0,3,0,0,0,0,2
30682,Vicente_city,,2,0,2,2,0,2,0,0,0,0,0
30686,JulioOfficial,,2,0,2,2,0,2,0,0,0,0,6
30694,iGamero92,,2,0,2,2,0,2,0,0,0,0,6
30699,Maryacciatella,,2,0,2,2,0,2,0,0,0,0,8
30703,_FranVergara,,3,0,3,3,0,3,0,0,0,0,0
30706,Jamb76,,3,0,3,3,0,3,0,0,0,0,0
30711,Fran__Vilchez,,2,0,2,2,0,2,0,0,0,0,0
30720,JaimeGarciaCam,,3,0,3,3,0,3,0,0,0,0,6
30729,Guillemsm21,,2,0,2,2,0,2,0,0,0,0,4
30754,ESLspain,,2,0,2,2,0,2,0,0,0,0,0
30755,LVPes,,3,0,3,3,0,3,0,0,0,0,3
30756,SocialNAT1,,2,0,2,2,0,2,0,0,0,0,6
30767,UnHer0eS,,2,0,2,2,0,2,0,0,0,0,0
30768,Jonigm94,,2,0,2,2,0,2,0,0,0,0,6
30780,danirevuelta,,4,0,4,4,0,4,0,0,0,0,0
30781,gamersdegranada,,3,0,3,3,0,3,0,0,0,0,0
30784,diostuitero,,3,0,3,3,0,3,0,0,0,0,5
30815,ChemitaGG,,2,0,2,2,0,2,0,0,0,0,0
30816,ChemyMartinez21,,2,0,2,2,0,2,0,0,0,0,0
30822,MediaMarktGames,,3,0,3,3,0,3,0,0,0,0,5
30826,nacho_popcha,,3,0,3,3,0,3,0,0,0,0,0
30829,freakmondo,,2,0,2,2,0,2,0,0,0,0,0
30831,bluepainter_,,2,0,2,2,0,2,0,0,0,0,0
30835,amoniakor,,2,0,2,2,0,2,0,0,0,0,6
30837,FJLopezGR,,2,0,2,2,0,2,0,0,0,0,2
30841,Yamil_J_R,,2,0,2,2,0,2,0,0,0,0,6
30845,JM_Romero95,,2,0,2,2,0,2,0,0,0,0,6
30847,tontopoIIas,,2,0,2,2,0,2,0,0,0,0,6
30848,Sarams23___,,2,0,2,2,0,2,0,0,0,0,6
30850,GGamer_es,,2,0,2,2,0,2,0,0,0,0,0
30853,LauraMauersberg,,2,0,2,2,0,2,0,0,0,0,2
30860,Areajugones,,2,0,2,2,0,2,0,0,0,0,2
30862,Yaku_7,,2,0,2,2,0,2,0,0,0,0,6
30900,EucarioticoX,,2,0,2,2,0,2,0,0,0,0,0
30915,FolagoR,,2,0,2,2,0,2,0,0,0,0,6
30919,Garnata_Events,,3,0,3,3,0,3,0,0,0,0,0
30937,Kvothe301,,2,0,2,2,0,2,0,0,0,0,6
30944,VGCVictoryRoad,,2,0,2,2,0,2,0,0,0,0,6
30949,Mangafest,,2,0,2,2,0,2,0,0,0,0,0
30960,damianjcs,,2,0,2,2,0,2,0,0,0,0,6
30977,vanesse_90,,2,0,2,2,0,2,0,0,0,0,5
30988,jmejia00,,2,0,2,2,0,2,0,0,0,0,0
30998,JeCabrero,,4,0,4,4,0,4,0,0,0,0,0
31001,NachoCabrero,,3,0,3,3,0,3,0,0,0,0,0
31002,acXover,,4,0,4,4,0,4,0,0,0,0,0
31008,Bl3sSuR,,2,0,2,2,0,2,0,0,0,0,0
31014,Koltharius,,2,0,2,2,0,2,0,0,0,0,6
31027,peturbado,,2,0,2,2,0,2,0,0,0,0,5
31042,CartasPokemon,,2,0,2,2,0,2,0,0,0,0,6
31054,FranGaliano,,2,0,2,2,0,2,0,0,0,0,6
31055,VideojuegosGAME,,3,0,3,3,0,3,0,0,0,0,2
31057,FranPotencia,,3,0,3,3,0,3,0,0,0,0,6
31063,AhmedRod10,,2,0,2,2,0,2,0,0,0,0,6
31066,leyvaQD,,2,0,2,2,0,2,0,0,0,0,0
31077,spiroce,,2,0,2,2,0,2,0,0,0,0,6
31079,LosDOTGamers,,2,0,2,2,0,2,0,0,0,0,6
31080,Awenjavi,,2,0,2,2,0,2,0,0,0,0,6
31084,eveletacomic,,3,0,3,3,0,3,0,0,0,0,0
31088,MrJavimarin,,2,0,2,2,0,2,0,0,0,0,3
31094,JuegosADN,,2,0,2,2,0,2,0,0,0,0,2
31099,AgustinCalle,,2,0,2,2,0,2,0,0,0,0,6
31109,carlosdompa,,2,0,2,2,0,2,0,0,0,0,6
31113,Espe131,,2,0,2,2,0,2,0,0,0,0,6
31124,NintendoEurope,,2,0,2,2,0,2,0,0,0,0,2
31125,NintendoES,,4,0,4,4,0,4,0,0,0,0,2
31126,Pokemon_ES_ESP,,2,0,2,2,0,2,0,0,0,0,3
31127,Pokemon,,3,0,3,3,0,3,0,0,0,0,2
31130,joseheyyahey,,2,0,2,2,0,2,0,0,0,0,6
31146,crissosu_,,2,0,2,2,0,2,0,0,0,0,6
31149,FaEDMelUGR,,3,0,3,3,0,3,0,0,0,0,6
31159,Yasemin_Demir_,,2,0,2,2,0,2,0,0,0,0,1
31161,SantyHeredia1,,2,0,2,2,0,2,0,0,0,0,6
31162,garridomariajo,,2,0,2,2,0,2,0,0,0,0,6
31163,adriancituli,,2,0,2,2,0,2,0,0,0,0,6
31167,Yaret_Aguirre,,2,0,2,2,0,2,0,0,0,0,6
31169,laovejaverdeal,,2,0,2,2,0,2,0,0,0,0,6
31173,AlumnadoEOIGr,,2,0,2,2,0,2,0,0,0,0,6
31185,aytomotril,,3,0,3,3,0,3,0,0,0,0,6
31187,AytoRonda,,3,0,3,3,0,3,0,0,0,0,5
31188,AytoJaen,,4,0,4,4,0,4,0,0,0,0,0
31189,AytoAntequera,,2,0,2,2,0,2,0,0,0,0,6
31191,carmenpreteI,,2,0,2,2,0,2,0,0,0,0,6
31203,_jdejavi,,2,0,2,2,0,2,0,0,0,0,6
31205,Al_Lopez8,,3,0,3,3,0,3,0,0,0,0,6
31209,lusichii,,2,0,2,2,0,2,0,0,0,0,6
31215,ManuelHuertas75,,4,0,4,4,0,4,0,0,0,0,6
31216,agustinfyl_ugr,,3,0,3,3,0,3,0,0,0,0,6
31217,alexromero_es,,3,0,3,3,0,3,0,0,0,0,6
31219,agvn_,,2,0,2,2,0,2,0,0,0,0,6
31222,kagetxillo,,3,0,3,3,0,3,0,0,0,0,6
31225,adrian_cobo,,2,0,2,2,0,2,0,0,0,0,6
31227,Alejpicon,,2,0,2,2,0,2,0,0,0,0,6
31228,Davellanedar,,4,0,4,4,0,4,0,0,0,0,6
31229,rociomaestri,,2,0,2,2,0,2,0,0,0,0,6
31230,Irenech6,,2,0,2,2,0,2,0,0,0,0,6
31231,andpos23,,2,0,2,2,0,2,0,0,0,0,6
31239,VictordeHaro_,,2,0,2,2,0,2,0,0,0,0,0
31240,gabinetetecnic2,,2,0,2,2,0,2,0,0,0,0,6
31243,lolavellido,,3,0,3,3,0,3,0,0,0,0,6
31244,JuliaLive4Dance,,2,0,2,2,0,2,0,0,0,0,6
31247,RaulFernGr,,3,0,3,3,0,3,0,0,0,0,6
31248,lorennart,,4,0,4,4,0,4,0,0,0,0,6
31251,GaliaMarianaRC,,2,0,2,2,0,2,0,0,0,0,6
31252,martachecd,,2,0,2,2,0,2,0,0,0,0,6
31258,Andreaespiinola,,2,0,2,2,0,2,0,0,0,0,6
31259,aretvsa,,2,0,2,2,0,2,0,0,0,0,6
31264,AlvaroRDuarte,,2,0,2,2,0,2,0,0,0,0,6
31271,dj_khata,,2,0,2,2,0,2,0,0,0,0,6
31281,noee_m93,,2,0,2,2,0,2,0,0,0,0,6
31288,lolasrrdengra,,2,0,2,2,0,2,0,0,0,0,6
31292,MariaSM_19,,2,0,2,2,0,2,0,0,0,0,6
31293,GranadaTaxi,,2,0,2,2,0,2,0,0,0,0,6
31295,marinaurrr,,2,0,2,2,0,2,0,0,0,0,6
31297,SandraBlues,,2,0,2,2,0,2,0,0,0,0,6
31302,Sally_RideMusic,,4,0,4,4,0,4,0,0,0,0,6
31308,eirenereina,,3,0,3,3,0,3,0,0,0,0,6
31311,InnovaJun,,3,0,3,3,0,3,0,0,0,0,6
31317,CarmenJuliaOrte,,2,0,2,2,0,2,0,0,0,0,6
31322,ClaoGallego,,2,0,2,2,0,2,0,0,0,0,6
31326,mariangeleshc,,2,0,2,2,0,2,0,0,0,0,6
31329,GaonaAula,,3,0,3,3,0,3,0,0,0,0,6
31344,aytocenesvega,,2,0,2,2,0,2,0,0,0,0,6
31345,granadaeramu,,4,0,4,4,0,4,0,0,0,0,6
31346,Milanuncios,,2,0,2,2,0,2,0,0,0,0,6
31347,AytoGranada,,3,0,3,3,0,3,0,0,0,0,6
31348,fotocasa,,3,0,3,3,0,3,0,0,0,0,6
31351,Munirhaddadi,,3,0,3,3,0,3,0,0,0,0,2
31354,El_Penacho,,2,0,2,2,0,2,0,0,0,0,0
31355,TwitterEspana,,3,0,3,3,0,3,0,0,0,0,0
31357,Nacho_Abad,,3,0,3,3,0,3,0,0,0,0,0
31358,Seguritecnia,,2,0,2,2,0,2,0,0,0,0,0
31359,susannagriso,,4,0,4,4,0,4,0,0,0,0,5
31363,silviamtorresc,,2,0,2,2,0,2,0,0,0,0,0
31364,joseafunes_,,3,0,3,3,0,3,0,0,0,0,0
31368,ComunidadFinan,,3,0,3,3,0,3,0,0,0,0,4
31369,bufetehormigos,,2,0,2,2,0,2,0,0,0,0,1
31371,RMartinezGuzman,,3,0,3,3,0,3,0,0,0,0,1
31372,rgl1970,,3,0,3,3,0,3,0,0,0,0,0
31374,aproed,,2,0,2,2,0,2,0,0,0,0,0
31375,AusbancAbogados,,3,0,3,3,0,3,0,0,0,0,1
31376,CHGabogados,,2,0,2,2,0,2,0,0,0,0,0
31382,julioarandafoto,,2,0,2,2,0,2,0,0,0,0,6
31383,mariafrances,,5,0,5,5,0,5,0,0,0,0,0
31386,GarcMonteroJuan,,4,0,4,4,0,4,0,0,0,0,4
31387,marifrangr,,3,0,3,3,0,3,0,0,0,0,0
31389,BlogMarioConde,,2,0,2,2,0,2,0,0,0,0,0
31394,CJCGranada,,2,0,2,2,0,2,0,0,0,0,0
31395,DIA_Esp,,3,0,3,3,0,3,0,0,0,0,0
31396,VTalavero,,3,0,3,3,0,3,0,0,0,0,6
31398,andaluciainf,,3,0,3,3,0,3,0,0,0,0,0
31407,RosanaPGurrea,,2,0,2,2,0,2,0,0,0,0,0
31412,miguelmotivate,,4,0,4,4,0,4,0,0,0,0,0
31415,doloresgranada,,3,0,3,3,0,3,0,0,0,0,0
31416,Renta4,,2,0,2,2,0,2,0,0,0,0,6
31420,ecoembes,,3,0,3,3,0,3,0,0,0,0,0
31421,ecoticiasRED,,3,0,3,3,0,3,0,0,0,0,4
31422,WWFespana,,3,0,3,3,0,3,0,0,0,0,4
31423,A1Grafopsicolog,,2,0,2,2,0,2,0,0,0,0,0
31424,tiempogranadaES,,5,0,5,5,0,5,0,0,0,0,4
31425,GranadaCF_VAVEL,,3,0,3,3,0,3,0,0,0,0,0
31426,opcgranada,,3,0,3,3,0,3,0,0,0,0,0
31427,Granada_2015,,3,0,3,3,0,3,0,0,0,0,0
31428,GRA_elGOL,,3,0,3,3,0,3,0,0,0,0,0
31429,GanemosGranada,,2,0,2,2,0,2,0,0,0,0,0
31430,AparejadoresGRX,,3,0,3,3,0,3,0,0,0,0,4
31431,empleogranada,,3,0,3,3,0,3,0,0,0,0,0
31432,elgranadacf,,3,0,3,3,0,3,0,0,0,0,0
31433,TilllateGranada,,3,0,3,3,0,3,0,0,0,0,0
31434,G19_GranadaCF,,3,0,3,3,0,3,0,0,0,0,0
31435,APrensaGranada,,4,0,4,4,0,4,0,0,0,0,0
31436,wowmusicprod,,3,0,3,3,0,3,0,0,0,0,0
31437,parkinsongranad,,3,0,3,3,0,3,0,0,0,0,0
31438,LicordeGranadas,,3,0,3,3,0,3,0,0,0,0,0
31439,AliatarGranada,,3,0,3,3,0,3,0,0,0,0,0
31440,JSAGranadaCEP,,3,0,3,3,0,3,0,0,0,0,0
31441,GranadaCFTV,,3,0,3,3,0,3,0,0,0,0,0
31442,TitularesGr,,3,0,3,3,0,3,0,0,0,0,0
31443,porMorente,,2,0,2,2,0,2,0,0,0,0,0
31444,Francisgerente,,3,0,3,3,0,3,0,0,0,0,0
31445,manubayona,,3,0,3,3,0,3,0,0,0,0,0
31446,BomberosG,,3,0,3,3,0,3,0,0,0,0,4
31447,Postureo_Grana,,3,0,3,3,0,3,0,0,0,0,0
31448,GranadaenOff,,3,0,3,3,0,3,0,0,0,0,0
31449,FestOperaPrima,,3,0,3,3,0,3,0,0,0,0,0
31450,SEOGranada,,4,0,4,4,0,4,0,0,0,0,0
31451,chicoangulo,,3,0,3,3,0,3,0,0,0,0,0
31452,GranadaTrabaja,,3,0,3,3,0,3,0,0,0,0,0
31453,bANDmusic2019,,3,0,3,3,0,3,0,0,0,0,0
31455,PMcGranada,,3,0,3,3,0,3,0,0,0,0,0
31456,GCFnet,,3,0,3,3,0,3,0,0,0,0,0
31457,FeriaCorpus,,3,0,3,3,0,3,0,0,0,0,0
31458,Tecnihogar_ES,,4,0,4,4,0,4,0,0,0,0,0
31459,Guide2Granada,,3,0,3,3,0,3,0,0,0,0,0
31460,KidsUsGranForum,,3,0,3,3,0,3,0,0,0,0,0
31462,FiestaGr,,2,0,2,2,0,2,0,0,0,0,4
31463,GarciaArrabal,,3,0,3,3,0,3,0,0,0,0,4
31464,eco12_,,3,0,3,3,0,3,0,0,0,0,4
31465,GralusaGrupo,,3,0,3,3,0,3,0,0,0,0,2
31466,Rocio_DiazJ,,3,0,3,3,0,3,0,0,0,0,0
31467,JaviNavarro1,,3,0,3,3,0,3,0,0,0,0,0
31468,MAlbendin,,2,0,2,2,0,2,0,0,0,0,0
31469,quicochirino,,4,0,4,4,0,4,0,0,0,0,4
31470,FranVinuela,,4,0,4,4,0,4,0,0,0,0,0
31471,Granada9TV,,3,0,3,3,0,3,0,0,0,0,0
31472,_JuanAguilar_,,3,0,3,3,0,3,0,0,0,0,0
31473,JuanJose_Martin,,3,0,3,3,0,3,0,0,0,0,0
31474,Samuelp_asencio,,3,0,3,3,0,3,0,0,0,0,0
31475,BeatrizRuizQ,,4,0,4,4,0,4,0,0,0,0,0
31476,chemarueda1,,3,0,3,3,0,3,0,0,0,0,0
31477,LpezMariola,,4,0,4,4,0,4,0,0,0,0,0
31478,AreadeNoticias,,2,0,2,2,0,2,0,0,0,0,0
31479,MiguelMadrid74,,3,0,3,3,0,3,0,0,0,0,0
31480,JemiSanchez,,3,0,3,3,0,3,0,0,0,0,0
31481,anamu67,,3,0,3,3,0,3,0,0,0,0,0
31482,AutoescuelaLaPr,,2,0,2,2,0,2,0,0,0,0,0
31483,Ideal_GranadaCF,,3,0,3,3,0,3,0,0,0,0,0
31484,franlatorregr,,3,0,3,3,0,3,0,0,0,0,0
31485,mayteolalla,,4,0,4,4,0,4,0,0,0,0,0
31486,GranadaCFWeb,,3,0,3,3,0,3,0,0,0,0,0
31487,ElviraRamon,,3,0,3,3,0,3,0,0,0,0,0
31488,camimudarra,,3,0,3,3,0,3,0,0,0,0,0
31489,FranOlmo1,,3,0,3,3,0,3,0,0,0,0,0
31490,enriquebedmar,,2,0,2,2,0,2,0,0,0,0,0
31491,mdlherran,,3,0,3,3,0,3,0,0,0,0,0
31492,AngelOrte,,3,0,3,3,0,3,0,0,0,0,0
31493,Calleti_Antonio,,3,0,3,3,0,3,0,0,0,0,0
31494,LuisMoraOnFire,,3,0,3,3,0,3,0,0,0,0,0
31495,LASNIEVESLIMPIE,,2,0,2,2,0,2,0,0,0,0,0
31496,ManuMaldonadoCc,,2,0,2,2,0,2,0,0,0,0,0
31497,GrupoTrevenque,,5,0,5,5,0,5,0,0,0,0,0
31498,luisaribayos,,5,0,5,5,0,5,0,0,0,0,0
31499,ChemaPrados,,3,0,3,3,0,3,0,0,0,0,0
31500,FranciscoMCFC,,3,0,3,3,0,3,0,0,0,0,0
31502,rafatroyano,,3,0,3,3,0,3,0,0,0,0,0
31506,mmingorance_m,,2,0,2,2,0,2,0,0,0,0,6
31509,Krauel_Abogados,,2,0,2,2,0,2,0,0,0,0,0
31510,zoidoJI,,4,0,4,4,0,4,0,0,0,0,7
31511,rosi7a,,2,0,2,2,0,2,0,0,0,0,0
31512,CDUGranadaRugby,,3,0,3,3,0,3,0,0,0,0,0
31513,CEEDOnGranada,,3,0,3,3,0,3,0,0,0,0,0
31523,GuideoMT,,4,0,4,4,0,4,0,0,0,0,1
31525,OnlineGestoria,,3,0,3,3,0,3,0,0,0,0,0
31526,DelOlmoE,,2,0,2,2,0,2,0,0,0,0,0
31554,NaiaraServicios,,2,0,2,2,0,2,0,0,0,0,0
31557,NemesisGestora,,2,0,2,2,0,2,0,0,0,0,2
31564,LuisEnriqueC_,,2,0,2,2,0,2,0,0,0,0,2
31573,pebarrero,,2,0,2,2,0,2,0,0,0,0,6
31575,estilosevilla,,2,0,2,2,0,2,0,0,0,0,0
31578,BufeteOsuna,,2,0,2,2,0,2,0,0,0,0,0
31581,JOSELUISDELMOR1,,2,0,2,2,0,2,0,0,0,0,0
31582,SanchezJuradoAA,,2,0,2,2,0,2,0,0,0,0,0
31586,MARCANDALUCIA,,4,0,4,4,0,4,0,0,0,0,0
31588,masmayorlegal,,2,0,2,2,0,2,0,0,0,0,0
31589,F_Arguelles,,4,0,4,4,0,4,0,0,0,0,0
31593,mujeresvalients,,2,0,2,2,0,2,0,0,0,0,0
31595,InmaGlezEiris,,2,0,2,2,0,2,0,0,0,0,6
31601,rociomartinv,,3,0,3,3,0,3,0,0,0,0,0
31604,Smart_Iberica,,2,0,2,2,0,2,0,0,0,0,6
31605,SilvaAsociados,,2,0,2,2,0,2,0,0,0,0,4
31606,franrobles75,,2,0,2,2,0,2,0,0,0,0,0
31608,Icired_ES,,2,0,2,2,0,2,0,0,0,0,0
31611,SantillanAbg,,2,0,2,2,0,2,0,0,0,0,0
31617,andreyferreiro,,2,0,2,2,0,2,0,0,0,0,0
31624,practicasfupo,,2,0,2,2,0,2,0,0,0,0,0
31629,aytoloradelrio,,2,0,2,2,0,2,0,0,0,0,0
31645,Ayto_Sevilla,,4,0,4,4,0,4,0,0,0,0,0
31646,SevillaFC,,3,0,3,3,0,3,0,0,0,0,0
31647,ortega_robert,,2,0,2,2,0,2,0,0,0,0,0
31649,MalditoDato,,3,0,3,3,0,3,0,0,0,0,5
31656,TORO_CT7,,2,0,2,2,0,2,0,0,0,0,2
31658,UniverTraveler,,2,0,2,2,0,2,0,0,0,0,0
31660,up_aupex,,2,0,2,2,0,2,0,0,0,0,2
31661,FCiudadania,,2,0,2,2,0,2,0,0,0,0,4
31682,FELIXGOMEZactor,,2,0,2,2,0,2,0,0,0,0,0
31699,198_es,,3,0,3,3,0,3,0,0,0,0,0
31700,internac_na,,2,0,2,2,0,2,0,0,0,0,4
31704,Ipex_clm,,2,0,2,2,0,2,0,0,0,0,4
31707,SuperRoStar,,2,0,2,2,0,2,0,0,0,0,6
31710,xaviertmarin,,2,0,2,2,0,2,0,0,0,0,0
31720,DIPUSEVI,,3,0,3,3,0,3,0,0,0,0,0
31722,GatoSurrealista,,2,0,2,2,0,2,0,0,0,0,5
31724,josema_ram,,3,0,3,3,0,3,0,0,0,0,6
31731,javierodriguez,,2,0,2,2,0,2,0,0,0,0,2
31740,ayudaenaccion,,3,0,3,3,0,3,0,0,0,0,4
31742,Avelzquezb,,3,0,3,3,0,3,0,0,0,0,2
31743,jesfame,,2,0,2,2,0,2,0,0,0,0,0
31745,ViaderCarlos,,2,0,2,2,0,2,0,0,0,0,0
31749,unitedunknown,,2,0,2,2,0,2,0,0,0,0,0
31750,xpeytibi,,2,0,2,2,0,2,0,0,0,0,0
31753,conJoseMFranco,,2,0,2,2,0,2,0,0,0,0,2
31755,graphext,,2,0,2,2,0,2,0,0,0,0,6
31757,VctorClavijo,,3,0,3,3,0,3,0,0,0,0,5
31763,CarlosAValverde,,2,0,2,2,0,2,0,0,0,0,1
31765,hijodefruta,,2,0,2,2,0,2,0,0,0,0,1
31775,woah_ah_yeah,,2,0,2,2,0,2,0,0,0,0,5
31789,spanishrevorg,,2,0,2,2,0,2,0,0,0,0,5
31792,CuartoSector,,4,0,4,4,0,4,0,0,0,0,0
31793,ilecturafacil,,3,0,3,3,0,3,0,0,0,0,0
31795,SpainNATO,,2,0,2,2,0,2,0,0,0,0,0
31797,Grybauskaite_LT,,2,0,2,2,0,2,0,0,0,0,2
31798,LinkeviciusL,,2,0,2,2,0,2,0,0,0,0,1
31801,_aL__,,2,0,2,2,0,2,0,0,0,0,0
31806,MartosDiego,,3,0,3,3,0,3,0,0,0,0,6
31817,CDIEX1,,3,0,3,3,0,3,0,0,0,0,2
31820,manuelburque,,3,0,3,3,0,3,0,0,0,0,0
31821,BuenismoBien,,2,0,2,2,0,2,0,0,0,0,6
31822,FranDiaz_1992,,2,0,2,2,0,2,0,0,0,0,6
31827,CEAndaluces,,3,0,3,3,0,3,0,0,0,0,0
31829,OskarMatute,,3,0,3,3,0,3,0,0,0,0,0
31832,jovenes_CyL,,2,0,2,2,0,2,0,0,0,0,4
31833,MasMadridLGTBI,,2,0,2,2,0,2,0,0,0,0,5
31834,ES_Despoblacion,,2,0,2,2,0,2,0,0,0,0,4
31840,loterias_es,,3,0,3,3,0,3,0,0,0,0,0
31847,EUROsociAL_,,3,0,3,3,0,3,0,0,0,0,2
31848,TeruelExiste_,,2,0,2,2,0,2,0,0,0,0,4
31851,mvalerio_gu,,2,0,2,2,0,2,0,0,0,0,2
31852,ZaidaCantera,,2,0,2,2,0,2,0,0,0,0,5
31857,DiazCanelB,,3,0,3,3,0,3,0,0,0,0,2
31858,evoespueblo,,3,0,3,3,0,3,0,0,0,0,2
31860,mininoRojo,,2,0,2,2,0,2,0,0,0,0,5
31861,G2Ander,,2,0,2,2,0,2,0,0,0,0,6
31863,_PabloFdez_,,3,0,3,3,0,3,0,0,0,0,5
31864,controladores,,3,0,3,3,0,3,0,0,0,0,8
31865,Piedras_Papel,,3,0,3,3,0,3,0,0,0,0,4
31866,mjmonteroc,,3,0,3,3,0,3,0,0,0,0,0
31867,ciencia_uc3m,,3,0,3,3,0,3,0,0,0,0,4
31869,FUTER_ET,,2,0,2,2,0,2,0,0,0,0,6
31870,dipusalamanca,,3,0,3,3,0,3,0,0,0,0,4
31876,STONEandMUSIC,,2,0,2,2,0,2,0,0,0,0,0
31877,biblioteca_uc3m,,3,0,3,3,0,3,0,0,0,0,7
31878,master_uc3m,,3,0,3,3,0,3,0,0,0,0,1
31879,FJ_Merida,,2,0,2,2,0,2,0,0,0,0,2
31880,Electograph,,2,0,2,2,0,2,0,0,0,0,0
31888,J_Zaragoza_,,2,0,2,2,0,2,0,0,0,0,0
31894,AGENEXORG,,2,0,2,2,0,2,0,0,0,0,6
31896,elcomite_ext,,2,0,2,2,0,2,0,0,0,0,2
31898,Opositatest,,2,0,2,2,0,2,0,0,0,0,6
31906,TConstitucionE,,2,0,2,2,0,2,0,0,0,0,0
31909,EconomiaJusta,,2,0,2,2,0,2,0,0,0,0,4
31910,IdiomasUPO,,2,0,2,2,0,2,0,0,0,0,1
31917,isaacfouto,,3,0,3,3,0,3,0,0,0,0,5
31918,RubenSerranoM,,2,0,2,2,0,2,0,0,0,0,2
31919,mariano7r,,2,0,2,2,0,2,0,0,0,0,5
31920,anioramas,,2,0,2,2,0,2,0,0,0,0,0
31921,GLlamazares,,3,0,3,3,0,3,0,0,0,0,0
31922,actua_digital,,2,0,2,2,0,2,0,0,0,0,6
31923,AEPD_es,,2,0,2,2,0,2,0,0,0,0,2
31924,lluis_guilera,,2,0,2,2,0,2,0,0,0,0,0
31925,fundacionmarch,,2,0,2,2,0,2,0,0,0,0,0
31926,anapastorjulian,,3,0,3,3,0,3,0,0,0,0,2
31929,franciscopolo,,2,0,2,2,0,2,0,0,0,0,4
31931,AlumniUPO,,2,0,2,2,0,2,0,0,0,0,4
31934,CUMe_UEx,,3,0,3,3,0,3,0,0,0,0,5
31936,UniversoDrone,,2,0,2,2,0,2,0,0,0,0,0
31937,FCIMerida,,2,0,2,2,0,2,0,0,0,0,2
31940,EuropeDirectCC,,5,0,5,5,0,5,0,0,0,0,1
31941,unizar,,4,0,4,4,0,4,0,0,0,0,1
31943,masterpolitica,,2,0,2,2,0,2,0,0,0,0,0
31947,novagob,,3,0,3,3,0,3,0,0,0,0,0
31949,ayto_merida,,2,0,2,2,0,2,0,0,0,0,2
31950,JuntaEx_Empleo,,2,0,2,2,0,2,0,0,0,0,2
31951,JuventudCaceres,,2,0,2,2,0,2,0,0,0,0,1
31952,EURACTIVjobsite,,3,0,3,3,0,3,0,0,0,0,2
31953,CruzRojaEX,,2,0,2,2,0,2,0,0,0,0,0
31954,aestahoraex,,2,0,2,2,0,2,0,0,0,0,2
31962,camaraemplea,,3,0,3,3,0,3,0,0,0,0,0
31966,OIJ_DIGITAL,,3,0,3,3,0,3,0,0,0,0,2
31971,valtonyc,,2,0,2,2,0,2,0,0,0,0,2
31973,GSubrogada,,2,0,2,2,0,2,0,0,0,0,2
31982,Lucasvazquez91,,3,0,3,3,0,3,0,0,0,0,0
31983,camarasext,,2,0,2,2,0,2,0,0,0,0,2
31986,060gobes,,2,0,2,2,0,2,0,0,0,0,4
31988,SocialcumbreS,,3,0,3,3,0,3,0,0,0,0,2
31989,OficinaEmpleo,,3,0,3,3,0,3,0,0,0,0,1
31990,Infoempleo,,3,0,3,3,0,3,0,0,0,0,5
31993,ArchivosEst,,3,0,3,3,0,3,0,0,0,0,1
31994,largocaballerof,,2,0,2,2,0,2,0,0,0,0,2
31996,RRII_UEx,,3,0,3,3,0,3,0,0,0,0,6
31997,OOLUEX,,2,0,2,2,0,2,0,0,0,0,4
31998,JG_OpIHE,,3,0,3,3,0,3,0,0,0,0,5
31999,Turespana_,,3,0,3,3,0,3,0,0,0,0,0
32000,ghumanitaria,,3,0,3,3,0,3,0,0,0,0,4
32001,voluntariado,,3,0,3,3,0,3,0,0,0,0,4
32002,hacesfalta,,4,0,4,4,0,4,0,0,0,0,0
32005,FadJuventud,,2,0,2,2,0,2,0,0,0,0,4
32006,CursosVeranoUCM,,3,0,3,3,0,3,0,0,0,0,4
32009,oscepa,,2,0,2,2,0,2,0,0,0,0,1
32010,PSOEAytoSevilla,,2,0,2,2,0,2,0,0,0,0,0
32015,Region_Digital,,3,0,3,3,0,3,0,0,0,0,5
32018,OfiPrecaria,,3,0,3,3,0,3,0,0,0,0,2
32019,exunida_JEU,,2,0,2,2,0,2,0,0,0,0,2
32020,PatrimNacional,,3,0,3,3,0,3,0,0,0,0,0
32023,fundacionunexes,,3,0,3,3,0,3,0,0,0,0,5
32025,ASDEEx,,2,0,2,2,0,2,0,0,0,0,2
32030,portalparados,,3,0,3,3,0,3,0,0,0,0,5
32033,PromedioBadajoz,,2,0,2,2,0,2,0,0,0,0,4
32034,ILMUEx,,3,0,3,3,0,3,0,0,0,0,2
32035,AgusCanete,,3,0,3,3,0,3,0,0,0,0,0
32037,AEDH_EU,,2,0,2,2,0,2,0,0,0,0,1
32041,jovenescoop_ext,,2,0,2,2,0,2,0,0,0,0,2
32043,e_avante,,2,0,2,2,0,2,0,0,0,0,2
32048,ramonmartz,,2,0,2,2,0,2,0,0,0,0,6
32049,MaestrosCostura,,2,0,2,2,0,2,0,0,0,0,6
32051,extremtrabaja,,2,0,2,2,0,2,0,0,0,0,5
32052,JuntaEx_Mundo,,2,0,2,2,0,2,0,0,0,0,5
32054,PTSExtremadura,,2,0,2,2,0,2,0,0,0,0,0
32059,sorluciacaram,,3,0,3,3,0,3,0,0,0,0,0
32060,NOTICIAS_OPOS,,3,0,3,3,0,3,0,0,0,0,4
32066,_Lasker,,2,0,2,2,0,2,0,0,0,0,0
32069,EurasiaGroup,,2,0,2,2,0,2,0,0,0,0,1
32070,LSEEI,,2,0,2,2,0,2,0,0,0,0,1
32077,ForCivicEU,,4,0,4,4,0,4,0,0,0,0,1
32080,IUSY_Global,,3,0,3,3,0,3,0,0,0,0,2
32081,AmnistiaOnline,,3,0,3,3,0,3,0,0,0,0,2
32082,FBiodiversidad,,3,0,3,3,0,3,0,0,0,0,4
32083,AmigosTierraEsp,,3,0,3,3,0,3,0,0,0,0,2
32084,SEO_BirdLife,,3,0,3,3,0,3,0,0,0,0,1
32085,ecologistas,,3,0,3,3,0,3,0,0,0,0,0
32087,AlberguesREAJ,,2,0,2,2,0,2,0,0,0,0,1
32088,AIPCPandora,,2,0,2,2,0,2,0,0,0,0,6
32090,Bcnisnotcat_,,2,0,2,2,0,2,0,0,0,0,0
32095,sandrasabates11,,2,0,2,2,0,2,0,0,0,0,0
32098,arcopoli,,3,0,3,3,0,3,0,0,0,0,1
32103,Juanma_Toribio,,2,0,2,2,0,2,0,0,0,0,0
32105,reclamador,,2,0,2,2,0,2,0,0,0,0,8
32112,Ryanair_ES,,3,0,3,3,0,3,0,0,0,0,3
32113,Mr_Marzo,,2,0,2,2,0,2,0,0,0,0,5
32124,TrabajarEuropa,,4,0,4,4,0,4,0,0,0,0,1
32125,euromovilidad,,3,0,3,3,0,3,0,0,0,0,1
32126,ULPGranada,,2,0,2,2,0,2,0,0,0,0,2
32128,FSDsice,,2,0,2,2,0,2,0,0,0,0,2
32129,sicetoday,,2,0,2,2,0,2,0,0,0,0,2
32131,CPCacerenoSAD,,3,0,3,3,0,3,0,0,0,0,2
32133,josm94,,2,0,2,2,0,2,0,0,0,0,6
32134,EPExtremadura,,2,0,2,2,0,2,0,0,0,0,5
32138,Atrevia,,2,0,2,2,0,2,0,0,0,0,0
32139,ElGiraldillo_,,4,0,4,4,0,4,0,0,0,0,4
32140,__jm93,,2,0,2,2,0,2,0,0,0,0,4
32144,iberoame,,3,0,3,3,0,3,0,0,0,0,4
32145,FLACSOSG,,2,0,2,2,0,2,0,0,0,0,4
32149,lapruebaes,,3,0,3,3,0,3,0,0,0,0,5
32152,ateneodesevilla,,2,0,2,2,0,2,0,0,0,0,1
32153,DipdeBadajoz,,3,0,3,3,0,3,0,0,0,0,5
32156,Aprendemas,,3,0,3,3,0,3,0,0,0,0,1
32157,ideasfactory_es,,2,0,2,2,0,2,0,0,0,0,2
32158,clinicaJASUsal,,2,0,2,2,0,2,0,0,0,0,2
32159,becas_boe,,3,0,3,3,0,3,0,0,0,0,4
32160,cepcgob,,4,0,4,4,0,4,0,0,0,0,4
32161,compolitica,,3,0,3,3,0,3,0,0,0,0,4
32162,luisfr_sanchez,,2,0,2,2,0,2,0,0,0,0,6
32163,japtapias,,4,0,4,4,0,4,0,0,0,0,6
32166,AEXCID_,,2,0,2,2,0,2,0,0,0,0,2
32167,jsebadajoz,,2,0,2,2,0,2,0,0,0,0,2
32168,Talentum,,2,0,2,2,0,2,0,0,0,0,0
32169,luistudanca,,4,0,4,4,0,4,0,0,0,0,0
32170,alvarocervan,,2,0,2,2,0,2,0,0,0,0,0
32171,EAPNEXTREMADURA,,2,0,2,2,0,2,0,0,0,0,4
32173,CJAndalucia,,3,0,3,3,0,3,0,0,0,0,0
32175,sorayavega,,2,0,2,2,0,2,0,0,0,0,2
32177,BrunoHortelano,,2,0,2,2,0,2,0,0,0,0,0
32178,ProgramaMinerva,,3,0,3,3,0,3,0,0,0,0,0
32179,PoliciaslaSexta,,2,0,2,2,0,2,0,0,0,0,2
32180,ReutersEspana,,3,0,3,3,0,3,0,0,0,0,2
32182,ExplorerByX,,2,0,2,2,0,2,0,0,0,0,0
32183,CsExtremadura,,2,0,2,2,0,2,0,0,0,0,2
32185,Junta_Ex,,2,0,2,2,0,2,0,0,0,0,2
32186,silviaScm,,2,0,2,2,0,2,0,0,0,0,5
32189,Cambio16,,3,0,3,3,0,3,0,0,0,0,4
32191,RamonEspinar,,2,0,2,2,0,2,0,0,0,0,5
32192,NachoSAmor,,2,0,2,2,0,2,0,0,0,0,2
32195,EduardoFRub,,4,0,4,4,0,4,0,0,0,0,5
32196,AsperUSAL,,3,0,3,3,0,3,0,0,0,0,4
32197,nortecastilla,,2,0,2,2,0,2,0,0,0,0,2
32198,TribunaSal,,3,0,3,3,0,3,0,0,0,0,8
32199,LaGacetaSA,,3,0,3,3,0,3,0,0,0,0,8
32200,LaCronica_SA,,3,0,3,3,0,3,0,0,0,0,4
32201,_ADUSAL,,3,0,3,3,0,3,0,0,0,0,4
32203,AdrianDimasXXX,,2,0,2,2,0,2,0,0,0,0,2
32206,FacDerechoUsal,,3,0,3,3,0,3,0,0,0,0,1
32207,FiestasSalamnca,,3,0,3,3,0,3,0,0,0,0,4
32209,SA_enfurecida,,3,0,3,3,0,3,0,0,0,0,4
32210,SIECrim,,3,0,3,3,0,3,0,0,0,0,4
32211,javihoyos,,2,0,2,2,0,2,0,0,0,0,0
32212,fundacionyuste,,3,0,3,3,0,3,0,0,0,0,5
32214,fiestasuniversi,,3,0,3,3,0,3,0,0,0,0,6
32216,HawkersCo,,4,0,4,4,0,4,0,0,0,0,4
32217,Herminio_Serra,,2,0,2,2,0,2,0,0,0,0,6
32220,que_hacen,,2,0,2,2,0,2,0,0,0,0,0
32221,cextremadura,,2,0,2,2,0,2,0,0,0,0,5
32222,Lsalaya,,2,0,2,2,0,2,0,0,0,0,4
32224,SaberyPotar,,2,0,2,2,0,2,0,0,0,0,6
32225,DelgDerecho,,2,0,2,2,0,2,0,0,0,0,1
32226,codexderecho,,2,0,2,2,0,2,0,0,0,0,4
32228,JuanEspadasSVQ,,3,0,3,3,0,3,0,0,0,0,1
32230,rojosevillano,,4,0,4,4,0,4,0,0,0,0,0
32231,FJMoyano,,2,0,2,2,0,2,0,0,0,0,6
32237,tuderechoasaber,,2,0,2,2,0,2,0,0,0,0,0
32240,alumdereUS,,3,0,3,3,0,3,0,0,0,0,4
32243,Moyano_Ale,,3,0,3,3,0,3,0,0,0,0,1
32246,CanovasFundac,,2,0,2,2,0,2,0,0,0,0,0
32247,HouseofCards,,3,0,3,3,0,3,0,0,0,0,0
32249,PoliticAhora,,2,0,2,2,0,2,0,0,0,0,0
32255,JpDemocracia,,2,0,2,2,0,2,0,0,0,0,2
32256,MPRgroupUSA,,2,0,2,2,0,2,0,0,0,0,0
32257,r_romera,,6,0,6,6,0,6,0,0,0,0,6
32259,CesarCalderon,,3,0,3,3,0,3,0,0,0,0,5
32260,micaela_navarro,,3,0,3,3,0,3,0,0,0,0,0
32262,QueDiseMiarma,,2,0,2,2,0,2,0,0,0,0,0
32264,GeneracionGeek,,2,0,2,2,0,2,0,0,0,0,0
32265,eldiarioex,,2,0,2,2,0,2,0,0,0,0,2
32266,PabloBanderas_,,2,0,2,2,0,2,0,0,0,0,0
32267,jordiporn,,2,0,2,2,0,2,0,0,0,0,8
32268,nickyromero,,3,0,3,3,0,3,0,0,0,0,2
32269,dimitrivegas,,3,0,3,3,0,3,0,0,0,0,2
32273,Unievento,,3,0,3,3,0,3,0,0,0,0,7
32274,HoyoTheJungle,,3,0,3,3,0,3,0,0,0,0,1
32276,fibesevilla,,5,0,5,5,0,5,0,0,0,0,0
32278,LaSalaSVQ,,2,0,2,2,0,2,0,0,0,0,0
32281,LegalToday,,2,0,2,2,0,2,0,0,0,0,2
32283,jovenesCEDE,,2,0,2,2,0,2,0,0,0,0,0
32287,territoriosfest,,3,0,3,3,0,3,0,0,0,0,5
32288,Damianmolla,,2,0,2,2,0,2,0,0,0,0,0
32289,Xoelus,,3,0,3,3,0,3,0,0,0,0,6
32293,sevillapatiesos,,3,0,3,3,0,3,0,0,0,0,6
32298,jmokean,,2,0,2,2,0,2,0,0,0,0,6
32299,ViveLaFiestaSev,,3,0,3,3,0,3,0,0,0,0,0
32302,JCDuran_,,2,0,2,2,0,2,0,0,0,0,4
32303,ctello91,,3,0,3,3,0,3,0,0,0,0,5
32306,luis_pani,,2,0,2,2,0,2,0,0,0,0,0
32308,AlejoSauras,,3,0,3,3,0,3,0,0,0,0,0
32315,VeranoEnSevilla,,2,0,2,2,0,2,0,0,0,0,6
32328,selunieto,,2,0,2,2,0,2,0,0,0,0,0
32330,elmonaguillo,,3,0,3,3,0,3,0,0,0,0,0
32331,Costacolors,,2,0,2,2,0,2,0,0,0,0,2
32334,PatriciaHdezGut,,3,0,3,3,0,3,0,0,0,0,6
32335,Llumbarrera,,2,0,2,2,0,2,0,0,0,0,0
32336,COPEMERIDA,,2,0,2,2,0,2,0,0,0,0,2
32337,ForeignPolicy,,3,0,3,3,0,3,0,0,0,0,2
32338,EquipoMadina,,2,0,2,2,0,2,0,0,0,0,5
32340,discotecaLechic,,2,0,2,2,0,2,0,0,0,0,6
32341,Pignoise,,2,0,2,2,0,2,0,0,0,0,2
32342,Festival_Merida,,3,0,3,3,0,3,0,0,0,0,0
32343,RealBetisBasket,,2,0,2,2,0,2,0,0,0,0,0
32344,alexhernandez_5,,2,0,2,2,0,2,0,0,0,0,5
32346,Cs_Sevilla_,,3,0,3,3,0,3,0,0,0,0,0
32351,QAHcom,,3,0,3,3,0,3,0,0,0,0,2
32352,Frank_Blanco,,3,0,3,3,0,3,0,0,0,0,0
32353,42MadridFTef,,3,0,3,3,0,3,0,0,0,0,4
32355,psoeex,,3,0,3,3,0,3,0,0,0,0,5
32358,Adrian_Lastra,,3,0,3,3,0,3,0,0,0,0,0
32360,rastacai,,3,0,3,3,0,3,0,0,0,0,0
32365,SextaNocheTV,,3,0,3,3,0,3,0,0,0,0,4
32366,Uthopizate,,2,0,2,2,0,2,0,0,0,0,6
32376,sergikylven,,3,0,3,3,0,3,0,0,0,0,5
32377,miguelamunoz,,3,0,3,3,0,3,0,0,0,0,0
32378,OndaCampus,,2,0,2,2,0,2,0,0,0,0,2
32380,SIPAndalucia,,2,0,2,2,0,2,0,0,0,0,2
32381,alexgonzalezact,,3,0,3,3,0,3,0,0,0,0,0
32382,pau_eche,,3,0,3,3,0,3,0,0,0,0,6
32383,RubenSanzR,,2,0,2,2,0,2,0,0,0,0,5
32385,Maxi_Iglesias,,3,0,3,3,0,3,0,0,0,0,6
32388,_AERE_,,2,0,2,2,0,2,0,0,0,0,6
32389,JSAndalucia,,3,0,3,3,0,3,0,0,0,0,4
32391,Saharupo,,2,0,2,2,0,2,0,0,0,0,4
32393,ManuRodriguezCC,,2,0,2,2,0,2,0,0,0,0,7
32394,Jgomeznoya,,2,0,2,2,0,2,0,0,0,0,5
32395,rudy5fernandez,,3,0,3,3,0,3,0,0,0,0,0
32396,23Llull,,3,0,3,3,0,3,0,0,0,0,0
32397,UOCAndalucia,,4,0,4,4,0,4,0,0,0,0,6
32398,EnPrimicia,,2,0,2,2,0,2,0,0,0,0,4
32399,EPcongreso,,2,0,2,2,0,2,0,0,0,0,0
32401,_CJEx_,,3,0,3,3,0,3,0,0,0,0,2
32402,HOYCalamonte,,2,0,2,2,0,2,0,0,0,0,2
32405,SantaClaraUpo,,2,0,2,2,0,2,0,0,0,0,0
32407,Sevillainforma,,3,0,3,3,0,3,0,0,0,0,0
32413,labragandiash,,2,0,2,2,0,2,0,0,0,0,0
32414,SportUnvrs,,3,0,3,3,0,3,0,0,0,0,6
32415,AlvaroMonjeCruz,,2,0,2,2,0,2,0,0,0,0,0
32416,alex_martinez,,2,0,2,2,0,2,0,0,0,0,0
32419,Tatuados,,2,0,2,2,0,2,0,0,0,0,5
32421,DefensorAndaluz,,2,0,2,2,0,2,0,0,0,0,0
32422,kikillovlogs,,3,0,3,3,0,3,0,0,0,0,3
32423,Esc_Judicial,,3,0,3,3,0,3,0,0,0,0,3
32424,Consejogpj,,3,0,3,3,0,3,0,0,0,0,3
32425,UPODerecho,,3,0,3,3,0,3,0,0,0,0,4
32426,iDiscotecas,,2,0,2,2,0,2,0,0,0,0,1
32428,elpais_america,,3,0,3,3,0,3,0,0,0,0,4
32429,SomosReliate,,2,0,2,2,0,2,0,0,0,0,6
32432,juanjomarfe,,3,0,3,3,0,3,0,0,0,0,0
32433,Victorerubio,,2,0,2,2,0,2,0,0,0,0,6
32436,PlazaEuropa_JG,,2,0,2,2,0,2,0,0,0,0,6
32439,adviceforgrind,,2,0,2,2,0,2,0,0,0,0,1
32443,olitorres10,,3,0,3,3,0,3,0,0,0,0,5
32444,AlbertoSantana_,,3,0,3,3,0,3,0,0,0,0,5
32445,AlvaroMorata,,3,0,3,3,0,3,0,0,0,0,5
32449,AbrahamGandiaSh,,3,0,3,3,0,3,0,0,0,0,2
32450,ErikRiolobos,,2,0,2,2,0,2,0,0,0,0,5
32454,MasPolitologia,,2,0,2,2,0,2,0,0,0,0,4
32463,SelfTodd,,2,0,2,2,0,2,0,0,0,0,6
32466,Denfurecido,,2,0,2,2,0,2,0,0,0,0,0
32487,susanadiaz,,3,0,3,3,0,3,0,0,0,0,0
32490,JoanCanellas,,2,0,2,2,0,2,0,0,0,0,0
32495,RFEBalonmano,,3,0,3,3,0,3,0,0,0,0,5
32496,Josseroodriguez,,2,0,2,2,0,2,0,0,0,0,0
32497,deportegob,,3,0,3,3,0,3,0,0,0,0,4
32498,PReina25,,3,0,3,3,0,3,0,0,0,0,2
32499,COE_es,,3,0,3,3,0,3,0,0,0,0,0
32500,JmCalderon,,3,0,3,3,0,3,0,0,0,0,0
32502,FAEST_EP,,2,0,2,2,0,2,0,0,0,0,4
32503,fundacionupo,,3,0,3,3,0,3,0,0,0,0,4
32504,infouex,,4,0,4,4,0,4,0,0,0,0,5
32505,EP_Extremadura,,2,0,2,2,0,2,0,0,0,0,2
32508,victor_palmero,,2,0,2,2,0,2,0,0,0,0,5
32509,RaulArevaloZ,,3,0,3,3,0,3,0,0,0,0,0
32510,informerUPO,,2,0,2,2,0,2,0,0,0,0,1
32515,RMBaloncesto,,3,0,3,3,0,3,0,0,0,0,0
32518,bibupo,,2,0,2,2,0,2,0,0,0,0,0
32519,G_Higuain,,3,0,3,3,0,3,0,0,0,0,0
32532,PepeGrinan,,3,0,3,3,0,3,0,0,0,0,5
32538,deportesupo,,2,0,2,2,0,2,0,0,0,0,4
32540,sicegranada,,3,0,3,3,0,3,0,0,0,0,6
32543,ricardogomez10,,3,0,3,3,0,3,0,0,0,0,0
32550,NACHOVIDALPORN,,2,0,2,2,0,2,0,0,0,0,0
32553,Saul_Craviotto,,3,0,3,3,0,3,0,0,0,0,0
32554,Javi8martinez,,3,0,3,3,0,3,0,0,0,0,8
32555,ParlamentoAnd,,4,0,4,4,0,4,0,0,0,0,6
32556,Asamblea_Ex,,2,0,2,2,0,2,0,0,0,0,2
32559,UPO_ENFURECIDA,,2,0,2,2,0,2,0,0,0,0,0
32563,GFVara,,3,0,3,3,0,3,0,0,0,0,0
32564,NievesMape,,2,0,2,2,0,2,0,0,0,0,0
32567,AbogEnfurecida,,2,0,2,2,0,2,0,0,0,0,0
32568,UNISENFURECIDAS,,2,0,2,2,0,2,0,0,0,0,5
32570,J21Calleti,,3,0,3,3,0,3,0,0,0,0,5
32592,BeitaCasero,,2,0,2,2,0,2,0,0,0,0,6
32610,blogsdepolitica,,2,0,2,2,0,2,0,0,0,0,0
32621,GuasapCuatro,,2,0,2,2,0,2,0,0,0,0,2
32627,Torren__,,3,0,3,3,0,3,0,0,0,0,6
32628,IkerMuniain10,,5,0,5,5,0,5,0,0,0,0,2
32631,CONEDE,,4,0,4,4,0,4,0,0,0,0,6
32638,JJOORtve,,3,0,3,3,0,3,0,0,0,0,4
32643,Guaje7Villa,,3,0,3,3,0,3,0,0,0,0,0
32647,carestudiantes,,3,0,3,3,0,3,0,0,0,0,6
32648,eGranero11,,3,0,3,3,0,3,0,0,0,0,5
32652,YouthCOE,,2,0,2,2,0,2,0,0,0,0,1
32654,coe_dys,,3,0,3,3,0,3,0,0,0,0,1
32655,europeers,,3,0,3,3,0,3,0,0,0,0,1
32656,FEMYSO,,2,0,2,2,0,2,0,0,0,0,1
32657,YFactor,,3,0,3,3,0,3,0,0,0,0,1
32659,UNDP4Youth,,3,0,3,3,0,3,0,0,0,0,1
32661,TheAEGEEan,,3,0,3,3,0,3,0,0,0,0,1
32663,BetaScotland,,2,0,2,2,0,2,0,0,0,0,2
32665,AEGEE_EaP,,3,0,3,3,0,3,0,0,0,0,1
32666,social_platform,,4,0,4,4,0,4,0,0,0,0,1
32671,FelixSoaresEUR,,2,0,2,2,0,2,0,0,0,0,2
32674,YVoteEU,,2,0,2,2,0,2,0,0,0,0,1
32678,EuropeDirectCBa,,4,0,4,4,0,4,0,0,0,0,1
32681,CaleEuropaEdic,,4,0,4,4,0,4,0,0,0,0,1
32683,euromove,,3,0,3,3,0,3,0,0,0,0,1
32685,eispossible,,4,0,4,4,0,4,0,0,0,0,1
32686,opencitizenship,,3,0,3,3,0,3,0,0,0,0,1
32687,EYAgraz,,3,0,3,3,0,3,0,0,0,0,1
32689,volunteering_uk,,3,0,3,3,0,3,0,0,0,0,1
32690,EDICPoole,,3,0,3,3,0,3,0,0,0,0,1
32691,anrurka,,3,0,3,3,0,3,0,0,0,0,2
32693,CoE_GoodGov,,2,0,2,2,0,2,0,0,0,0,1
32694,youthpolicy,,3,0,3,3,0,3,0,0,0,0,1
32696,YouthandPolicy,,2,0,2,2,0,2,0,0,0,0,2
32702,EuroYouthMH,,2,0,2,2,0,2,0,0,0,0,1
32705,JEF_Nederland,,2,0,2,2,0,2,0,0,0,0,1
32710,JEF_SaAn,,2,0,2,2,0,2,0,0,0,0,1
32711,JEF_Hessen,,2,0,2,2,0,2,0,0,0,0,1
32712,JEF_BW,,2,0,2,2,0,2,0,0,0,0,1
32713,ManfredWeber,,3,0,3,3,0,3,0,0,0,0,1
32714,caimerew,,3,0,3,3,0,3,0,0,0,0,1
32715,jefhamburg,,2,0,2,2,0,2,0,0,0,0,1
32716,EDFagaras,,4,0,4,4,0,4,0,0,0,0,1
32717,EuropeLyon,,4,0,4,4,0,4,0,0,0,0,1
32718,AEGEE_Aachen,,3,0,3,3,0,3,0,0,0,0,1
32719,AEGEE_Pisa,,3,0,3,3,0,3,0,0,0,0,1
32720,EuropeDirectNA,,4,0,4,4,0,4,0,0,0,0,1
32721,AEGEE_Ankara,,3,0,3,3,0,3,0,0,0,0,1
32722,EDICELIAMEP,,4,0,4,4,0,4,0,0,0,0,1
32724,MdE_Brest,,3,0,3,3,0,3,0,0,0,0,1
32725,EuropeDirectCor,,4,0,4,4,0,4,0,0,0,0,1
32726,ENPdC,,2,0,2,2,0,2,0,0,0,0,1
32727,visionsdeurope,,3,0,3,3,0,3,0,0,0,0,1
32728,EuropeenSarthe,,2,0,2,2,0,2,0,0,0,0,1
32730,eurocircle_eu,,3,0,3,3,0,3,0,0,0,0,1
32731,RPFranceUE,,3,0,3,3,0,3,0,0,0,0,1
32732,ALTEREU,,2,0,2,2,0,2,0,0,0,0,1
32735,Europe2607,,2,0,2,2,0,2,0,0,0,0,1
32736,EDIC_Thess,,4,0,4,4,0,4,0,0,0,0,1
32737,EDPortlaoise,,3,0,3,3,0,3,0,0,0,0,1
32738,FVolontaires,,3,0,3,3,0,3,0,0,0,0,1
32739,franceallemagne,,2,0,2,2,0,2,0,0,0,0,1
32741,Catch_E_yoU,,2,0,2,2,0,2,0,0,0,0,3
32743,EuropeDirectAms,,4,0,4,4,0,4,0,0,0,0,1
32744,EDIPotsdam,,3,0,3,3,0,3,0,0,0,0,1
32745,EUCommScotland,,2,0,2,2,0,2,0,0,0,0,1
32746,Lieu_dEurope,,2,0,2,2,0,2,0,0,0,0,1
32747,EDPrzemyl,,4,0,4,4,0,4,0,0,0,0,1
32748,EuropeDirectSl,,4,0,4,4,0,4,0,0,0,0,1
32749,EDPoprad,,4,0,4,4,0,4,0,0,0,0,1
32750,CIEDGrenoble,,4,0,4,4,0,4,0,0,0,0,1
32751,CIED_PACA,,4,0,4,4,0,4,0,0,0,0,1
32752,europedirectsto,,4,0,4,4,0,4,0,0,0,0,1
32753,EUCYPRUS,,3,0,3,3,0,3,0,0,0,0,1
32754,Europarl_CAT,,3,0,3,3,0,3,0,0,0,0,1
32755,EP_CYPRUS,,3,0,3,3,0,3,0,0,0,0,1
32756,Europarl_HU,,2,0,2,2,0,2,0,0,0,0,1
32757,EP_LUXEMBOURG,,3,0,3,3,0,3,0,0,0,0,1
32758,EuropeinUK,,3,0,3,3,0,3,0,0,0,0,1
32759,EP_Budapest,,3,0,3,3,0,3,0,0,0,0,1
32760,PEStrasbourg,,3,0,3,3,0,3,0,0,0,0,1
32761,Europarl_SK,,3,0,3,3,0,3,0,0,0,0,1
32762,EPinUK_edu,,3,0,3,3,0,3,0,0,0,0,1
32763,EP_Zagreb,,2,0,2,2,0,2,0,0,0,0,1
32764,PiaAhrenkilde,,3,0,3,3,0,3,0,0,0,0,1
32765,EP_Slovenija,,3,0,3,3,0,3,0,0,0,0,1
32766,EP_Hellas,,3,0,3,3,0,3,0,0,0,0,1
32767,EPinDeutschland,,3,0,3,3,0,3,0,0,0,0,1
32768,EP_Praha,,3,0,3,3,0,3,0,0,0,0,1
32769,Europarl_LT,,2,0,2,2,0,2,0,0,0,0,1
32770,EPinUK,,3,0,3,3,0,3,0,0,0,0,1
32771,PE_Wroclaw,,3,0,3,3,0,3,0,0,0,0,1
32772,PE_Polska,,3,0,3,3,0,3,0,0,0,0,1
32773,EP_Belgium,,3,0,3,3,0,3,0,0,0,0,1
32774,EPinIreland,,3,0,3,3,0,3,0,0,0,0,1
32775,PEMarseille,,3,0,3,3,0,3,0,0,0,0,1
32776,PE_FRANCE,,3,0,3,3,0,3,0,0,0,0,1
32777,Ideas4Europe,,3,0,3,3,0,3,0,0,0,0,1
32778,europarlAV,,3,0,3,3,0,3,0,0,0,0,1
32779,OpenEurope,,3,0,3,3,0,3,0,0,0,0,1
32780,Europarl_NL,,3,0,3,3,0,3,0,0,0,0,1
32781,Europarl_LV,,2,0,2,2,0,2,0,0,0,0,1
32782,EngsoYouth,,3,0,3,3,0,3,0,0,0,0,1
32783,EC_Budapest,,2,0,2,2,0,2,0,0,0,0,1
32784,GOettingerEU,,3,0,3,3,0,3,0,0,0,0,1
32785,EP_HumanRights,,3,0,3,3,0,3,0,0,0,0,1
32786,EP_Trade,,3,0,3,3,0,3,0,0,0,0,1
32787,EP_Economics,,3,0,3,3,0,3,0,0,0,0,1
32788,EPSocialAffairs,,3,0,3,3,0,3,0,0,0,0,1
32789,CEPS_thinktank,,3,0,3,3,0,3,0,0,0,0,1
32790,Bruegel_org,,3,0,3,3,0,3,0,0,0,0,1
32791,Europarl_da,,2,0,2,2,0,2,0,0,0,0,1
32792,BlogActiv,,3,0,3,3,0,3,0,0,0,0,1
32793,EURACTIV_FR,,3,0,3,3,0,3,0,0,0,0,1
32794,EP_Malta,,3,0,3,3,0,3,0,0,0,0,1
32795,Europarl_RO,,3,0,3,3,0,3,0,0,0,0,1
32796,AEGEETbilisi,,3,0,3,3,0,3,0,0,0,0,1
32797,AEGEE_Catania,,3,0,3,3,0,3,0,0,0,0,1
32798,AEGEE_Ploiesti,,3,0,3,3,0,3,0,0,0,0,1
32799,EUPublicAffairs,,3,0,3,3,0,3,0,0,0,0,1
32800,eyp_network,,3,0,3,3,0,3,0,0,0,0,1
32801,Europarl_HR,,2,0,2,2,0,2,0,0,0,0,1
32802,ED_Lombardia,,4,0,4,4,0,4,0,0,0,0,1
32803,EUCitizenAbroad,,3,0,3,3,0,3,0,0,0,0,1
32804,CarnegieEndow,,3,0,3,3,0,3,0,0,0,0,1
32805,UKYP,,3,0,3,3,0,3,0,0,0,0,1
32806,JEF_Andalucia,,3,0,3,3,0,3,0,0,0,0,1
32807,LePoint,,3,0,3,3,0,3,0,0,0,0,1
32808,GFE_JefItaly,,2,0,2,2,0,2,0,0,0,0,1
32809,PLPermRepEU,,3,0,3,3,0,3,0,0,0,0,1
32810,EU4BE,,3,0,3,3,0,3,0,0,0,0,1
32811,EuropeDirectPyr,,4,0,4,4,0,4,0,0,0,0,1
32812,yourparliament,,3,0,3,3,0,3,0,0,0,0,1
32813,Claude_Moraes,,2,0,2,2,0,2,0,0,0,0,1
32814,EPA_MyEuropa,,3,0,3,3,0,3,0,0,0,0,1
32815,youreurope,,3,0,3,3,0,3,0,0,0,0,1
32816,EUspeak,,3,0,3,3,0,3,0,0,0,0,1
32817,Europarla,,2,0,2,2,0,2,0,0,0,0,1
32818,EuropeDirect78,,4,0,4,4,0,4,0,0,0,0,1
32819,europedirectter,,4,0,4,4,0,4,0,0,0,0,1
32820,EPiDanmark,,2,0,2,2,0,2,0,0,0,0,1
32821,euidanmark,,2,0,2,2,0,2,0,0,0,0,1
32822,eufederalists,,3,0,3,3,0,3,0,0,0,0,1
32823,cafebabel_ENG,,3,0,3,3,0,3,0,0,0,0,1
32824,europedirect,,4,0,4,4,0,4,0,0,0,0,1
32825,nohate_speech,,3,0,3,3,0,3,0,0,0,0,1
32826,UCL_EI,,2,0,2,2,0,2,0,0,0,0,1
32827,eypuk,,3,0,3,3,0,3,0,0,0,0,1
32828,eypaustria,,3,0,3,3,0,3,0,0,0,0,1
32829,eyppoland,,3,0,3,3,0,3,0,0,0,0,1
32830,EYPUA,,3,0,3,3,0,3,0,0,0,0,1
32831,EYP_CZ,,3,0,3,3,0,3,0,0,0,0,1
32832,eypfinland,,3,0,3,3,0,3,0,0,0,0,1
32833,IES_Brussels,,3,0,3,3,0,3,0,0,0,0,1
32834,EC_StockholmRep,,3,0,3,3,0,3,0,0,0,0,1
32835,UE_Luxembourg,,2,0,2,2,0,2,0,0,0,0,1
32836,EUKommWien,,2,0,2,2,0,2,0,0,0,0,1
32837,EuropeLimousin,,4,0,4,4,0,4,0,0,0,0,1
32838,edicpafos,,4,0,4,4,0,4,0,0,0,0,1
32839,eurofound,,4,0,4,4,0,4,0,0,0,0,1
32840,EuropeDirectTO,,4,0,4,4,0,4,0,0,0,0,1
32841,EuropeDirectCt,,4,0,4,4,0,4,0,0,0,0,1
32842,AEGEEValladolid,,3,0,3,3,0,3,0,0,0,0,1
32843,CuencaEurope,,3,0,3,3,0,3,0,0,0,0,1
32844,edgijon,,4,0,4,4,0,4,0,0,0,0,1
32845,EDirectBurgos,,4,0,4,4,0,4,0,0,0,0,1
32846,EDIC_Crete,,4,0,4,4,0,4,0,0,0,0,1
32847,IYFcharity,,2,0,2,2,0,2,0,0,0,0,1
32848,Mde_CIED_Rennes,,4,0,4,4,0,4,0,0,0,0,1
32849,plus_socialgood,,3,0,3,3,0,3,0,0,0,0,1
32850,EDICDrenthe,,4,0,4,4,0,4,0,0,0,0,1
32851,EuropeDirectSA,,3,0,3,3,0,3,0,0,0,0,1
32852,UE_ED_Caserta,,4,0,4,4,0,4,0,0,0,0,1
32853,ED_Koper,,4,0,4,4,0,4,0,0,0,0,1
32854,EuropeDirectcr,,4,0,4,4,0,4,0,0,0,0,1
32855,EuropeMtpOc,,4,0,4,4,0,4,0,0,0,0,1
32856,EURACTIVUK,,2,0,2,2,0,2,0,0,0,0,1
32857,EuropeBFC,,4,0,4,4,0,4,0,0,0,0,1
32858,Maisoneuropetou,,4,0,4,4,0,4,0,0,0,0,1
32859,EuropeProvence,,3,0,3,3,0,3,0,0,0,0,1
32860,youthreporter,,3,0,3,3,0,3,0,0,0,0,1
32861,EuropeDirectSeg,,4,0,4,4,0,4,0,0,0,0,1
32862,EurodeskIreland,,4,0,4,4,0,4,0,0,0,0,1
32863,AEGEE_helsinki,,3,0,3,3,0,3,0,0,0,0,1
32864,aegeema,,3,0,3,3,0,3,0,0,0,0,1
32865,AEGEE_Utrecht,,3,0,3,3,0,3,0,0,0,0,1
32866,AEGEEHeidelberg,,3,0,3,3,0,3,0,0,0,0,1
32867,EUinNL,,4,0,4,4,0,4,0,0,0,0,1
32868,Carnegie_Europe,,3,0,3,3,0,3,0,0,0,0,1
32869,JEFMalta,,3,0,3,3,0,3,0,0,0,0,1
32870,Youth4Tomorrow1,,2,0,2,2,0,2,0,0,0,0,1
32871,ErasmusPlusHU,,2,0,2,2,0,2,0,0,0,0,1
32872,Europarl_MT,,3,0,3,3,0,3,0,0,0,0,1
32873,aucafedeleurope,,3,0,3,3,0,3,0,0,0,0,1
32874,ECRepMalta,,2,0,2,2,0,2,0,0,0,0,1
32875,EUReuters,,2,0,2,2,0,2,0,0,0,0,1
32876,EUinAlbania,,2,0,2,2,0,2,0,0,0,0,1
32877,ComSecYouth,,2,0,2,2,0,2,0,0,0,0,1
32878,Senficon,,2,0,2,2,0,2,0,0,0,0,1
32879,AIESECFrance,,3,0,3,3,0,3,0,0,0,0,1
32880,AIESECde,,4,0,4,4,0,4,0,0,0,0,1
32881,Injep,,3,0,3,3,0,3,0,0,0,0,1
32882,UEFrance,,3,0,3,3,0,3,0,0,0,0,1
32883,fundisaorg,,2,0,2,2,0,2,0,0,0,0,1
32884,ForumLT,,2,0,2,2,0,2,0,0,0,0,1
32885,earthhour,,4,0,4,4,0,4,0,0,0,0,1
32886,portraitseurope,,3,0,3,3,0,3,0,0,0,0,1
32887,eTwinning_DE,,5,0,5,5,0,5,0,0,0,0,1
32888,euromakers,,2,0,2,2,0,2,0,0,0,0,1
32889,eTwinningSWE,,2,0,2,2,0,2,0,0,0,0,1
32890,eTwinningLV,,3,0,3,3,0,3,0,0,0,0,1
32891,eTwinningRO,,2,0,2,2,0,2,0,0,0,0,1
32892,eTwinningNorge,,2,0,2,2,0,2,0,0,0,0,1
32893,WHOatEU,,2,0,2,2,0,2,0,0,0,0,1
32894,eTwinningFrance,,4,0,4,4,0,4,0,0,0,0,1
32895,eTwinning_nl,,4,0,4,4,0,4,0,0,0,0,1
32896,Food_EU,,2,0,2,2,0,2,0,0,0,0,1
32897,EU_Consumer,,3,0,3,3,0,3,0,0,0,0,1
32898,cidmk,,2,0,2,2,0,2,0,0,0,0,1
32899,360YouthOrg,,3,0,3,3,0,3,0,0,0,0,1
32900,socialleaders,,3,0,3,3,0,3,0,0,0,0,1
32901,aiesec_fi,,3,0,3,3,0,3,0,0,0,0,1
32902,AIESECItaly,,3,0,3,3,0,3,0,0,0,0,1
32903,AIESEC_UA,,3,0,3,3,0,3,0,0,0,0,1
32904,AIESECUK,,3,0,3,3,0,3,0,0,0,0,1
32905,AIESECinSWEDEN,,3,0,3,3,0,3,0,0,0,0,1
32906,ErasmusPlusRO,,2,0,2,2,0,2,0,0,0,0,1
32907,ErasmusplusNL,,3,0,3,3,0,3,0,0,0,0,1
32908,ErasmusPlusLV,,3,0,3,3,0,3,0,0,0,0,1
32909,AEGEE_Zaragoza,,3,0,3,3,0,3,0,0,0,0,1
32910,aegeemadrid,,3,0,3,3,0,3,0,0,0,0,1
32911,AEGEE_Yerevan,,3,0,3,3,0,3,0,0,0,0,1
32912,aegee_berlin,,3,0,3,3,0,3,0,0,0,0,1
32913,AEGEE_Debrecen,,3,0,3,3,0,3,0,0,0,0,1
32914,IPWGEurope,,3,0,3,3,0,3,0,0,0,0,1
32915,aegeezagreb,,3,0,3,3,0,3,0,0,0,0,1
32916,AegeeValletta,,3,0,3,3,0,3,0,0,0,0,1
32917,eurogender,,2,0,2,2,0,2,0,0,0,0,1
32918,AEGEE_Baki,,3,0,3,3,0,3,0,0,0,0,1
32919,AEGEELjubljana,,3,0,3,3,0,3,0,0,0,0,1
32920,aegeepeiraias,,3,0,3,3,0,3,0,0,0,0,1
32921,aegeepatra,,3,0,3,3,0,3,0,0,0,0,1
32922,AEGEE_Oviedo,,3,0,3,3,0,3,0,0,0,0,1
32923,YCWmag,,2,0,2,2,0,2,0,0,0,0,1
32924,youthwktraining,,2,0,2,2,0,2,0,0,0,0,1
32925,youthworkconf,,2,0,2,2,0,2,0,0,0,0,1
32926,migrants_rights,,3,0,3,3,0,3,0,0,0,0,1
32927,AegeeRiga,,3,0,3,3,0,3,0,0,0,0,1
32928,AEGEEWroclaw,,3,0,3,3,0,3,0,0,0,0,1
32929,AEGEE_Poznan,,3,0,3,3,0,3,0,0,0,0,1
32930,AEGEEAlicante,,3,0,3,3,0,3,0,0,0,0,1
32931,aegeenapoli,,3,0,3,3,0,3,0,0,0,0,1
32932,AEGEE_Budapest,,3,0,3,3,0,3,0,0,0,0,1
32933,esncitylondon,,5,0,5,5,0,5,0,0,0,0,1
32934,AEGEE_Dnipro,,3,0,3,3,0,3,0,0,0,0,1
32935,EUDELCoE,,3,0,3,3,0,3,0,0,0,0,1
32936,YfEURESjob,,3,0,3,3,0,3,0,0,0,0,1
32937,EUDirectPlovdiv,,4,0,4,4,0,4,0,0,0,0,1
32938,edicaegean,,4,0,4,4,0,4,0,0,0,0,1
32939,edklodzko,,4,0,4,4,0,4,0,0,0,0,1
32940,EuropeDirectUtr,,4,0,4,4,0,4,0,0,0,0,1
32941,EuropeDirect_Mo,,5,0,5,5,0,5,0,0,0,0,1
32942,edslatina,,4,0,4,4,0,4,0,0,0,0,1
32943,EURACTIV_cz,,2,0,2,2,0,2,0,0,0,0,1
32944,GoEurope_es,,4,0,4,4,0,4,0,0,0,0,1
32945,europeandme,,3,0,3,3,0,3,0,0,0,0,1
32946,Young_SKAL_UK,,2,0,2,2,0,2,0,0,0,0,1
32947,JEF_Nds,,2,0,2,2,0,2,0,0,0,0,1
32948,JEF_Kosova,,2,0,2,2,0,2,0,0,0,0,1
32949,EYP_NL,,3,0,3,3,0,3,0,0,0,0,1
32950,EYPBelgium,,3,0,3,3,0,3,0,0,0,0,1
32951,EYPKosovo,,2,0,2,2,0,2,0,0,0,0,1
32952,EYP_Sweden,,3,0,3,3,0,3,0,0,0,0,1
32953,eypgr,,3,0,3,3,0,3,0,0,0,0,1
32954,GEO_EYP,,3,0,3,3,0,3,0,0,0,0,1
32955,EYP_Ireland,,2,0,2,2,0,2,0,0,0,0,1
32956,EYPCyprus,,2,0,2,2,0,2,0,0,0,0,1
32957,eypturkey,,3,0,3,3,0,3,0,0,0,0,1
32958,EYPMoldova,,2,0,2,2,0,2,0,0,0,0,1
32959,EYPNorway,,2,0,2,2,0,2,0,0,0,0,1
32960,FriendsOfJEF,,2,0,2,2,0,2,0,0,0,0,1
32961,ue20212027,,4,0,4,4,0,4,0,0,0,0,1
32962,euractiv_es,,2,0,2,2,0,2,0,0,0,0,1
32963,EuresProvAncona,,2,0,2,2,0,2,0,0,0,0,1
32964,EuractivCZ,,2,0,2,2,0,2,0,0,0,0,1
32965,EurActivRomania,,2,0,2,2,0,2,0,0,0,0,1
32966,EurActivRS,,2,0,2,2,0,2,0,0,0,0,1
32967,EurActivTR,,2,0,2,2,0,2,0,0,0,0,1
32968,EURACTIVBerlin,,2,0,2,2,0,2,0,0,0,0,1
32969,EurActivhu,,2,0,2,2,0,2,0,0,0,0,1
32970,EurActivPoland,,2,0,2,2,0,2,0,0,0,0,1
32971,Euractiv_gr,,3,0,3,3,0,3,0,0,0,0,1
32972,EEAthina,,3,0,3,3,0,3,0,0,0,0,1
32973,jfoster2019,,2,0,2,2,0,2,0,0,0,0,1
32974,edsnet,,2,0,2,2,0,2,0,0,0,0,1
32975,EoE_Bxl,,3,0,3,3,0,3,0,0,0,0,1
32976,luxprize,,3,0,3,3,0,3,0,0,0,0,1
32977,Europarl_SL,,2,0,2,2,0,2,0,0,0,0,1
32978,ScPo_Strasbourg,,2,0,2,2,0,2,0,0,0,0,1
32979,YOmag_YFJ,,3,0,3,3,0,3,0,0,0,0,1
32980,EYEsocial2018,,2,0,2,2,0,2,0,0,0,0,1
32981,NoHateSpeech_IT,,3,0,3,3,0,3,0,0,0,0,1
32982,WorkersEESC,,2,0,2,2,0,2,0,0,0,0,1
32983,EESC_SOC,,2,0,2,2,0,2,0,0,0,0,1
32984,employers_EESC,,2,0,2,2,0,2,0,0,0,0,1
32985,AEGEENijmegen,,2,0,2,2,0,2,0,0,0,0,1
32986,generation_ue,,2,0,2,2,0,2,0,0,0,0,1
32987,CoE_NGO,,3,0,3,3,0,3,0,0,0,0,1
32988,ceuropeens,,3,0,3,3,0,3,0,0,0,0,1
32989,Taurillon,,3,0,3,3,0,3,0,0,0,0,1
32990,AEGEECoruna,,3,0,3,3,0,3,0,0,0,0,1
32991,EUmaker,,2,0,2,2,0,2,0,0,0,0,1
32992,Europa_Nova,,3,0,3,3,0,3,0,0,0,0,1
32993,EuropeToulouse,,3,0,3,3,0,3,0,0,0,0,1
32994,EDICNafplio,,3,0,3,3,0,3,0,0,0,0,1
32995,aegeegenova,,3,0,3,3,0,3,0,0,0,0,1
32996,fenetreeurope,,3,0,3,3,0,3,0,0,0,0,1
32997,RCERomania,,3,0,3,3,0,3,0,0,0,0,1
32998,EdKainuu,,2,0,2,2,0,2,0,0,0,0,1
32999,EUhorizon2020,,3,0,3,3,0,3,0,0,0,0,1
33000,aegeebanjaluka,,2,0,2,2,0,2,0,0,0,0,1
33001,ED_Koroska,,2,0,2,2,0,2,0,0,0,0,1
33002,EDICUtena,,2,0,2,2,0,2,0,0,0,0,1
33003,Parlamentarium,,2,0,2,2,0,2,0,0,0,0,1
33004,visit_EP,,2,0,2,2,0,2,0,0,0,0,1
33005,edfejer,,2,0,2,2,0,2,0,0,0,0,1
33006,EESC_PRESS,,2,0,2,2,0,2,0,0,0,0,1
33007,EESC_INT,,2,0,2,2,0,2,0,0,0,0,1
33008,EESC_ECO,,2,0,2,2,0,2,0,0,0,0,1
33009,MdEuropeNimes,,3,0,3,3,0,3,0,0,0,0,1
33010,EuroApprentices,,3,0,3,3,0,3,0,0,0,0,1
33011,captain_europe,,2,0,2,2,0,2,0,0,0,0,1
33012,ReinventingEU,,2,0,2,2,0,2,0,0,0,0,1
33013,StandUp4EU,,3,0,3,3,0,3,0,0,0,0,3
33014,MarchEurope2017,,3,0,3,3,0,3,0,0,0,0,2
33017,AEGEE_Bucuresti,,3,0,3,3,0,3,0,0,0,0,1
33018,EP_Edinburgh,,4,0,4,4,0,4,0,0,0,0,1
33019,PulseofEurope,,3,0,3,3,0,3,0,0,0,0,1
33020,JEF_de,,3,0,3,3,0,3,0,0,0,0,1
33021,EUPublications,,4,0,4,4,0,4,0,0,0,0,1
33022,Strasbourgeurop,,4,0,4,4,0,4,0,0,0,0,1
33023,EuroParlPress,,3,0,3,3,0,3,0,0,0,0,1
33024,Berlaymont,,3,0,3,3,0,3,0,0,0,0,1
33025,europatweets,,3,0,3,3,0,3,0,0,0,0,1
33026,SZ,,2,0,2,2,0,2,0,0,0,0,1
33027,touteleurope,,4,0,4,4,0,4,0,0,0,0,1
33028,MouvEuropeen_Fr,,3,0,3,3,0,3,0,0,0,0,1
33029,JEF_Nantes,,3,0,3,3,0,3,0,0,0,0,1
33030,JElillemetro,,2,0,2,2,0,2,0,0,0,0,1
33031,JEStrasbourg,,2,0,2,2,0,2,0,0,0,0,1
33033,JEF_ParisIdF,,3,0,3,3,0,3,0,0,0,0,1
33035,JE_Bordeaux,,2,0,2,2,0,2,0,0,0,0,1
33036,EuropaUnionDE,,2,0,2,2,0,2,0,0,0,0,1
33037,JE_Lyon69,,2,0,2,2,0,2,0,0,0,0,1
33038,JE_Rouen,,2,0,2,2,0,2,0,0,0,0,1
33039,SpinelliGroup,,3,0,3,3,0,3,0,0,0,0,1
33040,jefmadrid,,3,0,3,3,0,3,0,0,0,0,1
33041,Confront_Europe,,2,0,2,2,0,2,0,0,0,0,1
33042,EuropeBloggers,,2,0,2,2,0,2,0,0,0,0,1
33043,eu40,,3,0,3,3,0,3,0,0,0,0,1
33044,UNinBrussels,,3,0,3,3,0,3,0,0,0,0,1
33048,VoxEuropFR,,3,0,3,3,0,3,0,0,0,0,1
33049,europarl,,2,0,2,2,0,2,0,0,0,0,1
33053,donaldtusk,,3,0,3,3,0,3,0,0,0,0,1
33054,youthup_eu,,3,0,3,3,0,3,0,0,0,0,1
33055,VeraJourova,,3,0,3,3,0,3,0,0,0,0,1
33056,kajakallas,,3,0,3,3,0,3,0,0,0,0,1
33062,MEUscotland,,2,0,2,2,0,2,0,0,0,0,2
33064,BETA_Italia,,3,0,3,3,0,3,0,0,0,0,3
33068,JEFBelgium,,3,0,3,3,0,3,0,0,0,0,1
33069,BrusselsMEU,,3,0,3,3,0,3,0,0,0,0,1
33070,JEFBrussels,,3,0,3,3,0,3,0,0,0,0,1
33071,BETA_Europe,,3,0,3,3,0,3,0,0,0,0,1
33081,cesieong,,2,0,2,2,0,2,0,0,0,0,3
33082,EvaMaydell,,3,0,3,3,0,3,0,0,0,0,1
33083,Eurodiaconia,,2,0,2,2,0,2,0,0,0,0,1
33085,ALDEParty,,4,0,4,4,0,4,0,0,0,0,1
33086,ecrgroup,,3,0,3,3,0,3,0,0,0,0,1
33087,EASPD_Brussels,,3,0,3,3,0,3,0,0,0,0,1
33089,EvaJoly,,3,0,3,3,0,3,0,0,0,0,1
33091,PervencheBeres,,2,0,2,2,0,2,0,0,0,0,1
33094,Nat_GRIESBECK,,2,0,2,2,0,2,0,0,0,0,1
33100,aryngbeck,,2,0,2,2,0,2,0,0,0,0,1
33101,barnardos,,2,0,2,2,0,2,0,0,0,0,2
33106,NinonLgrd,,2,0,2,2,0,2,0,0,0,0,1
33119,pierremoscovici,,4,0,4,4,0,4,0,0,0,0,1
33122,MargaretTuite1,,2,0,2,2,0,2,0,0,0,0,1
33123,Volonteurope,,3,0,3,3,0,3,0,0,0,0,1
33124,EU2019FI,,2,0,2,2,0,2,0,0,0,0,1
33125,romaniaineu,,3,0,3,3,0,3,0,0,0,0,1
33126,ItalyinEU,,2,0,2,2,0,2,0,0,0,0,3
33127,jugend_f_europa,,5,0,5,5,0,5,0,0,0,0,1
33128,EuropeDirectStu,,3,0,3,3,0,3,0,0,0,0,1
33129,Adice_Roubaix,,4,0,4,4,0,4,0,0,0,0,1
33132,EUdelegationUK,,3,0,3,3,0,3,0,0,0,0,1
33135,EAPNEurope,,2,0,2,2,0,2,0,0,0,0,8
33137,LaszloAndorEU,,3,0,3,3,0,3,0,0,0,0,1
33140,childrensociety,,2,0,2,2,0,2,0,0,0,0,1
33146,Eurochild_org,,3,0,3,3,0,3,0,0,0,0,1
33148,EuYouthVoice,,3,0,3,3,0,3,0,0,0,0,1
33149,DennisAbbott,,3,0,3,3,0,3,0,0,0,0,1
33150,CyprusPIO,,2,0,2,2,0,2,0,0,0,0,1
33151,FaullJonathan,,2,0,2,2,0,2,0,0,0,0,1
33152,voicesofyouth,,4,0,4,4,0,4,0,0,0,0,1
33154,ConcejaliaDXTgr,,2,0,2,2,0,2,0,0,0,0,6
33155,Granada_ph,,4,0,4,4,0,4,0,0,0,0,6
33159,fernanmoy,,2,0,2,2,0,2,0,0,0,0,6
33163,mariamartintito,,2,0,2,2,0,2,0,0,0,0,6
33164,GregorioJimene6,,3,0,3,3,0,3,0,0,0,0,6
33165,farmaciagaral,,2,0,2,2,0,2,0,0,0,0,6
33168,nadiamolero,,2,0,2,2,0,2,0,0,0,0,6
33169,STIGranada,,2,0,2,2,0,2,0,0,0,0,6
33170,EtnoSur_Oficial,,3,0,3,3,0,3,0,0,0,0,1
33174,cepdegranada,,5,0,5,5,0,5,0,0,0,0,6
33175,Casaarabe,,2,0,2,2,0,2,0,0,0,0,6
33176,ugr_arabeislam,,3,0,3,3,0,3,0,0,0,0,6
33177,VoluntariadoAND,,3,0,3,3,0,3,0,0,0,0,6
33178,MuseoFyLUGR,,2,0,2,2,0,2,0,0,0,0,6
33179,AguaGranada,,2,0,2,2,0,2,0,0,0,0,6
33180,MasterMOSM,,3,0,3,3,0,3,0,0,0,0,6
33181,ConoceGranadaP,,3,0,3,3,0,3,0,0,0,0,6
33182,Marisaviruez,,2,0,2,2,0,2,0,0,0,0,6
33189,alucaslop,,2,0,2,2,0,2,0,0,0,0,6
33194,ablancoh,,3,0,3,3,0,3,0,0,0,0,4
33199,FAMDIF,,3,0,3,3,0,3,0,0,0,0,0
33201,MLechet,,2,0,2,2,0,2,0,0,0,0,0
33203,sapinker,,3,0,3,3,0,3,0,0,0,0,0
33204,btvbadajoz,,2,0,2,2,0,2,0,0,0,0,0
33210,LaYoEl,,2,0,2,2,0,2,0,0,0,0,6
33213,unchinodechina,,2,0,2,2,0,2,0,0,0,0,0
33215,EugeniodOrs_,,2,0,2,2,0,2,0,0,0,0,5
33228,getolo_twi,,2,0,2,2,0,2,0,0,0,0,0
33240,aurora_org,,2,0,2,2,0,2,0,0,0,0,1
33241,IUGranadaPr,,3,0,3,3,0,3,0,0,0,0,0
33244,diegomolinacol1,,3,0,3,3,0,3,0,0,0,0,0
33245,almajita,,3,0,3,3,0,3,0,0,0,0,0
33248,ManuelCsAv,,3,0,3,3,0,3,0,0,0,0,0
33252,LuciaGarridoCs,,4,0,4,4,0,4,0,0,0,0,0
33262,nachomadrid_UX,,3,0,3,3,0,3,0,0,0,0,0
33265,mantoniadelgado,,2,0,2,2,0,2,0,0,0,0,0
33266,MIsabelNavas,,2,0,2,2,0,2,0,0,0,0,0
33271,TapaSolidariaAL,,2,0,2,2,0,2,0,0,0,0,0
33281,IngQuimicaUGR,,2,0,2,2,0,2,0,0,0,0,0
33283,fjmorenoruiz,,2,0,2,2,0,2,0,0,0,0,6
33289,JariodElena,,2,0,2,2,0,2,0,0,0,0,0
33293,PedroCP94,,3,0,3,3,0,3,0,0,0,0,6
33297,gbla11yday,,2,0,2,2,0,2,0,0,0,0,0
33301,jorgebolcar,,3,0,3,3,0,3,0,0,0,0,0
33302,NuriaStatgirl,,3,0,3,3,0,3,0,0,0,0,0
33303,MIsGArenas,,2,0,2,2,0,2,0,0,0,0,6
33309,cinepubliUGR,,2,0,2,2,0,2,0,0,0,0,0
33310,csampe,,3,0,3,3,0,3,0,0,0,0,6
33311,GIGAPP,,3,0,3,3,0,3,0,0,0,0,4
33312,luz1621,,4,0,4,4,0,4,0,0,0,0,6
33318,VeraNoelia,,2,0,2,2,0,2,0,0,0,0,4
33325,DPI_Info,,2,0,2,2,0,2,0,0,0,0,0
33327,iddcconsortium,,2,0,2,2,0,2,0,0,0,0,0
33336,Sonia_Vinas,,2,0,2,2,0,2,0,0,0,0,0
33340,Angela__Ferrer,,2,0,2,2,0,2,0,0,0,0,0
33346,TripandFeel,,2,0,2,2,0,2,0,0,0,0,0
33349,CaixaBankLab,,2,0,2,2,0,2,0,0,0,0,4
33353,Belen_Translate,,2,0,2,2,0,2,0,0,0,0,5
33355,MSFTEnable,,2,0,2,2,0,2,0,0,0,0,0
33356,tecnalia,,3,0,3,3,0,3,0,0,0,0,0
33365,DAVIDBONILLO5,,2,0,2,2,0,2,0,0,0,0,0
33366,CsAlmeria_Prov,,2,0,2,2,0,2,0,0,0,0,0
33367,diego__clemente,,3,0,3,3,0,3,0,0,0,0,0
33369,miguelcazorlag,,2,0,2,2,0,2,0,0,0,0,0
33370,GMS_Almeria,,3,0,3,3,0,3,0,0,0,0,0
33372,elburgosV,,3,0,3,3,0,3,0,0,0,0,0
33373,RocioRuizDom,,4,0,4,4,0,4,0,0,0,0,0
33374,mercedeslopezr7,,2,0,2,2,0,2,0,0,0,0,0
33376,PabloPinedaFerr,,2,0,2,2,0,2,0,0,0,0,0
33378,EUD_Brussels,,3,0,3,3,0,3,0,0,0,0,1
33380,EstherRamallo,,3,0,3,3,0,3,0,0,0,0,0
33384,JLLopezB,,2,0,2,2,0,2,0,0,0,0,0
33385,Adelante_GR,,2,0,2,2,0,2,0,0,0,0,0
33388,ccentenoc,,3,0,3,3,0,3,0,0,0,0,6
33401,CatedraDai,,2,0,2,2,0,2,0,0,0,0,0
33414,SpringerEdu,,2,0,2,2,0,2,0,0,0,0,1
33415,aytoalm,,3,0,3,3,0,3,0,0,0,0,0
33416,EvaSanchezTeba,,2,0,2,2,0,2,0,0,0,0,0
33417,AFB1921,,2,0,2,2,0,2,0,0,0,0,0
33429,MasMadrid__,,2,0,2,2,0,2,0,0,0,0,6
33433,accesiMAD,,2,0,2,2,0,2,0,0,0,0,4
33435,somosdisca,,2,0,2,2,0,2,0,0,0,0,0
33439,mundoaccesible,,3,0,3,3,0,3,0,0,0,0,0
33446,inspiraTICs,,2,0,2,2,0,2,0,0,0,0,1
33456,CultAccesible,,2,0,2,2,0,2,0,0,0,0,0
33463,CanalFONCE_UNED,,2,0,2,2,0,2,0,0,0,0,0
33467,AInclusiva,,2,0,2,2,0,2,0,0,0,0,0
33468,EMPODERA_org,,2,0,2,2,0,2,0,0,0,0,2
33470,AccionODS,,2,0,2,2,0,2,0,0,0,0,4
33473,MarcialGoBal,,3,0,3,3,0,3,0,0,0,0,0
33474,NTremino,,2,0,2,2,0,2,0,0,0,0,0
33477,Medtorek,,2,0,2,2,0,2,0,0,0,0,0
33482,ViaAugustaBC,,2,0,2,2,0,2,0,0,0,0,6
33485,AICCV_IC,,2,0,2,2,0,2,0,0,0,0,0
33486,ICEXColombia,,2,0,2,2,0,2,0,0,0,0,4
33493,anadeluis,,2,0,2,2,0,2,0,0,0,0,0
33496,artcuandalucia,,2,0,2,2,0,2,0,0,0,0,0
33503,g_myaccesshub,,2,0,2,2,0,2,0,0,0,0,0
33511,MollyWattTalks,,2,0,2,2,0,2,0,0,0,0,0
33530,brusilovsky10,,2,0,2,2,0,2,0,0,0,0,0
33591,A11yNews,,2,0,2,2,0,2,0,0,0,0,0
33595,BinomILS,,2,0,2,2,0,2,0,0,0,0,0
33614,LaTeteraPE,,3,0,3,3,0,3,0,0,0,0,0
33616,MariSaturTorre,,2,0,2,2,0,2,0,0,0,0,1
33620,mariaines_araya,,2,0,2,2,0,2,0,0,0,0,0
33621,AyozeJRR,,2,0,2,2,0,2,0,0,0,0,0
33623,Conchimartin,,3,0,3,3,0,3,0,0,0,0,0
33625,SANIDADCERMICV,,2,0,2,2,0,2,0,0,0,0,0
33628,Borisizaguirre,,3,0,3,3,0,3,0,0,0,0,0
33632,SepulchreMarie,,2,0,2,2,0,2,0,0,0,0,0
33638,MarisolClemente,,2,0,2,2,0,2,0,0,0,0,0
33639,sipuedo,,2,0,2,2,0,2,0,0,0,0,4
33641,Itakora,,2,0,2,2,0,2,0,0,0,0,0
33649,tomasmarcos,,2,0,2,2,0,2,0,0,0,0,0
33660,jcelada,,3,0,3,3,0,3,0,0,0,0,0
33662,MadridDestino,,3,0,3,3,0,3,0,0,0,0,0
33664,ENasarrePuy,,2,0,2,2,0,2,0,0,0,0,0
33666,jesuscobatrad,,2,0,2,2,0,2,0,0,0,0,6
33668,eurociu,,2,0,2,2,0,2,0,0,0,0,0
33669,FundacionJuan23,,2,0,2,2,0,2,0,0,0,0,0
33670,yolygmar,,2,0,2,2,0,2,0,0,0,0,0
33671,FASOCIDE,,2,0,2,2,0,2,0,0,0,0,0
33676,pitalmeria,,3,0,3,3,0,3,0,0,0,0,0
33677,onedrive,,3,0,3,3,0,3,0,0,0,0,4
33678,fuenmar,,4,0,4,4,0,4,0,0,0,0,0
33682,IDA_CRPD_Forum,,3,0,3,3,0,3,0,0,0,0,0
33683,UN_Enable,,2,0,2,2,0,2,0,0,0,0,0
33684,SR_Disability,,2,0,2,2,0,2,0,0,0,0,0
33685,euagenda,,3,0,3,3,0,3,0,0,0,0,3
33686,outhecave,,2,0,2,2,0,2,0,0,0,0,0
33691,22qAndalucia,,2,0,2,2,0,2,0,0,0,0,0
33705,Javishuela,,4,0,4,4,0,4,0,0,0,0,6
33714,RamonFPM,,2,0,2,2,0,2,0,0,0,0,0
33715,carlossanchezpp,,2,0,2,2,0,2,0,0,0,0,0
33716,IBMAccess,,2,0,2,2,0,2,0,0,0,0,0
33717,infoHIDRAQUA,,3,0,3,3,0,3,0,0,0,0,0
33720,cursouned,,2,0,2,2,0,2,0,0,0,0,0
33725,thesocsciences,,2,0,2,2,0,2,0,0,0,0,1
33727,mariavidela,,3,0,3,3,0,3,0,0,0,0,0
33732,jennylayfluffy,,2,0,2,2,0,2,0,0,0,0,0
33733,PodemosDiscap,,2,0,2,2,0,2,0,0,0,0,0
33734,PODEMOS_PDA,,2,0,2,2,0,2,0,0,0,0,0
33737,maperezsanchez,,2,0,2,2,0,2,0,0,0,0,0
33738,BBVAMomentum,,3,0,3,3,0,3,0,0,0,0,4
33740,AshokaSpain,,2,0,2,2,0,2,0,0,0,0,4
33741,MasterAccesible,,2,0,2,2,0,2,0,0,0,0,0
33743,welever_ES,,2,0,2,2,0,2,0,0,0,0,4
33744,FormaUniCiencia,,2,0,2,2,0,2,0,0,0,0,4
33746,changedyslexia,,2,0,2,2,0,2,0,0,0,0,0
33752,marcosgonzalezm,,2,0,2,2,0,2,0,0,0,0,0
33754,cibervoluntario,,3,0,3,3,0,3,0,0,0,0,4
33758,ObserIgualdad,,2,0,2,2,0,2,0,0,0,0,0
33760,DocenciaActiva,,3,0,3,3,0,3,0,0,0,0,0
33761,mas_valido,,2,0,2,2,0,2,0,0,0,0,0
33766,JUP_ONCE,,2,0,2,2,0,2,0,0,0,0,6
33768,thesiswhisperer,,2,0,2,2,0,2,0,0,0,0,8
33770,researchwhisper,,2,0,2,2,0,2,0,0,0,0,1
33772,fuam_uam,,3,0,3,3,0,3,0,0,0,0,4
33778,NereaTorresE,,2,0,2,2,0,2,0,0,0,0,0
33780,WindupSchool,,3,0,3,3,0,3,0,0,0,0,0
33781,paper_li,,3,0,3,3,0,3,0,0,0,0,1
33793,ASPAPROS,,2,0,2,2,0,2,0,0,0,0,0
33794,COCEMFECanarias,,2,0,2,2,0,2,0,0,0,0,0
33795,SalienteCEE,,3,0,3,3,0,3,0,0,0,0,0
33798,Asprodesa,,2,0,2,2,0,2,0,0,0,0,0
33801,Aspace_Sevilla,,2,0,2,2,0,2,0,0,0,0,0
33806,RespSocialNet,,2,0,2,2,0,2,0,0,0,0,4
33811,Ssbarreras,,2,0,2,2,0,2,0,0,0,0,0
33814,barceroturismo,,3,0,3,3,0,3,0,0,0,0,7
33816,equalitasvitae,,3,0,3,3,0,3,0,0,0,0,4
33818,galiciaccesible,,2,0,2,2,0,2,0,0,0,0,0
33820,_Inclusive_,,2,0,2,2,0,2,0,0,0,0,4
33821,DisenoAccesible,,2,0,2,2,0,2,0,0,0,0,0
33822,WhatsCine,,2,0,2,2,0,2,0,0,0,0,0
33825,MariaTussy,,2,0,2,2,0,2,0,0,0,0,0
33827,ValidaOnline,,2,0,2,2,0,2,0,0,0,0,0
33828,TecnoAccesible,,2,0,2,2,0,2,0,0,0,0,0
33830,tatyaleman,,2,0,2,2,0,2,0,0,0,0,0
33831,AlexisM_DISCAP,,3,0,3,3,0,3,0,0,0,0,0
33833,teatroaccesible,,3,0,3,3,0,3,0,0,0,0,4
33836,Amovil_es,,2,0,2,2,0,2,0,0,0,0,6
33837,OcioTurAcces,,3,0,3,3,0,3,0,0,0,0,0
33839,INICO_usal,,2,0,2,2,0,2,0,0,0,0,4
33842,puedoviajar,,2,0,2,2,0,2,0,0,0,0,4
33843,F_Sanitas,,2,0,2,2,0,2,0,0,0,0,4
33844,ClaroQuePodemos,,4,0,4,4,0,4,0,0,0,0,4
33847,Outbarriers,,3,0,3,3,0,3,0,0,0,0,0
33848,ALBERT_RIALTAS,,2,0,2,2,0,2,0,0,0,0,0
33851,JHernandezGalan,,2,0,2,2,0,2,0,0,0,0,1
33852,Merchandisables,,3,0,3,3,0,3,0,0,0,0,0
33853,Ocio_sin_Limts,,2,0,2,2,0,2,0,0,0,0,0
33855,DiscanetES,,2,0,2,2,0,2,0,0,0,0,4
33857,minclusivo,,2,0,2,2,0,2,0,0,0,0,0
33858,damelamano_,,3,0,3,3,0,3,0,0,0,0,0
33860,fundacioadimir,,2,0,2,2,0,2,0,0,0,0,0
33862,saracuellarrome,,3,0,3,3,0,3,0,0,0,0,0
33863,mj_baile,,2,0,2,2,0,2,0,0,0,0,0
33866,BECREAGR,,5,0,5,5,0,5,0,0,0,0,0
33868,A_Toda_Vela,,2,0,2,2,0,2,0,0,0,0,0
33872,AEDD1,,3,0,3,3,0,3,0,0,0,0,3
33873,NocheenBlancoGR,,4,0,4,4,0,4,0,0,0,0,0
33874,foretica,,2,0,2,2,0,2,0,0,0,0,0
33875,CompromisoRSE,,3,0,3,3,0,3,0,0,0,0,0
33876,AsocDIRSE,,2,0,2,2,0,2,0,0,0,0,0
33878,eme_cabanyes,,3,0,3,3,0,3,0,0,0,0,6
33879,SieteEstrellas_,,2,0,2,2,0,2,0,0,0,0,6
33887,ACIME_,,2,0,2,2,0,2,0,0,0,0,0
33888,ProgramaUAM,,2,0,2,2,0,2,0,0,0,0,4
33890,asepau,,2,0,2,2,0,2,0,0,0,0,0
33891,cedecom,,2,0,2,2,0,2,0,0,0,0,0
33892,Andalucia_Ong,,2,0,2,2,0,2,0,0,0,0,0
33893,NeilMilliken,,2,0,2,2,0,2,0,0,0,0,0
33898,ObservaRSE_,,2,0,2,2,0,2,0,0,0,0,0
33905,J1997JO,,2,0,2,2,0,2,0,0,0,0,0
33906,lherreranieves,,2,0,2,2,0,2,0,0,0,0,0
33910,ESICEducation,,4,0,4,4,0,4,0,0,0,0,0
33915,FEDEDDF,,3,0,3,3,0,3,0,0,0,0,0
33916,RosanaMeFer,,2,0,2,2,0,2,0,0,0,0,0
33918,ProTGD,,2,0,2,2,0,2,0,0,0,0,0
33920,mirefugioinf,,2,0,2,2,0,2,0,0,0,0,6
33922,Corresponsables,,3,0,3,3,0,3,0,0,0,0,4
33924,COCEMFESEVILLA,,2,0,2,2,0,2,0,0,0,0,0
33927,plenaextremadur,,2,0,2,2,0,2,0,0,0,0,0
33928,FaamAlmeria,,2,0,2,2,0,2,0,0,0,0,0
33929,Miguel__Lorente,,5,0,5,5,0,5,0,0,0,0,0
33932,_PepeEntrena,,4,0,4,4,0,4,0,0,0,0,0
33936,olvidodlrosa,,3,0,3,3,0,3,0,0,0,0,0
33937,KrisagudoA,,2,0,2,2,0,2,0,0,0,0,0
33938,fj_melero,,3,0,3,3,0,3,0,0,0,0,0
33940,ASPACEAndalucia,,2,0,2,2,0,2,0,0,0,0,0
33942,rmorenoro,,2,0,2,2,0,2,0,0,0,0,0
33947,entitatecom,,2,0,2,2,0,2,0,0,0,0,0
33951,AmputatsStJordi,,2,0,2,2,0,2,0,0,0,0,0
33952,ODF_org,,2,0,2,2,0,2,0,0,0,0,0
33955,mglcas,,4,0,4,4,0,4,0,0,0,0,0
33956,stellamarod,,3,0,3,3,0,3,0,0,0,0,6
33957,TUR4all,,2,0,2,2,0,2,0,0,0,0,0
33958,_antoniotejada,,4,0,4,4,0,4,0,0,0,0,0
33959,tesiscanalsur,,2,0,2,2,0,2,0,0,0,0,6
33961,Angu2005,,3,0,3,3,0,3,0,0,0,0,0
33965,isfela_,,3,0,3,3,0,3,0,0,0,0,6
33966,Fun4usES,,2,0,2,2,0,2,0,0,0,0,0
33967,almu_hs,,2,0,2,2,0,2,0,0,0,0,6
33968,rosanamontes,,2,0,2,2,0,2,0,0,0,0,6
33970,EsHorizonte2020,,4,0,4,4,0,4,0,0,0,0,1
33972,mjsanchezrubio,,4,0,4,4,0,4,0,0,0,0,0
33978,FDIfundacion,,2,0,2,2,0,2,0,0,0,0,0
33981,fejidif,,3,0,3,3,0,3,0,0,0,0,0
33983,Educar_Te,,2,0,2,2,0,2,0,0,0,0,4
33985,CuadernosP,,2,0,2,2,0,2,0,0,0,0,4
33989,pinvisibles,,3,0,3,3,0,3,0,0,0,0,4
33993,cimca16,,2,0,2,2,0,2,0,0,0,0,0
33995,ampachico,,2,0,2,2,0,2,0,0,0,0,4
33999,FabiolaOsborne_,,2,0,2,2,0,2,0,0,0,0,5
34003,CesCristorey,,2,0,2,2,0,2,0,0,0,0,2
34004,educinclusiva17,,2,0,2,2,0,2,0,0,0,0,0
34007,idhbc_uc3m,,3,0,3,3,0,3,0,0,0,0,4
34011,Tuitorientador,,2,0,2,2,0,2,0,0,0,0,0
34013,EquipoTcnico,,2,0,2,2,0,2,0,0,0,0,0
34017,coralelizondo,,2,0,2,2,0,2,0,0,0,0,4
34019,GiselleGHipola,,4,0,4,4,0,4,0,0,0,0,6
34023,JuanQuincoces,,3,0,3,3,0,3,0,0,0,0,0
34025,VFS_SenadoraCLM,,2,0,2,2,0,2,0,0,0,0,0
34028,TiberioUned,,3,0,3,3,0,3,0,0,0,0,4
34047,CERMICV,,2,0,2,2,0,2,0,0,0,0,0
34051,rnmembrilla,,2,0,2,2,0,2,0,0,0,0,0
34055,InclusionIntl,,2,0,2,2,0,2,0,0,0,0,0
34056,AdnaloyPardo,,2,0,2,2,0,2,0,0,0,0,7
34058,AprosojaJaen,,2,0,2,2,0,2,0,0,0,0,0
34059,ASOAL1980,,2,0,2,2,0,2,0,0,0,0,0
34060,unidisuned,,2,0,2,2,0,2,0,0,0,0,0
34063,pepitorueda,,2,0,2,2,0,2,0,0,0,0,0
34064,UNWTO_pub,,2,0,2,2,0,2,0,0,0,0,0
34066,juanlarzabal,,3,0,3,3,0,3,0,0,0,0,0
34069,Javier_luengo,,2,0,2,2,0,2,0,0,0,0,0
34070,Predif_Estatal,,4,0,4,4,0,4,0,0,0,0,0
34071,FundVodafone,,2,0,2,2,0,2,0,0,0,0,0
34073,discapacidad0,,3,0,3,3,0,3,0,0,0,0,0
34074,BajoAlbayzin,,4,0,4,4,0,4,0,0,0,0,0
34075,CentroFGL,,3,0,3,3,0,3,0,0,0,0,6
34076,HSVicente,,3,0,3,3,0,3,0,0,0,0,0
34077,AgenciaCyGenero,,2,0,2,2,0,2,0,0,0,0,4
34082,MqPatricia,,2,0,2,2,0,2,0,0,0,0,0
34083,aptent,,2,0,2,2,0,2,0,0,0,0,4
34084,LdeB_es,,3,0,3,3,0,3,0,0,0,0,0
34085,LaAccesibilidad,,4,0,4,4,0,4,0,0,0,0,4
34086,TodoAccesible,,2,0,2,2,0,2,0,0,0,0,0
34087,acceDAMOS,,3,0,3,3,0,3,0,0,0,0,0
34089,OADIScapacidad,,2,0,2,2,0,2,0,0,0,0,0
34090,disJob,,2,0,2,2,0,2,0,0,0,0,0
34092,aaconocimiento,,4,0,4,4,0,4,0,0,0,0,0
34099,FranGomez_UGR,,3,0,3,3,0,3,0,0,0,0,6
34100,jcmartinez78,,2,0,2,2,0,2,0,0,0,0,0
34101,JCLGamboa,,3,0,3,3,0,3,0,0,0,0,6
34102,Maestro_Montes,,2,0,2,2,0,2,0,0,0,0,6
34117,JaimeCaroM,,2,0,2,2,0,2,0,0,0,0,2
34118,GoogleForEdu,,3,0,3,3,0,3,0,0,0,0,1
34120,AulaempresaF,,2,0,2,2,0,2,0,0,0,0,0
34129,DomoElectra,,3,0,3,3,0,3,0,0,0,0,4
34131,greyman_studios,,3,0,3,3,0,3,0,0,0,0,0
34132,PlazaAPlaza,,2,0,2,2,0,2,0,0,0,0,0
34142,Cooperaccion,,2,0,2,2,0,2,0,0,0,0,0
34144,SignosSordos,,2,0,2,2,0,2,0,0,0,0,6
34154,nachoMoL,,2,0,2,2,0,2,0,0,0,0,2
34158,joselgarcja,,3,0,3,3,0,3,0,0,0,0,2
34159,CivGame,,2,0,2,2,0,2,0,0,0,0,3
34161,javisociales,,3,0,3,3,0,3,0,0,0,0,0
34165,illora,,3,0,3,3,0,3,0,0,0,0,2
34169,JamTodayEU,,2,0,2,2,0,2,0,0,0,0,3
34170,AzaharaTIC,,2,0,2,2,0,2,0,0,0,0,6
34172,Nuria_Molino,,2,0,2,2,0,2,0,0,0,0,6
34175,espinarplay,,3,0,3,3,0,3,0,0,0,0,6
34176,_angelsimon,,2,0,2,2,0,2,0,0,0,0,6
34179,josejuansanchez,,3,0,3,3,0,3,0,0,0,0,4
34184,lindacq,,2,0,2,2,0,2,0,0,0,0,0
34185,fgpaez,,2,0,2,2,0,2,0,0,0,0,6
34186,manuel_area,,2,0,2,2,0,2,0,0,0,0,6
34187,jordi_a,,3,0,3,3,0,3,0,0,0,0,6
34190,susanaalvaalva,,2,0,2,2,0,2,0,0,0,0,0
34207,santillanagrupo,,3,0,3,3,0,3,0,0,0,0,4
34210,FestivalFLECOS,,3,0,3,3,0,3,0,0,0,0,0
34213,lluisbueno,,2,0,2,2,0,2,0,0,0,0,0
34216,marcialmarinh,,2,0,2,2,0,2,0,0,0,0,0
34221,aguaded,,2,0,2,2,0,2,0,0,0,0,4
34224,sjimenezarenas,,3,0,3,3,0,3,0,0,0,0,4
34225,amoragar,,2,0,2,2,0,2,0,0,0,0,8
34230,AiwinCloud,,2,0,2,2,0,2,0,0,0,0,2
34231,josek_net,,2,0,2,2,0,2,0,0,0,0,4
34232,Estudio_Nemo,,3,0,3,3,0,3,0,0,0,0,0
34242,ThinkGoogleES,,2,0,2,2,0,2,0,0,0,0,0
34243,nbarba5,,2,0,2,2,0,2,0,0,0,0,4
34250,immamarin,,2,0,2,2,0,2,0,0,0,0,5
34258,d_a_n_i_e_l_t_,,2,0,2,2,0,2,0,0,0,0,0
34259,JGTAPIAL,,2,0,2,2,0,2,0,0,0,0,4
34262,ignasialcalde,,2,0,2,2,0,2,0,0,0,0,4
34263,MondragonTA,,2,0,2,2,0,2,0,0,0,0,4
34264,ImpactHubMAD,,3,0,3,3,0,3,0,0,0,0,1
34265,teamlabs,,3,0,3,3,0,3,0,0,0,0,4
34267,cristobalcobo,,2,0,2,2,0,2,0,0,0,0,2
34270,yoemprendo,,3,0,3,3,0,3,0,0,0,0,4
34271,riid_llss,,2,0,2,2,0,2,0,0,0,0,4
34272,GPP_UGR,,3,0,3,3,0,3,0,0,0,0,6
34284,greenweek,,2,0,2,2,0,2,0,0,0,0,1
34290,raehanbobby,,2,0,2,2,0,2,0,0,0,0,4
34294,Erasmus_FP,,2,0,2,2,0,2,0,0,0,0,4
34301,ErasmusEWEAS,,2,0,2,2,0,2,0,0,0,0,1
34312,Innovaspain,,2,0,2,2,0,2,0,0,0,0,0
34318,PMIMadridSpain,,3,0,3,3,0,3,0,0,0,0,2
34322,LearningCity_,,2,0,2,2,0,2,0,0,0,0,6
34323,S_SOSTENIBLE,,2,0,2,2,0,2,0,0,0,0,0
34325,CulturaCuenta,,4,0,4,4,0,4,0,0,0,0,0
34346,Fedit,,3,0,3,3,0,3,0,0,0,0,6
34355,Meeminds1,,2,0,2,2,0,2,0,0,0,0,0
34365,nicojeda77,,2,0,2,2,0,2,0,0,0,0,6
34371,mujerconciencia,,3,0,3,3,0,3,0,0,0,0,4
34372,agencia_sinc,,4,0,4,4,0,4,0,0,0,0,4
34373,muncyt,,3,0,3,3,0,3,0,0,0,0,0
34379,journalismfund,,2,0,2,2,0,2,0,0,0,0,1
34383,DoroFischer,,2,0,2,2,0,2,0,0,0,0,1
34387,MupitiOficial,,2,0,2,2,0,2,0,0,0,0,4
34389,AntonioVegaAlon,,2,0,2,2,0,2,0,0,0,0,0
34391,predic2100,,2,0,2,2,0,2,0,0,0,0,0
34392,AAAAmagazine,,2,0,2,2,0,2,0,0,0,0,0
34395,jmvillegasj,,2,0,2,2,0,2,0,0,0,0,0
34398,BICGRANADA,,3,0,3,3,0,3,0,0,0,0,0
34399,GranadaGeopark,,3,0,3,3,0,3,0,0,0,0,0
34400,welovegranada,,2,0,2,2,0,2,0,0,0,0,0
34401,HosteleriaGra,,3,0,3,3,0,3,0,0,0,0,0
34403,EP_GenderEqual,,3,0,3,3,0,3,0,0,0,0,1
34404,TdasPerezLazaro,,3,0,3,3,0,3,0,0,0,0,6
34405,Sudoe5,,2,0,2,2,0,2,0,0,0,0,6
34408,Andalucia_Rural,,2,0,2,2,0,2,0,0,0,0,0
34409,redrunacional,,2,0,2,2,0,2,0,0,0,0,0
34414,_CEJA_,,2,0,2,2,0,2,0,0,0,0,1
34424,H2020Manuals,,2,0,2,2,0,2,0,0,0,0,2
34425,GECA_andalucia,,2,0,2,2,0,2,0,0,0,0,0
34431,LIT_Tipperary,,2,0,2,2,0,2,0,0,0,0,1
34438,ConstrumatBCN,,3,0,3,3,0,3,0,0,0,0,2
34439,ArquitasaSA,,2,0,2,2,0,2,0,0,0,0,6
34442,JAWorldwide,,2,0,2,2,0,2,0,0,0,0,1
34443,JA_Europe,,3,0,3,3,0,3,0,0,0,0,1
34444,MarielaFBermejo,,3,0,3,3,0,3,0,0,0,0,0
34446,ied_europe,,2,0,2,2,0,2,0,0,0,0,1
34451,KajEmbren,,2,0,2,2,0,2,0,0,0,0,6
34455,TEDxRealejo,,2,0,2,2,0,2,0,0,0,0,0
34466,agorarsc,,2,0,2,2,0,2,0,0,0,0,0
34467,AccesosMx,,2,0,2,2,0,2,0,0,0,0,0
34471,Eticom_com,,3,0,3,3,0,3,0,0,0,0,0
34472,forogreencities,,3,0,3,3,0,3,0,0,0,0,6
34473,AEDempresas,,2,0,2,2,0,2,0,0,0,0,6
34479,etisconsultores,,2,0,2,2,0,2,0,0,0,0,0
34480,agarquitectura,,2,0,2,2,0,2,0,0,0,0,6
34481,GorAlvaro,,2,0,2,2,0,2,0,0,0,0,0
34484,mulconsa,,2,0,2,2,0,2,0,0,0,0,6
34486,Renfe,,4,0,4,4,0,4,0,0,0,0,4
34487,aena,,3,0,3,3,0,3,0,0,0,0,5
34490,AGARCIAGO_59,,3,0,3,3,0,3,0,0,0,0,0
34492,montimar66,,3,0,3,3,0,3,0,0,0,0,0
34494,CongresoCONTART,,2,0,2,2,0,2,0,0,0,0,0
34497,MiCiudadRECI,,2,0,2,2,0,2,0,0,0,0,6
34498,descifrapasado,,2,0,2,2,0,2,0,0,0,0,0
34500,smartcityclust,,3,0,3,3,0,3,0,0,0,0,0
34501,WorldUrbanForum,,2,0,2,2,0,2,0,0,0,0,1
34505,CruzyOrtiz,,2,0,2,2,0,2,0,0,0,0,6
34508,Fira_Barcelona,,2,0,2,2,0,2,0,0,0,0,2
34512,anacefp,,4,0,4,4,0,4,0,0,0,0,0
34513,FinanzasIDI,,2,0,2,2,0,2,0,0,0,0,6
34514,chaloplay,,2,0,2,2,0,2,0,0,0,0,0
34515,ESCOEMasesoria,,4,0,4,4,0,4,0,0,0,0,4
34517,GranadaSmart,,3,0,3,3,0,3,0,0,0,0,6
34518,euenergyweek,,3,0,3,3,0,3,0,0,0,0,1
34520,javierimbroda,,3,0,3,3,0,3,0,0,0,0,0
34521,idealista,,3,0,3,3,0,3,0,0,0,0,4
34530,Steviados,,2,0,2,2,0,2,0,0,0,0,6
34531,RenovateEurope,,3,0,3,3,0,3,0,0,0,0,1
34532,EU_BUILDUP,,2,0,2,2,0,2,0,0,0,0,1
34533,VodafoneEmpresa,,2,0,2,2,0,2,0,0,0,0,0
34536,BuscoExtra,,2,0,2,2,0,2,0,0,0,0,2
34537,theinbounder,,2,0,2,2,0,2,0,0,0,0,4
34541,WarrenBuffett,,3,0,3,3,0,3,0,0,0,0,2
34542,Mjgl1,,2,0,2,2,0,2,0,0,0,0,0
34546,procoam,,2,0,2,2,0,2,0,0,0,0,4
34547,bonsaiarq,,2,0,2,2,0,2,0,0,0,0,0
34548,ManuBarba,,2,0,2,2,0,2,0,0,0,0,0
34549,Luifempr,,2,0,2,2,0,2,0,0,0,0,6
34554,Adela20695,,2,0,2,2,0,2,0,0,0,0,6
34556,JoseManuelR,,4,0,4,4,0,4,0,0,0,0,4
34557,empleate,,3,0,3,3,0,3,0,0,0,0,6
34559,IEbusiness,,5,0,5,5,0,5,0,0,0,0,2
34560,Inc,,4,0,4,4,0,4,0,0,0,0,3
34561,RevistaCity,,2,0,2,2,0,2,0,0,0,0,4
34564,PymeActiva,,3,0,3,3,0,3,0,0,0,0,0
34565,Socialab_com,,2,0,2,2,0,2,0,0,0,0,4
34566,xsalas,,3,0,3,3,0,3,0,0,0,0,4
34567,promete_org,,3,0,3,3,0,3,0,0,0,0,4
34568,StartupGrind,,3,0,3,3,0,3,0,0,0,0,0
34569,VectMediaMx,,3,0,3,3,0,3,0,0,0,0,4
34575,Joven_Emprende,,3,0,3,3,0,3,0,0,0,0,0
34576,YoungEnt,,3,0,3,3,0,3,0,0,0,0,2
34577,cminana,,2,0,2,2,0,2,0,0,0,0,0
34578,Infocif,,3,0,3,3,0,3,0,0,0,0,6
34582,Emprenderalia,,2,0,2,2,0,2,0,0,0,0,4
34588,QuiqueCadorniga,,3,0,3,3,0,3,0,0,0,0,6
34589,emprendeTVE,,2,0,2,2,0,2,0,0,0,0,0
34590,JovenesEmpren,,3,0,3,3,0,3,0,0,0,0,0
34592,middos_es,,3,0,3,3,0,3,0,0,0,0,4
34593,GoogleStartups,,3,0,3,3,0,3,0,0,0,0,8
34594,Startup_ES,,2,0,2,2,0,2,0,0,0,0,0
34597,gontrevijano,,3,0,3,3,0,3,0,0,0,0,0
34598,InspiringFC,,2,0,2,2,0,2,0,0,0,0,6
34608,pam_cepeda,,2,0,2,2,0,2,0,0,0,0,0
34609,InniciaAnd,,2,0,2,2,0,2,0,0,0,0,0
34612,jotadoce_,,3,0,3,3,0,3,0,0,0,0,6
34613,TwitterData,,3,0,3,3,0,3,0,0,0,0,4
34616,radarqnet,,2,0,2,2,0,2,0,0,0,0,6
34617,noticiasarq,,2,0,2,2,0,2,0,0,0,0,0
34622,cerqana,,2,0,2,2,0,2,0,0,0,0,0
34623,klaustoon,,2,0,2,2,0,2,0,0,0,0,6
34628,sanchez_sonia,,3,0,3,3,0,3,0,0,0,0,4
34629,thewarroomblog,,2,0,2,2,0,2,0,0,0,0,0
34634,UPYD,,3,0,3,3,0,3,0,0,0,0,0
34635,Albiol_XG,,2,0,2,2,0,2,0,0,0,0,6
34637,AliciaSCamacho,,2,0,2,2,0,2,0,0,0,0,0
34639,Rafa_Hernando,,2,0,2,2,0,2,0,0,0,0,6
34641,ffuentesjodar,,2,0,2,2,0,2,0,0,0,0,0
34647,Aguado_Raquel,,2,0,2,2,0,2,0,0,0,0,5
34651,Pedro_Torrijos,,2,0,2,2,0,2,0,0,0,0,6
34652,driecel,,3,0,3,3,0,3,0,0,0,0,0
34659,FCC_Group,,3,0,3,3,0,3,0,0,0,0,4
34660,SomosSacyr,,2,0,2,2,0,2,0,0,0,0,6
34669,commaUGR,,3,0,3,3,0,3,0,0,0,0,0
34670,a_alcantaral,,3,0,3,3,0,3,0,0,0,0,0
34673,SMEunited,,2,0,2,2,0,2,0,0,0,0,1
34676,GranadaExplorer,,3,0,3,3,0,3,0,0,0,0,0
34678,patigosalvez,,2,0,2,2,0,2,0,0,0,0,4
34679,mavazquezb,,3,0,3,3,0,3,0,0,0,0,6
34681,SketchUp,,2,0,2,2,0,2,0,0,0,0,2
34683,IAAPJunta,,2,0,2,2,0,2,0,0,0,0,0
34684,PTCapitel,,2,0,2,2,0,2,0,0,0,0,0
34686,colectivoinsos,,4,0,4,4,0,4,0,0,0,0,0
34687,uaapa,,3,0,3,3,0,3,0,0,0,0,6
34689,LFSarquitectura,,2,0,2,2,0,2,0,0,0,0,6
34690,bau_granada,,4,0,4,4,0,4,0,0,0,0,6
34691,DOJOArquitectos,,2,0,2,2,0,2,0,0,0,0,0
34692,jesusgranada,,4,0,4,4,0,4,0,0,0,0,0
34693,ConstElPartal,,2,0,2,2,0,2,0,0,0,0,6
34694,evabonsai,,3,0,3,3,0,3,0,0,0,0,0
34695,manologilsanz,,2,0,2,2,0,2,0,0,0,0,0
34696,esquilo_antonio,,3,0,3,3,0,3,0,0,0,0,0
34698,samugh,,3,0,3,3,0,3,0,0,0,0,6
34699,ManoloPizarro,,3,0,3,3,0,3,0,0,0,0,0
34703,albermedi,,3,0,3,3,0,3,0,0,0,0,6
34710,Anerr_,,2,0,2,2,0,2,0,0,0,0,4
34720,COA_Aragon,,2,0,2,2,0,2,0,0,0,0,4
34722,COACatalunya,,2,0,2,2,0,2,0,0,0,0,4
34723,coacyle,,2,0,2,2,0,2,0,0,0,0,4
34724,COACadiz,,2,0,2,2,0,2,0,0,0,0,4
34726,COASevilla,,2,0,2,2,0,2,0,0,0,0,4
34728,COACGirona,,2,0,2,2,0,2,0,0,0,0,4
34730,COACM_AB,,2,0,2,2,0,2,0,0,0,0,4
34731,COAVN_Alava,,2,0,2,2,0,2,0,0,0,0,4
34732,COAGcoruna,,2,0,2,2,0,2,0,0,0,0,4
34733,ArquitectosCTAC,,2,0,2,2,0,2,0,0,0,0,4
34734,coagvigo,,2,0,2,2,0,2,0,0,0,0,4
34735,COAGranCanaria,,3,0,3,3,0,3,0,0,0,0,3
34736,ArquitectosdeOU,,2,0,2,2,0,2,0,0,0,0,4
34746,laiagafe,,2,0,2,2,0,2,0,0,0,0,6
34748,pmtips,,2,0,2,2,0,2,0,0,0,0,2
34750,Secot_,,2,0,2,2,0,2,0,0,0,0,6
34753,BracelitEs,,2,0,2,2,0,2,0,0,0,0,6
34754,mDurance_ES,,2,0,2,2,0,2,0,0,0,0,0
34755,JavierCanvalver,,2,0,2,2,0,2,0,0,0,0,6
34757,SantanderX,,2,0,2,2,0,2,0,0,0,0,6
34758,GVteam,,3,0,3,3,0,3,0,0,0,0,4
34759,techstars,,2,0,2,2,0,2,0,0,0,0,2
34760,500Startups,,3,0,3,3,0,3,0,0,0,0,3
34761,leanstartup,,2,0,2,2,0,2,0,0,0,0,3
34763,ValaAfshar,,2,0,2,2,0,2,0,0,0,0,2
34764,sgblank,,2,0,2,2,0,2,0,0,0,0,4
34772,joseantonmartin,,2,0,2,2,0,2,0,0,0,0,0
34773,GranadaCBureau,,3,0,3,3,0,3,0,0,0,0,6
34776,Nataliamoljim,,2,0,2,2,0,2,0,0,0,0,6
34779,7AntonioCP,,2,0,2,2,0,2,0,0,0,0,6
34782,CEURJC,,2,0,2,2,0,2,0,0,0,0,4
34784,BREEAMespana,,2,0,2,2,0,2,0,0,0,0,6
34785,CONSTRUIBLE,,2,0,2,2,0,2,0,0,0,0,4
34786,SomArquitectura,,2,0,2,2,0,2,0,0,0,0,6
34795,aDanielPerez,,3,0,3,3,0,3,0,0,0,0,0
34799,F_Armengol,,2,0,2,2,0,2,0,0,0,0,5
34800,lazaro050960,,2,0,2,2,0,2,0,0,0,0,6
34801,David_RomeroSan,,2,0,2,2,0,2,0,0,0,0,6
34802,jjmerelo,,3,0,3,3,0,3,0,0,0,0,6
34803,d_est_CCTT,,3,0,3,3,0,3,0,0,0,0,6
34804,clubnauticoUGR,,2,0,2,2,0,2,0,0,0,0,6
34805,ComparadasUGR,,3,0,3,3,0,3,0,0,0,0,6
34806,emprendeUGR,,3,0,3,3,0,3,0,0,0,0,6
34807,q100ugr,,3,0,3,3,0,3,0,0,0,0,5
34808,CemixUGRMADOC,,3,0,3,3,0,3,0,0,0,0,6
34809,UGRME,,3,0,3,3,0,3,0,0,0,0,6
34810,EC3metrics,,3,0,3,3,0,3,0,0,0,0,6
34811,ecofinugr,,3,0,3,3,0,3,0,0,0,0,6
34812,GeometryUGR,,2,0,2,2,0,2,0,0,0,0,6
34813,MasterEP_UGR,,3,0,3,3,0,3,0,0,0,0,6
34814,CM_dlformacion,,3,0,3,3,0,3,0,0,0,0,0
34815,NoticiarioUgr,,3,0,3,3,0,3,0,0,0,0,4
34816,UGRSpace,,3,0,3,3,0,3,0,0,0,0,8
34817,ccpolsolUGR,,3,0,3,3,0,3,0,0,0,0,6
34819,UGRingenieras,,3,0,3,3,0,3,0,0,0,0,6
34823,aopandalucia,,2,0,2,2,0,2,0,0,0,0,4
34824,FomentoAND,,3,0,3,3,0,3,0,0,0,0,0
34831,_angelape,,2,0,2,2,0,2,0,0,0,0,6
34833,COAValladolid,,2,0,2,2,0,2,0,0,0,0,4
34838,coahuelva,,2,0,2,2,0,2,0,0,0,0,4
34840,alrubio1184,,2,0,2,2,0,2,0,0,0,0,6
34846,RafaeSecades,,2,0,2,2,0,2,0,0,0,0,0
34854,Scientists4EU,,3,0,3,3,0,3,0,0,0,0,1
34855,BritsfortheEU,,2,0,2,2,0,2,0,0,0,0,3
34856,W_A_T_O_N,,2,0,2,2,0,2,0,0,0,0,3
34858,Simonablake,,2,0,2,2,0,2,0,0,0,0,2
34865,USI_Education,,4,0,4,4,0,4,0,0,0,0,1
34867,WelshGovernment,,2,0,2,2,0,2,0,0,0,0,2
34870,nusuk,,3,0,3,3,0,3,0,0,0,0,1
34881,GerardoEIP,,3,0,3,3,0,3,0,0,0,0,4
34883,socialistes_cat,,3,0,3,3,0,3,0,0,0,0,0
34885,Mariaterrzamb,,3,0,3,3,0,3,0,0,0,0,6
34889,Granadaccesible,,3,0,3,3,0,3,0,0,0,0,0
34893,LoraGarci,,3,0,3,3,0,3,0,0,0,0,8
34895,valabarces,,2,0,2,2,0,2,0,0,0,0,6
34896,Carlomagno91,,2,0,2,2,0,2,0,0,0,0,0
34904,federacionISF,,2,0,2,2,0,2,0,0,0,0,6
34909,pmiagile,,2,0,2,2,0,2,0,0,0,0,2
34913,ProjectTips,,2,0,2,2,0,2,0,0,0,0,2
34921,anadumu,,3,0,3,3,0,3,0,0,0,0,4
34922,pilarfreud,,2,0,2,2,0,2,0,0,0,0,0
34923,FilipPrihoda,,2,0,2,2,0,2,0,0,0,0,1
34928,bubionturismo,,2,0,2,2,0,2,0,0,0,0,0
34936,encarnivellido,,2,0,2,2,0,2,0,0,0,0,0
34937,RealideaES,,2,0,2,2,0,2,0,0,0,0,6
34938,pepecampostruji,,4,0,4,4,0,4,0,0,0,0,0
34942,JoseMtnezArias,,2,0,2,2,0,2,0,0,0,0,6
34943,JuanMalaga2011,,3,0,3,3,0,3,0,0,0,0,0
34944,cuadrae_ing,,2,0,2,2,0,2,0,0,0,0,4
34945,UGT_Andalucia,,3,0,3,3,0,3,0,0,0,0,0
34956,MoralesAML,,2,0,2,2,0,2,0,0,0,0,6
34957,mrtlara_,,3,0,3,3,0,3,0,0,0,0,6
34964,BrunoVelasco10,,2,0,2,2,0,2,0,0,0,0,6
34967,josegarrido1975,,2,0,2,2,0,2,0,0,0,0,6
34972,AscensoresOtis,,2,0,2,2,0,2,0,0,0,0,6
34976,juliodirecto,,2,0,2,2,0,2,0,0,0,0,0
34982,JuliopiedraC,,2,0,2,2,0,2,0,0,0,0,6
34984,Vissibles,,2,0,2,2,0,2,0,0,0,0,0
34987,MariaAnaRuizTen,,2,0,2,2,0,2,0,0,0,0,6
34996,FTriangulo,,3,0,3,3,0,3,0,0,0,0,1
34997,AlejandraCF92,,2,0,2,2,0,2,0,0,0,0,6
35000,alberto_ciju,,2,0,2,2,0,2,0,0,0,0,0
35003,MLopezGabaldon,,2,0,2,2,0,2,0,0,0,0,0
35007,Mamengoes,,2,0,2,2,0,2,0,0,0,0,2
35009,VicentePadul,,2,0,2,2,0,2,0,0,0,0,6
35010,AntonioEncisoP,,2,0,2,2,0,2,0,0,0,0,6
35013,danielurena,,3,0,3,3,0,3,0,0,0,0,0
35014,Antonioyelamo,,2,0,2,2,0,2,0,0,0,0,6
35022,delafuente_28,,2,0,2,2,0,2,0,0,0,0,0
35023,aldesantos,,2,0,2,2,0,2,0,0,0,0,6
35024,credula,,2,0,2,2,0,2,0,0,0,0,0
35029,antoniarredondo,,2,0,2,2,0,2,0,0,0,0,6
35032,pere_navarro,,3,0,3,3,0,3,0,0,0,0,0
35036,marianvelasco,,2,0,2,2,0,2,0,0,0,0,0
35037,Pepe_Fdez,,2,0,2,2,0,2,0,0,0,0,0
35038,Juliaenlaonda,,3,0,3,3,0,3,0,0,0,0,0
35039,sorayarr_,,3,0,3,3,0,3,0,0,0,0,6
35040,PSOEdipmlg,,2,0,2,2,0,2,0,0,0,0,0
35041,fhollande,,3,0,3,3,0,3,0,0,0,0,8
35042,Lagaceta08,,3,0,3,3,0,3,0,0,0,0,0
35045,IvanCiudadanoA,,3,0,3,3,0,3,0,0,0,0,0
35046,lavozdealmeria,,3,0,3,3,0,3,0,0,0,0,0
35047,cordoba,,3,0,3,3,0,3,0,0,0,0,0
35048,SER_Almeria,,3,0,3,3,0,3,0,0,0,0,0
35050,carmentorrres,,3,0,3,3,0,3,0,0,0,0,0
35052,2imori,,2,0,2,2,0,2,0,0,0,0,0
35056,ArteagaMar,,2,0,2,2,0,2,0,0,0,0,4
35057,SoledadRuizSeg,,2,0,2,2,0,2,0,0,0,0,0
35058,msoledadperez,,2,0,2,2,0,2,0,0,0,0,0
35061,faperales,,3,0,3,3,0,3,0,0,0,0,4
35066,morillomarta,,2,0,2,2,0,2,0,0,0,0,0
35069,NewEconomyForum,,3,0,3,3,0,3,0,0,0,0,0
35070,Pacote_Pizarro,,2,0,2,2,0,2,0,0,0,0,0
35072,edpermanente,,3,0,3,3,0,3,0,0,0,0,0
35074,RodriguezPinero,,2,0,2,2,0,2,0,0,0,0,6
35077,yoanisanchez,,3,0,3,3,0,3,0,0,0,0,4
35082,rakel_laviana,,2,0,2,2,0,2,0,0,0,0,0
35083,___Jeronimo___,,2,0,2,2,0,2,0,0,0,0,6
35086,GabrielCruzSt,,3,0,3,3,0,3,0,0,0,0,2
35095,Jelbali,,2,0,2,2,0,2,0,0,0,0,4
35100,oscarlopeztwit,,2,0,2,2,0,2,0,0,0,0,0
35117,andalucesdiario,,3,0,3,3,0,3,0,0,0,0,6
35119,xCarLan,,2,0,2,2,0,2,0,0,0,0,6
35120,JC_Villanueva,,2,0,2,2,0,2,0,0,0,0,0
35125,HistoriasDeLuz,,3,0,3,3,0,3,0,0,0,0,0
35129,mananascuatro,,2,0,2,2,0,2,0,0,0,0,6
35132,RubenNijar,,2,0,2,2,0,2,0,0,0,0,0
35133,paloma_pirfa,,2,0,2,2,0,2,0,0,0,0,6
35138,FdoVicente,,2,0,2,2,0,2,0,0,0,0,0
35141,Buntler,,2,0,2,2,0,2,0,0,0,0,0
35143,Lacarreter,,2,0,2,2,0,2,0,0,0,0,0
35144,eppolitica_cas,,2,0,2,2,0,2,0,0,0,0,3
35150,j_aortega,,2,0,2,2,0,2,0,0,0,0,0
35152,jalfarom,,2,0,2,2,0,2,0,0,0,0,2
35154,Danicar83dani,,2,0,2,2,0,2,0,0,0,0,0
35156,Adriglcar,,2,0,2,2,0,2,0,0,0,0,0
35159,pruizangel,,2,0,2,2,0,2,0,0,0,0,2
35164,martinmoniche,,2,0,2,2,0,2,0,0,0,0,0
35165,emeterina,,3,0,3,3,0,3,0,0,0,0,0
35166,AngelEliasD,,2,0,2,2,0,2,0,0,0,0,0
35175,ppandaluz,,3,0,3,3,0,3,0,0,0,0,0
35180,molinoalberto,,2,0,2,2,0,2,0,0,0,0,6
35182,Ton_Pachon,,2,0,2,2,0,2,0,0,0,0,5
35183,isabel_ambrosio,,2,0,2,2,0,2,0,0,0,0,0
35184,hcangela84,,2,0,2,2,0,2,0,0,0,0,0
35193,areihur,,2,0,2,2,0,2,0,0,0,0,0
35194,ramonscarbo,,2,0,2,2,0,2,0,0,0,0,0
35209,fquinterog,,2,0,2,2,0,2,0,0,0,0,0
35213,HoyPorHoy,,3,0,3,3,0,3,0,0,0,0,4
35214,mc_castilla,,2,0,2,2,0,2,0,0,0,0,0
35217,jaimepele,,3,0,3,3,0,3,0,0,0,0,2
35218,anabarcelochico,,2,0,2,2,0,2,0,0,0,0,4
35224,FeSP_UGT,,2,0,2,2,0,2,0,0,0,0,6
35231,MartaEscrivaT,,3,0,3,3,0,3,0,0,0,0,0
35232,mespram,,2,0,2,2,0,2,0,0,0,0,6
35236,RubenMargallo,,2,0,2,2,0,2,0,0,0,0,0
35240,Iberismo_,,2,0,2,2,0,2,0,0,0,0,0
35244,danileonporcel,,2,0,2,2,0,2,0,0,0,0,6
35245,Juancarlosblanc,,3,0,3,3,0,3,0,0,0,0,0
35247,AndyPorcel,,3,0,3,3,0,3,0,0,0,0,6
35248,meteoLugo,,2,0,2,2,0,2,0,0,0,0,3
35249,SgmArquitectura,,2,0,2,2,0,2,0,0,0,0,6
35253,AnaArquitectura,,2,0,2,2,0,2,0,0,0,0,6
35255,UAOCEU,,3,0,3,3,0,3,0,0,0,0,4
35256,UNIRuniversidad,,3,0,3,3,0,3,0,0,0,0,4
35257,LoyolaAnd,,3,0,3,3,0,3,0,0,0,0,4
35258,uchceu,,3,0,3,3,0,3,0,0,0,0,4
35259,UniLaGuajira,,2,0,2,2,0,2,0,0,0,0,4
35260,upsa,,3,0,3,3,0,3,0,0,0,0,4
35261,CEUCunican,,3,0,3,3,0,3,0,0,0,0,4
35263,ximopuig,,2,0,2,2,0,2,0,0,0,0,4
35275,coacmcr,,2,0,2,2,0,2,0,0,0,0,4
35277,delegarqSVQ,,3,0,3,3,0,3,0,0,0,0,6
35278,_etsav_,,2,0,2,2,0,2,0,0,0,0,4
35279,FUNDACOAM,,2,0,2,2,0,2,0,0,0,0,4
35283,somosarq,,2,0,2,2,0,2,0,0,0,0,6
35284,COABurgos,,2,0,2,2,0,2,0,0,0,0,4
35289,uaharquitectura,,2,0,2,2,0,2,0,0,0,0,4
35292,ArquiExt_COADE,,2,0,2,2,0,2,0,0,0,0,4
35293,etsaunav,,3,0,3,3,0,3,0,0,0,0,4
35295,mjcasadog,,2,0,2,2,0,2,0,0,0,0,4
35297,COAGLugo,,2,0,2,2,0,2,0,0,0,0,4
35304,coamalaga,,2,0,2,2,0,2,0,0,0,0,4
35307,COAVNavarra,,2,0,2,2,0,2,0,0,0,0,4
35309,COAVNbiz,,2,0,2,2,0,2,0,0,0,0,4
35310,ETSABarcelona,,2,0,2,2,0,2,0,0,0,0,6
35311,VanDerNeb,,2,0,2,2,0,2,0,0,0,0,0
35323,AVNAU_COAVN,,2,0,2,2,0,2,0,0,0,0,4
35324,estudiomaus,,2,0,2,2,0,2,0,0,0,0,6
35337,COACV,,2,0,2,2,0,2,0,0,0,0,4
35339,COAC_tgn,,2,0,2,2,0,2,0,0,0,0,4
35340,COAGPontevedra,,2,0,2,2,0,2,0,0,0,0,4
35341,ArquitectosCTAV,,2,0,2,2,0,2,0,0,0,0,4
35343,CAFMadrid,,2,0,2,2,0,2,0,0,0,0,4
35356,joseluisurban,,2,0,2,2,0,2,0,0,0,0,6
35358,JRedondo68,,2,0,2,2,0,2,0,0,0,0,6
35359,alexlazubia,,2,0,2,2,0,2,0,0,0,0,0
35360,cristiros7,,3,0,3,3,0,3,0,0,0,0,6
35362,DjBreogan,,2,0,2,2,0,2,0,0,0,0,0
35363,PosadaFrancis,,2,0,2,2,0,2,0,0,0,0,0
35366,ragonro66,,3,0,3,3,0,3,0,0,0,0,0
35367,SalobrenaJSA,,3,0,3,3,0,3,0,0,0,0,0
35368,IkerZapHoz,,3,0,3,3,0,3,0,0,0,0,6
35370,Anagroldan,,2,0,2,2,0,2,0,0,0,0,6
35373,SilviaAlcalde,,2,0,2,2,0,2,0,0,0,0,0
35376,asilecomo,,2,0,2,2,0,2,0,0,0,0,6
35380,martuniki,,2,0,2,2,0,2,0,0,0,0,0
35385,LeandroMartinV,,2,0,2,2,0,2,0,0,0,0,6
35387,vdanguita,,3,0,3,3,0,3,0,0,0,0,6
35392,psoevegas,,3,0,3,3,0,3,0,0,0,0,4
35394,ingenius6,,3,0,3,3,0,3,0,0,0,0,0
35396,FPozo_SC,,4,0,4,4,0,4,0,0,0,0,0
35400,rmorenosegura,,3,0,3,3,0,3,0,0,0,0,0
35403,jmapma,,2,0,2,2,0,2,0,0,0,0,0
35404,tania_lopezcar,,3,0,3,3,0,3,0,0,0,0,0
35406,torralba59,,2,0,2,2,0,2,0,0,0,0,2
35412,erojotorrecilla,,2,0,2,2,0,2,0,0,0,0,2
35416,NeosUja,,2,0,2,2,0,2,0,0,0,0,6
35422,ivallespin,,2,0,2,2,0,2,0,0,0,0,6
35424,DEFIB_upc,,3,0,3,3,0,3,0,0,0,0,6
35437,maxgamezlopez,,2,0,2,2,0,2,0,0,0,0,6
35448,Aretwitta,,2,0,2,2,0,2,0,0,0,0,6
35458,QuimicaEuskadi,,2,0,2,2,0,2,0,0,0,0,4
35468,MAngelesZurilla,,2,0,2,2,0,2,0,0,0,0,6
35471,anaisbernal,,3,0,3,3,0,3,0,0,0,0,0
35474,LFInvisible,,2,0,2,2,0,2,0,0,0,0,4
35477,xviicnep,,2,0,2,2,0,2,0,0,0,0,6
35478,ceuvigo,,2,0,2,2,0,2,0,0,0,0,1
35481,Jalbeam,,3,0,3,3,0,3,0,0,0,0,4
35483,JoveSocialistes,,2,0,2,2,0,2,0,0,0,0,4
35484,raquelejerique,,2,0,2,2,0,2,0,0,0,0,6
35491,dafmab,,2,0,2,2,0,2,0,0,0,0,6
35493,II_CIEE,,2,0,2,2,0,2,0,0,0,0,4
35497,andrs_sant,,2,0,2,2,0,2,0,0,0,0,0
35503,DelegacionEAM,,2,0,2,2,0,2,0,0,0,0,6
35507,ASURioja,,2,0,2,2,0,2,0,0,0,0,4
35508,LeaMeister1,,2,0,2,2,0,2,0,0,0,0,1
35524,EPSILOM_UMA,,2,0,2,2,0,2,0,0,0,0,6
35526,NUSGREM,,2,0,2,2,0,2,0,0,0,0,6
35527,Cristiano_Brown,,2,0,2,2,0,2,0,0,0,0,0
35530,hazmarketing_es,,2,0,2,2,0,2,0,0,0,0,4
35535,Juanrajarote,,2,0,2,2,0,2,0,0,0,0,6
35537,deccafydeuah,,2,0,2,2,0,2,0,0,0,0,4
35539,DelegacionEPS,,3,0,3,3,0,3,0,0,0,0,4
35540,CampusToledo,,3,0,3,3,0,3,0,0,0,0,4
35541,MJRAceituno,,2,0,2,2,0,2,0,0,0,0,2
35542,aerraaiti,,3,0,3,3,0,3,0,0,0,0,6
35543,AEALCEE,,3,0,3,3,0,3,0,0,0,0,4
35546,CREII_ESP,,2,0,2,2,0,2,0,0,0,0,4
35550,dalum_etsist,,2,0,2,2,0,2,0,0,0,0,4
35551,uledact,,3,0,3,3,0,3,0,0,0,0,4
35559,civilconcapa,,3,0,3,3,0,3,0,0,0,0,6
35563,ismaelsalehr,,2,0,2,2,0,2,0,0,0,0,6
35564,asociacionasat,,2,0,2,2,0,2,0,0,0,0,4
35568,Laurita5135,,2,0,2,2,0,2,0,0,0,0,6
35582,CGATEsp,,2,0,2,2,0,2,0,0,0,0,4
35584,trienaldelisboa,,2,0,2,2,0,2,0,0,0,0,7
35588,ETSAValladolid,,2,0,2,2,0,2,0,0,0,0,6
35593,Colegiocaminos,,2,0,2,2,0,2,0,0,0,0,4
35595,MARIAJE77,,2,0,2,2,0,2,0,0,0,0,0
35596,PSOE_Macarena,,2,0,2,2,0,2,0,0,0,0,6
35597,joselabs,,2,0,2,2,0,2,0,0,0,0,6
35598,juananfranco,,4,0,4,4,0,4,0,0,0,0,0
35603,adelacastano,,2,0,2,2,0,2,0,0,0,0,0
35604,Josemimunoz,,3,0,3,3,0,3,0,0,0,0,0
35605,jago50,,2,0,2,2,0,2,0,0,0,0,6
35610,OturaClean,,2,0,2,2,0,2,0,0,0,0,6
35612,educ_jimenez,,3,0,3,3,0,3,0,0,0,0,0
35615,nigles_,,2,0,2,2,0,2,0,0,0,0,6
35624,AhoraNegocios_,,2,0,2,2,0,2,0,0,0,0,6
35625,francisanguita,,2,0,2,2,0,2,0,0,0,0,0
35629,EAZETA,,2,0,2,2,0,2,0,0,0,0,0
35636,JDavicarm,,3,0,3,3,0,3,0,0,0,0,2
35637,chusagui,,2,0,2,2,0,2,0,0,0,0,0
35644,ciudad_granada_,,3,0,3,3,0,3,0,0,0,0,0
35646,PabloDominguez,,4,0,4,4,0,4,0,0,0,0,0
35650,Jocrega,,2,0,2,2,0,2,0,0,0,0,4
35657,alfonsomolina85,,2,0,2,2,0,2,0,0,0,0,6
35659,arenasdesoria,,2,0,2,2,0,2,0,0,0,0,0
35660,MarisaChvm,,2,0,2,2,0,2,0,0,0,0,6
35661,_JavierVila_,,2,0,2,2,0,2,0,0,0,0,4
35671,R1_EventosDepor,,3,0,3,3,0,3,0,0,0,0,6
35674,aida2santos,,2,0,2,2,0,2,0,0,0,0,6
35675,AlpujarraViva,,2,0,2,2,0,2,0,0,0,0,0
35677,DomingoSola2,,2,0,2,2,0,2,0,0,0,0,6
35680,aguilarcano,,2,0,2,2,0,2,0,0,0,0,6
35689,juanjoseroda,,2,0,2,2,0,2,0,0,0,0,0
35694,David_Calvo,,2,0,2,2,0,2,0,0,0,0,0
35698,Jfdez31,,3,0,3,3,0,3,0,0,0,0,6
35700,PcHuetor,,2,0,2,2,0,2,0,0,0,0,6
35704,robles_paco,,3,0,3,3,0,3,0,0,0,0,0
35705,antonlosada,,4,0,4,4,0,4,0,0,0,0,0
35707,pacoillora,,3,0,3,3,0,3,0,0,0,0,6
35711,IUDipGra,,3,0,3,3,0,3,0,0,0,0,0
35712,MasegosaNieves,,3,0,3,3,0,3,0,0,0,0,0
35713,ridermarina,,2,0,2,2,0,2,0,0,0,0,0
35714,MSantaella2,,3,0,3,3,0,3,0,0,0,0,0
35716,pmartinezmoreno,,2,0,2,2,0,2,0,0,0,0,0
35718,PacoChurriana,,3,0,3,3,0,3,0,0,0,0,6
35719,AnaPsoe,,3,0,3,3,0,3,0,0,0,0,0
35721,PsoePulianas,,2,0,2,2,0,2,0,0,0,0,0
35722,JuanF_Mancilla,,3,0,3,3,0,3,0,0,0,0,0
35723,Raul_lanjaron,,3,0,3,3,0,3,0,0,0,0,0
35724,juancamon,,4,0,4,4,0,4,0,0,0,0,0
35725,RAYDERGRANADA,,4,0,4,4,0,4,0,0,0,0,0
35726,Lanjaron_PSOE,,4,0,4,4,0,4,0,0,0,0,0
35727,belenpezzicoach,,4,0,4,4,0,4,0,0,0,0,0
35728,Agus_Martinez58,,3,0,3,3,0,3,0,0,0,0,0
35730,micastell,,3,0,3,3,0,3,0,0,0,0,0
35731,MarianoIznalloz,,2,0,2,2,0,2,0,0,0,0,0
35732,igfenoll,,2,0,2,2,0,2,0,0,0,0,0
35734,AJDiazMata,,3,0,3,3,0,3,0,0,0,0,4
35735,psoeguadix,,2,0,2,2,0,2,0,0,0,0,6
35736,CarbajoHerrera,,3,0,3,3,0,3,0,0,0,0,0
35737,alesiyoHV,,3,0,3,3,0,3,0,0,0,0,0
35738,FeliperezRs,,3,0,3,3,0,3,0,0,0,0,0
35739,CarolinaHuetor,,3,0,3,3,0,3,0,0,0,0,0
35740,m_izquierdorojo,,2,0,2,2,0,2,0,0,0,0,0
35741,JSAHuetorVega,,3,0,3,3,0,3,0,0,0,0,0
35742,IgnacioHenares,,3,0,3,3,0,3,0,0,0,0,0
35743,manolocontrabaj,,4,0,4,4,0,4,0,0,0,0,0
35744,uribesoria,,2,0,2,2,0,2,0,0,0,0,4
35745,PSOElasgabias,,2,0,2,2,0,2,0,0,0,0,0
35748,asz_gr,,3,0,3,3,0,3,0,0,0,0,0
35749,ToniaDelOjo,,3,0,3,3,0,3,0,0,0,0,0
35751,psoedearmilla,,2,0,2,2,0,2,0,0,0,0,0
35752,IAPHorienta,,2,0,2,2,0,2,0,0,0,0,4
35753,f_lopezgarcia,,2,0,2,2,0,2,0,0,0,0,6
35755,enriquePINOS,,4,0,4,4,0,4,0,0,0,0,6
35756,_PuriLopez,,2,0,2,2,0,2,0,0,0,0,0
35758,salvador1529,,2,0,2,2,0,2,0,0,0,0,0
35760,RestaElDeseo,,4,0,4,4,0,4,0,0,0,0,4
35763,totalcalidad,,3,0,3,3,0,3,0,0,0,0,0
35764,grenema,,4,0,4,4,0,4,0,0,0,0,0
35770,JoseFernandoML,,2,0,2,2,0,2,0,0,0,0,6
35773,LauraTapiaB,,3,0,3,3,0,3,0,0,0,0,6
35775,iblancasa,,3,0,3,3,0,3,0,0,0,0,6
35776,luiscotarelo,,3,0,3,3,0,3,0,0,0,0,6
35777,PilarPerezHS,,3,0,3,3,0,3,0,0,0,0,6
35780,Mariajoseherpe,,2,0,2,2,0,2,0,0,0,0,0
35783,efaelsoto,,2,0,2,2,0,2,0,0,0,0,0
35786,JulianFerrol,,2,0,2,2,0,2,0,0,0,0,0
35789,Evagume,,2,0,2,2,0,2,0,0,0,0,6
35791,elenaguerrez,,2,0,2,2,0,2,0,0,0,0,0
35793,AndresPino88,,2,0,2,2,0,2,0,0,0,0,0
35794,Granada3131,,2,0,2,2,0,2,0,0,0,0,0
35798,RafaMHipola,,2,0,2,2,0,2,0,0,0,0,0
35800,psoechurrianav,,3,0,3,3,0,3,0,0,0,0,6
35802,LuisMFuentes70,,2,0,2,2,0,2,0,0,0,0,6
35804,acruzjimenez49,,2,0,2,2,0,2,0,0,0,0,0
35806,jmapontem,,3,0,3,3,0,3,0,0,0,0,0
35807,carmechacon,,3,0,3,3,0,3,0,0,0,0,5
35810,Esradiogranada,,3,0,3,3,0,3,0,0,0,0,0
35812,ChemaLRod,,3,0,3,3,0,3,0,0,0,0,6
35814,KioscoLoja,,2,0,2,2,0,2,0,0,0,0,0
35816,Cepeda,,2,0,2,2,0,2,0,0,0,0,6
35819,PepeMuros,,2,0,2,2,0,2,0,0,0,0,0
35822,GPSGranada,,3,0,3,3,0,3,0,0,0,0,0
35823,JAragonAriza,,3,0,3,3,0,3,0,0,0,0,0
35826,PSOE_SantaFe,,3,0,3,3,0,3,0,0,0,0,0
35828,_jcarlosrubio,,3,0,3,3,0,3,0,0,0,0,0
35832,jsaarmilla,,3,0,3,3,0,3,0,0,0,0,0
35833,magda_sevilla,,2,0,2,2,0,2,0,0,0,0,0
35836,Paquifern,,2,0,2,2,0,2,0,0,0,0,0
35837,MolinaEstefania,,2,0,2,2,0,2,0,0,0,0,0
35839,pedrohueneja,,2,0,2,2,0,2,0,0,0,0,6
35840,JuanluInfante,,2,0,2,2,0,2,0,0,0,0,0
35843,piensaylucha,,3,0,3,3,0,3,0,0,0,0,6
35844,OSMAGR,,5,0,5,5,0,5,0,0,0,0,0
35845,sergiotonosa,,2,0,2,2,0,2,0,0,0,0,6
35847,AytoPinosPuente,,4,0,4,4,0,4,0,0,0,0,0
35852,sanboc,,2,0,2,2,0,2,0,0,0,0,0
35853,PSOEigualdad,,2,0,2,2,0,2,0,0,0,0,0
35854,JSAlhendin,,2,0,2,2,0,2,0,0,0,0,0
35857,Franmarsu,,2,0,2,2,0,2,0,0,0,0,0
35858,AytoFteVaqueros,,3,0,3,3,0,3,0,0,0,0,6
35859,mariadeleyvacam,,3,0,3,3,0,3,0,0,0,0,0
35863,Lauraisg,,2,0,2,2,0,2,0,0,0,0,0
35864,gcastagnino,,3,0,3,3,0,3,0,0,0,0,4
35865,Natali_Lombardo,,2,0,2,2,0,2,0,0,0,0,0
35866,carolinash8,,3,0,3,3,0,3,0,0,0,0,0
35868,RaizSocialista,,2,0,2,2,0,2,0,0,0,0,0
35869,silviaonate,,3,0,3,3,0,3,0,0,0,0,0
35871,MaggranA,,2,0,2,2,0,2,0,0,0,0,0
35872,Carlos_Hinojosa,,2,0,2,2,0,2,0,0,0,0,0
35873,CEPESAndalucia,,2,0,2,2,0,2,0,0,0,0,0
35876,UGT_Comunica,,2,0,2,2,0,2,0,0,0,0,0
35877,JMolinaALM,,2,0,2,2,0,2,0,0,0,0,0
35879,CarlaAntonelli,,3,0,3,3,0,3,0,0,0,0,2
35882,IgualdadPSOEGR,,2,0,2,2,0,2,0,0,0,0,0
35883,ServiciosAND,,3,0,3,3,0,3,0,0,0,0,0
35886,_sandra72,,3,0,3,3,0,3,0,0,0,0,0
35888,DSHolguin,,3,0,3,3,0,3,0,0,0,0,0
35889,CarmeniMora,,3,0,3,3,0,3,0,0,0,0,0
35892,PESBilbao,,2,0,2,2,0,2,0,0,0,0,1
35897,vanepogi,,3,0,3,3,0,3,0,0,0,0,6
35899,Jorgeifres,,2,0,2,2,0,2,0,0,0,0,6
35901,elobrerodigital,,3,0,3,3,0,3,0,0,0,0,0
35905,p_marcote,,2,0,2,2,0,2,0,0,0,0,1
35907,PSdeG,,2,0,2,2,0,2,0,0,0,0,0
35909,rangeltarres,,2,0,2,2,0,2,0,0,0,0,6
35912,ammembrilla,,4,0,4,4,0,4,0,0,0,0,0
35913,PsoeAyamonte,,2,0,2,2,0,2,0,0,0,0,2
35915,Josejamarquez,,2,0,2,2,0,2,0,0,0,0,6
35916,motrildigital,,3,0,3,3,0,3,0,0,0,0,0
35917,JosQuilesVivanc,,2,0,2,2,0,2,0,0,0,0,0
35919,FRenovables,,4,0,4,4,0,4,0,0,0,0,0
35920,Juan_Proactivo,,3,0,3,3,0,3,0,0,0,0,6
35921,angelrd,,2,0,2,2,0,2,0,0,0,0,0
35922,VillafrancaM,,3,0,3,3,0,3,0,0,0,0,0
35924,JuanMiParraRuiz,,2,0,2,2,0,2,0,0,0,0,0
35926,Jlramirez3633,,2,0,2,2,0,2,0,0,0,0,0
35928,manmalaga,,2,0,2,2,0,2,0,0,0,0,0
35929,EPdeportes,,2,0,2,2,0,2,0,0,0,0,0
35931,zzadez,,3,0,3,3,0,3,0,0,0,0,0
35934,manbayona,,3,0,3,3,0,3,0,0,0,0,0
35941,AytoLasGabias,,2,0,2,2,0,2,0,0,0,0,0
35943,PsoeMoclin,,2,0,2,2,0,2,0,0,0,0,0
35951,juan_j66802,,2,0,2,2,0,2,0,0,0,0,6
35964,loli_eg7,,2,0,2,2,0,2,0,0,0,0,6
35973,REYMERINOANA,,3,0,3,3,0,3,0,0,0,0,0
35979,PradasTorres,,2,0,2,2,0,2,0,0,0,0,0
35984,fcorodmar,,2,0,2,2,0,2,0,0,0,0,6
35987,agvicente,,3,0,3,3,0,3,0,0,0,0,6
35991,miguel_delarosa,,2,0,2,2,0,2,0,0,0,0,2
35992,icambriles,,2,0,2,2,0,2,0,0,0,0,6
35994,psoegc,,2,0,2,2,0,2,0,0,0,0,3
35995,_MariaArnedo,,3,0,3,3,0,3,0,0,0,0,6
35996,InterGerman,,2,0,2,2,0,2,0,0,0,0,0
35998,Las13Rosas,,2,0,2,2,0,2,0,0,0,0,0
36000,nyngranada,,3,0,3,3,0,3,0,0,0,0,0
36004,psoedesevilla,,2,0,2,2,0,2,0,0,0,0,0
36006,PSOEPadul,,2,0,2,2,0,2,0,0,0,0,0
36007,SimancasRafael,,2,0,2,2,0,2,0,0,0,0,5
36026,CristoFdez,,2,0,2,2,0,2,0,0,0,0,0
36033,Jorge_J_Moreno,,3,0,3,3,0,3,0,0,0,0,4
36047,toimarche28,,2,0,2,2,0,2,0,0,0,0,0
36051,anamacias351,,2,0,2,2,0,2,0,0,0,0,6
36078,inmaoria,,3,0,3,3,0,3,0,0,0,0,0
36079,angelajimenez91,,3,0,3,3,0,3,0,0,0,0,6
36080,yolandaguilera,,2,0,2,2,0,2,0,0,0,0,0
36081,SoniaQuishpe,,2,0,2,2,0,2,0,0,0,0,6
36083,perales_carlos,,2,0,2,2,0,2,0,0,0,0,0
36084,RadioAlbolote,,3,0,3,3,0,3,0,0,0,0,0
36086,Victormanuel155,,2,0,2,2,0,2,0,0,0,0,6
36088,DadaCero,,4,0,4,4,0,4,0,0,0,0,0
36091,bcarrebravo,,2,0,2,2,0,2,0,0,0,0,0
36093,crisdevinuesa,,2,0,2,2,0,2,0,0,0,0,0
36094,SergioBerbel,,3,0,3,3,0,3,0,0,0,0,0
36095,psoeogijares,,2,0,2,2,0,2,0,0,0,0,2
36096,jprietomora,,2,0,2,2,0,2,0,0,0,0,6
36097,pacoreyesm,,2,0,2,2,0,2,0,0,0,0,0
36098,JaenJunta,,2,0,2,2,0,2,0,0,0,0,0
36099,MalagaJunta,,2,0,2,2,0,2,0,0,0,0,0
36102,JuntaSevilla,,3,0,3,3,0,3,0,0,0,0,0
36103,CarmenRCuello,,2,0,2,2,0,2,0,0,0,0,0
36105,AytoVegasGenil,,3,0,3,3,0,3,0,0,0,0,6
36107,jorgegonzalezd,,3,0,3,3,0,3,0,0,0,0,4
36109,ISPSOEGranada,,2,0,2,2,0,2,0,0,0,0,0
36110,PSOEJAEN,,3,0,3,3,0,3,0,0,0,0,0
36115,psoeviznar,,2,0,2,2,0,2,0,0,0,0,6
36117,masaca73,,2,0,2,2,0,2,0,0,0,0,6
36118,documoni,,2,0,2,2,0,2,0,0,0,0,0
36121,inmagleyva,,3,0,3,3,0,3,0,0,0,0,0
36123,antonioa_martin,,2,0,2,2,0,2,0,0,0,0,0
36124,an_blogs,,3,0,3,3,0,3,0,0,0,0,1
36128,Fran_PYeste,,3,0,3,3,0,3,0,0,0,0,0
36129,kikiventas,,2,0,2,2,0,2,0,0,0,0,0
36131,rubio_torres,,3,0,3,3,0,3,0,0,0,0,0
36136,jsamotril,,2,0,2,2,0,2,0,0,0,0,6
36139,alejzubeldia,,2,0,2,2,0,2,0,0,0,0,0
36141,MCarmenSnchez4,,3,0,3,3,0,3,0,0,0,0,0
36143,YoConSusanaDiaz,,2,0,2,2,0,2,0,0,0,0,0
36144,nacho_lledo,,2,0,2,2,0,2,0,0,0,0,4
36145,OlgaManPer,,4,0,4,4,0,4,0,0,0,0,0
36151,tableroglobal,,2,0,2,2,0,2,0,0,0,0,5
36153,UPYD_Andalucia,,3,0,3,3,0,3,0,0,0,0,0
36163,RemoteWorkingCo,,2,0,2,2,0,2,0,0,0,0,2
36166,ADN_COAM,,2,0,2,2,0,2,0,0,0,0,6
36170,enbicigranada,,3,0,3,3,0,3,0,0,0,0,0
36180,Granafrei,,2,0,2,2,0,2,0,0,0,0,0
36184,Esri,,2,0,2,2,0,2,0,0,0,0,2
36190,ytopake,,2,0,2,2,0,2,0,0,0,0,0
36201,Storify,,3,0,3,3,0,3,0,0,0,0,8
36202,reviverdes,,2,0,2,2,0,2,0,0,0,0,0
36211,COACYLESEGOVIA,,2,0,2,2,0,2,0,0,0,0,4
36219,JoseAHidalgoGar,,3,0,3,3,0,3,0,0,0,0,0
36220,pepemsanchez,,2,0,2,2,0,2,0,0,0,0,0
36221,nicadichiara,,3,0,3,3,0,3,0,0,0,0,0
36223,mariojimenez,,3,0,3,3,0,3,0,0,0,0,0
36226,CirculoTG,,2,0,2,2,0,2,0,0,0,0,0
36234,anagirel,,2,0,2,2,0,2,0,0,0,0,0
36236,ClusterCsa,,2,0,2,2,0,2,0,0,0,0,6
36241,plantillea,,2,0,2,2,0,2,0,0,0,0,6
36242,diariodeotura,,2,0,2,2,0,2,0,0,0,0,0
36243,rociopalaciosh,,3,0,3,3,0,3,0,0,0,0,0
36245,DRZRZ,,2,0,2,2,0,2,0,0,0,0,0
36246,AnaPolicar,,2,0,2,2,0,2,0,0,0,0,0
36248,irejus,,2,0,2,2,0,2,0,0,0,0,6
36249,madriznews,,2,0,2,2,0,2,0,0,0,0,6
36250,suxumu,,2,0,2,2,0,2,0,0,0,0,6
36255,JSE_ORG,,2,0,2,2,0,2,0,0,0,0,0
36256,evalopalas,,2,0,2,2,0,2,0,0,0,0,6
36263,MariaJoseBaza,,4,0,4,4,0,4,0,0,0,0,0
36264,aarguelles7,,3,0,3,3,0,3,0,0,0,0,0
36265,teresajimenez64,,3,0,3,3,0,3,0,0,0,0,0
36271,TecnicooES,,2,0,2,2,0,2,0,0,0,0,4
36275,AntonioAgudo4,,2,0,2,2,0,2,0,0,0,0,0
36276,Antoniomanugrx,,3,0,3,3,0,3,0,0,0,0,6
36277,MKTandSchools,,2,0,2,2,0,2,0,0,0,0,6
36281,Jung_Iberica,,2,0,2,2,0,2,0,0,0,0,6
36283,iownjd,,2,0,2,2,0,2,0,0,0,0,7
36284,FundacionFidas,,2,0,2,2,0,2,0,0,0,0,6
36285,cristobalplazar,,2,0,2,2,0,2,0,0,0,0,6
36288,EmilioSLozano,,2,0,2,2,0,2,0,0,0,0,6
36296,needbudget,,2,0,2,2,0,2,0,0,0,0,2
36299,HUMANIZALAUCI,,2,0,2,2,0,2,0,0,0,0,6
36302,StaringBG,,2,0,2,2,0,2,0,0,0,0,0
36303,AIM_ANDALUCIA,,3,0,3,3,0,3,0,0,0,0,0
36304,higuereno19,,2,0,2,2,0,2,0,0,0,0,6
36309,Granadashopping,,3,0,3,3,0,3,0,0,0,0,6
36310,andece_general,,2,0,2,2,0,2,0,0,0,0,6
36317,arquitectosayal,,2,0,2,2,0,2,0,0,0,0,6
36320,empleacamara,,3,0,3,3,0,3,0,0,0,0,0
36321,fablabsevilla,,3,0,3,3,0,3,0,0,0,0,1
36324,curro_lucas,,2,0,2,2,0,2,0,0,0,0,6
36327,COAL_Leon,,2,0,2,2,0,2,0,0,0,0,4
36330,Porcelanosa_es,,2,0,2,2,0,2,0,0,0,0,0
36332,PNRCINE,,3,0,3,3,0,3,0,0,0,0,0
36334,VeridataSL,,2,0,2,2,0,2,0,0,0,0,0
36335,AlexFrankel1,,2,0,2,2,0,2,0,0,0,0,0
36336,EsterMS_,,3,0,3,3,0,3,0,0,0,0,0
36337,Gvazquez92,,2,0,2,2,0,2,0,0,0,0,0
36345,Bhypatiaunizar,,3,0,3,3,0,3,0,0,0,0,4
36346,RecuoreFESTIVAL,,2,0,2,2,0,2,0,0,0,0,0
36347,JavierRAlcazar,,3,0,3,3,0,3,0,0,0,0,6
36348,jacjife,,2,0,2,2,0,2,0,0,0,0,6
36350,miquel_acci,,2,0,2,2,0,2,0,0,0,0,6
36351,manmen27,,2,0,2,2,0,2,0,0,0,0,6
36365,fjga61,,2,0,2,2,0,2,0,0,0,0,4
36372,laciudadviva,,3,0,3,3,0,3,0,0,0,0,6
36395,BasRood,,3,0,3,3,0,3,0,0,0,0,1
36396,HuRiCareers,,2,0,2,2,0,2,0,0,0,0,7
36397,DANOSA_SPAIN,,2,0,2,2,0,2,0,0,0,0,4
36405,jj_conor,,2,0,2,2,0,2,0,0,0,0,6
36407,todoliderazgo,,2,0,2,2,0,2,0,0,0,0,6
36411,cypesoftware,,2,0,2,2,0,2,0,0,0,0,6
36413,sds2016live,,2,0,2,2,0,2,0,0,0,0,6
36417,MarceloMPere,,4,0,4,4,0,4,0,0,0,0,0
36421,e_architect,,2,0,2,2,0,2,0,0,0,0,2
36424,sergemont,,2,0,2,2,0,2,0,0,0,0,6
36427,ACRplus,,2,0,2,2,0,2,0,0,0,0,1
36428,IRENA,,2,0,2,2,0,2,0,0,0,0,2
36431,LafargeHolcimES,,2,0,2,2,0,2,0,0,0,0,0
36439,AlbertoAranda,,3,0,3,3,0,3,0,0,0,0,4
36440,zamorinix,,2,0,2,2,0,2,0,0,0,0,6
36443,_CITY_FOLLOWERS,,2,0,2,2,0,2,0,0,0,0,4
36444,archiproducts,,2,0,2,2,0,2,0,0,0,0,3
36447,CitiesAlliance,,2,0,2,2,0,2,0,0,0,0,1
36448,dtdchange,,2,0,2,2,0,2,0,0,0,0,3
36454,globalurbanist,,2,0,2,2,0,2,0,0,0,0,1
36455,ProtoCity,,2,0,2,2,0,2,0,0,0,0,1
36466,UrbanLandInst,,2,0,2,2,0,2,0,0,0,0,1
36491,colegioarq,,2,0,2,2,0,2,0,0,0,0,6
36492,LGOIKO,,2,0,2,2,0,2,0,0,0,0,4
36494,MarcaInteligent,,4,0,4,4,0,4,0,0,0,0,6
36503,enablingcity,,2,0,2,2,0,2,0,0,0,0,1
36504,EngagingCities,,3,0,3,3,0,3,0,0,0,0,1
36506,NextCityOrg,,2,0,2,2,0,2,0,0,0,0,1
36510,PritzkerPrize,,2,0,2,2,0,2,0,0,0,0,0
36512,ICOMOS,,2,0,2,2,0,2,0,0,0,0,2
36514,DesignObserver,,3,0,3,3,0,3,0,0,0,0,0
36515,guardiancities,,3,0,3,3,0,3,0,0,0,0,1
36519,SACitiesNetwork,,2,0,2,2,0,2,0,0,0,0,1
36521,Observatorioin,,3,0,3,3,0,3,0,0,0,0,0
36530,rtarquitectura,,2,0,2,2,0,2,0,0,0,0,6
36534,CAS_SOAS,,2,0,2,2,0,2,0,0,0,0,1
36542,AUC_DPA,,3,0,3,3,0,3,0,0,0,0,1
36543,MartaRiquelme_,,2,0,2,2,0,2,0,0,0,0,6
36546,matxalenacasuso,,2,0,2,2,0,2,0,0,0,0,4
36547,_hERiZO_,,2,0,2,2,0,2,0,0,0,0,6
36551,alicatadosman,,2,0,2,2,0,2,0,0,0,0,6
36553,CityLab,,2,0,2,2,0,2,0,0,0,0,1
36558,4YFN_MWC,,2,0,2,2,0,2,0,0,0,0,0
36559,NokenDesign,,2,0,2,2,0,2,0,0,0,0,6
36567,Pablo_Rudi87,,2,0,2,2,0,2,0,0,0,0,6
36569,MNHNcl,,2,0,2,2,0,2,0,0,0,0,2
36575,martinezbonache,,2,0,2,2,0,2,0,0,0,0,0
36581,Mparanega,,3,0,3,3,0,3,0,0,0,0,0
36583,PPopularOtura,,2,0,2,2,0,2,0,0,0,0,6
36586,intermediae,,2,0,2,2,0,2,0,0,0,0,2
36587,urbanbat,,2,0,2,2,0,2,0,0,0,0,6
36589,SmartcitizensCC,,2,0,2,2,0,2,0,0,0,0,4
36591,Mariano_FdB,,2,0,2,2,0,2,0,0,0,0,0
36595,cortaypegArq,,2,0,2,2,0,2,0,0,0,0,6
36597,FacileThings,,3,0,3,3,0,3,0,0,0,0,2
36598,evacolladoduran,,4,0,4,4,0,4,0,0,0,0,0
36600,MeMe_Romero_,,2,0,2,2,0,2,0,0,0,0,4
36601,BIERZO98SL,,2,0,2,2,0,2,0,0,0,0,0
36604,HC_Hispania,,2,0,2,2,0,2,0,0,0,0,6
36612,UN_Careers,,3,0,3,3,0,3,0,0,0,0,2
36614,blogyarq,,3,0,3,3,0,3,0,0,0,0,0
36624,pacojmartin,,2,0,2,2,0,2,0,0,0,0,6
36631,sf23arquitectos,,2,0,2,2,0,2,0,0,0,0,6
36646,fr_arquitecto,,2,0,2,2,0,2,0,0,0,0,6
36648,BDonline,,2,0,2,2,0,2,0,0,0,0,4
36649,OkoFENes,,2,0,2,2,0,2,0,0,0,0,6
36652,SeminariosPersa,,3,0,3,3,0,3,0,0,0,0,6
36655,apuntoarq,,2,0,2,2,0,2,0,0,0,0,6
36659,JesusArqTec,,2,0,2,2,0,2,0,0,0,0,6
36660,COACMTO,,2,0,2,2,0,2,0,0,0,0,4
36661,COAGOUrense,,2,0,2,2,0,2,0,0,0,0,4
36663,juntosxgranada,,3,0,3,3,0,3,0,0,0,0,0
36664,WmyTalent,,2,0,2,2,0,2,0,0,0,0,6
36666,LuismaEx,,2,0,2,2,0,2,0,0,0,0,5
36669,Julianlocurlo,,2,0,2,2,0,2,0,0,0,0,1
36670,KnaufInsulSpain,,2,0,2,2,0,2,0,0,0,0,6
36672,Aisromar,,3,0,3,3,0,3,0,0,0,0,0
36675,eraser,,2,0,2,2,0,2,0,0,0,0,2
36679,AJ_Merino,,2,0,2,2,0,2,0,0,0,0,6
36680,Vinglada,,2,0,2,2,0,2,0,0,0,0,4
36682,JSCLineal,,2,0,2,2,0,2,0,0,0,0,0
36683,JSAciudad_Jaen,,2,0,2,2,0,2,0,0,0,0,2
36686,PmOlmos,,3,0,3,3,0,3,0,0,0,0,0
36687,BiteApples,,2,0,2,2,0,2,0,0,0,0,6
36690,EAG_oficial,,3,0,3,3,0,3,0,0,0,0,0
36699,David_Delgado_T,,2,0,2,2,0,2,0,0,0,0,0
36701,oferbooks,,2,0,2,2,0,2,0,0,0,0,0
36704,loreusa,,2,0,2,2,0,2,0,0,0,0,0
36714,likeagorrion,,2,0,2,2,0,2,0,0,0,0,0
36715,Cukschimbero,,3,0,3,3,0,3,0,0,0,0,6
36717,CarranzaPenya,,2,0,2,2,0,2,0,0,0,0,6
36720,AlfonsoGTorres,,2,0,2,2,0,2,0,0,0,0,6
36721,CaSiJulio,,2,0,2,2,0,2,0,0,0,0,0
36722,EUCreativa_ES,,3,0,3,3,0,3,0,0,0,0,1
36723,turAlpujarra,,3,0,3,3,0,3,0,0,0,0,0
36724,Arquitectura_PM,,3,0,3,3,0,3,0,0,0,0,1
36725,HomeAdore,,2,0,2,2,0,2,0,0,0,0,2
36729,Soterra_Granada,,2,0,2,2,0,2,0,0,0,0,0
36755,AIANational,,3,0,3,3,0,3,0,0,0,0,4
36761,raulgrx,,3,0,3,3,0,3,0,0,0,0,0
36764,Idea_Sanchez,,3,0,3,3,0,3,0,0,0,0,6
36766,bgmps,,2,0,2,2,0,2,0,0,0,0,0
36769,Garquitectos,,2,0,2,2,0,2,0,0,0,0,0
36771,EmilioJPerez,,2,0,2,2,0,2,0,0,0,0,4
36773,rehabitia,,2,0,2,2,0,2,0,0,0,0,6
36774,espacioyconfort,,2,0,2,2,0,2,0,0,0,0,0
36776,apiedeobra,,3,0,3,3,0,3,0,0,0,0,0
36777,galeriazunino,,2,0,2,2,0,2,0,0,0,0,2
36778,higinioalmagro,,3,0,3,3,0,3,0,0,0,0,0
36779,NewsArch,,2,0,2,2,0,2,0,0,0,0,6
36781,eu_architecture,,2,0,2,2,0,2,0,0,0,0,1
36782,RIBAJ,,2,0,2,2,0,2,0,0,0,0,4
36786,victorflores,,2,0,2,2,0,2,0,0,0,0,6
36795,beurruti,,3,0,3,3,0,3,0,0,0,0,0
36800,Luulublu,,2,0,2,2,0,2,0,0,0,0,6
36802,mcgrios,,3,0,3,3,0,3,0,0,0,0,6
36806,alianza_ed,,3,0,3,3,0,3,0,0,0,0,1
36807,retokommerling,,2,0,2,2,0,2,0,0,0,0,6
36809,civicwise,,2,0,2,2,0,2,0,0,0,0,2
36810,ecosistema,,2,0,2,2,0,2,0,0,0,0,0
36811,saulmeral,,3,0,3,3,0,3,0,0,0,0,0
36813,zuloark,,2,0,2,2,0,2,0,0,0,0,6
36814,vaumm,,2,0,2,2,0,2,0,0,0,0,6
36816,estudiobnkr,,3,0,3,3,0,3,0,0,0,0,6
36819,HICarquitectura,,2,0,2,2,0,2,0,0,0,0,6
36820,arquicoach,,2,0,2,2,0,2,0,0,0,0,0
36822,pezestudio,,2,0,2,2,0,2,0,0,0,0,2
36823,angelgijondiaz,,3,0,3,3,0,3,0,0,0,0,0
36824,juanmoyaromero,,2,0,2,2,0,2,0,0,0,0,6
36826,chiquitectos,,2,0,2,2,0,2,0,0,0,0,6
36829,j_echarte,,2,0,2,2,0,2,0,0,0,0,6
36830,aggregatte,,4,0,4,4,0,4,0,0,0,0,4
36833,arquitectamos,,2,0,2,2,0,2,0,0,0,0,6
36834,AGUA_architects,,2,0,2,2,0,2,0,0,0,0,6
36835,unbreakmypants,,2,0,2,2,0,2,0,0,0,0,0
36836,Estacion_Diseno,,3,0,3,3,0,3,0,0,0,0,0
36837,SharingAcademy,,2,0,2,2,0,2,0,0,0,0,4
36839,_hcstudio_,,2,0,2,2,0,2,0,0,0,0,0
36841,ARQUITECTITIS,,2,0,2,2,0,2,0,0,0,0,6
36848,G2tarquitectos,,2,0,2,2,0,2,0,0,0,0,6
36849,METALOCUS,,2,0,2,2,0,2,0,0,0,0,6
36851,UASchool,,2,0,2,2,0,2,0,0,0,0,0
36855,e_Asimetricas,,2,0,2,2,0,2,0,0,0,0,6
36857,urbanohumano,,3,0,3,3,0,3,0,0,0,0,4
36858,CongresoCI,,2,0,2,2,0,2,0,0,0,0,0
36859,dgllana,,2,0,2,2,0,2,0,0,0,0,6
36860,YorokobuMag,,3,0,3,3,0,3,0,0,0,0,0
36861,MATIMEX_,,2,0,2,2,0,2,0,0,0,0,6
36864,JuanAntonioSMPR,,2,0,2,2,0,2,0,0,0,0,0
36868,ACPUAAragon,,2,0,2,2,0,2,0,0,0,0,1
36869,RevistaMargenes,,2,0,2,2,0,2,0,0,0,0,6
36870,Serrano_Baquero,,2,0,2,2,0,2,0,0,0,0,0
36871,architerapia,,3,0,3,3,0,3,0,0,0,0,0
36875,coa_LZ,,2,0,2,2,0,2,0,0,0,0,4
36876,coavngipuzkoa,,2,0,2,2,0,2,0,0,0,0,4
36879,CarmenGuiGo,,2,0,2,2,0,2,0,0,0,0,6
36882,K3T0,,2,0,2,2,0,2,0,0,0,0,5
36883,HousingEurope,,2,0,2,2,0,2,0,0,0,0,1
36885,migueprab,,2,0,2,2,0,2,0,0,0,0,5
36886,UPEDosHermanas,,2,0,2,2,0,2,0,0,0,0,0
36889,BethButton,,2,0,2,2,0,2,0,0,0,0,1
36890,pacorey,,3,0,3,3,0,3,0,0,0,0,0
36892,CristyGranadina,,5,0,5,5,0,5,0,0,0,0,6
36896,RIBA,,2,0,2,2,0,2,0,0,0,0,2
36897,ArchitectsJrnal,,2,0,2,2,0,2,0,0,0,0,3
36898,Arquine,,3,0,3,3,0,3,0,0,0,0,0
36899,GrupoCosentino,,3,0,3,3,0,3,0,0,0,0,0
36911,worldarchnews,,2,0,2,2,0,2,0,0,0,0,2
36912,universidad_si,,2,0,2,2,0,2,0,0,0,0,4
36913,AytoOtura,,2,0,2,2,0,2,0,0,0,0,0
36914,mikedaynations,,2,0,2,2,0,2,0,0,0,0,1
36916,CarmenRiaSmith,,2,0,2,2,0,2,0,0,0,0,1
36917,psoeotura,,2,0,2,2,0,2,0,0,0,0,0
36919,Firela6cuerdas,,3,0,3,3,0,3,0,0,0,0,6
36920,pablosantiago95,,2,0,2,2,0,2,0,0,0,0,6
36923,javiframirez,,2,0,2,2,0,2,0,0,0,0,6
36925,LamataPaula,,2,0,2,2,0,2,0,0,0,0,6
36926,todoporlapraxis,,3,0,3,3,0,3,0,0,0,0,4
36927,arquitextonica,,2,0,2,2,0,2,0,0,0,0,6
36928,paistransversal,,2,0,2,2,0,2,0,0,0,0,0
36932,santidemolina,,2,0,2,2,0,2,0,0,0,0,6
36933,cruizcosano,,4,0,4,4,0,4,0,0,0,0,6
36936,gloriatarno,,3,0,3,3,0,3,0,0,0,0,6
36937,LuisCE_arq,,2,0,2,2,0,2,0,0,0,0,0
36938,marcelovazari,,3,0,3,3,0,3,0,0,0,0,0
36941,MareaAmarillaGr,,3,0,3,3,0,3,0,0,0,0,0
36943,zurita1969,,4,0,4,4,0,4,0,0,0,0,0
36944,roberto_alv_oll,,3,0,3,3,0,3,0,0,0,0,0
36945,EQAF,,2,0,2,2,0,2,0,0,0,0,1
36947,Juango_Ospina,,2,0,2,2,0,2,0,0,0,0,4
36950,segundopiriz,,3,0,3,3,0,3,0,0,0,0,5
36952,TheGlobalGoals,,2,0,2,2,0,2,0,0,0,0,1
36953,delmo24,,2,0,2,2,0,2,0,0,0,0,6
36954,edgarg_com,,2,0,2,2,0,2,0,0,0,0,6
36955,RectorNarvaez,,2,0,2,2,0,2,0,0,0,0,6
36957,jcejuela91,,2,0,2,2,0,2,0,0,0,0,2
36958,la_Biennale,,3,0,3,3,0,3,0,0,0,0,0
36960,JordiLudevid,,2,0,2,2,0,2,0,0,0,0,4
36965,Francisco_JJG,,2,0,2,2,0,2,0,0,0,0,6
36966,GuillermoJCu,,4,0,4,4,0,4,0,0,0,0,6
36968,jmmlUGR,,2,0,2,2,0,2,0,0,0,0,6
36969,DebateCanovas,,2,0,2,2,0,2,0,0,0,0,0
36973,raykolorenzo,,3,0,3,3,0,3,0,0,0,0,0
36974,arquisoc,,2,0,2,2,0,2,0,0,0,0,4
36975,funarco,,2,0,2,2,0,2,0,0,0,0,6
36978,celia_g94,,3,0,3,3,0,3,0,0,0,0,6
36979,NunezGarciaR,,2,0,2,2,0,2,0,0,0,0,6
36980,AnaRuizDel,,3,0,3,3,0,3,0,0,0,0,0
36981,pacotorres,,4,0,4,4,0,4,0,0,0,0,0
36982,Tyl27,,2,0,2,2,0,2,0,0,0,0,6
36984,asociacionASA,,2,0,2,2,0,2,0,0,0,0,4
36985,FelisRoMartin,,3,0,3,3,0,3,0,0,0,0,6
36986,FRodriguezAcost,,3,0,3,3,0,3,0,0,0,0,0
36988,Eudaric,,3,0,3,3,0,3,0,0,0,0,6
36989,iunida,,3,0,3,3,0,3,0,0,0,0,0
36990,CiudadanosCs,,3,0,3,3,0,3,0,0,0,0,0
36991,AMoraPalomares,,2,0,2,2,0,2,0,0,0,0,5
36992,B_Espigares,,2,0,2,2,0,2,0,0,0,0,0
36993,hoygranada,,4,0,4,4,0,4,0,0,0,0,0
36996,blogdelaunion,,3,0,3,3,0,3,0,0,0,0,1
36997,Estrmp,,2,0,2,2,0,2,0,0,0,0,6
36998,gorkamterron,,2,0,2,2,0,2,0,0,0,0,5
37002,architonic,,2,0,2,2,0,2,0,0,0,0,2
37004,daetsam,,2,0,2,2,0,2,0,0,0,0,4
37005,FundacionArquia,,3,0,3,3,0,3,0,0,0,0,6
37006,COAGranada,,3,0,3,3,0,3,0,0,0,0,0
37007,adearquitectos,,2,0,2,2,0,2,0,0,0,0,4
37008,sindicato_arq,,2,0,2,2,0,2,0,0,0,0,6
37009,CREARQ_es,,2,0,2,2,0,2,0,0,0,0,6
37011,sinarquitectura,,2,0,2,2,0,2,0,0,0,0,6
37012,CSCAE,,3,0,3,3,0,3,0,0,0,0,1
37013,ArqtaEnfurecida,,2,0,2,2,0,2,0,0,0,0,6
37016,stepienybarno,,2,0,2,2,0,2,0,0,0,0,6
37017,parq,,3,0,3,3,0,3,0,0,0,0,0
37019,Caar_MS,,4,0,4,4,0,4,0,0,0,0,6
37020,Antonio_21AGC,,2,0,2,2,0,2,0,0,0,0,0
37021,adarve2,,3,0,3,3,0,3,0,0,0,0,4
37022,dearquitectos,,4,0,4,4,0,4,0,0,0,0,6
37024,arquitect_viva,,3,0,3,3,0,3,0,0,0,0,2
37026,culturainquieta,,3,0,3,3,0,3,0,0,0,0,0
37033,blancadurang,,3,0,3,3,0,3,0,0,0,0,0
37037,filmingranada,,3,0,3,3,0,3,0,0,0,0,0
37044,lahuellaverdegr,,3,0,3,3,0,3,0,0,0,0,4
37050,RosarioJun1,,2,0,2,2,0,2,0,0,0,0,0
37057,Produccion__AV,,3,0,3,3,0,3,0,0,0,0,0
37058,MuseoCasaFGL,,3,0,3,3,0,3,0,0,0,0,0
37059,VisitAlmunecar,,3,0,3,3,0,3,0,0,0,0,0
37060,HUReinaSofia,,2,0,2,2,0,2,0,0,0,0,5
37062,AntonioFLupion,,3,0,3,3,0,3,0,0,0,0,0
37063,enca_gonzalez,,2,0,2,2,0,2,0,0,0,0,0
37068,alhambrafrb,,2,0,2,2,0,2,0,0,0,0,0
37069,inmagrx,,4,0,4,4,0,4,0,0,0,0,0
37074,OficinaMEDIAEs,,2,0,2,2,0,2,0,0,0,0,0
37077,usteaeducacion,,2,0,2,2,0,2,0,0,0,0,4
37085,CineSanCristoba,,3,0,3,3,0,3,0,0,0,0,0
37089,pedropablolopez,,3,0,3,3,0,3,0,0,0,0,0
37094,anadberrocal,,2,0,2,2,0,2,0,0,0,0,0
37098,MarleeMatlin,,2,0,2,2,0,2,0,0,0,0,1
37101,AytoHuetorVega,,3,0,3,3,0,3,0,0,0,0,0
37102,anavanegarcia,,3,0,3,3,0,3,0,0,0,0,0
37104,juanmagonzalezm,,2,0,2,2,0,2,0,0,0,0,6
37106,soniaferndz,,2,0,2,2,0,2,0,0,0,0,0
37107,elizabethcalvet,,2,0,2,2,0,2,0,0,0,0,0
37110,SantaellaPaqui,,2,0,2,2,0,2,0,0,0,0,0
37111,ninopinturas,,3,0,3,3,0,3,0,0,0,0,0
37112,KensingtonRoyal,,3,0,3,3,0,3,0,0,0,0,2
37113,rcanadas,,3,0,3,3,0,3,0,0,0,0,0
37115,Mjvillanuevacf,,2,0,2,2,0,2,0,0,0,0,0
37119,cristinaacencio,,2,0,2,2,0,2,0,0,0,0,0
37125,VoluntariosGRX,,2,0,2,2,0,2,0,0,0,0,0
37131,feducaydesarrol,,2,0,2,2,0,2,0,0,0,0,0
37132,CarlosVelascoCs,,2,0,2,2,0,2,0,0,0,0,0
37146,Alhambra_Es,,3,0,3,3,0,3,0,0,0,0,0
37147,manologuirado,,2,0,2,2,0,2,0,0,0,0,0
37152,fedamon,,3,0,3,3,0,3,0,0,0,0,1
37155,altercertiempo,,3,0,3,3,0,3,0,0,0,0,0
37156,MonicaGrx,,2,0,2,2,0,2,0,0,0,0,0
37166,1JorgeSaavedra,,2,0,2,2,0,2,0,0,0,0,0
37167,rubia_pepa,,2,0,2,2,0,2,0,0,0,0,0
37181,OfecumOficina,,2,0,2,2,0,2,0,0,0,0,0
37187,pmariscalp,,3,0,3,3,0,3,0,0,0,0,4
37188,VirginiaDTGr,,3,0,3,3,0,3,0,0,0,0,0
37189,GustavoRodrigCs,,2,0,2,2,0,2,0,0,0,0,0
37190,carmen_rosell,,2,0,2,2,0,2,0,0,0,0,0
37194,AudioguiaGranad,,2,0,2,2,0,2,0,0,0,0,0
37199,miroci49,,2,0,2,2,0,2,0,0,0,0,6
37202,ANTONIOJCG3,,2,0,2,2,0,2,0,0,0,0,0
37203,onofremiralles,,3,0,3,3,0,3,0,0,0,0,0
37206,CJRusillo,,3,0,3,3,0,3,0,0,0,0,0
37207,mundo_mas_justo,,3,0,3,3,0,3,0,0,0,0,0
37210,marisol_bcn69,,3,0,3,3,0,3,0,0,0,0,0
37213,PP_Motril,,3,0,3,3,0,3,0,0,0,0,0
37215,marisolSuRi,,2,0,2,2,0,2,0,0,0,0,0
37221,cfrestudiantes,,3,0,3,3,0,3,0,0,0,0,0
37223,LuisALCALDEGR,,2,0,2,2,0,2,0,0,0,0,0
37225,IDEALENCLASE,,3,0,3,3,0,3,0,0,0,0,0
37226,PodemosIUGrana,,2,0,2,2,0,2,0,0,0,0,0
37236,Asociacion_ALMA,,2,0,2,2,0,2,0,0,0,0,4
37240,JRFerreiraSiles,,2,0,2,2,0,2,0,0,0,0,0
37241,DchosSocialesGR,,2,0,2,2,0,2,0,0,0,0,0
37243,CaloryCafeGRANA,,3,0,3,3,0,3,0,0,0,0,0
37245,danicarrionf,,2,0,2,2,0,2,0,0,0,0,0
37249,oskarrivas94,,2,0,2,2,0,2,0,0,0,0,6
37252,SergioRomeroJ,,3,0,3,3,0,3,0,0,0,0,0
37256,EstrellaMorente,,3,0,3,3,0,3,0,0,0,0,0
37258,anneigartiburu_,,2,0,2,2,0,2,0,0,0,0,0
37260,Santi_ABASCAL,,3,0,3,3,0,3,0,0,0,0,2
37268,CsTrevelez,,2,0,2,2,0,2,0,0,0,0,0
37269,AntFcoMartinez,,2,0,2,2,0,2,0,0,0,0,0
37271,elisadonaire,,2,0,2,2,0,2,0,0,0,0,0
37276,unep_espanol,,2,0,2,2,0,2,0,0,0,0,4
37279,bsagustino,,2,0,2,2,0,2,0,0,0,0,0
37282,DSocialesGob,,3,0,3,3,0,3,0,0,0,0,0
37284,LOUVIRA_RD,,2,0,2,2,0,2,0,0,0,0,0
37289,viedmadgt,,2,0,2,2,0,2,0,0,0,0,0
37291,salud_anguita,,2,0,2,2,0,2,0,0,0,0,0
37303,PlataformadeONG,,2,0,2,2,0,2,0,0,0,0,4
37307,cdevalor,,2,0,2,2,0,2,0,0,0,0,4
37317,GranadaVox,,2,0,2,2,0,2,0,0,0,0,2
37321,Inforenfe,,2,0,2,2,0,2,0,0,0,0,6
37323,abmachado,,2,0,2,2,0,2,0,0,0,0,0
37327,UGR_Social,,3,0,3,3,0,3,0,0,0,0,1
37328,consejeriauk,,2,0,2,2,0,2,0,0,0,0,1
37329,PTV_Granada,,3,0,3,3,0,3,0,0,0,0,0
37331,Consalud_es,,3,0,3,3,0,3,0,0,0,0,0
37334,javimobo,,3,0,3,3,0,3,0,0,0,0,0
37335,a1varo_lopez,,2,0,2,2,0,2,0,0,0,0,6
37338,burbujaca,,3,0,3,3,0,3,0,0,0,0,0
37339,VueltadelTrenBz,,2,0,2,2,0,2,0,0,0,0,6
37340,camarabalones,,2,0,2,2,0,2,0,0,0,0,5
37341,ComandanteLara,,2,0,2,2,0,2,0,0,0,0,5
37346,JonathanPG1985,,2,0,2,2,0,2,0,0,0,0,5
37347,deibid_82,,2,0,2,2,0,2,0,0,0,0,3
37350,benitedecadi,,2,0,2,2,0,2,0,0,0,0,5
37351,Chicho_Cai,,2,0,2,2,0,2,0,0,0,0,5
37356,VIDEOLUCTV,,2,0,2,2,0,2,0,0,0,0,2
37357,lucenahoycom,,2,0,2,2,0,2,0,0,0,0,0
37358,AytoLucena,,3,0,3,3,0,3,0,0,0,0,0
37359,Turismo_Lucena,,2,0,2,2,0,2,0,0,0,0,0
37361,turismodepriego,,3,0,3,3,0,3,0,0,0,0,0
37362,tu_historia,,4,0,4,4,0,4,0,0,0,0,0
37365,lanjaronAccion,,3,0,3,3,0,3,0,0,0,0,0
37366,Jose_Monachil,,3,0,3,3,0,3,0,0,0,0,6
37368,Berttha_,,2,0,2,2,0,2,0,0,0,0,0
37369,GregorioCmara,,3,0,3,3,0,3,0,0,0,0,0
37370,CatedraHidralia,,2,0,2,2,0,2,0,0,0,0,0
37373,MondoEdSur,,3,0,3,3,0,3,0,0,0,0,6
37374,EsMundoAnimal,,3,0,3,3,0,3,0,0,0,0,4
37377,loyarac,,2,0,2,2,0,2,0,0,0,0,6
37379,peta,,2,0,2,2,0,2,0,0,0,0,2
37428,CGTGranada,,3,0,3,3,0,3,0,0,0,0,0
37440,dinapsis,,2,0,2,2,0,2,0,0,0,0,0
37494,MenteJung,,2,0,2,2,0,2,0,0,0,0,0
37495,MoniGalanBravo,,2,0,2,2,0,2,0,0,0,0,0
37496,BeUp_es,,2,0,2,2,0,2,0,0,0,0,0
37497,martaromo,,2,0,2,2,0,2,0,0,0,0,4
37498,PilarJerico,,2,0,2,2,0,2,0,0,0,0,0
37499,falcaide,,3,0,3,3,0,3,0,0,0,0,4
37500,Laura_Chica,,2,0,2,2,0,2,0,0,0,0,0
37501,_TIRURIRU_,,2,0,2,2,0,2,0,0,0,0,4
37502,JanedelTronco,,2,0,2,2,0,2,0,0,0,0,0
37505,soymimarca,,2,0,2,2,0,2,0,0,0,0,0
37506,GuillemRecolons,,3,0,3,3,0,3,0,0,0,0,4
37507,marcapersonal,,3,0,3,3,0,3,0,0,0,0,0
37508,Yoriento,,3,0,3,3,0,3,0,0,0,0,8
37509,jmbolivar,,2,0,2,2,0,2,0,0,0,0,0
37510,virginiog,,2,0,2,2,0,2,0,0,0,0,4
37511,Humannova,,2,0,2,2,0,2,0,0,0,0,4
37512,AliciaPomares,,2,0,2,2,0,2,0,0,0,0,4
37513,AndresOrtega,,2,0,2,2,0,2,0,0,0,0,2
37514,sonia_rmuriel,,3,0,3,3,0,3,0,0,0,0,0
37515,alfredovela,,3,0,3,3,0,3,0,0,0,0,4
37521,AntonioJRuizA,,2,0,2,2,0,2,0,0,0,0,0
37522,Viva_Sevilla,,2,0,2,2,0,2,0,0,0,0,0
37539,SEMERGENap,,2,0,2,2,0,2,0,0,0,0,3
37540,semfyc,,2,0,2,2,0,2,0,0,0,0,6
37541,Famelica_legion,,3,0,3,3,0,3,0,0,0,0,5
37542,OMC_Espana,,3,0,3,3,0,3,0,0,0,0,4
37543,caval100,,3,0,3,3,0,3,0,0,0,0,6
37545,Commalaga,,2,0,2,2,0,2,0,0,0,0,0
37547,RICOMSevilla,,3,0,3,3,0,3,0,0,0,0,1
37550,luis_sisepuede,,2,0,2,2,0,2,0,0,0,0,0
37554,pilarmesaarroyo,,2,0,2,2,0,2,0,0,0,0,0
37556,JdMJerez,,2,0,2,2,0,2,0,0,0,0,0
37562,carralcazarc,,2,0,2,2,0,2,0,0,0,0,0
37565,comgranadacom,,3,0,3,3,0,3,0,0,0,0,4
37566,granadaways,,2,0,2,2,0,2,0,0,0,0,0
37571,joselop44,,4,0,4,4,0,4,0,0,0,0,0
37572,MiniGranada,,3,0,3,3,0,3,0,0,0,0,0
37585,SaludNordesteGr,,2,0,2,2,0,2,0,0,0,0,0
37587,PadulTeEspera,,2,0,2,2,0,2,0,0,0,0,0
37642,BTUK,,2,0,2,2,0,2,0,0,0,0,0
37643,btnonline,,2,0,2,2,0,2,0,0,0,0,0
37645,Flyfunes10,,2,0,2,2,0,2,0,0,0,0,0
37662,CBMarbella1,,2,0,2,2,0,2,0,0,0,0,0
37669,EBGMALAGA,,3,0,3,3,0,3,0,0,0,0,3
37670,FAB_Malaga,,3,0,3,3,0,3,0,0,0,0,3
37671,FAB_Andaluza,,3,0,3,3,0,3,0,0,0,0,0
37672,FAB_Cordoba,,2,0,2,2,0,2,0,0,0,0,3
37680,cblamojonera,,2,0,2,2,0,2,0,0,0,0,0
37683,adaba_basket,,2,0,2,2,0,2,0,0,0,0,0
37684,AlmeriaFAB,,2,0,2,2,0,2,0,0,0,0,0
37685,cbalmeria,,3,0,3,3,0,3,0,0,0,0,0
37686,CDRaCa,,3,0,3,3,0,3,0,0,0,0,0
37687,CDPresenGranada,,3,0,3,3,0,3,0,0,0,0,0
37688,CPAgustinos,,2,0,2,2,0,2,0,0,0,0,6
37689,GMASB_,,4,0,4,4,0,4,0,0,0,0,0
37690,FABGranada,,3,0,3,3,0,3,0,0,0,0,0
37691,CB_LaZubia,,3,0,3,3,0,3,0,0,0,0,0
37692,BasketNazari,,2,0,2,2,0,2,0,0,0,0,0
37693,EsquinaRN,,2,0,2,2,0,2,0,0,0,0,0
37694,FrenteNazari,,3,0,3,3,0,3,0,0,0,0,0
37698,LiuJianxiong,,2,0,2,2,0,2,0,0,0,0,0
37726,carmenrovere,,3,0,3,3,0,3,0,0,0,0,6
37727,Ayto_Pulianas,,2,0,2,2,0,2,0,0,0,0,0
37735,AytoMostoles,,2,0,2,2,0,2,0,0,0,0,4
37759,pcandalucia,,2,0,2,2,0,2,0,0,0,0,0
37760,mundoobrero,,2,0,2,2,0,2,0,0,0,0,0
37761,UJCE,,2,0,2,2,0,2,0,0,0,0,3
37762,elpce,,3,0,3,3,0,3,0,0,0,0,0
37764,DValderasS,,3,0,3,3,0,3,0,0,0,0,5
37766,antoniamorillas,,3,0,3,3,0,3,0,0,0,0,0
37767,IUMalaga,,2,0,2,2,0,2,0,0,0,0,0
37777,UJCEAndalucia,,3,0,3,3,0,3,0,0,0,0,0
37781,IUCordoba,,3,0,3,3,0,3,0,0,0,0,0
37784,rosidominguez3,,2,0,2,2,0,2,0,0,0,0,0
37786,energica,,2,0,2,2,0,2,0,0,0,0,4
37795,ManuTorresTV,,3,0,3,3,0,3,0,0,0,0,0
37807,OscarQuesada6,,2,0,2,2,0,2,0,0,0,0,0
37809,IsraelJerezM,,2,0,2,2,0,2,0,0,0,0,0
37810,miguemontes9,,2,0,2,2,0,2,0,0,0,0,5
37819,OL2006,,2,0,2,2,0,2,0,0,0,0,0
37820,RealJaen_VAVEL,,2,0,2,2,0,2,0,0,0,0,0
37821,datos_rjcf,,2,0,2,2,0,2,0,0,0,0,0
37824,Linares_Dptvo,,2,0,2,2,0,2,0,0,0,0,0
37825,atmanchareal,,2,0,2,2,0,2,0,0,0,0,0
37826,ElPaloFC,,3,0,3,3,0,3,0,0,0,0,0
37828,AntequeraCF,,3,0,3,3,0,3,0,0,0,0,6
37830,CFMOTRIL,,2,0,2,2,0,2,0,0,0,0,0
37832,GuadixCF,,3,0,3,3,0,3,0,0,0,0,0
37833,LojaCD,,2,0,2,2,0,2,0,0,0,0,0
37837,CDTorreperogil,,2,0,2,2,0,2,0,0,0,0,1
37842,OficialCVCF,,2,0,2,2,0,2,0,0,0,0,0
37843,ArenasOficial,,3,0,3,3,0,3,0,0,0,0,0
37844,VandaliaCF,,2,0,2,2,0,2,0,0,0,0,0
37845,CFReinoGranada,,2,0,2,2,0,2,0,0,0,0,0
37846,RayoEneas,,2,0,2,2,0,2,0,0,0,0,0
37847,CsFuerteventura,,2,0,2,2,0,2,0,0,0,0,0
37848,CsEstepona,,2,0,2,2,0,2,0,0,0,0,0
37849,CsLagunaDuero,,2,0,2,2,0,2,0,0,0,0,0
37850,CsGojar,,2,0,2,2,0,2,0,0,0,0,0
37851,CsOgijares,,3,0,3,3,0,3,0,0,0,0,0
37852,pepebareaarco,,2,0,2,2,0,2,0,0,0,0,4
37853,AlpujarraVerde,,2,0,2,2,0,2,0,0,0,0,0
37854,josenet90,,2,0,2,2,0,2,0,0,0,0,6
37874,Calasanciozgz,,2,0,2,2,0,2,0,0,0,0,4
37882,ionaranguren,,2,0,2,2,0,2,0,0,0,0,6
37883,itkescolapiosgr,,2,0,2,2,0,2,0,0,0,0,0
37884,colescolapiosgr,,4,0,4,4,0,4,0,0,0,0,4
37885,colescolapiosgc,,2,0,2,2,0,2,0,0,0,0,0
37894,Pedro14Martin,,2,0,2,2,0,2,0,0,0,0,0
37895,kexusinho,,2,0,2,2,0,2,0,0,0,0,0
37896,NachoTorresVera,,2,0,2,2,0,2,0,0,0,0,0
37897,ALozanoRO,,2,0,2,2,0,2,0,0,0,0,2
37904,scariosHR,,3,0,3,3,0,3,0,0,0,0,6
37910,crismmq,,2,0,2,2,0,2,0,0,0,0,0
37911,CadizDirecto,,2,0,2,2,0,2,0,0,0,0,0
37937,mmgijon75,,2,0,2,2,0,2,0,0,0,0,0
37955,m_belenfm,,2,0,2,2,0,2,0,0,0,0,0
37956,pr_esperanza,,2,0,2,2,0,2,0,0,0,0,0
37987,CFPIdiomas,,2,0,2,2,0,2,0,0,0,0,1
37993,cfiesalamanca,,3,0,3,3,0,3,0,0,0,0,4
38016,DespojadoGR,,3,0,3,3,0,3,0,0,0,0,0
38019,NaxitoDiaz,,2,0,2,2,0,2,0,0,0,0,0
38020,aruano11,,2,0,2,2,0,2,0,0,0,0,6
38023,jorge_mack3103,,2,0,2,2,0,2,0,0,0,0,6
38026,wanchirewanchi,,2,0,2,2,0,2,0,0,0,0,0
38030,ManuMartin_Gr,,3,0,3,3,0,3,0,0,0,0,0
38035,Carlos_tmk,,2,0,2,2,0,2,0,0,0,0,2
38059,MujeresRadfem,,2,0,2,2,0,2,0,0,0,0,4
38060,podemosalmuneca,,2,0,2,2,0,2,0,0,0,0,0
38062,FAPASandalucia,,3,0,3,3,0,3,0,0,0,0,0
38064,WarnerBrosSpain,,3,0,3,3,0,3,0,0,0,0,0
38065,20thCenturyES,,3,0,3,3,0,3,0,0,0,0,0
38066,Universal_Spain,,3,0,3,3,0,3,0,0,0,0,6
38067,eOneSpain,,3,0,3,3,0,3,0,0,0,0,0
38068,noescinetodo,,3,0,3,3,0,3,0,0,0,0,0
38069,cameovideo,,3,0,3,3,0,3,0,0,0,0,0
38070,karmafilms,,3,0,3,3,0,3,0,0,0,0,0
38071,acontrafilms,,3,0,3,3,0,3,0,0,0,0,0
38072,wandafilms,,2,0,2,2,0,2,0,0,0,0,0
38073,vertice360_cine,,3,0,3,3,0,3,0,0,0,0,0
38074,DeA_Prensa,,3,0,3,3,0,3,0,0,0,0,0
38075,DeAPlaneta,,3,0,3,3,0,3,0,0,0,0,0
38076,filmax,,3,0,3,3,0,3,0,0,0,0,0
38077,Tripictures,,3,0,3,3,0,3,0,0,0,0,0
38078,GolemFilms,,3,0,3,3,0,3,0,0,0,0,0
38079,Avaloncine,,3,0,3,3,0,3,0,0,0,0,0
38080,sitgesfestival,,3,0,3,3,0,3,0,0,0,0,0
38081,tabakalera,,2,0,2,2,0,2,0,0,0,0,0
38082,donostiakultura,,2,0,2,2,0,2,0,0,0,0,0
38084,KursaalDonostia,,2,0,2,2,0,2,0,0,0,0,0
38094,OCRNavarra,,2,0,2,2,0,2,0,0,0,0,4
38095,jsaralegui,,2,0,2,2,0,2,0,0,0,0,4
38118,radiopadulfm,,2,0,2,2,0,2,0,0,0,0,0
38135,UDLogrones,,2,0,2,2,0,2,0,0,0,0,4
38139,golenlasgaunas,,2,0,2,2,0,2,0,0,0,0,5
38145,tognodrs,,2,0,2,2,0,2,0,0,0,0,4
38154,7LariojaTV,,2,0,2,2,0,2,0,0,0,0,4
38155,CopeRioja,,2,0,2,2,0,2,0,0,0,0,4
38156,EPLaRioja,,2,0,2,2,0,2,0,0,0,0,4
38157,ElDiaLaRioja,,2,0,2,2,0,2,0,0,0,0,4
38158,Ocio_Rioja,,2,0,2,2,0,2,0,0,0,0,0
38159,ondacerolarioja,,2,0,2,2,0,2,0,0,0,0,4
38160,NueveCuatroUno,,3,0,3,3,0,3,0,0,0,0,0
38161,Rioja2,,2,0,2,2,0,2,0,0,0,0,4
38162,lariojacom,,2,0,2,2,0,2,0,0,0,0,4
38163,lariojaorg,,3,0,3,3,0,3,0,0,0,0,4
38164,AytoLogrono,,3,0,3,3,0,3,0,0,0,0,4
38165,logronojoven,,3,0,3,3,0,3,0,0,0,0,4
38166,irjjuventud,,3,0,3,3,0,3,0,0,0,0,4
38169,Faro_Rioja,,2,0,2,2,0,2,0,0,0,0,4
38173,asocigualati,,2,0,2,2,0,2,0,0,0,0,4
38175,placeat,,2,0,2,2,0,2,0,0,0,0,2
38176,jacobocalvo,,2,0,2,2,0,2,0,0,0,0,0
38182,ccooandalucia,,3,0,3,3,0,3,0,0,0,0,6
38183,ugtcatalunya,,2,0,2,2,0,2,0,0,0,0,1
38218,aristu_carlos,,2,0,2,2,0,2,0,0,0,0,0
38220,sdelosrg,,2,0,2,2,0,2,0,0,0,0,6
38230,arroyo_cp,,2,0,2,2,0,2,0,0,0,0,0
38233,Rodrigomoran100,,2,0,2,2,0,2,0,0,0,0,5
38239,EXT_UD,,2,0,2,2,0,2,0,0,0,0,0
38240,Merida_AD,,3,0,3,3,0,3,0,0,0,0,0
38241,cfvillanovense,,2,0,2,2,0,2,0,0,0,0,0
38260,EXNdigital,,2,0,2,2,0,2,0,0,0,0,4
38266,OCR_Extremadura,,2,0,2,2,0,2,0,0,0,0,2
38268,CopeExtremadura,,2,0,2,2,0,2,0,0,0,0,2
38287,psoelapeza,,2,0,2,2,0,2,0,0,0,0,6
38288,Riita_154,,2,0,2,2,0,2,0,0,0,0,0
38289,Yset_,,3,0,3,3,0,3,0,0,0,0,0
38290,LaOcultaGranada,,2,0,2,2,0,2,0,0,0,0,0
38291,PorticosPatrim1,,2,0,2,2,0,2,0,0,0,0,0
38307,AliceUnidoSTeam,,2,0,2,2,0,2,0,0,0,0,2
38308,MaribellaAngels,,2,0,2,2,0,2,0,0,0,0,2
38309,Polethf_Angels,,2,0,2,2,0,2,0,0,0,0,2
38311,bella__angel,,3,0,3,3,0,3,0,0,0,0,2
38313,aleskavio,,2,0,2,2,0,2,0,0,0,0,2
38315,chuki_2000,,2,0,2,2,0,2,0,0,0,0,2
38317,srone82,,2,0,2,2,0,2,0,0,0,0,0
38318,Saori__M,,2,0,2,2,0,2,0,0,0,0,2
38356,miriamnoguerasM,,2,0,2,2,0,2,0,0,0,0,2
38367,BeatrizTalegon,,3,0,3,3,0,3,0,0,0,0,5
38370,ANC_Mossos,,2,0,2,2,0,2,0,0,0,0,2
38371,enpeudepau,,2,0,2,2,0,2,0,0,0,0,2
38373,ymouled,,2,0,2,2,0,2,0,0,0,0,5
38377,fcmpnr,,2,0,2,2,0,2,0,0,0,0,0
38378,veredes,,2,0,2,2,0,2,0,0,0,0,6
38379,ro_almonacid,,2,0,2,2,0,2,0,0,0,0,6
38383,ProTecDi,,2,0,2,2,0,2,0,0,0,0,6
38404,RenovaliaInmo,,2,0,2,2,0,2,0,0,0,0,0
38405,medicoarmilla,,2,0,2,2,0,2,0,0,0,0,6
38406,Armillaantedrog,,2,0,2,2,0,2,0,0,0,0,0
38411,claraeuge15,,2,0,2,2,0,2,0,0,0,0,0
38412,esmeubeda92,,3,0,3,3,0,3,0,0,0,0,0
38413,pedrobonal,,2,0,2,2,0,2,0,0,0,0,0
38419,Antonio_uceta,,2,0,2,2,0,2,0,0,0,0,0
38420,JesusMontoro,,2,0,2,2,0,2,0,0,0,0,6
38421,juananseg,,2,0,2,2,0,2,0,0,0,0,0
38422,DxtsLasGabias,,3,0,3,3,0,3,0,0,0,0,0
38423,psoeiznalloz,,2,0,2,2,0,2,0,0,0,0,0
38424,PSOEAlhendin,,3,0,3,3,0,3,0,0,0,0,2
38425,psoesalobrena,,3,0,3,3,0,3,0,0,0,0,0
38426,JSAMoclin,,2,0,2,2,0,2,0,0,0,0,0
38427,JSAMaracena,,3,0,3,3,0,3,0,0,0,0,0
38428,Carlos_Porcel85,,3,0,3,3,0,3,0,0,0,0,0
38429,Noel_Lopez_,,3,0,3,3,0,3,0,0,0,0,0
38430,PSOE_Maracena,,3,0,3,3,0,3,0,0,0,0,0
38433,73Mode,,2,0,2,2,0,2,0,0,0,0,0
38434,PedroSanchez_F,,2,0,2,2,0,2,0,0,0,0,6
38452,RomanicoDigital,,2,0,2,2,0,2,0,0,0,0,2
38453,todopatrimonio,,2,0,2,2,0,2,0,0,0,0,2
38454,canalpatrimonio,,3,0,3,3,0,3,0,0,0,0,4
38458,CsMonachil,,2,0,2,2,0,2,0,0,0,0,0
38459,Eveperez67,,3,0,3,3,0,3,0,0,0,0,0
38465,psoelatina,,2,0,2,2,0,2,0,0,0,0,2
38476,MercedesDS21,,2,0,2,2,0,2,0,0,0,0,4
38477,espinar_mar,,2,0,2,2,0,2,0,0,0,0,4
38478,PSOEMadridAyto,,2,0,2,2,0,2,0,0,0,0,4
38479,PuriCausapi,,2,0,2,2,0,2,0,0,0,0,0
38480,AAlvarezAlvarez,,2,0,2,2,0,2,0,0,0,0,4
38481,cesarluena,,2,0,2,2,0,2,0,0,0,0,5
38482,mariagv,,3,0,3,3,0,3,0,0,0,0,6
38508,Marsais_,,2,0,2,2,0,2,0,0,0,0,0
38517,jsprz88,,2,0,2,2,0,2,0,0,0,0,0
38519,flrodri_,,2,0,2,2,0,2,0,0,0,0,0
38522,vox_granada,,3,0,3,3,0,3,0,0,0,0,0
38524,CarmenMolina_C,,2,0,2,2,0,2,0,0,0,0,6
38547,PP_CadizCapital,,2,0,2,2,0,2,0,0,0,0,0
38550,AntonioSaldanaM,,2,0,2,2,0,2,0,0,0,0,0
38556,AnaMestrePP,,2,0,2,2,0,2,0,0,0,0,0
38560,santia2015,,3,0,3,3,0,3,0,0,0,0,6
38562,pp_armilla,,2,0,2,2,0,2,0,0,0,0,0
38564,antonioayllon59,,3,0,3,3,0,3,0,0,0,0,0
38565,fernandosergon,,2,0,2,2,0,2,0,0,0,0,0
38570,quejigocoscoja,,3,0,3,3,0,3,0,0,0,0,0
38574,mekonto,,2,0,2,2,0,2,0,0,0,0,0
38580,cacmalaga,,3,0,3,3,0,3,0,0,0,0,0
38581,Bibliotecas_IC,,3,0,3,3,0,3,0,0,0,0,1
38582,ACEcultura,,3,0,3,3,0,3,0,0,0,0,0
38583,EspacioFTef,,3,0,3,3,0,3,0,0,0,0,1
38584,fundacionTef,,4,0,4,4,0,4,0,0,0,0,1
38585,theappdate_es,,2,0,2,2,0,2,0,0,0,0,4
38591,nachoguillo,,2,0,2,2,0,2,0,0,0,0,0
38596,DoubleYouTweets,,2,0,2,2,0,2,0,0,0,0,0
38597,Innovacion_lab,,3,0,3,3,0,3,0,0,0,0,2
38598,TBWA_es,,2,0,2,2,0,2,0,0,0,0,4
38599,ladespensa,,3,0,3,3,0,3,0,0,0,0,2
38600,OgilvyES,,2,0,2,2,0,2,0,0,0,0,0
38601,tiempobbdo,,2,0,2,2,0,2,0,0,0,0,0
38602,CONTRAPUNTOBBDO,,2,0,2,2,0,2,0,0,0,0,0
38603,leoburnett_es,,3,0,3,3,0,3,0,0,0,0,2
38604,shackletongroup,,3,0,3,3,0,3,0,0,0,0,0
38605,srarushmore,,3,0,3,3,0,3,0,0,0,0,6
38606,McCann_Spain,,2,0,2,2,0,2,0,0,0,0,0
38607,clubdecreativos,,3,0,3,3,0,3,0,0,0,0,6
38608,weloveadverts,,3,0,3,3,0,3,0,0,0,0,6
38609,Buenapublicidad,,3,0,3,3,0,3,0,0,0,0,6
38610,PdelaPublicidad,,3,0,3,3,0,3,0,0,0,0,0
38611,elpublicistacom,,3,0,3,3,0,3,0,0,0,0,2
38612,AnunciosRevista,,3,0,3,3,0,3,0,0,0,0,0
38613,Mknews_es,,3,0,3,3,0,3,0,0,0,0,0
38614,MarketingHoy,,3,0,3,3,0,3,0,0,0,0,0
38615,mkdirecto,,3,0,3,3,0,3,0,0,0,0,0
38616,mktfan,,3,0,3,3,0,3,0,0,0,0,0
38617,MARKETINGMEET,,3,0,3,3,0,3,0,0,0,0,0
38618,Jose_Asis,,4,0,4,4,0,4,0,0,0,0,0
38619,oneproduccions,,3,0,3,3,0,3,0,0,0,0,0
38620,prixline,,5,0,5,5,0,5,0,0,0,0,4
38622,JerezClubFutbol,,2,0,2,2,0,2,0,0,0,0,0
38623,CDDonBenito1928,,2,0,2,2,0,2,0,0,0,0,0
38624,CDSantaAmalia,,2,0,2,2,0,2,0,0,0,0,0
38625,AtcoPueblonuevo,,2,0,2,2,0,2,0,0,0,0,0
38628,CDCORIA,,2,0,2,2,0,2,0,0,0,0,0
38631,dxtplasencia,,2,0,2,2,0,2,0,0,0,0,2
38632,Ayto_Plasencia,,2,0,2,2,0,2,0,0,0,0,2
38633,fernandopgp,,2,0,2,2,0,2,0,0,0,0,2
38642,LuisMiguelnunez,,2,0,2,2,0,2,0,0,0,0,6
38661,charomerlos,,2,0,2,2,0,2,0,0,0,0,0
38667,emimartingamez,,2,0,2,2,0,2,0,0,0,0,0
38673,granadadenuncia,,3,0,3,3,0,3,0,0,0,0,0
38674,SOSAlhambra,,3,0,3,3,0,3,0,0,0,0,0
38676,RealejoGranada,,2,0,2,2,0,2,0,0,0,0,0
38701,llenguacat,,2,0,2,2,0,2,0,0,0,0,0
38710,granada_guiame,,3,0,3,3,0,3,0,0,0,0,0
38712,GranadaxMundo,,4,0,4,4,0,4,0,0,0,0,0
38714,calcgranada,,4,0,4,4,0,4,0,0,0,0,0
38717,valentingarcia2,,2,0,2,2,0,2,0,0,0,0,0
38719,p8navarro,,2,0,2,2,0,2,0,0,0,0,0
38742,estelamartin63,,2,0,2,2,0,2,0,0,0,0,0
38755,emergenciescat,,2,0,2,2,0,2,0,0,0,0,7
38763,govern,,2,0,2,2,0,2,0,0,0,0,8
38766,parlamentcat,,3,0,3,3,0,3,0,0,0,0,2
38771,UnicajaBanco,,2,0,2,2,0,2,0,0,0,0,0
38773,CsPulianas,,2,0,2,2,0,2,0,0,0,0,0
38774,pilarpmorilla,,2,0,2,2,0,2,0,0,0,0,0
38778,SubdeGobJaen,,2,0,2,2,0,2,0,0,0,0,0
38780,ConchaInsua,,3,0,3,3,0,3,0,0,0,0,0
38804,davidaragones,,2,0,2,2,0,2,0,0,0,0,0
38807,yeswetech_,,2,0,2,2,0,2,0,0,0,0,0
38808,_musicalnote,,3,0,3,3,0,3,0,0,0,0,8
38809,Mrs_DarkDonado,,3,0,3,3,0,3,0,0,0,0,6
38810,brau_vl,,2,0,2,2,0,2,0,0,0,0,6
38813,BEATRIZMALMAR,,3,0,3,3,0,3,0,0,0,0,6
38814,AzaharaMolinero,,3,0,3,3,0,3,0,0,0,0,0
38815,monicagarciahe,,3,0,3,3,0,3,0,0,0,0,0
38816,Chris260267,,3,0,3,3,0,3,0,0,0,0,6
38817,arandamorales,,2,0,2,2,0,2,0,0,0,0,6
38830,pueblosredgrana,,2,0,2,2,0,2,0,0,0,0,0
38831,regiondegranada,,2,0,2,2,0,2,0,0,0,0,0
38834,maesejulio,,2,0,2,2,0,2,0,0,0,0,6
38837,ReinoGranada,,3,0,3,3,0,3,0,0,0,0,0
38840,JoaquinMedinaMG,,2,0,2,2,0,2,0,0,0,0,0
38844,jjalonso_grx,,2,0,2,2,0,2,0,0,0,0,0
38846,MasGranada,,3,0,3,3,0,3,0,0,0,0,0
38854,grupo_sifu,,2,0,2,2,0,2,0,0,0,0,4
38864,jemaillo,,2,0,2,2,0,2,0,0,0,0,0
38870,CristinaNarbona,,3,0,3,3,0,3,0,0,0,0,0
38872,AgriculturAnd,,2,0,2,2,0,2,0,0,0,0,0
38873,ernestmaragall,,2,0,2,2,0,2,0,0,0,0,2
38874,jmterricabras,,2,0,2,2,0,2,0,0,0,0,0
38877,vpartal,,2,0,2,2,0,2,0,0,0,0,2
38879,jordiborras,,2,0,2,2,0,2,0,0,0,0,2
38882,OscarAndreu,,2,0,2,2,0,2,0,0,0,0,2
38883,philmusical,,2,0,2,2,0,2,0,0,0,0,2
38884,lacompetencia,,2,0,2,2,0,2,0,0,0,0,2
38885,rac1,,3,0,3,3,0,3,0,0,0,0,2
38886,elmonarac1,,3,0,3,3,0,3,0,0,0,0,2
38887,maticatradio,,2,0,2,2,0,2,0,0,0,0,0
38888,CatalunyaRadio,,2,0,2,2,0,2,0,0,0,0,0
38889,324cat,,2,0,2,2,0,2,0,0,0,0,2
38890,elpuntavui,,2,0,2,2,0,2,0,0,0,0,2
38891,diariARA,,2,0,2,2,0,2,0,0,0,0,2
38892,VilaWeb,,3,0,3,3,0,3,0,0,0,0,6
38893,naciodigital,,2,0,2,2,0,2,0,0,0,0,2
38897,jordialapreso,,2,0,2,2,0,2,0,0,0,0,2
38898,jcuixart,,2,0,2,2,0,2,0,0,0,0,1
38899,quimforn,,2,0,2,2,0,2,0,0,0,0,2
38904,QuimMonzo,,3,0,3,3,0,3,0,0,0,0,1
38905,XSalaimartin,,3,0,3,3,0,3,0,0,0,0,2
38906,RaholaOficial,,3,0,3,3,0,3,0,0,0,0,5
38907,soler_toni,,3,0,3,3,0,3,0,0,0,0,2
38910,omnium,,2,0,2,2,0,2,0,0,0,0,0
38911,assemblea,,2,0,2,2,0,2,0,0,0,0,2
38913,HiginiaRoig,,2,0,2,2,0,2,0,0,0,0,2
38915,martarovira,,2,0,2,2,0,2,0,0,0,0,2
38916,ForcadellCarme,,2,0,2,2,0,2,0,0,0,0,2
38917,raulromeva,,3,0,3,3,0,3,0,0,0,0,2
38918,junqueras,,3,0,3,3,0,3,0,0,0,0,8
38919,QuimTorraiPla,,2,0,2,2,0,2,0,0,0,0,8
38921,quellegeixes,,2,0,2,2,0,2,0,0,0,0,4
38922,lletres,,2,0,2,2,0,2,0,0,0,0,4
38923,iec,,3,0,3,3,0,3,0,0,0,0,0
38924,llenguacatalana,,2,0,2,2,0,2,0,0,0,0,0
38929,efsli,,2,0,2,2,0,2,0,0,0,0,0
38930,laBienal,,3,0,3,3,0,3,0,0,0,0,4
38931,CADFlamenco,,4,0,4,4,0,4,0,0,0,0,0
38933,ArchivoCanalSur,,2,0,2,2,0,2,0,0,0,0,0
38938,gpadillaabogado,,2,0,2,2,0,2,0,0,0,0,0
38948,rociogrande1,,2,0,2,2,0,2,0,0,0,0,0
38952,Anicu_12,,2,0,2,2,0,2,0,0,0,0,0
38956,eloisadelalisal,,2,0,2,2,0,2,0,0,0,0,0
38957,guiasdearte,,2,0,2,2,0,2,0,0,0,0,0
38962,TraducTweet,,2,0,2,2,0,2,0,0,0,0,0
38963,francipalomino,,2,0,2,2,0,2,0,0,0,0,0
38964,CesarRoblesPer1,,2,0,2,2,0,2,0,0,0,0,0
38966,Foro_TV,,3,0,3,3,0,3,0,0,0,0,2
38967,NTelevisa_com,,2,0,2,2,0,2,0,0,0,0,4
38968,MVSNoticias,,3,0,3,3,0,3,0,0,0,0,4
38969,ExpansionMx,,4,0,4,4,0,4,0,0,0,0,0
38970,Excelsior,,3,0,3,3,0,3,0,0,0,0,4
38971,Reforma,,3,0,3,3,0,3,0,0,0,0,4
38972,lajornadaonline,,3,0,3,3,0,3,0,0,0,0,4
38973,El_Universal_Mx,,3,0,3,3,0,3,0,0,0,0,1
38974,Milenio,,3,0,3,3,0,3,0,0,0,0,4
38975,Javier_Alatorre,,3,0,3,3,0,3,0,0,0,0,2
38976,PedroFerriz,,3,0,3,3,0,3,0,0,0,0,2
38977,DeniseDresserG,,3,0,3,3,0,3,0,0,0,0,4
38978,aristeguicnn,,3,0,3,3,0,3,0,0,0,0,4
38979,AristeguiOnline,,3,0,3,3,0,3,0,0,0,0,4
38980,brozoxmiswebs,,3,0,3,3,0,3,0,0,0,0,2
38981,Adela_Micha,,3,0,3,3,0,3,0,0,0,0,2
38982,CarlosLoret,,2,0,2,2,0,2,0,0,0,0,0
38983,lopezdoriga,,3,0,3,3,0,3,0,0,0,0,4
38984,DeniseMaerker,,2,0,2,2,0,2,0,0,0,0,4
38985,Alejandro_Marti,,2,0,2,2,0,2,0,0,0,0,4
38987,causaencomun,,2,0,2,2,0,2,0,0,0,0,4
38988,InsydeMx,,2,0,2,2,0,2,0,0,0,0,2
38998,WikipoliticaCMX,,2,0,2,2,0,2,0,0,0,0,2
38999,WikipoliticaJal,,2,0,2,2,0,2,0,0,0,0,2
39001,pkumamoto,,3,0,3,3,0,3,0,0,0,0,2
39024,EvaMartin71,,4,0,4,4,0,4,0,0,0,0,0
39025,CarlosRojas_PPA,,3,0,3,3,0,3,0,0,0,0,0
39027,mabelrupe,,2,0,2,2,0,2,0,0,0,0,0
39029,provivienda_org,,2,0,2,2,0,2,0,0,0,0,6
39030,ArcaEmpleo,,3,0,3,3,0,3,0,0,0,0,0
39031,JardAlbertoGR,,2,0,2,2,0,2,0,0,0,0,0
39034,fmolinapublica,,2,0,2,2,0,2,0,0,0,0,0
39035,GRparalimpica,,2,0,2,2,0,2,0,0,0,0,0
39039,alhambratodos,,2,0,2,2,0,2,0,0,0,0,0
39044,jmcorpas,,2,0,2,2,0,2,0,0,0,0,0
39046,GJEsperanzaGR,,4,0,4,4,0,4,0,0,0,0,0
39047,HdadEsperanza,,3,0,3,3,0,3,0,0,0,0,0
39048,Plumbio,,4,0,4,4,0,4,0,0,0,0,0
39058,juanmalaga1981,,3,0,3,3,0,3,0,0,0,0,0
39059,LeticiaGPanal,,2,0,2,2,0,2,0,0,0,0,0
39067,CGsanjuandelpto,,2,0,2,2,0,2,0,0,0,0,0
39068,otivar,,2,0,2,2,0,2,0,0,0,0,0
39073,CGJabalquinto,,2,0,2,2,0,2,0,0,0,0,2
39082,SabioteAyunt,,2,0,2,2,0,2,0,0,0,0,0
39083,AytoBaeza,,3,0,3,3,0,3,0,0,0,0,0
39084,aytoubeda,,2,0,2,2,0,2,0,0,0,0,0
39085,Turismodeubeda,,3,0,3,3,0,3,0,0,0,0,0
39086,sinagogadelagua,,3,0,3,3,0,3,0,0,0,0,0
39087,PalOlvidados,,3,0,3,3,0,3,0,0,0,0,0
39088,GuiasGranadaSL,,3,0,3,3,0,3,0,0,0,0,0
39089,japuerto68,,3,0,3,3,0,3,0,0,0,0,0
39090,BookYourAudio,,2,0,2,2,0,2,0,0,0,0,0
39091,enriquelagunag1,,3,0,3,3,0,3,0,0,0,0,0
39095,carmeniglesiasb,,3,0,3,3,0,3,0,0,0,0,6
39096,inmitacs,,2,0,2,2,0,2,0,0,0,0,4
39097,londones,,2,0,2,2,0,2,0,0,0,0,0
39114,NNGG_Es,,2,0,2,2,0,2,0,0,0,0,0
39116,ppmadrid,,2,0,2,2,0,2,0,0,0,0,8
39120,AnaSerrano_M,,2,0,2,2,0,2,0,0,0,0,0
39121,CostaNevada,,2,0,2,2,0,2,0,0,0,0,0
39131,hipaticus,,2,0,2,2,0,2,0,0,0,0,0
39137,ASP020407,,2,0,2,2,0,2,0,0,0,0,0
39138,Ant_Prieto,,2,0,2,2,0,2,0,0,0,0,0
39139,lna_ps,,2,0,2,2,0,2,0,0,0,0,0
39140,CeaGranadaLoli,,3,0,3,3,0,3,0,0,0,0,0
39141,ConsejoGranada,,2,0,2,2,0,2,0,0,0,0,0
39143,coherentemente,,3,0,3,3,0,3,0,0,0,0,0
39174,psiquicritic,,2,0,2,2,0,2,0,0,0,0,4
39175,AMSaludMental,,2,0,2,2,0,2,0,0,0,0,4
39176,AENEUROPSI,,2,0,2,2,0,2,0,0,0,0,4
39187,ActivaMent,,2,0,2,2,0,2,0,0,0,0,4
39188,Tel_Esperanza,,2,0,2,2,0,2,0,0,0,0,4
39200,CocemfeAlicante,,3,0,3,3,0,3,0,0,0,0,0
39201,AsmipPicassent,,2,0,2,2,0,2,0,0,0,0,0
39202,COCEMFEValencia,,2,0,2,2,0,2,0,0,0,0,0
39203,COCantabria,,2,0,2,2,0,2,0,0,0,0,4
39212,Gorabide,,2,0,2,2,0,2,0,0,0,0,4
39217,elenabastidasb,,2,0,2,2,0,2,0,0,0,0,0
39219,juanBravoBaena,,2,0,2,2,0,2,0,0,0,0,0
39222,mapaniagua,,2,0,2,2,0,2,0,0,0,0,0
39223,jaimedeolano,,2,0,2,2,0,2,0,0,0,0,0
39224,martintoledano,,2,0,2,2,0,2,0,0,0,0,6
39225,anadebande,,2,0,2,2,0,2,0,0,0,0,6
39226,JavierMaroto,,2,0,2,2,0,2,0,0,0,0,5
39227,mdcospedal,,3,0,3,3,0,3,0,0,0,0,0
39229,DavidFdezP5,,2,0,2,2,0,2,0,0,0,0,0
39230,FELGTB,,2,0,2,2,0,2,0,0,0,0,0
39234,anagv,,4,0,4,4,0,4,0,0,0,0,4
39235,eoilasrozas,,2,0,2,2,0,2,0,0,0,0,1
39236,EOIMadTribunal,,2,0,2,2,0,2,0,0,0,0,1
39237,eoivillaverde,,2,0,2,2,0,2,0,0,0,0,1
39238,eoiaranjuez,,2,0,2,2,0,2,0,0,0,0,1
39239,EOIdeValls,,2,0,2,2,0,2,0,0,0,0,1
39240,EOILleida,,2,0,2,2,0,2,0,0,0,0,1
39241,eoicat,,2,0,2,2,0,2,0,0,0,0,1
39242,EOIViladecans,,2,0,2,2,0,2,0,0,0,0,1
39243,FederacionEOI,,2,0,2,2,0,2,0,0,0,0,1
39244,apeoicva,,2,0,2,2,0,2,0,0,0,0,1
39245,AMPREOI,,2,0,2,2,0,2,0,0,0,0,1
39246,apeoicanarias,,2,0,2,2,0,2,0,0,0,0,1
39247,EOI_Huelva,,2,0,2,2,0,2,0,0,0,0,1
39248,EOI_SierraNorte,,2,0,2,2,0,2,0,0,0,0,1
39249,EOIGijon1,,2,0,2,2,0,2,0,0,0,0,1
39250,EoiEivissa,,2,0,2,2,0,2,0,0,0,0,1
39251,FormenteraEOI,,2,0,2,2,0,2,0,0,0,0,1
39252,eoi_osona,,2,0,2,2,0,2,0,0,0,0,1
39253,eoi_martorell,,2,0,2,2,0,2,0,0,0,0,1
39254,EoiCiutadella,,2,0,2,2,0,2,0,0,0,0,1
39255,EOIMAO,,2,0,2,2,0,2,0,0,0,0,1
39256,EOICalvia,,2,0,2,2,0,2,0,0,0,0,1
39257,EOILaredo,,2,0,2,2,0,2,0,0,0,0,1
39258,EOIManacor,,2,0,2,2,0,2,0,0,0,0,1
39259,EOI_Tarrega,,2,0,2,2,0,2,0,0,0,0,1
39260,EOIBadalona,,2,0,2,2,0,2,0,0,0,0,1
39261,eoitortosa,,2,0,2,2,0,2,0,0,0,0,1
39262,APEOIAndalucia,,2,0,2,2,0,2,0,0,0,0,1
39263,EOIxauen,,2,0,2,2,0,2,0,0,0,0,1
39264,eoifuengirola,,2,0,2,2,0,2,0,0,0,0,1
39265,EOIEcija,,2,0,2,2,0,2,0,0,0,0,1
39266,EOILaCarolina,,2,0,2,2,0,2,0,0,0,0,1
39267,eoivicar,,2,0,2,2,0,2,0,0,0,0,1
39268,eoi_estepa,,2,0,2,2,0,2,0,0,0,0,1
39269,EOISanRoque,,2,0,2,2,0,2,0,0,0,0,1
39270,EoiCadiz,,2,0,2,2,0,2,0,0,0,0,1
39281,pedropablo_dr,,2,0,2,2,0,2,0,0,0,0,0
39284,edumorfosis,,2,0,2,2,0,2,0,0,0,0,4
39287,robertojsanti,,2,0,2,2,0,2,0,0,0,0,4
39290,ramon3434,,2,0,2,2,0,2,0,0,0,0,4
39308,juandoming,,2,0,2,2,0,2,0,0,0,0,4
39323,AytoAbla,,2,0,2,2,0,2,0,0,0,0,0
39324,AytodeGador,,3,0,3,3,0,3,0,0,0,0,0
39325,AytoBeasGr,,4,0,4,4,0,4,0,0,0,0,0
39326,aytobenamaurel,,3,0,3,3,0,3,0,0,0,0,0
39331,RFEDInv,,3,0,3,3,0,3,0,0,0,0,0
39333,dawsonx,,4,0,4,4,0,4,0,0,0,0,0
39339,antoniocambril,,3,0,3,3,0,3,0,0,0,0,0
39340,tangai53,,2,0,2,2,0,2,0,0,0,0,0
39342,ignaciopozo,,2,0,2,2,0,2,0,0,0,0,0
39344,RegionGranada,,2,0,2,2,0,2,0,0,0,0,0
39345,PatrullaAspa,,2,0,2,2,0,2,0,0,0,0,0
39346,Archigranada,,4,0,4,4,0,4,0,0,0,0,0
39350,SophiaPrieto,,3,0,3,3,0,3,0,0,0,0,0
39354,UGT_Granada,,3,0,3,3,0,3,0,0,0,0,0
39355,CCOOGranada,,4,0,4,4,0,4,0,0,0,0,0
39356,RicardoFloresGr,,2,0,2,2,0,2,0,0,0,0,0
39358,fpbedmar,,3,0,3,3,0,3,0,0,0,0,6
39359,Mercedes_Moya,,3,0,3,3,0,3,0,0,0,0,0
39361,conchi_fdz,,2,0,2,2,0,2,0,0,0,0,0
39365,InmaculadaMP17,,2,0,2,2,0,2,0,0,0,0,0
39367,EVAVilop,,2,0,2,2,0,2,0,0,0,0,0
39370,AlmeriaJunta,,2,0,2,2,0,2,0,0,0,0,0
39371,carluteam,,3,0,3,3,0,3,0,0,0,0,0
39389,viva_granada,,2,0,2,2,0,2,0,0,0,0,0
39396,HamedMimon,,2,0,2,2,0,2,0,0,0,0,0
39399,GuiaAngela,,2,0,2,2,0,2,0,0,0,0,6
39400,CsGranada_prov,,3,0,3,3,0,3,0,0,0,0,0
39425,ciberned,,3,0,3,3,0,3,0,0,0,0,0
39426,Fund_CIEN,,3,0,3,3,0,3,0,0,0,0,0
39428,seneurologia,,3,0,3,3,0,3,0,0,0,0,5
39430,NeuronUP,,2,0,2,2,0,2,0,0,0,0,0
39434,Hablemosdeneuro,,2,0,2,2,0,2,0,0,0,0,0
39435,irneuro,,2,0,2,2,0,2,0,0,0,0,0
39436,IntegraCerebral,,2,0,2,2,0,2,0,0,0,0,0
39437,DACERorg,,2,0,2,2,0,2,0,0,0,0,0
39440,adaceajaen,,2,0,2,2,0,2,0,0,0,0,0
39444,Adacen,,2,0,2,2,0,2,0,0,0,0,0
39448,fundacionpita,,2,0,2,2,0,2,0,0,0,0,0
39449,CreCeadac,,2,0,2,2,0,2,0,0,0,0,0
39450,Fundacion_FIVAN,,2,0,2,2,0,2,0,0,0,0,0
39453,fedaceorg,,2,0,2,2,0,2,0,0,0,0,0
39455,walkingranada,,2,0,2,2,0,2,0,0,0,0,0
39456,jesus_albaicin,,4,0,4,4,0,4,0,0,0,0,0
39457,granada_crece,,2,0,2,2,0,2,0,0,0,0,0
39465,eaorcajo,,2,0,2,2,0,2,0,0,0,0,0
39469,VirginiaPrieto3,,2,0,2,2,0,2,0,0,0,0,0
39473,FuturEnviro,,3,0,3,3,0,3,0,0,0,0,1
39475,agrafem,,3,0,3,3,0,3,0,0,0,0,0
39476,asocgaen,,2,0,2,2,0,2,0,0,0,0,0
39478,granabip_,,2,0,2,2,0,2,0,0,0,0,0
39483,AngelesCorral1,,2,0,2,2,0,2,0,0,0,0,0
39485,Marioguerrero_M,,3,0,3,3,0,3,0,0,0,0,0
39487,ManoliRabadan9,,2,0,2,2,0,2,0,0,0,0,0
39489,jagarciacazorla,,2,0,2,2,0,2,0,0,0,0,0
39490,comunicacioicab,,2,0,2,2,0,2,0,0,0,0,0
39492,conselladvocat,,2,0,2,2,0,2,0,0,0,0,0
39494,ICAMANRESA,,2,0,2,2,0,2,0,0,0,0,0
39497,icasbd,,2,0,2,2,0,2,0,0,0,0,0
39499,AJACaceres,,2,0,2,2,0,2,0,0,0,0,0
39500,icavor,,2,0,2,2,0,2,0,0,0,0,0
39502,AJAbogadosGijon,,2,0,2,2,0,2,0,0,0,0,0
39503,ICABJerez,,2,0,2,2,0,2,0,0,0,0,0
39505,AbogadosToledo,,2,0,2,2,0,2,0,0,0,0,0
39506,ICAGInforma,,2,0,2,2,0,2,0,0,0,0,0
39507,contrataabogado,,2,0,2,2,0,2,0,0,0,0,0
39508,AJARioja,,2,0,2,2,0,2,0,0,0,0,0
39510,AJAGipuzkoa,,2,0,2,2,0,2,0,0,0,0,0
39511,TorrijosAbogads,,2,0,2,2,0,2,0,0,0,0,0
39512,AJAAraba,,3,0,3,3,0,3,0,0,0,0,1
39513,ICAPalencia,,2,0,2,2,0,2,0,0,0,0,0
39514,luisrocabogados,,2,0,2,2,0,2,0,0,0,0,0
39515,ajabizkaia,,2,0,2,2,0,2,0,0,0,0,0
39516,ICA_ESTELLA,,2,0,2,2,0,2,0,0,0,0,0
39518,AJACIUDADREAL,,2,0,2,2,0,2,0,0,0,0,0
39519,Avogacia,,2,0,2,2,0,2,0,0,0,0,0
39520,H2LawAbogados,,2,0,2,2,0,2,0,0,0,0,0
39521,gaj_avila,,3,0,3,3,0,3,0,0,0,0,1
39522,ICAFerrol,,3,0,3,3,0,3,0,0,0,0,1
39523,RuizReyAbogados,,3,0,3,3,0,3,0,0,0,0,4
39524,AAJValladolid,,3,0,3,3,0,3,0,0,0,0,1
39525,icacompostela,,2,0,2,2,0,2,0,0,0,0,0
39526,abogados,,2,0,2,2,0,2,0,0,0,0,6
39527,icavalladolid,,2,0,2,2,0,2,0,0,0,0,0
39529,decanofjlara,,2,0,2,2,0,2,0,0,0,0,0
39530,ica_leon,,2,0,2,2,0,2,0,0,0,0,0
39531,icamalaga,,2,0,2,2,0,2,0,0,0,0,0
39532,icahuelva,,2,0,2,2,0,2,0,0,0,0,0
39533,ICACordoba,,2,0,2,2,0,2,0,0,0,0,0
39534,icajaen,,3,0,3,3,0,3,0,0,0,0,1
39544,carlosmoriyon,,2,0,2,2,0,2,0,0,0,0,1
39545,ClarenceCrane,,3,0,3,3,0,3,0,0,0,0,0
39546,Leticia_dlto,,3,0,3,3,0,3,0,0,0,0,6
39547,R_Perales,,3,0,3,3,0,3,0,0,0,0,0
39552,joancmarch,,3,0,3,3,0,3,0,0,0,0,0
39554,Colfisio,,2,0,2,2,0,2,0,0,0,0,0
39555,ecomovilidad,,2,0,2,2,0,2,0,0,0,0,0
39557,ecomovilidadGra,,4,0,4,4,0,4,0,0,0,0,0
39559,Sarai_Bausan,,2,0,2,2,0,2,0,0,0,0,0
39560,oscarcbg,,3,0,3,3,0,3,0,0,0,0,0
39561,FerBailonFCBG,,4,0,4,4,0,4,0,0,0,0,0
39563,Jesus_Lens,,3,0,3,3,0,3,0,0,0,0,0
39570,madelguti,,3,0,3,3,0,3,0,0,0,0,5
39574,Manolokjrs,,2,0,2,2,0,2,0,0,0,0,6
39577,josejimenezalbi,,2,0,2,2,0,2,0,0,0,0,6
39578,Sognareoficial,,2,0,2,2,0,2,0,0,0,0,6
39581,Jenifeer95,,2,0,2,2,0,2,0,0,0,0,0
39588,jgs123452000,,2,0,2,2,0,2,0,0,0,0,0
39589,IvanCentenillo,,3,0,3,3,0,3,0,0,0,0,0
39590,Fedcofrgr,,4,0,4,4,0,4,0,0,0,0,0
39591,BOCHERO008,,2,0,2,2,0,2,0,0,0,0,6
39592,MSCVespacito,,2,0,2,2,0,2,0,0,0,0,0
39598,minasdealquife,,3,0,3,3,0,3,0,0,0,0,0
39601,_AnaGGarcia,,2,0,2,2,0,2,0,0,0,0,6
39637,GarcesLpunto,,2,0,2,2,0,2,0,0,0,0,0
39641,rafaelnieto66,,2,0,2,2,0,2,0,0,0,0,0
39646,fidel_FQ,,2,0,2,2,0,2,0,0,0,0,0
39649,jonanmg_1976,,2,0,2,2,0,2,0,0,0,0,0
39652,PartidoAvanza_,,2,0,2,2,0,2,0,0,0,0,0
39653,AndaluciaCuevas,,2,0,2,2,0,2,0,0,0,0,0
39656,InfoCullarVega,,2,0,2,2,0,2,0,0,0,0,0
39658,mercemartintorr,,2,0,2,2,0,2,0,0,0,0,0
39659,porCausaorg,,2,0,2,2,0,2,0,0,0,0,2
39660,guejarsierra_,,3,0,3,3,0,3,0,0,0,0,0
39661,gob_na,,3,0,3,3,0,3,0,0,0,0,2
39664,EvaVidalS,,2,0,2,2,0,2,0,0,0,0,0
39665,Ayto_Alhendin,,3,0,3,3,0,3,0,0,0,0,0
39666,institutoMEDAC,,3,0,3,3,0,3,0,0,0,0,0
39667,RevillaMiguelA,,3,0,3,3,0,3,0,0,0,0,0
39668,sjdceesanrafael,,2,0,2,2,0,2,0,0,0,0,0
39671,Aspronaga,,2,0,2,2,0,2,0,0,0,0,0
39677,cosanuesa,,2,0,2,2,0,2,0,0,0,0,0
39679,MedularDigital,,3,0,3,3,0,3,0,0,0,0,0
39680,nomasobstaculos,,2,0,2,2,0,2,0,0,0,0,0
39682,minusval2000,,2,0,2,2,0,2,0,0,0,0,0
39684,rarroyoes,,2,0,2,2,0,2,0,0,0,0,2
39685,1sinfronteras,,2,0,2,2,0,2,0,0,0,0,0
39687,diCapacidad,,2,0,2,2,0,2,0,0,0,0,0
39689,EM_Navarra,,2,0,2,2,0,2,0,0,0,0,0
39692,Aspaym_malaga,,2,0,2,2,0,2,0,0,0,0,0
39694,susanamhgranada,,2,0,2,2,0,2,0,0,0,0,0
39698,HDM1966,,2,0,2,2,0,2,0,0,0,0,4
39699,jovenesCs,,3,0,3,3,0,3,0,0,0,0,0
39701,pabloharour,,3,0,3,3,0,3,0,0,0,0,8
39702,gemagonur,,2,0,2,2,0,2,0,0,0,0,0
39703,CSIFnacional,,2,0,2,2,0,2,0,0,0,0,0
39704,CSIFAndalucia,,3,0,3,3,0,3,0,0,0,0,6
39707,consorciofr,,3,0,3,3,0,3,0,0,0,0,0
39708,AndaluciaComDig,,3,0,3,3,0,3,0,0,0,0,2
39709,AEDigital_,,4,0,4,4,0,4,0,0,0,0,4
39710,SpainFilm,,3,0,3,3,0,3,0,0,0,0,0
39711,AndaluciaFilm,,3,0,3,3,0,3,0,0,0,0,1
39712,MCostaTropical,,3,0,3,3,0,3,0,0,0,0,0
39715,TitanDesert,,3,0,3,3,0,3,0,0,0,0,0
39720,SalPorSevilla,,2,0,2,2,0,2,0,0,0,0,1
39721,Sevilla_Turismo,,3,0,3,3,0,3,0,0,0,0,1
39722,prodetur,,3,0,3,3,0,3,0,0,0,0,0
39725,GeneroTweets,,2,0,2,2,0,2,0,0,0,0,4
39726,juanmarijimenez,,2,0,2,2,0,2,0,0,0,0,0
39733,Ayto_algaba,,2,0,2,2,0,2,0,0,0,0,0
39737,StevensHelga,,2,0,2,2,0,2,0,0,0,0,0
39738,adamkosamep,,2,0,2,2,0,2,0,0,0,0,0
39739,Ascdiresociales,,3,0,3,3,0,3,0,0,0,0,0
39740,LolaPrietoMoral,,3,0,3,3,0,3,0,0,0,0,0
39741,8Mnica,,2,0,2,2,0,2,0,0,0,0,0
39743,Imanol9390,,2,0,2,2,0,2,0,0,0,0,6
39745,CRedesSociales,,3,0,3,3,0,3,0,0,0,0,1
39757,CsBetera,,2,0,2,2,0,2,0,0,0,0,0
39758,CsOlleria,,2,0,2,2,0,2,0,0,0,0,0
39759,CsJerezFrontera,,2,0,2,2,0,2,0,0,0,0,0
39760,Cs_PuenteGenil,,2,0,2,2,0,2,0,0,0,0,0
39761,Cs_HuetorVega,,2,0,2,2,0,2,0,0,0,0,0
39762,Almeria_Cs,,3,0,3,3,0,3,0,0,0,0,0
39765,Deporte_Granada,,3,0,3,3,0,3,0,0,0,0,0
39766,PlanInt_ES,,3,0,3,3,0,3,0,0,0,0,0
39768,adopcionpuntode,,2,0,2,2,0,2,0,0,0,0,0
39771,EA7AAE,,2,0,2,2,0,2,0,0,0,0,0
39772,RemerGranada,,4,0,4,4,0,4,0,0,0,0,4
39773,rgbarcena,,2,0,2,2,0,2,0,0,0,0,0
39775,TorrecardenasHU,,2,0,2,2,0,2,0,0,0,0,0
39777,NANIAGUILAR2,,2,0,2,2,0,2,0,0,0,0,0
39779,IAVANTE_CMAT,,2,0,2,2,0,2,0,0,0,0,5
39780,pgpalazon,,2,0,2,2,0,2,0,0,0,0,6
39781,laura_ohlala,,2,0,2,2,0,2,0,0,0,0,0
39782,DuendeRojilla,,2,0,2,2,0,2,0,0,0,0,0
39785,Tignari,,3,0,3,3,0,3,0,0,0,0,0
39786,albayda_granada,,2,0,2,2,0,2,0,0,0,0,0
39787,ChanaPress1,,3,0,3,3,0,3,0,0,0,0,0
39788,LosPrimeros_As,,2,0,2,2,0,2,0,0,0,0,0
39790,MCarmenPerezIU,,3,0,3,3,0,3,0,0,0,0,6
39791,a_canovas_d,,2,0,2,2,0,2,0,0,0,0,0
39794,Aguasvira,,3,0,3,3,0,3,0,0,0,0,0
39795,AytoChurriana,,5,0,5,5,0,5,0,0,0,0,0
39796,jrosales80,,2,0,2,2,0,2,0,0,0,0,0
39797,Emasagra,,4,0,4,4,0,4,0,0,0,0,0
39803,AUGCGRANADA,,3,0,3,3,0,3,0,0,0,0,0
39804,presidenteagcs,,3,0,3,3,0,3,0,0,0,0,0
39805,LeofegabaCs,,2,0,2,2,0,2,0,0,0,0,0
39806,PereaJuanmi,,2,0,2,2,0,2,0,0,0,0,0
39809,NNGGAndalucia,,3,0,3,3,0,3,0,0,0,0,2
39810,MacarenaOneill,,2,0,2,2,0,2,0,0,0,0,0
39813,loleslopez,,2,0,2,2,0,2,0,0,0,0,0
39814,maruhuevar,,2,0,2,2,0,2,0,0,0,0,0
39820,Anda_Labs,,2,0,2,2,0,2,0,0,0,0,0
39823,lidiareyes1,,3,0,3,3,0,3,0,0,0,0,6
39824,PSOEGrIgualdad,,2,0,2,2,0,2,0,0,0,0,0
39828,DeporteAND,,3,0,3,3,0,3,0,0,0,0,0
39829,Cimas21,,2,0,2,2,0,2,0,0,0,0,0
39830,Josefislop,,3,0,3,3,0,3,0,0,0,0,6
39831,GranadaCiencias,,3,0,3,3,0,3,0,0,0,0,6
39832,EpicureaGT,,3,0,3,3,0,3,0,0,0,0,0
39833,ReciclarMejor,,2,0,2,2,0,2,0,0,0,0,0
39834,TavolaNews,,3,0,3,3,0,3,0,0,0,0,0
39836,CAPMujeres,,2,0,2,2,0,2,0,0,0,0,0
39837,Pediatria,,3,0,3,3,0,3,0,0,0,0,0
39838,evidpediatria,,2,0,2,2,0,2,0,0,0,0,2
39839,GuiaSalud,,3,0,3,3,0,3,0,0,0,0,3
39840,eSaludInvestiga,,3,0,3,3,0,3,0,0,0,0,4
39841,FProgresoysalud,,3,0,3,3,0,3,0,0,0,0,0
39842,UNICEFAndalucia,,3,0,3,3,0,3,0,0,0,0,4
39844,11CongresoVG,,2,0,2,2,0,2,0,0,0,0,4
39846,CuevasDeGuadix,,3,0,3,3,0,3,0,0,0,0,0
39847,Castilagranada,,3,0,3,3,0,3,0,0,0,0,1
39854,tsanchez909194,,3,0,3,3,0,3,0,0,0,0,6
39857,LarisaRamosRz,,2,0,2,2,0,2,0,0,0,0,6
39861,Ucodeporte_,,2,0,2,2,0,2,0,0,0,0,6
39864,AsperAndalucia,,2,0,2,2,0,2,0,0,0,0,0
39866,patrimoniored,,3,0,3,3,0,3,0,0,0,0,0
39867,UNESCOANDALUCIA,,3,0,3,3,0,3,0,0,0,0,4
39875,toni_miglesias,,2,0,2,2,0,2,0,0,0,0,0
39877,jonidavid73,,3,0,3,3,0,3,0,0,0,0,0
39878,GPPopularMotril,,2,0,2,2,0,2,0,0,0,0,0
39883,JoseMi_RR,,2,0,2,2,0,2,0,0,0,0,0
39884,lvinbus,,2,0,2,2,0,2,0,0,0,0,0
39885,VCirenevillena,,2,0,2,2,0,2,0,0,0,0,0
39886,amigueljb,,3,0,3,3,0,3,0,0,0,0,0
39887,Rociocabarrocas,,3,0,3,3,0,3,0,0,0,0,0
39888,LGarciaChamorro,,4,0,4,4,0,4,0,0,0,0,0
39889,mariolamb,,4,0,4,4,0,4,0,0,0,0,0
39893,malaga,,4,0,4,4,0,4,0,0,0,0,0
39895,Malagaaldia1,,2,0,2,2,0,2,0,0,0,0,0
39896,SER_Malaga,,2,0,2,2,0,2,0,0,0,0,0
39897,COPEMalaga,,2,0,2,2,0,2,0,0,0,0,0
39898,culturamalaga,,3,0,3,3,0,3,0,0,0,0,0
39899,CanalMalagaRTV,,3,0,3,3,0,3,0,0,0,0,4
39900,96meree,,2,0,2,2,0,2,0,0,0,0,0
39904,Xunta,,4,0,4,4,0,4,0,0,0,0,4
39907,InformativosTM,,3,0,3,3,0,3,0,0,0,0,4
39912,ConoceGranadaPa,,2,0,2,2,0,2,0,0,0,0,0
39916,lydyamedina,,3,0,3,3,0,3,0,0,0,0,6
39933,LuisGonzaGr,,3,0,3,3,0,3,0,0,0,0,0
39934,JacoboRamosGr,,2,0,2,2,0,2,0,0,0,0,0
39939,mercedesisa,,3,0,3,3,0,3,0,0,0,0,0
39940,eravelome,,2,0,2,2,0,2,0,0,0,0,6
39941,Albondon2011,,2,0,2,2,0,2,0,0,0,0,0
39957,Sebastiangrx,,2,0,2,2,0,2,0,0,0,0,0
39958,Ayto_Ugijar,,2,0,2,2,0,2,0,0,0,0,0
39959,CsVegasDelGenil,,2,0,2,2,0,2,0,0,0,0,0
39963,agranados6957,,3,0,3,3,0,3,0,0,0,0,0
39964,nievasmarta1,,2,0,2,2,0,2,0,0,0,0,0
39965,PucheInmaculada,,2,0,2,2,0,2,0,0,0,0,0
39966,mpuntompunto,,3,0,3,3,0,3,0,0,0,0,0
39967,guillermoesnal,,2,0,2,2,0,2,0,0,0,0,0
39968,F18Milena,,2,0,2,2,0,2,0,0,0,0,0
39970,enrisanchezj,,2,0,2,2,0,2,0,0,0,0,6
39975,esperanzamr4,,2,0,2,2,0,2,0,0,0,0,0
39979,alekscasares,,3,0,3,3,0,3,0,0,0,0,0
39981,7TVGranada,,3,0,3,3,0,3,0,0,0,0,0
39982,EASPsalud,,3,0,3,3,0,3,0,0,0,0,4
39983,escpacientes,,3,0,3,3,0,3,0,0,0,0,4
39985,henar_nietihw,,2,0,2,2,0,2,0,0,0,0,0
39988,PodemosDiscapCM,,2,0,2,2,0,2,0,0,0,0,0
39990,LibreFeminista,,2,0,2,2,0,2,0,0,0,0,4
39994,Lolahidalgop,,3,0,3,3,0,3,0,0,0,0,6
39995,jbfisiopodo,,2,0,2,2,0,2,0,0,0,0,6
39996,CulturalGranada,,4,0,4,4,0,4,0,0,0,0,0
39997,PromociondeArte,,3,0,3,3,0,3,0,0,0,0,0
40000,Si06Granada,,3,0,3,3,0,3,0,0,0,0,0
40001,PSOEHUETORVEGA,,3,0,3,3,0,3,0,0,0,0,0
40002,JaviFernandezHd,,2,0,2,2,0,2,0,0,0,0,0
40003,PolprAlmeria0,,2,0,2,2,0,2,0,0,0,0,0
40004,PirRafael,,3,0,3,3,0,3,0,0,0,0,0
40005,CNP_GC,,2,0,2,2,0,2,0,0,0,0,0
40006,mamencita78,,2,0,2,2,0,2,0,0,0,0,6
40011,InfoCiudArmilla,,3,0,3,3,0,3,0,0,0,0,6
40012,fepeinador,,2,0,2,2,0,2,0,0,0,0,0
40015,ac_larober,,2,0,2,2,0,2,0,0,0,0,4
40018,joaquinplata,,2,0,2,2,0,2,0,0,0,0,6
40020,AytoPadul,,3,0,3,3,0,3,0,0,0,0,0
40026,reinadespadas,,2,0,2,2,0,2,0,0,0,0,0
40039,AdoptaAmaRockea,,3,0,3,3,0,3,0,0,0,0,2
40040,PataPirata,,2,0,2,2,0,2,0,0,0,0,4
40041,milagroscaninos,,2,0,2,2,0,2,0,0,0,0,0
40043,HuesitosDF,,2,0,2,2,0,2,0,0,0,0,4
40046,barquerosb,,3,0,3,3,0,3,0,0,0,0,5
40049,PrrosPerdidosMX,,2,0,2,2,0,2,0,0,0,0,4
40050,RescateAnimal,,2,0,2,2,0,2,0,0,0,0,4
40053,NoticieroAnimal,,2,0,2,2,0,2,0,0,0,0,2
40054,noamaltratoanim,,2,0,2,2,0,2,0,0,0,0,4
40056,martabosquet,,3,0,3,3,0,3,0,0,0,0,0
40057,hola_granada,,5,0,5,5,0,5,0,0,0,0,1
40060,Culturalmeria,,3,0,3,3,0,3,0,0,0,0,0
40061,CulturaAlmeria,,3,0,3,3,0,3,0,0,0,0,0
40063,Alcazabaalmeria,,3,0,3,3,0,3,0,0,0,0,0
40065,MuseoAlmeria,,3,0,3,3,0,3,0,0,0,0,0
40069,CocemfeCAT,,2,0,2,2,0,2,0,0,0,0,0
40071,AVVEguaras,,2,0,2,2,0,2,0,0,0,0,0
40073,MuseoSJuandeDio,,2,0,2,2,0,2,0,0,0,0,0
40074,orgivaturismo,,2,0,2,2,0,2,0,0,0,0,0
40076,jsanchez5082,,2,0,2,2,0,2,0,0,0,0,0
40078,FelipeBzL,,2,0,2,2,0,2,0,0,0,0,6
40079,angiesanchez__,,2,0,2,2,0,2,0,0,0,0,0
40083,antoniosanz,,3,0,3,3,0,3,0,0,0,0,0
40086,joserobles71,,3,0,3,3,0,3,0,0,0,0,0
40087,DiputacionVGR,,2,0,2,2,0,2,0,0,0,0,0
40089,embrujosopor,,2,0,2,2,0,2,0,0,0,0,0
40091,CsarZafra,,2,0,2,2,0,2,0,0,0,0,0
40092,MGutierrezCs,,3,0,3,3,0,3,0,0,0,0,0
40095,JAVIERMOLTER,,3,0,3,3,0,3,0,0,0,0,6
40099,_RMarin,,3,0,3,3,0,3,0,0,0,0,0
40100,R_Paiz,,2,0,2,2,0,2,0,0,0,0,0
40102,javidelatorre71,,2,0,2,2,0,2,0,0,0,0,0
40106,jagijon,,2,0,2,2,0,2,0,0,0,0,0
40107,CsLaZubia,,2,0,2,2,0,2,0,0,0,0,0
40111,Manuel180694,,2,0,2,2,0,2,0,0,0,0,6
40116,DOL_CEZZA,,2,0,2,2,0,2,0,0,0,0,6
40123,renatensis,,3,0,3,3,0,3,0,0,0,0,0
40126,2DoGranada,,4,0,4,4,0,4,0,0,0,0,0
40127,AGREDACE,,3,0,3,3,0,3,0,0,0,0,0
40129,Pakito7granafcb,,4,0,4,4,0,4,0,0,0,0,0
40130,aedemesclerosis,,2,0,2,2,0,2,0,0,0,0,0
40132,PolideportivaGR,,3,0,3,3,0,3,0,0,0,0,0
40136,merchemoralesj,,2,0,2,2,0,2,0,0,0,0,6
40139,JuventudUSO,,2,0,2,2,0,2,0,0,0,0,0
40141,SoleMartinezR,,2,0,2,2,0,2,0,0,0,0,6
40153,grx_RR,,3,0,3,3,0,3,0,0,0,0,0
40158,CristobalMChef2,,3,0,3,3,0,3,0,0,0,0,0
40160,JSanchezill,,2,0,2,2,0,2,0,0,0,0,0
40161,ChurrianaPP,,3,0,3,3,0,3,0,0,0,0,0
40164,Granada_Hoy,,3,0,3,3,0,3,0,0,0,0,0
40165,eva_arqtec,,3,0,3,3,0,3,0,0,0,0,4
40170,Esquerra_ERC,,2,0,2,2,0,2,0,0,0,0,2
40172,PodemosCongreso,,2,0,2,2,0,2,0,0,0,0,2
40173,GPPopular,,3,0,3,3,0,3,0,0,0,0,6
40174,Francis60214878,,2,0,2,2,0,2,0,0,0,0,0
40175,Dreamgenics,,2,0,2,2,0,2,0,0,0,0,0
40176,Gutiseque,,2,0,2,2,0,2,0,0,0,0,0
40182,OretaniaCR,,3,0,3,3,0,3,0,0,0,0,0
40186,pespegue,,2,0,2,2,0,2,0,0,0,0,0
40187,MoraHose,,2,0,2,2,0,2,0,0,0,0,0
40191,LolaFpalenzuela,,2,0,2,2,0,2,0,0,0,0,0
40193,Cs_Illora,,2,0,2,2,0,2,0,0,0,0,0
40194,ManuelMGG68,,2,0,2,2,0,2,0,0,0,0,0
40195,PEPERUBIO,,3,0,3,3,0,3,0,0,0,0,0
40204,PedroAlbOrtega,,2,0,2,2,0,2,0,0,0,0,0
40208,JLBombardino,,2,0,2,2,0,2,0,0,0,0,0
40209,jmgarmilla,,3,0,3,3,0,3,0,0,0,0,0
40210,fpleguezuelos,,2,0,2,2,0,2,0,0,0,0,0
40212,ParrillaAmador,,2,0,2,2,0,2,0,0,0,0,0
40214,cmeleror,,2,0,2,2,0,2,0,0,0,0,0
40215,Wanepsico,,2,0,2,2,0,2,0,0,0,0,6
40216,madrekamikaze,,2,0,2,2,0,2,0,0,0,0,0
40218,farfollasma,,2,0,2,2,0,2,0,0,0,0,0
40219,corrodelgado,,3,0,3,3,0,3,0,0,0,0,0
40221,RIVAS_Llanera,,2,0,2,2,0,2,0,0,0,0,0
40222,celeste171264,,3,0,3,3,0,3,0,0,0,0,0
40227,juanignaciops,,3,0,3,3,0,3,0,0,0,0,0
40228,LegaleGoAbogado,,2,0,2,2,0,2,0,0,0,0,0
40229,MariaJoseRienda,,3,0,3,3,0,3,0,0,0,0,0
40230,Emilica5,,2,0,2,2,0,2,0,0,0,0,0
40237,MarcLo72,,2,0,2,2,0,2,0,0,0,0,0
40238,MaracenaTv,,3,0,3,3,0,3,0,0,0,0,0
40239,CarmenSenzMartn,,2,0,2,2,0,2,0,0,0,0,0
40240,manuelvsantiago,,3,0,3,3,0,3,0,0,0,0,0
40242,legadoandalusi,,3,0,3,3,0,3,0,0,0,0,0
40243,SYLLVYA,,2,0,2,2,0,2,0,0,0,0,4
40245,agruspar,,2,0,2,2,0,2,0,0,0,0,0
40247,SalvadorFornell,,3,0,3,3,0,3,0,0,0,0,0
40250,tempeto,,2,0,2,2,0,2,0,0,0,0,0
40253,podemosMonachil,,3,0,3,3,0,3,0,0,0,0,0
40255,podemosgrcentro,,2,0,2,2,0,2,0,0,0,0,0
40260,jossemj,,4,0,4,4,0,4,0,0,0,0,0
40263,manelalcaide,,2,0,2,2,0,2,0,0,0,0,4
40264,GacetaMedicaCom,,3,0,3,3,0,3,0,0,0,0,0
40270,Viryi_Yi_4,,2,0,2,2,0,2,0,0,0,0,0
40275,marinruiz_rita,,3,0,3,3,0,3,0,0,0,0,0
40276,paco_rguezrios,,3,0,3,3,0,3,0,0,0,0,0
40277,elcarlosmoran,,2,0,2,2,0,2,0,0,0,0,6
40279,falome22,,2,0,2,2,0,2,0,0,0,0,0
40282,andreamomoitio,,2,0,2,2,0,2,0,0,0,0,4
40284,AytoAtarfe,,3,0,3,3,0,3,0,0,0,0,0
40287,MAngelesDelga3,,2,0,2,2,0,2,0,0,0,0,0
40289,alhamadegranada,,3,0,3,3,0,3,0,0,0,0,0
40291,d47495ad6172414,,2,0,2,2,0,2,0,0,0,0,0
40292,antoniocasas,,3,0,3,3,0,3,0,0,0,0,0
40299,javier_rufete,,3,0,3,3,0,3,0,0,0,0,0
40301,doliva2012,,2,0,2,2,0,2,0,0,0,0,0
40303,DiversidadValor,,2,0,2,2,0,2,0,0,0,0,0
40304,antonioreche78,,3,0,3,3,0,3,0,0,0,0,0
40306,Beaaalopezz,,2,0,2,2,0,2,0,0,0,0,0
40307,yolandabarrionu,,2,0,2,2,0,2,0,0,0,0,0
40310,gon8891,,3,0,3,3,0,3,0,0,0,0,6
40311,hannatheguide,,2,0,2,2,0,2,0,0,0,0,0
40318,cuentaderechos,,2,0,2,2,0,2,0,0,0,0,0
40321,gabiaciudadano,,2,0,2,2,0,2,0,0,0,0,0
40322,JcsAndalucia,,3,0,3,3,0,3,0,0,0,0,0
40323,AntonioChacon75,,3,0,3,3,0,3,0,0,0,0,0
40327,GabrielOrtegaM9,,2,0,2,2,0,2,0,0,0,0,0
40329,BomberosGranada,,3,0,3,3,0,3,0,0,0,0,0
40332,franciscopinos2,,3,0,3,3,0,3,0,0,0,0,0
40335,patalhambra,,3,0,3,3,0,3,0,0,0,0,0
40341,ANM_Churriana,,3,0,3,3,0,3,0,0,0,0,0
40343,RousGP13,,2,0,2,2,0,2,0,0,0,0,0
40346,PepeCantero8,,3,0,3,3,0,3,0,0,0,0,0
40350,dragona_77,,2,0,2,2,0,2,0,0,0,0,0
40354,mandrabe,,3,0,3,3,0,3,0,0,0,0,0
40355,lauramarmu,,2,0,2,2,0,2,0,0,0,0,0
40356,AntGueM,,3,0,3,3,0,3,0,0,0,0,0
40357,innovasigno,,2,0,2,2,0,2,0,0,0,0,6
40361,NoeliaTorresG,,2,0,2,2,0,2,0,0,0,0,0
40366,jrubioruiz,,3,0,3,3,0,3,0,0,0,0,6
40367,jqueromolina,,3,0,3,3,0,3,0,0,0,0,0
40368,Fuentesppgr,,3,0,3,3,0,3,0,0,0,0,0
40369,cheitodiaz,,2,0,2,2,0,2,0,0,0,0,6
40376,manolocasaresr,,3,0,3,3,0,3,0,0,0,0,0
40377,CristinaBaaang,,2,0,2,2,0,2,0,0,0,0,0
40378,Upta_Andalucia,,2,0,2,2,0,2,0,0,0,0,0
40379,Bomarzo,,4,0,4,4,0,4,0,0,0,0,4
40380,GPPAytoGranada,,3,0,3,3,0,3,0,0,0,0,0
40381,SusanaSarrion,,2,0,2,2,0,2,0,0,0,0,0
40383,bpfilmsfestival,,2,0,2,2,0,2,0,0,0,0,0
40384,Equo,,3,0,3,3,0,3,0,0,0,0,0
40390,XSolidaria,,2,0,2,2,0,2,0,0,0,0,0
40391,plenogr,,3,0,3,3,0,3,0,0,0,0,5
40392,SusanaVallejoH,,2,0,2,2,0,2,0,0,0,0,6
40394,CDOIA,,3,0,3,3,0,3,0,0,0,0,0
40395,FatimaRuizGonza,,3,0,3,3,0,3,0,0,0,0,0
40397,MParraGr,,2,0,2,2,0,2,0,0,0,0,0
40399,InmaculadaHR,,4,0,4,4,0,4,0,0,0,0,6
40400,AlmunecarAyto,,3,0,3,3,0,3,0,0,0,0,0
40403,rafacaracuel,,3,0,3,3,0,3,0,0,0,0,0
40404,CulturaMotril,,3,0,3,3,0,3,0,0,0,0,0
40406,AreaDepMotril,,3,0,3,3,0,3,0,0,0,0,0
40409,MotrilTurismo,,3,0,3,3,0,3,0,0,0,0,0
40438,82mgsanchez,,2,0,2,2,0,2,0,0,0,0,0
40440,AYBAR1986,,3,0,3,3,0,3,0,0,0,0,0
40441,AspasSalamanca,,2,0,2,2,0,2,0,0,0,0,4
40442,ASPASValladolid,,3,0,3,3,0,3,0,0,0,0,4
40447,almanjayarsalud,,2,0,2,2,0,2,0,0,0,0,0
40448,OYGO_ABOGADOS,,3,0,3,3,0,3,0,0,0,0,6
40450,AlbertoComitre,,3,0,3,3,0,3,0,0,0,0,0
40452,ReciBank,,3,0,3,3,0,3,0,0,0,0,0
40454,PilarRetamero,,2,0,2,2,0,2,0,0,0,0,0
40457,RafaelMendias,,2,0,2,2,0,2,0,0,0,0,0
40462,esiradavila,,2,0,2,2,0,2,0,0,0,0,0
40467,la_candelala,,2,0,2,2,0,2,0,0,0,0,0
40469,Carolina_7298,,2,0,2,2,0,2,0,0,0,0,6
40470,ambitionBCG,,3,0,3,3,0,3,0,0,0,0,0
40471,LauraSaez_14,,2,0,2,2,0,2,0,0,0,0,6
40472,AngelMontoroCs,,2,0,2,2,0,2,0,0,0,0,0
40476,MonicaArroyal,,2,0,2,2,0,2,0,0,0,0,0
40477,pablo_rs69,,2,0,2,2,0,2,0,0,0,0,0
40480,ZaraiMT,,2,0,2,2,0,2,0,0,0,0,5
40481,cristycog,,2,0,2,2,0,2,0,0,0,0,0
40482,Beii7,,3,0,3,3,0,3,0,0,0,0,0
40486,agfediaz69,,3,0,3,3,0,3,0,0,0,0,0
40491,JA_GarCar,,2,0,2,2,0,2,0,0,0,0,0
40494,KechuAramburu,,2,0,2,2,0,2,0,0,0,0,0
40500,maiteqd,,2,0,2,2,0,2,0,0,0,0,0
40517,ILoveGranada_of,,3,0,3,3,0,3,0,0,0,0,0
40520,SaboraMalaga,,4,0,4,4,0,4,0,0,0,0,3
40521,CsSotodelReal,,2,0,2,2,0,2,0,0,0,0,0
40523,diputacionMLG,,4,0,4,4,0,4,0,0,0,0,0
40531,pacodelatorrep,,3,0,3,3,0,3,0,0,0,0,0
40532,CsHumanes,,2,0,2,2,0,2,0,0,0,0,0
40534,eliasbendodo,,2,0,2,2,0,2,0,0,0,0,0
40536,PPMalaga,,2,0,2,2,0,2,0,0,0,0,0
40537,Cs_Alcobendas_,,2,0,2,2,0,2,0,0,0,0,0
40539,NNGGMalaga,,2,0,2,2,0,2,0,0,0,0,0
40542,Luis_Verde,,2,0,2,2,0,2,0,0,0,0,0
40543,CsVillalbilla,,2,0,2,2,0,2,0,0,0,0,0
40545,mariahuelin,,3,0,3,3,0,3,0,0,0,0,1
40547,RaulJimenezJ,,2,0,2,2,0,2,0,0,0,0,0
40550,pedroccastillo,,3,0,3,3,0,3,0,0,0,0,6
40551,cs_sln,,2,0,2,2,0,2,0,0,0,0,0
40553,OntiverosMarcos,,3,0,3,3,0,3,0,0,0,0,0
40556,alecarballoCs,,3,0,3,3,0,3,0,0,0,0,0
40557,CSAlcalaH,,2,0,2,2,0,2,0,0,0,0,0
40559,CsPozuelo,,2,0,2,2,0,2,0,0,0,0,0
40560,Juancassa,,3,0,3,3,0,3,0,0,0,0,0
40561,CsMajadahonda,,2,0,2,2,0,2,0,0,0,0,0
40563,_Irene_Rivera,,3,0,3,3,0,3,0,0,0,0,0
40564,CsValdemoro,,2,0,2,2,0,2,0,0,0,0,0
40566,WhCarlos,,3,0,3,3,0,3,0,0,0,0,6
40567,PedroDom62,,3,0,3,3,0,3,0,0,0,0,0
40569,CsMadridCiudad,,3,0,3,3,0,3,0,0,0,0,0
40570,pablo_alvare,,2,0,2,2,0,2,0,0,0,0,0
40572,Cs_Madrid,,3,0,3,3,0,3,0,0,0,0,0
40573,josemotriles,,3,0,3,3,0,3,0,0,0,0,0
40577,TrendyTaste,,2,0,2,2,0,2,0,0,0,0,0
40579,CsAlcasser,,2,0,2,2,0,2,0,0,0,0,0
40581,CsXativa,,2,0,2,2,0,2,0,0,0,0,0
40582,collagevintage,,3,0,3,3,0,3,0,0,0,0,6
40585,ArmarioEnRuinas,,3,0,3,3,0,3,0,0,0,0,6
40588,CsCastellon_C,,2,0,2,2,0,2,0,0,0,0,0
40592,Cs_Moncada,,2,0,2,2,0,2,0,0,0,0,0
40593,trendencias,,3,0,3,3,0,3,0,0,0,0,0
40595,CsPlasencia,,2,0,2,2,0,2,0,0,0,0,0
40597,Cs_Merida_,,2,0,2,2,0,2,0,0,0,0,0
40600,Cs_Caceres_,,2,0,2,2,0,2,0,0,0,0,0
40602,huertas73,,3,0,3,3,0,3,0,0,0,0,0
40604,HOLAFashion,,3,0,3,3,0,3,0,0,0,0,0
40605,modaparamujer,,3,0,3,3,0,3,0,0,0,0,5
40608,SilesAmparo,,2,0,2,2,0,2,0,0,0,0,0
40614,Cs_Lepe,,2,0,2,2,0,2,0,0,0,0,0
40615,mbego73,,2,0,2,2,0,2,0,0,0,0,0
40616,doloresvillar3,,2,0,2,2,0,2,0,0,0,0,0
40617,DavidDiazCs,,2,0,2,2,0,2,0,0,0,0,0
40619,secget,,2,0,2,2,0,2,0,0,0,0,0
40620,Antonio_Suarez1,,2,0,2,2,0,2,0,0,0,0,0
40621,antonio__sota,,2,0,2,2,0,2,0,0,0,0,0
40622,CsValderrubio,,3,0,3,3,0,3,0,0,0,0,0
40623,AngelNinoQ,,3,0,3,3,0,3,0,0,0,0,0
40624,ruthmartosv,,2,0,2,2,0,2,0,0,0,0,0
40625,Cs_SanFernando,,2,0,2,2,0,2,0,0,0,0,0
40626,CsMotril,,3,0,3,3,0,3,0,0,0,0,0
40627,jaimecuadrosf,,2,0,2,2,0,2,0,0,0,0,0
40628,cabreroga,,3,0,3,3,0,3,0,0,0,0,0
40629,LolaSanchez_81,,3,0,3,3,0,3,0,0,0,0,0
40630,jcgarciagamero,,2,0,2,2,0,2,0,0,0,0,0
40631,mrj4591,,2,0,2,2,0,2,0,0,0,0,0
40632,FEDAPAS,,2,0,2,2,0,2,0,0,0,0,4
40636,EA_Espana,,3,0,3,3,0,3,0,0,0,0,2
40638,Ubisoft_Spain,,3,0,3,3,0,3,0,0,0,0,6
40639,Xbox_Spain,,3,0,3,3,0,3,0,0,0,0,2
40648,EROSKI,,2,0,2,2,0,2,0,0,0,0,0
40649,ClinicaAdessid,,2,0,2,2,0,2,0,0,0,0,0
40651,frigo_helados,,3,0,3,3,0,3,0,0,0,0,5
40653,HeladosNestle,,3,0,3,3,0,3,0,0,0,0,6
40656,danone_es,,3,0,3,3,0,3,0,0,0,0,0
40659,Nestle_es,,3,0,3,3,0,3,0,0,0,0,4
40662,LecheAsturiana,,3,0,3,3,0,3,0,0,0,0,6
40665,Campofrio_es,,3,0,3,3,0,3,0,0,0,0,6
40668,Pascual,,3,0,3,3,0,3,0,0,0,0,4
40670,LechePascual_es,,2,0,2,2,0,2,0,0,0,0,0
40674,Bezoya,,2,0,2,2,0,2,0,0,0,0,2
40675,ivanlopezariza,,4,0,4,4,0,4,0,0,0,0,6
40677,UE_ANDALUCIA,,3,0,3,3,0,3,0,0,0,0,0
40679,LaTertuliaMad,,2,0,2,2,0,2,0,0,0,0,0
40682,EmpleoGranada_,,3,0,3,3,0,3,0,0,0,0,0
40683,TrabajoGranada_,,2,0,2,2,0,2,0,0,0,0,0
40685,Lolamont,,2,0,2,2,0,2,0,0,0,0,0
40687,escaned,,2,0,2,2,0,2,0,0,0,0,0
40689,InsoleraH,,2,0,2,2,0,2,0,0,0,0,1
40690,AlquiautoRent,,3,0,3,3,0,3,0,0,0,0,0
40691,vamosdecrucero,,3,0,3,3,0,3,0,0,0,0,0
40692,cruceros_viajes,,2,0,2,2,0,2,0,0,0,0,0
40693,LaExpositiva,,3,0,3,3,0,3,0,0,0,0,0
40694,Crucerista,,2,0,2,2,0,2,0,0,0,0,0
40695,Todo_Cruceros,,2,0,2,2,0,2,0,0,0,0,0
40697,CruisesNewsMG,,3,0,3,3,0,3,0,0,0,0,0
40698,crucero10,,2,0,2,2,0,2,0,0,0,0,0
40700,goldiumcruceros,,2,0,2,2,0,2,0,0,0,0,0
40702,CruceNavegamos,,3,0,3,3,0,3,0,0,0,0,0
40703,infocruceros,,3,0,3,3,0,3,0,0,0,0,0
40704,webdehogar,,3,0,3,3,0,3,0,0,0,0,4
40705,kioskocasino,,3,0,3,3,0,3,0,0,0,0,0
40706,mundodecruceros,,3,0,3,3,0,3,0,0,0,0,0
40707,CelebrityEsp,,3,0,3,3,0,3,0,0,0,0,0
40708,NCL_es,,3,0,3,3,0,3,0,0,0,0,0
40709,RoyalES,,3,0,3,3,0,3,0,0,0,0,0
40710,MSCCrucerosESP,,3,0,3,3,0,3,0,0,0,0,0
40711,costacruceros,,4,0,4,4,0,4,0,0,0,0,0
40712,Granavision,,3,0,3,3,0,3,0,0,0,0,0
40718,AndaluciaalDia,,2,0,2,2,0,2,0,0,0,0,0
40719,Mandi236N,,2,0,2,2,0,2,0,0,0,0,0
40721,Privalia_es,,3,0,3,3,0,3,0,0,0,0,6
40728,raquelgamar15,,3,0,3,3,0,3,0,0,0,0,0
40732,RAInformacion,,2,0,2,2,0,2,0,0,0,0,0
40733,ValerieTasso,,3,0,3,3,0,3,0,0,0,0,0
40734,diariosevilla,,3,0,3,3,0,3,0,0,0,0,0
40735,UVI24ES,,3,0,3,3,0,3,0,0,0,0,0
40736,elpaisandalucia,,3,0,3,3,0,3,0,0,0,0,5
40740,agupalomar,,2,0,2,2,0,2,0,0,0,0,0
40746,MaiteMolinaN,,3,0,3,3,0,3,0,0,0,0,0
40747,manuelmoralesiu,,3,0,3,3,0,3,0,0,0,0,0
40757,psoedeandalucia,,3,0,3,3,0,3,0,0,0,0,0
40759,AsambleaCoslada,,2,0,2,2,0,2,0,0,0,0,6
40763,CsPontevedra,,2,0,2,2,0,2,0,0,0,0,0
40764,MariaReyEC,,2,0,2,2,0,2,0,0,0,0,0
40765,Ivan_Garcia_S,,2,0,2,2,0,2,0,0,0,0,0
40766,josemhuertas,,2,0,2,2,0,2,0,0,0,0,6
40767,madridfree,,3,0,3,3,0,3,0,0,0,0,0
40768,Madridyyoblog,,3,0,3,3,0,3,0,0,0,0,4
40769,DontStopMadrid,,4,0,4,4,0,4,0,0,0,0,4
40770,fitur_madrid,,4,0,4,4,0,4,0,0,0,0,0
40779,dry_granada,,3,0,3,3,0,3,0,0,0,0,0
40780,acampadaMLG,,2,0,2,2,0,2,0,0,0,0,0
40781,acdonaire,,3,0,3,3,0,3,0,0,0,0,0
40782,BiblioZaidin,,4,0,4,4,0,4,0,0,0,0,0
40783,antoniovalero_,,2,0,2,2,0,2,0,0,0,0,0
40784,ignacioaguado,,3,0,3,3,0,3,0,0,0,0,0
40785,oreja_voladora,,2,0,2,2,0,2,0,0,0,0,6
40787,marbandefrutos,,3,0,3,3,0,3,0,0,0,0,0
40791,cecimerello,,2,0,2,2,0,2,0,0,0,0,0
40793,lajosedesevilla,,2,0,2,2,0,2,0,0,0,0,0
40799,ANTONIO39R,,2,0,2,2,0,2,0,0,0,0,0
40801,Mariola42,,2,0,2,2,0,2,0,0,0,0,0
40803,jmespejosaav,,3,0,3,3,0,3,0,0,0,0,0
40804,AlvaroViani,,3,0,3,3,0,3,0,0,0,0,0
40805,carrizosacarlos,,3,0,3,3,0,3,0,0,0,0,0
40806,AntSoubrieCs,,2,0,2,2,0,2,0,0,0,0,0
40808,CiudadanoVille,,3,0,3,3,0,3,0,0,0,0,0
40809,veroprial,,2,0,2,2,0,2,0,0,0,0,0
40811,malonsocs,,3,0,3,3,0,3,0,0,0,0,0
40812,fllordachs,,2,0,2,2,0,2,0,0,0,0,0
40813,FranHervias,,3,0,3,3,0,3,0,0,0,0,0
40815,Cs_Andalucia,,3,0,3,3,0,3,0,0,0,0,0
40817,NormanMunyoz,,2,0,2,2,0,2,0,0,0,0,0
40818,manyez,,2,0,2,2,0,2,0,0,0,0,0
40819,LolaCarazo,,3,0,3,3,0,3,0,0,0,0,0
40821,mrsrosaperez,,2,0,2,2,0,2,0,0,0,0,0
40822,MonicaAnayaR,,2,0,2,2,0,2,0,0,0,0,0
40824,torrescpaz,,2,0,2,2,0,2,0,0,0,0,0
40825,paco_vergara,,2,0,2,2,0,2,0,0,0,0,0
40826,AntonioJ_Ramos,,2,0,2,2,0,2,0,0,0,0,0
40827,_FJavierGJ_,,3,0,3,3,0,3,0,0,0,0,0
40828,SerafinCuidando,,3,0,3,3,0,3,0,0,0,0,6
40829,andonicarrion,,2,0,2,2,0,2,0,0,0,0,0
40831,enfermera2pto0,,3,0,3,3,0,3,0,0,0,0,0
40832,metroscopia,,2,0,2,2,0,2,0,0,0,0,0
40845,WFDYS,,2,0,2,2,0,2,0,0,0,0,0
40847,EUDYouth,,3,0,3,3,0,3,0,0,0,0,3
40865,DownMadrid,,2,0,2,2,0,2,0,0,0,0,4
40876,EnriqueMariaRR,,2,0,2,2,0,2,0,0,0,0,6
40877,EstrellaLaRubia,,3,0,3,3,0,3,0,0,0,0,6
40878,Ebarchino,,2,0,2,2,0,2,0,0,0,0,0
40880,AlvaroPimentelS,,3,0,3,3,0,3,0,0,0,0,0
40881,carmen4366,,2,0,2,2,0,2,0,0,0,0,0
40882,casalsjm,,2,0,2,2,0,2,0,0,0,0,0
40883,Belen_Talavera_,,3,0,3,3,0,3,0,0,0,0,0
40884,MarSanchezCs,,3,0,3,3,0,3,0,0,0,0,0
40886,fradeque,,3,0,3,3,0,3,0,0,0,0,0
40891,Jun,,3,0,3,3,0,3,0,0,0,0,0
40892,CsCongreso,,3,0,3,3,0,3,0,0,0,0,0
40893,MareaNaranjaGr,,3,0,3,3,0,3,0,0,0,0,0
40894,PicualGranada,,3,0,3,3,0,3,0,0,0,0,6
40916,GerardoArmilla,,3,0,3,3,0,3,0,0,0,0,0
40917,fatimagabad,,3,0,3,3,0,3,0,0,0,0,0
40918,gsdgranada1,,4,0,4,4,0,4,0,0,0,0,0
40919,FESORMANCHA,,2,0,2,2,0,2,0,0,0,0,0
40922,ColinAllenAM,,2,0,2,2,0,2,0,0,0,0,1
40923,MarkkuJokinen,,2,0,2,2,0,2,0,0,0,0,0
40926,ACSordasSevilla,,2,0,2,2,0,2,0,0,0,0,0
40927,manolopezzi,,5,0,5,5,0,5,0,0,0,0,0
40928,DifuSord,,2,0,2,2,0,2,0,0,0,0,0
40929,alfonsoalonso_a,,3,0,3,3,0,3,0,0,0,0,6
40930,Albert_Rivera,,4,0,4,4,0,4,0,0,0,0,0
40931,cayo_lara,,3,0,3,3,0,3,0,0,0,0,2
40933,_Rubalcaba_,,3,0,3,3,0,3,0,0,0,0,2
40934,sorayasds,,3,0,3,3,0,3,0,0,0,0,0
40935,EsperanzAguirre,,3,0,3,3,0,3,0,0,0,0,0
40936,Tonicanto1,,3,0,3,3,0,3,0,0,0,0,0
40937,Jiwert,,3,0,3,3,0,3,0,0,0,0,0
40943,ISAabroad,,3,0,3,3,0,3,0,0,0,0,1
40947,StudyingAbroad,,3,0,3,3,0,3,0,0,0,0,2
40948,aifsabroad,,3,0,3,3,0,3,0,0,0,0,1
40953,MuseeOrsay,,3,0,3,3,0,3,0,0,0,0,1
40954,MsJamieClayton,,2,0,2,2,0,2,0,0,0,0,2
40955,Tuppence,,2,0,2,2,0,2,0,0,0,0,2
40958,sense8,,3,0,3,3,0,3,0,0,0,0,7
40961,Claireee_23,,2,0,2,2,0,2,0,0,0,0,1
40963,GrainedEurope,,3,0,3,3,0,3,0,0,0,0,1
40988,PSG_inside,,3,0,3,3,0,3,0,0,0,0,2
40998,museeenherbe,,2,0,2,2,0,2,0,0,0,0,1
40999,ISICFrance,,2,0,2,2,0,2,0,0,0,0,1
41000,CLICfrance,,2,0,2,2,0,2,0,0,0,0,1
41001,RockCorpsFrance,,2,0,2,2,0,2,0,0,0,0,1
41002,Pariscope_,,2,0,2,2,0,2,0,0,0,0,1
41003,ChooseParisReg,,3,0,3,3,0,3,0,0,0,0,1
41004,meltyCampus,,2,0,2,2,0,2,0,0,0,0,1
41005,ESCP_bs,,4,0,4,4,0,4,0,0,0,0,2
41006,Ecociliens,,2,0,2,2,0,2,0,0,0,0,1
41007,VMC_voyages,,3,0,3,3,0,3,0,0,0,0,1
41008,escp_europe,,2,0,2,2,0,2,0,0,0,0,1
41009,yschools_edu,,3,0,3,3,0,3,0,0,0,0,1
41010,BurgundySB,,3,0,3,3,0,3,0,0,0,0,1
41011,IDRAC_BS,,2,0,2,2,0,2,0,0,0,0,1
41012,PreteMoiParis,,2,0,2,2,0,2,0,0,0,0,1
41013,ZoomOnParis,,2,0,2,2,0,2,0,0,0,0,1
41014,TelecomSudParis,,3,0,3,3,0,3,0,0,0,0,1
41015,TelecomParis_,,3,0,3,3,0,3,0,0,0,0,1
41016,ENSTAParis,,2,0,2,2,0,2,0,0,0,0,1
41017,Polytechnique,,3,0,3,3,0,3,0,0,0,0,1
41018,AgroParisTech,,3,0,3,3,0,3,0,0,0,0,1
41019,iloveparisblog,,2,0,2,2,0,2,0,0,0,0,1
41020,ESPCI_Paris,,3,0,3,3,0,3,0,0,0,0,1
41021,EcoledesPonts,,3,0,3,3,0,3,0,0,0,0,1
41022,ChimieParisTech,,2,0,2,2,0,2,0,0,0,0,1
41023,ArtsetMetiers_,,3,0,3,3,0,3,0,0,0,0,1
41024,ParisUpdatecom,,2,0,2,2,0,2,0,0,0,0,1
41025,ESSCA_Ecole,,2,0,2,2,0,2,0,0,0,0,1
41026,DisMoiParis,,2,0,2,2,0,2,0,0,0,0,1
41027,CoolStuffParis,,2,0,2,2,0,2,0,0,0,0,1
41028,ParisRueMeconnu,,2,0,2,2,0,2,0,0,0,0,1
41029,Madabout_Paris,,2,0,2,2,0,2,0,0,0,0,1
41030,radiogermaine,,2,0,2,2,0,2,0,0,0,0,1
41031,Sab_in_Paris,,2,0,2,2,0,2,0,0,0,0,1
41032,Bonjour_Paris,,3,0,3,3,0,3,0,0,0,0,1
41033,parisbymouth,,2,0,2,2,0,2,0,0,0,0,1
41034,Paris_on_Demand,,2,0,2,2,0,2,0,0,0,0,1
41035,G2Paris_France,,2,0,2,2,0,2,0,0,0,0,1
41036,Poly_Insights,,2,0,2,2,0,2,0,0,0,0,1
41037,DesenviesaParis,,2,0,2,2,0,2,0,0,0,0,1
41038,CrousParis,,2,0,2,2,0,2,0,0,0,0,1
41039,etudinfo,,2,0,2,2,0,2,0,0,0,0,1
41040,Carnets2,,2,0,2,2,0,2,0,0,0,0,1
41041,vingtparis,,2,0,2,2,0,2,0,0,0,0,1
41042,EdhecInside,,2,0,2,2,0,2,0,0,0,0,1
41043,BDEPolyteXtase,,2,0,2,2,0,2,0,0,0,0,1
41044,bdeEpitechParis,,2,0,2,2,0,2,0,0,0,0,1
41045,BDE_ESIEA_PARIS,,2,0,2,2,0,2,0,0,0,0,1
41046,bdestapsp5,,2,0,2,2,0,2,0,0,0,0,1
41047,BdeECVparis,,2,0,2,2,0,2,0,0,0,0,1
41048,FameusINSEEC,,2,0,2,2,0,2,0,0,0,0,1
41049,Cubs_Go_Wild,,2,0,2,2,0,2,0,0,0,0,1
41050,Bdeparis8,,2,0,2,2,0,2,0,0,0,0,1
41051,BDEComIn,,2,0,2,2,0,2,0,0,0,0,1
41052,CY__Tech,,2,0,2,2,0,2,0,0,0,0,1
41053,ESI_erasmus,,3,0,3,3,0,3,0,0,0,0,1
41054,bde_iesa_ac,,2,0,2,2,0,2,0,0,0,0,1
41055,AGENCE3E,,2,0,2,2,0,2,0,0,0,0,1
41056,claudiapltrad,,2,0,2,2,0,2,0,0,0,0,1
41057,ParisPerfect,,2,0,2,2,0,2,0,0,0,0,1
41058,ANight_in_Paris,,2,0,2,2,0,2,0,0,0,0,1
41059,ParisSecrets,,2,0,2,2,0,2,0,0,0,0,1
41060,ContextParis,,2,0,2,2,0,2,0,0,0,0,1
41061,amerlibparis,,2,0,2,2,0,2,0,0,0,0,1
41062,ENS_ParisSaclay,,3,0,3,3,0,3,0,0,0,0,1
41063,IfmParis,,2,0,2,2,0,2,0,0,0,0,1
41064,MessageParis,,2,0,2,2,0,2,0,0,0,0,1
41065,americainefrenc,,2,0,2,2,0,2,0,0,0,0,1
41066,SoFrenchy_net,,2,0,2,2,0,2,0,0,0,0,1
41067,AI_ParisFR,,2,0,2,2,0,2,0,0,0,0,1
41068,esilyon,,2,0,2,2,0,2,0,0,0,0,1
41069,BdeEmse,,2,0,2,2,0,2,0,0,0,0,1
41070,ErasmusMundusBR,,3,0,3,3,0,3,0,0,0,0,7
41071,BangorUni,,3,0,3,3,0,3,0,0,0,0,1
41072,LancasterUni,,3,0,3,3,0,3,0,0,0,0,1
41073,uniofbrighton,,3,0,3,3,0,3,0,0,0,0,1
41074,iaelyon,,3,0,3,3,0,3,0,0,0,0,1
41075,UlsterUni,,3,0,3,3,0,3,0,0,0,0,1
41076,edgehill,,3,0,3,3,0,3,0,0,0,0,1
41077,ParisTechForum,,2,0,2,2,0,2,0,0,0,0,1
41078,AbertayUni,,3,0,3,3,0,3,0,0,0,0,1
41079,DerbyUni,,3,0,3,3,0,3,0,0,0,0,1
41080,EdinburghNapier,,2,0,2,2,0,2,0,0,0,0,1
41081,UniOfBuckingham,,3,0,3,3,0,3,0,0,0,0,1
41082,Bordeaux,,3,0,3,3,0,3,0,0,0,0,1
41083,StirUni,,3,0,3,3,0,3,0,0,0,0,1
41084,uochester,,3,0,3,3,0,3,0,0,0,0,1
41085,QMUniversity,,3,0,3,3,0,3,0,0,0,0,1
41086,RoehamptonUni,,3,0,3,3,0,3,0,0,0,0,1
41087,YorkStJohn,,3,0,3,3,0,3,0,0,0,0,1
41088,univ_lille2,,3,0,3,3,0,3,0,0,0,0,1
41089,ManMetUni,,3,0,3,3,0,3,0,0,0,0,1
41090,uniofglos,,3,0,3,3,0,3,0,0,0,0,4
41091,HuddersfieldUni,,3,0,3,3,0,3,0,0,0,0,1
41092,RobertGordonUni,,2,0,2,2,0,2,0,0,0,0,1
41093,UniOfHull,,4,0,4,4,0,4,0,0,0,0,4
41094,UGES_BDE_Assas,,2,0,2,2,0,2,0,0,0,0,1
41095,bdenovancia,,2,0,2,2,0,2,0,0,0,0,1
41096,ifaparis,,2,0,2,2,0,2,0,0,0,0,1
41097,scocaen,,2,0,2,2,0,2,0,0,0,0,1
41098,Erasmus_Club,,3,0,3,3,0,3,0,0,0,0,0
41099,ENSRennes,,3,0,3,3,0,3,0,0,0,0,1
41100,SophieElliottxo,,2,0,2,2,0,2,0,0,0,0,1
41101,ExpatsinParis,,2,0,2,2,0,2,0,0,0,0,1
41102,We_Love_France,,2,0,2,2,0,2,0,0,0,0,1
41103,safari_paris,,2,0,2,2,0,2,0,0,0,0,1
41104,Studealfr,,2,0,2,2,0,2,0,0,0,0,1
41105,LaFrench_Touch,,2,0,2,2,0,2,0,0,0,0,1
41106,CultureTrip,,3,0,3,3,0,3,0,0,0,0,1
41107,parisvisites,,2,0,2,2,0,2,0,0,0,0,1
41108,LeFoodTrip,,2,0,2,2,0,2,0,0,0,0,1
41109,cafepedagogique,,3,0,3,3,0,3,0,0,0,0,1
41110,ParisSaclay,,3,0,3,3,0,3,0,0,0,0,1
41111,UnivAngers,,3,0,3,3,0,3,0,0,0,0,1
41112,Univ_Lille1,,4,0,4,4,0,4,0,0,0,0,1
41113,maison_europe,,3,0,3,3,0,3,0,0,0,0,1
41114,CFChili,,3,0,3,3,0,3,0,0,0,0,1
41115,Figaro_Etudiant,,3,0,3,3,0,3,0,0,0,0,1
41116,lesinrocks,,3,0,3,3,0,3,0,0,0,0,1
41117,univbordeaux,,3,0,3,3,0,3,0,0,0,0,1
41118,HECParis,,3,0,3,3,0,3,0,0,0,0,2
41119,FFBDE_online,,2,0,2,2,0,2,0,0,0,0,1
41120,campuscom,,3,0,3,3,0,3,0,0,0,0,1
41121,AureliePangkor,,3,0,3,3,0,3,0,0,0,0,2
41122,LeParisien_75,,2,0,2,2,0,2,0,0,0,0,1
41123,digiSchool_fr,,3,0,3,3,0,3,0,0,0,0,1
41124,courrierinter,,3,0,3,3,0,3,0,0,0,0,1
41125,UnivAvignon,,4,0,4,4,0,4,0,0,0,0,1
41126,UBO_UnivBrest,,3,0,3,3,0,3,0,0,0,0,1
41127,laRadioNova,,2,0,2,2,0,2,0,0,0,0,1
41128,EchosStart,,2,0,2,2,0,2,0,0,0,0,1
41129,leCMN,,2,0,2,2,0,2,0,0,0,0,1
41130,USN_Recherche,,2,0,2,2,0,2,0,0,0,0,1
41131,UnivCathoParis,,3,0,3,3,0,3,0,0,0,0,1
41132,capcampus,,3,0,3,3,0,3,0,0,0,0,1
41133,P_etudiant,,3,0,3,3,0,3,0,0,0,0,1
41134,Onisep,,3,0,3,3,0,3,0,0,0,0,1
41135,MinistereCC,,5,0,5,5,0,5,0,0,0,0,1
41140,IngenieursECE,,2,0,2,2,0,2,0,0,0,0,1
41141,EuropeStreet,,2,0,2,2,0,2,0,0,0,0,2
41142,D_Rutkowska,,3,0,3,3,0,3,0,0,0,0,1
41144,sarahholveck,,4,0,4,4,0,4,0,0,0,0,1
41147,TeleramaSortir,,2,0,2,2,0,2,0,0,0,0,1
41148,sortirapariscom,,2,0,2,2,0,2,0,0,0,0,1
41149,parisiensortie,,2,0,2,2,0,2,0,0,0,0,7
41150,ParisBouge,,3,0,3,3,0,3,0,0,0,0,1
41151,Doitinparis,,2,0,2,2,0,2,0,0,0,0,1
41152,Le_Bonbon_Nuit,,2,0,2,2,0,2,0,0,0,0,1
41153,_LeBonbon,,3,0,3,3,0,3,0,0,0,0,1
41154,My_Little_Paris,,2,0,2,2,0,2,0,0,0,0,1
41155,timeoutparis,,2,0,2,2,0,2,0,0,0,0,1
41156,anousparis,,3,0,3,3,0,3,0,0,0,0,1
41157,Paris_rues,,2,0,2,2,0,2,0,0,0,0,1
41158,vivreparis,,3,0,3,3,0,3,0,0,0,0,3
41159,ParisJeTaime,,3,0,3,3,0,3,0,0,0,0,1
41160,ParisZigZag,,2,0,2,2,0,2,0,0,0,0,1
41161,REFEDD,,3,0,3,3,0,3,0,0,0,0,1
41168,VisitParisIdf,,2,0,2,2,0,2,0,0,0,0,1
41169,Paris2024,,3,0,3,3,0,3,0,0,0,0,1
41175,lyonerasmus,,3,0,3,3,0,3,0,0,0,0,8
41177,JL_Prigent,,3,0,3,3,0,3,0,0,0,0,1
41178,leducentete,,3,0,3,3,0,3,0,0,0,0,1
41182,ParisEstSup,,2,0,2,2,0,2,0,0,0,0,1
41183,AssasParis2,,3,0,3,3,0,3,0,0,0,0,1
41184,sciencespo,,3,0,3,3,0,3,0,0,0,0,1
41185,Paris_Dauphine,,3,0,3,3,0,3,0,0,0,0,1
41186,Sorbonne_Nvelle,,2,0,2,2,0,2,0,0,0,0,4
41187,TeleSorbonne,,2,0,2,2,0,2,0,0,0,0,1
41190,JEP,,2,0,2,2,0,2,0,0,0,0,1
41191,museecluny,,2,0,2,2,0,2,0,0,0,0,1
41198,CentrePompidou,,3,0,3,3,0,3,0,0,0,0,1
41199,citedessciences,,3,0,3,3,0,3,0,0,0,0,1
41200,PetitPalais_,,2,0,2,2,0,2,0,0,0,0,1
41201,CVersailles,,3,0,3,3,0,3,0,0,0,0,1
41204,domainechambord,,2,0,2,2,0,2,0,0,0,0,1
41207,aujourd8paris,,3,0,3,3,0,3,0,0,0,0,1
41212,parismus_bde,,2,0,2,2,0,2,0,0,0,0,1
41216,MuseeLouvre,,4,0,4,4,0,4,0,0,0,0,1
41217,OIFrancophonie,,3,0,3,3,0,3,0,0,0,0,6
41219,EiCaen,,2,0,2,2,0,2,0,0,0,0,1
41220,CampusFranceMex,,3,0,3,3,0,3,0,0,0,0,1
41222,Eur0pe2point0,,3,0,3,3,0,3,0,0,0,0,8
41233,DJMissTara,,2,0,2,2,0,2,0,0,0,0,6
41234,michaelpinatton,,2,0,2,2,0,2,0,0,0,0,1
41249,univ_spn,,2,0,2,2,0,2,0,0,0,0,4
41251,ISCParisSchool,,3,0,3,3,0,3,0,0,0,0,1
41252,LettresSorbonne,,3,0,3,3,0,3,0,0,0,0,1
41259,Mediapart,,3,0,3,3,0,3,0,0,0,0,1
41261,360Learning,,2,0,2,2,0,2,0,0,0,0,1
41263,MaVilleLumiere,,2,0,2,2,0,2,0,0,0,0,1
41264,parisdsmonoeil,,2,0,2,2,0,2,0,0,0,0,1
41266,UMontreal,,3,0,3,3,0,3,0,0,0,0,1
41268,ISAP1sorbonne,,2,0,2,2,0,2,0,0,0,0,1
41270,UPECactus,,3,0,3,3,0,3,0,0,0,0,1
41271,campusparis,,3,0,3,3,0,3,0,0,0,0,1
41272,letudiant,,3,0,3,3,0,3,0,0,0,0,1
41273,upemlv,,3,0,3,3,0,3,0,0,0,0,1
41274,radiocampus,,4,0,4,4,0,4,0,0,0,0,1
41276,iledefrance,,2,0,2,2,0,2,0,0,0,0,1
41277,FabienCazenave,,5,0,5,5,0,5,0,0,0,0,1
41278,etudiantdeparis,,2,0,2,2,0,2,0,0,0,0,1
41279,Le_CIDJ,,4,0,4,4,0,4,0,0,0,0,1
41280,maelleflot,,2,0,2,2,0,2,0,0,0,0,1
41281,Eduscol,,2,0,2,2,0,2,0,0,0,0,1
41282,ScienceSorbonne,,3,0,3,3,0,3,0,0,0,0,1
41283,ciup_fr,,2,0,2,2,0,2,0,0,0,0,1
41286,acversailles,,2,0,2,2,0,2,0,0,0,0,1
41288,LesEchos,,3,0,3,3,0,3,0,0,0,0,1
41289,Rue89,,3,0,3,3,0,3,0,0,0,0,1
41290,mieparis,,2,0,2,2,0,2,0,0,0,0,1
41293,up13com,,2,0,2,2,0,2,0,0,0,0,3
41294,Academie_Paris,,2,0,2,2,0,2,0,0,0,0,1
41296,MKBHD,,2,0,2,2,0,2,0,0,0,0,3
41301,ignaciogarcia09,,3,0,3,3,0,3,0,0,0,0,4
41302,alvarosagi,,2,0,2,2,0,2,0,0,0,0,4
41308,fgcoca,,3,0,3,3,0,3,0,0,0,0,4
41309,jrv_electro,,2,0,2,2,0,2,0,0,0,0,4
41310,esa_es,,3,0,3,3,0,3,0,0,0,0,4
41312,albalorenzo23,,2,0,2,2,0,2,0,0,0,0,4
41313,RaulGallego9,,2,0,2,2,0,2,0,0,0,0,4
41315,RodrigoSeptien,,2,0,2,2,0,2,0,0,0,0,4
41318,PatriTezanos,,2,0,2,2,0,2,0,0,0,0,5
41320,Terceranexus6,,3,0,3,3,0,3,0,0,0,0,4
41326,Mailchimp,,3,0,3,3,0,3,0,0,0,0,1
41327,cientefico,,2,0,2,2,0,2,0,0,0,0,4
41328,MPilarLopezVaro,,2,0,2,2,0,2,0,0,0,0,4
41329,Todaunaamalgama,,2,0,2,2,0,2,0,0,0,0,4
41331,pablortecar,,2,0,2,2,0,2,0,0,0,0,4
41334,JoseFPretel,,2,0,2,2,0,2,0,0,0,0,4
41335,campuspartyeu,,2,0,2,2,0,2,0,0,0,0,1
41337,mnu_ac,,3,0,3,3,0,3,0,0,0,0,4
41338,campusparty,,3,0,3,3,0,3,0,0,0,0,4
41339,psicobyte_,,3,0,3,3,0,3,0,0,0,0,4
41346,IEEEsbUAH,,2,0,2,2,0,2,0,0,0,0,4
41347,IEEEorg,,2,0,2,2,0,2,0,0,0,0,4
41350,IEEEsbUMA,,2,0,2,2,0,2,0,0,0,0,4
41352,IEEEsbUPV,,3,0,3,3,0,3,0,0,0,0,4
41354,IEEESpectrum,,2,0,2,2,0,2,0,0,0,0,2
41355,IEEESBUMH,,2,0,2,2,0,2,0,0,0,0,4
41360,arduino,,2,0,2,2,0,2,0,0,0,0,4
41361,Raspberry_Pi,,2,0,2,2,0,2,0,0,0,0,4
41362,IEEEUPCT,,2,0,2,2,0,2,0,0,0,0,4
41364,rafael1193,,3,0,3,3,0,3,0,0,0,0,6
41366,ieeegranada,,4,0,4,4,0,4,0,0,0,0,4
41368,CoordeGRANADA,,3,0,3,3,0,3,0,0,0,0,4
41371,WebSummit,,4,0,4,4,0,4,0,0,0,0,1
41373,CAGranadaJoven,,3,0,3,3,0,3,0,0,0,0,4
41375,NestleCocina,,2,0,2,2,0,2,0,0,0,0,4
41377,MariuSolana,,2,0,2,2,0,2,0,0,0,0,4
41378,Kata_3_,,2,0,2,2,0,2,0,0,0,0,4
41380,Createc3D,,3,0,3,3,0,3,0,0,0,0,4
41381,FrnRuiz,,3,0,3,3,0,3,0,0,0,0,4
41384,SensaCine,,3,0,3,3,0,3,0,0,0,0,4
41387,GifsCiencia,,2,0,2,2,0,2,0,0,0,0,4
41388,ResumePelis,,2,0,2,2,0,2,0,0,0,0,4
41390,MovemberES,,3,0,3,3,0,3,0,0,0,0,2
41394,NaNoWriMo,,2,0,2,2,0,2,0,0,0,0,4
41395,AquamarinaGR,,2,0,2,2,0,2,0,0,0,0,0
41396,getphonebloks,,2,0,2,2,0,2,0,0,0,0,4
41397,DeporFarmaUGR,,2,0,2,2,0,2,0,0,0,0,4
41401,RugbyFemUni,,4,0,4,4,0,4,0,0,0,0,2
41411,otiopepe,,2,0,2,2,0,2,0,0,0,0,2
41416,noeliabboficial,,2,0,2,2,0,2,0,0,0,0,2
41417,SorayaLuloah,,2,0,2,2,0,2,0,0,0,0,2
41418,reffoioscunha,,2,0,2,2,0,2,0,0,0,0,2
41421,anacathfranca,,2,0,2,2,0,2,0,0,0,0,2
41422,GuerreiroBB2020,,2,0,2,2,0,2,0,0,0,0,2
41423,Luis_Borgess,,2,0,2,2,0,2,0,0,0,0,2
41425,dioguinhoblog,,2,0,2,2,0,2,0,0,0,0,2
41426,odanielgofc,,2,0,2,2,0,2,0,0,0,0,2
41427,pedrocrisp,,2,0,2,2,0,2,0,0,0,0,2
41428,thehubzine,,2,0,2,2,0,2,0,0,0,0,1
41433,ITCILO,,2,0,2,2,0,2,0,0,0,0,2
41437,TIA_Formazione,,3,0,3,3,0,3,0,0,0,0,3
41440,exame,,2,0,2,2,0,2,0,0,0,0,2
41445,BachmannDana,,2,0,2,2,0,2,0,0,0,0,1
41446,SoonfeedEU,,4,0,4,4,0,4,0,0,0,0,1
41448,AN_Erasmus,,4,0,4,4,0,4,0,0,0,0,7
41457,DecentJobsYouth,,3,0,3,3,0,3,0,0,0,0,5
41471,EDUFI_VocEd,,2,0,2,2,0,2,0,0,0,0,1
41474,TVETChat,,2,0,2,2,0,2,0,0,0,0,1
41475,apt_ka2,,2,0,2,2,0,2,0,0,0,0,1
41480,EUproVet,,2,0,2,2,0,2,0,0,0,0,1
41485,CSREuropeOrg,,3,0,3,3,0,3,0,0,0,0,1
41489,FIFAWorldCup,,3,0,3,3,0,3,0,0,0,0,6
41493,AustriaatEU,,3,0,3,3,0,3,0,0,0,0,1
41494,NCCAie,,2,0,2,2,0,2,0,0,0,0,1
41498,garcguti,,2,0,2,2,0,2,0,0,0,0,1
41501,TeachingCouncil,,3,0,3,3,0,3,0,0,0,0,1
41503,ETBIreland,,3,0,3,3,0,3,0,0,0,0,1
41505,Education_Ire,,3,0,3,3,0,3,0,0,0,0,1
41506,euyouthinaction,,4,0,4,4,0,4,0,0,0,0,1
41512,mgionline,,2,0,2,2,0,2,0,0,0,0,5
41513,respect4eu,,3,0,3,3,0,3,0,0,0,0,1
41515,tribekaetn,,2,0,2,2,0,2,0,0,0,0,1
41516,sistematurismo,,2,0,2,2,0,2,0,0,0,0,1
41519,AFSPortugal,,2,0,2,2,0,2,0,0,0,0,1
41521,E_C_Y_C,,3,0,3,3,0,3,0,0,0,0,1
41522,EUDigitalEdu,,3,0,3,3,0,3,0,0,0,0,1
41528,EuromedYC,,2,0,2,2,0,2,0,0,0,0,1
41533,WD15EP,,2,0,2,2,0,2,0,0,0,0,2
41534,EuromedCarrefou,,3,0,3,3,0,3,0,0,0,0,1
41535,SALTOeuromed,,2,0,2,2,0,2,0,0,0,0,1
41536,Euromedyouth,,3,0,3,3,0,3,0,0,0,0,1
41542,Iberia_en,,2,0,2,2,0,2,0,0,0,0,7
41552,Martinereicher1,,3,0,3,3,0,3,0,0,0,0,1
41555,EU_MOOC,,2,0,2,2,0,2,0,0,0,0,1
41572,Strategie_Gouv,,2,0,2,2,0,2,0,0,0,0,8
41575,Refernet_es,,2,0,2,2,0,2,0,0,0,0,1
41600,StayMobilEU,,2,0,2,2,0,2,0,0,0,0,1
41605,ONEinAfrica,,2,0,2,2,0,2,0,0,0,0,1
41609,EDNEXTT,,3,0,3,3,0,3,0,0,0,0,1
41611,GordonRamsay,,4,0,4,4,0,4,0,0,0,0,2
41616,EU_DataPortal,,2,0,2,2,0,2,0,0,0,0,3
41617,FLPeurodesk,,3,0,3,3,0,3,0,0,0,0,1
41618,eSkills4Jobs,,2,0,2,2,0,2,0,0,0,0,1
41619,NatBruxelles,,2,0,2,2,0,2,0,0,0,0,1
41621,JulianBKing,,3,0,3,3,0,3,0,0,0,0,1
41622,pafos_2017,,2,0,2,2,0,2,0,0,0,0,1
41626,euneoscourses,,3,0,3,3,0,3,0,0,0,0,2
41629,EuropedirectUmb,,4,0,4,4,0,4,0,0,0,0,1
41631,evtaeu,,2,0,2,2,0,2,0,0,0,0,1
41633,Platforma4Dev,,2,0,2,2,0,2,0,0,0,0,1
41634,circularesummit,,2,0,2,2,0,2,0,0,0,0,1
41635,NEF,,2,0,2,2,0,2,0,0,0,0,2
41637,Welcomeurope,,2,0,2,2,0,2,0,0,0,0,1
41638,INSME_,,2,0,2,2,0,2,0,0,0,0,1
41639,jakajima,,2,0,2,2,0,2,0,0,0,0,1
41643,NicoletaSusanu,,2,0,2,2,0,2,0,0,0,0,1
41647,bulgariaetn,,2,0,2,2,0,2,0,0,0,0,1
41648,berlinketn,,2,0,2,2,0,2,0,0,0,0,1
41649,ESPAPlacements,,2,0,2,2,0,2,0,0,0,0,7
41650,tvisionetn,,3,0,3,3,0,3,0,0,0,0,3
41651,etnsocial,,2,0,2,2,0,2,0,0,0,0,1
41654,HennaVirkkunen,,2,0,2,2,0,2,0,0,0,0,1
41655,CeipesEurope,,3,0,3,3,0,3,0,0,0,0,1
41661,DIGITALEUROPE,,2,0,2,2,0,2,0,0,0,0,1
41663,esmtberlin,,3,0,3,3,0,3,0,0,0,0,1
41664,ParagonEurope,,2,0,2,2,0,2,0,0,0,0,2
41669,onecoEU,,3,0,3,3,0,3,0,0,0,0,1
41680,Telegraph,,3,0,3,3,0,3,0,0,0,0,1
41681,NewYorker,,3,0,3,3,0,3,0,0,0,0,1
41682,TheEIU,,2,0,2,2,0,2,0,0,0,0,1
41683,ilo,,4,0,4,4,0,4,0,0,0,0,1
41685,MuseoMemoriaCL,,2,0,2,2,0,2,0,0,0,0,1
41687,FondCariplo,,2,0,2,2,0,2,0,0,0,0,1
41691,agenda4humanity,,2,0,2,2,0,2,0,0,0,0,2
41695,AtlanticCouncil,,2,0,2,2,0,2,0,0,0,0,1
41696,eni,,2,0,2,2,0,2,0,0,0,0,4
41697,UNEP_EU,,2,0,2,2,0,2,0,0,0,0,1
41701,EU_News1,,2,0,2,2,0,2,0,0,0,0,1
41714,eurocrowd,,2,0,2,2,0,2,0,0,0,0,1
41718,EFSA_EU,,2,0,2,2,0,2,0,0,0,0,1
41719,CCMI_EESC,,3,0,3,3,0,3,0,0,0,0,1
41720,EU_opendata,,4,0,4,4,0,4,0,0,0,0,1
41722,CaritasEuropa,,3,0,3,3,0,3,0,0,0,0,1
41724,mobilityweek,,3,0,3,3,0,3,0,0,0,0,1
41730,IrlEmbLisbon,,2,0,2,2,0,2,0,0,0,0,1
41731,InvestH2020,,2,0,2,2,0,2,0,0,0,0,3
41733,EuranetPlus,,5,0,5,5,0,5,0,0,0,0,1
41735,UMaGIRP,,3,0,3,3,0,3,0,0,0,0,4
41736,ToveErnst,,2,0,2,2,0,2,0,0,0,0,1
41738,TimoPesonen1,,2,0,2,2,0,2,0,0,0,0,1
41740,FogosPt,,2,0,2,2,0,2,0,0,0,0,2
41741,fartinhodisto,,2,0,2,2,0,2,0,0,0,0,7
41744,Pontifex_pt,,3,0,3,3,0,3,0,0,0,0,4
41750,Madonna,,3,0,3,3,0,3,0,0,0,0,1
41752,franceinfoplus,,2,0,2,2,0,2,0,0,0,0,8
41766,inffo_europe,,2,0,2,2,0,2,0,0,0,0,1
41767,inffo_regions,,2,0,2,2,0,2,0,0,0,0,1
41773,ENPINET,,2,0,2,2,0,2,0,0,0,0,1
41774,SkyNews,,3,0,3,3,0,3,0,0,0,0,1
41775,Studio_Europa,,3,0,3,3,0,3,0,0,0,0,3
41776,ENICBCMed,,2,0,2,2,0,2,0,0,0,0,1
41778,libropereuropa,,3,0,3,3,0,3,0,0,0,0,3
41779,saltotraining,,3,0,3,3,0,3,0,0,0,0,1
41781,Euranet_Network,,2,0,2,2,0,2,0,0,0,0,1
41782,WorldEd,,3,0,3,3,0,3,0,0,0,0,1
41783,LearnLingos,,2,0,2,2,0,2,0,0,0,0,1
41784,Interrail,,4,0,4,4,0,4,0,0,0,0,7
41786,euroguidanceFL,,2,0,2,2,0,2,0,0,0,0,1
41790,Euroalert,,3,0,3,3,0,3,0,0,0,0,1
41791,LOVEYOUTHFUTURE,,3,0,3,3,0,3,0,0,0,0,1
41792,europemobility,,2,0,2,2,0,2,0,0,0,0,1
41796,EuropeDecides,,3,0,3,3,0,3,0,0,0,0,1
41797,AgencEurope,,3,0,3,3,0,3,0,0,0,0,3
41804,OSE_be,,3,0,3,3,0,3,0,0,0,0,1
41807,BritishCouncil,,4,0,4,4,0,4,0,0,0,0,1
41808,EFILafs,,5,0,5,5,0,5,0,0,0,0,1
41811,AEMAnetwork,,2,0,2,2,0,2,0,0,0,0,1
41814,cafebabelbxl,,3,0,3,3,0,3,0,0,0,0,1
41816,ENIC_NARIC,,2,0,2,2,0,2,0,0,0,0,1
41819,ICAEGlobal,,2,0,2,2,0,2,0,0,0,0,1
41820,ToutEduc,,2,0,2,2,0,2,0,0,0,0,1
41821,IBE_UNESCO,,2,0,2,2,0,2,0,0,0,0,1
41824,SchoolsImprove,,3,0,3,3,0,3,0,0,0,0,1
41825,UNDESA,,2,0,2,2,0,2,0,0,0,0,3
41827,educommission,,2,0,2,2,0,2,0,0,0,0,1
41829,RYEurope,,3,0,3,3,0,3,0,0,0,0,1
41832,DavidCasaMEP,,3,0,3,3,0,3,0,0,0,0,1
41833,ComodiniCachia,,4,0,4,4,0,4,0,0,0,0,1
41834,InternsGoPro,,4,0,4,4,0,4,0,0,0,0,1
41835,gapseducation,,2,0,2,2,0,2,0,0,0,0,1
41836,Ediola_81,,2,0,2,2,0,2,0,0,0,0,1
41840,markogrdosic,,3,0,3,3,0,3,0,0,0,0,1
41843,SkillsPanorama,,3,0,3,3,0,3,0,0,0,0,1
41845,MJRodriguesEU,,2,0,2,2,0,2,0,0,0,0,1
41847,MigObs,,2,0,2,2,0,2,0,0,0,0,1
41851,IJLEd,,2,0,2,2,0,2,0,0,0,0,1
41852,UNESCOEU,,2,0,2,2,0,2,0,0,0,0,1
41853,unescoNOW,,2,0,2,2,0,2,0,0,0,0,1
41856,evbb_eu,,2,0,2,2,0,2,0,0,0,0,1
41857,insidehighered,,3,0,3,3,0,3,0,0,0,0,1
41858,wemoveEU,,2,0,2,2,0,2,0,0,0,0,1
41859,socialeurope,,2,0,2,2,0,2,0,0,0,0,1
41860,WEAadulted,,2,0,2,2,0,2,0,0,0,0,7
41862,Europeanaeu,,3,0,3,3,0,3,0,0,0,0,1
41863,ENIL_EU,,3,0,3,3,0,3,0,0,0,0,1
41866,CambridgeEng,,3,0,3,3,0,3,0,0,0,0,4
41867,YouthProAktiv,,2,0,2,2,0,2,0,0,0,0,1
41868,earlallEU,,2,0,2,2,0,2,0,0,0,0,1
41870,globaleducation,,3,0,3,3,0,3,0,0,0,0,2
41871,Education2030UN,,2,0,2,2,0,2,0,0,0,0,1
41872,IIEP_UNESCO,,2,0,2,2,0,2,0,0,0,0,1
41873,ALDAeurope,,3,0,3,3,0,3,0,0,0,0,1
41875,ED_Aachen,,4,0,4,4,0,4,0,0,0,0,1
41877,AHistoricasPT,,2,0,2,2,0,2,0,0,0,0,7
41879,abcviajar,,3,0,3,3,0,3,0,0,0,0,0
41885,GOwalksportugal,,2,0,2,2,0,2,0,0,0,0,7
41888,TouristForum,,2,0,2,2,0,2,0,0,0,0,1
41894,Turgalicia,,3,0,3,3,0,3,0,0,0,0,4
41895,museusportugal,,2,0,2,2,0,2,0,0,0,0,7
41902,WTM_London,,4,0,4,4,0,4,0,0,0,0,7
41903,CNNTravel,,3,0,3,3,0,3,0,0,0,0,1
41904,AP_Travel,,3,0,3,3,0,3,0,0,0,0,7
41905,Exponor,,2,0,2,2,0,2,0,0,0,0,1
41908,bookingcom,,4,0,4,4,0,4,0,0,0,0,2
41910,TopWineNews,,2,0,2,2,0,2,0,0,0,0,2
41912,foodandwine,,3,0,3,3,0,3,0,0,0,0,2
41913,FoodNetwork,,3,0,3,3,0,3,0,0,0,0,2
41914,nytfood,,2,0,2,2,0,2,0,0,0,0,2
41915,DescubreIrlanda,,3,0,3,3,0,3,0,0,0,0,4
41916,DescubraEuropa,,2,0,2,2,0,2,0,0,0,0,7
41917,ebdestinations,,3,0,3,3,0,3,0,0,0,0,7
41919,latimesfood,,2,0,2,2,0,2,0,0,0,0,2
41920,Extremadura_tur,,2,0,2,2,0,2,0,0,0,0,0
41921,alemaniaturismo,,3,0,3,3,0,3,0,0,0,0,4
41922,ZaragozaTurismo,,2,0,2,2,0,2,0,0,0,0,4
41923,aragonturismo,,2,0,2,2,0,2,0,0,0,0,6
41924,3viajes,,3,0,3,3,0,3,0,0,0,0,2
41925,CNNgo,,3,0,3,3,0,3,0,0,0,0,3
41926,Viajesandtrips,,3,0,3,3,0,3,0,0,0,0,2
41927,visitlondon,,3,0,3,3,0,3,0,0,0,0,2
41928,TimeOutLondon,,3,0,3,3,0,3,0,0,0,0,7
41931,ETOA,,3,0,3,3,0,3,0,0,0,0,1
41933,SLHLuxuryHotels,,2,0,2,2,0,2,0,0,0,0,1
41935,viajar,,3,0,3,3,0,3,0,0,0,0,4
41936,LisbonChallenge,,2,0,2,2,0,2,0,0,0,0,7
41937,TravelIndustry,,3,0,3,3,0,3,0,0,0,0,2
41939,startups_pt,,2,0,2,2,0,2,0,0,0,0,7
41940,_azoresairlines,,2,0,2,2,0,2,0,0,0,0,7
41942,MuseudoDouro,,2,0,2,2,0,2,0,0,0,0,7
41945,wines_portugal,,2,0,2,2,0,2,0,0,0,0,1
41946,TourismMarketer,,3,0,3,3,0,3,0,0,0,0,0
41947,WPTUK,,2,0,2,2,0,2,0,0,0,0,7
41948,TravelWeeklyUS,,3,0,3,3,0,3,0,0,0,0,1
41949,SmarterTravel,,4,0,4,4,0,4,0,0,0,0,7
41951,USTravel,,4,0,4,4,0,4,0,0,0,0,0
41952,TravelCoalition,,2,0,2,2,0,2,0,0,0,0,7
41953,Aptece,,2,0,2,2,0,2,0,0,0,0,7
41955,web_hostel,,2,0,2,2,0,2,0,0,0,0,7
41957,_viajar,,3,0,3,3,0,3,0,0,0,0,2
41958,MTurismo,,3,0,3,3,0,3,0,0,0,0,7
41963,TurismoHumano,,3,0,3,3,0,3,0,0,0,0,1
41964,UEuropeia,,2,0,2,2,0,2,0,0,0,0,7
41965,WeLoveLisbon,,2,0,2,2,0,2,0,0,0,0,2
41971,RedeExpressos,,2,0,2,2,0,2,0,0,0,0,1
41977,EPturismo,,3,0,3,3,0,3,0,0,0,0,2
41978,scape_es,,2,0,2,2,0,2,0,0,0,0,1
41981,RedTourLisbon,,2,0,2,2,0,2,0,0,0,0,7
41982,CTP_PT_Tourism,,2,0,2,2,0,2,0,0,0,0,7
41986,Easyviajar,,4,0,4,4,0,4,0,0,0,0,1
41991,peqempresas,,2,0,2,2,0,2,0,0,0,0,2
41992,tourism_europe,,2,0,2,2,0,2,0,0,0,0,4
41993,EmpreendeOnline,,2,0,2,2,0,2,0,0,0,0,2
41998,FabricaStartups,,2,0,2,2,0,2,0,0,0,0,7
41999,EuropeanMag,,2,0,2,2,0,2,0,0,0,0,1
42001,empreendedorco,,2,0,2,2,0,2,0,0,0,0,7
42002,EuropeCoworking,,3,0,3,3,0,3,0,0,0,0,3
42007,SEP_EU,,2,0,2,2,0,2,0,0,0,0,3
42008,SMEEurope,,2,0,2,2,0,2,0,0,0,0,1
42010,UNEVOC,,3,0,3,3,0,3,0,0,0,0,1
42019,IPAMmktnet,,2,0,2,2,0,2,0,0,0,0,1
42020,LxFoodieWalks,,2,0,2,2,0,2,0,0,0,0,7
42023,gtourismforum,,3,0,3,3,0,3,0,0,0,0,4
42027,ColegioMSiurot,,2,0,2,2,0,2,0,0,0,0,1
42028,BeatriceCovassi,,3,0,3,3,0,3,0,0,0,0,3
42037,EPALE_FI,,2,0,2,2,0,2,0,0,0,0,1
42041,EPALE_AT,,2,0,2,2,0,2,0,0,0,0,1
42043,EPALE_IT,,3,0,3,3,0,3,0,0,0,0,3
42047,EdicRMInnov,,4,0,4,4,0,4,0,0,0,0,1
42048,ED_Pisa,,4,0,4,4,0,4,0,0,0,0,1
42049,FondazioneE35,,5,0,5,5,0,5,0,0,0,0,3
42050,EuropeDirectBiz,,4,0,4,4,0,4,0,0,0,0,1
42051,LaRiojaEuropa,,4,0,4,4,0,4,0,0,0,0,1
42052,EuropeDirectPDE,,2,0,2,2,0,2,0,0,0,0,1
42054,PuntoEuropa,,2,0,2,2,0,2,0,0,0,0,1
42055,europedirectsb,,4,0,4,4,0,4,0,0,0,0,1
42056,EUROPEDIRECTMAD,,3,0,3,3,0,3,0,0,0,0,1
42057,AgnesMONFRET,,2,0,2,2,0,2,0,0,0,0,1
42058,EDHuelva,,4,0,4,4,0,4,0,0,0,0,1
42059,EDGirona,,3,0,3,3,0,3,0,0,0,0,1
42060,Theruralcentre,,3,0,3,3,0,3,0,0,0,0,1
42061,edicsb,,3,0,3,3,0,3,0,0,0,0,1
42062,EDICSisak,,3,0,3,3,0,3,0,0,0,0,1
42063,EDICNOVAGRADIKA,,3,0,3,3,0,3,0,0,0,0,1
42064,EDICSibenik,,3,0,3,3,0,3,0,0,0,0,1
42065,EDIC_Vinkovci,,3,0,3,3,0,3,0,0,0,0,1
42066,MaisonEurope53,,3,0,3,3,0,3,0,0,0,0,1
42067,ED_Podravje,,3,0,3,3,0,3,0,0,0,0,1
42069,Notruf112EUweit,,2,0,2,2,0,2,0,0,0,0,1
42071,EuropeDirectOur,,5,0,5,5,0,5,0,0,0,0,1
42072,EDHassleholm,,2,0,2,2,0,2,0,0,0,0,1
42073,EDSmedjebacken,,2,0,2,2,0,2,0,0,0,0,1
42075,EPBremen,,2,0,2,2,0,2,0,0,0,0,1
42076,EuropeDirectAli,,2,0,2,2,0,2,0,0,0,0,1
42077,EDANDUJAR,,3,0,3,3,0,3,0,0,0,0,1
42078,EDICApeldoorn,,2,0,2,2,0,2,0,0,0,0,1
42079,EuropeDirectAra,,2,0,2,2,0,2,0,0,0,0,1
42080,ballinasloeEDIC,,3,0,3,3,0,3,0,0,0,0,1
42081,EdiCityofAthens,,3,0,3,3,0,3,0,0,0,0,1
42082,EdicEindhoven,,2,0,2,2,0,2,0,0,0,0,1
42083,EuropaInNHN,,2,0,2,2,0,2,0,0,0,0,1
42084,EDICDenHaag,,2,0,2,2,0,2,0,0,0,0,1
42085,KAEBNAI,,3,0,3,3,0,3,0,0,0,0,1
42087,europedirectER,,4,0,4,4,0,4,0,0,0,0,3
42088,AntennaEuropeGe,,3,0,3,3,0,3,0,0,0,0,1
42089,EuropeDirect_hs,,2,0,2,2,0,2,0,0,0,0,1
42090,EuropeDirectCTG,,2,0,2,2,0,2,0,0,0,0,8
42092,EDKosice,,3,0,3,3,0,3,0,0,0,0,1
42093,EdicLarisa,,2,0,2,2,0,2,0,0,0,0,1
42094,EDIC_PulaPola,,3,0,3,3,0,3,0,0,0,0,1
42095,cbalears,,3,0,3,3,0,3,0,0,0,0,1
42096,EuropaNijmegen,,2,0,2,2,0,2,0,0,0,0,1
42099,EIZRostock,,3,0,3,3,0,3,0,0,0,0,1
42101,EdVarsinais,,2,0,2,2,0,2,0,0,0,0,1
42102,Ed_Vercelli,,2,0,2,2,0,2,0,0,0,0,1
42103,E_D_Zamora,,2,0,2,2,0,2,0,0,0,0,1
42104,ED_Dzierzgon,,2,0,2,2,0,2,0,0,0,0,1
42107,EdicSardegna,,2,0,2,2,0,2,0,0,0,0,1
42108,Avramopoulos,,3,0,3,3,0,3,0,0,0,0,1
42109,cdeualmeria,,2,0,2,2,0,2,0,0,0,0,1
42110,EdEuropedirect,,2,0,2,2,0,2,0,0,0,0,1
42111,EuropeDirectPin,,2,0,2,2,0,2,0,0,0,0,1
42112,europaedic,,2,0,2,2,0,2,0,0,0,0,1
42113,ED_MurskaSobota,,2,0,2,2,0,2,0,0,0,0,1
42114,EDICTrentino,,2,0,2,2,0,2,0,0,0,0,1
42115,EuropeDirectVe,,2,0,2,2,0,2,0,0,0,0,1
42116,EUVasterbotten,,2,0,2,2,0,2,0,0,0,0,1
42117,Europe_Direct,,2,0,2,2,0,2,0,0,0,0,1
42118,EDAlbacete,,3,0,3,3,0,3,0,0,0,0,1
42119,europedirectCZ,,3,0,3,3,0,3,0,0,0,0,3
42121,CDocEuropea,,3,0,3,3,0,3,0,0,0,0,1
42122,cde_ugr,,4,0,4,4,0,4,0,0,0,0,1
42123,CDE_AgCoesione,,2,0,2,2,0,2,0,0,0,0,1
42124,El_Amonite,,3,0,3,3,0,3,0,0,0,0,1
42126,erasmuscesarm,,3,0,3,3,0,3,0,0,0,0,6
42128,RegioCoop,,2,0,2,2,0,2,0,0,0,0,1
42130,camaradesevilla,,2,0,2,2,0,2,0,0,0,0,6
42132,practicavolunta,,2,0,2,2,0,2,0,0,0,0,4
42133,EDlleida,,4,0,4,4,0,4,0,0,0,0,1
42135,LexemaMalta,,2,0,2,2,0,2,0,0,0,0,1
42137,esmovia,,3,0,3,3,0,3,0,0,0,0,1
42139,oneworld365,,3,0,3,3,0,3,0,0,0,0,3
42140,europedirectCLM,,4,0,4,4,0,4,0,0,0,0,1
42141,EuroPosgradosmx,,2,0,2,2,0,2,0,0,0,0,2
42142,sumlab,,2,0,2,2,0,2,0,0,0,0,1
42143,2ndChanceEdu,,4,0,4,4,0,4,0,0,0,0,3
42145,sevillaciudad,,3,0,3,3,0,3,0,0,0,0,0
42146,RRIIUMA,,3,0,3,3,0,3,0,0,0,0,4
42148,MEDProgramme,,3,0,3,3,0,3,0,0,0,0,1
42152,INCOMAgroup,,4,0,4,4,0,4,0,0,0,0,1
42155,YOpportunities,,2,0,2,2,0,2,0,0,0,0,1
42161,abaixadoporto,,2,0,2,2,0,2,0,0,0,0,7
42162,oportocool,,3,0,3,3,0,3,0,0,0,0,7
42163,VodafonePT,,2,0,2,2,0,2,0,0,0,0,7
42166,tapairportugal,,3,0,3,3,0,3,0,0,0,0,7
42167,EFEportugal,,2,0,2,2,0,2,0,0,0,0,7
42169,BCScotland,,4,0,4,4,0,4,0,0,0,0,1
42170,MomentumWorld,,3,0,3,3,0,3,0,0,0,0,1
42171,PYL_London,,2,0,2,2,0,2,0,0,0,0,1
42174,EPALE_UK,,4,0,4,4,0,4,0,0,0,0,1
42179,ED_Salamanca,,4,0,4,4,0,4,0,0,0,0,1
42180,EDUFI_Youth,,2,0,2,2,0,2,0,0,0,0,1
42181,LiepU_int,,3,0,3,3,0,3,0,0,0,0,1
42182,intermobility,,4,0,4,4,0,4,0,0,0,0,1
42183,eurireland,,3,0,3,3,0,3,0,0,0,0,1
42184,EU_OSHA,,4,0,4,4,0,4,0,0,0,0,1
42185,uni_eropa,,3,0,3,3,0,3,0,0,0,0,1
42188,EENSW,,3,0,3,3,0,3,0,0,0,0,1
42191,YouthInActionNL,,3,0,3,3,0,3,0,0,0,0,1
42192,GreenpeaceEU,,3,0,3,3,0,3,0,0,0,0,1
42193,Europarl_Photo,,3,0,3,3,0,3,0,0,0,0,1
42194,EMCDDA,,3,0,3,3,0,3,0,0,0,0,3
42195,EUDOEUI,,3,0,3,3,0,3,0,0,0,0,1
42196,ideasoneurope,,3,0,3,3,0,3,0,0,0,0,1
42198,EiropasKomisija,,2,0,2,2,0,2,0,0,0,0,1
42200,EU_Taxud,,3,0,3,3,0,3,0,0,0,0,1
42201,wto,,4,0,4,4,0,4,0,0,0,0,1
42202,EU_TTIP_team,,4,0,4,4,0,4,0,0,0,0,1
42203,EUDefenceAgency,,3,0,3,3,0,3,0,0,0,0,1
42204,SocEntEU,,3,0,3,3,0,3,0,0,0,0,1
42205,WFP_Europe,,2,0,2,2,0,2,0,0,0,0,1
42206,I_am_europe,,3,0,3,3,0,3,0,0,0,0,1
42207,EU_Competition,,3,0,3,3,0,3,0,0,0,0,1
42210,COP21,,3,0,3,3,0,3,0,0,0,0,1
42211,INTERPOL_HQ,,3,0,3,3,0,3,0,0,0,0,2
42212,SayNO_UNiTE,,2,0,2,2,0,2,0,0,0,0,1
42214,NLatEU,,3,0,3,3,0,3,0,0,0,0,1
42216,UNICEF_EU,,2,0,2,2,0,2,0,0,0,0,1
42217,StartUpEU,,4,0,4,4,0,4,0,0,0,0,1
42218,MEDIAprogEU,,4,0,4,4,0,4,0,0,0,0,1
42220,SLOVAKIAinEU,,2,0,2,2,0,2,0,0,0,0,1
42221,EU_UNGeneva,,2,0,2,2,0,2,0,0,0,0,1
42222,MaltainEU,,3,0,3,3,0,3,0,0,0,0,1
42223,Erasmusalumni,,2,0,2,2,0,2,0,0,0,0,1
42224,ErasmusEnergy,,2,0,2,2,0,2,0,0,0,0,1
42225,EUROPA_Plymouth,,2,0,2,2,0,2,0,0,0,0,1
42230,Luke5SOS,,2,0,2,2,0,2,0,0,0,0,2
42234,HHerreramex,,2,0,2,2,0,2,0,0,0,0,5
42237,JoaoMoutinho,,2,0,2,2,0,2,0,0,0,0,8
42247,MichelaB88,,2,0,2,2,0,2,0,0,0,0,2
42251,DiMarzio,,3,0,3,3,0,3,0,0,0,0,2
42270,pongovernance,,2,0,2,2,0,2,0,0,0,0,1
42274,MikaESaarinen,,2,0,2,2,0,2,0,0,0,0,1
42275,FlorianaFolisi,,2,0,2,2,0,2,0,0,0,0,1
42300,FCNantes,,2,0,2,2,0,2,0,0,0,0,1
42301,ILOYouth,,3,0,3,3,0,3,0,0,0,0,1
42310,lucarallo,,2,0,2,2,0,2,0,0,0,0,3
42312,JackPhan,,3,0,3,3,0,3,0,0,0,0,3
42313,FYEG,,3,0,3,3,0,3,0,0,0,0,1
42318,ostoreros,,2,0,2,2,0,2,0,0,0,0,1
42320,COP22,,2,0,2,2,0,2,0,0,0,0,1
42323,Miralem_Pjanic,,2,0,2,2,0,2,0,0,0,0,1
42324,PauDybala_JR,,2,0,2,2,0,2,0,0,0,0,1
42325,MarioMandzukic9,,2,0,2,2,0,2,0,0,0,0,1
42329,maudelconte,,2,0,2,2,0,2,0,0,0,0,3
42332,ANPALServizi,,2,0,2,2,0,2,0,0,0,0,1
42333,SaloneStudente,,2,0,2,2,0,2,0,0,0,0,3
42337,juventusfcen,,2,0,2,2,0,2,0,0,0,0,7
42341,ceep_eu,,3,0,3,3,0,3,0,0,0,0,1
42342,EUROCHAMBRES,,3,0,3,3,0,3,0,0,0,0,3
42349,salvatoredim,,3,0,3,3,0,3,0,0,0,0,2
42353,Exp_Mark,,2,0,2,2,0,2,0,0,0,0,1
42354,Dikunytt,,2,0,2,2,0,2,0,0,0,0,1
42357,InfoApuntes,,2,0,2,2,0,2,0,0,0,0,1
42360,rinnovabiliit,,2,0,2,2,0,2,0,0,0,0,3
42365,ItinerariL,,2,0,2,2,0,2,0,0,0,0,1
42375,IPCC_CH,,3,0,3,3,0,3,0,0,0,0,1
42390,C_Randieri,,2,0,2,2,0,2,0,0,0,0,1
42396,tarapalmeri,,2,0,2,2,0,2,0,0,0,0,1
42404,SEEDSandCHIPS,,2,0,2,2,0,2,0,0,0,0,3
42405,stage4eu,,2,0,2,2,0,2,0,0,0,0,1
42407,etuc_ces,,2,0,2,2,0,2,0,0,0,0,1
42408,jensstoltenberg,,2,0,2,2,0,2,0,0,0,0,1
42409,weafrihug,,2,0,2,2,0,2,0,0,0,0,1
42414,RossellaSobrero,,2,0,2,2,0,2,0,0,0,0,1
42422,CSRIS_it,,2,0,2,2,0,2,0,0,0,0,3
42432,circulareconomy,,2,0,2,2,0,2,0,0,0,0,1
42449,EnergyDemand,,2,0,2,2,0,2,0,0,0,0,1
42452,MATUIDIBlaise,,2,0,2,2,0,2,0,0,0,0,8
42458,max_tarantino,,2,0,2,2,0,2,0,0,0,0,1
42466,Diplomazia_Ec_I,,2,0,2,2,0,2,0,0,0,0,3
42467,CamComVerona,,2,0,2,2,0,2,0,0,0,0,1
42472,FrankfurtSchool,,2,0,2,2,0,2,0,0,0,0,1
42473,greenstyleit,,2,0,2,2,0,2,0,0,0,0,3
42476,Unioncamere_Pie,,2,0,2,2,0,2,0,0,0,0,1
42477,c_appendino,,2,0,2,2,0,2,0,0,0,0,1
42478,twitorino,,3,0,3,3,0,3,0,0,0,0,3
42479,regionepiemonte,,2,0,2,2,0,2,0,0,0,0,1
42483,MarketingB2B,,2,0,2,2,0,2,0,0,0,0,7
42484,ObamaFoundation,,2,0,2,2,0,2,0,0,0,0,2
42487,iceroadshow,,2,0,2,2,0,2,0,0,0,0,1
42488,SIMEST_IT,,2,0,2,2,0,2,0,0,0,0,3
42493,socialmedia2day,,4,0,4,4,0,4,0,0,0,0,1
42495,ITAtradeagency,,2,0,2,2,0,2,0,0,0,0,3
42496,Matera2019,,3,0,3,3,0,3,0,0,0,0,1
42499,Valletta2018,,2,0,2,2,0,2,0,0,0,0,1
42503,RaffoAR,,3,0,3,3,0,3,0,0,0,0,3
42507,DFormazione,,2,0,2,2,0,2,0,0,0,0,1
42508,ansaeuropa,,4,0,4,4,0,4,0,0,0,0,3
42509,infocamere,,2,0,2,2,0,2,0,0,0,0,1
42510,AleMiglioz,,2,0,2,2,0,2,0,0,0,0,1
42511,ItaliaOggi,,2,0,2,2,0,2,0,0,0,0,1
42514,franciungaro,,2,0,2,2,0,2,0,0,0,0,1
42515,franzrusso,,2,0,2,2,0,2,0,0,0,0,3
42517,alelomi,,3,0,3,3,0,3,0,0,0,0,2
42528,FondazioneCRT,,2,0,2,2,0,2,0,0,0,0,1
42530,BAMstracult,,2,0,2,2,0,2,0,0,0,0,1
42533,Promo_PA,,2,0,2,2,0,2,0,0,0,0,3
42539,CEDCultureIE,,2,0,2,2,0,2,0,0,0,0,1
42541,CEDUK_Culture,,2,0,2,2,0,2,0,0,0,0,1
42542,Kulturrdet,,2,0,2,2,0,2,0,0,0,0,1
42548,CEDUK_MEDIA,,2,0,2,2,0,2,0,0,0,0,1
42549,CEDIrelandMEDIA,,2,0,2,2,0,2,0,0,0,0,1
42551,RCE_infos,,3,0,3,3,0,3,0,0,0,0,1
42554,ECMEDIAnd,,3,0,3,3,0,3,0,0,0,0,7
42559,CEDSerbia,,2,0,2,2,0,2,0,0,0,0,1
42562,CEDITAcultura,,2,0,2,2,0,2,0,0,0,0,1
42564,eurocultura,,4,0,4,4,0,4,0,0,0,0,1
42565,scambieuropei,,3,0,3,3,0,3,0,0,0,0,3
42566,inapp_org,,3,0,3,3,0,3,0,0,0,0,3
42567,MassimoGaudina,,2,0,2,2,0,2,0,0,0,0,3
42568,EUdigitalblog,,2,0,2,2,0,2,0,0,0,0,1
42569,BC_CIHE,,3,0,3,3,0,3,0,0,0,0,7
42570,GdnUniversities,,3,0,3,3,0,3,0,0,0,0,1
42571,XarxaFP_SG,,2,0,2,2,0,2,0,0,0,0,1
42575,GdnStudents,,3,0,3,3,0,3,0,0,0,0,1
42577,BantaniEdu,,2,0,2,2,0,2,0,0,0,0,1
42579,eskills4volunt,,2,0,2,2,0,2,0,0,0,0,1
42580,ungciv,,2,0,2,2,0,2,0,0,0,0,1
42581,SIUnytt,,2,0,2,2,0,2,0,0,0,0,1
42582,Nuffic,,3,0,3,3,0,3,0,0,0,0,1
42584,hea_irl,,3,0,3,3,0,3,0,0,0,0,1
42585,EUPA1,,3,0,3,3,0,3,0,0,0,0,1
42586,VIAA_LV,,2,0,2,2,0,2,0,0,0,0,1
42587,Tuttoscuola,,2,0,2,2,0,2,0,0,0,0,1
42589,annapaolaconcia,,3,0,3,3,0,3,0,0,0,0,1
42596,AshokaItaly,,2,0,2,2,0,2,0,0,0,0,1
42600,FieraDidacta,,2,0,2,2,0,2,0,0,0,0,3
42602,MagentaCons,,3,0,3,3,0,3,0,0,0,0,1
42605,UNHCRItalia,,2,0,2,2,0,2,0,0,0,0,1
42607,crocerossa,,2,0,2,2,0,2,0,0,0,0,1
42608,Telethonitalia,,3,0,3,3,0,3,0,0,0,0,3
42609,AIRC_it,,2,0,2,2,0,2,0,0,0,0,1
42610,Scuderie,,2,0,2,2,0,2,0,0,0,0,1
42611,SaveChildrenIT,,3,0,3,3,0,3,0,0,0,0,3
42612,Montecitorio,,3,0,3,3,0,3,0,0,0,0,3
42613,amnestyitalia,,3,0,3,3,0,3,0,0,0,0,3
42614,WWFitalia,,3,0,3,3,0,3,0,0,0,0,3
42615,greenMe_it,,3,0,3,3,0,3,0,0,0,0,1
42616,Greenpeace_ITA,,5,0,5,5,0,5,0,0,0,0,3
42617,Anpinazionale,,3,0,3,3,0,3,0,0,0,0,1
42618,libera_annclm,,3,0,3,3,0,3,0,0,0,0,1
42619,museobrera,,2,0,2,2,0,2,0,0,0,0,3
42620,MSF_ITALIA,,3,0,3,3,0,3,0,0,0,0,3
42621,LaFeltrinelli,,3,0,3,3,0,3,0,0,0,0,3
42622,emergency_ong,,3,0,3,3,0,3,0,0,0,0,3
42628,mamutgranada,,3,0,3,3,0,3,0,0,0,0,0
42630,micefestival,,2,0,2,2,0,2,0,0,0,0,3
42631,JAGGER0779,,2,0,2,2,0,2,0,0,0,0,0
42640,RRHHvegasdelgen,,3,0,3,3,0,3,0,0,0,0,5
42648,miriam_martiin,,2,0,2,2,0,2,0,0,0,0,6
42649,amedipe,,2,0,2,2,0,2,0,0,0,0,6
42651,AprElectricidad,,2,0,2,2,0,2,0,0,0,0,6
42654,saraescuderogar,,3,0,3,3,0,3,0,0,0,0,0
42657,ppenalvera,,2,0,2,2,0,2,0,0,0,0,0
42662,munoz_gallego,,2,0,2,2,0,2,0,0,0,0,4
42666,huhuzgz,,3,0,3,3,0,3,0,0,0,0,0
42667,clubinmogranada,,2,0,2,2,0,2,0,0,0,0,6
42668,rodriguezhernan,,3,0,3,3,0,3,0,0,0,0,4
42670,SilviaFrancoG,,2,0,2,2,0,2,0,0,0,0,6
42675,santalucia_imp,,2,0,2,2,0,2,0,0,0,0,0
42683,Coonic_,,3,0,3,3,0,3,0,0,0,0,0
42685,UBUemplea,,3,0,3,3,0,3,0,0,0,0,4
42687,iberdac,,2,0,2,2,0,2,0,0,0,0,4
42688,GrupoProGrx,,3,0,3,3,0,3,0,0,0,0,0
42692,MouradAboussi,,3,0,3,3,0,3,0,0,0,0,0
42693,EconomistasOrg,,3,0,3,3,0,3,0,0,0,0,4
42703,CEIGE_Granada,,2,0,2,2,0,2,0,0,0,0,6
42706,MercedesLezaun,,2,0,2,2,0,2,0,0,0,0,4
42707,DigitaleInnova,,2,0,2,2,0,2,0,0,0,0,6
42708,AndaluciaDW,,2,0,2,2,0,2,0,0,0,0,0
42709,advanabogados,,2,0,2,2,0,2,0,0,0,0,4
42713,CineClubUGR,,3,0,3,3,0,3,0,0,0,0,6
42717,guiandalucia,,2,0,2,2,0,2,0,0,0,0,0
42719,Inuberconsult,,2,0,2,2,0,2,0,0,0,0,0
42720,jonaycantero,,2,0,2,2,0,2,0,0,0,0,0
42722,exfimercongreso,,2,0,2,2,0,2,0,0,0,0,4
42725,qb7,,2,0,2,2,0,2,0,0,0,0,2
42735,womanleaderorg,,2,0,2,2,0,2,0,0,0,0,6
42748,ProyeSalvavidas,,2,0,2,2,0,2,0,0,0,0,4
42752,AlphaGammaHQ,,3,0,3,3,0,3,0,0,0,0,7
42753,BibopGGresta,,2,0,2,2,0,2,0,0,0,0,3
42754,sergiomrtnez,,2,0,2,2,0,2,0,0,0,0,6
42766,EstentorMKT,,3,0,3,3,0,3,0,0,0,0,2
42774,javidacorsa,,2,0,2,2,0,2,0,0,0,0,0
42775,Marta_Cuestam,,2,0,2,2,0,2,0,0,0,0,6
42781,EXFIMER,,2,0,2,2,0,2,0,0,0,0,4
42784,iSeoAndMark,,2,0,2,2,0,2,0,0,0,0,0
42794,Ligoteo_METROGR,,3,0,3,3,0,3,0,0,0,0,6
42795,DerechoCivilHoy,,2,0,2,2,0,2,0,0,0,0,4
42796,FernandoCicer0,,3,0,3,3,0,3,0,0,0,0,6
42802,LOMONACO,,2,0,2,2,0,2,0,0,0,0,0
42803,EContables,,2,0,2,2,0,2,0,0,0,0,6
42804,IAPRL,,2,0,2,2,0,2,0,0,0,0,2
42805,SEUNiversities,,3,0,3,3,0,3,0,0,0,0,1
42813,LasYucasAtarfe,,3,0,3,3,0,3,0,0,0,0,0
42816,AoveTips,,2,0,2,2,0,2,0,0,0,0,0
42817,_CECAM,,2,0,2,2,0,2,0,0,0,0,4
42819,CmcbSevilla,,2,0,2,2,0,2,0,0,0,0,1
42822,kenradio,,3,0,3,3,0,3,0,0,0,0,3
42824,JuanCarlosLop61,,2,0,2,2,0,2,0,0,0,0,0
42826,iElenaR,,3,0,3,3,0,3,0,0,0,0,0
42827,IFMSAGranada,,3,0,3,3,0,3,0,0,0,0,0
42828,CIDAF_GR,,2,0,2,2,0,2,0,0,0,0,0
42832,sgrcesgar,,2,0,2,2,0,2,0,0,0,0,6
42834,herascasado,,3,0,3,3,0,3,0,0,0,0,0
42835,BMMGRA,,2,0,2,2,0,2,0,0,0,0,0
42840,esthertxu90,,2,0,2,2,0,2,0,0,0,0,6
42841,JaviSPC,,2,0,2,2,0,2,0,0,0,0,6
42843,itacaformacion,,2,0,2,2,0,2,0,0,0,0,6
42844,JuanMTE,,2,0,2,2,0,2,0,0,0,0,0
42845,benlandis,,3,0,3,3,0,3,0,0,0,0,0
42847,jranavas,,2,0,2,2,0,2,0,0,0,0,5
42852,Robissl,,2,0,2,2,0,2,0,0,0,0,6
42854,RRHHDigital,,3,0,3,3,0,3,0,0,0,0,0
42855,gomezzorrilla,,4,0,4,4,0,4,0,0,0,0,0
42858,frasesmarketing,,3,0,3,3,0,3,0,0,0,0,0
42863,AlertasEmpleo,,4,0,4,4,0,4,0,0,0,0,4
42866,goldenashby,,2,0,2,2,0,2,0,0,0,0,2
42874,ExpEconomia,,3,0,3,3,0,3,0,0,0,0,4
42875,ExpEmpresas,,2,0,2,2,0,2,0,0,0,0,4
42878,RenovatioAsoc,,3,0,3,3,0,3,0,0,0,0,6
42880,ElBuscaCursos,,2,0,2,2,0,2,0,0,0,0,1
42882,ATEDIBUS,,2,0,2,2,0,2,0,0,0,0,4
42883,em_tec,,3,0,3,3,0,3,0,0,0,0,0
42884,Forbes_Mexico,,3,0,3,3,0,3,0,0,0,0,4
42888,estherparrado,,2,0,2,2,0,2,0,0,0,0,0
42893,ASalcedaD,,2,0,2,2,0,2,0,0,0,0,4
42896,Raaaf96,,2,0,2,2,0,2,0,0,0,0,2
42897,icam_es,,2,0,2,2,0,2,0,0,0,0,4
42898,moka_agencia,,3,0,3,3,0,3,0,0,0,0,0
42903,Beatriz_PSyED,,2,0,2,2,0,2,0,0,0,0,6
42904,EALDEBS,,2,0,2,2,0,2,0,0,0,0,4
42907,Multinivel70,,2,0,2,2,0,2,0,0,0,0,4
42908,JoseZabaleta,,2,0,2,2,0,2,0,0,0,0,0
42909,Microsip,,2,0,2,2,0,2,0,0,0,0,4
42917,vanessantiagoh,,2,0,2,2,0,2,0,0,0,0,6
42919,hugolopez_c,,2,0,2,2,0,2,0,0,0,0,6
42921,FranFCouceiro,,2,0,2,2,0,2,0,0,0,0,4
42922,SoyEntrepreneur,,3,0,3,3,0,3,0,0,0,0,4
42923,iese_esp,,3,0,3,3,0,3,0,0,0,0,4
42925,nachonline1,,2,0,2,2,0,2,0,0,0,0,6
42928,GuerraenGranada,,2,0,2,2,0,2,0,0,0,0,6
42929,R_Publicaciones,,2,0,2,2,0,2,0,0,0,0,6
42939,RIntegran,,3,0,3,3,0,3,0,0,0,0,6
42941,JuridicoQue,,2,0,2,2,0,2,0,0,0,0,4
42942,PiediDiColori,,2,0,2,2,0,2,0,0,0,0,0
42944,Torcagest,,2,0,2,2,0,2,0,0,0,0,6
42946,AmandaCBen,,2,0,2,2,0,2,0,0,0,0,0
42949,Beln42064655,,2,0,2,2,0,2,0,0,0,0,6
42951,ECSalud_com,,3,0,3,3,0,3,0,0,0,0,6
42957,GoalsOnTrack,,3,0,3,3,0,3,0,0,0,0,2
42959,Eurosega_Spain,,2,0,2,2,0,2,0,0,0,0,6
42960,gasoalhambra,,2,0,2,2,0,2,0,0,0,0,0
42973,Spain_StartUp,,3,0,3,3,0,3,0,0,0,0,3
42976,GoogleActivate,,3,0,3,3,0,3,0,0,0,0,0
42978,CTAndalucia,,3,0,3,3,0,3,0,0,0,0,1
42979,ontiverosemilio,,2,0,2,2,0,2,0,0,0,0,0
42982,AnabellHilarski,,2,0,2,2,0,2,0,0,0,0,6
42986,PincelCarpint,,2,0,2,2,0,2,0,0,0,0,6
42988,CrimGranada,,3,0,3,3,0,3,0,0,0,0,0
42991,XIIISemanaConst,,2,0,2,2,0,2,0,0,0,0,6
42992,coMcienciaUGR,,2,0,2,2,0,2,0,0,0,0,6
42993,MkredesUGR,,3,0,3,3,0,3,0,0,0,0,6
42995,smallbiztrends,,2,0,2,2,0,2,0,0,0,0,7
42998,AIdAFitalia,,2,0,2,2,0,2,0,0,0,0,3
43003,Dr_Blazquez,,3,0,3,3,0,3,0,0,0,0,6
43005,Ajo_SalsasJR,,2,0,2,2,0,2,0,0,0,0,6
43006,CastillodCanena,,3,0,3,3,0,3,0,0,0,0,6
43008,AsocPIDES,,2,0,2,2,0,2,0,0,0,0,0
43009,ORIENTA_SANTAFE,,2,0,2,2,0,2,0,0,0,0,6
43010,auna_and,,3,0,3,3,0,3,0,0,0,0,6
43011,mabaezam,,2,0,2,2,0,2,0,0,0,0,6
43014,andalucia_p,,2,0,2,2,0,2,0,0,0,0,0
43015,mentordaytfe,,2,0,2,2,0,2,0,0,0,0,0
43016,ICJCEAuditores,,2,0,2,2,0,2,0,0,0,0,0
43018,reme_rmg,,2,0,2,2,0,2,0,0,0,0,6
43019,OrigenAbaceria,,2,0,2,2,0,2,0,0,0,0,6
43022,enpozuelo,,2,0,2,2,0,2,0,0,0,0,1
43023,typeform,,2,0,2,2,0,2,0,0,0,0,8
43026,GRANADA_EFOC,,2,0,2,2,0,2,0,0,0,0,0
43030,LaSacristiaRest,,3,0,3,3,0,3,0,0,0,0,0
43031,sbinefa,,3,0,3,3,0,3,0,0,0,0,6
43035,PabloMoleon,,2,0,2,2,0,2,0,0,0,0,6
43037,CiencaOng,,2,0,2,2,0,2,0,0,0,0,6
43038,Estelagcoach,,2,0,2,2,0,2,0,0,0,0,6
43046,GastroGrGourmet,,2,0,2,2,0,2,0,0,0,0,0
43053,RteRosarito,,2,0,2,2,0,2,0,0,0,0,0
43054,mcce3020,,2,0,2,2,0,2,0,0,0,0,6
43057,CositasdeNuni,,2,0,2,2,0,2,0,0,0,0,4
43058,nostoc_es,,2,0,2,2,0,2,0,0,0,0,6
43062,asoatfgranada,,2,0,2,2,0,2,0,0,0,0,6
43065,TU_sinplazaU,,2,0,2,2,0,2,0,0,0,0,6
43068,AntonioDomingo,,2,0,2,2,0,2,0,0,0,0,4
43070,blogKM0,,3,0,3,3,0,3,0,0,0,0,0
43073,GoldenmacEmp,,2,0,2,2,0,2,0,0,0,0,6
43074,palbin_com,,2,0,2,2,0,2,0,0,0,0,4
43079,VctorFigueroa,,2,0,2,2,0,2,0,0,0,0,6
43080,partyguaygr,,2,0,2,2,0,2,0,0,0,0,6
43081,entresocios_es,,3,0,3,3,0,3,0,0,0,0,4
43084,Fundae_es,,2,0,2,2,0,2,0,0,0,0,0
43085,ugr_noticias,,2,0,2,2,0,2,0,0,0,0,6
43093,RedAedem,,2,0,2,2,0,2,0,0,0,0,6
43097,ICEXCasablanca,,2,0,2,2,0,2,0,0,0,0,6
43098,CarlosGonzPeiro,,2,0,2,2,0,2,0,0,0,0,6
43102,alvaroenlaluna,,2,0,2,2,0,2,0,0,0,0,0
43104,IberoTradePlace,,3,0,3,3,0,3,0,0,0,0,6
43106,MARIPIGADET,,3,0,3,3,0,3,0,0,0,0,4
43110,diebarcelo,,3,0,3,3,0,3,0,0,0,0,4
43112,nubemedia,,2,0,2,2,0,2,0,0,0,0,0
43114,luisgilconsult,,2,0,2,2,0,2,0,0,0,0,4
43115,javiergomez_eu,,3,0,3,3,0,3,0,0,0,0,0
43116,Albertoarizah,,2,0,2,2,0,2,0,0,0,0,0
43118,asepuc_noticias,,2,0,2,2,0,2,0,0,0,0,6
43120,PacoCardenete,,2,0,2,2,0,2,0,0,0,0,0
43124,pabloballesgr,,3,0,3,3,0,3,0,0,0,0,0
43125,CeremecoJaen,,3,0,3,3,0,3,0,0,0,0,6
43126,materialeig,,2,0,2,2,0,2,0,0,0,0,6
43127,joseluismontes,,2,0,2,2,0,2,0,0,0,0,0
43129,activatenevada,,2,0,2,2,0,2,0,0,0,0,0
43130,AVRMarketer,,2,0,2,2,0,2,0,0,0,0,6
43133,Negocios_Tanger,,2,0,2,2,0,2,0,0,0,0,6
43135,jlguerrerosanz,,2,0,2,2,0,2,0,0,0,0,0
43136,carlosrfiguera,,2,0,2,2,0,2,0,0,0,0,2
43137,Rafa_millano,,2,0,2,2,0,2,0,0,0,0,3
43138,excelentum,,3,0,3,3,0,3,0,0,0,0,6
43141,LibVal29,,2,0,2,2,0,2,0,0,0,0,0
43142,pro2d2,,2,0,2,2,0,2,0,0,0,0,5
43143,martalmcomposer,,2,0,2,2,0,2,0,0,0,0,6
43145,AegisCL,,2,0,2,2,0,2,0,0,0,0,4
43146,WazoMagazine,,2,0,2,2,0,2,0,0,0,0,6
43148,cemmalaga,,2,0,2,2,0,2,0,0,0,0,6
43149,Camara_Malaga,,3,0,3,3,0,3,0,0,0,0,0
43150,Extenda_USA,,2,0,2,2,0,2,0,0,0,0,0
43156,claude_roberto,,2,0,2,2,0,2,0,0,0,0,6
43161,HBR_es,,2,0,2,2,0,2,0,0,0,0,0
43166,Cienciagranada,,3,0,3,3,0,3,0,0,0,0,0
43170,EmprenderEnJaen,,2,0,2,2,0,2,0,0,0,0,6
43173,Lookr2_AM,,3,0,3,3,0,3,0,0,0,0,0
43174,180756ramirez,,2,0,2,2,0,2,0,0,0,0,6
43179,musacces,,2,0,2,2,0,2,0,0,0,0,6
43180,feccooand,,3,0,3,3,0,3,0,0,0,0,4
43181,rmcanas77,,2,0,2,2,0,2,0,0,0,0,4
43185,cotimegranada,,4,0,4,4,0,4,0,0,0,0,0
43189,CoworkingWG,,2,0,2,2,0,2,0,0,0,0,6
43191,ludoplanetGr,,2,0,2,2,0,2,0,0,0,0,6
43194,MariedeFrance8,,3,0,3,3,0,3,0,0,0,0,6
43196,Portal_MiPymes,,2,0,2,2,0,2,0,0,0,0,0
43202,BiologoDigital,,3,0,3,3,0,3,0,0,0,0,4
43203,josecarlos_85,,2,0,2,2,0,2,0,0,0,0,4
43205,Inoponible,,3,0,3,3,0,3,0,0,0,0,0
43209,WordStream,,2,0,2,2,0,2,0,0,0,0,6
43210,angelocampione,,3,0,3,3,0,3,0,0,0,0,0
43212,hombre_cuantico,,2,0,2,2,0,2,0,0,0,0,2
43216,ReiDoCrea,,3,0,3,3,0,3,0,0,0,0,4
43217,amcexploradores,,2,0,2,2,0,2,0,0,0,0,0
43219,CORREDURIA16VER,,2,0,2,2,0,2,0,0,0,0,4
43220,silvia_a_e_,,2,0,2,2,0,2,0,0,0,0,0
43221,easy_prof,,2,0,2,2,0,2,0,0,0,0,6
43226,Tu_likeas,,2,0,2,2,0,2,0,0,0,0,0
43229,danielsenderos,,3,0,3,3,0,3,0,0,0,0,6
43232,exp_economia,,2,0,2,2,0,2,0,0,0,0,4
43234,Manuel_emorales,,2,0,2,2,0,2,0,0,0,0,6
43235,sadamuz,,3,0,3,3,0,3,0,0,0,0,0
43241,pardoescribe,,3,0,3,3,0,3,0,0,0,0,0
43243,LalyMMontes,,3,0,3,3,0,3,0,0,0,0,0
43249,Anagutti14,,2,0,2,2,0,2,0,0,0,0,6
43252,cesarvasquezmed,,2,0,2,2,0,2,0,0,0,0,0
43258,luis_mmolina,,2,0,2,2,0,2,0,0,0,0,6
43259,ugr_d,,2,0,2,2,0,2,0,0,0,0,2
43260,EmprendedorUGR,,3,0,3,3,0,3,0,0,0,0,0
43261,GMIM_UGR,,3,0,3,3,0,3,0,0,0,0,6
43262,LAB_CA_UGR,,3,0,3,3,0,3,0,0,0,0,6
43263,aesit_ugr,,2,0,2,2,0,2,0,0,0,0,6
43266,GALVEZABOGADOS1,,2,0,2,2,0,2,0,0,0,0,0
43267,comunicae,,3,0,3,3,0,3,0,0,0,0,0
43270,Escot92,,2,0,2,2,0,2,0,0,0,0,6
43273,AbogadoJASP,,2,0,2,2,0,2,0,0,0,0,0
43274,javiri1970,,2,0,2,2,0,2,0,0,0,0,6
43277,GestoriaAseco,,2,0,2,2,0,2,0,0,0,0,6
43280,ColegiogAMadrid,,3,0,3,3,0,3,0,0,0,0,4
43282,altrasan,,3,0,3,3,0,3,0,0,0,0,6
43283,Surgente_GR,,2,0,2,2,0,2,0,0,0,0,0
43288,negotiumsES,,3,0,3,3,0,3,0,0,0,0,0
43294,startideasocial,,3,0,3,3,0,3,0,0,0,0,0
43296,ronaldvasquez,,2,0,2,2,0,2,0,0,0,0,0
43300,PwC_Spain,,3,0,3,3,0,3,0,0,0,0,3
43302,anabel_sanchez,,2,0,2,2,0,2,0,0,0,0,0
43306,conceptcreatve,,3,0,3,3,0,3,0,0,0,0,0
43309,pisos_Centro,,2,0,2,2,0,2,0,0,0,0,0
43310,DEM_UGR,,2,0,2,2,0,2,0,0,0,0,6
43311,angelbonet,,3,0,3,3,0,3,0,0,0,0,0
43313,Fund_Laboral,,2,0,2,2,0,2,0,0,0,0,4
43314,PymesUnidasEs,,3,0,3,3,0,3,0,0,0,0,0
43316,gerenxia,,2,0,2,2,0,2,0,0,0,0,6
43318,tucasamadrid,,2,0,2,2,0,2,0,0,0,0,6
43319,TACTIO_,,3,0,3,3,0,3,0,0,0,0,0
43321,beatriz_recio,,2,0,2,2,0,2,0,0,0,0,0
43325,elvaquerourbano,,3,0,3,3,0,3,0,0,0,0,0
43326,AmiciConciencia,,2,0,2,2,0,2,0,0,0,0,6
43327,FLE_FranC,,3,0,3,3,0,3,0,0,0,0,0
43334,raule_oficial,,2,0,2,2,0,2,0,0,0,0,0
43336,LinkedInES,,3,0,3,3,0,3,0,0,0,0,0
43339,FJavier_RT,,3,0,3,3,0,3,0,0,0,0,4
43343,friendawareness,,2,0,2,2,0,2,0,0,0,0,6
43344,culturiplan,,3,0,3,3,0,3,0,0,0,0,0
43351,vanejagui,,2,0,2,2,0,2,0,0,0,0,6
43353,iseuinstituto,,2,0,2,2,0,2,0,0,0,0,6
43356,paula_spa,,3,0,3,3,0,3,0,0,0,0,6
43357,FundPersan,,2,0,2,2,0,2,0,0,0,0,0
43359,FIGroupES,,2,0,2,2,0,2,0,0,0,0,2
43361,EsmeraldaOg11,,2,0,2,2,0,2,0,0,0,0,6
43362,CitasDeEscritor,,3,0,3,3,0,3,0,0,0,0,4
43366,XavierRomea,,2,0,2,2,0,2,0,0,0,0,6
43368,doiserviajes,,3,0,3,3,0,3,0,0,0,0,6
43370,lindencolombia,,2,0,2,2,0,2,0,0,0,0,6
43371,CofamilyC,,2,0,2,2,0,2,0,0,0,0,0
43374,IvanDuarte09,,2,0,2,2,0,2,0,0,0,0,6
43377,campusclinica,,2,0,2,2,0,2,0,0,0,0,6
43379,politestgrES,,2,0,2,2,0,2,0,0,0,0,0
43381,AsociacionAluma,,2,0,2,2,0,2,0,0,0,0,6
43384,Asesoria_al_Dia,,2,0,2,2,0,2,0,0,0,0,4
43390,AutoEmpleoCasa1,,3,0,3,3,0,3,0,0,0,0,6
43391,EUInstalaciones,,2,0,2,2,0,2,0,0,0,0,0
43396,InmaMartinezV,,2,0,2,2,0,2,0,0,0,0,6
43397,sbonet,,2,0,2,2,0,2,0,0,0,0,4
43398,TrustedFamily,,2,0,2,2,0,2,0,0,0,0,6
43400,MAPdeZabalza,,3,0,3,3,0,3,0,0,0,0,0
43401,CheluiMF,,2,0,2,2,0,2,0,0,0,0,0
43402,GranadaTIC,,3,0,3,3,0,3,0,0,0,0,0
43404,NeuroTurism,,3,0,3,3,0,3,0,0,0,0,0
43409,rrhhNeoAttack,,3,0,3,3,0,3,0,0,0,0,6
43410,jjcorrea,,2,0,2,2,0,2,0,0,0,0,0
43412,RBarqueroB,,2,0,2,2,0,2,0,0,0,0,6
43413,Criss_am,,2,0,2,2,0,2,0,0,0,0,6
43415,doctor_trece,,3,0,3,3,0,3,0,0,0,0,0
43419,Aitanema,,2,0,2,2,0,2,0,0,0,0,6
43423,EsFAndalucia,,2,0,2,2,0,2,0,0,0,0,6
43424,WebCiM,,3,0,3,3,0,3,0,0,0,0,0
43426,futbolfem_eco,,3,0,3,3,0,3,0,0,0,0,6
43427,fmontoro14,,2,0,2,2,0,2,0,0,0,0,6
43428,OpinaUGR,,2,0,2,2,0,2,0,0,0,0,0
43429,_AgeO_,,3,0,3,3,0,3,0,0,0,0,0
43430,GranVia48UGR,,2,0,2,2,0,2,0,0,0,0,0
43431,Economistas_Gra,,3,0,3,3,0,3,0,0,0,0,0
43432,PIE_ETSIIT,,2,0,2,2,0,2,0,0,0,0,6
43433,cotsgranada,,3,0,3,3,0,3,0,0,0,0,0
43434,franmleiva,,2,0,2,2,0,2,0,0,0,0,6
43435,lusiettados,,2,0,2,2,0,2,0,0,0,0,2
43437,TecdeMonterrey,,3,0,3,3,0,3,0,0,0,0,4
43438,InstitutoFOC,,2,0,2,2,0,2,0,0,0,0,0
43439,PDComercial,,2,0,2,2,0,2,0,0,0,0,6
43440,optimistaypunto,,3,0,3,3,0,3,0,0,0,0,0
43441,jagondia,,2,0,2,2,0,2,0,0,0,0,4
43442,EscoEuniversita,,3,0,3,3,0,3,0,0,0,0,0
43443,paccioliaccount,,3,0,3,3,0,3,0,0,0,0,6
43445,ilopez_inma,,2,0,2,2,0,2,0,0,0,0,0
43446,angelmerono,,2,0,2,2,0,2,0,0,0,0,6
43448,arianzargaran,,3,0,3,3,0,3,0,0,0,0,4
43462,Desonido_es,,3,0,3,3,0,3,0,0,0,0,0
43463,NinaFaraoni,,2,0,2,2,0,2,0,0,0,0,6
43464,doiserconsult,,3,0,3,3,0,3,0,0,0,0,6
43466,AnfagroupGes,,3,0,3,3,0,3,0,0,0,0,6
43467,EmprendeCoopera,,3,0,3,3,0,3,0,0,0,0,0
43468,miguelfc,,3,0,3,3,0,3,0,0,0,0,4
43470,ideas4all,,3,0,3,3,0,3,0,0,0,0,0
43476,doiserRRHH,,2,0,2,2,0,2,0,0,0,0,4
43479,carburantesASC,,3,0,3,3,0,3,0,0,0,0,6
43482,EnergiaAnd,,3,0,3,3,0,3,0,0,0,0,4
43485,juliherNetwork,,2,0,2,2,0,2,0,0,0,0,4
43487,davidhermosorod,,3,0,3,3,0,3,0,0,0,0,0
43488,jvalverdeUGR,,2,0,2,2,0,2,0,0,0,0,0
43490,frdelpino,,2,0,2,2,0,2,0,0,0,0,4
43491,frankstrada,,2,0,2,2,0,2,0,0,0,0,0
43492,MiguelFdezA,,3,0,3,3,0,3,0,0,0,0,0
43493,olisan_limpieza,,2,0,2,2,0,2,0,0,0,0,6
43495,PTS_AE,,2,0,2,2,0,2,0,0,0,0,0
43498,KPMG,,2,0,2,2,0,2,0,0,0,0,3
43500,juanjesusrt,,3,0,3,3,0,3,0,0,0,0,0
43501,AndaluciaSLL,,2,0,2,2,0,2,0,0,0,0,0
43504,juanjoglezhdez,,2,0,2,2,0,2,0,0,0,0,6
43511,AndalucistaBaza,,3,0,3,3,0,3,0,0,0,0,6
43512,infodirectivos,,2,0,2,2,0,2,0,0,0,0,6
43513,cricot_tres,,2,0,2,2,0,2,0,0,0,0,6
43514,Ivanacantero,,3,0,3,3,0,3,0,0,0,0,2
43516,QuaestioLegal,,2,0,2,2,0,2,0,0,0,0,6
43520,ccparqueceuta,,2,0,2,2,0,2,0,0,0,0,6
43523,mariiaagr,,3,0,3,3,0,3,0,0,0,0,6
43524,PsicoMarbellaMC,,2,0,2,2,0,2,0,0,0,0,6
43528,GrupoOBB,,2,0,2,2,0,2,0,0,0,0,6
43531,RosarioCordbMF,,4,0,4,4,0,4,0,0,0,0,0
43532,EmprendayURJC,,2,0,2,2,0,2,0,0,0,0,6
43533,ramartin63,,2,0,2,2,0,2,0,0,0,0,6
43534,elnoca,,2,0,2,2,0,2,0,0,0,0,0
43536,AMatiRuiz,,2,0,2,2,0,2,0,0,0,0,6
43537,soyjuansanchez,,3,0,3,3,0,3,0,0,0,0,2
43538,lauraugr,,3,0,3,3,0,3,0,0,0,0,6
43539,AniitaAM25,,3,0,3,3,0,3,0,0,0,0,2
43540,Moreno_Elena,,2,0,2,2,0,2,0,0,0,0,6
43541,ch_gardiner,,2,0,2,2,0,2,0,0,0,0,0
43544,EcopeInformatic,,2,0,2,2,0,2,0,0,0,0,4
43545,SolinsurInforma,,2,0,2,2,0,2,0,0,0,0,0
43546,colanguage,,2,0,2,2,0,2,0,0,0,0,6
43547,faccendo,,2,0,2,2,0,2,0,0,0,0,0
43556,AsociacionEFE,,3,0,3,3,0,3,0,0,0,0,6
43557,geoClases,,2,0,2,2,0,2,0,0,0,0,6
43559,queaventura,,2,0,2,2,0,2,0,0,0,0,0
43560,jlmolinero,,2,0,2,2,0,2,0,0,0,0,6
43566,HermosoYah,,2,0,2,2,0,2,0,0,0,0,6
43567,GoFixGranada,,2,0,2,2,0,2,0,0,0,0,6
43568,tortegaegea,,2,0,2,2,0,2,0,0,0,0,6
43570,innolabgrx,,2,0,2,2,0,2,0,0,0,0,0
43572,gii360,,3,0,3,3,0,3,0,0,0,0,4
43573,Gabigparias,,2,0,2,2,0,2,0,0,0,0,6
43576,estudiopionline,,2,0,2,2,0,2,0,0,0,0,6
43579,ayudabuelo,,2,0,2,2,0,2,0,0,0,0,6
43581,Ecogranjero,,3,0,3,3,0,3,0,0,0,0,4
43582,ebsthinkbig,,2,0,2,2,0,2,0,0,0,0,4
43588,ROrfebre,,2,0,2,2,0,2,0,0,0,0,0
43591,jjcaston,,2,0,2,2,0,2,0,0,0,0,4
43593,magdalenadeluca,,3,0,3,3,0,3,0,0,0,0,0
43595,EvaSevillarte,,2,0,2,2,0,2,0,0,0,0,0
43596,servicities,,2,0,2,2,0,2,0,0,0,0,6
43602,TecnoNewsInfo,,2,0,2,2,0,2,0,0,0,0,4
43604,Nanita_95BO,,2,0,2,2,0,2,0,0,0,0,6
43607,CATADELVINOcom,,3,0,3,3,0,3,0,0,0,0,0
43608,Stream_Radio,,2,0,2,2,0,2,0,0,0,0,6
43610,CarmenMorenoHC,,2,0,2,2,0,2,0,0,0,0,5
43611,RECICLACCION,,2,0,2,2,0,2,0,0,0,0,0
43612,doiserTIC,,3,0,3,3,0,3,0,0,0,0,0
43613,ElPlaneta_org,,2,0,2,2,0,2,0,0,0,0,0
43614,GestoresSevilla,,2,0,2,2,0,2,0,0,0,0,4
43618,GRxDescubrir,,2,0,2,2,0,2,0,0,0,0,6
43621,Embutidosseron,,2,0,2,2,0,2,0,0,0,0,0
43622,cronotur_,,2,0,2,2,0,2,0,0,0,0,6
43625,alejandrosuarez,,3,0,3,3,0,3,0,0,0,0,6
43631,Mariscalgourmet,,3,0,3,3,0,3,0,0,0,0,0
43635,somopri,,2,0,2,2,0,2,0,0,0,0,6
43638,NSCASpain,,3,0,3,3,0,3,0,0,0,0,6
43642,BRINexpress,,3,0,3,3,0,3,0,0,0,0,0
43643,GLorquiana,,3,0,3,3,0,3,0,0,0,0,6
43653,musicaugr,,2,0,2,2,0,2,0,0,0,0,6
43660,montore1994,,2,0,2,2,0,2,0,0,0,0,2
43661,catedraemprende,,2,0,2,2,0,2,0,0,0,0,6
43663,Ideas_inversion,,2,0,2,2,0,2,0,0,0,0,2
43666,Yudiit93,,2,0,2,2,0,2,0,0,0,0,6
43674,Spiribol,,3,0,3,3,0,3,0,0,0,0,6
43682,diezsoftware,,3,0,3,3,0,3,0,0,0,0,6
43685,Canalinmigrante,,3,0,3,3,0,3,0,0,0,0,6
43686,caesaautonomos,,3,0,3,3,0,3,0,0,0,0,0
43687,AENeoattack,,2,0,2,2,0,2,0,0,0,0,0
43688,encaTRADUCTORES,,2,0,2,2,0,2,0,0,0,0,0
43689,MiriamBaucells,,2,0,2,2,0,2,0,0,0,0,6
43696,elbrotemoderno,,3,0,3,3,0,3,0,0,0,0,0
43698,NeoAttack_,,2,0,2,2,0,2,0,0,0,0,0
43705,informa,,2,0,2,2,0,2,0,0,0,0,0
43714,ParkingPicasso,,2,0,2,2,0,2,0,0,0,0,1
43717,Dr_e_commerce,,3,0,3,3,0,3,0,0,0,0,4
43718,OrellanaBookker,,2,0,2,2,0,2,0,0,0,0,4
43719,LauraPlazaM,,2,0,2,2,0,2,0,0,0,0,0
43721,MYL_Abogados,,2,0,2,2,0,2,0,0,0,0,0
43722,granadacoaching,,3,0,3,3,0,3,0,0,0,0,6
43727,eCongressMalaga,,3,0,3,3,0,3,0,0,0,0,0
43728,ContactIntegral,,2,0,2,2,0,2,0,0,0,0,4
43735,SIGA98,,3,0,3,3,0,3,0,0,0,0,4
43736,CicloEstrellas,,3,0,3,3,0,3,0,0,0,0,0
43737,GabrielTriasDG,,2,0,2,2,0,2,0,0,0,0,6
43738,clubjuridico,,2,0,2,2,0,2,0,0,0,0,4
43739,Revista_Pymes,,3,0,3,3,0,3,0,0,0,0,4
43741,ExtensionismoM,,2,0,2,2,0,2,0,0,0,0,7
43743,hwitsenb,,2,0,2,2,0,2,0,0,0,0,6
43744,Artzain,,2,0,2,2,0,2,0,0,0,0,0
43751,eInforma,,2,0,2,2,0,2,0,0,0,0,2
43755,anapando9,,2,0,2,2,0,2,0,0,0,0,0
43756,terrazasnoche,,3,0,3,3,0,3,0,0,0,0,6
43759,bechtle_es,,2,0,2,2,0,2,0,0,0,0,0
43764,granadaenlamesa,,3,0,3,3,0,3,0,0,0,0,0
43765,Literariament,,3,0,3,3,0,3,0,0,0,0,0
43766,EGI_Group,,2,0,2,2,0,2,0,0,0,0,4
43773,BIOTECH_SI,,2,0,2,2,0,2,0,0,0,0,4
43774,david_blazquez,,3,0,3,3,0,3,0,0,0,0,0
43780,agroalimentando,,2,0,2,2,0,2,0,0,0,0,6
43781,LopezCantal,,3,0,3,3,0,3,0,0,0,0,0
43783,andresmmadero,,2,0,2,2,0,2,0,0,0,0,0
43788,alvaropascu,,2,0,2,2,0,2,0,0,0,0,0
43791,ResJuris,,3,0,3,3,0,3,0,0,0,0,6
43794,ActioGlobal_es,,2,0,2,2,0,2,0,0,0,0,2
43795,cdsalvadorgm,,3,0,3,3,0,3,0,0,0,0,0
43797,Dv9700,,3,0,3,3,0,3,0,0,0,0,4
43799,Manuelbarba84,,2,0,2,2,0,2,0,0,0,0,6
43802,alvarogrisales,,2,0,2,2,0,2,0,0,0,0,0
43804,ComengeBodega,,2,0,2,2,0,2,0,0,0,0,4
43809,mitontodromo,,2,0,2,2,0,2,0,0,0,0,1
43810,INJobs_Oficial,,2,0,2,2,0,2,0,0,0,0,4
43816,AcordiaMedia,,3,0,3,3,0,3,0,0,0,0,4
43819,marianUGR,,2,0,2,2,0,2,0,0,0,0,0
43820,grupo_altabir,,2,0,2,2,0,2,0,0,0,0,0
43823,d_delbarrioprat,,3,0,3,3,0,3,0,0,0,0,0
43826,lanzadeAlbolote,,2,0,2,2,0,2,0,0,0,0,0
43828,inEstudiantes,,3,0,3,3,0,3,0,0,0,0,6
43829,fpmarta,,2,0,2,2,0,2,0,0,0,0,4
43834,familia_empresa,,2,0,2,2,0,2,0,0,0,0,6
43835,LuciaDaSilvaS,,2,0,2,2,0,2,0,0,0,0,6
43837,BrandderES,,3,0,3,3,0,3,0,0,0,0,0
43838,FormaTFormacion,,2,0,2,2,0,2,0,0,0,0,6
43839,Asesoria27Mayo,,3,0,3,3,0,3,0,0,0,0,6
43840,flowerpauuer,,2,0,2,2,0,2,0,0,0,0,6
43842,EPE_UNED,,2,0,2,2,0,2,0,0,0,0,1
43844,raulplataforma,,3,0,3,3,0,3,0,0,0,0,6
43845,jferreiraq12,,2,0,2,2,0,2,0,0,0,0,5
43848,coachingsevilla,,2,0,2,2,0,2,0,0,0,0,6
43851,Miguel__Angel92,,3,0,3,3,0,3,0,0,0,0,6
43854,TuiimOficial,,2,0,2,2,0,2,0,0,0,0,0
43857,tradineur,,2,0,2,2,0,2,0,0,0,0,0
43861,pcarretero,,3,0,3,3,0,3,0,0,0,0,0
43865,Juansuarezdiaz,,2,0,2,2,0,2,0,0,0,0,6
43868,JesusVPerez,,2,0,2,2,0,2,0,0,0,0,0
43869,Ameliegap,,2,0,2,2,0,2,0,0,0,0,6
43870,AEyPolitica,,2,0,2,2,0,2,0,0,0,0,0
43871,ccssestudiantes,,2,0,2,2,0,2,0,0,0,0,6
43873,israeltusi,,3,0,3,3,0,3,0,0,0,0,6
43876,zaxerasolutions,,2,0,2,2,0,2,0,0,0,0,4
43877,lecsaobras,,3,0,3,3,0,3,0,0,0,0,0
43881,ManuelSanchezMo,,3,0,3,3,0,3,0,0,0,0,6
43883,Centro_Coaching,,2,0,2,2,0,2,0,0,0,0,4
43884,PanalesParaTodo,,2,0,2,2,0,2,0,0,0,0,0
43886,cfbiz,,2,0,2,2,0,2,0,0,0,0,1
43895,VctorMGarca,,3,0,3,3,0,3,0,0,0,0,0
43896,jmrodrip,,3,0,3,3,0,3,0,0,0,0,5
43897,ACADEMIAGAMARRA,,3,0,3,3,0,3,0,0,0,0,6
43898,mimoalcliente,,3,0,3,3,0,3,0,0,0,0,0
43899,Emprendedor_la,,2,0,2,2,0,2,0,0,0,0,0
43904,IAFAlicante,,2,0,2,2,0,2,0,0,0,0,4
43905,sergibenet,,2,0,2,2,0,2,0,0,0,0,4
43907,Geronimobcn,,2,0,2,2,0,2,0,0,0,0,0
43909,Puro_Sentido,,2,0,2,2,0,2,0,0,0,0,6
43911,ComunidadMillon,,3,0,3,3,0,3,0,0,0,0,8
43913,PMcMorosidad,,2,0,2,2,0,2,0,0,0,0,4
43920,AQ_Design,,2,0,2,2,0,2,0,0,0,0,6
43921,grupolanka,,2,0,2,2,0,2,0,0,0,0,0
43923,ramonscott,,2,0,2,2,0,2,0,0,0,0,6
43924,GradusGrana,,3,0,3,3,0,3,0,0,0,0,6
43925,RealestatePMA,,3,0,3,3,0,3,0,0,0,0,0
43937,SoftwareDELSOL,,3,0,3,3,0,3,0,0,0,0,4
43941,ElkargiES,,2,0,2,2,0,2,0,0,0,0,4
43942,gangasprint,,2,0,2,2,0,2,0,0,0,0,0
43944,Oscar_Sanchez_V,,2,0,2,2,0,2,0,0,0,0,4
43946,Sergio_SMS,,3,0,3,3,0,3,0,0,0,0,6
43948,SMC_ALICANTE,,2,0,2,2,0,2,0,0,0,0,4
43951,cursos_inem,,3,0,3,3,0,3,0,0,0,0,6
43953,AntRonda,,3,0,3,3,0,3,0,0,0,0,6
43954,Borja_Ramirez,,3,0,3,3,0,3,0,0,0,0,0
43955,FaicoHerrero,,2,0,2,2,0,2,0,0,0,0,4
43956,NochePalacio,,2,0,2,2,0,2,0,0,0,0,6
43957,raul_linan,,3,0,3,3,0,3,0,0,0,0,0
43958,IBERAVAL,,2,0,2,2,0,2,0,0,0,0,4
43961,VoulezBar,,3,0,3,3,0,3,0,0,0,0,0
43966,SuperContable,,2,0,2,2,0,2,0,0,0,0,4
43968,VentaLaCasucha,,3,0,3,3,0,3,0,0,0,0,0
43970,programacionS7,,2,0,2,2,0,2,0,0,0,0,6
43971,rosaallegue,,2,0,2,2,0,2,0,0,0,0,0
43972,adrianvllz,,2,0,2,2,0,2,0,0,0,0,0
43974,Dcr_congrong,,2,0,2,2,0,2,0,0,0,0,2
43977,CollegesWars,,2,0,2,2,0,2,0,0,0,0,6
43980,CurableSmoothie,,4,0,4,4,0,4,0,0,0,0,0
43981,FerCLopez,,3,0,3,3,0,3,0,0,0,0,0
43982,MarcosUrarte,,2,0,2,2,0,2,0,0,0,0,0
43983,DigadzS,,2,0,2,2,0,2,0,0,0,0,6
43986,ceosharks,,2,0,2,2,0,2,0,0,0,0,6
43987,ArtesanoCoach,,2,0,2,2,0,2,0,0,0,0,2
43990,mobiocasion,,2,0,2,2,0,2,0,0,0,0,2
43991,MarwanDaya,,2,0,2,2,0,2,0,0,0,0,2
43992,FernandoRRivera,,2,0,2,2,0,2,0,0,0,0,0
43993,dieguezgaytan,,3,0,3,3,0,3,0,0,0,0,6
43995,orgullorural2,,2,0,2,2,0,2,0,0,0,0,6
43999,TrastPuertaReal,,3,0,3,3,0,3,0,0,0,0,6
44001,razasdelmundo,,2,0,2,2,0,2,0,0,0,0,7
44003,RedCE_,,2,0,2,2,0,2,0,0,0,0,0
44005,ganaderoespacio,,2,0,2,2,0,2,0,0,0,0,6
44010,evemprendedores,,2,0,2,2,0,2,0,0,0,0,0
44011,paidverts_95,,2,0,2,2,0,2,0,0,0,0,6
44015,AlcalaPadilla,,3,0,3,3,0,3,0,0,0,0,6
44016,MPDLPracticas3,,3,0,3,3,0,3,0,0,0,0,6
44018,Contarapid,,2,0,2,2,0,2,0,0,0,0,4
44019,inexcursos,,3,0,3,3,0,3,0,0,0,0,1
44021,AvalCanarias,,2,0,2,2,0,2,0,0,0,0,0
44023,alma_alonsoo,,3,0,3,3,0,3,0,0,0,0,6
44024,Irenerumo,,2,0,2,2,0,2,0,0,0,0,6
44027,conorneill,,2,0,2,2,0,2,0,0,0,0,4
44030,juliaana1981,,2,0,2,2,0,2,0,0,0,0,0
44031,JaimePeinado,,2,0,2,2,0,2,0,0,0,0,6
44033,CUNEF,,2,0,2,2,0,2,0,0,0,0,4
44034,BufeteBuades,,2,0,2,2,0,2,0,0,0,0,6
44035,LauraRosalesH,,3,0,3,3,0,3,0,0,0,0,6
44036,PatriMazuelas,,3,0,3,3,0,3,0,0,0,0,6
44038,Annaisabeth,,2,0,2,2,0,2,0,0,0,0,6
44043,isauramartinr,,2,0,2,2,0,2,0,0,0,0,0
44046,sandra_mr7,,3,0,3,3,0,3,0,0,0,0,6
44048,092albol,,2,0,2,2,0,2,0,0,0,0,0
44050,Trevelez,,4,0,4,4,0,4,0,0,0,0,4
44053,VidrioGamesUGR,,3,0,3,3,0,3,0,0,0,0,6
44054,Rocioalp,,3,0,3,3,0,3,0,0,0,0,6
44057,LuisEnriqueMib,,2,0,2,2,0,2,0,0,0,0,0
44061,rafjuan,,2,0,2,2,0,2,0,0,0,0,0
44063,YRolRo,,2,0,2,2,0,2,0,0,0,0,0
44065,aarojoramirez,,2,0,2,2,0,2,0,0,0,0,6
44067,raultiru,,2,0,2,2,0,2,0,0,0,0,3
44069,holatiempy,,2,0,2,2,0,2,0,0,0,0,0
44070,CEAes_,,3,0,3,3,0,3,0,0,0,0,0
44072,socialetic,,3,0,3,3,0,3,0,0,0,0,6
44075,LuyCasado,,2,0,2,2,0,2,0,0,0,0,6
44076,Webloyalty_ES,,2,0,2,2,0,2,0,0,0,0,2
44078,Bioenergyberica,,3,0,3,3,0,3,0,0,0,0,1
44081,ClippingRRPP,,3,0,3,3,0,3,0,0,0,0,4
44082,educhip,,3,0,3,3,0,3,0,0,0,0,0
44085,JordiOviedo,,3,0,3,3,0,3,0,0,0,0,0
44088,Almeriagetup,,2,0,2,2,0,2,0,0,0,0,0
44089,SemanaEuropeaSS,,3,0,3,3,0,3,0,0,0,0,6
44090,Gafas_Magalasi,,3,0,3,3,0,3,0,0,0,0,6
44092,grxworkshop,,3,0,3,3,0,3,0,0,0,0,0
44094,VivaBenchmark,,2,0,2,2,0,2,0,0,0,0,4
44097,GanaderiayAgro,,3,0,3,3,0,3,0,0,0,0,0
44099,CSEFJaen,,2,0,2,2,0,2,0,0,0,0,6
44100,Kangapp,,2,0,2,2,0,2,0,0,0,0,4
44102,aleshammah,,3,0,3,3,0,3,0,0,0,0,6
44103,OnlineValles,,2,0,2,2,0,2,0,0,0,0,0
44104,intelsath,,2,0,2,2,0,2,0,0,0,0,4
44105,sancheze,,3,0,3,3,0,3,0,0,0,0,5
44106,PwCUS,,2,0,2,2,0,2,0,0,0,0,3
44108,doisercom,,3,0,3,3,0,3,0,0,0,0,0
44109,gabymenta,,3,0,3,3,0,3,0,0,0,0,0
44110,CrowdFundingBB,,2,0,2,2,0,2,0,0,0,0,8
44112,PromocionaMujer,,2,0,2,2,0,2,0,0,0,0,0
44114,MrPINTXO,,3,0,3,3,0,3,0,0,0,0,6
44115,RamiroPdelaB,,2,0,2,2,0,2,0,0,0,0,0
44117,compartir_mola,,3,0,3,3,0,3,0,0,0,0,0
44119,MATrabado,,3,0,3,3,0,3,0,0,0,0,0
44120,DerechoAdeB,,3,0,3,3,0,3,0,0,0,0,6
44121,3ADerechoADEUGR,,2,0,2,2,0,2,0,0,0,0,6
44122,emprendegranada,,2,0,2,2,0,2,0,0,0,0,0
44124,OcioTecnologia,,3,0,3,3,0,3,0,0,0,0,4
44126,MariaGCF88,,2,0,2,2,0,2,0,0,0,0,6
44129,nemexxis,,2,0,2,2,0,2,0,0,0,0,4
44133,tutellus,,3,0,3,3,0,3,0,0,0,0,1
44134,UnaPrincerda,,3,0,3,3,0,3,0,0,0,0,0
44135,WorldSportsFmly,,3,0,3,3,0,3,0,0,0,0,4
44136,20milproductos,,3,0,3,3,0,3,0,0,0,0,4
44140,GrMedicoDurango,,3,0,3,3,0,3,0,0,0,0,0
44142,obsso,,2,0,2,2,0,2,0,0,0,0,0
44146,hypatiaculture,,2,0,2,2,0,2,0,0,0,0,0
44149,DIRyGE,,3,0,3,3,0,3,0,0,0,0,4
44151,tbuades,,3,0,3,3,0,3,0,0,0,0,0
44152,Teinspira,,3,0,3,3,0,3,0,0,0,0,4
44155,xaviroca1,,2,0,2,2,0,2,0,0,0,0,5
44156,KPMG_ES,,3,0,3,3,0,3,0,0,0,0,3
44157,happylowcost,,3,0,3,3,0,3,0,0,0,0,0
44158,Canal_Banca,,3,0,3,3,0,3,0,0,0,0,6
44160,MuyPymes,,3,0,3,3,0,3,0,0,0,0,4
44163,radical_im,,2,0,2,2,0,2,0,0,0,0,0
44168,VidaEmprende,,2,0,2,2,0,2,0,0,0,0,0
44169,ClubFinanciero,,2,0,2,2,0,2,0,0,0,0,0
44173,FelixToran,,3,0,3,3,0,3,0,0,0,0,0
44177,Forbes_es,,2,0,2,2,0,2,0,0,0,0,0
44178,IanRodrguez,,3,0,3,3,0,3,0,0,0,0,6
44180,CCE_Coaching,,3,0,3,3,0,3,0,0,0,0,6
44181,Revista_EyN,,2,0,2,2,0,2,0,0,0,0,0
44182,marcosantonr,,3,0,3,3,0,3,0,0,0,0,4
44183,riquezafamiliar,,2,0,2,2,0,2,0,0,0,0,6
44184,EAE_B_School,,3,0,3,3,0,3,0,0,0,0,4
44188,eucordon,,2,0,2,2,0,2,0,0,0,0,2
44189,fjaq,,2,0,2,2,0,2,0,0,0,0,6
44190,rafacampa,,3,0,3,3,0,3,0,0,0,0,0
44191,belaixa,,2,0,2,2,0,2,0,0,0,0,6
44192,CISS_Soluciones,,2,0,2,2,0,2,0,0,0,0,4
44195,ENTENP2014,,2,0,2,2,0,2,0,0,0,0,5
44196,isidroperez,,2,0,2,2,0,2,0,0,0,0,0
44197,ivangarcia,,3,0,3,3,0,3,0,0,0,0,0
44202,JGabrielGarcia,,2,0,2,2,0,2,0,0,0,0,4
44205,Cronistacom,,2,0,2,2,0,2,0,0,0,0,6
44206,ElFinanciero_Mx,,3,0,3,3,0,3,0,0,0,0,0
44207,AntonioVChanal,,3,0,3,3,0,3,0,0,0,0,0
44212,BcnInspirapp,,2,0,2,2,0,2,0,0,0,0,0
44213,Saircol,,3,0,3,3,0,3,0,0,0,0,0
44214,verafevi,,2,0,2,2,0,2,0,0,0,0,2
44217,guillermoexaudi,,2,0,2,2,0,2,0,0,0,0,6
44218,AnaPorrasTeamF,,2,0,2,2,0,2,0,0,0,0,4
44221,IESEP,,2,0,2,2,0,2,0,0,0,0,0
44222,aruizmor,,3,0,3,3,0,3,0,0,0,0,0
44224,zafrajl,,2,0,2,2,0,2,0,0,0,0,0
44225,Vanesa_BM,,3,0,3,3,0,3,0,0,0,0,2
44227,luzonfj,,2,0,2,2,0,2,0,0,0,0,6
44228,Torreperogil,,2,0,2,2,0,2,0,0,0,0,2
44229,gutiker,,3,0,3,3,0,3,0,0,0,0,2
44234,csilvasantin,,3,0,3,3,0,3,0,0,0,0,4
44235,amplataugr,,2,0,2,2,0,2,0,0,0,0,4
44237,TiendaQuesos,,3,0,3,3,0,3,0,0,0,0,4
44238,VillorbinaGroup,,2,0,2,2,0,2,0,0,0,0,4
44239,Josemi_ASG,,2,0,2,2,0,2,0,0,0,0,0
44243,MadridEmprend,,3,0,3,3,0,3,0,0,0,0,0
44246,LaTrinchera,,3,0,3,3,0,3,0,0,0,0,2
44247,B2Publicidad,,5,0,5,5,0,5,0,0,0,0,6
44249,ImaginAccion_es,,3,0,3,3,0,3,0,0,0,0,0
44251,emprendecise,,3,0,3,3,0,3,0,0,0,0,4
44252,Tiburon_Zorro,,3,0,3,3,0,3,0,0,0,0,4
44254,ideas3w,,3,0,3,3,0,3,0,0,0,0,0
44255,Emprende_Club,,3,0,3,3,0,3,0,0,0,0,4
44258,FFIGlobal,,2,0,2,2,0,2,0,0,0,0,6
44261,IESEInsight,,3,0,3,3,0,3,0,0,0,0,0
44265,finanzascom,,3,0,3,3,0,3,0,0,0,0,4
44268,CarlosArbesu,,2,0,2,2,0,2,0,0,0,0,4
44272,manuelbermejo,,2,0,2,2,0,2,0,0,0,0,6
44274,eduestevezg,,2,0,2,2,0,2,0,0,0,0,4
44275,ManagementTip,,3,0,3,3,0,3,0,0,0,0,2
44276,asociacionAECA,,3,0,3,3,0,3,0,0,0,0,4
44277,FDescubre,,3,0,3,3,0,3,0,0,0,0,0
44278,SpiralStartups,,3,0,3,3,0,3,0,0,0,0,4
44280,iniciador,,3,0,3,3,0,3,0,0,0,0,4
44281,adecgranada,,3,0,3,3,0,3,0,0,0,0,6
44282,martin_pasadas,,2,0,2,2,0,2,0,0,0,0,6
44283,JosepTapies,,2,0,2,2,0,2,0,0,0,0,4
44285,nytimesbusiness,,3,0,3,3,0,3,0,0,0,0,2
44288,ideacciona,,2,0,2,2,0,2,0,0,0,0,0
44290,startVal,,3,0,3,3,0,3,0,0,0,0,6
44291,cite_granada,,3,0,3,3,0,3,0,0,0,0,4
44295,CampdenFB,,2,0,2,2,0,2,0,0,0,0,6
44298,BancajaUVigo,,2,0,2,2,0,2,0,0,0,0,5
44301,PlanEmprendedor,,3,0,3,3,0,3,0,0,0,0,4
44302,CEF_MN,,2,0,2,2,0,2,0,0,0,0,6
44303,iesebschool,,3,0,3,3,0,3,0,0,0,0,2
44304,CEFUA,,3,0,3,3,0,3,0,0,0,0,4
44305,AEFALICANTE,,2,0,2,2,0,2,0,0,0,0,4
44306,Fundesem,,2,0,2,2,0,2,0,0,0,0,4
44309,EmpreFam,,2,0,2,2,0,2,0,0,0,0,6
44311,EFCyL,,2,0,2,2,0,2,0,0,0,0,4
44313,Descuadrando,,4,0,4,4,0,4,0,0,0,0,0
44319,LCDelaviuda,,2,0,2,2,0,2,0,0,0,0,0
44327,minimalismbrand,,2,0,2,2,0,2,0,0,0,0,0
44331,DavidLiPeng,,3,0,3,3,0,3,0,0,0,0,2
44338,Rita_Maestre,,3,0,3,3,0,3,0,0,0,0,5
44339,TheDemocrats,,3,0,3,3,0,3,0,0,0,0,2
44340,IlhanMN,,2,0,2,2,0,2,0,0,0,0,2
44343,sundarpichai,,2,0,2,2,0,2,0,0,0,0,8
44345,SenWarren,,2,0,2,2,0,2,0,0,0,0,0
44346,airbnb_es,,3,0,3,3,0,3,0,0,0,0,8
44355,JosQuintana1,,2,0,2,2,0,2,0,0,0,0,0
44357,bearojiblanca,,2,0,2,2,0,2,0,0,0,0,6
44361,STEMAmericaInfo,,3,0,3,3,0,3,0,0,0,0,0
44368,dentsuESP,,2,0,2,2,0,2,0,0,0,0,0
44369,MKTG_Spain,,2,0,2,2,0,2,0,0,0,0,0
44383,salesforce,,3,0,3,3,0,3,0,0,0,0,1
44385,Enaris_MKT,,2,0,2,2,0,2,0,0,0,0,0
44390,EmprendeGastro,,2,0,2,2,0,2,0,0,0,0,0
44396,LEVIS,,3,0,3,3,0,3,0,0,0,0,2
44397,Nike,,3,0,3,3,0,3,0,0,0,0,8
44405,MeTooMVMT,,2,0,2,2,0,2,0,0,0,0,2
44408,TravelLeisure,,4,0,4,4,0,4,0,0,0,0,2
44409,CNTraveler,,4,0,4,4,0,4,0,0,0,0,7
44410,lyft,,4,0,4,4,0,4,0,0,0,0,7
44411,lonelyplanet,,3,0,3,3,0,3,0,0,0,0,2
44412,Airbnb,,3,0,3,3,0,3,0,0,0,0,1
44422,PangeaES,,3,0,3,3,0,3,0,0,0,0,4
44432,fabiomoioli,,2,0,2,2,0,2,0,0,0,0,0
44437,techradar,,3,0,3,3,0,3,0,0,0,0,7
44438,techreview,,3,0,3,3,0,3,0,0,0,0,2
44439,arstechnica,,3,0,3,3,0,3,0,0,0,0,2
44442,CNET,,3,0,3,3,0,3,0,0,0,0,2
44443,markets,,3,0,3,3,0,3,0,0,0,0,2
44444,AliasMalula,,2,0,2,2,0,2,0,0,0,0,0
44448,RexInnovato,,2,0,2,2,0,2,0,0,0,0,0
44449,RespiroDeporte,,2,0,2,2,0,2,0,0,0,0,0
44453,BloombergTV,,3,0,3,3,0,3,0,0,0,0,2
44455,Gvtarra,,3,0,3,3,0,3,0,0,0,0,0
44457,jimoreno78,,2,0,2,2,0,2,0,0,0,0,0
44461,lenriquega,,2,0,2,2,0,2,0,0,0,0,0
44462,bopki_es,,2,0,2,2,0,2,0,0,0,0,0
44472,trnd_es,,2,0,2,2,0,2,0,0,0,0,0
44476,betty_carvalho,,2,0,2,2,0,2,0,0,0,0,0
44478,G4G_Revenant,,2,0,2,2,0,2,0,0,0,0,6
44479,DonCiscone,,2,0,2,2,0,2,0,0,0,0,4
44485,jhernandezyoc,,2,0,2,2,0,2,0,0,0,0,0
44486,Schweppes_ES,,2,0,2,2,0,2,0,0,0,0,2
44489,CrisAlcazar,,3,0,3,3,0,3,0,0,0,0,0
44490,purivicente,,2,0,2,2,0,2,0,0,0,0,4
44494,MarcosdeQuinto,,2,0,2,2,0,2,0,0,0,0,0
44497,AlexanderCoctel,,2,0,2,2,0,2,0,0,0,0,0
44498,ICano7,,3,0,3,3,0,3,0,0,0,0,5
44502,Ana_Martin_R,,3,0,3,3,0,3,0,0,0,0,6
44504,jesusMKTG,,2,0,2,2,0,2,0,0,0,0,0
44506,Miryamm13,,2,0,2,2,0,2,0,0,0,0,0
44508,PedroAMuro,,3,0,3,3,0,3,0,0,0,0,5
44509,Emmi_GC,,2,0,2,2,0,2,0,0,0,0,2
44511,OscarSanchez,,3,0,3,3,0,3,0,0,0,0,6
44514,Elena_Minervae,,2,0,2,2,0,2,0,0,0,0,0
44518,valdemoro13,,3,0,3,3,0,3,0,0,0,0,0
44521,MAXGRANADA,,2,0,2,2,0,2,0,0,0,0,0
44524,InesdeBenavides,,2,0,2,2,0,2,0,0,0,0,0
44526,SiriouslySusan,,3,0,3,3,0,3,0,0,0,0,0
44529,FundacionBKT,,3,0,3,3,0,3,0,0,0,0,8
44530,jordi_hc,,2,0,2,2,0,2,0,0,0,0,0
44534,DanielMarfilV,,2,0,2,2,0,2,0,0,0,0,0
44535,madebygoogle,,2,0,2,2,0,2,0,0,0,0,4
44536,Waymo,,2,0,2,2,0,2,0,0,0,0,0
44541,AdSense,,3,0,3,3,0,3,0,0,0,0,2
44542,googleanalytics,,3,0,3,3,0,3,0,0,0,0,8
44543,googleearth,,3,0,3,3,0,3,0,0,0,0,2
44544,googlenexus,,3,0,3,3,0,3,0,0,0,0,0
44547,googledrive,,3,0,3,3,0,3,0,0,0,0,2
44548,googlemaps,,3,0,3,3,0,3,0,0,0,0,3
44549,googlecalendar,,2,0,2,2,0,2,0,0,0,0,0
44550,googlenews,,2,0,2,2,0,2,0,0,0,0,2
44551,GoogleAds,,3,0,3,3,0,3,0,0,0,0,2
44552,Ethieen,,2,0,2,2,0,2,0,0,0,0,0
44557,En_Orbitafest,,2,0,2,2,0,2,0,0,0,0,0
44562,GCPcloud,,3,0,3,3,0,3,0,0,0,0,8
44563,AWSstartups,,3,0,3,3,0,3,0,0,0,0,2
44570,FortniteGame,,2,0,2,2,0,2,0,0,0,0,6
44576,DMovies_org,,2,0,2,2,0,2,0,0,0,0,1
44577,LowFestival,,3,0,3,3,0,3,0,0,0,0,0
44578,secondmusic,,3,0,3,3,0,3,0,0,0,0,0
44579,n_mutantes,,3,0,3,3,0,3,0,0,0,0,0
44580,lahabitacionroj,,3,0,3,3,0,3,0,0,0,0,0
44584,PowerGamingES,,2,0,2,2,0,2,0,0,0,0,1
44586,AlsemAgro,,2,0,2,2,0,2,0,0,0,0,0
44587,AgroActualidad,,2,0,2,2,0,2,0,0,0,0,0
44591,University_ES,,2,0,2,2,0,2,0,0,0,0,1
44597,HeForShe,,3,0,3,3,0,3,0,0,0,0,1
44598,UNWomenWatch,,3,0,3,3,0,3,0,0,0,0,1
44599,unfoundation,,3,0,3,3,0,3,0,0,0,0,1
44601,gruposecuoya,,3,0,3,3,0,3,0,0,0,0,0
44611,womensmediacntr,,3,0,3,3,0,3,0,0,0,0,2
44623,cristinapm18,,2,0,2,2,0,2,0,0,0,0,2
44625,WIREDBusiness,,3,0,3,3,0,3,0,0,0,0,3
44626,jennydeluxe,,2,0,2,2,0,2,0,0,0,0,3
44636,raulmg2001,,2,0,2,2,0,2,0,0,0,0,0
44637,ignacioelolazar,,2,0,2,2,0,2,0,0,0,0,0
44641,AlvaroMKN,,2,0,2,2,0,2,0,0,0,0,1
44646,adidas,,3,0,3,3,0,3,0,0,0,0,2
44647,adidasoriginals,,3,0,3,3,0,3,0,0,0,0,2
44648,adidas_ES,,3,0,3,3,0,3,0,0,0,0,8
44649,Versusgamers,,2,0,2,2,0,2,0,0,0,0,2
44664,TheHRH,,2,0,2,2,0,2,0,0,0,0,0
44669,gemprojecmarket,,3,0,3,3,0,3,0,0,0,0,0
44670,cesartgil,,2,0,2,2,0,2,0,0,0,0,6
44676,pascalguyon,,2,0,2,2,0,2,0,0,0,0,3
44679,Pablo_Suarez_T,,2,0,2,2,0,2,0,0,0,0,0
44681,mellamanbe,,2,0,2,2,0,2,0,0,0,0,0
44688,BarringtonMole,,2,0,2,2,0,2,0,0,0,0,0
44691,SinghLions,,2,0,2,2,0,2,0,0,0,0,8
44693,EatsAndTwitts,,2,0,2,2,0,2,0,0,0,0,4
44695,rgonzalezromero,,3,0,3,3,0,3,0,0,0,0,6
44697,RCabanillasbis,,2,0,2,2,0,2,0,0,0,0,0
44701,DrHassanRashidi,,2,0,2,2,0,2,0,0,0,0,8
44702,chirag_kulkarni,,2,0,2,2,0,2,0,0,0,0,2
44704,CloudTalent_Hn,,2,0,2,2,0,2,0,0,0,0,4
44705,IntensoFS,,2,0,2,2,0,2,0,0,0,0,0
44711,JoePulizzi,,2,0,2,2,0,2,0,0,0,0,0
44714,GirlsinTech,,3,0,3,3,0,3,0,0,0,0,2
44715,GirlsWhoCode,,3,0,3,3,0,3,0,0,0,0,1
44716,WomenWhoCode,,2,0,2,2,0,2,0,0,0,0,0
44717,women2,,2,0,2,2,0,2,0,0,0,0,0
44722,AgendaOnline,,2,0,2,2,0,2,0,0,0,0,0
44723,humbertotweets,,2,0,2,2,0,2,0,0,0,0,0
44725,rokambola,,2,0,2,2,0,2,0,0,0,0,0
44726,llorenctorrades,,2,0,2,2,0,2,0,0,0,0,0
44727,MessoriMktg,,2,0,2,2,0,2,0,0,0,0,3
44728,IdeayMotivacion,,2,0,2,2,0,2,0,0,0,0,0
44729,max_nature,,2,0,2,2,0,2,0,0,0,0,0
44731,ricardollera,,2,0,2,2,0,2,0,0,0,0,6
44732,RDemileto,,2,0,2,2,0,2,0,0,0,0,0
44733,TecNovedosos,,2,0,2,2,0,2,0,0,0,0,0
44734,MartinGrabelin,,2,0,2,2,0,2,0,0,0,0,0
44740,lynxhollow,,2,0,2,2,0,2,0,0,0,0,0
44747,SBrabezo,,3,0,3,3,0,3,0,0,0,0,0
44748,GoodRebels,,4,0,4,4,0,4,0,0,0,0,4
44749,GMATgenius,,2,0,2,2,0,2,0,0,0,0,0
44752,GarbiMuguruza,,3,0,3,3,0,3,0,0,0,0,5
44753,TwitterSeguro,,3,0,3,3,0,3,0,0,0,0,2
44754,TwitterMktgES,,3,0,3,3,0,3,0,0,0,0,0
44761,amazon,,3,0,3,3,0,3,0,0,0,0,1
44765,gmat_club,,3,0,3,3,0,3,0,0,0,0,3
44766,beatthegmat,,3,0,3,3,0,3,0,0,0,0,3
44767,TopMBA,,3,0,3,3,0,3,0,0,0,0,2
44768,TheMBATour,,3,0,3,3,0,3,0,0,0,0,3
44769,uclaMBA,,2,0,2,2,0,2,0,0,0,0,3
44772,GeorgeAylett,,2,0,2,2,0,2,0,0,0,0,2
44775,UCLA,,3,0,3,3,0,3,0,0,0,0,7
44776,UCBerkeleyNews,,2,0,2,2,0,2,0,0,0,0,1
44777,Cal,,2,0,2,2,0,2,0,0,0,0,1
44785,Columbia_Biz,,3,0,3,3,0,3,0,0,0,0,1
44786,BerkeleyHaas,,3,0,3,3,0,3,0,0,0,0,2
44787,BerkeleyExecEd,,2,0,2,2,0,2,0,0,0,0,3
44788,ComercioJustoOI,,2,0,2,2,0,2,0,0,0,0,4
44790,foodtank,,2,0,2,2,0,2,0,0,0,0,0
44793,oxfamgb,,3,0,3,3,0,3,0,0,0,0,4
44794,FairtradeUK,,2,0,2,2,0,2,0,0,0,0,0
44796,melindagates,,3,0,3,3,0,3,0,0,0,0,0
44797,GlobalGiving,,3,0,3,3,0,3,0,0,0,0,7
44798,StartSomeGood,,2,0,2,2,0,2,0,0,0,0,0
44800,esFIAB,,3,0,3,3,0,3,0,0,0,0,0
44801,InforetailNews,,3,0,3,3,0,3,0,0,0,0,0
44802,financialfood,,3,0,3,3,0,3,0,0,0,0,0
44803,Alimarket,,2,0,2,2,0,2,0,0,0,0,0
44804,Alimarket_GCon,,3,0,3,3,0,3,0,0,0,0,0
44805,winniesun,,2,0,2,2,0,2,0,0,0,0,2
44807,ryanfoland,,3,0,3,3,0,3,0,0,0,0,8
44808,ShowoffByDesign,,2,0,2,2,0,2,0,0,0,0,0
44810,ZIwanczuk,,2,0,2,2,0,2,0,0,0,0,2
44812,truenomads,,4,0,4,4,0,4,0,0,0,0,4
44813,DanieltheBook,,2,0,2,2,0,2,0,0,0,0,7
44824,SBarnes,,3,0,3,3,0,3,0,0,0,0,7
44825,MichaelENichols,,2,0,2,2,0,2,0,0,0,0,2
44827,LeadToday,,3,0,3,3,0,3,0,0,0,0,0
44830,AnnTran_,,3,0,3,3,0,3,0,0,0,0,7
44831,2morrowknight,,2,0,2,2,0,2,0,0,0,0,2
44832,LollyDaskal,,3,0,3,3,0,3,0,0,0,0,1
44834,OIenGranada,,3,0,3,3,0,3,0,0,0,0,0
44836,HuffPostWomen,,3,0,3,3,0,3,0,0,0,0,2
44837,ForbesWomen,,3,0,3,3,0,3,0,0,0,0,2
44839,alispagnola,,3,0,3,3,0,3,0,0,0,0,0
44840,rogerhamilton,,3,0,3,3,0,3,0,0,0,0,2
44841,CynthiaLIVE,,3,0,3,3,0,3,0,0,0,0,0
44842,CadeRageous,,2,0,2,2,0,2,0,0,0,0,3
44848,kicolara,,2,0,2,2,0,2,0,0,0,0,0
44852,ProdisaComunica,,3,0,3,3,0,3,0,0,0,0,0
44854,elenamartinpe,,2,0,2,2,0,2,0,0,0,0,0
44855,johnrampton,,3,0,3,3,0,3,0,0,0,0,2
44856,DigitalTrends,,4,0,4,4,0,4,0,0,0,0,6
44858,VAICTOR72,,2,0,2,2,0,2,0,0,0,0,0
44859,al_cebrian,,2,0,2,2,0,2,0,0,0,0,0
44873,NancyRichmond,,2,0,2,2,0,2,0,0,0,0,2
44881,RaminNasibov,,2,0,2,2,0,2,0,0,0,0,4
44886,StartupPro,,3,0,3,3,0,3,0,0,0,0,8
44889,NitishDhiman,,2,0,2,2,0,2,0,0,0,0,2
44892,vickypuleva,,2,0,2,2,0,2,0,0,0,0,0
44893,DMAC_Canada,,2,0,2,2,0,2,0,0,0,0,7
44897,HubSpot,,3,0,3,3,0,3,0,0,0,0,0
44898,juliaplozano,,3,0,3,3,0,3,0,0,0,0,0
44909,citrix,,2,0,2,2,0,2,0,0,0,0,1
44912,iediversity,,2,0,2,2,0,2,0,0,0,0,4
44919,JaviCanoHernan,,2,0,2,2,0,2,0,0,0,0,0
44921,IFespagne,,3,0,3,3,0,3,0,0,0,0,0
44922,DMTrends,,3,0,3,3,0,3,0,0,0,0,4
44924,javivican,,2,0,2,2,0,2,0,0,0,0,0
44925,pepecuenca,,2,0,2,2,0,2,0,0,0,0,0
44926,El_RRI,,2,0,2,2,0,2,0,0,0,0,6
44928,Transmedia4life,,3,0,3,3,0,3,0,0,0,0,4
44929,isa_iglesias_al,,2,0,2,2,0,2,0,0,0,0,0
44930,EdUSASpain,,3,0,3,3,0,3,0,0,0,0,4
44935,nielsen,,3,0,3,3,0,3,0,0,0,0,2
44936,Kantar_UKI,,2,0,2,2,0,2,0,0,0,0,0
44937,luispereabcn,,2,0,2,2,0,2,0,0,0,0,6
44938,larrykim,,3,0,3,3,0,3,0,0,0,0,2
44939,joverbra,,2,0,2,2,0,2,0,0,0,0,0
44940,Brand,,3,0,3,3,0,3,0,0,0,0,3
44944,Hero_Spain,,2,0,2,2,0,2,0,0,0,0,0
44948,WholeFoods,,2,0,2,2,0,2,0,0,0,0,2
44949,epicurious,,2,0,2,2,0,2,0,0,0,0,5
44950,bonappetit,,2,0,2,2,0,2,0,0,0,0,7
44951,michaelpollan,,2,0,2,2,0,2,0,0,0,0,0
44952,edXOnline,,4,0,4,4,0,4,0,0,0,0,8
44953,davidjmalan,,2,0,2,2,0,2,0,0,0,0,3
44954,cs50,,2,0,2,2,0,2,0,0,0,0,3
44958,TwitterBusiness,,2,0,2,2,0,2,0,0,0,0,0
44966,TopInfluencer_,,3,0,3,3,0,3,0,0,0,0,0
44967,Nacho_GRX,,2,0,2,2,0,2,0,0,0,0,0
44969,tude23,,2,0,2,2,0,2,0,0,0,0,0
44970,Lady_Piz,,2,0,2,2,0,2,0,0,0,0,0
44972,Starbucks,,3,0,3,3,0,3,0,0,0,0,1
44974,stanforddschool,,2,0,2,2,0,2,0,0,0,0,1
44975,tseelig,,2,0,2,2,0,2,0,0,0,0,0
44977,ConsuladoEspSF,,2,0,2,2,0,2,0,0,0,0,4
44980,iPhone_News,,4,0,4,4,0,4,0,0,0,0,3
44981,MarketWatch,,3,0,3,3,0,3,0,0,0,0,2
44985,lolilme,,2,0,2,2,0,2,0,0,0,0,0
44986,_pilarcriado,,2,0,2,2,0,2,0,0,0,0,0
44990,ESLeducationES,,3,0,3,3,0,3,0,0,0,0,1
44991,MARTINETEMADRID,,3,0,3,3,0,3,0,0,0,0,0
44995,mrvizan,,2,0,2,2,0,2,0,0,0,0,0
44997,Labestia3,,3,0,3,3,0,3,0,0,0,0,4
44999,Alberto_Martin1,,2,0,2,2,0,2,0,0,0,0,0
45000,ululeES,,2,0,2,2,0,2,0,0,0,0,0
45001,Oskar_Gon_Uri,,2,0,2,2,0,2,0,0,0,0,0
45002,Guud,,3,0,3,3,0,3,0,0,0,0,0
45003,Alandaproductos,,3,0,3,3,0,3,0,0,0,0,4
45004,admetricks,,3,0,3,3,0,3,0,0,0,0,0
45005,moedetriana,,5,0,5,5,0,5,0,0,0,0,5
45006,SenoritaPuri,,4,0,4,4,0,4,0,0,0,0,0
45007,SIDN_es,,3,0,3,3,0,3,0,0,0,0,0
45008,doctor24_es,,2,0,2,2,0,2,0,0,0,0,0
45009,Izanami_es,,2,0,2,2,0,2,0,0,0,0,0
45010,meligalarza,,2,0,2,2,0,2,0,0,0,0,0
45012,mendezjuanan,,2,0,2,2,0,2,0,0,0,0,0
45013,carolnunezdefez,,2,0,2,2,0,2,0,0,0,0,2
45015,food_retail,,2,0,2,2,0,2,0,0,0,0,0
45017,LikesCero,,2,0,2,2,0,2,0,0,0,0,5
45018,ferjerez,,2,0,2,2,0,2,0,0,0,0,4
45019,raqsanchezsilva,,3,0,3,3,0,3,0,0,0,0,5
45020,Audiense_es,,3,0,3,3,0,3,0,0,0,0,0
45023,celiafloresss,,2,0,2,2,0,2,0,0,0,0,5
45025,FIONAFERRER,,3,0,3,3,0,3,0,0,0,0,4
45026,BodegasMunana,,3,0,3,3,0,3,0,0,0,0,0
45029,BorjaGDC,,2,0,2,2,0,2,0,0,0,0,2
45031,NachoPulover,,2,0,2,2,0,2,0,0,0,0,0
45033,gomezdelpozuelo,,3,0,3,3,0,3,0,0,0,0,4
45034,anamariallopis,,2,0,2,2,0,2,0,0,0,0,4
45036,CasaSalvadorMad,,2,0,2,2,0,2,0,0,0,0,0
45037,alarno,,2,0,2,2,0,2,0,0,0,0,0
45038,baratukin,,2,0,2,2,0,2,0,0,0,0,6
45039,IWF,,3,0,3,3,0,3,0,0,0,0,2
45040,MarioJohnson_,,3,0,3,3,0,3,0,0,0,0,0
45041,pedropablogdl,,2,0,2,2,0,2,0,0,0,0,2
45043,_sentisis,,2,0,2,2,0,2,0,0,0,0,0
45044,dimeseoes,,3,0,3,3,0,3,0,0,0,0,5
45045,TricicloMadrid,,2,0,2,2,0,2,0,0,0,0,0
45046,Tecnifood,,2,0,2,2,0,2,0,0,0,0,0
45050,atresmediacom,,4,0,4,4,0,4,0,0,0,0,5
45051,havas,,2,0,2,2,0,2,0,0,0,0,2
45053,dpuertaconejero,,2,0,2,2,0,2,0,0,0,0,0
45054,cinacio06,,2,0,2,2,0,2,0,0,0,0,0
45056,marketingmanu,,2,0,2,2,0,2,0,0,0,0,0
45057,QiqeDacosta,,3,0,3,3,0,3,0,0,0,0,0
45058,Alacena_Monjas,,3,0,3,3,0,3,0,0,0,0,0
45059,agusmadariaga,,2,0,2,2,0,2,0,0,0,0,0
45060,marketingandweb,,3,0,3,3,0,3,0,0,0,0,5
45061,QuieroTriunfar,,2,0,2,2,0,2,0,0,0,0,6
45062,DelicatessenClu,,3,0,3,3,0,3,0,0,0,0,0
45070,Marian_CG,,2,0,2,2,0,2,0,0,0,0,0
45073,AliciaJM1,,2,0,2,2,0,2,0,0,0,0,6
45075,SocialFood_,,2,0,2,2,0,2,0,0,0,0,0
45078,rafamauleon,,2,0,2,2,0,2,0,0,0,0,0
45079,HAUPOLD,,2,0,2,2,0,2,0,0,0,0,0
45081,MiriamAdvei,,3,0,3,3,0,3,0,0,0,0,4
45084,calamarooficial,,2,0,2,2,0,2,0,0,0,0,0
45085,CervezaMica,,2,0,2,2,0,2,0,0,0,0,0
45087,ahorraomuere,,2,0,2,2,0,2,0,0,0,0,1
45088,adveispain,,2,0,2,2,0,2,0,0,0,0,6
45089,Dabizdiverxo,,2,0,2,2,0,2,0,0,0,0,0
45094,jmgonzalezponce,,2,0,2,2,0,2,0,0,0,0,4
45095,estrellagalicia,,3,0,3,3,0,3,0,0,0,0,4
45096,EstrellaDammEs,,3,0,3,3,0,3,0,0,0,0,2
45097,PatriciaBehisa,,3,0,3,3,0,3,0,0,0,0,0
45101,rogerllj,,2,0,2,2,0,2,0,0,0,0,0
45102,CultureLabTS_,,2,0,2,2,0,2,0,0,0,0,0
45103,Skype,,3,0,3,3,0,3,0,0,0,0,4
45104,pensarenpsicolo,,2,0,2,2,0,2,0,0,0,0,4
45105,elle_es,,4,0,4,4,0,4,0,0,0,0,0
45107,Desarrollo_Pers,,3,0,3,3,0,3,0,0,0,0,0
45108,hemocional,,3,0,3,3,0,3,0,0,0,0,4
45110,goIDIglobal,,3,0,3,3,0,3,0,0,0,0,4
45111,Rafael_Vidac,,3,0,3,3,0,3,0,0,0,0,0
45112,RoyGrillo,,2,0,2,2,0,2,0,0,0,0,6
45114,LeeMktOnline,,3,0,3,3,0,3,0,0,0,0,4
45115,monicaaparicioo,,3,0,3,3,0,3,0,0,0,0,0
45120,chefdelmar,,3,0,3,3,0,3,0,0,0,0,0
45121,gastroeconomy,,3,0,3,3,0,3,0,0,0,0,0
45122,danigarcia_ca,,4,0,4,4,0,4,0,0,0,0,0
45123,madridfusion,,3,0,3,3,0,3,0,0,0,0,0
45124,vidabienestarsa,,3,0,3,3,0,3,0,0,0,0,0
45125,jordirocasan,,3,0,3,3,0,3,0,0,0,0,0
45127,gourmetjournal,,3,0,3,3,0,3,0,0,0,0,0
45132,TriasBiscuits,,2,0,2,2,0,2,0,0,0,0,6
45135,gmfoodiberica,,2,0,2,2,0,2,0,0,0,0,7
45137,Neorgsite,,2,0,2,2,0,2,0,0,0,0,0
45142,i_mtza,,2,0,2,2,0,2,0,0,0,0,0
45144,ladyaddict,,3,0,3,3,0,3,0,0,0,0,0
45145,LovelyPepa,,2,0,2,2,0,2,0,0,0,0,0
45146,Trend_Actually,,2,0,2,2,0,2,0,0,0,0,4
45148,jordiinbound,,2,0,2,2,0,2,0,0,0,0,4
45149,directopaladar,,3,0,3,3,0,3,0,0,0,0,0
45150,Dimequecomes,,3,0,3,3,0,3,0,0,0,0,0
45151,mimosparamama,,2,0,2,2,0,2,0,0,0,0,4
45153,ATRENDYLIFE,,3,0,3,3,0,3,0,0,0,0,0
45157,AlvaroGM23,,2,0,2,2,0,2,0,0,0,0,0
45159,comuniqar,,3,0,3,3,0,3,0,0,0,0,0
45161,salvadorbiedma,,3,0,3,3,0,3,0,0,0,0,0
45164,viejovenes_,,2,0,2,2,0,2,0,0,0,0,5
45165,PacoRoncero,,3,0,3,3,0,3,0,0,0,0,0
45166,enjutomojamuto,,3,0,3,3,0,3,0,0,0,0,0
45167,alexroviracelma,,3,0,3,3,0,3,0,0,0,0,0
45169,LuisSerranoR,,3,0,3,3,0,3,0,0,0,0,0
45171,adolfocorujo,,2,0,2,2,0,2,0,0,0,0,2
45173,Orange3,,2,0,2,2,0,2,0,0,0,0,0
45174,dkroy,,2,0,2,2,0,2,0,0,0,0,4
45175,RealPepeAyala,,3,0,3,3,0,3,0,0,0,0,2
45178,AudienseCo,,3,0,3,3,0,3,0,0,0,0,4
45179,martuki___,,2,0,2,2,0,2,0,0,0,0,0
45180,george_granada,,3,0,3,3,0,3,0,0,0,0,0
45182,nelsonbocaranda,,3,0,3,3,0,3,0,0,0,0,0
45183,LabPuntoceroUE,,2,0,2,2,0,2,0,0,0,0,6
45184,dickc,,3,0,3,3,0,3,0,0,0,0,2
45188,Almaflopez,,3,0,3,3,0,3,0,0,0,0,0
45189,vitonica,,2,0,2,2,0,2,0,0,0,0,0
45190,muyenforma,,2,0,2,2,0,2,0,0,0,0,0
45191,pfizer_spain,,2,0,2,2,0,2,0,0,0,0,5
45192,pulevasalud,,3,0,3,3,0,3,0,0,0,0,3
45194,pedroj_ramirez,,4,0,4,4,0,4,0,0,0,0,0
45195,hootsuite,,4,0,4,4,0,4,0,0,0,0,4
45197,mashable,,4,0,4,4,0,4,0,0,0,0,1
45198,fernandocaratw,,3,0,3,3,0,3,0,0,0,0,0
45200,CashMobGranada,,3,0,3,3,0,3,0,0,0,0,0
45203,FoxBusiness,,2,0,2,2,0,2,0,0,0,0,6
45204,Ladamasignada,,2,0,2,2,0,2,0,0,0,0,0
45205,MariaTavera_,,2,0,2,2,0,2,0,0,0,0,0
45207,oficinadeempleo,,2,0,2,2,0,2,0,0,0,0,4
45208,peclaveria,,3,0,3,3,0,3,0,0,0,0,0
45209,_AmancioOrtega,,2,0,2,2,0,2,0,0,0,0,2
45212,devex,,3,0,3,3,0,3,0,0,0,0,7
45213,benetton,,2,0,2,2,0,2,0,0,0,0,0
45215,kevinrose,,3,0,3,3,0,3,0,0,0,0,7
45217,guardiantech,,3,0,3,3,0,3,0,0,0,0,2
45223,TheSUatUWE,,3,0,3,3,0,3,0,0,0,0,1
45228,tublogdecine,,3,0,3,3,0,3,0,0,0,0,0
45232,innovaser2010,,3,0,3,3,0,3,0,0,0,0,0
45233,sergio_marquez_,,3,0,3,3,0,3,0,0,0,0,0
45235,UPyDCongreso,,2,0,2,2,0,2,0,0,0,0,0
45237,applenws,,3,0,3,3,0,3,0,0,0,0,1
45238,Rhymisms,,2,0,2,2,0,2,0,0,0,0,2
45239,Azimuth_Spain,,3,0,3,3,0,3,0,0,0,0,0
45240,cachelo19,,2,0,2,2,0,2,0,0,0,0,0
45255,USPCEU,,3,0,3,3,0,3,0,0,0,0,2
45258,Vicedecano_NTRS,,2,0,2,2,0,2,0,0,0,0,0
45259,uatpsico,,2,0,2,2,0,2,0,0,0,0,0
45260,CardiganGreen,,2,0,2,2,0,2,0,0,0,0,0
45262,luzrello,,2,0,2,2,0,2,0,0,0,0,0
45263,ADYVUMU,,2,0,2,2,0,2,0,0,0,0,6
45265,Viatoraldia,,2,0,2,2,0,2,0,0,0,0,0
45266,alvarohernandec,,2,0,2,2,0,2,0,0,0,0,0
45271,mofernam,,2,0,2,2,0,2,0,0,0,0,0
45272,garciapage,,2,0,2,2,0,2,0,0,0,0,6
45274,iagronomos,,2,0,2,2,0,2,0,0,0,0,0
45277,IfapaJunta,,2,0,2,2,0,2,0,0,0,0,4
45286,MariaJRamos1,,2,0,2,2,0,2,0,0,0,0,0
45290,uniradio,,3,0,3,3,0,3,0,0,0,0,2
45298,AlmerienseHarto,,3,0,3,3,0,3,0,0,0,0,0
45305,LigoteosUAL,,2,0,2,2,0,2,0,0,0,0,6
45306,UALnews,,2,0,2,2,0,2,0,0,0,0,5
45314,downjaen,,2,0,2,2,0,2,0,0,0,0,4
45318,GRANSEISMO,,2,0,2,2,0,2,0,0,0,0,4
45319,Adisgua,,2,0,2,2,0,2,0,0,0,0,0
45321,Discapacitron,,2,0,2,2,0,2,0,0,0,0,0
45325,VoluntaUAL,,3,0,3,3,0,3,0,0,0,0,6
45327,Discalvida,,2,0,2,2,0,2,0,0,0,0,0
45329,DeporteDiscaBA,,2,0,2,2,0,2,0,0,0,0,0
45330,Almeria360,,4,0,4,4,0,4,0,0,0,0,0
45331,Vidasolidaria,,2,0,2,2,0,2,0,0,0,0,0
45332,TurAccesible,,2,0,2,2,0,2,0,0,0,0,0
45333,levantealmeria,,2,0,2,2,0,2,0,0,0,0,0
45338,KikeMoreta,,2,0,2,2,0,2,0,0,0,0,0
45339,almeriactiva,,2,0,2,2,0,2,0,0,0,0,0
45340,ALCERF,,2,0,2,2,0,2,0,0,0,0,0
45345,argaralmeria,,2,0,2,2,0,2,0,0,0,0,4
45347,odiscapacidad,,2,0,2,2,0,2,0,0,0,0,0
45349,Independi_es,,2,0,2,2,0,2,0,0,0,0,0
45350,eltomatemasrico,,2,0,2,2,0,2,0,0,0,0,0
45352,anuarioalmeria,,2,0,2,2,0,2,0,0,0,0,0
45356,Destino_AND,,5,0,5,5,0,5,0,0,0,0,4
45358,FP_Monguio,,2,0,2,2,0,2,0,0,0,0,0
45359,7TVAndalucia,,3,0,3,3,0,3,0,0,0,0,0
45360,cancerinfantil,,2,0,2,2,0,2,0,0,0,0,0
45361,CabodeGataNjar,,4,0,4,4,0,4,0,0,0,0,0
45362,turalmeria,,2,0,2,2,0,2,0,0,0,0,0
45363,cabodegatanijar,,2,0,2,2,0,2,0,0,0,0,4
45364,almeriaurban,,4,0,4,4,0,4,0,0,0,0,0
45366,CasaRonaldMLG,,2,0,2,2,0,2,0,0,0,0,0
45368,ATemprana,,2,0,2,2,0,2,0,0,0,0,0
45369,FundIsabelGemio,,3,0,3,3,0,3,0,0,0,0,4
45371,A_valentinucles,,2,0,2,2,0,2,0,0,0,0,0
45374,Jsa_AlmeriaCep,,2,0,2,2,0,2,0,0,0,0,0
45375,inesplazapsoe,,3,0,3,3,0,3,0,0,0,0,0
45377,AlmeriaDirecto,,4,0,4,4,0,4,0,0,0,0,0
45379,OndaCeroAlmeria,,3,0,3,3,0,3,0,0,0,0,0
45385,ParkinsonFEP,,2,0,2,2,0,2,0,0,0,0,4
45386,calidadACSA,,2,0,2,2,0,2,0,0,0,0,0
45389,LanzaderaAlm,,3,0,3,3,0,3,0,0,0,0,0
45391,T_interesa,,2,0,2,2,0,2,0,0,0,0,0
45393,SUPERCUIDADORES,,2,0,2,2,0,2,0,0,0,0,4
45397,AccityMAPS,,2,0,2,2,0,2,0,0,0,0,0
45398,antonioriosluna,,2,0,2,2,0,2,0,0,0,0,0
45401,IngenieriaUE,,3,0,3,3,0,3,0,0,0,0,0
45413,SGonzalezHueso,,2,0,2,2,0,2,0,0,0,0,0
45417,CurroLucas,,3,0,3,3,0,3,0,0,0,0,0
45419,Hazloposible,,3,0,3,3,0,3,0,0,0,0,4
45422,inmaculadaramos,,2,0,2,2,0,2,0,0,0,0,0
45424,OndaCeroElEjido,,2,0,2,2,0,2,0,0,0,0,0
45426,JuanfranFilm,,2,0,2,2,0,2,0,0,0,0,0
45429,teleprensa,,3,0,3,3,0,3,0,0,0,0,0
45430,AlfredCasas,,3,0,3,3,0,3,0,0,0,0,0
45434,ARepullo,,2,0,2,2,0,2,0,0,0,0,0
45436,ConEspasticidad,,3,0,3,3,0,3,0,0,0,0,0
45437,edusimononieva,,2,0,2,2,0,2,0,0,0,0,0
45438,M_RODRIGUEZG,,2,0,2,2,0,2,0,0,0,0,0
45440,AytoRoquetas,,3,0,3,3,0,3,0,0,0,0,0
45451,Attempranaand,,2,0,2,2,0,2,0,0,0,0,0
45455,Almu_s,,2,0,2,2,0,2,0,0,0,0,0
45459,OcioAlmeria,,3,0,3,3,0,3,0,0,0,0,0
45460,APIS_VA,,2,0,2,2,0,2,0,0,0,0,0
45464,AlmeriaComercio,,2,0,2,2,0,2,0,0,0,0,0
45465,BraDa_Almeria,,2,0,2,2,0,2,0,0,0,0,0
45468,afialalmeria,,2,0,2,2,0,2,0,0,0,0,0
45469,COAGAlmeria,,3,0,3,3,0,3,0,0,0,0,0
45470,AlmeriaExiste,,3,0,3,3,0,3,0,0,0,0,0
45471,AlmeriaOfficial,,4,0,4,4,0,4,0,0,0,0,0
45474,laoficinalmeria,,2,0,2,2,0,2,0,0,0,0,0
45475,CruzRojaAlmeria,,4,0,4,4,0,4,0,0,0,0,0
45476,AlmeriaTourism,,3,0,3,3,0,3,0,0,0,0,0
45479,LolaGonzalezG,,3,0,3,3,0,3,0,0,0,0,0
45480,Costa_Almeria,,5,0,5,5,0,5,0,0,0,0,0
45481,nnggalmeria,,2,0,2,2,0,2,0,0,0,0,0
45482,UALContratacion,,3,0,3,3,0,3,0,0,0,0,4
45483,Lola_Haro,,3,0,3,3,0,3,0,0,0,0,6
45484,Almeria_Aerea,,3,0,3,3,0,3,0,0,0,0,0
45486,LuisRogelioLRRC,,2,0,2,2,0,2,0,0,0,0,0
45487,ALMERIA_HOY,,2,0,2,2,0,2,0,0,0,0,0
45488,EscuelaVentasAL,,2,0,2,2,0,2,0,0,0,0,0
45489,Juanmalopez11,,3,0,3,3,0,3,0,0,0,0,0
45492,NrumboAsoc,,2,0,2,2,0,2,0,0,0,0,0
45493,yosoydelaual,,2,0,2,2,0,2,0,0,0,0,0
45500,comedorual,,2,0,2,2,0,2,0,0,0,0,0
45504,COAATIEALMERIA,,2,0,2,2,0,2,0,0,0,0,0
45506,opinionalmeria,,2,0,2,2,0,2,0,0,0,0,0
45507,almerialovers,,5,0,5,5,0,5,0,0,0,0,0
45508,_carocalvo,,2,0,2,2,0,2,0,0,0,0,0
45509,cysoc_ual,,2,0,2,2,0,2,0,0,0,0,0
45511,PosidoniaUAL,,2,0,2,2,0,2,0,0,0,0,0
45513,MimpPeru,,2,0,2,2,0,2,0,0,0,0,2
45514,MTPE_Peru,,2,0,2,2,0,2,0,0,0,0,2
45515,MidisPeru,,2,0,2,2,0,2,0,0,0,0,2
45517,manzaleon,,2,0,2,2,0,2,0,0,0,0,0
45518,_LaGuajira,,2,0,2,2,0,2,0,0,0,0,0
45541,AP_APAlmeria,,2,0,2,2,0,2,0,0,0,0,0
45542,COCEMFEHuelva,,3,0,3,3,0,3,0,0,0,0,0
45543,FEGADI,,2,0,2,2,0,2,0,0,0,0,0
45554,HackLabAl,,2,0,2,2,0,2,0,0,0,0,0
45557,esi_ual,,2,0,2,2,0,2,0,0,0,0,0
45563,josemaria140706,,2,0,2,2,0,2,0,0,0,0,0
45565,FundacionRepsol,,2,0,2,2,0,2,0,0,0,0,0
45578,RocioPGomez,,2,0,2,2,0,2,0,0,0,0,0
45580,AtorresAntonio,,2,0,2,2,0,2,0,0,0,0,0
45583,covadongaporrua,,3,0,3,3,0,3,0,0,0,0,0
45584,jesusvigorra,,3,0,3,3,0,3,0,0,0,0,0
45600,FormaInnovaUPO,,2,0,2,2,0,2,0,0,0,0,0
45607,juandeque,,3,0,3,3,0,3,0,0,0,0,0
45613,etitulo,,2,0,2,2,0,2,0,0,0,0,0
45619,davider1234,,2,0,2,2,0,2,0,0,0,0,0
45621,form_deportiva,,2,0,2,2,0,2,0,0,0,0,0
45623,DemandaTrabajo,,2,0,2,2,0,2,0,0,0,0,0
45624,radiocactus_OL,,2,0,2,2,0,2,0,0,0,0,0
45628,SalaPrensaUNAM,,2,0,2,2,0,2,0,0,0,0,0
45631,venAlmeria,,2,0,2,2,0,2,0,0,0,0,0
45633,salva_moya,,2,0,2,2,0,2,0,0,0,0,0
45634,UCO_ORI,,3,0,3,3,0,3,0,0,0,0,4
45636,ual_humanidades,,2,0,2,2,0,2,0,0,0,0,5
45638,empleONcom,,3,0,3,3,0,3,0,0,0,0,0
45640,aeprotocolo,,3,0,3,3,0,3,0,0,0,0,4
45641,Fcl90,,2,0,2,2,0,2,0,0,0,0,0
45647,CulturaViator,,2,0,2,2,0,2,0,0,0,0,0
45654,8tvandalucia,,4,0,4,4,0,4,0,0,0,0,0
45659,INNOVAticiascom,,3,0,3,3,0,3,0,0,0,0,4
45663,CienciaCercana,,2,0,2,2,0,2,0,0,0,0,4
45668,MiguelCarceles,,4,0,4,4,0,4,0,0,0,0,0
45670,FranGavilan,,3,0,3,3,0,3,0,0,0,0,0
45671,ISICEspana,,3,0,3,3,0,3,0,0,0,0,0
45672,Adartia,,2,0,2,2,0,2,0,0,0,0,0
45675,ArellanoValero,,2,0,2,2,0,2,0,0,0,0,6
45677,viewnext,,2,0,2,2,0,2,0,0,0,0,4
45678,ondalocalemartv,,2,0,2,2,0,2,0,0,0,0,0
45680,FernandoFAriza,,3,0,3,3,0,3,0,0,0,0,0
45682,Buscarempleo_es,,3,0,3,3,0,3,0,0,0,0,0
45688,UBAonline,,3,0,3,3,0,3,0,0,0,0,2
45692,plataxlasmarcas,,2,0,2,2,0,2,0,0,0,0,0
45693,SaberUniv,,3,0,3,3,0,3,0,0,0,0,6
45694,IAT,,2,0,2,2,0,2,0,0,0,0,0
45695,AgropolisCO,,3,0,3,3,0,3,0,0,0,0,4
45696,clasijazz,,2,0,2,2,0,2,0,0,0,0,0
45705,launioncorp,,2,0,2,2,0,2,0,0,0,0,0
45707,AndaluciaSabor,,3,0,3,3,0,3,0,0,0,0,0
45709,clenguasual,,3,0,3,3,0,3,0,0,0,0,0
45710,cpc_ual,,2,0,2,2,0,2,0,0,0,0,0
45712,titosanu,,2,0,2,2,0,2,0,0,0,0,0
45713,actaverbum,,3,0,3,3,0,3,0,0,0,0,1
45714,TejadaG,,2,0,2,2,0,2,0,0,0,0,0
45715,RevistaRETEMA,,2,0,2,2,0,2,0,0,0,0,1
45716,AQHT_TVE,,3,0,3,3,0,3,0,0,0,0,0
45719,ualinformatica,,2,0,2,2,0,2,0,0,0,0,0
45720,cvalmeria,,3,0,3,3,0,3,0,0,0,0,0
45721,franmurciaverdu,,2,0,2,2,0,2,0,0,0,0,0
45722,Norbertolopez1,,2,0,2,2,0,2,0,0,0,0,6
45724,HispatecAGRO,,2,0,2,2,0,2,0,0,0,0,0
45725,EMMA_Almeria,,3,0,3,3,0,3,0,0,0,0,0
45726,ILoveAlmeria,,3,0,3,3,0,3,0,0,0,0,0
45728,foremad,,2,0,2,2,0,2,0,0,0,0,0
45729,evaristomr,,2,0,2,2,0,2,0,0,0,0,0
45730,Agrup_Almeria,,3,0,3,3,0,3,0,0,0,0,0
45731,U_D_Almeria,,4,0,4,4,0,4,0,0,0,0,6
45733,la_informacion,,3,0,3,3,0,3,0,0,0,0,0
45736,pepeplazam,,3,0,3,3,0,3,0,0,0,0,0
45737,Rocioguillen82,,2,0,2,2,0,2,0,0,0,0,0
45741,ugtalmeria,,2,0,2,2,0,2,0,0,0,0,0
45744,FFilologiaUS,,3,0,3,3,0,3,0,0,0,0,6
45745,Musicoterapialm,,2,0,2,2,0,2,0,0,0,0,0
45748,MuseoArteAlm,,2,0,2,2,0,2,0,0,0,0,0
45750,interalmeriatv,,3,0,3,3,0,3,0,0,0,0,0
45751,CSocial_UAL,,2,0,2,2,0,2,0,0,0,0,0
45753,VicintUAL,,2,0,2,2,0,2,0,0,0,0,4
45754,postgradoUPO,,2,0,2,2,0,2,0,0,0,0,0
45755,opiniondemalaga,,5,0,5,5,0,5,0,0,0,0,0
45756,ndealmeria,,4,0,4,4,0,4,0,0,0,0,0
45765,CTTecnova,,2,0,2,2,0,2,0,0,0,0,0
45767,asempal,,3,0,3,3,0,3,0,0,0,0,0
45770,otriual,,2,0,2,2,0,2,0,0,0,0,6
45775,ALMERIADETAPAS,,3,0,3,3,0,3,0,0,0,0,0
45776,usvirtualempleo,,3,0,3,3,0,3,0,0,0,0,4
45777,AlmeriaTrending,,2,0,2,2,0,2,0,0,0,0,0
45778,ecoAula,,2,0,2,2,0,2,0,0,0,0,0
45780,editorial_ual,,2,0,2,2,0,2,0,0,0,0,0
45783,asanchezdeamo,,2,0,2,2,0,2,0,0,0,0,0
45784,manlopez,,3,0,3,3,0,3,0,0,0,0,0
45790,Carmelo_UAL,,2,0,2,2,0,2,0,0,0,0,0
45791,elmundoand,,3,0,3,3,0,3,0,0,0,0,2
45793,jose___13,,2,0,2,2,0,2,0,0,0,0,6
45797,AsuntosSociales,,2,0,2,2,0,2,0,0,0,0,1
45798,CUFIE_UDC,,2,0,2,2,0,2,0,0,0,0,0
45801,PsiCall_UCM,,2,0,2,2,0,2,0,0,0,0,1
45806,JMRuizReyes,,2,0,2,2,0,2,0,0,0,0,0
45812,facpsi,,3,0,3,3,0,3,0,0,0,0,4
45828,Becaysubvencion,,2,0,2,2,0,2,0,0,0,0,4
45830,servicioempleo,,3,0,3,3,0,3,0,0,0,0,0
45831,filmoandalucia,,4,0,4,4,0,4,0,0,0,0,0
45832,FacultadEducUAL,,2,0,2,2,0,2,0,0,0,0,0
45833,DiarioDAlmeria,,5,0,5,5,0,5,0,0,0,0,0
45834,AlmeriaInfo37,,2,0,2,2,0,2,0,0,0,0,0
45836,ualescultura,,2,0,2,2,0,2,0,0,0,0,0
45837,UAL_estudiantes,,2,0,2,2,0,2,0,0,0,0,0
45840,CamaraAlmeria,,4,0,4,4,0,4,0,0,0,0,0
45842,AkwyZ,,3,0,3,3,0,3,0,0,0,0,0
45843,debraruh,,2,0,2,2,0,2,0,0,0,0,0
45850,Elena_Crespo_,,3,0,3,3,0,3,0,0,0,0,0
45851,CarmeloRector,,2,0,2,2,0,2,0,0,0,0,0
45852,centrofcontinua,,2,0,2,2,0,2,0,0,0,0,0
45853,EmprendeUAL,,3,0,3,3,0,3,0,0,0,0,6
45854,ualdeportes,,3,0,3,3,0,3,0,0,0,0,0
45858,ETP_UAL,,2,0,2,2,0,2,0,0,0,0,0
45859,emisoraUAL,,2,0,2,2,0,2,0,0,0,0,0
45860,Fundacion_CYD,,3,0,3,3,0,3,0,0,0,0,2
45863,CC_UAL,,3,0,3,3,0,3,0,0,0,0,0
45871,elenamal1971,,3,0,3,3,0,3,0,0,0,0,1
45874,bibliotecaUAL,,3,0,3,3,0,3,0,0,0,0,0
45875,Almeria24h,,5,0,5,5,0,5,0,0,0,0,0
45876,ideal_almeria,,5,0,5,5,0,5,0,0,0,0,0
45878,DownAlmeria,,2,0,2,2,0,2,0,0,0,0,4
45879,hoyalmeria,,3,0,3,3,0,3,0,0,0,0,0
45881,CD_UAL,,3,0,3,3,0,3,0,0,0,0,0
45890,MakaluAventura,,2,0,2,2,0,2,0,0,0,0,0
45894,AutosVives,,2,0,2,2,0,2,0,0,0,0,0
45902,TransVIPGranada,,2,0,2,2,0,2,0,0,0,0,0
45908,alexromerolopez,,2,0,2,2,0,2,0,0,0,0,0
45909,ginecologya,,2,0,2,2,0,2,0,0,0,0,0
45911,expertosfutbol,,2,0,2,2,0,2,0,0,0,0,0
45923,ALCANTARABus,,2,0,2,2,0,2,0,0,0,0,0
45931,AutocaresMateos,,2,0,2,2,0,2,0,0,0,0,0
45939,TransGeneralife,,2,0,2,2,0,2,0,0,0,0,0
45942,Marcapasos_GR,,3,0,3,3,0,3,0,0,0,0,0
45943,LosPlanetasGr,,3,0,3,3,0,3,0,0,0,0,0
45944,boogaclub,,3,0,3,3,0,3,0,0,0,0,6
45945,DiscosBoraBora,,3,0,3,3,0,3,0,0,0,0,0
45946,lemonrockhostel,,3,0,3,3,0,3,0,0,0,0,0
45949,Divulgameteo,,2,0,2,2,0,2,0,0,0,0,0
45950,PedroCFernandez,,3,0,3,3,0,3,0,0,0,0,0
45951,ecazatormentas,,2,0,2,2,0,2,0,0,0,0,0
45952,Storm_Malaga,,2,0,2,2,0,2,0,0,0,0,6
45954,horazulu,,3,0,3,3,0,3,0,0,0,0,6
45955,_ibima,,2,0,2,2,0,2,0,0,0,0,6
45956,Lasalaeltren,,3,0,3,3,0,3,0,0,0,0,0
45958,autocaresdavid,,2,0,2,2,0,2,0,0,0,0,0
45960,AutocaresRuizM,,2,0,2,2,0,2,0,0,0,0,0
45962,PLMAutocares,,2,0,2,2,0,2,0,0,0,0,0
45963,Intercambiador_,,2,0,2,2,0,2,0,0,0,0,4
45968,AutocaresPalma,,2,0,2,2,0,2,0,0,0,0,0
45975,titsa,,2,0,2,2,0,2,0,0,0,0,3
45986,ceccadiz,,3,0,3,3,0,3,0,0,0,0,0
45990,CamaraJerez,,2,0,2,2,0,2,0,0,0,0,0
45991,ExcursionesPin,,2,0,2,2,0,2,0,0,0,0,0
45992,AutocaresCarrio,,2,0,2,2,0,2,0,0,0,0,0
45993,bustorrealta,,2,0,2,2,0,2,0,0,0,0,0
45994,autocaresmacias,,2,0,2,2,0,2,0,0,0,0,0
45995,CASANOVA_Bus,,3,0,3,3,0,3,0,0,0,0,0
45997,servibusj,,2,0,2,2,0,2,0,0,0,0,0
46000,AutocaresMougan,,2,0,2,2,0,2,0,0,0,0,0
46007,izaroautocares,,2,0,2,2,0,2,0,0,0,0,0
46008,SantyBus,,2,0,2,2,0,2,0,0,0,0,0
46013,RubiocarSA,,2,0,2,2,0,2,0,0,0,0,0
46033,transportistas,,2,0,2,2,0,2,0,0,0,0,0
46038,grandesespacios,,2,0,2,2,0,2,0,0,0,0,4
46041,Lorca_Alpujarra,,2,0,2,2,0,2,0,0,0,0,0
46042,TurismoSeron,,3,0,3,3,0,3,0,0,0,0,0
46043,GarnataTours,,3,0,3,3,0,3,0,0,0,0,6
46044,emprendeverde,,5,0,5,5,0,5,0,0,0,0,0
46046,FedMadMontana,,2,0,2,2,0,2,0,0,0,0,0
46047,genatur,,2,0,2,2,0,2,0,0,0,0,0
46048,BosqueHabitado,,2,0,2,2,0,2,0,0,0,0,4
46050,PitresBarbaro,,2,0,2,2,0,2,0,0,0,0,0
46051,loca_pitres,,2,0,2,2,0,2,0,0,0,0,0
46054,ecowildlife,,2,0,2,2,0,2,0,0,0,0,0
46055,SoyEcoturista,,3,0,3,3,0,3,0,0,0,0,0
46056,serbalmeria,,2,0,2,2,0,2,0,0,0,0,4
46057,spanishhighs,,4,0,4,4,0,4,0,0,0,0,0
46058,ViviendoSierraN,,4,0,4,4,0,4,0,0,0,0,0
46059,igallardo12,,4,0,4,4,0,4,0,0,0,0,0
46060,alpucosta,,2,0,2,2,0,2,0,0,0,0,0
46061,LanjaronCultura,,3,0,3,3,0,3,0,0,0,0,0
46063,LaMagicaGranada,,4,0,4,4,0,4,0,0,0,0,8
46064,SierraNevadaIML,,3,0,3,3,0,3,0,0,0,0,0
46065,ilovebubion,,2,0,2,2,0,2,0,0,0,0,0
46066,AyunLanjaron,,3,0,3,3,0,3,0,0,0,0,0
46067,philippheuri,,2,0,2,2,0,2,0,0,0,0,0
46068,granada_unica,,2,0,2,2,0,2,0,0,0,0,0
46070,centrobotin,,3,0,3,3,0,3,0,0,0,0,4
46071,jlruizreal,,2,0,2,2,0,2,0,0,0,0,0
46072,Alicante_City,,2,0,2,2,0,2,0,0,0,0,0
46073,jfmancebo,,2,0,2,2,0,2,0,0,0,0,0
46077,MercedesTruckUK,,2,0,2,2,0,2,0,0,0,0,4
46081,juanmaondacero,,5,0,5,5,0,5,0,0,0,0,4
46083,FotosAndalucia,,3,0,3,3,0,3,0,0,0,0,0
46084,BaluPhotos,,3,0,3,3,0,3,0,0,0,0,6
46085,Museo_Azucar,,2,0,2,2,0,2,0,0,0,0,0
46087,FiestasMotril,,2,0,2,2,0,2,0,0,0,0,0
46088,losMotriles,,3,0,3,3,0,3,0,0,0,0,0
46089,AzafatasCapital,,2,0,2,2,0,2,0,0,0,0,0
46090,ClaveAzafatas,,2,0,2,2,0,2,0,0,0,0,0
46094,ElObjetivoVerde,,3,0,3,3,0,3,0,0,0,0,4
46095,granadaonweb,,3,0,3,3,0,3,0,0,0,0,0
46096,pampaneira,,2,0,2,2,0,2,0,0,0,0,0
46097,tiendaalpujarra,,2,0,2,2,0,2,0,0,0,0,0
46099,elige_granada,,3,0,3,3,0,3,0,0,0,0,4
46100,activealpujarra,,2,0,2,2,0,2,0,0,0,0,0
46101,granadaplaytv,,2,0,2,2,0,2,0,0,0,0,0
46102,ecoturismo_sys,,2,0,2,2,0,2,0,0,0,0,0
46106,asegra_empresas,,3,0,3,3,0,3,0,0,0,0,0
46107,CEAinforma,,3,0,3,3,0,3,0,0,0,0,0
46108,malagahoy_es,,3,0,3,3,0,3,0,0,0,0,0
46109,diariocadiz,,4,0,4,4,0,4,0,0,0,0,6
46110,grupojoly,,3,0,3,3,0,3,0,0,0,0,0
46111,CARSierraNevada,,2,0,2,2,0,2,0,0,0,0,0
46112,cetursa,,3,0,3,3,0,3,0,0,0,0,0
46113,MamutSierraN,,3,0,3,3,0,3,0,0,0,0,0
46114,womenalia,,2,0,2,2,0,2,0,0,0,0,0
46115,AgenttravelES,,4,0,4,4,0,4,0,0,0,0,4
46116,SpecialToursCOM,,4,0,4,4,0,4,0,0,0,0,6
46117,fgilnez,,3,0,3,3,0,3,0,0,0,0,0
46118,MasterViajeros,,4,0,4,4,0,4,0,0,0,0,0
46119,viajes_magazine,,2,0,2,2,0,2,0,0,0,0,2
46120,InfiniUniversos,,2,0,2,2,0,2,0,0,0,0,0
46121,BoletinViajes,,3,0,3,3,0,3,0,0,0,0,0
46122,lextransport,,2,0,2,2,0,2,0,0,0,0,0
46123,_Movelia,,3,0,3,3,0,3,0,0,0,0,0
46124,GrupoGaratu,,2,0,2,2,0,2,0,0,0,0,4
46125,elpais_deportes,,3,0,3,3,0,3,0,0,0,0,4
46126,ElMundoViajes,,4,0,4,4,0,4,0,0,0,0,7
46128,InfoAdif,,2,0,2,2,0,2,0,0,0,0,6
46130,LaCasaAlpujarra,,3,0,3,3,0,3,0,0,0,0,0
46131,Alpujarreros,,2,0,2,2,0,2,0,0,0,0,0
46132,llenadevida_,,4,0,4,4,0,4,0,0,0,0,0
46133,franciscogmh,,2,0,2,2,0,2,0,0,0,0,0
46134,euro_millones,,2,0,2,2,0,2,0,0,0,0,6
46135,VisitCadiz,,4,0,4,4,0,4,0,0,0,0,1
46140,AutocaresJMarin,,2,0,2,2,0,2,0,0,0,0,0
46141,gopili_es,,2,0,2,2,0,2,0,0,0,0,0
46142,fenadismer,,2,0,2,2,0,2,0,0,0,0,4
46144,QCalidad,,3,0,3,3,0,3,0,0,0,0,0
46146,GrupoRuiz,,2,0,2,2,0,2,0,0,0,0,0
46155,vectalia,,2,0,2,2,0,2,0,0,0,0,0
46156,tteprof,,2,0,2,2,0,2,0,0,0,0,4
46158,CetmTransporte,,2,0,2,2,0,2,0,0,0,0,0
46163,molalpujarra,,2,0,2,2,0,2,0,0,0,0,0
46164,HPampaneira,,2,0,2,2,0,2,0,0,0,0,0
46165,CampingPlayaPon,,2,0,2,2,0,2,0,0,0,0,0
46166,chiringuitosgra,,2,0,2,2,0,2,0,0,0,0,0
46167,mirasolorgiva,,2,0,2,2,0,2,0,0,0,0,0
46168,Reservalis,,2,0,2,2,0,2,0,0,0,0,0
46169,ecomovilidadnet,,2,0,2,2,0,2,0,0,0,0,4
46171,elvigiacom,,3,0,3,3,0,3,0,0,0,0,4
46175,BusmatickGroup,,2,0,2,2,0,2,0,0,0,0,0
46177,ClaritasTurismo,,2,0,2,2,0,2,0,0,0,0,0
46178,AndalusiaItaly,,3,0,3,3,0,3,0,0,0,0,7
46179,OroBailen,,3,0,3,3,0,3,0,0,0,0,0
46180,PortalBusCOM,,2,0,2,2,0,2,0,0,0,0,0
46182,ForoBusES,,2,0,2,2,0,2,0,0,0,0,0
46184,autocares_rios,,2,0,2,2,0,2,0,0,0,0,6
46185,montijanobus,,2,0,2,2,0,2,0,0,0,0,0
46186,esTransporte,,2,0,2,2,0,2,0,0,0,0,0
46188,FuturEnergy_,,3,0,3,3,0,3,0,0,0,0,1
46190,autoc_montijano,,3,0,3,3,0,3,0,0,0,0,0
46191,AutocaresGomez,,2,0,2,2,0,2,0,0,0,0,0
46199,Carrera_bus,,3,0,3,3,0,3,0,0,0,0,4
46202,siemens_ind,,3,0,3,3,0,3,0,0,0,0,4
46203,ANIACAM_Oficial,,2,0,2,2,0,2,0,0,0,0,4
46205,MBenzEspana,,3,0,3,3,0,3,0,0,0,0,3
46206,EMT_Malaga,,4,0,4,4,0,4,0,0,0,0,3
46211,emtvalencia,,2,0,2,2,0,2,0,0,0,0,0
46213,GuiaGoCordoba,,3,0,3,3,0,3,0,0,0,0,4
46214,dipucordoba,,4,0,4,4,0,4,0,0,0,0,0
46215,andalocio,,4,0,4,4,0,4,0,0,0,0,0
46216,ayuncordoba_es,,3,0,3,3,0,3,0,0,0,0,0
46218,aucorsa,,2,0,2,2,0,2,0,0,0,0,0
46219,EstacionCordoba,,3,0,3,3,0,3,0,0,0,0,0
46220,CintoiBus,,2,0,2,2,0,2,0,0,0,0,0
46221,nietogroup,,2,0,2,2,0,2,0,0,0,0,0
46224,Sunsundeguibus,,2,0,2,2,0,2,0,0,0,0,0
46225,IFEMA,,3,0,3,3,0,3,0,0,0,0,4
46230,enlacarretera1,,3,0,3,3,0,3,0,0,0,0,6
46231,EnCarretera2013,,2,0,2,2,0,2,0,0,0,0,0
46232,autoybus,,2,0,2,2,0,2,0,0,0,0,0
46234,TransporteNews,,4,0,4,4,0,4,0,0,0,0,0
46236,Transporte3,,3,0,3,3,0,3,0,0,0,0,0
46237,_Viajeros_,,2,0,2,2,0,2,0,0,0,0,0
46245,Temibus,,2,0,2,2,0,2,0,0,0,0,0
46246,NicoManBus,,2,0,2,2,0,2,0,0,0,0,0
46249,mayte94203375,,2,0,2,2,0,2,0,0,0,0,0
46250,AutobusesyAutoc,,2,0,2,2,0,2,0,0,0,0,0
46251,juanfribogart,,2,0,2,2,0,2,0,0,0,0,0
46252,SpainThymTravel,,2,0,2,2,0,2,0,0,0,0,0
46253,granadagardens,,2,0,2,2,0,2,0,0,0,0,6
46254,BusinessCity_ES,,2,0,2,2,0,2,0,0,0,0,0
46255,beatrizgalea,,2,0,2,2,0,2,0,0,0,0,0
46256,BWSalobrena,,2,0,2,2,0,2,0,0,0,0,0
46257,bydeventos,,2,0,2,2,0,2,0,0,0,0,0
46258,MIniciativaGRX,,2,0,2,2,0,2,0,0,0,0,0
46259,paconadal,,3,0,3,3,0,3,0,0,0,0,4
46260,lonelyplanet_es,,4,0,4,4,0,4,0,0,0,0,4
46261,XLSemanal,,3,0,3,3,0,3,0,0,0,0,6
46262,CNTravelerSpain,,4,0,4,4,0,4,0,0,0,0,7
46263,DipuHU,,3,0,3,3,0,3,0,0,0,0,6
46264,huelvaturismo,,5,0,5,5,0,5,0,0,0,0,4
46265,nevadashopping,,2,0,2,2,0,2,0,0,0,0,0
46267,GreenGuide1,,2,0,2,2,0,2,0,0,0,0,0
46269,pueblosmagicos,,2,0,2,2,0,2,0,0,0,0,0
46270,HeliosAlmunecar,,3,0,3,3,0,3,0,0,0,0,0
46271,HammamAlAndalus,,4,0,4,4,0,4,0,0,0,0,0
46272,alexdelaIglesia,,3,0,3,3,0,3,0,0,0,0,0
46273,_JesusVazquez_,,3,0,3,3,0,3,0,0,0,0,0
46276,pacoalvarez1,,3,0,3,3,0,3,0,0,0,0,0
46277,pacoanguitaser,,3,0,3,3,0,3,0,0,0,0,6
46278,ComercioGranada,,3,0,3,3,0,3,0,0,0,0,0
46279,jrgnueve,,3,0,3,3,0,3,0,0,0,0,0
46281,turisalpujarra,,2,0,2,2,0,2,0,0,0,0,0
46283,VALERIEDENIS1,,2,0,2,2,0,2,0,0,0,0,0
46284,aytosalobrena,,3,0,3,3,0,3,0,0,0,0,0
46285,TriniHL,,3,0,3,3,0,3,0,0,0,0,6
46286,CulturAlmunecar,,3,0,3,3,0,3,0,0,0,0,0
46287,costadigitales,,3,0,3,3,0,3,0,0,0,0,0
46288,almunecarhoy,,3,0,3,3,0,3,0,0,0,0,0
46289,ConocerAsturias,,2,0,2,2,0,2,0,0,0,0,4
46290,desde_asturias,,2,0,2,2,0,2,0,0,0,0,4
46291,SaboreaAsturias,,2,0,2,2,0,2,0,0,0,0,4
46292,TurismoAsturias,,3,0,3,3,0,3,0,0,0,0,0
46293,GijonTurismo,,3,0,3,3,0,3,0,0,0,0,6
46294,gijon,,3,0,3,3,0,3,0,0,0,0,1
46295,GlobalMusic_360,,3,0,3,3,0,3,0,0,0,0,0
46296,InterestelarSev,,2,0,2,2,0,2,0,0,0,0,0
46297,Italia_espanol,,2,0,2,2,0,2,0,0,0,0,6
46300,Alandalustravel,,4,0,4,4,0,4,0,0,0,0,4
46302,VOSTandalucia,,4,0,4,4,0,4,0,0,0,0,2
46303,luzon_angela,,2,0,2,2,0,2,0,0,0,0,0
46304,SEGITTUR,,3,0,3,3,0,3,0,0,0,0,0
46306,BereCasillas,,3,0,3,3,0,3,0,0,0,0,4
46307,CordobaESP,,5,0,5,5,0,5,0,0,0,0,0
46308,abadesareas,,3,0,3,3,0,3,0,0,0,0,0
46309,GrupoPacificom,,2,0,2,2,0,2,0,0,0,0,4
46310,puertodemotril,,3,0,3,3,0,3,0,0,0,0,0
46311,halalconference,,2,0,2,2,0,2,0,0,0,0,0
46312,expreso_info,,3,0,3,3,0,3,0,0,0,0,0
46313,Pedro_L_Gomez,,2,0,2,2,0,2,0,0,0,0,0
46314,ilovealpujarra,,3,0,3,3,0,3,0,0,0,0,0
46315,nachoambel,,2,0,2,2,0,2,0,0,0,0,0
46316,HOTELCPPdToro,,2,0,2,2,0,2,0,0,0,0,0
46318,HotelGuadalupe_,,3,0,3,3,0,3,0,0,0,0,0
46319,hotelvandalucia,,3,0,3,3,0,3,0,0,0,0,0
46320,CentrodeGranada,,4,0,4,4,0,4,0,0,0,0,0
46321,_ajreina,,3,0,3,3,0,3,0,0,0,0,0
46322,abelfuentes80,,3,0,3,3,0,3,0,0,0,0,0
46323,gorkalerchundi,,3,0,3,3,0,3,0,0,0,0,0
46324,Albetrotriz,,4,0,4,4,0,4,0,0,0,0,0
46325,Carlos_NavarroS,,3,0,3,3,0,3,0,0,0,0,0
46326,LoretoDelValle,,2,0,2,2,0,2,0,0,0,0,0
46327,piccavey,,3,0,3,3,0,3,0,0,0,0,0
46328,Javisburgos,,2,0,2,2,0,2,0,0,0,0,0
46329,ESCAV,,3,0,3,3,0,3,0,0,0,0,0
46330,AGIPGranada,,2,0,2,2,0,2,0,0,0,0,0
46332,ConTalentoRRHH,,2,0,2,2,0,2,0,0,0,0,0
46333,G_Aeroprint,,3,0,3,3,0,3,0,0,0,0,0
46336,anunorod,,2,0,2,2,0,2,0,0,0,0,0
46337,idento_,,3,0,3,3,0,3,0,0,0,0,0
46338,SpheraCoaching,,2,0,2,2,0,2,0,0,0,0,4
46339,GalaAlberdi,,3,0,3,3,0,3,0,0,0,0,0
46341,equilaterapubli,,3,0,3,3,0,3,0,0,0,0,0
46342,Ciceronegranada,,3,0,3,3,0,3,0,0,0,0,0
46343,tecnicataine,,2,0,2,2,0,2,0,0,0,0,0
46344,nuriamch,,2,0,2,2,0,2,0,0,0,0,0
46345,ZaharenaCo,,2,0,2,2,0,2,0,0,0,0,0
46346,tercetocomunica,,4,0,4,4,0,4,0,0,0,0,4
46347,OcioneaGranada,,5,0,5,5,0,5,0,0,0,0,0
46348,taxisalguero,,2,0,2,2,0,2,0,0,0,0,0
46349,montserratgodoy,,2,0,2,2,0,2,0,0,0,0,0
46350,macrotour_spain,,2,0,2,2,0,2,0,0,0,0,4
46351,DreamingGranada,,5,0,5,5,0,5,0,0,0,0,8
46357,AirNostrumLAM,,3,0,3,3,0,3,0,0,0,0,5
46358,iberiaexpress,,3,0,3,3,0,3,0,0,0,0,6
46359,Herrerosl,,2,0,2,2,0,2,0,0,0,0,0
46360,AirEuropa,,3,0,3,3,0,3,0,0,0,0,8
46361,casanovabus,,2,0,2,2,0,2,0,0,0,0,0
46362,najerabus,,2,0,2,2,0,2,0,0,0,0,0
46364,avanzaLD,,2,0,2,2,0,2,0,0,0,0,6
46365,plopezabades,,2,0,2,2,0,2,0,0,0,0,0
46368,manuelmunoztur,,3,0,3,3,0,3,0,0,0,0,0
46370,jose_quirantes,,2,0,2,2,0,2,0,0,0,0,6
46375,Fase20Congresos,,3,0,3,3,0,3,0,0,0,0,0
46376,Bodegas_NRincon,,2,0,2,2,0,2,0,0,0,0,0
46377,BeagarciaG,,2,0,2,2,0,2,0,0,0,0,0
46378,BaleaTravel,,2,0,2,2,0,2,0,0,0,0,0
46379,RicoBus,,2,0,2,2,0,2,0,0,0,0,0
46380,cristina_pardo,,3,0,3,3,0,3,0,0,0,0,5
46381,mmendizabal1,,3,0,3,3,0,3,0,0,0,0,5
46382,meneame_net,,6,0,6,6,0,6,0,0,0,0,2
46386,E_DupondM,,2,0,2,2,0,2,0,0,0,0,8
46402,CJuridiques,,2,0,2,2,0,2,0,0,0,0,8
46404,Dalloz_action,,2,0,2,2,0,2,0,0,0,0,8
46429,villedelyon,,2,0,2,2,0,2,0,0,0,0,8
46442,samumtiti,,2,0,2,2,0,2,0,0,0,0,8
46449,Memodroit,,3,0,3,3,0,3,0,0,0,0,8
46462,RoyalFamily,,4,0,4,4,0,4,0,0,0,0,8
46467,LexisJurisData,,2,0,2,2,0,2,0,0,0,0,8
46471,SYKeducation,,2,0,2,2,0,2,0,0,0,0,8
46473,lemondedudroit,,2,0,2,2,0,2,0,0,0,0,8
46474,TeamJuristes,,3,0,3,3,0,3,0,0,0,0,8
46476,VillaniCedric,,2,0,2,2,0,2,0,0,0,0,8
46477,ELSAFranceInfo,,2,0,2,2,0,2,0,0,0,0,8
46478,ONU_fr,,3,0,3,3,0,3,0,0,0,0,8
46479,Villagejustice,,2,0,2,2,0,2,0,0,0,0,8
46482,KonbiniFr,,2,0,2,2,0,2,0,0,0,0,1
46483,QPLJs,,2,0,2,2,0,2,0,0,0,0,8
46484,Courdecassation,,2,0,2,2,0,2,0,0,0,0,8
46485,Dalloz,,2,0,2,2,0,2,0,0,0,0,8
46486,ECHR_CEDH,,2,0,2,2,0,2,0,0,0,0,8
46491,LexisNexisFr,,2,0,2,2,0,2,0,0,0,0,8
46492,lemonde_campus,,3,0,3,3,0,3,0,0,0,0,8
46493,LePetitJuriste,,2,0,2,2,0,2,0,0,0,0,8
46498,actusdudroit,,2,0,2,2,0,2,0,0,0,0,8
46501,clubdesjuristes,,2,0,2,2,0,2,0,0,0,0,8
46503,equipedefrance,,2,0,2,2,0,2,0,0,0,0,8
46505,Interieur_Gouv,,3,0,3,3,0,3,0,0,0,0,8
46506,justice_gouv,,3,0,3,3,0,3,0,0,0,0,8
46509,Orel_san,,2,0,2,2,0,2,0,0,0,0,8
46510,CoE_fr,,2,0,2,2,0,2,0,0,0,0,8
46513,Senat,,3,0,3,3,0,3,0,0,0,0,8
46514,Conseil_Etat,,2,0,2,2,0,2,0,0,0,0,8
46516,Conseil_constit,,2,0,2,2,0,2,0,0,0,0,8
46517,Gendarmerie,,2,0,2,2,0,2,0,0,0,0,8
46518,JustinTrudeau,,3,0,3,3,0,3,0,0,0,0,2
46523,NicolasSarkozy,,3,0,3,3,0,3,0,0,0,0,2
46524,MsieurLeProf,,2,0,2,2,0,2,0,0,0,0,8
46526,Aubameyang7,,2,0,2,2,0,2,0,0,0,0,8
46536,supermegadrivin,,2,0,2,2,0,2,0,0,0,0,8
46554,dupontaignan,,2,0,2,2,0,2,0,0,0,0,8
46557,KMbappe,,3,0,3,3,0,3,0,0,0,0,8
46558,malaisetele,,2,0,2,2,0,2,0,0,0,0,8
46562,KevinSpacey,,2,0,2,2,0,2,0,0,0,0,8
46565,mweill,,2,0,2,2,0,2,0,0,0,0,1
46570,palmashow,,3,0,3,3,0,3,0,0,0,0,8
46571,PanayotisPascot,,2,0,2,2,0,2,0,0,0,0,8
46594,bernstephane,,2,0,2,2,0,2,0,0,0,0,8
46607,Qofficiel,,3,0,3,3,0,3,0,0,0,0,8
46618,TheFunnyVine,,3,0,3,3,0,3,0,0,0,0,8
46622,CanalFootClub,,2,0,2,2,0,2,0,0,0,0,8
46626,le_gorafi,,2,0,2,2,0,2,0,0,0,0,8
46641,Univ_Orleans,,3,0,3,3,0,3,0,0,0,0,8
46656,DeezerFR,,3,0,3,3,0,3,0,0,0,0,8
46659,TwitterFrance,,3,0,3,3,0,3,0,0,0,0,8
46660,viedemerde,,2,0,2,2,0,2,0,0,0,0,8
46662,GaryRBrown,,2,0,2,2,0,2,0,0,0,0,1
46663,frankieboyle,,2,0,2,2,0,2,0,0,0,0,1
46667,Erasmus_PT,,2,0,2,2,0,2,0,0,0,0,1
46671,ESNTandemBCN,,4,0,4,4,0,4,0,0,0,0,1
46673,StrathSportSU,,2,0,2,2,0,2,0,0,0,0,1
46674,StrathUnion,,2,0,2,2,0,2,0,0,0,0,1
46677,VisitScotland,,3,0,3,3,0,3,0,0,0,0,1
46678,StudentToursSco,,2,0,2,2,0,2,0,0,0,0,1
46679,THISisESNlExpo,,3,0,3,3,0,3,0,0,0,0,1
46687,CU_StudentVoice,,2,0,2,2,0,2,0,0,0,0,1
46695,ArrivaTW,,2,0,2,2,0,2,0,0,0,0,2
46710,CardiffUniInter,,3,0,3,3,0,3,0,0,0,0,1
46721,cardiffstudents,,3,0,3,3,0,3,0,0,0,0,1
46722,CardiffStudent,,2,0,2,2,0,2,0,0,0,0,1
46723,visitwales,,4,0,4,4,0,4,0,0,0,0,1
46730,CUFrench,,3,0,3,3,0,3,0,0,0,0,2
46732,Spanish_Italian,,3,0,3,3,0,3,0,0,0,0,2
46734,jonsnowC4,,3,0,3,3,0,3,0,0,0,0,2
46740,SoVeryBritish,,4,0,4,4,0,4,0,0,0,0,1
46742,cardiffmlang,,3,0,3,3,0,3,0,0,0,0,1
46743,CatInLanguages,,2,0,2,2,0,2,0,0,0,0,1
46750,LanguageRich,,2,0,2,2,0,2,0,0,0,0,1
46752,lauraaastevenss,,2,0,2,2,0,2,0,0,0,0,1
46754,WalesOnline,,2,0,2,2,0,2,0,0,0,0,2
46756,cardiffuni,,3,0,3,3,0,3,0,0,0,0,1
46757,WoiC,,3,0,3,3,0,3,0,0,0,0,2
46758,Languageasst,,3,0,3,3,0,3,0,0,0,0,1
46759,speak2future,,2,0,2,2,0,2,0,0,0,0,1
46760,thirdyearabroad,,3,0,3,3,0,3,0,0,0,0,1
46763,Hcyfrwywr,,2,0,2,2,0,2,0,0,0,0,1
46764,joanrocas,,2,0,2,2,0,2,0,0,0,0,0
46765,PedroZoilo,,3,0,3,3,0,3,0,0,0,0,0
46768,RafaelFlorister,,2,0,2,2,0,2,0,0,0,0,0
46769,AcEsperanza,,4,0,4,4,0,4,0,0,0,0,0
46771,BanderasVDK,,2,0,2,2,0,2,0,0,0,0,0
46777,CondondeJaen,,4,0,4,4,0,4,0,0,0,0,0
46780,SalasOpticosHO,,2,0,2,2,0,2,0,0,0,0,0
46781,Nasser_Althani,,2,0,2,2,0,2,0,0,0,0,0
46782,MichelGonzalez,,3,0,3,3,0,3,0,0,0,0,1
46783,willy_caballero,,2,0,2,2,0,2,0,0,0,0,0
46784,antoniobanderas,,3,0,3,3,0,3,0,0,0,0,0
46785,ayuntamientoDV,,2,0,2,2,0,2,0,0,0,0,0
46788,CadEliteGranada,,3,0,3,3,0,3,0,0,0,0,4
46790,Pattygranada,,2,0,2,2,0,2,0,0,0,0,6
46791,GranadaDModa,,3,0,3,3,0,3,0,0,0,0,0
46792,ganivetgranada,,3,0,3,3,0,3,0,0,0,0,0
46793,MartaFit24h,,3,0,3,3,0,3,0,0,0,0,0
46794,NapoleonSoloMus,,3,0,3,3,0,3,0,0,0,0,0
46795,GranadaCFFR,,3,0,3,3,0,3,0,0,0,0,8
46796,EI_Acertijo,,2,0,2,2,0,2,0,0,0,0,2
46797,VirgenGranada,,3,0,3,3,0,3,0,0,0,0,0
46798,BudismoGranada,,3,0,3,3,0,3,0,0,0,0,0
46799,Jhoncordoba4,,3,0,3,3,0,3,0,0,0,0,6
46800,GranadaEsAgua,,3,0,3,3,0,3,0,0,0,0,0
46801,AEGranada,,3,0,3,3,0,3,0,0,0,0,0
46802,Tapeogranada,,5,0,5,5,0,5,0,0,0,0,0
46803,UJCEGranada,,4,0,4,4,0,4,0,0,0,0,0
46804,___Granada___,,3,0,3,3,0,3,0,0,0,0,0
46805,melia_granada,,2,0,2,2,0,2,0,0,0,0,0
46806,CancerGranada,,3,0,3,3,0,3,0,0,0,0,0
46807,SER_MarbellaCSo,,2,0,2,2,0,2,0,0,0,0,0
46813,MarbellaByCivic,,2,0,2,2,0,2,0,0,0,0,0
46814,GRMarbella,,2,0,2,2,0,2,0,0,0,0,0
46816,AVProperty,,2,0,2,2,0,2,0,0,0,0,0
46821,MarbellaCollege,,2,0,2,2,0,2,0,0,0,0,0
46822,CanalCosta,,2,0,2,2,0,2,0,0,0,0,0
46823,BiBoDaniGarcia,,3,0,3,3,0,3,0,0,0,0,6
46824,PastaiItalia,,2,0,2,2,0,2,0,0,0,0,0
46826,Cs_Marbella,,3,0,3,3,0,3,0,0,0,0,0
46827,cnmarbella,,2,0,2,2,0,2,0,0,0,0,0
46828,AtcoMarbella,,3,0,3,3,0,3,0,0,0,0,1
46832,TIBUMarbella,,3,0,3,3,0,3,0,0,0,0,0
46833,LeonesMarbella,,2,0,2,2,0,2,0,0,0,0,0
46834,RTVMarbella,,2,0,2,2,0,2,0,0,0,0,0
46835,VivaMarbella,,2,0,2,2,0,2,0,0,0,0,0
46836,cepmarbellacoin,,2,0,2,2,0,2,0,0,0,0,4
46837,marbellagolf,,2,0,2,2,0,2,0,0,0,0,0
46838,marbellasanpedr,,3,0,3,3,0,3,0,0,0,0,0
46840,ListingsEs,,2,0,2,2,0,2,0,0,0,0,0
46842,NevadoMarbella,,3,0,3,3,0,3,0,0,0,0,0
46843,TripleAMarbella,,2,0,2,2,0,2,0,0,0,0,0
46844,marbellaoclock,,2,0,2,2,0,2,0,0,0,0,0
46845,takumirest,,2,0,2,2,0,2,0,0,0,0,0
46847,LivingMarbella,,2,0,2,2,0,2,0,0,0,0,0
46848,Casino_Marbella,,2,0,2,2,0,2,0,0,0,0,0
46849,marbelladirecto,,2,0,2,2,0,2,0,0,0,0,0
46851,HCMarbella,,2,0,2,2,0,2,0,0,0,0,0
46852,marbellajoven,,2,0,2,2,0,2,0,0,0,0,0
46853,marbella24horas,,2,0,2,2,0,2,0,0,0,0,0
46854,citmarbella,,2,0,2,2,0,2,0,0,0,0,0
46855,MarbellaFCenter,,3,0,3,3,0,3,0,0,0,0,0
46857,Marbellachic,,2,0,2,2,0,2,0,0,0,0,0
46858,StarliteCatOcc,,3,0,3,3,0,3,0,0,0,0,0
46859,MARBELLATURISMO,,3,0,3,3,0,3,0,0,0,0,0
46860,Ayto_Marbella,,3,0,3,3,0,3,0,0,0,0,0
46870,CCI1990,,2,0,2,2,0,2,0,0,0,0,0
46874,axarquiaAPTA,,2,0,2,2,0,2,0,0,0,0,0
46875,Maroaxarquia,,2,0,2,2,0,2,0,0,0,0,2
46878,MarinasdeNerja,,2,0,2,2,0,2,0,0,0,0,0
46884,EIdiomasNerja,,2,0,2,2,0,2,0,0,0,0,1
46890,welcometonerja,,2,0,2,2,0,2,0,0,0,0,0
46891,NerjaCom,,2,0,2,2,0,2,0,0,0,0,0
46892,Nerjaatletismo,,2,0,2,2,0,2,0,0,0,0,0
46893,MuseoCuevaNerja,,3,0,3,3,0,3,0,0,0,0,0
46894,topnerja,,2,0,2,2,0,2,0,0,0,0,0
46897,MuseodeNerja,,2,0,2,2,0,2,0,0,0,0,0
46904,ud_alfacar,,2,0,2,2,0,2,0,0,0,0,0
46910,TeatroAlfacar,,2,0,2,2,0,2,0,0,0,0,6
46911,alfacar_nidnina,,2,0,2,2,0,2,0,0,0,0,0
46912,PandeAlfacar,,3,0,3,3,0,3,0,0,0,0,0
46915,AytodeAlfacar,,3,0,3,3,0,3,0,0,0,0,0
46916,UDAlfacar,,2,0,2,2,0,2,0,0,0,0,0
46929,FISIOBENAHADUX,,2,0,2,2,0,2,0,0,0,0,0
46959,Sensationssushi,,2,0,2,2,0,2,0,0,0,0,0
46974,illora2014,,2,0,2,2,0,2,0,0,0,0,6
46976,IlloraNngg,,2,0,2,2,0,2,0,0,0,0,0
46978,roldanoliva,,2,0,2,2,0,2,0,0,0,0,0
46979,PubIbizaillora,,2,0,2,2,0,2,0,0,0,0,0
46980,chicotaillora,,2,0,2,2,0,2,0,0,0,0,0
46983,illoracom,,2,0,2,2,0,2,0,0,0,0,0
46985,CGIllora,,2,0,2,2,0,2,0,0,0,0,0
46989,pclaguardia,,2,0,2,2,0,2,0,0,0,0,0
46991,LaGuardiadeJaen,,2,0,2,2,0,2,0,0,0,0,0
46997,AudioViator_ES,,2,0,2,2,0,2,0,0,0,0,0
46998,CCRMurcia,,2,0,2,2,0,2,0,0,0,0,0
47000,Viator_Espanol,,2,0,2,2,0,2,0,0,0,0,6
47001,ViatorTravel,,3,0,3,3,0,3,0,0,0,0,7
47002,demenuandalucia,,3,0,3,3,0,3,0,0,0,0,0
47011,dxtHuetorTajar,,2,0,2,2,0,2,0,0,0,0,0
47012,AccionFestival,,2,0,2,2,0,2,0,0,0,0,0
47013,AytoHuetorTajar,,2,0,2,2,0,2,0,0,0,0,0
47014,radiohuetor,,3,0,3,3,0,3,0,0,0,0,0
47016,Armi_Solidaria,,2,0,2,2,0,2,0,0,0,0,6
47017,ocioarmilla,,3,0,3,3,0,3,0,0,0,0,0
47019,cvsermudarmilla,,2,0,2,2,0,2,0,0,0,0,0
47020,GuiadeArmilla,,2,0,2,2,0,2,0,0,0,0,6
47021,VoyVolando_arm,,3,0,3,3,0,3,0,0,0,0,0
47022,armilladefiesta,,3,0,3,3,0,3,0,0,0,0,0
47023,BandadeArmilla,,3,0,3,3,0,3,0,0,0,0,0
47024,NatacionArmilla,,2,0,2,2,0,2,0,0,0,0,0
47025,CG_Armilla,,2,0,2,2,0,2,0,0,0,0,0
47026,RadioArmilla,,3,0,3,3,0,3,0,0,0,0,6
47027,ArenasArmillaFe,,2,0,2,2,0,2,0,0,0,0,6
47043,Asepyc,,3,0,3,3,0,3,0,0,0,0,0
47045,PinosPuenteFS,,3,0,3,3,0,3,0,0,0,0,0
47046,pipunoticias,,2,0,2,2,0,2,0,0,0,0,0
47047,PinosPuenteTUR,,3,0,3,3,0,3,0,0,0,0,0
47048,PVOPINOSPUENTE,,2,0,2,2,0,2,0,0,0,0,6
47050,IESPinosPuente,,2,0,2,2,0,2,0,0,0,0,0
47051,PinosJoven,,3,0,3,3,0,3,0,0,0,0,6
47052,JSAPinosPuente,,3,0,3,3,0,3,0,0,0,0,6
47053,bANDmusic2017,,2,0,2,2,0,2,0,0,0,0,0
47058,ChauchinaClub,,2,0,2,2,0,2,0,0,0,0,0
47059,CTChauchina,,2,0,2,2,0,2,0,0,0,0,0
47060,WorldPadel,,2,0,2,2,0,2,0,0,0,0,0
47063,BMChauchina,,2,0,2,2,0,2,0,0,0,0,0
47066,jaenalaizda,,2,0,2,2,0,2,0,0,0,0,0
47067,BandaMdeJaen,,2,0,2,2,0,2,0,0,0,0,0
47069,turismodejaen,,4,0,4,4,0,4,0,0,0,0,0
47070,HoraJaen,,4,0,4,4,0,4,0,0,0,0,0
47071,sanchez_jaen,,3,0,3,3,0,3,0,0,0,0,0
47072,eldeportedejaen,,4,0,4,4,0,4,0,0,0,0,0
47073,LeoJaenFans,,2,0,2,2,0,2,0,0,0,0,0
47074,PodemosJaen,,2,0,2,2,0,2,0,0,0,0,0
47075,soyjaen,,2,0,2,2,0,2,0,0,0,0,0
47076,GastronomiaJaen,,4,0,4,4,0,4,0,0,0,0,0
47077,crejaen,,2,0,2,2,0,2,0,0,0,0,0
47078,AidaEstrada86,,2,0,2,2,0,2,0,0,0,0,0
47079,bomberosjaen,,4,0,4,4,0,4,0,0,0,0,0
47080,DegustaJaen,,3,0,3,3,0,3,0,0,0,0,0
47081,jaen_crossfit,,2,0,2,2,0,2,0,0,0,0,0
47082,JaenGastronomco,,2,0,2,2,0,2,0,0,0,0,0
47083,Jaen24h,,3,0,3,3,0,3,0,0,0,0,0
47084,OrgullososdJaen,,3,0,3,3,0,3,0,0,0,0,0
47085,JavierJaenB,,2,0,2,2,0,2,0,0,0,0,6
47086,JaenFS,,4,0,4,4,0,4,0,0,0,0,0
47087,ideal_jaen,,4,0,4,4,0,4,0,0,0,0,0
47088,malagadistritos,,2,0,2,2,0,2,0,0,0,0,0
47089,SURDeporte,,2,0,2,2,0,2,0,0,0,0,0
47092,Lapazmalaga,,2,0,2,2,0,2,0,0,0,0,0
47093,Microteatro_Mlg,,3,0,3,3,0,3,0,0,0,0,0
47094,ESICMalaga,,2,0,2,2,0,2,0,0,0,0,0
47095,los40malaga,,2,0,2,2,0,2,0,0,0,0,0
47096,GuiaGoMalaga,,2,0,2,2,0,2,0,0,0,0,0
47097,vanesamartin_,,3,0,3,3,0,3,0,0,0,0,0
47098,cpbmalaga,,2,0,2,2,0,2,0,0,0,0,0
47099,acpmalaga,,2,0,2,2,0,2,0,0,0,0,0
47101,MalagaFilmO,,3,0,3,3,0,3,0,0,0,0,0
47102,MalagaFactory,,3,0,3,3,0,3,0,0,0,0,0
47103,tuymalaga,,2,0,2,2,0,2,0,0,0,0,0
47105,MALAGA_METEO,,2,0,2,2,0,2,0,0,0,0,0
47106,MalagaEnamorada,,2,0,2,2,0,2,0,0,0,0,0
47107,PTV_Malaga,,2,0,2,2,0,2,0,0,0,0,0
47108,malagaport,,3,0,3,3,0,3,0,0,0,0,0
47109,MalagaJuventud,,3,0,3,3,0,3,0,0,0,0,0
47110,OndaCeroMalaga,,2,0,2,2,0,2,0,0,0,0,0
47111,GDGMalaga,,2,0,2,2,0,2,0,0,0,0,6
47112,Malaga__CF,,2,0,2,2,0,2,0,0,0,0,0
47113,Mimma_Malaga,,3,0,3,3,0,3,0,0,0,0,0
47114,Weligton03,,2,0,2,2,0,2,0,0,0,0,0
47115,aprensamalaga,,3,0,3,3,0,3,0,0,0,0,0
47116,desmarquemalaga,,2,0,2,2,0,2,0,0,0,0,0
47117,cpompidoumalaga,,3,0,3,3,0,3,0,0,0,0,0
47118,OrgullodeMalaga,,3,0,3,3,0,3,0,0,0,0,0
47119,serdemalaga,,2,0,2,2,0,2,0,0,0,0,0
47120,RemediosMalaga,,3,0,3,3,0,3,0,0,0,0,0
47121,turismodemalaga,,3,0,3,3,0,3,0,0,0,0,3
47122,festivalmalaga,,3,0,3,3,0,3,0,0,0,0,0
47123,eldesmarque_mcf,,2,0,2,2,0,2,0,0,0,0,0
47124,MalagaCF,,3,0,3,3,0,3,0,0,0,0,6
47127,JuncarilCenter,,3,0,3,3,0,3,0,0,0,0,0
47128,juncaril,,3,0,3,3,0,3,0,0,0,0,0
47132,benjiyoliver,,2,0,2,2,0,2,0,0,0,0,0
47134,OcanaJuanma,,2,0,2,2,0,2,0,0,0,0,0
47136,AlboloteSoccer,,3,0,3,3,0,3,0,0,0,0,6
47137,consumoalbolote,,2,0,2,2,0,2,0,0,0,0,0
47139,AlboloteCFFem,,2,0,2,2,0,2,0,0,0,0,0
47140,PCivilAlbolote,,3,0,3,3,0,3,0,0,0,0,6
47141,galbolote,,3,0,3,3,0,3,0,0,0,0,0
47142,CafesAlbolote,,3,0,3,3,0,3,0,0,0,0,0
47143,BandaDeAlbolote,,4,0,4,4,0,4,0,0,0,0,0
47144,PregonAlbolote,,3,0,3,3,0,3,0,0,0,0,0
47145,CRAlbolote,,4,0,4,4,0,4,0,0,0,0,0
47147,aytoalbolote,,3,0,3,3,0,3,0,0,0,0,0
47149,kisco_albolote,,2,0,2,2,0,2,0,0,0,0,0
47150,oalalbolote,,3,0,3,3,0,3,0,0,0,0,6
47151,ViveAlbolote,,2,0,2,2,0,2,0,0,0,0,0
47152,CsAlbolote,,2,0,2,2,0,2,0,0,0,0,0
47153,CFImperio,,2,0,2,2,0,2,0,0,0,0,0
47154,LanzAlbolote3,,2,0,2,2,0,2,0,0,0,0,0
47155,AlboloteGuia,,3,0,3,3,0,3,0,0,0,0,0
47156,TvAlbolote,,3,0,3,3,0,3,0,0,0,0,6
47157,ALBOLOTEFUTSAL,,3,0,3,3,0,3,0,0,0,0,0
47159,PcAlbolote,,3,0,3,3,0,3,0,0,0,0,6
47162,NAZARENOyMERCED,,5,0,5,5,0,5,0,0,0,0,0
47163,DGranadaAlCielo,,4,0,4,4,0,4,0,0,0,0,0
47164,Rosario_Granada,,5,0,5,5,0,5,0,0,0,0,0
47165,cruzdeguiagrana,,4,0,4,4,0,4,0,0,0,0,0
47166,GranadaReports,,4,0,4,4,0,4,0,0,0,0,0
47167,AfepeGr2017,,2,0,2,2,0,2,0,0,0,0,0
47168,ugcfarmaciagr,,3,0,3,3,0,3,0,0,0,0,0
47169,Bar_FM_Granada,,3,0,3,3,0,3,0,0,0,0,0
47170,TapasDeGranada,,3,0,3,3,0,3,0,0,0,0,0
47171,mgranada2,,3,0,3,3,0,3,0,0,0,0,0
47172,RobertoFA13,,3,0,3,3,0,3,0,0,0,0,0
47173,CamiloGranada,,4,0,4,4,0,4,0,0,0,0,0
47174,resc_animal_gr,,2,0,2,2,0,2,0,0,0,0,0
47176,CanteraNazari,,4,0,4,4,0,4,0,0,0,0,0
47177,miguemlg89,,2,0,2,2,0,2,0,0,0,0,0
47204,PSDFreebies,,2,0,2,2,0,2,0,0,0,0,2
47205,GrupoOpentours,,2,0,2,2,0,2,0,0,0,0,4
47224,VIATGESGLOEL,,2,0,2,2,0,2,0,0,0,0,5
47245,KenyaTravelSL,,2,0,2,2,0,2,0,0,0,0,0
47248,assistcard,,2,0,2,2,0,2,0,0,0,0,7
47259,TarannaViajes,,3,0,3,3,0,3,0,0,0,0,7
47261,madoxviajes,,2,0,2,2,0,2,0,0,0,0,0
47264,amigosenruta,,2,0,2,2,0,2,0,0,0,0,0
47270,BestoursCorp,,2,0,2,2,0,2,0,0,0,0,4
47273,travelgenio,,2,0,2,2,0,2,0,0,0,0,4
47276,Nivel10Viajes,,3,0,3,3,0,3,0,0,0,0,0
47283,Unicampus,,2,0,2,2,0,2,0,0,0,0,4
47285,atlanta_RMT,,2,0,2,2,0,2,0,0,0,0,4
47292,panavisiontours,,3,0,3,3,0,3,0,0,0,0,0
47294,around_esp,,2,0,2,2,0,2,0,0,0,0,4
47303,SendasdeEuropa,,2,0,2,2,0,2,0,0,0,0,0
47304,viajobien,,2,0,2,2,0,2,0,0,0,0,0
47314,Europamundo,,3,0,3,3,0,3,0,0,0,0,0
47318,Islandiatours,,2,0,2,2,0,2,0,0,0,0,4
47319,forociotravel,,3,0,3,3,0,3,0,0,0,0,7
47321,muchoviaje,,3,0,3,3,0,3,0,0,0,0,2
47323,TJviajes,,2,0,2,2,0,2,0,0,0,0,0
47334,HilasViajes,,2,0,2,2,0,2,0,0,0,0,7
47336,ViajesAbreu,,2,0,2,2,0,2,0,0,0,0,4
47355,elPachinko,,3,0,3,3,0,3,0,0,0,0,4
47356,viajeatardecer,,4,0,4,4,0,4,0,0,0,0,0
47357,Rumbo,,3,0,3,3,0,3,0,0,0,0,2
47358,turismorural,,3,0,3,3,0,3,0,0,0,0,4
47359,Paralelo20,,3,0,3,3,0,3,0,0,0,0,4
47360,Toprural,,3,0,3,3,0,3,0,0,0,0,8
47361,Destinia,,3,0,3,3,0,3,0,0,0,0,2
47362,UnitviajesHaro,,2,0,2,2,0,2,0,0,0,0,7
47365,DeViaje_com,,3,0,3,3,0,3,0,0,0,0,0
47367,DTviajes,,2,0,2,2,0,2,0,0,0,0,0
47374,InterwayIdiomas,,3,0,3,3,0,3,0,0,0,0,1
47377,apartamento3000,,2,0,2,2,0,2,0,0,0,0,4
47381,gozARTE,,2,0,2,2,0,2,0,0,0,0,1
47382,fernandotravel,,2,0,2,2,0,2,0,0,0,0,0
47391,minube,,3,0,3,3,0,3,0,0,0,0,4
47392,logitravel,,3,0,3,3,0,3,0,0,0,0,2
47395,alcala_travel,,2,0,2,2,0,2,0,0,0,0,4
47397,FrancoGuerra66,,2,0,2,2,0,2,0,0,0,0,4
47398,jmchamizo,,2,0,2,2,0,2,0,0,0,0,0
47405,Cordobesdel72,,2,0,2,2,0,2,0,0,0,0,0
47406,Almu_Fdez,,2,0,2,2,0,2,0,0,0,0,0
47407,yporquenosolo,,3,0,3,3,0,3,0,0,0,0,0
47408,ViajarSolo,,3,0,3,3,0,3,0,0,0,0,4
47409,centralreservas,,2,0,2,2,0,2,0,0,0,0,4
47410,DitGestion,,3,0,3,3,0,3,0,0,0,0,4
47411,1000Tentaciones,,3,0,3,3,0,3,0,0,0,0,0
47417,AlmeidaViajes,,3,0,3,3,0,3,0,0,0,0,0
47423,Grupo_Europa,,3,0,3,3,0,3,0,0,0,0,4
47424,TUISPAINPRO,,2,0,2,2,0,2,0,0,0,0,4
47425,ViajesSoltour,,3,0,3,3,0,3,0,0,0,0,0
47434,AbadiaTours,,2,0,2,2,0,2,0,0,0,0,0
47437,VIAJESANETO,,2,0,2,2,0,2,0,0,0,0,4
47439,CMPviajes,,2,0,2,2,0,2,0,0,0,0,0
47440,ambarviajes,,2,0,2,2,0,2,0,0,0,0,4
47444,ViajesPirene,,2,0,2,2,0,2,0,0,0,0,7
47448,nautaliaevents,,2,0,2,2,0,2,0,0,0,0,4
47450,nautaliaviajes,,3,0,3,3,0,3,0,0,0,0,4
47451,NautaliaEmpresa,,2,0,2,2,0,2,0,0,0,0,4
47452,noradepedraza,,2,0,2,2,0,2,0,0,0,0,4
47456,sviajeseroski,,2,0,2,2,0,2,0,0,0,0,4
47458,ZafiroZazcortes,,2,0,2,2,0,2,0,0,0,0,0
47461,ZAFIRO_TOURS,,2,0,2,2,0,2,0,0,0,0,4
47464,TuBillete,,3,0,3,3,0,3,0,0,0,0,4
47473,Halconmonte5,,2,0,2,2,0,2,0,0,0,0,4
47488,RealBetisHalcon,,2,0,2,2,0,2,0,0,0,0,4
47496,ViajesMatallana,,2,0,2,2,0,2,0,0,0,0,6
47500,MViajeEstudios,,2,0,2,2,0,2,0,0,0,0,3
47505,mola_viajar,,3,0,3,3,0,3,0,0,0,0,2
47507,BidTravelViajes,,2,0,2,2,0,2,0,0,0,0,6
47509,ViajesEspanoles,,2,0,2,2,0,2,0,0,0,0,7
47510,NubiaTours,,2,0,2,2,0,2,0,0,0,0,4
47513,NtllViajes,,3,0,3,3,0,3,0,0,0,0,0
47521,entrevinos,,2,0,2,2,0,2,0,0,0,0,0
47523,marimartur,,3,0,3,3,0,3,0,0,0,0,0
47525,EFEtur_es,,4,0,4,4,0,4,0,0,0,0,4
47526,trianaviajes,,3,0,3,3,0,3,0,0,0,0,0
47545,Oh_Barcelona,,3,0,3,3,0,3,0,0,0,0,7
47550,Barcelona_Point,,2,0,2,2,0,2,0,0,0,0,0
47552,ovunno,,2,0,2,2,0,2,0,0,0,0,2
47555,Kaldorana,,2,0,2,2,0,2,0,0,0,0,4
47556,lugaresyviajes,,3,0,3,3,0,3,0,0,0,0,2
47560,fcvillodre,,2,0,2,2,0,2,0,0,0,0,4
47562,bcnTB,,3,0,3,3,0,3,0,0,0,0,7
47563,somosviajeros,,3,0,3,3,0,3,0,0,0,0,2
47576,Noemimorante,,2,0,2,2,0,2,0,0,0,0,1
47588,IDIOMASLEON,,2,0,2,2,0,2,0,0,0,0,1
47589,Vipavi_,,3,0,3,3,0,3,0,0,0,0,7
47596,navartur,,3,0,3,3,0,3,0,0,0,0,0
47608,ViajaconCibeles,,2,0,2,2,0,2,0,0,0,0,7
47610,Incentivas,,2,0,2,2,0,2,0,0,0,0,4
47612,teacomodo_com,,2,0,2,2,0,2,0,0,0,0,4
47616,travelasturias,,2,0,2,2,0,2,0,0,0,0,4
47628,ViajerosLowCost,,4,0,4,4,0,4,0,0,0,0,2
47630,ViajesEcuadorCR,,2,0,2,2,0,2,0,0,0,0,0
47632,viajes_ecuador,,2,0,2,2,0,2,0,0,0,0,0
47633,ecuador_viajes,,2,0,2,2,0,2,0,0,0,0,0
47639,viajesbadajoz,,3,0,3,3,0,3,0,0,0,0,5
47648,ViajesMercurio,,2,0,2,2,0,2,0,0,0,0,6
47655,partyhandbilbao,,2,0,2,2,0,2,0,0,0,0,7
47658,BodasyDestinos,,2,0,2,2,0,2,0,0,0,0,0
47661,ClubCosta,,3,0,3,3,0,3,0,0,0,0,0
47662,ViajesC_Cadiz,,2,0,2,2,0,2,0,0,0,0,0
47663,AgpViajesMalaga,,2,0,2,2,0,2,0,0,0,0,4
47666,ViajesMarinaMlg,,2,0,2,2,0,2,0,0,0,0,4
47671,Offertutti_SEV,,2,0,2,2,0,2,0,0,0,0,0
47678,TezTourBCN,,2,0,2,2,0,2,0,0,0,0,7
47680,GruppitMadrid,,2,0,2,2,0,2,0,0,0,0,4
47681,ViajesNUBA,,2,0,2,2,0,2,0,0,0,0,0
47683,politours,,3,0,3,3,0,3,0,0,0,0,0
47684,cataitours,,3,0,3,3,0,3,0,0,0,0,0
47685,Rhodasol,,4,0,4,4,0,4,0,0,0,0,0
47686,Mapatours,,3,0,3,3,0,3,0,0,0,0,0
47687,transrutas,,2,0,2,2,0,2,0,0,0,0,0
47688,luxotour,,3,0,3,3,0,3,0,0,0,0,7
47693,ViajesMarsol,,2,0,2,2,0,2,0,0,0,0,0
47696,viajescrf,,3,0,3,3,0,3,0,0,0,0,0
47701,HMRCcustomers,,2,0,2,2,0,2,0,0,0,0,3
47703,tutorias,,2,0,2,2,0,2,0,0,0,0,4
47704,EATAPAS,,2,0,2,2,0,2,0,0,0,0,6
47706,GuardianCareers,,3,0,3,3,0,3,0,0,0,0,1
47707,JobsiteUK,,3,0,3,3,0,3,0,0,0,0,1
47708,TotaljobsUK,,3,0,3,3,0,3,0,0,0,0,1
47709,GuardianJobs,,3,0,3,3,0,3,0,0,0,0,2
47713,FoodWineSpain,,2,0,2,2,0,2,0,0,0,0,4
47714,orientacadiz,,2,0,2,2,0,2,0,0,0,0,1
47715,cadecadiz,,2,0,2,2,0,2,0,0,0,0,4
47717,EMPLEODECADIZ,,2,0,2,2,0,2,0,0,0,0,0
47721,empleo_cadiz,,2,0,2,2,0,2,0,0,0,0,4
47723,EMFO_CADIZ,,2,0,2,2,0,2,0,0,0,0,4
47724,in_galicia,,3,0,3,3,0,3,0,0,0,0,0
47726,EsppeonzAguirre,,2,0,2,2,0,2,0,0,0,0,2
47727,BobEstropajo,,3,0,3,3,0,3,0,0,0,0,4
47728,gerardotc,,3,0,3,3,0,3,0,0,0,0,0
47734,FAECTA_,,3,0,3,3,0,3,0,0,0,0,0
47736,proyectofast,,2,0,2,2,0,2,0,0,0,0,2
47738,Andalujobs,,3,0,3,3,0,3,0,0,0,0,5
47739,Orientasevilla,,2,0,2,2,0,2,0,0,0,0,4
47740,ORIENTALEBRIJA,,2,0,2,2,0,2,0,0,0,0,0
47748,coieum,,3,0,3,3,0,3,0,0,0,0,4
47752,COIEUPCT,,3,0,3,3,0,3,0,0,0,0,4
47759,EmpleoMurcia,,2,0,2,2,0,2,0,0,0,0,4
47760,TrabajoMurcia,,2,0,2,2,0,2,0,0,0,0,4
47762,DiputacionCC,,2,0,2,2,0,2,0,0,0,0,4
47764,AJEEXTREMADURA,,2,0,2,2,0,2,0,0,0,0,4
47765,JuntaEx_Empresa,,2,0,2,2,0,2,0,0,0,0,4
47767,CMAlsajara,,2,0,2,2,0,2,0,0,0,0,0
47768,cmalbayzin,,4,0,4,4,0,4,0,0,0,0,2
47769,HernandoColon,,2,0,2,2,0,2,0,0,0,0,1
47772,CMGuadaira,,2,0,2,2,0,2,0,0,0,0,4
47773,almonte49,,2,0,2,2,0,2,0,0,0,0,4
47775,cm_alcor,,2,0,2,2,0,2,0,0,0,0,2
47777,cmmontalban,,2,0,2,2,0,2,0,0,0,0,4
47779,GREATBritain,,3,0,3,3,0,3,0,0,0,0,1
47780,cooperacion,,3,0,3,3,0,3,0,0,0,0,4
47782,empleocero,,3,0,3,3,0,3,0,0,0,0,6
47783,LDNPaellaSchool,,2,0,2,2,0,2,0,0,0,0,4
47785,Vivelondres_uk,,2,0,2,2,0,2,0,0,0,0,4
47786,jobandtalent_es,,3,0,3,3,0,3,0,0,0,0,4
47789,FIUPM,,2,0,2,2,0,2,0,0,0,0,4
47792,emagister,,3,0,3,3,0,3,0,0,0,0,4
47798,ExpNewsUK,,2,0,2,2,0,2,0,0,0,0,4
47799,laborisnet,,3,0,3,3,0,3,0,0,0,0,1
47801,trabajo_ONG,,2,0,2,2,0,2,0,0,0,0,4
47803,adecco_es,,4,0,4,4,0,4,0,0,0,0,5
47805,Buscar_Trabajo,,3,0,3,3,0,3,0,0,0,0,4
47806,tr_reinounido,,3,0,3,3,0,3,0,0,0,0,4
47808,TowerOfLondon,,2,0,2,2,0,2,0,0,0,0,2
47809,VictoriaValb,,3,0,3,3,0,3,0,0,0,0,0
47817,AlumniVillanuev,,2,0,2,2,0,2,0,0,0,0,4
47818,cuv3actualidad,,2,0,2,2,0,2,0,0,0,0,4
47821,Univ_Villanueva,,2,0,2,2,0,2,0,0,0,0,4
47825,AlboradaColegio,,2,0,2,2,0,2,0,0,0,0,4
47827,arenalescolegio,,2,0,2,2,0,2,0,0,0,0,4
47833,ColegioSalzillo,,2,0,2,2,0,2,0,0,0,0,1
47845,gaztelueta,,2,0,2,2,0,2,0,0,0,0,4
47850,PenarredondaEdu,,2,0,2,2,0,2,0,0,0,0,4
47851,LosRoblesEdu,,2,0,2,2,0,2,0,0,0,0,4
47852,MontespinoEdu,,2,0,2,2,0,2,0,0,0,0,1
47853,ColegioPmay,,2,0,2,2,0,2,0,0,0,0,4
47855,ColeVilavella,,2,0,2,2,0,2,0,0,0,0,4
47856,ColegioElVedat,,2,0,2,2,0,2,0,0,0,0,4
47859,Montealto_cole,,2,0,2,2,0,2,0,0,0,0,4
47861,aldeafuente,,2,0,2,2,0,2,0,0,0,0,4
47862,colegioaltozano,,2,0,2,2,0,2,0,0,0,0,4
47863,FomentoAlumni,,2,0,2,2,0,2,0,0,0,0,4
47867,FomentoEdu,,2,0,2,2,0,2,0,0,0,0,4
47873,InterAravaca,,2,0,2,2,0,2,0,0,0,0,4
47886,cjzaragoza,,3,0,3,3,0,3,0,0,0,0,4
47888,cjtalaverareina,,2,0,2,2,0,2,0,0,0,0,6
47892,ConseJuvNA,,2,0,2,2,0,2,0,0,0,0,4
47893,CIPAJ,,2,0,2,2,0,2,0,0,0,0,4
47898,aragondigital,,2,0,2,2,0,2,0,0,0,0,2
47900,Advance2Britain,,2,0,2,2,0,2,0,0,0,0,2
47901,VodafoneUK,,2,0,2,2,0,2,0,0,0,0,2
47903,EmigranteAragon,,2,0,2,2,0,2,0,0,0,0,4
47904,imkylemillar,,4,0,4,4,0,4,0,0,0,0,0
47905,imalbertoalonso,,3,0,3,3,0,3,0,0,0,0,4
47906,vaughan_radio,,3,0,3,3,0,3,0,0,0,0,5
47907,DevCodela,,2,0,2,2,0,2,0,0,0,0,4
47913,lwp_,,2,0,2,2,0,2,0,0,0,0,4
47920,developermadrid,,2,0,2,2,0,2,0,0,0,0,2
47923,ETSIAgronomos,,3,0,3,3,0,3,0,0,0,0,4
47924,etsii_upct,,3,0,3,3,0,3,0,0,0,0,4
47926,ETSAE_upct,,3,0,3,3,0,3,0,0,0,0,4
47927,ETSISIupm,,2,0,2,2,0,2,0,0,0,0,4
47930,GeomaticaUPM,,3,0,3,3,0,3,0,0,0,0,4
47931,MU_gep,,2,0,2,2,0,2,0,0,0,0,4
47934,DelAlEPSuja,,3,0,3,3,0,3,0,0,0,0,6
47935,EPSLinares,,3,0,3,3,0,3,0,0,0,0,6
47936,delegacionepse,,2,0,2,2,0,2,0,0,0,0,4
47937,EPS_UAM,,3,0,3,3,0,3,0,0,0,0,4
47938,industrialesupm,,3,0,3,3,0,3,0,0,0,0,4
47939,Delegacion_EPS,,4,0,4,4,0,4,0,0,0,0,6
47940,eps_uah,,3,0,3,3,0,3,0,0,0,0,4
47941,deepsuah,,3,0,3,3,0,3,0,0,0,0,4
47942,deiuah,,2,0,2,2,0,2,0,0,0,0,4
47943,ConsejoEPS,,3,0,3,3,0,3,0,0,0,0,4
47945,EPSAlicante,,2,0,2,2,0,2,0,0,0,0,4
47946,EPCC_Unex,,3,0,3,3,0,3,0,0,0,0,5
47948,ConsejoInfUMA,,2,0,2,2,0,2,0,0,0,0,6
47949,DIIS_UZ,,2,0,2,2,0,2,0,0,0,0,4
47950,esiiab,,2,0,2,2,0,2,0,0,0,0,4
47953,eseiuvigo,,2,0,2,2,0,2,0,0,0,0,4
47954,delegaETSII,,4,0,4,4,0,4,0,0,0,0,6
47955,informaticaupm,,3,0,3,3,0,3,0,0,0,0,4
47956,cciinfor,,2,0,2,2,0,2,0,0,0,0,6
47957,etsii,,5,0,5,5,0,5,0,0,0,0,6
47958,esitull,,3,0,3,3,0,3,0,0,0,0,4
47959,EII_ULPGC,,2,0,2,2,0,2,0,0,0,0,4
47960,ComputingOviedo,,2,0,2,2,0,2,0,0,0,0,4
47961,DelegacionEINA,,2,0,2,2,0,2,0,0,0,0,4
47962,EINAunizar,,2,0,2,2,0,2,0,0,0,0,1
47967,SECCDEREHUMANOS,,2,0,2,2,0,2,0,0,0,0,4
47971,colegiosansu,,2,0,2,2,0,2,0,0,0,0,4
47974,zaragoza_es,,2,0,2,2,0,2,0,0,0,0,4
47978,Bilinguebabies,,2,0,2,2,0,2,0,0,0,0,1
47979,fromSpaintoUK,,2,0,2,2,0,2,0,0,0,0,4
47983,gobjccm,,3,0,3,3,0,3,0,0,0,0,4
47985,lanbideejgv,,2,0,2,2,0,2,0,0,0,0,4
47986,marcaempleo,,3,0,3,3,0,3,0,0,0,0,4
47987,Inaempleo,,2,0,2,2,0,2,0,0,0,0,4
48003,Jobs4allcv,,2,0,2,2,0,2,0,0,0,0,4
48011,CVListo,,2,0,2,2,0,2,0,0,0,0,4
48017,conectadosUK,,2,0,2,2,0,2,0,0,0,0,4
48021,CervantesLondon,,3,0,3,3,0,3,0,0,0,0,4
48023,PaseandoEuropa,,3,0,3,3,0,3,0,0,0,0,4
48024,Trabjo_Londres,,2,0,2,2,0,2,0,0,0,0,1
48025,vivirenlondres,,2,0,2,2,0,2,0,0,0,0,4
48028,elviajeinfinito,,3,0,3,3,0,3,0,0,0,0,4
48030,HistoryLondon,,2,0,2,2,0,2,0,0,0,0,1
48032,MuseumofLondon,,2,0,2,2,0,2,0,0,0,0,1
48033,events_london,,2,0,2,2,0,2,0,0,0,0,7
48034,HistoricEngland,,2,0,2,2,0,2,0,0,0,0,1
48035,ExpressarteUK,,2,0,2,2,0,2,0,0,0,0,4
48040,NHM_London,,3,0,3,3,0,3,0,0,0,0,2
48054,UKKnowledge,,2,0,2,2,0,2,0,0,0,0,0
48056,EstoEsLondres,,2,0,2,2,0,2,0,0,0,0,4
48066,TinaWalksLondon,,2,0,2,2,0,2,0,0,0,0,1
48070,Cevex,,2,0,2,2,0,2,0,0,0,0,4
48072,HuffPost,,3,0,3,3,0,3,0,0,0,0,2
48073,HuffPostContrib,,2,0,2,2,0,2,0,0,0,0,4
48075,VisitBritain,,3,0,3,3,0,3,0,0,0,0,1
48076,VisitEngland,,3,0,3,3,0,3,0,0,0,0,1
48077,LearnEnglish_BC,,3,0,3,3,0,3,0,0,0,0,1
48078,yonomeparo,,3,0,3,3,0,3,0,0,0,0,1
48080,LondONtheinside,,3,0,3,3,0,3,0,0,0,0,2
48081,LondonNow,,3,0,3,3,0,3,0,0,0,0,2
48082,LondonPopups,,2,0,2,2,0,2,0,0,0,0,2
48083,theNudgeLondon,,2,0,2,2,0,2,0,0,0,0,1
48084,ThrillCityLDN,,2,0,2,2,0,2,0,0,0,0,1
48085,TimeOutEatDrink,,2,0,2,2,0,2,0,0,0,0,1
48087,glpLondon,,2,0,2,2,0,2,0,0,0,0,1
48088,londoneating,,2,0,2,2,0,2,0,0,0,0,1
48089,ViewUK,,3,0,3,3,0,3,0,0,0,0,2
48090,standardnews,,2,0,2,2,0,2,0,0,0,0,1
48091,MetroUK,,3,0,3,3,0,3,0,0,0,0,2
48092,lacucharademama,,2,0,2,2,0,2,0,0,0,0,0
48096,LondonGratis,,3,0,3,3,0,3,0,0,0,0,4
48098,londres_101,,3,0,3,3,0,3,0,0,0,0,4
48100,Londondeando,,2,0,2,2,0,2,0,0,0,0,4
48101,SpFoEx,,2,0,2,2,0,2,0,0,0,0,4
48103,latundrarevista,,2,0,2,2,0,2,0,0,0,0,1
48104,vivelondres,,2,0,2,2,0,2,0,0,0,0,4
48107,El_Iberico,,3,0,3,3,0,3,0,0,0,0,4
48109,susisola,,2,0,2,2,0,2,0,0,0,0,0
48111,BritishSpanish,,3,0,3,3,0,3,0,0,0,0,4
48112,Spain_inUK,,3,0,3,3,0,3,0,0,0,0,2
48113,SpaniardsLondon,,3,0,3,3,0,3,0,0,0,0,4
48115,grammarnet,,2,0,2,2,0,2,0,0,0,0,5
48116,TelevisaLondres,,2,0,2,2,0,2,0,0,0,0,5
48121,GalegoEnLondres,,3,0,3,3,0,3,0,0,0,0,0
48122,ElNorthern,,2,0,2,2,0,2,0,0,0,0,4
48123,LondonHistorian,,2,0,2,2,0,2,0,0,0,0,1
48129,Liverpoolmagico,,3,0,3,3,0,3,0,0,0,0,0
48131,twowheelsabroad,,2,0,2,2,0,2,0,0,0,0,4
48132,islaimaginacion,,3,0,3,3,0,3,0,0,0,0,4
48133,Bristolenos,,3,0,3,3,0,3,0,0,0,0,4
48134,QverLondres,,3,0,3,3,0,3,0,0,0,0,4
48136,VivirLondres,,3,0,3,3,0,3,0,0,0,0,4
48137,london_whynot,,3,0,3,3,0,3,0,0,0,0,4
48138,MamaLondn,,3,0,3,3,0,3,0,0,0,0,4
48139,metpoliceuk,,3,0,3,3,0,3,0,0,0,0,0
48140,holalondres,,3,0,3,3,0,3,0,0,0,0,4
48141,toursenlondres,,3,0,3,3,0,3,0,0,0,0,0
48142,BuscoenLondres,,3,0,3,3,0,3,0,0,0,0,4
48143,EspEnLondres,,3,0,3,3,0,3,0,0,0,0,7
48146,SLG_artupdates,,2,0,2,2,0,2,0,0,0,0,1
48147,BFI,,3,0,3,3,0,3,0,0,0,0,4
48148,ICALondon,,2,0,2,2,0,2,0,0,0,0,1
48149,SerpentineUK,,3,0,3,3,0,3,0,0,0,0,2
48150,_TheWhitechapel,,3,0,3,3,0,3,0,0,0,0,2
48151,NPGLondon,,2,0,2,2,0,2,0,0,0,0,1
48152,MayorofLondon,,3,0,3,3,0,3,0,0,0,0,2
48153,royalacademy,,3,0,3,3,0,3,0,0,0,0,2
48154,britishmuseum,,3,0,3,3,0,3,0,0,0,0,1
48155,NationalGallery,,3,0,3,3,0,3,0,0,0,0,1
48156,DesignMuseum,,3,0,3,3,0,3,0,0,0,0,0
48157,southbanklondon,,2,0,2,2,0,2,0,0,0,0,1
48158,Tate,,3,0,3,3,0,3,0,0,0,0,1
48159,V_and_A,,3,0,3,3,0,3,0,0,0,0,4
48160,southbankcentre,,2,0,2,2,0,2,0,0,0,0,1
48161,secret_london,,2,0,2,2,0,2,0,0,0,0,1
48162,TfL,,3,0,3,3,0,3,0,0,0,0,2
48163,LDN,,3,0,3,3,0,3,0,0,0,0,4
48164,Londonist,,3,0,3,3,0,3,0,0,0,0,7
48165,cityoflondon,,2,0,2,2,0,2,0,0,0,0,3
48166,SadiqKhan,,3,0,3,3,0,3,0,0,0,0,3
48181,CEFAPIT,,2,0,2,2,0,2,0,0,0,0,0
48184,ModestoBarragan,,2,0,2,2,0,2,0,0,0,0,0
48185,Inesporro,,2,0,2,2,0,2,0,0,0,0,0
48200,Javier78Garcia,,2,0,2,2,0,2,0,0,0,0,0
48204,75Minutos,,3,0,3,3,0,3,0,0,0,0,0
48205,LuisMarquezP,,2,0,2,2,0,2,0,0,0,0,0
48212,iLeyes,,2,0,2,2,0,2,0,0,0,0,6
48216,AytoPuenteGenil,,2,0,2,2,0,2,0,0,0,0,0
48219,lebrijavinos,,2,0,2,2,0,2,0,0,0,0,0
48221,AM_modadelSur,,2,0,2,2,0,2,0,0,0,0,0
48222,PepaSaezModa,,2,0,2,2,0,2,0,0,0,0,0
48224,RakelRevuelta,,2,0,2,2,0,2,0,0,0,0,0
48225,doble_erreSE,,2,0,2,2,0,2,0,0,0,0,0
48228,bodegassalado,,2,0,2,2,0,2,0,0,0,0,0
48230,simofsevilla,,3,0,3,3,0,3,0,0,0,0,0
48231,_FranLeon,,2,0,2,2,0,2,0,0,0,0,0
48232,Feria_deAbril,,2,0,2,2,0,2,0,0,0,0,1
48284,EcijaComarcaTv,,2,0,2,2,0,2,0,0,0,0,0
48288,Turismoecija,,2,0,2,2,0,2,0,0,0,0,0
48289,aytoecija,,2,0,2,2,0,2,0,0,0,0,0
48290,ecijanoticias,,2,0,2,2,0,2,0,0,0,0,0
48294,FujiXperience,,2,0,2,2,0,2,0,0,0,0,6
48351,luismaef,,2,0,2,2,0,2,0,0,0,0,6
48378,tiendadelrocio,,2,0,2,2,0,2,0,0,0,0,0
48383,Ecija_Sevilla,,2,0,2,2,0,2,0,0,0,0,0
48384,RoblesenSevilla,,2,0,2,2,0,2,0,0,0,0,0
48395,mcromerot,,2,0,2,2,0,2,0,0,0,0,0
48404,sugus_etsii,,2,0,2,2,0,2,0,0,0,0,6
48420,vidingsevilla,,2,0,2,2,0,2,0,0,0,0,0
48437,PasaporSEVILLA,,2,0,2,2,0,2,0,0,0,0,4
48439,Iglesia_Sevilla,,2,0,2,2,0,2,0,0,0,0,0
48441,DreamFit_es,,2,0,2,2,0,2,0,0,0,0,2
48481,JoseaBaco,,2,0,2,2,0,2,0,0,0,0,1
48485,burritabike,,2,0,2,2,0,2,0,0,0,0,0
48486,Flamentex,,2,0,2,2,0,2,0,0,0,0,0
48489,RocioPeraltaMF,,2,0,2,2,0,2,0,0,0,0,0
48493,MulliganSevilla,,2,0,2,2,0,2,0,0,0,0,0
48506,OshiroSevilla,,2,0,2,2,0,2,0,0,0,0,0
48507,rest_sevilla,,3,0,3,3,0,3,0,0,0,0,0
48508,Rest_Malambos,,2,0,2,2,0,2,0,0,0,0,1
48512,BarbianaSevilla,,2,0,2,2,0,2,0,0,0,0,0
48514,HosteriaLaurel,,3,0,3,3,0,3,0,0,0,0,1
48515,julio_abantal,,2,0,2,2,0,2,0,0,0,0,0
48538,GingerSevilla,,2,0,2,2,0,2,0,0,0,0,1
48539,RaulVoulezBar,,3,0,3,3,0,3,0,0,0,0,6
48544,sacristiagastro,,2,0,2,2,0,2,0,0,0,0,2
48546,NOVOBACALAORest,,2,0,2,2,0,2,0,0,0,0,1
48547,mercado_triana,,3,0,3,3,0,3,0,0,0,0,1
48556,SevillaTapasIE,,2,0,2,2,0,2,0,0,0,0,0
48557,SevillaTapas,,3,0,3,3,0,3,0,0,0,0,4
48558,SevillaTapasLBC,,2,0,2,2,0,2,0,0,0,0,0
48561,SibaritasSVQ,,2,0,2,2,0,2,0,0,0,0,1
48577,tapasporsevilla,,2,0,2,2,0,2,0,0,0,0,1
48587,_empleosevilla_,,2,0,2,2,0,2,0,0,0,0,5
48588,SevillaStartup,,2,0,2,2,0,2,0,0,0,0,7
48589,sevillademoda,,2,0,2,2,0,2,0,0,0,0,0
48590,antoniomanfredi,,2,0,2,2,0,2,0,0,0,0,4
48591,SevillaMiaTours,,3,0,3,3,0,3,0,0,0,0,4
48594,SamuSVQ,,2,0,2,2,0,2,0,0,0,0,0
48598,RarrochaR,,2,0,2,2,0,2,0,0,0,0,0
48599,GourmetdSevilla,,2,0,2,2,0,2,0,0,0,0,0
48600,guiaelcomensal,,2,0,2,2,0,2,0,0,0,0,0
48603,SevillaInfinita,,2,0,2,2,0,2,0,0,0,0,1
48604,elsalerosevilla,,2,0,2,2,0,2,0,0,0,0,1
48609,PuertoDeSevilla,,3,0,3,3,0,3,0,0,0,0,1
48612,eltiempoSevilla,,2,0,2,2,0,2,0,0,0,0,1
48613,SevillaTePilla,,3,0,3,3,0,3,0,0,0,0,0
48614,tubarriosevilla,,3,0,3,3,0,3,0,0,0,0,0
48616,pueblosandaluc,,2,0,2,2,0,2,0,0,0,0,0
48618,mariangelesmor3,,2,0,2,2,0,2,0,0,0,0,6
48625,TartessosLT,,2,0,2,2,0,2,0,0,0,0,1
48628,andaluciamuseos,,3,0,3,3,0,3,0,0,0,0,0
48631,MENTA_Andalucia,,2,0,2,2,0,2,0,0,0,0,2
48632,andaluciatipica,,4,0,4,4,0,4,0,0,0,0,6
48633,AndaluciaPGA,,2,0,2,2,0,2,0,0,0,0,0
48634,DJuradoCD,,3,0,3,3,0,3,0,0,0,0,0
48635,BaresAndalucia,,3,0,3,3,0,3,0,0,0,0,0
48636,EC_Andalucia,,2,0,2,2,0,2,0,0,0,0,0
48637,JagermusicSpain,,2,0,2,2,0,2,0,0,0,0,0
48653,Amiss0709Sergio,,2,0,2,2,0,2,0,0,0,0,0
48664,LaSalleCordoba,,2,0,2,2,0,2,0,0,0,0,4
48671,EQUOCordoba,,2,0,2,2,0,2,0,0,0,0,0
48677,cordoba4u,,2,0,2,2,0,2,0,0,0,0,0
48680,BodegasMezquita,,2,0,2,2,0,2,0,0,0,0,0
48683,Cs_Cordoba,,3,0,3,3,0,3,0,0,0,0,0
48684,canalsurcordoba,,2,0,2,2,0,2,0,0,0,0,0
48685,cordoba_turismo,,3,0,3,3,0,3,0,0,0,0,0
48687,aseturismo,,3,0,3,3,0,3,0,0,0,0,1
48688,info_cofrade,,2,0,2,2,0,2,0,0,0,0,6
48689,Hdad_Amargura,,2,0,2,2,0,2,0,0,0,0,0
48690,HdadHiniesta,,2,0,2,2,0,2,0,0,0,0,0
48691,hdadlasaguas,,2,0,2,2,0,2,0,0,0,0,0
48692,HdadSanEsteban,,2,0,2,2,0,2,0,0,0,0,0
48694,juanmadiaz,,2,0,2,2,0,2,0,0,0,0,0
48696,SevillaWebRadio,,3,0,3,3,0,3,0,0,0,0,1
48697,CaritasSevilla,,2,0,2,2,0,2,0,0,0,0,0
48698,Setas_deSevilla,,3,0,3,3,0,3,0,0,0,0,0
48699,tapean2,,2,0,2,2,0,2,0,0,0,0,6
48700,diariojuridico,,3,0,3,3,0,3,0,0,0,0,3
48703,iecajasol,,3,0,3,3,0,3,0,0,0,0,0
48706,Nicodemo_BLC,,2,0,2,2,0,2,0,0,0,0,0
48707,SrCofradias,,3,0,3,3,0,3,0,0,0,0,0
48708,FuriaRancia,,2,0,2,2,0,2,0,0,0,0,0
48709,_ManuSanchez_,,3,0,3,3,0,3,0,0,0,0,0
48710,SrRancio,,3,0,3,3,0,3,0,0,0,0,0
48711,TourismeSeville,,2,0,2,2,0,2,0,0,0,0,6
48712,rancio,,3,0,3,3,0,3,0,0,0,0,5
48725,Trianabetis4,,2,0,2,2,0,2,0,0,0,0,6
48726,OMTAlmodovar,,2,0,2,2,0,2,0,0,0,0,0
48735,ProcuradoresE,,2,0,2,2,0,2,0,0,0,0,0
48741,lalola_sevilla,,2,0,2,2,0,2,0,0,0,0,0
48776,ResLaBuhaira,,2,0,2,2,0,2,0,0,0,0,0
48785,lodocomello,,2,0,2,2,0,2,0,0,0,0,3
48787,diegomcea,,2,0,2,2,0,2,0,0,0,0,6
48796,GiraInformativa,,2,0,2,2,0,2,0,0,0,0,2
48798,PenequeValiente,,2,0,2,2,0,2,0,0,0,0,0
48824,Framoliva,,2,0,2,2,0,2,0,0,0,0,0
48836,zabaladelaserna,,2,0,2,2,0,2,0,0,0,0,0
48837,NorautoEspana,,2,0,2,2,0,2,0,0,0,0,4
48838,Betfair_ES,,2,0,2,2,0,2,0,0,0,0,3
48840,wizards_magicES,,3,0,3,3,0,3,0,0,0,0,0
48841,AccentureSpain,,3,0,3,3,0,3,0,0,0,0,0
48842,smart_spain,,2,0,2,2,0,2,0,0,0,0,0
48845,OpenExpoEurope,,2,0,2,2,0,2,0,0,0,0,0
48846,Cepsa_ES,,2,0,2,2,0,2,0,0,0,0,4
48849,Guinness_Spain,,2,0,2,2,0,2,0,0,0,0,0
48853,Nissan_ESP,,3,0,3,3,0,3,0,0,0,0,5
48854,trendinaliaES,,3,0,3,3,0,3,0,0,0,0,0
48855,kiamotorsiberia,,4,0,4,4,0,4,0,0,0,0,0
48856,audispain,,3,0,3,3,0,3,0,0,0,0,0
48861,TurismoSpain,,4,0,4,4,0,4,0,0,0,0,4
48862,EsquireEs,,3,0,3,3,0,3,0,0,0,0,3
48864,Heineken_ESCorp,,2,0,2,2,0,2,0,0,0,0,0
48866,volvemos_,,3,0,3,3,0,3,0,0,0,0,5
48867,volvocares,,3,0,3,3,0,3,0,0,0,0,0
48868,Gameloft_Spain,,3,0,3,3,0,3,0,0,0,0,2
48869,IGN_es,,3,0,3,3,0,3,0,0,0,0,2
48871,mediasetcom,,3,0,3,3,0,3,0,0,0,0,5
48874,tinsa,,2,0,2,2,0,2,0,0,0,0,6
48875,ElMundoEspana,,2,0,2,2,0,2,0,0,0,0,0
48876,VanityFairSpain,,4,0,4,4,0,4,0,0,0,0,0
48877,CanonEspana,,3,0,3,3,0,3,0,0,0,0,0
48890,Ruavieja,,3,0,3,3,0,3,0,0,0,0,6
48937,guadalquiviract,,2,0,2,2,0,2,0,0,0,0,0
48951,LaDobleCurva,,2,0,2,2,0,2,0,0,0,0,0
48955,La_doblecurva,,2,0,2,2,0,2,0,0,0,0,0
48959,lasentencia,,2,0,2,2,0,2,0,0,0,0,0
48964,iCofradeCordoba,,2,0,2,2,0,2,0,0,0,0,0
48982,naturaldese,,2,0,2,2,0,2,0,0,0,0,0
48986,sev_cofrade,,2,0,2,2,0,2,0,0,0,0,0
48988,Hdad_del_Carmen,,2,0,2,2,0,2,0,0,0,0,0
48993,LTelloM,,2,0,2,2,0,2,0,0,0,0,6
49000,SemanaSGranada,,3,0,3,3,0,3,0,0,0,0,0
49007,SayonMalaga,,2,0,2,2,0,2,0,0,0,0,0
49008,Fernan_Carrasco,,2,0,2,2,0,2,0,0,0,0,0
49009,_Pilar_Ortiz_,,2,0,2,2,0,2,0,0,0,0,0
49010,ResurreccionSev,,2,0,2,2,0,2,0,0,0,0,0
49011,SS_De_Sevilla,,2,0,2,2,0,2,0,0,0,0,0
49013,Hdadlosnegritos,,2,0,2,2,0,2,0,0,0,0,0
49014,ElPrograma_OL,,3,0,3,3,0,3,0,0,0,0,0
49016,LanzadaSevilla,,2,0,2,2,0,2,0,0,0,0,0
49017,JARodriguez_TV,,3,0,3,3,0,3,0,0,0,0,0
49018,latribunaorg,,3,0,3,3,0,3,0,0,0,0,0
49019,Cofradias_DdS,,2,0,2,2,0,2,0,0,0,0,0
49020,norberto_javier,,2,0,2,2,0,2,0,0,0,0,0
49021,semanasantasev,,2,0,2,2,0,2,0,0,0,0,0
49022,SSantaTV,,2,0,2,2,0,2,0,0,0,0,0
49023,LaPasion7TV,,3,0,3,3,0,3,0,0,0,0,0
49024,SevillaSemSanta,,2,0,2,2,0,2,0,0,0,0,0
49025,ElCostalorg,,3,0,3,3,0,3,0,0,0,0,0
49028,elllamadorcsr,,3,0,3,3,0,3,0,0,0,0,0
49051,bandagranpoder,,4,0,4,4,0,4,0,0,0,0,0
49055,BGpodercoria,,2,0,2,2,0,2,0,0,0,0,0
49077,Erasmustriana,,2,0,2,2,0,2,0,0,0,0,4
49090,ZonaTriana,,2,0,2,2,0,2,0,0,0,0,3
49097,CoroEsperTriana,,2,0,2,2,0,2,0,0,0,0,0
49099,RealesTrianaC,,2,0,2,2,0,2,0,0,0,0,0
49104,DETRIANAModa,,2,0,2,2,0,2,0,0,0,0,0
49110,AbadesTriana,,3,0,3,3,0,3,0,0,0,0,0
49120,Gervasito,,3,0,3,3,0,3,0,0,0,0,1
49123,salesianotriana,,2,0,2,2,0,2,0,0,0,0,0
49125,MediacionTriana,,2,0,2,2,0,2,0,0,0,0,0
49127,Triana_aldia,,2,0,2,2,0,2,0,0,0,0,0
49128,rociodetriana,,2,0,2,2,0,2,0,0,0,0,0
49167,ivanlopezz15,,2,0,2,2,0,2,0,0,0,0,0
49216,dhinnova,,2,0,2,2,0,2,0,0,0,0,0
49218,BibMontequinto,,2,0,2,2,0,2,0,0,0,0,0
49219,DHDiarioDigital,,2,0,2,2,0,2,0,0,0,0,0
49220,IgualdadDH,,2,0,2,2,0,2,0,0,0,0,4
49243,CiudadanosLora,,2,0,2,2,0,2,0,0,0,0,0
49319,ARMoficial,,2,0,2,2,0,2,0,0,0,0,0
49331,HOYCoria,,2,0,2,2,0,2,0,0,0,0,0
49334,BandadeCoria,,2,0,2,2,0,2,0,0,0,0,0
49354,marianopeluffo,,3,0,3,3,0,3,0,0,0,0,2
49362,ObispoGines,,2,0,2,2,0,2,0,0,0,0,6
49363,AytoGines,,2,0,2,2,0,2,0,0,0,0,0
49393,HSJD_Aljarafe,,2,0,2,2,0,2,0,0,0,0,5
49397,cyra68,,2,0,2,2,0,2,0,0,0,0,0
49410,PizzaHut_SVQ,,2,0,2,2,0,2,0,0,0,0,2
49417,AceroyMagia,,2,0,2,2,0,2,0,0,0,0,0
49426,MensaqueAnd,,2,0,2,2,0,2,0,0,0,0,0
49431,CamaraCuentas,,2,0,2,2,0,2,0,0,0,0,0
49437,AndexSevilla,,3,0,3,3,0,3,0,0,0,0,5
49439,Aicia_,,2,0,2,2,0,2,0,0,0,0,6
49440,comercioAND,,2,0,2,2,0,2,0,0,0,0,0
49441,TvElCorreo,,2,0,2,2,0,2,0,0,0,0,0
49442,VerdesEquo_And,,3,0,3,3,0,3,0,0,0,0,4
49443,RedCulturalFNPI,,3,0,3,3,0,3,0,0,0,0,4
49444,eco_andalucia,,2,0,2,2,0,2,0,0,0,0,4
49445,CSICAndalExtrem,,3,0,3,3,0,3,0,0,0,0,2
49446,CESAndalucia,,2,0,2,2,0,2,0,0,0,0,0
49447,SATSE_Andalucia,,3,0,3,3,0,3,0,0,0,0,0
49484,PrensaCamas,,2,0,2,2,0,2,0,0,0,0,0
49490,camascofrade,,2,0,2,2,0,2,0,0,0,0,0
49494,RESTAURANTEALEA,,2,0,2,2,0,2,0,0,0,0,0
49521,updutrera,,2,0,2,2,0,2,0,0,0,0,0
49554,jesusutreraj,,2,0,2,2,0,2,0,0,0,0,2
49570,adelautrera,,2,0,2,2,0,2,0,0,0,0,6
49611,sjaznalfarache,,2,0,2,2,0,2,0,0,0,0,0
49700,tonidoblas1,,2,0,2,2,0,2,0,0,0,0,6
49702,BraiiannRo,,2,0,2,2,0,2,0,0,0,0,0
49714,aesparraga,,3,0,3,3,0,3,0,0,0,0,0
49715,carloscrivell,,2,0,2,2,0,2,0,0,0,0,0
49719,fvarela33,,3,0,3,3,0,3,0,0,0,0,0
49722,RealBetisPro,,2,0,2,2,0,2,0,0,0,0,6
49727,Jorge9Molina,,2,0,2,2,0,2,0,0,0,0,0
49737,juanbustos5,,2,0,2,2,0,2,0,0,0,0,5
49740,alfonsito0007,,2,0,2,2,0,2,0,0,0,0,0
49741,BetisEncuesta,,2,0,2,2,0,2,0,0,0,0,6
49742,SalvaSevilla14,,3,0,3,3,0,3,0,0,0,0,0
49746,DaniCeballos46,,2,0,2,2,0,2,0,0,0,0,2
49752,RealBetisFS,,2,0,2,2,0,2,0,0,0,0,0
49753,AntonioAdan13,,2,0,2,2,0,2,0,0,0,0,2
49754,Beticismo,,3,0,3,3,0,3,0,0,0,0,5
49757,AFDLP,,2,0,2,2,0,2,0,0,0,0,0
49759,betisweb,,3,0,3,3,0,3,0,0,0,0,6
49763,Matglez,,2,0,2,2,0,2,0,0,0,0,0
49765,Estadio_ED,,3,0,3,3,0,3,0,0,0,0,0
49766,RealBetis_bp,,2,0,2,2,0,2,0,0,0,0,3
49791,upyd_tomares,,2,0,2,2,0,2,0,0,0,0,0
49799,goyosillero,,2,0,2,2,0,2,0,0,0,0,4
49802,tomareshoy,,2,0,2,2,0,2,0,0,0,0,0
49805,Cs_Tomares,,2,0,2,2,0,2,0,0,0,0,0
49817,DeTomares,,2,0,2,2,0,2,0,0,0,0,0
49833,tomaresvoley,,2,0,2,2,0,2,0,0,0,0,0
49840,Tomares_es,,2,0,2,2,0,2,0,0,0,0,0
49846,LogopedasColoan,,2,0,2,2,0,2,0,0,0,0,0
49847,Andalucia_LV,,2,0,2,2,0,2,0,0,0,0,2
49848,AndaluciaTB,,4,0,4,4,0,4,0,0,0,0,0
49849,AndaluciaMTB,,3,0,3,3,0,3,0,0,0,0,0
49851,redsalud_and,,3,0,3,3,0,3,0,0,0,0,0
49853,FAOlimpica,,3,0,3,3,0,3,0,0,0,0,0
49855,AytoFuentesdeA,,2,0,2,2,0,2,0,0,0,0,3
49856,andalucia_com,,3,0,3,3,0,3,0,0,0,0,2
49862,AMAResort,,2,0,2,2,0,2,0,0,0,0,6
49863,LaVictoria_MLG,,2,0,2,2,0,2,0,0,0,0,0
49864,alpes_andalucia,,2,0,2,2,0,2,0,0,0,0,0
49866,COBAndalucia,,2,0,2,2,0,2,0,0,0,0,6
49868,RafaelPorrasG,,2,0,2,2,0,2,0,0,0,0,0
49870,esp_andalucia,,2,0,2,2,0,2,0,0,0,0,0
49871,MadeinAndalucia,,2,0,2,2,0,2,0,0,0,0,0
49872,DN_Andalucia,,2,0,2,2,0,2,0,0,0,0,0
49873,BioRegion,,3,0,3,3,0,3,0,0,0,0,2
49874,Greenpeace_And,,3,0,3,3,0,3,0,0,0,0,4
49875,C3A_Andalucia,,2,0,2,2,0,2,0,0,0,0,0
49876,OCRAndalucia,,2,0,2,2,0,2,0,0,0,0,0
49877,GLP_Andalucia,,2,0,2,2,0,2,0,0,0,0,0
49878,CICCPDemAndaluc,,3,0,3,3,0,3,0,0,0,0,2
49879,CGT_A,,3,0,3,3,0,3,0,0,0,0,0
49880,andalucia_lujo,,2,0,2,2,0,2,0,0,0,0,0
49881,UPAANDALUCIA,,2,0,2,2,0,2,0,0,0,0,0
49882,Lucia_Andalucia,,2,0,2,2,0,2,0,0,0,0,0
49883,VCANDALUCIA,,4,0,4,4,0,4,0,0,0,0,2
49884,IECA_Andalucia,,3,0,3,3,0,3,0,0,0,0,1
49891,adncolombia,,2,0,2,2,0,2,0,0,0,0,2
49908,latabacalera,,2,0,2,2,0,2,0,0,0,0,4
49920,psoecordoba,,2,0,2,2,0,2,0,0,0,0,0
49925,a23gomez,,3,0,3,3,0,3,0,0,0,0,0
49928,BalonmanoAdesal,,2,0,2,2,0,2,0,0,0,0,0
49935,CAMBIOSCORDOBA,,2,0,2,2,0,2,0,0,0,0,6
49942,IMIBIC,,2,0,2,2,0,2,0,0,0,0,6
49943,MATOSCBA,,2,0,2,2,0,2,0,0,0,0,0
49944,cordobaflamenca,,2,0,2,2,0,2,0,0,0,0,6
49945,CordobaShops,,3,0,3,3,0,3,0,0,0,0,6
49948,VOScomar,,2,0,2,2,0,2,0,0,0,0,0
49954,hoyencordoba,,3,0,3,3,0,3,0,0,0,0,0
49955,telefecordoba,,2,0,2,2,0,2,0,0,0,0,0
49956,bomberoscordoba,,2,0,2,2,0,2,0,0,0,0,0
49959,diegocruzblog,,3,0,3,3,0,3,0,0,0,0,7
49961,TSJCyL,,2,0,2,2,0,2,0,0,0,0,0
49962,TSJAragon,,2,0,2,2,0,2,0,0,0,0,0
49963,TsjRioja,,2,0,2,2,0,2,0,0,0,0,0
49969,AytoHuevar,,2,0,2,2,0,2,0,0,0,0,0
49975,noelcarrion,,3,0,3,3,0,3,0,0,0,0,4
49977,acarrionmolina,,2,0,2,2,0,2,0,0,0,0,0
49981,oscarrion,,2,0,2,2,0,2,0,0,0,0,0
49986,SergioCarrion,,2,0,2,2,0,2,0,0,0,0,8
50006,PAespartinas,,2,0,2,2,0,2,0,0,0,0,0
50025,CsEspartinas,,2,0,2,2,0,2,0,0,0,0,0
50037,TorosEspartinas,,2,0,2,2,0,2,0,0,0,0,0
50064,VivaItalica,,2,0,2,2,0,2,0,0,0,0,4
50065,divulgoptom,,2,0,2,2,0,2,0,0,0,0,0
50067,GloriaDuranEven,,2,0,2,2,0,2,0,0,0,0,0
50072,esumariva_cs,,2,0,2,2,0,2,0,0,0,0,0
50112,Cs_Sanlucar,,2,0,2,2,0,2,0,0,0,0,0
50118,AytoSanlucar,,2,0,2,2,0,2,0,0,0,0,0
50120,CEJJUANXXIII,,2,0,2,2,0,2,0,0,0,0,0
50142,phillip14603,,2,0,2,2,0,2,0,0,0,0,0
50186,Aljarafe_Donana,,2,0,2,2,0,2,0,0,0,0,4
50193,MairenaAljarafe,,2,0,2,2,0,2,0,0,0,0,0
50197,aemaaljarafe,,2,0,2,2,0,2,0,0,0,0,0
50198,CsMAljarafe,,2,0,2,2,0,2,0,0,0,0,0
50199,TaxiAljarafe,,2,0,2,2,0,2,0,0,0,0,6
50201,aljarafegratis,,2,0,2,2,0,2,0,0,0,0,0
50220,CondadodeHuelva,,2,0,2,2,0,2,0,0,0,0,0
50232,Silitas_90,,2,0,2,2,0,2,0,0,0,0,6
50238,SOCCHuelva2017,,2,0,2,2,0,2,0,0,0,0,0
50244,PrensadeHuelva,,2,0,2,2,0,2,0,0,0,0,0
50245,TerritorioH,,3,0,3,3,0,3,0,0,0,0,2
50250,TabernitaHuelva,,2,0,2,2,0,2,0,0,0,0,0
50259,DescubreHuelva,,3,0,3,3,0,3,0,0,0,0,6
50263,JLMarinWeil,,2,0,2,2,0,2,0,0,0,0,1
50265,APracticosJaen,,2,0,2,2,0,2,0,0,0,0,2
50266,JaenTaurino,,2,0,2,2,0,2,0,0,0,0,2
50275,ArcoIris_Jaen,,2,0,2,2,0,2,0,0,0,0,1
50281,PastoralUJA,,2,0,2,2,0,2,0,0,0,0,6
50286,MElenaPerezJaen,,2,0,2,2,0,2,0,0,0,0,6
50292,MigueAContreras,,2,0,2,2,0,2,0,0,0,0,6
50294,hagamosjaen,,2,0,2,2,0,2,0,0,0,0,0
50296,rafamerida,,2,0,2,2,0,2,0,0,0,0,4
50297,Aytovaldepjaen,,2,0,2,2,0,2,0,0,0,0,0
50298,olewyd,,2,0,2,2,0,2,0,0,0,0,0
50299,OcioenJaen,,2,0,2,2,0,2,0,0,0,0,0
50300,JAENrincones,,2,0,2,2,0,2,0,0,0,0,0
50303,SinfonicaJaen,,2,0,2,2,0,2,0,0,0,0,1
50304,gumjaen,,2,0,2,2,0,2,0,0,0,0,2
50307,alejandrojaen,,2,0,2,2,0,2,0,0,0,0,2
50308,AUGC_Jaen,,3,0,3,3,0,3,0,0,0,0,0
50310,patriciajaenv,,2,0,2,2,0,2,0,0,0,0,0
50311,PCivilJaen,,2,0,2,2,0,2,0,0,0,0,0
50314,ctm_jaen,,2,0,2,2,0,2,0,0,0,0,5
50316,ManuelHerasRodr,,2,0,2,2,0,2,0,0,0,0,6
50318,_mcontreras,,2,0,2,2,0,2,0,0,0,0,0
50319,VivaJaen,,3,0,3,3,0,3,0,0,0,0,0
50320,ijaen_info,,2,0,2,2,0,2,0,0,0,0,0
50321,IMEFE_Jaen,,3,0,3,3,0,3,0,0,0,0,0
50322,CadenaSERJaen,,3,0,3,3,0,3,0,0,0,0,0
50323,AgrupacionJaen,,2,0,2,2,0,2,0,0,0,0,0
50324,GAJJaen,,2,0,2,2,0,2,0,0,0,0,0
50325,asajajaen,,2,0,2,2,0,2,0,0,0,0,5
50326,COPEJaen,,3,0,3,3,0,3,0,0,0,0,0
50327,theGranada,,4,0,4,4,0,4,0,0,0,0,0
50329,MagicGranada,,3,0,3,3,0,3,0,0,0,0,0
50332,JuventudHuerto,,2,0,2,2,0,2,0,0,0,0,0
50333,jorosales3,,2,0,2,2,0,2,0,0,0,0,6
50334,GranadaW,,2,0,2,2,0,2,0,0,0,0,0
50335,AurynGranada,,4,0,4,4,0,4,0,0,0,0,0
50336,sabor_granada,,3,0,3,3,0,3,0,0,0,0,0
50337,DesdeGranada1,,4,0,4,4,0,4,0,0,0,0,0
50338,ConLaMusicaGr,,3,0,3,3,0,3,0,0,0,0,0
50339,juanmirogranada,,2,0,2,2,0,2,0,0,0,0,0
50340,luisruizmolina,,3,0,3,3,0,3,0,0,0,0,0
50341,FEJONSGranada,,3,0,3,3,0,3,0,0,0,0,0
50342,pcagranada,,3,0,3,3,0,3,0,0,0,0,0
50343,sundowndfw,,4,0,4,4,0,4,0,0,0,0,0
50344,retroback,,3,0,3,3,0,3,0,0,0,0,0
50348,spanishinspain,,2,0,2,2,0,2,0,0,0,0,1
50353,letrasdcarnava,,3,0,3,3,0,3,0,0,0,0,5
50355,Karnavaleros,,3,0,3,3,0,3,0,0,0,0,5
50357,nachoherrera80,,2,0,2,2,0,2,0,0,0,0,0
50358,josegrima,,2,0,2,2,0,2,0,0,0,0,0
50362,_MiguelChamorro,,2,0,2,2,0,2,0,0,0,0,0
50363,CLUBRUGBYCADIZ,,2,0,2,2,0,2,0,0,0,0,4
50364,AiramCabrera9,,2,0,2,2,0,2,0,0,0,0,0
50381,johnNBCLA,,2,0,2,2,0,2,0,0,0,0,2
50386,cadizhoy,,2,0,2,2,0,2,0,0,0,0,0
50390,RadioCadiz,,2,0,2,2,0,2,0,0,0,0,0
50393,portalcadista,,2,0,2,2,0,2,0,0,0,0,0
50394,carnavalCadiz,,3,0,3,3,0,3,0,0,0,0,0
50397,IamJesusFdez,,2,0,2,2,0,2,0,0,0,0,2
50400,jmanzorro,,2,0,2,2,0,2,0,0,0,0,0
50401,peichsantana,,2,0,2,2,0,2,0,0,0,0,0
50402,eldesmarque_ccf,,2,0,2,2,0,2,0,0,0,0,0
50404,pedrofespinosa,,2,0,2,2,0,2,0,0,0,0,0
50406,AgendaCadiz,,3,0,3,3,0,3,0,0,0,0,1
50407,AbeInfanzon,,3,0,3,3,0,3,0,0,0,0,0
50411,diputacioncadiz,,2,0,2,2,0,2,0,0,0,0,0
50412,ceeibahia,,2,0,2,2,0,2,0,0,0,0,0
50414,camaracadiz,,2,0,2,2,0,2,0,0,0,0,0
50415,ENCamaraSevilla,,3,0,3,3,0,3,0,0,0,0,4
50418,CamaraInter,,3,0,3,3,0,3,0,0,0,0,0
50424,BibAlmeria,,3,0,3,3,0,3,0,0,0,0,0
50425,cepalmeria,,2,0,2,2,0,2,0,0,0,0,0
50426,PSevillistaAlm,,2,0,2,2,0,2,0,0,0,0,0
50429,JuderiaSevilla,,2,0,2,2,0,2,0,0,0,0,0
50432,dolcecity_sev,,2,0,2,2,0,2,0,0,0,0,0
50433,FNavarro_3,,2,0,2,2,0,2,0,0,0,0,0
50434,AEMET_Sevilla,,2,0,2,2,0,2,0,0,0,0,0
50437,festivalsevilla,,3,0,3,3,0,3,0,0,0,0,0
50439,Sevillismo,,2,0,2,2,0,2,0,0,0,0,0
50441,Oferplan_ABCse,,2,0,2,2,0,2,0,0,0,0,0
50442,TeatroQuintero,,3,0,3,3,0,3,0,0,0,0,0
50443,CICUS_,,3,0,3,3,0,3,0,0,0,0,0
50444,BoxCartuja,,3,0,3,3,0,3,0,0,0,0,0
50445,salacustom,,2,0,2,2,0,2,0,0,0,0,0
50446,Seviocio,,3,0,3,3,0,3,0,0,0,0,0
50447,ollerista,,2,0,2,2,0,2,0,0,0,0,0
50448,PCTHuelva,,3,0,3,3,0,3,0,0,0,0,6
50449,recreoficial,,3,0,3,3,0,3,0,0,0,0,0
50451,puntosigre,,2,0,2,2,0,2,0,0,0,0,4
50452,pdediost,,2,0,2,2,0,2,0,0,0,0,0
50453,NizePartners,,2,0,2,2,0,2,0,0,0,0,0
50455,DchoyPersp,,2,0,2,2,0,2,0,0,0,0,0
50457,LauriaConcursal,,2,0,2,2,0,2,0,0,0,0,0
50458,Cervecear,,3,0,3,3,0,3,0,0,0,0,0
50459,UD_Almeria,,2,0,2,2,0,2,0,0,0,0,0
50460,PP_Almeria,,2,0,2,2,0,2,0,0,0,0,0
50519,sevillaempresas,,2,0,2,2,0,2,0,0,0,0,1
50521,hassan_benk,,2,0,2,2,0,2,0,0,0,0,2
50524,Cordobamania,,2,0,2,2,0,2,0,0,0,0,6
50529,Macia_hoteles,,4,0,4,4,0,4,0,0,0,0,4
50531,Iprodeco,,3,0,3,3,0,3,0,0,0,0,4
50532,Rampppp,,2,0,2,2,0,2,0,0,0,0,0
50536,CordobaSolidari,,2,0,2,2,0,2,0,0,0,0,6
50537,GerardoLopez,,2,0,2,2,0,2,0,0,0,0,0
50540,bibliocor,,2,0,2,2,0,2,0,0,0,0,0
50543,cordobadeporte,,2,0,2,2,0,2,0,0,0,0,0
50552,TurismoPMA,,2,0,2,2,0,2,0,0,0,0,0
50557,ConBici,,2,0,2,2,0,2,0,0,0,0,4
50559,soyjuanjomendez,,2,0,2,2,0,2,0,0,0,0,0
50583,MetrobusCDMX,,2,0,2,2,0,2,0,0,0,0,4
50584,metro_caracas,,2,0,2,2,0,2,0,0,0,0,0
50585,MetroCDMX,,3,0,3,3,0,3,0,0,0,0,6
50588,Transportemx,,3,0,3,3,0,3,0,0,0,0,4
50589,SevillaEnBici,,3,0,3,3,0,3,0,0,0,0,0
50590,Cajasol,,2,0,2,2,0,2,0,0,0,0,0
50591,MinTransporteCo,,2,0,2,2,0,2,0,0,0,0,0
50593,lanochededieter,,2,0,2,2,0,2,0,0,0,0,0
50600,Pablosarabia92,,3,0,3,3,0,3,0,0,0,0,4
50601,Ispavilia,,2,0,2,2,0,2,0,0,0,0,0
50604,FLSevilla,,2,0,2,2,0,2,0,0,0,0,0
50605,_metrodesevilla,,2,0,2,2,0,2,0,0,0,0,6
50607,Sevilla_en2019,,2,0,2,2,0,2,0,0,0,0,0
50608,IMDSevilla,,3,0,3,3,0,3,0,0,0,0,1
50610,aprensasevilla,,3,0,3,3,0,3,0,0,0,0,0
50611,CCD_Granada,,2,0,2,2,0,2,0,0,0,0,6
50612,FsieGranada,,2,0,2,2,0,2,0,0,0,0,0
50613,LOS40_Granada,,4,0,4,4,0,4,0,0,0,0,0
50614,UFP_Granada,,2,0,2,2,0,2,0,0,0,0,0
50615,EmbacubaGranada,,3,0,3,3,0,3,0,0,0,0,0
50616,alafuente,,3,0,3,3,0,3,0,0,0,0,0
50617,cordopolis_es,,3,0,3,3,0,3,0,0,0,0,6
50618,ortizbernal,,3,0,3,3,0,3,0,0,0,0,0
50619,WeekyAlmeria,,2,0,2,2,0,2,0,0,0,0,0
50620,ultimotramodeHu,,2,0,2,2,0,2,0,0,0,0,0
50621,Llamadorhuelva,,2,0,2,2,0,2,0,0,0,0,0
50624,huelva24deporte,,2,0,2,2,0,2,0,0,0,0,0
50627,Huelvactual,,2,0,2,2,0,2,0,0,0,0,0
50630,Podemos_Huelva,,2,0,2,2,0,2,0,0,0,0,0
50631,SERdeportivosHu,,2,0,2,2,0,2,0,0,0,0,0
50632,bibhuelva,,2,0,2,2,0,2,0,0,0,0,2
50633,RecreHuelva,,2,0,2,2,0,2,0,0,0,0,2
50634,RadioHuelva,,2,0,2,2,0,2,0,0,0,0,0
50635,huelvaya,,2,0,2,2,0,2,0,0,0,0,0
50636,vivahuelva,,2,0,2,2,0,2,0,0,0,0,0
50637,HuelvaBN,,2,0,2,2,0,2,0,0,0,0,0
50638,sportinghuelva,,2,0,2,2,0,2,0,0,0,0,0
50640,Huelva24com,,3,0,3,3,0,3,0,0,0,0,2
50641,vivacadiz,,2,0,2,2,0,2,0,0,0,0,0
50642,CadizTurismo,,3,0,3,3,0,3,0,0,0,0,0
50644,Cadiz_CF,,3,0,3,3,0,3,0,0,0,0,0
50645,Cadiz_es,,2,0,2,2,0,2,0,0,0,0,0
50651,CordobaCiencia,,2,0,2,2,0,2,0,0,0,0,4
50653,fuelfandango,,3,0,3,3,0,3,0,0,0,0,0
50655,Cordoba_2016,,3,0,3,3,0,3,0,0,0,0,0
50669,MarcheloCordoba,,2,0,2,2,0,2,0,0,0,0,0
50670,ViaCordobaOK,,2,0,2,2,0,2,0,0,0,0,0
50677,LAVOZcomar,,3,0,3,3,0,3,0,0,0,0,0
50679,eldiacordoba,,3,0,3,3,0,3,0,0,0,0,0
50680,lmcordoba,,3,0,3,3,0,3,0,0,0,0,0
50682,piedadcordoba,,2,0,2,2,0,2,0,0,0,0,0
50685,turismocba,,2,0,2,2,0,2,0,0,0,0,0
50686,CordobaCF_ofi,,3,0,3,3,0,3,0,0,0,0,6
50688,BudokanSevilla,,3,0,3,3,0,3,0,0,0,0,2
50690,desmarquesev,,2,0,2,2,0,2,0,0,0,0,0
50693,SevillaDisfruta,,3,0,3,3,0,3,0,0,0,0,0
50695,TDSevilla,,3,0,3,3,0,3,0,0,0,0,4
50696,SevillaInsolita,,2,0,2,2,0,2,0,0,0,0,0
50697,RadioSevilla,,3,0,3,3,0,3,0,0,0,0,0
50698,expo92,,2,0,2,2,0,2,0,0,0,0,0
50699,culturasevilla,,3,0,3,3,0,3,0,0,0,0,4
50700,pasionensevilla,,3,0,3,3,0,3,0,0,0,0,0
50702,DIRECTOSEVILLA,,3,0,3,3,0,3,0,0,0,0,0
50703,eldesmarque_sfc,,2,0,2,2,0,2,0,0,0,0,0
50704,AbsolutSevilla,,2,0,2,2,0,2,0,0,0,0,1
50705,AbsolutHuelva,,3,0,3,3,0,3,0,0,0,0,2
50708,RadioPitaco,,3,0,3,3,0,3,0,0,0,0,5
50709,aeroalmeriainfo,,3,0,3,3,0,3,0,0,0,0,0
50710,PMDAlmeria,,3,0,3,3,0,3,0,0,0,0,0
50711,ALMERIATURISMO,,2,0,2,2,0,2,0,0,0,0,0
50712,PodemosAlmeria,,3,0,3,3,0,3,0,0,0,0,0
50713,LawAndTrends,,2,0,2,2,0,2,0,0,0,0,0
50716,EDiazAroca,,2,0,2,2,0,2,0,0,0,0,4
50717,eslamananadeFJL,,2,0,2,2,0,2,0,0,0,0,4
50718,donatacolumbro,,2,0,2,2,0,2,0,0,0,0,3
50725,ellyesse,,3,0,3,3,0,3,0,0,0,0,3
50731,wonderchannel_,,2,0,2,2,0,2,0,0,0,0,7
50741,carmenbg_,,2,0,2,2,0,2,0,0,0,0,5
50748,planetjedward,,2,0,2,2,0,2,0,0,0,0,4
50760,mixcloud,,3,0,3,3,0,3,0,0,0,0,2
50771,RuthLorenzo,,2,0,2,2,0,2,0,0,0,0,0
50779,grahnort,,2,0,2,2,0,2,0,0,0,0,2
50780,TheGNShow,,2,0,2,2,0,2,0,0,0,0,0
50824,PastoraSoler,,3,0,3,3,0,3,0,0,0,0,0
50858,SorayaArnelas,,3,0,3,3,0,3,0,0,0,0,0
50874,BAREI_MUSIC,,2,0,2,2,0,2,0,0,0,0,2
50909,ESC_eurovision,,2,0,2,2,0,2,0,0,0,0,0
50915,EBU_HQ,,3,0,3,3,0,3,0,0,0,0,2
50916,SanMarino_RTV,,2,0,2,2,0,2,0,0,0,0,3
50939,ImenJane1,,2,0,2,2,0,2,0,0,0,0,3
50941,Ghemon,,2,0,2,2,0,2,0,0,0,0,3
50968,IGT_official,,2,0,2,2,0,2,0,0,0,0,2
50969,RaiBallaro,,3,0,3,3,0,3,0,0,0,0,3
51003,AnastaciaMusic,,2,0,2,2,0,2,0,0,0,0,2
51004,SIAE_Official,,2,0,2,2,0,2,0,0,0,0,3
51006,EnelGroup,,2,0,2,2,0,2,0,0,0,0,4
51007,EnelGroupIT,,2,0,2,2,0,2,0,0,0,0,4
51010,ExtinctionR,,2,0,2,2,0,2,0,0,0,0,8
51011,goodreads,,3,0,3,3,0,3,0,0,0,0,2
51013,MargaretAtwood,,3,0,3,3,0,3,0,0,0,0,2
51017,Libreriamo,,2,0,2,2,0,2,0,0,0,0,3
51019,domitilla,,2,0,2,2,0,2,0,0,0,0,3
51021,GianricoCarof,,3,0,3,3,0,3,0,0,0,0,3
51022,bravimabasta,,3,0,3,3,0,3,0,0,0,0,2
51023,Open_gol,,2,0,2,2,0,2,0,0,0,0,3
51024,FondazionePrada,,2,0,2,2,0,2,0,0,0,0,3
51025,pfmajorino,,2,0,2,2,0,2,0,0,0,0,3
51027,rocco_tanica,,2,0,2,2,0,2,0,0,0,0,3
51029,machedavvero,,3,0,3,3,0,3,0,0,0,0,1
51032,scottecs,,2,0,2,2,0,2,0,0,0,0,3
51037,SuperQuarkRai,,2,0,2,2,0,2,0,0,0,0,3
51058,CaroRackete,,2,0,2,2,0,2,0,0,0,0,8
51063,uniiulm,,5,0,5,5,0,5,0,0,0,0,3
51065,paola_demicheli,,2,0,2,2,0,2,0,0,0,0,3
51066,TeresaBellanova,,3,0,3,3,0,3,0,0,0,0,3
51069,SPatuanelli,,2,0,2,2,0,2,0,0,0,0,3
51071,_Techetechete,,2,0,2,2,0,2,0,0,0,0,3
51074,matching4you,,2,0,2,2,0,2,0,0,0,0,1
51088,Radio1Rai,,2,0,2,2,0,2,0,0,0,0,3
51099,Nutella_Italia,,3,0,3,3,0,3,0,0,0,0,3
51108,iambilalhassani,,2,0,2,2,0,2,0,0,0,0,8
51113,_Tamta_,,2,0,2,2,0,2,0,0,0,0,2
51128,ItalianNavy,,2,0,2,2,0,2,0,0,0,0,3
51140,MuhammadAli,,3,0,3,3,0,3,0,0,0,0,1
51141,Krstorevic,,2,0,2,2,0,2,0,0,0,0,1
51142,euroblind,,2,0,2,2,0,2,0,0,0,0,1
51143,BlindUnion,,2,0,2,2,0,2,0,0,0,0,1
51145,thetrainline,,2,0,2,2,0,2,0,0,0,0,2
51148,LiveNationES,,3,0,3,3,0,3,0,0,0,0,2
51149,SpagnaInItalia,,3,0,3,3,0,3,0,0,0,0,3
51151,maurimol79,,2,0,2,2,0,2,0,0,0,0,3
51155,ediramaal,,2,0,2,2,0,2,0,0,0,0,3
51170,SeaWatchItaly,,2,0,2,2,0,2,0,0,0,0,3
51175,SKICharities,,2,0,2,2,0,2,0,0,0,0,2
51178,AdamowiczPawel,,2,0,2,2,0,2,0,0,0,0,2
51179,carlosvives,,3,0,3,3,0,3,0,0,0,0,0
51180,CalvinHarris,,4,0,4,4,0,4,0,0,0,0,2
51182,LauraPuppato,,3,0,3,3,0,3,0,0,0,0,3
51183,beabri,,2,0,2,2,0,2,0,0,0,0,3
51184,SkyArte,,2,0,2,2,0,2,0,0,0,0,3
51188,VICENews,,2,0,2,2,0,2,0,0,0,0,3
51191,openarms_it,,2,0,2,2,0,2,0,0,0,0,3
51207,tinto1976,,2,0,2,2,0,2,0,0,0,0,3
51208,NatGeoItalia,,2,0,2,2,0,2,0,0,0,0,3
51209,Georg_Grey,,2,0,2,2,0,2,0,0,0,0,1
51214,M_gabanelli,,2,0,2,2,0,2,0,0,0,0,3
51215,vanessadamata,,2,0,2,2,0,2,0,0,0,0,2
51230,Comillas_TICOM,,2,0,2,2,0,2,0,0,0,0,4
51236,LeonHunterSL,,3,0,3,3,0,3,0,0,0,0,5
51240,WMHDay,,2,0,2,2,0,2,0,0,0,0,1
51246,NadiaMuradBasee,,2,0,2,2,0,2,0,0,0,0,3
51248,GiulioSiamoNoi,,2,0,2,2,0,2,0,0,0,0,3
51260,PChiambretti,,2,0,2,2,0,2,0,0,0,0,3
51262,ansa_it,,3,0,3,3,0,3,0,0,0,0,3
51263,RadioCapital_fm,,2,0,2,2,0,2,0,0,0,0,3
51264,blablacarIT,,3,0,3,3,0,3,0,0,0,0,3
51267,danielebossari,,3,0,3,3,0,3,0,0,0,0,3
51270,mondadori,,2,0,2,2,0,2,0,0,0,0,7
51272,cjmimun,,2,0,2,2,0,2,0,0,0,0,3
51276,subsonica,,3,0,3,3,0,3,0,0,0,0,3
51277,SabinaGuzzanti,,3,0,3,3,0,3,0,0,0,0,3
51278,Diadoraofficial,,2,0,2,2,0,2,0,0,0,0,3
51301,Musement,,2,0,2,2,0,2,0,0,0,0,0
51307,martafana,,2,0,2,2,0,2,0,0,0,0,3
51309,VincenzoTiani,,2,0,2,2,0,2,0,0,0,0,3
51310,DataMediaHub,,2,0,2,2,0,2,0,0,0,0,3
51313,GhaliFoh,,2,0,2,2,0,2,0,0,0,0,3
51317,rubio_chef,,3,0,3,3,0,3,0,0,0,0,3
51322,liberi_uguali,,3,0,3,3,0,3,0,0,0,0,3
51323,SpotifyItaly,,2,0,2,2,0,2,0,0,0,0,1
51327,micheledisalvo,,4,0,4,4,0,4,0,0,0,0,3
51329,GayVoyageur,,2,0,2,2,0,2,0,0,0,0,6
51331,Nonha_stata,,2,0,2,2,0,2,0,0,0,0,3
51332,ILGAEurope,,3,0,3,3,0,3,0,0,0,0,1
51335,CarlottaSami,,3,0,3,3,0,3,0,0,0,0,3
51337,konrad_ilpost,,2,0,2,2,0,2,0,0,0,0,3
51342,EutanaSiaLegale,,2,0,2,2,0,2,0,0,0,0,3
51343,ass_coscioni,,3,0,3,3,0,3,0,0,0,0,3
51345,marcocappato,,3,0,3,3,0,3,0,0,0,0,3
51347,emmevilla,,2,0,2,2,0,2,0,0,0,0,3
51348,Perdukistan,,2,0,2,2,0,2,0,0,0,0,3
51349,HandsOffCain_It,,2,0,2,2,0,2,0,0,0,0,3
51355,PartitoRadicale,,2,0,2,2,0,2,0,0,0,0,3
51356,RadioRadicale,,3,0,3,3,0,3,0,0,0,0,3
51359,raffcantone,,2,0,2,2,0,2,0,0,0,0,3
51362,BRITs,,2,0,2,2,0,2,0,0,0,0,2
51363,CeeLoGreen,,2,0,2,2,0,2,0,0,0,0,3
51366,Snoopy,,3,0,3,3,0,3,0,0,0,0,6
51367,ATMVictims,,2,0,2,2,0,2,0,0,0,0,3
51368,TrenordVictims,,2,0,2,2,0,2,0,0,0,0,3
51369,TheXFactorUSA,,3,0,3,3,0,3,0,0,0,0,3
51371,Osserv_Digital,,3,0,3,3,0,3,0,0,0,0,3
51373,DisneyAnimation,,3,0,3,3,0,3,0,0,0,0,0
51374,BeyonceTribe,,2,0,2,2,0,2,0,0,0,0,5
51376,DavidPuente,,3,0,3,3,0,3,0,0,0,0,3
51378,CorradoGuzzanti,,3,0,3,3,0,3,0,0,0,0,3
51379,PaoloNutini,,3,0,3,3,0,3,0,0,0,0,2
51383,BlogMeter,,3,0,3,3,0,3,0,0,0,0,1
51384,sonymusicde,,2,0,2,2,0,2,0,0,0,0,1
51387,AppleMusicES,,3,0,3,3,0,3,0,0,0,0,6
51392,morgenmagazin,,2,0,2,2,0,2,0,0,0,0,1
51393,goggiasofia,,2,0,2,2,0,2,0,0,0,0,0
51397,GaryBarlow,,3,0,3,3,0,3,0,0,0,0,2
51398,emelisande,,3,0,3,3,0,3,0,0,0,0,2
51400,Fraintesa,,3,0,3,3,0,3,0,0,0,0,1
51403,rinaldosidoli,,2,0,2,2,0,2,0,0,0,0,3
51404,lilyallen,,3,0,3,3,0,3,0,0,0,0,5
51406,robbiewilliams,,2,0,2,2,0,2,0,0,0,0,2
51407,MetroLyrics,,3,0,3,3,0,3,0,0,0,0,2
51410,kylieminogue,,3,0,3,3,0,3,0,0,0,0,5
51411,carlopastore,,2,0,2,2,0,2,0,0,0,0,3
51413,thekatvond,,3,0,3,3,0,3,0,0,0,0,2
51414,simonpegg,,3,0,3,3,0,3,0,0,0,0,2
51415,EmmaBunton,,2,0,2,2,0,2,0,0,0,0,1
51416,Palomafaith,,2,0,2,2,0,2,0,0,0,0,2
51417,Alphabeat,,2,0,2,2,0,2,0,0,0,0,2
51418,RebeccaFMusic,,2,0,2,2,0,2,0,0,0,0,2
51419,BoyGeorge,,2,0,2,2,0,2,0,0,0,0,2
51421,Wo_15178793053,,3,0,3,3,0,3,0,0,0,0,8
51423,GeorgeMichael,,2,0,2,2,0,2,0,0,0,0,2
51425,bjork,,3,0,3,3,0,3,0,0,0,0,3
51426,BenHarper,,2,0,2,2,0,2,0,0,0,0,5
51427,MikeTyson,,3,0,3,3,0,3,0,0,0,0,2
51428,russellcrowe,,3,0,3,3,0,3,0,0,0,0,4
51429,YouTubeCreators,,3,0,3,3,0,3,0,0,0,0,3
51431,scissorsisters,,2,0,2,2,0,2,0,0,0,0,3
51432,Radicali,,2,0,2,2,0,2,0,0,0,0,3
51433,italiansubs,,2,0,2,2,0,2,0,0,0,0,3
51434,savechildrenuk,,3,0,3,3,0,3,0,0,0,0,2
51435,penguinusa,,3,0,3,3,0,3,0,0,0,0,2
51437,ShooterHatesYou,,3,0,3,3,0,3,0,0,0,0,3
51440,ASOS,,3,0,3,3,0,3,0,0,0,0,3
51443,ReallyMarcia,,2,0,2,2,0,2,0,0,0,0,2
51447,RyanGosling,,3,0,3,3,0,3,0,0,0,0,0
51448,AnonyOps,,3,0,3,3,0,3,0,0,0,0,0
51450,marciocapatonda,,3,0,3,3,0,3,0,0,0,0,3
51453,FabioDeLuigi,,3,0,3,3,0,3,0,0,0,0,3
51454,GirlsGeneration,,2,0,2,2,0,2,0,0,0,0,1
51455,JPGaultier,,3,0,3,3,0,3,0,0,0,0,3
51456,SlowFoodItaly,,2,0,2,2,0,2,0,0,0,0,3
51458,ValeriaMariniVM,,2,0,2,2,0,2,0,0,0,0,3
51459,Moschino,,2,0,2,2,0,2,0,0,0,0,0
51460,BuzzFeed,,3,0,3,3,0,3,0,0,0,0,2
51465,RealMichelleW,,2,0,2,2,0,2,0,0,0,0,2
51468,LaRepubblicaXL,,3,0,3,3,0,3,0,0,0,0,3
51470,MuseumModernArt,,5,0,5,5,0,5,0,0,0,0,0
51475,KhalidChaouki3,,3,0,3,3,0,3,0,0,0,0,3
51476,msKOSTNER,,2,0,2,2,0,2,0,0,0,0,3
51479,warnerbros,,3,0,3,3,0,3,0,0,0,0,0
51480,Dreamworks,,3,0,3,3,0,3,0,0,0,0,0
51482,CharlizeAfrica,,2,0,2,2,0,2,0,0,0,0,5
51489,mComunicazione,,2,0,2,2,0,2,0,0,0,0,0
51490,turistipercaso,,3,0,3,3,0,3,0,0,0,0,7
51491,paolomieli,,2,0,2,2,0,2,0,0,0,0,7
51494,FLOTUS44,,3,0,3,3,0,3,0,0,0,0,2
51495,ObamaWhiteHouse,,3,0,3,3,0,3,0,0,0,0,2
51496,nikestore,,3,0,3,3,0,3,0,0,0,0,2
51497,marieclaire,,3,0,3,3,0,3,0,0,0,0,2
51498,TiffanyAndCo,,3,0,3,3,0,3,0,0,0,0,3
51499,Cartier,,2,0,2,2,0,2,0,0,0,0,0
51500,Bulgariofficial,,3,0,3,3,0,3,0,0,0,0,3
51501,DoveViaggi,,3,0,3,3,0,3,0,0,0,0,1
51502,RESCUEorg,,2,0,2,2,0,2,0,0,0,0,1
51513,TravelMagazine,,3,0,3,3,0,3,0,0,0,0,2
51514,leinvasioni,,2,0,2,2,0,2,0,0,0,0,3
51515,Girandopermondo,,2,0,2,2,0,2,0,0,0,0,3
51520,MarcoPannella,,3,0,3,3,0,3,0,0,0,0,3
51521,ChelseaClinton,,2,0,2,2,0,2,0,0,0,0,1
51522,ZeroViolenza,,2,0,2,2,0,2,0,0,0,0,3
51523,IKEAITALIA,,4,0,4,4,0,4,0,0,0,0,3
51526,googleitalia,,3,0,3,3,0,3,0,0,0,0,3
51527,emirates,,3,0,3,3,0,3,0,0,0,0,3
51530,florencemachine,,3,0,3,3,0,3,0,0,0,0,6
51531,NestleItalia,,3,0,3,3,0,3,0,0,0,0,3
51532,ChangeItalia,,2,0,2,2,0,2,0,0,0,0,3
51534,pbersani,,3,0,3,3,0,3,0,0,0,0,3
51535,MaisonValentino,,4,0,4,4,0,4,0,0,0,0,2
51536,LACOSTE,,3,0,3,3,0,3,0,0,0,0,0
51537,GUESS,,2,0,2,2,0,2,0,0,0,0,2
51538,DIESEL,,2,0,2,2,0,2,0,0,0,0,2
51539,HUGOBOSS,,3,0,3,3,0,3,0,0,0,0,3
51540,NYMag,,3,0,3,3,0,3,0,0,0,0,1
51541,TEDNews,,3,0,3,3,0,3,0,0,0,0,3
51542,skinskinny,,2,0,2,2,0,2,0,0,0,0,3
51543,pullandbear,,3,0,3,3,0,3,0,0,0,0,2
51545,RaiStoria,,2,0,2,2,0,2,0,0,0,0,3
51546,RaiEducational,,2,0,2,2,0,2,0,0,0,0,3
51547,RaiLetteratura,,2,0,2,2,0,2,0,0,0,0,3
51548,fandangoweb,,2,0,2,2,0,2,0,0,0,0,3
51553,BBCOne,,2,0,2,2,0,2,0,0,0,0,2
51556,catlatorre,,3,0,3,3,0,3,0,0,0,0,3
51557,marcosalvati,,2,0,2,2,0,2,0,0,0,0,3
51558,OriginalFunko,,2,0,2,2,0,2,0,0,0,0,6
51559,lonelyplanet_it,,4,0,4,4,0,4,0,0,0,0,1
51560,ilturista,,3,0,3,3,0,3,0,0,0,0,7
51561,TripAdvisorIT,,3,0,3,3,0,3,0,0,0,0,1
51564,jessicaalba,,3,0,3,3,0,3,0,0,0,0,2
51569,domeniconaso,,2,0,2,2,0,2,0,0,0,0,3
51570,blakelively,,2,0,2,2,0,2,0,0,0,0,2
51571,sonypictures_es,,4,0,4,4,0,4,0,0,0,0,6
51573,MichaelPhelps,,3,0,3,3,0,3,0,0,0,0,5
51577,IndyArts,,3,0,3,3,0,3,0,0,0,0,2
51578,HuffPostArts,,3,0,3,3,0,3,0,0,0,0,0
51580,TvTalk_Rai,,2,0,2,2,0,2,0,0,0,0,3
51581,azizansari,,2,0,2,2,0,2,0,0,0,0,2
51584,macmillancancer,,2,0,2,2,0,2,0,0,0,0,2
51585,sellerioeditore,,2,0,2,2,0,2,0,0,0,0,3
51589,BBCNewsnight,,3,0,3,3,0,3,0,0,0,0,1
51590,TelegraphNews,,3,0,3,3,0,3,0,0,0,0,1
51595,LAnnibali,,2,0,2,2,0,2,0,0,0,0,3
51596,Piu_Europa,,2,0,2,2,0,2,0,0,0,0,3
51598,DarioBressanini,,3,0,3,3,0,3,0,0,0,0,3
51599,UffiziGalleries,,2,0,2,2,0,2,0,0,0,0,3
51601,ODG_CNOG,,2,0,2,2,0,2,0,0,0,0,3
51603,direlaviolenza,,2,0,2,2,0,2,0,0,0,0,3
51606,VauroSenesi,,3,0,3,3,0,3,0,0,0,0,3
51607,IperboreaLibri,,3,0,3,3,0,3,0,0,0,0,3
51610,RaiQuattro,,2,0,2,2,0,2,0,0,0,0,3
51611,shopDisney,,2,0,2,2,0,2,0,0,0,0,2
51612,InOndaLa7,,2,0,2,2,0,2,0,0,0,0,3
51617,DalaiLama,,4,0,4,4,0,4,0,0,0,0,2
51619,GiuntiEditore,,2,0,2,2,0,2,0,0,0,0,3
51641,costacrociere,,2,0,2,2,0,2,0,0,0,0,7
51643,Tboeri,,3,0,3,3,0,3,0,0,0,0,3
51647,BuzzFeedNews,,2,0,2,2,0,2,0,0,0,0,3
51648,TopolinoIT,,2,0,2,2,0,2,0,0,0,0,3
51650,SkyNewsBreak,,2,0,2,2,0,2,0,0,0,0,1
51654,haaretzcom,,2,0,2,2,0,2,0,0,0,0,3
51656,cher,,2,0,2,2,0,2,0,0,0,0,5
51659,doctorow,,3,0,3,3,0,3,0,0,0,0,2
51665,victoriabeckham,,3,0,3,3,0,3,0,0,0,0,0
51666,IndieWire,,3,0,3,3,0,3,0,0,0,0,0
51668,ParodiAl,,2,0,2,2,0,2,0,0,0,0,3
51669,MUNALmx,,3,0,3,3,0,3,0,0,0,0,2
51671,kendricklamar,,3,0,3,3,0,3,0,0,0,0,3
51672,OrnellaVanoni,,2,0,2,2,0,2,0,0,0,0,3
51674,GassmanGassmann,,3,0,3,3,0,3,0,0,0,0,3
51675,aboubakar_soum,,3,0,3,3,0,3,0,0,0,0,3
51676,lucasofri,,3,0,3,3,0,3,0,0,0,0,3
51678,eziobosso,,3,0,3,3,0,3,0,0,0,0,3
51682,StefanoGuerrera,,3,0,3,3,0,3,0,0,0,0,3
51683,_the_jackal,,3,0,3,3,0,3,0,0,0,0,3
51686,Diegopassoni,,3,0,3,3,0,3,0,0,0,0,3
51687,filippala,,3,0,3,3,0,3,0,0,0,0,3
51688,annamasera,,3,0,3,3,0,3,0,0,0,0,3
51689,simonamelani,,2,0,2,2,0,2,0,0,0,0,3
51693,GiuliaCortese1,,2,0,2,2,0,2,0,0,0,0,3
51694,NoelGallagher,,2,0,2,2,0,2,0,0,0,0,2
51695,liamgallagher,,3,0,3,3,0,3,0,0,0,0,2
51696,AndreaBocelli,,2,0,2,2,0,2,0,0,0,0,3
51707,danieleviotti,,2,0,2,2,0,2,0,0,0,0,3
51710,davidotero,,4,0,4,4,0,4,0,0,0,0,2
51712,ckyenge,,3,0,3,3,0,3,0,0,0,0,2
51730,limlessons,,2,0,2,2,0,2,0,0,0,0,6
51734,askanews_ita,,3,0,3,3,0,3,0,0,0,0,3
51736,eltonofficial,,2,0,2,2,0,2,0,0,0,0,3
51738,Ryan_Acoustic,,2,0,2,2,0,2,0,0,0,0,2
51740,eurospaincom,,2,0,2,2,0,2,0,0,0,0,0
51742,manszelmerlow,,2,0,2,2,0,2,0,0,0,0,2
51745,ConchitaWurst,,3,0,3,3,0,3,0,0,0,0,2
51748,saaraaalto,,2,0,2,2,0,2,0,0,0,0,1
51752,isauramusic,,2,0,2,2,0,2,0,0,0,0,7
51772,bbceurovision,,3,0,3,3,0,3,0,0,0,0,2
51780,thescript,,3,0,3,3,0,3,0,0,0,0,1
51781,leonalewis,,3,0,3,3,0,3,0,0,0,0,1
51783,AETI_UV,,2,0,2,2,0,2,0,0,0,0,5
51787,TraductorJur,,2,0,2,2,0,2,0,0,0,0,5
51788,CaroSiludakis,,2,0,2,2,0,2,0,0,0,0,6
51803,myrtamerlino,,3,0,3,3,0,3,0,0,0,0,3
51812,ilsecoloxix,,2,0,2,2,0,2,0,0,0,0,3
51813,Laurantonini,,3,0,3,3,0,3,0,0,0,0,3
51828,ElisaDospina,,2,0,2,2,0,2,0,0,0,0,3
51830,ARISA_OFFICIAL,,4,0,4,4,0,4,0,0,0,0,3
51832,GinoStrada,,3,0,3,3,0,3,0,0,0,0,3
51834,LucaDondoni,,2,0,2,2,0,2,0,0,0,0,3
51835,zeroassoluto,,2,0,2,2,0,2,0,0,0,0,0
51836,VirginRadioIT,,2,0,2,2,0,2,0,0,0,0,0
51837,rmc_official,,2,0,2,2,0,2,0,0,0,0,7
51838,SusannaCamusso,,3,0,3,3,0,3,0,0,0,0,3
51840,occhioallospot,,2,0,2,2,0,2,0,0,0,0,3
51841,RuPaul,,3,0,3,3,0,3,0,0,0,0,5
51842,guardianscience,,4,0,4,4,0,4,0,0,0,0,2
51843,hannahdev,,2,0,2,2,0,2,0,0,0,0,1
51849,francescocosta,,3,0,3,3,0,3,0,0,0,0,3
51850,Saturnino69,,3,0,3,3,0,3,0,0,0,0,3
51851,EPCCattelan,,3,0,3,3,0,3,0,0,0,0,3
51855,CoordinadoraFem,,2,0,2,2,0,2,0,0,0,0,4
51857,alessiamosca,,3,0,3,3,0,3,0,0,0,0,3
51858,FinocchiaroAnna,,3,0,3,3,0,3,0,0,0,0,3
51859,_arianna,,3,0,3,3,0,3,0,0,0,0,3
51860,smenichini,,3,0,3,3,0,3,0,0,0,0,3
51861,rosy_bindi,,3,0,3,3,0,3,0,0,0,0,3
51862,josefaidem,,2,0,2,2,0,2,0,0,0,0,3
51863,IaconaRiccardo,,4,0,4,4,0,4,0,0,0,0,3
51864,casadonnemilano,,2,0,2,2,0,2,0,0,0,0,3
51865,24OreSanita,,2,0,2,2,0,2,0,0,0,0,3
51866,valeriafedeli,,2,0,2,2,0,2,0,0,0,0,3
51870,CasaIntDonne_Rm,,2,0,2,2,0,2,0,0,0,0,3
51873,mina,,2,0,2,2,0,2,0,0,0,0,3
51889,MonicaCirinna,,3,0,3,3,0,3,0,0,0,0,3
51890,Radio105,,3,0,3,3,0,3,0,0,0,0,3
51897,FelixCastillo40,,2,0,2,2,0,2,0,0,0,0,4
51898,Del40al1_es,,3,0,3,3,0,3,0,0,0,0,5
51908,ilVeeC,,2,0,2,2,0,2,0,0,0,0,2
51911,aledavenia,,3,0,3,3,0,3,0,0,0,0,3
51914,paolodune,,3,0,3,3,0,3,0,0,0,0,3
51915,Antonio79B,,2,0,2,2,0,2,0,0,0,0,3
51916,Museo_MAXXI,,3,0,3,3,0,3,0,0,0,0,3
51917,EdizioniEO,,3,0,3,3,0,3,0,0,0,0,3
51918,Sperling_Kupfer,,2,0,2,2,0,2,0,0,0,0,3
51919,NewtonCompton,,2,0,2,2,0,2,0,0,0,0,3
51920,MarsilioEditori,,3,0,3,3,0,3,0,0,0,0,3
51921,editorilaterza,,2,0,2,2,0,2,0,0,0,0,3
51922,nottetempoediz,,2,0,2,2,0,2,0,0,0,0,3
51923,garzantilibri,,2,0,2,2,0,2,0,0,0,0,3
51924,illibraio,,2,0,2,2,0,2,0,0,0,0,3
51926,SirDistruggere,,3,0,3,3,0,3,0,0,0,0,3
51928,UNICEF_Italia,,3,0,3,3,0,3,0,0,0,0,3
51933,OSUMARSA,,2,0,2,2,0,2,0,0,0,0,0
51935,francdisa,,4,0,4,4,0,4,0,0,0,0,3
51938,umbertomacchi,,3,0,3,3,0,3,0,0,0,0,3
51949,gazzettaitalia,,2,0,2,2,0,2,0,0,0,0,2
51951,bobsinclar,,3,0,3,3,0,3,0,0,0,0,6
51953,SmemoOfficial,,2,0,2,2,0,2,0,0,0,0,3
51959,WipeHomophobia,,3,0,3,3,0,3,0,0,0,0,3
51960,_DAGOSPIA_,,3,0,3,3,0,3,0,0,0,0,3
51963,Eurosport_IT,,2,0,2,2,0,2,0,0,0,0,2
51964,craccocarlo,,3,0,3,3,0,3,0,0,0,0,3
51968,chuckpalahniuk,,2,0,2,2,0,2,0,0,0,0,4
51969,openwifimilano,,3,0,3,3,0,3,0,0,0,0,3
51970,NichiVendola,,3,0,3,3,0,3,0,0,0,0,3
51971,EvrydayFeminism,,2,0,2,2,0,2,0,0,0,0,2
51975,giorgia_vezzoli,,2,0,2,2,0,2,0,0,0,0,3
51980,Serv_Pubblico,,3,0,3,3,0,3,0,0,0,0,3
51981,giuliainnocenzi,,3,0,3,3,0,3,0,0,0,0,3
51983,festadellarete,,2,0,2,2,0,2,0,0,0,0,3
51985,NeriPozza,,2,0,2,2,0,2,0,0,0,0,3
51986,ponteallegrazie,,2,0,2,2,0,2,0,0,0,0,3
51987,pagina_99,,2,0,2,2,0,2,0,0,0,0,3
51988,tunue,,2,0,2,2,0,2,0,0,0,0,3
51990,PremioCalvino,,2,0,2,2,0,2,0,0,0,0,3
51995,valigiablu,,3,0,3,3,0,3,0,0,0,0,1
51998,fanuccieditore,,2,0,2,2,0,2,0,0,0,0,3
51999,ilSaggiatoreEd,,3,0,3,3,0,3,0,0,0,0,3
52007,MudecMi,,2,0,2,2,0,2,0,0,0,0,3
52012,FondFeltrinelli,,2,0,2,2,0,2,0,0,0,0,3
52013,TempodiLibri,,2,0,2,2,0,2,0,0,0,0,3
52014,FandangoLibri,,2,0,2,2,0,2,0,0,0,0,3
52017,FaziEditore,,2,0,2,2,0,2,0,0,0,0,3
52024,BUR_Rizzoli,,2,0,2,2,0,2,0,0,0,0,3
52025,Elliotedizioni,,2,0,2,2,0,2,0,0,0,0,3
52027,salanieditore,,2,0,2,2,0,2,0,0,0,0,3
52028,GiuliaCiarapix,,2,0,2,2,0,2,0,0,0,0,3
52033,disinformatico,,3,0,3,3,0,3,0,0,0,0,3
52035,PerMicro_,,2,0,2,2,0,2,0,0,0,0,3
52037,Sephora,,3,0,3,3,0,3,0,0,0,0,2
52038,SalonedelLibro,,3,0,3,3,0,3,0,0,0,0,3
52040,ridi_chetipassa,,2,0,2,2,0,2,0,0,0,0,3
52041,libribompiani,,3,0,3,3,0,3,0,0,0,0,3
52042,minimumfax,,3,0,3,3,0,3,0,0,0,0,3
52043,adelphiedizioni,,3,0,3,3,0,3,0,0,0,0,3
52047,MELYTONIOLO,,3,0,3,3,0,3,0,0,0,0,2
52048,fede_panicucci,,2,0,2,2,0,2,0,0,0,0,3
52051,federusso80,,3,0,3,3,0,3,0,0,0,0,2
52052,quelliche_rai2,,2,0,2,2,0,2,0,0,0,0,3
52053,alfosignorini,,3,0,3,3,0,3,0,0,0,0,3
52055,InfoMalgioglio,,2,0,2,2,0,2,0,0,0,0,3
52058,RoyPaci,,3,0,3,3,0,3,0,0,0,0,3
52059,enricoruggeri,,3,0,3,3,0,3,0,0,0,0,3
52060,scristicchi,,3,0,3,3,0,3,0,0,0,0,3
52061,JerryCala,,2,0,2,2,0,2,0,0,0,0,3
52062,MaxGazze,,3,0,3,3,0,3,0,0,0,0,2
52064,BarbareschiLuca,,2,0,2,2,0,2,0,0,0,0,3
52065,Rocco_Papaleo,,3,0,3,3,0,3,0,0,0,0,3
52067,VaneIncontrada,,3,0,3,3,0,3,0,0,0,0,2
52068,vcapossela,,3,0,3,3,0,3,0,0,0,0,3
52069,daniesilvestri,,3,0,3,3,0,3,0,0,0,0,2
52070,niccolofabi,,3,0,3,3,0,3,0,0,0,0,3
52072,TognazziR,,2,0,2,2,0,2,0,0,0,0,3
52074,MalalaFund,,2,0,2,2,0,2,0,0,0,0,3
52075,Malala,,2,0,2,2,0,2,0,0,0,0,3
52086,lucarinigiac,,2,0,2,2,0,2,0,0,0,0,3
52087,FondAccenture,,3,0,3,3,0,3,0,0,0,0,3
52092,TuCaraMSuena,,4,0,4,4,0,4,0,0,0,0,0
52096,alessiopost,,2,0,2,2,0,2,0,0,0,0,3
52097,RaiPortaaPorta,,2,0,2,2,0,2,0,0,0,0,3
52098,OttoemezzoTW,,2,0,2,2,0,2,0,0,0,0,3
52101,Lettera43,,4,0,4,4,0,4,0,0,0,0,3
52102,Tg1Raiofficial,,2,0,2,2,0,2,0,0,0,0,2
52103,corradoformigli,,3,0,3,3,0,3,0,0,0,0,3
52104,PiazzapulitaLA7,,3,0,3,3,0,3,0,0,0,0,3
52108,pitbull,,4,0,4,4,0,4,0,0,0,0,7
52109,yelyahwilliams,,3,0,3,3,0,3,0,0,0,0,2
52110,KeshaRose,,3,0,3,3,0,3,0,0,0,0,2
52111,OkVacanza,,2,0,2,2,0,2,0,0,0,0,3
52123,PirataPantani10,,3,0,3,3,0,3,0,0,0,0,3
52130,wtobagi,,2,0,2,2,0,2,0,0,0,0,3
52131,PhilippeDaverio,,2,0,2,2,0,2,0,0,0,0,3
52132,PoliHub,,3,0,3,3,0,3,0,0,0,0,3
52133,emmabonino,,3,0,3,3,0,3,0,0,0,0,1
52134,qn_giorno,,3,0,3,3,0,3,0,0,0,0,3
52137,vivimilano,,4,0,4,4,0,4,0,0,0,0,3
52139,culturamilano,,3,0,3,3,0,3,0,0,0,0,3
52140,CorriereUniv,,3,0,3,3,0,3,0,0,0,0,1
52142,CittaMetroMi,,3,0,3,3,0,3,0,0,0,0,3
52143,caterpillarrai,,3,0,3,3,0,3,0,0,0,0,3
52145,RegLombardia,,3,0,3,3,0,3,0,0,0,0,3
52147,SenatoStampa,,3,0,3,3,0,3,0,0,0,0,3
52148,RepubblicaTv,,2,0,2,2,0,2,0,0,0,0,3
52151,ClaudSantamaria,,2,0,2,2,0,2,0,0,0,0,2
52174,A3Boom,,2,0,2,2,0,2,0,0,0,0,5
52184,rockolpoprock,,3,0,3,3,0,3,0,0,0,0,2
52185,dmaxitalia,,3,0,3,3,0,3,0,0,0,0,3
52186,QueenWillRock,,3,0,3,3,0,3,0,0,0,0,2
52190,CloCecchetto,,3,0,3,3,0,3,0,0,0,0,3
52193,NBCTheVoice,,2,0,2,2,0,2,0,0,0,0,3
52197,leggoit,,3,0,3,3,0,3,0,0,0,0,3
52198,amblin,,3,0,3,3,0,3,0,0,0,0,2
52199,med_infamiglia,,2,0,2,2,0,2,0,0,0,0,3
52201,GabCirilli,,2,0,2,2,0,2,0,0,0,0,3
52202,GialloZafferano,,3,0,3,3,0,3,0,0,0,0,3
52204,VoiceItalia,,3,0,3,3,0,3,0,0,0,0,3
52205,paolaturci,,3,0,3,3,0,3,0,0,0,0,3
52206,GeppiC,,3,0,3,3,0,3,0,0,0,0,3
52207,barbierichef,,4,0,4,4,0,4,0,0,0,0,3
52208,baldiniofficial,,3,0,3,3,0,3,0,0,0,0,3
52209,ManuDolcenera,,3,0,3,3,0,3,0,0,0,0,3
52210,albertinodj,,3,0,3,3,0,3,0,0,0,0,2
52211,InArteMorgan,,3,0,3,3,0,3,0,0,0,0,3
52212,VanityFairIt,,3,0,3,3,0,3,0,0,0,0,3
52214,FabrizFrizzi,,2,0,2,2,0,2,0,0,0,0,3
52216,DisabiliNewscom,,2,0,2,2,0,2,0,0,0,0,3
52218,Disabili_com,,2,0,2,2,0,2,0,0,0,0,3
52221,FISDIR,,2,0,2,2,0,2,0,0,0,0,3
52223,CIPnotizie,,2,0,2,2,0,2,0,0,0,0,3
52227,maucaccia,,2,0,2,2,0,2,0,0,0,0,3
52228,volleybergamo,,2,0,2,2,0,2,0,0,0,0,3
52233,AndreaDovizioso,,2,0,2,2,0,2,0,0,0,0,2
52234,sattamelissa,,3,0,3,3,0,3,0,0,0,0,3
52235,JustElisabetta,,3,0,3,3,0,3,0,0,0,0,3
52236,7belloOfficial,,2,0,2,2,0,2,0,0,0,0,3
52237,FINOfficial_,,2,0,2,2,0,2,0,0,0,0,3
52238,Volleyball_it,,3,0,3,3,0,3,0,0,0,0,2
52240,RaiSport,,3,0,3,3,0,3,0,0,0,0,3
52241,Sport_Mediaset,,3,0,3,3,0,3,0,0,0,0,3
52242,Federvolley,,2,0,2,2,0,2,0,0,0,0,3
52243,tuttosport,,3,0,3,3,0,3,0,0,0,0,3
52244,CorSport,,3,0,3,3,0,3,0,0,0,0,3
52245,Gazzetta_it,,3,0,3,3,0,3,0,0,0,0,3
52246,SkySport,,3,0,3,3,0,3,0,0,0,0,3
52251,aldomontano0586,,2,0,2,2,0,2,0,0,0,0,3
52252,VVezzali,,3,0,3,3,0,3,0,0,0,0,3
52253,ElisaLovesJesi,,3,0,3,3,0,3,0,0,0,0,3
52254,TCagnotto,,2,0,2,2,0,2,0,0,0,0,3
52255,ItaliaTeam_it,,3,0,3,3,0,3,0,0,0,0,3
52256,Coninews,,2,0,2,2,0,2,0,0,0,0,3
52258,marghegranbassi,,2,0,2,2,0,2,0,0,0,0,3
52260,aryerri,,2,0,2,2,0,2,0,0,0,0,3
52262,amywinehouse,,3,0,3,3,0,3,0,0,0,0,2
52263,EurovisionRai,,2,0,2,2,0,2,0,0,0,0,3
52265,Connect4Climate,,3,0,3,3,0,3,0,0,0,0,1
52266,lafourcade,,3,0,3,3,0,3,0,0,0,0,0
52268,mrtfernandez,,3,0,3,3,0,3,0,0,0,0,4
52269,RSIonline,,2,0,2,2,0,2,0,0,0,0,1
52271,pelopippo,,2,0,2,2,0,2,0,0,0,0,3
52272,mafaldina88,,3,0,3,3,0,3,0,0,0,0,3
52273,SaraErrani,,2,0,2,2,0,2,0,0,0,0,2
52277,roberta_vinci,,3,0,3,3,0,3,0,0,0,0,3
52278,SonyMusicSpain,,3,0,3,3,0,3,0,0,0,0,5
52309,CBS,,2,0,2,2,0,2,0,0,0,0,7
52340,BandB_CBS,,2,0,2,2,0,2,0,0,0,0,2
52341,iconapop,,3,0,3,3,0,3,0,0,0,0,2
52345,Zedd,,4,0,4,4,0,4,0,0,0,0,2
52346,KELLYROWLAND,,3,0,3,3,0,3,0,0,0,0,2
52349,lorde,,2,0,2,2,0,2,0,0,0,0,3
52350,IGGYAZALEA,,3,0,3,3,0,3,0,0,0,0,5
52351,charli_xcx,,2,0,2,2,0,2,0,0,0,0,3
52353,MartinGarrix,,3,0,3,3,0,3,0,0,0,0,0
52356,zaralarsson,,2,0,2,2,0,2,0,0,0,0,0
52359,Camila_Cabello,,3,0,3,3,0,3,0,0,0,0,5
52364,KMFollett,,2,0,2,2,0,2,0,0,0,0,5
52366,britishlibrary,,3,0,3,3,0,3,0,0,0,0,2
52367,AppleBooks,,3,0,3,3,0,3,0,0,0,0,7
52368,audible_com,,2,0,2,2,0,2,0,0,0,0,2
52371,stephenfry,,4,0,4,4,0,4,0,0,0,0,2
52372,neilhimself,,2,0,2,2,0,2,0,0,0,0,2
52389,aaron_sacks_,,2,0,2,2,0,2,0,0,0,0,1
52390,ValenciaCity,,3,0,3,3,0,3,0,0,0,0,2
52391,Bioparc,,2,0,2,2,0,2,0,0,0,0,0
52392,CACiencies,,3,0,3,3,0,3,0,0,0,0,0
52395,salmahayek,,2,0,2,2,0,2,0,0,0,0,1
52398,TIM_Official,,3,0,3,3,0,3,0,0,0,0,3
52399,Primark,,2,0,2,2,0,2,0,0,0,0,3
52401,intimissimi,,3,0,3,3,0,3,0,0,0,0,2
52403,sussexgender,,2,0,2,2,0,2,0,0,0,0,2
52404,Fergie,,3,0,3,3,0,3,0,0,0,0,2
52405,GwynethPaltrow,,3,0,3,3,0,3,0,0,0,0,1
52407,EvaLongoria,,3,0,3,3,0,3,0,0,0,0,2
52408,VivoConcerti,,3,0,3,3,0,3,0,0,0,0,3
52410,CarloLucarelli6,,2,0,2,2,0,2,0,0,0,0,3
52414,smartinella,,2,0,2,2,0,2,0,0,0,0,3
52415,Paralympics,,3,0,3,3,0,3,0,0,0,0,2
52418,BelloFigoGu,,2,0,2,2,0,2,0,0,0,0,2
52419,HilaryDuff,,3,0,3,3,0,3,0,0,0,0,5
52420,ParamountUK,,3,0,3,3,0,3,0,0,0,0,2
52421,BanijayItalia,,2,0,2,2,0,2,0,0,0,0,3
52423,gaytimesmag,,2,0,2,2,0,2,0,0,0,0,0
52426,cecilia_strada,,3,0,3,3,0,3,0,0,0,0,3
52428,HP_Italia,,2,0,2,2,0,2,0,0,0,0,3
52430,Einaudieditore,,3,0,3,3,0,3,0,0,0,0,3
52431,RizzoliLibri,,3,0,3,3,0,3,0,0,0,0,3
52435,KelleddaMurgia,,3,0,3,3,0,3,0,0,0,0,3
52436,triennalemilano,,3,0,3,3,0,3,0,0,0,0,3
52438,frankgabbani,,3,0,3,3,0,3,0,0,0,0,3
52440,flavia_pennetta,,3,0,3,3,0,3,0,0,0,0,3
52446,DuomodiMilano,,2,0,2,2,0,2,0,0,0,0,3
52448,radiopopmilano,,3,0,3,3,0,3,0,0,0,0,3
52450,dariabig,,3,0,3,3,0,3,0,0,0,0,3
52451,womensmarch,,2,0,2,2,0,2,0,0,0,0,2
52452,EnricoMentana,,2,0,2,2,0,2,0,0,0,0,2
52453,lucatelese,,3,0,3,3,0,3,0,0,0,0,7
52455,CardRavasi,,3,0,3,3,0,3,0,0,0,0,3
52456,ilpost,,3,0,3,3,0,3,0,0,0,0,3
52457,MaxGramel,,3,0,3,3,0,3,0,0,0,0,3
52459,U2,,2,0,2,2,0,2,0,0,0,0,2
52461,NicolaPorro,,3,0,3,3,0,3,0,0,0,0,3
52464,pif_iltestimone,,3,0,3,3,0,3,0,0,0,0,3
52466,serracchiani,,3,0,3,3,0,3,0,0,0,0,3
52467,arenadiverona,,2,0,2,2,0,2,0,0,0,0,3
52468,VioBebe,,3,0,3,3,0,3,0,0,0,0,3
52469,lxznr,,3,0,3,3,0,3,0,0,0,0,3
52470,RobertoBolle,,3,0,3,3,0,3,0,0,0,0,3
52471,zaytsev,,2,0,2,2,0,2,0,0,0,0,3
52472,NeriMarcore,,2,0,2,2,0,2,0,0,0,0,3
52473,greg_palt,,2,0,2,2,0,2,0,0,0,0,3
52474,FiloMagnini,,2,0,2,2,0,2,0,0,0,0,3
52475,GianluigiNuzzi,,2,0,2,2,0,2,0,0,0,0,3
52479,fabiofogna,,2,0,2,2,0,2,0,0,0,0,3
52484,GOVUK,,3,0,3,3,0,3,0,0,0,0,2
52485,UKParliament,,3,0,3,3,0,3,0,0,0,0,2
52493,BreastCancerNow,,2,0,2,2,0,2,0,0,0,0,2
52494,PenguinClassics,,2,0,2,2,0,2,0,0,0,0,2
52504,madainews,,2,0,2,2,0,2,0,0,0,0,3
52527,CieloTV,,2,0,2,2,0,2,0,0,0,0,3
52528,PenguinUKBooks,,3,0,3,3,0,3,0,0,0,0,2
52529,penguinrandom,,3,0,3,3,0,3,0,0,0,0,2
52530,PenguinBooks,,2,0,2,2,0,2,0,0,0,0,2
52533,BookPrideBP,,2,0,2,2,0,2,0,0,0,0,3
52535,KikoMilanoIT,,3,0,3,3,0,3,0,0,0,0,0
52537,carlagozzi,,2,0,2,2,0,2,0,0,0,0,3
52538,ClioMakeUp,,2,0,2,2,0,2,0,0,0,0,3
52556,AccioCulturalPV,,3,0,3,3,0,3,0,0,0,0,2
52557,c_valenciana,,3,0,3,3,0,3,0,0,0,0,1
52558,juanmadomenech,,3,0,3,3,0,3,0,0,0,0,4
52559,elpais_valencia,,2,0,2,2,0,2,0,0,0,0,0
52562,generalitat,,3,0,3,3,0,3,0,0,0,0,4
52563,valenciabasket,,3,0,3,3,0,3,0,0,0,0,1
52564,valenciaplaza,,3,0,3,3,0,3,0,0,0,0,1
52565,monicaoltra,,3,0,3,3,0,3,0,0,0,0,1
52566,lasprovincias,,2,0,2,2,0,2,0,0,0,0,3
52567,valenciacf,,4,0,4,4,0,4,0,0,0,0,6
52568,Webnotte,,2,0,2,2,0,2,0,0,0,0,3
52622,ALEX_BRITTI,,3,0,3,3,0,3,0,0,0,0,3
52636,JanetJackson,,2,0,2,2,0,2,0,0,0,0,8
52643,latoyajackson,,2,0,2,2,0,2,0,0,0,0,5
52645,doreciakgulp,,3,0,3,3,0,3,0,0,0,0,3
52648,RengaOfficial,,4,0,4,4,0,4,0,0,0,0,3
52651,BeppeFiorello,,3,0,3,3,0,3,0,0,0,0,3
52652,caterinabalivo,,2,0,2,2,0,2,0,0,0,0,3
52657,ninazilli,,3,0,3,3,0,3,0,0,0,0,2
52666,RadioR101,,3,0,3,3,0,3,0,0,0,0,3
52668,VEVO_ESP,,2,0,2,2,0,2,0,0,0,0,3
52669,PaolaCortellesi,,2,0,2,2,0,2,0,0,0,0,3
52683,lapropuesta_web,,2,0,2,2,0,2,0,0,0,0,6
52690,Rinascente,,3,0,3,3,0,3,0,0,0,0,3
52705,billboard,,4,0,4,4,0,4,0,0,0,0,7
52708,feltrinellied,,3,0,3,3,0,3,0,0,0,0,3
52709,Librimondadori,,3,0,3,3,0,3,0,0,0,0,3
52711,radiokisskiss,,3,0,3,3,0,3,0,0,0,0,3
52712,CocaColaIT,,3,0,3,3,0,3,0,0,0,0,3
52713,VStaffelli,,2,0,2,2,0,2,0,0,0,0,3
52720,BraccialettiRos,,2,0,2,2,0,2,0,0,0,0,3
52723,BorgheseAle,,3,0,3,3,0,3,0,0,0,0,3
52724,taleequaleshow,,2,0,2,2,0,2,0,0,0,0,3
52725,Gerry_Scotti,,3,0,3,3,0,3,0,0,0,0,3
52727,Jbastianich,,4,0,4,4,0,4,0,0,0,0,3
52728,MasterChef_it,,4,0,4,4,0,4,0,0,0,0,3
52729,Lucaargentero,,3,0,3,3,0,3,0,0,0,0,3
52730,GioPanariello,,3,0,3,3,0,3,0,0,0,0,3
52731,THEVOICE_ITALY,,2,0,2,2,0,2,0,0,0,0,3
52735,fanpage,,4,0,4,4,0,4,0,0,0,0,3
52748,IlPaoloGiordano,,2,0,2,2,0,2,0,0,0,0,2
52749,Caspar_Lee,,2,0,2,2,0,2,0,0,0,0,2
52751,JKCorden,,3,0,3,3,0,3,0,0,0,0,2
52778,PaganteOfficial,,2,0,2,2,0,2,0,0,0,0,3
52782,tezenis,,2,0,2,2,0,2,0,0,0,0,0
52783,MTVMusicUK,,3,0,3,3,0,3,0,0,0,0,6
52784,grimmers,,3,0,3,3,0,3,0,0,0,0,1
52788,TIMnewsroom,,3,0,3,3,0,3,0,0,0,0,3
52791,Vevo,,3,0,3,3,0,3,0,0,0,0,2
52806,eelst,,3,0,3,3,0,3,0,0,0,0,3
52808,AtlanticRcrdsUK,,2,0,2,2,0,2,0,0,0,0,2
52811,Rudimental,,2,0,2,2,0,2,0,0,0,0,2
52814,RecordingAcad,,4,0,4,4,0,4,0,0,0,0,7
52815,macklemore,,3,0,3,3,0,3,0,0,0,0,0
52818,samsmith,,3,0,3,3,0,3,0,0,0,0,5
52819,JamesBlunt,,3,0,3,3,0,3,0,0,0,0,2
52820,backstreetboys,,2,0,2,2,0,2,0,0,0,0,0
52821,AtlanticRecords,,2,0,2,2,0,2,0,0,0,0,2
52824,Meghan_Trainor,,2,0,2,2,0,2,0,0,0,0,3
52825,MichaelBuble,,3,0,3,3,0,3,0,0,0,0,3
52827,SonyMusicItaly,,3,0,3,3,0,3,0,0,0,0,3
52828,Negramaro,,5,0,5,5,0,5,0,0,0,0,3
52830,malikayane,,3,0,3,3,0,3,0,0,0,0,3
52832,Eurovision,,2,0,2,2,0,2,0,0,0,0,3
52833,edicolafiore,,3,0,3,3,0,3,0,0,0,0,3
52834,RDS_official,,3,0,3,3,0,3,0,0,0,0,3
52835,giovannivernia,,2,0,2,2,0,2,0,0,0,0,3
52836,RaphaelGualazzi,,3,0,3,3,0,3,0,0,0,0,3
52837,Pharrell,,4,0,4,4,0,4,0,0,0,0,1
52839,CapaSound,,3,0,3,3,0,3,0,0,0,0,3
52840,maramaionchi,,3,0,3,3,0,3,0,0,0,0,3
52841,LiveNationIT,,3,0,3,3,0,3,0,0,0,0,3
52843,Stromae,,3,0,3,3,0,3,0,0,0,0,2
52844,Shazam,,3,0,3,3,0,3,0,0,0,0,3
52845,mtvema,,3,0,3,3,0,3,0,0,0,0,3
52846,MarkRonson,,2,0,2,2,0,2,0,0,0,0,0
52847,lucianinalitti,,3,0,3,3,0,3,0,0,0,0,3
52849,MATTE0_RENZl,,3,0,3,3,0,3,0,0,0,0,3
52850,Chucckk_Norris,,3,0,3,3,0,3,0,0,0,0,3
52853,theweeknd,,2,0,2,2,0,2,0,0,0,0,2
52856,Piccolo_Teatro,,2,0,2,2,0,2,0,0,0,0,3
52867,teatroallascala,,2,0,2,2,0,2,0,0,0,0,3
52877,atm_informa,,4,0,4,4,0,4,0,0,0,0,3
52881,Chiara_Galiazzo,,3,0,3,3,0,3,0,0,0,0,3
52891,giulianopisapia,,3,0,3,3,0,3,0,0,0,0,3
52896,rtl1025,,3,0,3,3,0,3,0,0,0,0,3
52897,CrozzaTweet,,3,0,3,3,0,3,0,0,0,0,3
52902,lapinadeejay,,3,0,3,3,0,3,0,0,0,0,3
52905,realtimetvit,,3,0,3,3,0,3,0,0,0,0,3
52907,Expo2015Milano,,5,0,5,5,0,5,0,0,0,0,3
52908,frankmatano,,3,0,3,3,0,3,0,0,0,0,3
52911,tvsorrisi,,2,0,2,2,0,2,0,0,0,0,3
52916,DjChiamaItalia,,4,0,4,4,0,4,0,0,0,0,3
52920,ComuneMI,,4,0,4,4,0,4,0,0,0,0,3
52923,SanremoRai,,3,0,3,3,0,3,0,0,0,0,3
52924,triomedusa,,3,0,3,3,0,3,0,0,0,0,3
52925,mikasounds,,3,0,3,3,0,3,0,0,0,0,3
52926,raffaella,,3,0,3,3,0,3,0,0,0,0,3
52927,AlbertoNtillo,,2,0,2,2,0,2,0,0,0,0,5
52928,cristinaaybar10,,2,0,2,2,0,2,0,0,0,0,0
52929,EmilioRuyz,,2,0,2,2,0,2,0,0,0,0,6
52934,yndalone,,2,0,2,2,0,2,0,0,0,0,5
52937,juliopinero7,,3,0,3,3,0,3,0,0,0,0,0
52938,PabloGarcia_10_,,2,0,2,2,0,2,0,0,0,0,0
52939,susof8,,2,0,2,2,0,2,0,0,0,0,0
52940,VGomarizBelda,,3,0,3,3,0,3,0,0,0,0,0
52941,_alvarezcamilo,,3,0,3,3,0,3,0,0,0,0,0
52942,enriquearbol,,4,0,4,4,0,4,0,0,0,0,0
52943,gegisanta,,3,0,3,3,0,3,0,0,0,0,5
52944,ansanmu,,3,0,3,3,0,3,0,0,0,0,0
52945,rincondeantonio,,3,0,3,3,0,3,0,0,0,0,2
52948,MedinaJuanjo,,3,0,3,3,0,3,0,0,0,0,0
52950,JesAlbarracin,,4,0,4,4,0,4,0,0,0,0,0
52951,miguelangelboza,,2,0,2,2,0,2,0,0,0,0,0
52952,JuanPrieto10,,4,0,4,4,0,4,0,0,0,0,0
52955,SerDeportivosGR,,5,0,5,5,0,5,0,0,0,0,0
52956,Albertofc,,3,0,3,3,0,3,0,0,0,0,0
52957,granadadeporte,,4,0,4,4,0,4,0,0,0,0,0
52958,nachomontero73,,3,0,3,3,0,3,0,0,0,0,0
52959,Gerard_1970,,3,0,3,3,0,3,0,0,0,0,0
53009,FlashBookFotoma,,2,0,2,2,0,2,0,0,0,0,0
53011,photocgarcia,,2,0,2,2,0,2,0,0,0,0,6
53027,LUCIASECASA,,3,0,3,3,0,3,0,0,0,0,1
53033,damasquerosrest,,4,0,4,4,0,4,0,0,0,0,0
53035,ChefMorilla,,4,0,4,4,0,4,0,0,0,0,0
53037,rutadelveleta,,4,0,4,4,0,4,0,0,0,0,0
53038,SubidaVeleta,,3,0,3,3,0,3,0,0,0,0,0
53041,CUEVASCHUMBERA,,2,0,2,2,0,2,0,0,0,0,0
53042,LaChumberaGr,,2,0,2,2,0,2,0,0,0,0,0
53044,LaMamuniaGr,,3,0,3,3,0,3,0,0,0,0,0
53047,MyLeov2013,,2,0,2,2,0,2,0,0,0,0,4
53048,WeddingByAnna,,2,0,2,2,0,2,0,0,0,0,0
53055,MissBrecht10,,2,0,2,2,0,2,0,0,0,0,0
53064,elmejoraloeweb,,4,0,4,4,0,4,0,0,0,0,0
53065,yodirequesi,,2,0,2,2,0,2,0,0,0,0,0
53074,Catalinabodas,,2,0,2,2,0,2,0,0,0,0,0
53076,Lago_byLaura,,2,0,2,2,0,2,0,0,0,0,0
53087,HuertaDelSello,,3,0,3,3,0,3,0,0,0,0,0
53088,AC_Hoteles,,3,0,3,3,0,3,0,0,0,0,0
53089,nhhotelgroup,,2,0,2,2,0,2,0,0,0,0,4
53090,NHCollectionEB,,2,0,2,2,0,2,0,0,0,0,0
53091,nhhotelses,,3,0,3,3,0,3,0,0,0,0,0
53092,sercotelhoteles,,3,0,3,3,0,3,0,0,0,0,0
53109,bodasgranada,,2,0,2,2,0,2,0,0,0,0,0
53111,BodasTVGranada,,4,0,4,4,0,4,0,0,0,0,0
53112,djrafaleoncom,,2,0,2,2,0,2,0,0,0,0,0
53113,WeddingEC,,4,0,4,4,0,4,0,0,0,0,0
53115,GranadaDeBoda,,3,0,3,3,0,3,0,0,0,0,0
53116,MiBodaEnGranada,,3,0,3,3,0,3,0,0,0,0,0
53117,ReyFalcao,,2,0,2,2,0,2,0,0,0,0,5
53120,16VIRI,,2,0,2,2,0,2,0,0,0,0,0
53125,GCFenMADRID,,4,0,4,4,0,4,0,0,0,0,0
53127,granada_inn,,4,0,4,4,0,4,0,0,0,0,0
53128,jorgegranada12,,2,0,2,2,0,2,0,0,0,0,6
53130,RUlopezrentero,,2,0,2,2,0,2,0,0,0,0,0
53131,betabeersGRX,,2,0,2,2,0,2,0,0,0,0,0
53132,Balleste1,,2,0,2,2,0,2,0,0,0,0,0
53134,victormmartin25,,2,0,2,2,0,2,0,0,0,0,6
53135,CNGranada,,4,0,4,4,0,4,0,0,0,0,0
53136,CuencaIsaac,,2,0,2,2,0,2,0,0,0,0,2
53137,granadacarlos,,3,0,3,3,0,3,0,0,0,0,0
53138,T_Olalla,,2,0,2,2,0,2,0,0,0,0,0
53139,AlhambraWedding,,4,0,4,4,0,4,0,0,0,0,0
53142,rrpp_granada_,,2,0,2,2,0,2,0,0,0,0,6
53144,granada_life,,5,0,5,5,0,5,0,0,0,0,4
53149,ultradespedidas,,3,0,3,3,0,3,0,0,0,0,0
53150,Laotralucia,,3,0,3,3,0,3,0,0,0,0,0
53152,Vabu_Eventos,,3,0,3,3,0,3,0,0,0,0,0
53153,Eventos_Granada,,2,0,2,2,0,2,0,0,0,0,0
53154,evaferromero,,3,0,3,3,0,3,0,0,0,0,0
53155,JardinMuller,,4,0,4,4,0,4,0,0,0,0,0
53156,33Siulito,,3,0,3,3,0,3,0,0,0,0,0
53157,Raul_LopezR,,4,0,4,4,0,4,0,0,0,0,0
53158,partyhandgranad,,3,0,3,3,0,3,0,0,0,0,0
53159,Iglesia_Granada,,4,0,4,4,0,4,0,0,0,0,0
53162,EstrellasdeSNic,,5,0,5,5,0,5,0,0,0,0,0
53163,Panoramic360Gr,,3,0,3,3,0,3,0,0,0,0,0
53164,Tendido1Granada,,3,0,3,3,0,3,0,0,0,0,2
53165,MenusGranada,,3,0,3,3,0,3,0,0,0,0,0
53166,Tendido1,,4,0,4,4,0,4,0,0,0,0,0
53167,RTEGRANADARONDA,,2,0,2,2,0,2,0,0,0,0,2
53168,Restaurante_GRD,,3,0,3,3,0,3,0,0,0,0,0
53169,botanicocafe,,3,0,3,3,0,3,0,0,0,0,0
53171,GallioGranada,,2,0,2,2,0,2,0,0,0,0,0
53172,NemesisGranada,,2,0,2,2,0,2,0,0,0,0,0
53173,Tablao_Granada,,5,0,5,5,0,5,0,0,0,0,6
53174,BurbuGranada,,3,0,3,3,0,3,0,0,0,0,0
53175,Chikito_Granada,,5,0,5,5,0,5,0,0,0,0,0
53179,Hotel_Granada1,,2,0,2,2,0,2,0,0,0,0,0
53181,HotelGranadasur,,3,0,3,3,0,3,0,0,0,0,0
53185,HotelGranadateg,,2,0,2,2,0,2,0,0,0,0,0
53187,HGranada3s,,2,0,2,2,0,2,0,0,0,0,0
53188,HotelRealGranad,,2,0,2,2,0,2,0,0,0,0,0
53191,Granadabistro,,2,0,2,2,0,2,0,0,0,0,0
53192,Hotelcamino_GR,,2,0,2,2,0,2,0,0,0,0,0
53193,ladrondeagua,,6,0,6,6,0,6,0,0,0,0,0
53194,HGranadaPuebla,,2,0,2,2,0,2,0,0,0,0,0
53195,granada_real,,3,0,3,3,0,3,0,0,0,0,0
53196,PSantaPaula,,5,0,5,5,0,5,0,0,0,0,0
53197,PlazaGranada,,2,0,2,2,0,2,0,0,0,0,0
53198,HotelSpaGranada,,3,0,3,3,0,3,0,0,0,0,0
53199,GranadaReal,,3,0,3,3,0,3,0,0,0,0,0
53201,Hotelgranada1,,2,0,2,2,0,2,0,0,0,0,0
53202,HotelTilosgrana,,3,0,3,3,0,3,0,0,0,0,0
53203,HotelCasa1800,,3,0,3,3,0,3,0,0,0,0,0
53204,Alcadimahotel,,4,0,4,4,0,4,0,0,0,0,0
53205,HotelRiscal,,2,0,2,2,0,2,0,0,0,0,0
53206,josemiguelmagin,,3,0,3,3,0,3,0,0,0,0,0
53207,villaoniria,,3,0,3,3,0,3,0,0,0,0,0
53208,hotelengranada,,3,0,3,3,0,3,0,0,0,0,0
53209,PorcelSabica,,5,0,5,5,0,5,0,0,0,0,0
53210,AquaHotelCali,,3,0,3,3,0,3,0,0,0,0,6
53211,DauroHotels,,2,0,2,2,0,2,0,0,0,0,0
53212,RiandeGranada,,3,0,3,3,0,3,0,0,0,0,0
53216,Richy0coma0,,2,0,2,2,0,2,0,0,0,0,0
53218,JulianMarin,,2,0,2,2,0,2,0,0,0,0,0
53220,eye_sp,,2,0,2,2,0,2,0,0,0,0,0
53221,Aristaeventos,,2,0,2,2,0,2,0,0,0,0,0
53226,EventosUSM,,3,0,3,3,0,3,0,0,0,0,2
53234,LuisFragaTV,,3,0,3,3,0,3,0,0,0,0,0
53235,eventosinmadrid,,2,0,2,2,0,2,0,0,0,0,2
53236,madridyocio,,3,0,3,3,0,3,0,0,0,0,0
53238,fiebreventos,,2,0,2,2,0,2,0,0,0,0,0
53241,ajpaniagua,,2,0,2,2,0,2,0,0,0,0,0
53243,JotaAbril,,2,0,2,2,0,2,0,0,0,0,5
53245,topeventosyp,,2,0,2,2,0,2,0,0,0,0,0
53246,Evenpro,,3,0,3,3,0,3,0,0,0,0,2
53250,canalspace,,3,0,3,3,0,3,0,0,0,0,0
53252,Persempreventos,,2,0,2,2,0,2,0,0,0,0,0
53253,Ayletizia,,2,0,2,2,0,2,0,0,0,0,0
53257,sweetweddingp,,2,0,2,2,0,2,0,0,0,0,0
53259,aveventus,,2,0,2,2,0,2,0,0,0,0,0
53264,emyteruel,,2,0,2,2,0,2,0,0,0,0,0
53267,yorda_s,,2,0,2,2,0,2,0,0,0,0,0
53273,MQConmigo,,2,0,2,2,0,2,0,0,0,0,0
53279,reflexdemama,,2,0,2,2,0,2,0,0,0,0,0
53280,ENELDOCatering,,3,0,3,3,0,3,0,0,0,0,0
53282,srysra_eventos,,2,0,2,2,0,2,0,0,0,0,0
53283,PrettyPlaces_es,,2,0,2,2,0,2,0,0,0,0,0
53284,madrideventos,,3,0,3,3,0,3,0,0,0,0,0
53290,BlissEventos_WP,,2,0,2,2,0,2,0,0,0,0,0
53291,BodasyEventosPA,,2,0,2,2,0,2,0,0,0,0,0
53295,yalgoazul,,2,0,2,2,0,2,0,0,0,0,0
53296,SoyClandestine,,2,0,2,2,0,2,0,0,0,0,0
53302,sr_mirindo,,2,0,2,2,0,2,0,0,0,0,5
53303,VirgenFatima,,2,0,2,2,0,2,0,0,0,0,6
53305,pbujalance,,2,0,2,2,0,2,0,0,0,0,0
53310,MIPerdigones,,2,0,2,2,0,2,0,0,0,0,4
53311,MiComunion,,2,0,2,2,0,2,0,0,0,0,0
53314,divanovias,,2,0,2,2,0,2,0,0,0,0,0
53315,MissBodas,,2,0,2,2,0,2,0,0,0,0,0
53317,perradesatan,,3,0,3,3,0,3,0,0,0,0,5
53334,ListaBodas,,2,0,2,2,0,2,0,0,0,0,0
53337,EasyBodas,,2,0,2,2,0,2,0,0,0,0,0
53341,VasaraBodas,,2,0,2,2,0,2,0,0,0,0,0
53344,miwebdeboda,,2,0,2,2,0,2,0,0,0,0,0
53346,VelasdeBoda,,3,0,3,3,0,3,0,0,0,0,0
53348,HechizoDeBoda,,2,0,2,2,0,2,0,0,0,0,0
53352,LaClavedetuboda,,2,0,2,2,0,2,0,0,0,0,0
53354,thehappyday_net,,2,0,2,2,0,2,0,0,0,0,0
53355,EssenciasdeBoda,,2,0,2,2,0,2,0,0,0,0,0
53360,lbda_es,,2,0,2,2,0,2,0,0,0,0,6
53361,novios2000,,2,0,2,2,0,2,0,0,0,0,0
53366,Bodasdehoy,,3,0,3,3,0,3,0,0,0,0,0
53368,lacelebra,,2,0,2,2,0,2,0,0,0,0,0
53371,ArteBoda,,2,0,2,2,0,2,0,0,0,0,0
53375,WeddWithLove,,2,0,2,2,0,2,0,0,0,0,0
53376,JustMMarket,,2,0,2,2,0,2,0,0,0,0,0
53380,RiberaCorneja,,2,0,2,2,0,2,0,0,0,0,0
53389,Bodacor,,3,0,3,3,0,3,0,0,0,0,0
53396,PresumedeBoda,,3,0,3,3,0,3,0,0,0,0,0
53397,Missweddingplan,,2,0,2,2,0,2,0,0,0,0,0
53398,Expotuboda,,2,0,2,2,0,2,0,0,0,0,0
53400,MibodaRocks,,3,0,3,3,0,3,0,0,0,0,0
53401,murquin,,2,0,2,2,0,2,0,0,0,0,0
53402,ZapatosdetuBoda,,2,0,2,2,0,2,0,0,0,0,6
53404,twsbymiboda,,2,0,2,2,0,2,0,0,0,0,0
53409,feriadeboda,,2,0,2,2,0,2,0,0,0,0,0
53413,LunasdBoda,,2,0,2,2,0,2,0,0,0,0,0
53415,IdeasParaBoda,,2,0,2,2,0,2,0,0,0,0,0
53418,BDE_Guia,,2,0,2,2,0,2,0,0,0,0,0
53420,bodadiferente,,2,0,2,2,0,2,0,0,0,0,0
53421,bodaestilo,,3,0,3,3,0,3,0,0,0,0,0
53422,Mi_Boda,,3,0,3,3,0,3,0,0,0,0,0
53425,Quiendijoboda,,2,0,2,2,0,2,0,0,0,0,0
53426,Boda20,,4,0,4,4,0,4,0,0,0,0,0
53428,TuBodaMovil,,2,0,2,2,0,2,0,0,0,0,0
53429,BlogMiboda,,3,0,3,3,0,3,0,0,0,0,0
53430,coloresdeboda,,3,0,3,3,0,3,0,0,0,0,0
53431,cuentosdeboda,,2,0,2,2,0,2,0,0,0,0,0
53434,QuieroUnaBoda,,4,0,4,4,0,4,0,0,0,0,0
53435,planificatuboda,,3,0,3,3,0,3,0,0,0,0,6
53436,unabodaoriginal,,4,0,4,4,0,4,0,0,0,0,0
53443,MeliaCohiba,,2,0,2,2,0,2,0,0,0,0,0
53456,GIFTSEVENTOS,,2,0,2,2,0,2,0,0,0,0,0
53461,SweetBodas,,3,0,3,3,0,3,0,0,0,0,0
53462,Zankyou_ES,,3,0,3,3,0,3,0,0,0,0,0
53463,almablancaeven,,2,0,2,2,0,2,0,0,0,0,0
53464,Elitebodas,,3,0,3,3,0,3,0,0,0,0,0
53469,DecoBodas,,3,0,3,3,0,3,0,0,0,0,0
53473,pinceladasbodas,,2,0,2,2,0,2,0,0,0,0,0
53475,martaylamagia,,3,0,3,3,0,3,0,0,0,0,0
53480,WeAre_Wedding,,2,0,2,2,0,2,0,0,0,0,0
53481,bodas_banquetes,,3,0,3,3,0,3,0,0,0,0,0
53482,bodanova,,3,0,3,3,0,3,0,0,0,0,0
53483,desvandebodas,,3,0,3,3,0,3,0,0,0,0,0
53485,Ameliste_Bodas,,2,0,2,2,0,2,0,0,0,0,0
53488,BodasForYou,,4,0,4,4,0,4,0,0,0,0,0
53489,FianceeBodas,,3,0,3,3,0,3,0,0,0,0,0
53490,BodasDestino,,2,0,2,2,0,2,0,0,0,0,0
53493,bodascom_mx,,2,0,2,2,0,2,0,0,0,0,0
53494,BodasConMimo,,2,0,2,2,0,2,0,0,0,0,0
53496,Retalesdebodas,,3,0,3,3,0,3,0,0,0,0,0
53498,fBodas,,2,0,2,2,0,2,0,0,0,0,0
53500,Bodasdeluxe,,2,0,2,2,0,2,0,0,0,0,0
53503,FashionBodas,,3,0,3,3,0,3,0,0,0,0,0
53504,BodasdeCuento,,4,0,4,4,0,4,0,0,0,0,0
53505,VolvoretaBodas,,2,0,2,2,0,2,0,0,0,0,0
53507,Visuals_bodas,,3,0,3,3,0,3,0,0,0,0,0
53508,LasbodasdRaquel,,3,0,3,3,0,3,0,0,0,0,0
53509,TendenciasBodas,,4,0,4,4,0,4,0,0,0,0,0
53510,DamaBlancaBodas,,2,0,2,2,0,2,0,0,0,0,0
53512,bodasnet,,3,0,3,3,0,3,0,0,0,0,0
53540,BeMadridSpain,,3,0,3,3,0,3,0,0,0,0,2
54241,SCA_Moveis,,2,0,2,2,0,2,0,0,0,0,2
54424,PepsiCo,,3,0,3,3,0,3,0,0,0,0,7
54427,Doritos,,2,0,2,2,0,2,0,0,0,0,3
54428,LAYS,,2,0,2,2,0,2,0,0,0,0,3
54444,TechStartupJobs,,2,0,2,2,0,2,0,0,0,0,4
54470,joao_diogo18,,2,0,2,2,0,2,0,0,0,0,2
54530,CityLifeMadrid,,3,0,3,3,0,3,0,0,0,0,3
54531,TeamRakbo,,2,0,2,2,0,2,0,0,0,0,3
54543,jnuineapp,,3,0,3,3,0,3,0,0,0,0,1
54545,EnvironmentRTs,,2,0,2,2,0,2,0,0,0,0,3
54551,PaulaCunha16,,2,0,2,2,0,2,0,0,0,0,3
54552,NinoPallone,,3,0,3,3,0,3,0,0,0,0,1
54553,Erasmus_Cordoba,,2,0,2,2,0,2,0,0,0,0,7
54558,Erasmus_Cook,,3,0,3,3,0,3,0,0,0,0,1
54559,EGlobetrotter,,2,0,2,2,0,2,0,0,0,0,1
54570,Paulansousa1,,3,0,3,3,0,3,0,0,0,0,3
54573,bilangus,,2,0,2,2,0,2,0,0,0,0,3
54574,RosaMalaga10,,3,0,3,3,0,3,0,0,0,0,4
54582,ParalimpicosPT,,2,0,2,2,0,2,0,0,0,0,3
54593,historiaerasmus,,2,0,2,2,0,2,0,0,0,0,6
54603,joanassim,,2,0,2,2,0,2,0,0,0,0,7
54606,MicrosoftEU,,3,0,3,3,0,3,0,0,0,0,3
54607,CassandraDco,,3,0,3,3,0,3,0,0,0,0,7
54616,Irma_Housy,,2,0,2,2,0,2,0,0,0,0,3
54617,ale_more08,,3,0,3,3,0,3,0,0,0,0,1
54623,exchangeCAREER5,,3,0,3,3,0,3,0,0,0,0,3
54628,MinaHalabjai,,2,0,2,2,0,2,0,0,0,0,3
54630,RefME,,3,0,3,3,0,3,0,0,0,0,3
54632,paolapanfili,,2,0,2,2,0,2,0,0,0,0,3
54640,iMertS,,2,0,2,2,0,2,0,0,0,0,1
54642,Florian_s_t,,2,0,2,2,0,2,0,0,0,0,1
54643,IPCBoficial,,2,0,2,2,0,2,0,0,0,0,3
54656,Contix89,,2,0,2,2,0,2,0,0,0,0,1
54664,Daniela_Riccio,,2,0,2,2,0,2,0,0,0,0,1
54672,SwapandStudy,,3,0,3,3,0,3,0,0,0,0,3
54688,switchingrooms,,2,0,2,2,0,2,0,0,0,0,3
54690,erasmusdeneyimi,,3,0,3,3,0,3,0,0,0,0,3
54695,erasmusintr,,3,0,3,3,0,3,0,0,0,0,3
54697,yasin_demirag,,2,0,2,2,0,2,0,0,0,0,3
54707,workandtravel,,2,0,2,2,0,2,0,0,0,0,1
54712,FormacionUCM,,3,0,3,3,0,3,0,0,0,0,3
54714,rmzchi,,3,0,3,3,0,3,0,0,0,0,1
54715,EscortmodelsEu,,3,0,3,3,0,3,0,0,0,0,3
54716,ORITOLEDO,,2,0,2,2,0,2,0,0,0,0,4
54717,tripmatch_org,,3,0,3,3,0,3,0,0,0,0,7
54718,ghstdive,,2,0,2,2,0,2,0,0,0,0,1
54719,HI_Groups,,2,0,2,2,0,2,0,0,0,0,1
54720,MBE_Strasbourg,,2,0,2,2,0,2,0,0,0,0,3
54721,IntUeVarna,,3,0,3,3,0,3,0,0,0,0,1
54722,seven_anto,,3,0,3,3,0,3,0,0,0,0,3
54723,sigfri3d,,4,0,4,4,0,4,0,0,0,0,1
54724,Valepresa,,3,0,3,3,0,3,0,0,0,0,3
54725,runagudmars,,3,0,3,3,0,3,0,0,0,0,1
54726,JanLukacevic,,3,0,3,3,0,3,0,0,0,0,1
54727,CeliaBinet_,,2,0,2,2,0,2,0,0,0,0,1
54728,nonprofitorgs,,3,0,3,3,0,3,0,0,0,0,3
54729,direnkizil,,3,0,3,3,0,3,0,0,0,0,2
54730,eric_car,,3,0,3,3,0,3,0,0,0,0,3
54731,NicolaCosci,,3,0,3,3,0,3,0,0,0,0,3
54732,silvia_silves,,4,0,4,4,0,4,0,0,0,0,3
54733,JuanRM60,,3,0,3,3,0,3,0,0,0,0,3
54737,fergogi,,2,0,2,2,0,2,0,0,0,0,3
54740,EVS_Catalonia,,2,0,2,2,0,2,0,0,0,0,6
54746,Mat_Charles,,4,0,4,4,0,4,0,0,0,0,1
54823,brunoaleixo,,3,0,3,3,0,3,0,0,0,0,7
54923,pinhelense1980,,2,0,2,2,0,2,0,0,0,0,6
54926,CdlUvigo,,2,0,2,2,0,2,0,0,0,0,3
54934,NsAPesarDeTodo,,2,0,2,2,0,2,0,0,0,0,4
54943,RHTurismo,,2,0,2,2,0,2,0,0,0,0,0
54978,culturaonline,,2,0,2,2,0,2,0,0,0,0,7
55011,wefollow,,2,0,2,2,0,2,0,0,0,0,3
55018,SWEPMadrid2012,,3,0,3,3,0,3,0,0,0,0,1
55019,infoerasmus,,3,0,3,3,0,3,0,0,0,0,1
55020,USAL_Salamanca,,3,0,3,3,0,3,0,0,0,0,3
55021,SalamancaUni,,3,0,3,3,0,3,0,0,0,0,4
55022,UDL_Salamanca,,2,0,2,2,0,2,0,0,0,0,3
55024,jeffreyshaw1,,2,0,2,2,0,2,0,0,0,0,3
55030,TheJeetBanerjee,,3,0,3,3,0,3,0,0,0,0,3
55045,DeshbhaktAhmed,,2,0,2,2,0,2,0,0,0,0,3
55051,_TravisDevon,,2,0,2,2,0,2,0,0,0,0,3
55059,loveandoutcome,,2,0,2,2,0,2,0,0,0,0,3
55060,marshawright,,3,0,3,3,0,3,0,0,0,0,2
55062,Social_Hire,,3,0,3,3,0,3,0,0,0,0,3
55064,DennisKoutoudis,,2,0,2,2,0,2,0,0,0,0,3
55070,EvanKirstel,,2,0,2,2,0,2,0,0,0,0,3
55134,antoniojfrazao,,2,0,2,2,0,2,0,0,0,0,3
55148,UdelPacifico,,3,0,3,3,0,3,0,0,0,0,1
55149,UDEP,,3,0,3,3,0,3,0,0,0,0,2
55150,uady,,2,0,2,2,0,2,0,0,0,0,3
55151,icesi,,3,0,3,3,0,3,0,0,0,0,2
55156,maiseducacao,,2,0,2,2,0,2,0,0,0,0,7
55159,guiadoestudante,,2,0,2,2,0,2,0,0,0,0,7
55164,au_uva,,3,0,3,3,0,3,0,0,0,0,3
55165,ismt_coimbra,,2,0,2,2,0,2,0,0,0,0,3
55173,esecoimbra,,2,0,2,2,0,2,0,0,0,0,1
55182,THEUniAdvice,,3,0,3,3,0,3,0,0,0,0,3
55184,ScholAmerica,,3,0,3,3,0,3,0,0,0,0,3
55187,ThinkUHI,,2,0,2,2,0,2,0,0,0,0,3
55190,thestudentnomad,,2,0,2,2,0,2,0,0,0,0,4
55191,StudentU_Inc,,2,0,2,2,0,2,0,0,0,0,2
55192,WYAeurope,,3,0,3,3,0,3,0,0,0,0,3
55193,uniurbit,,4,0,4,4,0,4,0,0,0,0,3
55194,unipr,,4,0,4,4,0,4,0,0,0,0,3
55195,unimib,,5,0,5,5,0,5,0,0,0,0,3
55196,PayingForSchool,,3,0,3,3,0,3,0,0,0,0,2
55197,ScholarshipsCA,,3,0,3,3,0,3,0,0,0,0,3
55198,thestudentglobe,,2,0,2,2,0,2,0,0,0,0,3
55200,googlestudents,,4,0,4,4,0,4,0,0,0,0,4
55201,imperialcollege,,2,0,2,2,0,2,0,0,0,0,3
55202,ESACY,,2,0,2,2,0,2,0,0,0,0,0
55203,ulivingtweets,,2,0,2,2,0,2,0,0,0,0,1
55204,StartupWeekend,,3,0,3,3,0,3,0,0,0,0,3
55209,cems_alliance,,2,0,2,2,0,2,0,0,0,0,3
55218,juventud_na,,2,0,2,2,0,2,0,0,0,0,4
55222,Unilifestudent,,3,0,3,3,0,3,0,0,0,0,2
55224,ESNSGGW,,3,0,3,3,0,3,0,0,0,0,1
55225,ESN_SUT_Gliwice,,2,0,2,2,0,2,0,0,0,0,3
55228,erasmoodrome,,4,0,4,4,0,4,0,0,0,0,3
55229,StudentBackr,,2,0,2,2,0,2,0,0,0,0,3
55231,Studential,,2,0,2,2,0,2,0,0,0,0,3
55235,WeAreTotum,,2,0,2,2,0,2,0,0,0,0,3
55236,StudentLifeNet,,3,0,3,3,0,3,0,0,0,0,1
55237,primestudent,,3,0,3,3,0,3,0,0,0,0,2
55239,stu_voice,,2,0,2,2,0,2,0,0,0,0,1
55240,PrimeStudentUK,,2,0,2,2,0,2,0,0,0,0,3
55242,ricardocomsalud,,2,0,2,2,0,2,0,0,0,0,0
55243,mmmotril,,2,0,2,2,0,2,0,0,0,0,0
55249,WanderlustGran1,,2,0,2,2,0,2,0,0,0,0,0
55250,GranadaSites,,3,0,3,3,0,3,0,0,0,0,0
55251,Sprinter_es,,3,0,3,3,0,3,0,0,0,0,0
55253,PlatoAlpujarra,,4,0,4,4,0,4,0,0,0,0,0
55254,CENTROSMAYORES,,3,0,3,3,0,3,0,0,0,0,0
55258,MBgranada,,2,0,2,2,0,2,0,0,0,0,0
55261,mbcocinahogar,,3,0,3,3,0,3,0,0,0,0,0
55264,GemaMartinDiaz,,2,0,2,2,0,2,0,0,0,0,0
55266,RUNRUNMotril,,3,0,3,3,0,3,0,0,0,0,0
55267,hotelparraga,,3,0,3,3,0,3,0,0,0,0,6
55268,laperlahelados,,2,0,2,2,0,2,0,0,0,0,0
55269,autoloscalifas,,2,0,2,2,0,2,0,0,0,0,6
55276,DIMONNASL,,2,0,2,2,0,2,0,0,0,0,0
55277,EIHCostaTropica,,4,0,4,4,0,4,0,0,0,0,6
55279,juanj_almeria,,3,0,3,3,0,3,0,0,0,0,0
55281,ArtegioGr,,2,0,2,2,0,2,0,0,0,0,6
55283,Jaritah_Lu,,3,0,3,3,0,3,0,0,0,0,6
55284,FruteriaJTaboad,,2,0,2,2,0,2,0,0,0,0,0
55286,fymcafeytapas,,3,0,3,3,0,3,0,0,0,0,6
55287,AMaracenaGH,,3,0,3,3,0,3,0,0,0,0,6
55288,mediarnolitigar,,3,0,3,3,0,3,0,0,0,0,0
55289,ivcabarm,,3,0,3,3,0,3,0,0,0,0,0
55290,JVDelicatessen,,3,0,3,3,0,3,0,0,0,0,6
55291,lydiacontrerasg,,3,0,3,3,0,3,0,0,0,0,0
55293,h2cnetwork,,2,0,2,2,0,2,0,0,0,0,0
55294,RotulosKapital,,4,0,4,4,0,4,0,0,0,0,0
55295,Bodegasalzagal,,3,0,3,3,0,3,0,0,0,0,0
55296,PibesGr,,4,0,4,4,0,4,0,0,0,0,0
55297,miguelycandela2,,3,0,3,3,0,3,0,0,0,0,6
55299,GranadaSpirit,,3,0,3,3,0,3,0,0,0,0,0
55302,IbanezBegona,,3,0,3,3,0,3,0,0,0,0,0
55303,AlhambraZoom,,2,0,2,2,0,2,0,0,0,0,0
55305,GomezsousaJose,,2,0,2,2,0,2,0,0,0,0,0
55307,santiagodelrio,,3,0,3,3,0,3,0,0,0,0,0
55308,LaRatoneraCCQ,,3,0,3,3,0,3,0,0,0,0,0
55309,enverogranada,,3,0,3,3,0,3,0,0,0,0,0
55312,PagodeBriz,,2,0,2,2,0,2,0,0,0,0,0
55314,Granadalab,,3,0,3,3,0,3,0,0,0,0,0
55315,enjoy_granada,,2,0,2,2,0,2,0,0,0,0,0
55316,ResiCarmenMndez,,2,0,2,2,0,2,0,0,0,0,0
55317,jamuozcastro,,2,0,2,2,0,2,0,0,0,0,0
55319,ElhornodeJuan,,2,0,2,2,0,2,0,0,0,0,0
55320,hmgranafair2017,,2,0,2,2,0,2,0,0,0,0,0
55323,FlamencoGR,,3,0,3,3,0,3,0,0,0,0,0
55324,VenancioGalan,,3,0,3,3,0,3,0,0,0,0,6
55326,Celiuskaya,,3,0,3,3,0,3,0,0,0,0,6
55327,J_Nawrot,,2,0,2,2,0,2,0,0,0,0,0
55328,passio_granada,,3,0,3,3,0,3,0,0,0,0,0
55330,HabasdeGranada,,3,0,3,3,0,3,0,0,0,0,0
55331,ParihuelaGranad,,3,0,3,3,0,3,0,0,0,0,0
55332,hdadrociogr,,2,0,2,2,0,2,0,0,0,0,0
55334,AlhambraPHotel,,2,0,2,2,0,2,0,0,0,0,0
55335,RBancarias54,,2,0,2,2,0,2,0,0,0,0,0
55336,lamardegranada,,2,0,2,2,0,2,0,0,0,0,0
55337,pphgturismo,,3,0,3,3,0,3,0,0,0,0,0
55340,jCandec,,3,0,3,3,0,3,0,0,0,0,6
55341,dePocholate,,3,0,3,3,0,3,0,0,0,0,6
55345,TriatletasenRed,,3,0,3,3,0,3,0,0,0,0,4
55346,triatlonchannel,,3,0,3,3,0,3,0,0,0,0,0
55348,puesto43,,3,0,3,3,0,3,0,0,0,0,0
55351,TheRedRunners,,2,0,2,2,0,2,0,0,0,0,0
55358,runners_es,,2,0,2,2,0,2,0,0,0,0,0
55359,Salomon_Spain,,3,0,3,3,0,3,0,0,0,0,7
55361,TRIATLONSP,,2,0,2,2,0,2,0,0,0,0,0
55362,triatlonnoticia,,3,0,3,3,0,3,0,0,0,0,0
55365,correaturitmo,,2,0,2,2,0,2,0,0,0,0,0
55366,SherpaGranada,,3,0,3,3,0,3,0,0,0,0,0
55367,snhoy,,3,0,3,3,0,3,0,0,0,0,0
55368,eeuropea,,4,0,4,4,0,4,0,0,0,0,0
55369,DorsalSUR,,2,0,2,2,0,2,0,0,0,0,0
55372,mediamaratonmlg,,2,0,2,2,0,2,0,0,0,0,0
55375,Womensrunninguk,,2,0,2,2,0,2,0,0,0,0,1
55376,EsquiSNevada,,5,0,5,5,0,5,0,0,0,0,0
55379,sportlife_es,,3,0,3,3,0,3,0,0,0,0,4
55398,NorthForkGear,,2,0,2,2,0,2,0,0,0,0,1
55399,soymaratonista,,2,0,2,2,0,2,0,0,0,0,2
55401,cbgenil,,2,0,2,2,0,2,0,0,0,0,0
55402,karma_aventura,,2,0,2,2,0,2,0,0,0,0,0
55403,HomeCosta,,2,0,2,2,0,2,0,0,0,0,5
55405,APanTradicional,,2,0,2,2,0,2,0,0,0,0,0
55406,ceje_network,,3,0,3,3,0,3,0,0,0,0,0
55409,FunviaGranada,,2,0,2,2,0,2,0,0,0,0,0
55410,PacoPerezCXE,,2,0,2,2,0,2,0,0,0,0,0
55412,FlamencoMotril,,2,0,2,2,0,2,0,0,0,0,0
55413,ClinicaSanabria,,2,0,2,2,0,2,0,0,0,0,0
55415,SaraAlonsoQ,,3,0,3,3,0,3,0,0,0,0,0
55416,rutadelmulhacen,,3,0,3,3,0,3,0,0,0,0,0
55417,ApartCentro,,3,0,3,3,0,3,0,0,0,0,0
55419,AgustinosGR,,3,0,3,3,0,3,0,0,0,0,0
55422,quitatelaboina,,2,0,2,2,0,2,0,0,0,0,0
55423,cgalbolote,,3,0,3,3,0,3,0,0,0,0,0
55424,popfmgranada,,2,0,2,2,0,2,0,0,0,0,0
55425,HotelAlixares,,3,0,3,3,0,3,0,0,0,0,0
55427,alpujarramagna,,2,0,2,2,0,2,0,0,0,0,0
55428,PGourmetGRX,,2,0,2,2,0,2,0,0,0,0,0
55429,sabeagranada,,2,0,2,2,0,2,0,0,0,0,0
55430,tadigra,,3,0,3,3,0,3,0,0,0,0,0
55431,Los12B,,3,0,3,3,0,3,0,0,0,0,0
55435,c_characholes,,2,0,2,2,0,2,0,0,0,0,0
55439,Juvealbolote,,3,0,3,3,0,3,0,0,0,0,0
55440,AlmunecarNews,,3,0,3,3,0,3,0,0,0,0,0
55441,almudigital,,3,0,3,3,0,3,0,0,0,0,0
55442,Infocostat,,3,0,3,3,0,3,0,0,0,0,0
55443,GranadaParadiso,,2,0,2,2,0,2,0,0,0,0,0
55444,MuseoCarmenGra,,2,0,2,2,0,2,0,0,0,0,0
55445,Sportivivi,,3,0,3,3,0,3,0,0,0,0,6
55446,otsalobrena,,3,0,3,3,0,3,0,0,0,0,0
55447,clubbasketstf,,2,0,2,2,0,2,0,0,0,0,0
55450,Marianobaza,,2,0,2,2,0,2,0,0,0,0,6
55452,MaribelMarinJ,,3,0,3,3,0,3,0,0,0,0,0
55453,cbbaza,,2,0,2,2,0,2,0,0,0,0,0
55454,Antonio_Melo14,,2,0,2,2,0,2,0,0,0,0,0
55455,CBChurriana,,3,0,3,3,0,3,0,0,0,0,6
55456,cbcostamotril,,3,0,3,3,0,3,0,0,0,0,6
55457,AytoPinar,,4,0,4,4,0,4,0,0,0,0,0
55458,GomzNieto,,2,0,2,2,0,2,0,0,0,0,0
55460,aortegafoto,,2,0,2,2,0,2,0,0,0,0,0
55465,QB_Constructora,,2,0,2,2,0,2,0,0,0,0,0
55466,EXPLORANATURA,,3,0,3,3,0,3,0,0,0,0,4
55470,LRblogCostalero,,3,0,3,3,0,3,0,0,0,0,0
55471,sergiomv9,,3,0,3,3,0,3,0,0,0,0,0
55472,ElGranadoHosta,,3,0,3,3,0,3,0,0,0,0,6
55473,clinicaMGA,,2,0,2,2,0,2,0,0,0,0,0
55474,BarrioRealejo,,4,0,4,4,0,4,0,0,0,0,0
55475,pagodealmaraes,,3,0,3,3,0,3,0,0,0,0,0
55476,salacolosseo,,3,0,3,3,0,3,0,0,0,0,0
55477,Backline_Rent,,3,0,3,3,0,3,0,0,0,0,0
55480,OrfeoGranada,,3,0,3,3,0,3,0,0,0,0,0
55481,NewsAlpujarra,,3,0,3,3,0,3,0,0,0,0,4
55483,mangelesprieto,,2,0,2,2,0,2,0,0,0,0,0
55484,silenciogranada,,4,0,4,4,0,4,0,0,0,0,0
55486,NeverlandSmC,,2,0,2,2,0,2,0,0,0,0,0
55487,RoyalPianos,,4,0,4,4,0,4,0,0,0,0,0
55488,Gastroandalusi,,3,0,3,3,0,3,0,0,0,0,0
55490,PilarMartinVal,,3,0,3,3,0,3,0,0,0,0,0
55491,anaentreolivos,,3,0,3,3,0,3,0,0,0,0,0
55494,andgastrotur,,3,0,3,3,0,3,0,0,0,0,6
55495,GastroHunterGRX,,3,0,3,3,0,3,0,0,0,0,6
55496,CarmelaGranada,,3,0,3,3,0,3,0,0,0,0,0
55497,MRAcuyo,,3,0,3,3,0,3,0,0,0,0,6
55498,arteparaprender,,2,0,2,2,0,2,0,0,0,0,0
55499,AlhambraSlowH,,2,0,2,2,0,2,0,0,0,0,0
55500,FuncraVzla,,2,0,2,2,0,2,0,0,0,0,0
55501,AmazingGranada,,3,0,3,3,0,3,0,0,0,0,6
55502,CabaretLaviebel,,3,0,3,3,0,3,0,0,0,0,0
55503,cultuGra,,3,0,3,3,0,3,0,0,0,0,0
55504,GuadixTurismo,,2,0,2,2,0,2,0,0,0,0,0
55505,GuiaGuadix,,2,0,2,2,0,2,0,0,0,0,0
55506,elaccitano,,2,0,2,2,0,2,0,0,0,0,0
55507,guadixenamora,,3,0,3,3,0,3,0,0,0,0,0
55508,RESPIRAALHAMA,,3,0,3,3,0,3,0,0,0,0,0
55509,ertrivi69,,4,0,4,4,0,4,0,0,0,0,0
55510,LaTardeMarilo,,3,0,3,3,0,3,0,0,0,0,0
55512,TresCaidasGr,,4,0,4,4,0,4,0,0,0,0,0
55513,AuroraCoronada,,3,0,3,3,0,3,0,0,0,0,0
55514,jlgarciaGRX,,2,0,2,2,0,2,0,0,0,0,0
55519,JensenGRX,,2,0,2,2,0,2,0,0,0,0,0
55520,solocienciacom,,3,0,3,3,0,3,0,0,0,0,0
55522,sararuaseg,,5,0,5,5,0,5,0,0,0,0,0
55523,OficialHSO,,3,0,3,3,0,3,0,0,0,0,0
55524,Mauricio__Luque,,3,0,3,3,0,3,0,0,0,0,0
55526,Cultura_RT,,3,0,3,3,0,3,0,0,0,0,0
55528,ogijarespmd,,2,0,2,2,0,2,0,0,0,0,6
55529,centroalbayzin,,3,0,3,3,0,3,0,0,0,0,4
55530,cpatriciadp,,3,0,3,3,0,3,0,0,0,0,0
55531,IdeasForGranada,,3,0,3,3,0,3,0,0,0,0,0
55532,ADR_Alpuj_Gran,,4,0,4,4,0,4,0,0,0,0,0
55533,ASOSGRA,,3,0,3,3,0,3,0,0,0,0,0
55535,ContradanzaG,,3,0,3,3,0,3,0,0,0,0,0
55536,GranadaEsencial,,2,0,2,2,0,2,0,0,0,0,0
55537,aceiteHA,,2,0,2,2,0,2,0,0,0,0,0
55538,LanjaronTurismo,,3,0,3,3,0,3,0,0,0,0,0
55539,PrensaDepGR,,3,0,3,3,0,3,0,0,0,0,0
55540,granadavanities,,3,0,3,3,0,3,0,0,0,0,0
55541,CGranadinos40,,3,0,3,3,0,3,0,0,0,0,6
55542,MonasterioOut,,3,0,3,3,0,3,0,0,0,0,6
55543,RestobarMandala,,3,0,3,3,0,3,0,0,0,0,0
55544,todoingranada,,2,0,2,2,0,2,0,0,0,0,0
55545,GranaEXPERIENCE,,3,0,3,3,0,3,0,0,0,0,4
55547,GRnoconforme,,3,0,3,3,0,3,0,0,0,0,6
55548,ACappayEspada,,3,0,3,3,0,3,0,0,0,0,0
55549,FJazzGranada,,3,0,3,3,0,3,0,0,0,0,0
55553,EasyGranada,,3,0,3,3,0,3,0,0,0,0,0
55554,Laalhambrainfo,,3,0,3,3,0,3,0,0,0,0,4
55555,Alhambraorg,,2,0,2,2,0,2,0,0,0,0,4
55556,AlhambraGranada,,3,0,3,3,0,3,0,0,0,0,0
55557,EntradaAlhambra,,3,0,3,3,0,3,0,0,0,0,0
55558,AlhambraEscuela,,2,0,2,2,0,2,0,0,0,0,0
55559,granadaviajera,,2,0,2,2,0,2,0,0,0,0,2
55560,granadinoses,,2,0,2,2,0,2,0,0,0,0,4
55561,medicosgranada,,3,0,3,3,0,3,0,0,0,0,6
55562,AMCullarVega,,3,0,3,3,0,3,0,0,0,0,0
55563,LaMimbreGranada,,3,0,3,3,0,3,0,0,0,0,0
55564,xandercamara,,2,0,2,2,0,2,0,0,0,0,0
55565,PatitofeoGr,,3,0,3,3,0,3,0,0,0,0,0
55566,veteranosGCF,,3,0,3,3,0,3,0,0,0,0,6
55568,RomanCallejon,,3,0,3,3,0,3,0,0,0,0,0
55569,EsquiCajaRural,,3,0,3,3,0,3,0,0,0,0,0
55570,BlancaNieveSki,,3,0,3,3,0,3,0,0,0,0,5
55571,SkiClubGranada,,3,0,3,3,0,3,0,0,0,0,0
55572,PodologoMalaga,,2,0,2,2,0,2,0,0,0,0,0
55573,IliberisSchool,,4,0,4,4,0,4,0,0,0,0,0
55574,noeliagomezm,,3,0,3,3,0,3,0,0,0,0,6
55575,AOVEAmargayPica,,3,0,3,3,0,3,0,0,0,0,0
55577,FGAutomovilesGr,,3,0,3,3,0,3,0,0,0,0,6
55579,Leopoldo_Rama,,2,0,2,2,0,2,0,0,0,0,6
55582,Grupo7Granada,,3,0,3,3,0,3,0,0,0,0,0
55584,HdadEscolapios,,3,0,3,3,0,3,0,0,0,0,0
55585,SantoSepulcroGR,,3,0,3,3,0,3,0,0,0,0,0
55586,Hdad_Alhambra,,3,0,3,3,0,3,0,0,0,0,0
55587,10kyoli,,2,0,2,2,0,2,0,0,0,0,0
55590,HdadDespojado,,3,0,3,3,0,3,0,0,0,0,0
55591,CautivoGranada,,3,0,3,3,0,3,0,0,0,0,0
55592,santacenagrana,,3,0,3,3,0,3,0,0,0,0,0
55593,PacienciayPenas,,4,0,4,4,0,4,0,0,0,0,0
55594,HuertoGranada,,4,0,4,4,0,4,0,0,0,0,0
55595,XtodeSanAgustin,,3,0,3,3,0,3,0,0,0,0,0
55596,RescateGranada,,4,0,4,4,0,4,0,0,0,0,0
55598,CD_Granada,,3,0,3,3,0,3,0,0,0,0,6
55601,SEPEAP,,2,0,2,2,0,2,0,0,0,0,0
55603,revistaPAP,,2,0,2,2,0,2,0,0,0,0,4
55607,aepediatria,,2,0,2,2,0,2,0,0,0,0,3
55622,AEMPSGOB,,2,0,2,2,0,2,0,0,0,0,5
55624,marromar62,,2,0,2,2,0,2,0,0,0,0,0
55625,ActaSanitaria,,2,0,2,2,0,2,0,0,0,0,5
55626,ElGlobalEs,,2,0,2,2,0,2,0,0,0,0,5
55627,anisalud,,2,0,2,2,0,2,0,0,0,0,0
55628,prsalud,,3,0,3,3,0,3,0,0,0,0,2
55629,ASaludDigital,,2,0,2,2,0,2,0,0,0,0,0
55630,AieSalud,,2,0,2,2,0,2,0,0,0,0,0
55632,comsalud,,2,0,2,2,0,2,0,0,0,0,5
55633,elmundosalud,,3,0,3,3,0,3,0,0,0,0,0
55634,infosalus_com,,3,0,3,3,0,3,0,0,0,0,2
55635,SaluDigital_es,,2,0,2,2,0,2,0,0,0,0,0
55638,efesalud,,3,0,3,3,0,3,0,0,0,0,2
55639,abc_salud,,2,0,2,2,0,2,0,0,0,0,0
55640,Running_es,,3,0,3,3,0,3,0,0,0,0,0
55642,canalsaludaldia,,3,0,3,3,0,3,0,0,0,0,0
55644,medical_press,,2,0,2,2,0,2,0,0,0,0,4
55649,foroatletismo,,2,0,2,2,0,2,0,0,0,0,0
55650,GradaSports,,2,0,2,2,0,2,0,0,0,0,6
55651,GranadaRFAF,,3,0,3,3,0,3,0,0,0,0,0
55652,Alhondiga17Gr,,2,0,2,2,0,2,0,0,0,0,0
55653,TablonDeportivo,,3,0,3,3,0,3,0,0,0,0,0
55654,PenaHuescar,,2,0,2,2,0,2,0,0,0,0,0
55657,greendok2U,,3,0,3,3,0,3,0,0,0,0,4
55658,TratiAgua,,2,0,2,2,0,2,0,0,0,0,0
55659,ABENZOARSCA,,2,0,2,2,0,2,0,0,0,0,0
55665,casaruralcadiz,,2,0,2,2,0,2,0,0,0,0,0
55671,CPodologosAndal,,2,0,2,2,0,2,0,0,0,0,0
55675,SNevada2017,,2,0,2,2,0,2,0,0,0,0,0
55676,SemanaPasionGr,,2,0,2,2,0,2,0,0,0,0,0
55677,MarquesadoZenet,,4,0,4,4,0,4,0,0,0,0,0
55678,LaCalahorra1512,,3,0,3,3,0,3,0,0,0,0,0
55679,FerreiraGRX,,4,0,4,4,0,4,0,0,0,0,0
55681,Salobrenabonita,,3,0,3,3,0,3,0,0,0,0,0
55682,IdealGuadix,,2,0,2,2,0,2,0,0,0,0,0
55683,radioguadix,,3,0,3,3,0,3,0,0,0,0,0
55684,IGN_Sismologia,,2,0,2,2,0,2,0,0,0,0,5
55685,nevadaterrace,,4,0,4,4,0,4,0,0,0,0,0
55686,RioSportSn,,4,0,4,4,0,4,0,0,0,0,0
55687,EoeSierraNevada,,3,0,3,3,0,3,0,0,0,0,0
55688,RadioMotril,,3,0,3,3,0,3,0,0,0,0,0
55689,radiobaza,,2,0,2,2,0,2,0,0,0,0,0
55691,senoriodenevada,,3,0,3,3,0,3,0,0,0,0,0
55713,lupeprismanews,,2,0,2,2,0,2,0,0,0,0,0
55714,Smart_Agrifood,,2,0,2,2,0,2,0,0,0,0,0
55715,SocEspRhbInfant,,2,0,2,2,0,2,0,0,0,0,0
55716,ConsultaLogope1,,2,0,2,2,0,2,0,0,0,0,0
55717,CARP_EBANISTERI,,2,0,2,2,0,2,0,0,0,0,0
55718,IntraMednet,,2,0,2,2,0,2,0,0,0,0,0
55719,franenergy84,,2,0,2,2,0,2,0,0,0,0,6
55720,educacion_on,,2,0,2,2,0,2,0,0,0,0,0
55721,Lcgaugr,,2,0,2,2,0,2,0,0,0,0,0
55722,AEFAsocial,,2,0,2,2,0,2,0,0,0,0,5
55723,JuanjoMorenoS,,2,0,2,2,0,2,0,0,0,0,0
55728,GranadaAnuncios,,2,0,2,2,0,2,0,0,0,0,0
55730,unpienlaluna,,2,0,2,2,0,2,0,0,0,0,0
55731,InfoPodologia,,2,0,2,2,0,2,0,0,0,0,0
55732,hazteoir,,3,0,3,3,0,3,0,0,0,0,6
55738,simaexpo,,3,0,3,3,0,3,0,0,0,0,1
55740,Gilmar_es,,3,0,3,3,0,3,0,0,0,0,1
55748,SandraGolpeA3TV,,2,0,2,2,0,2,0,0,0,0,2
55751,CaballeroGea,,2,0,2,2,0,2,0,0,0,0,4
55756,ArantxadelSol,,2,0,2,2,0,2,0,0,0,0,0
55757,Yolandamerengue,,2,0,2,2,0,2,0,0,0,0,0
55758,rnadalacademy,,2,0,2,2,0,2,0,0,0,0,0
55761,JuecesAJFV,,2,0,2,2,0,2,0,0,0,0,4
55763,chemadepablo,,2,0,2,2,0,2,0,0,0,0,0
55768,AguilarRevenga,,2,0,2,2,0,2,0,0,0,0,2
55769,PerezEspana,,2,0,2,2,0,2,0,0,0,0,4
55772,Victor_SDA,,2,0,2,2,0,2,0,0,0,0,5
55776,Alvaro_Zancajo,,2,0,2,2,0,2,0,0,0,0,5
55784,SarasolaKike,,3,0,3,3,0,3,0,0,0,0,4
55786,Perez_go,,2,0,2,2,0,2,0,0,0,0,0
55789,alandete,,2,0,2,2,0,2,0,0,0,0,0
55795,OnlyVikingos,,3,0,3,3,0,3,0,0,0,0,6
55796,CajaIngenieros,,3,0,3,3,0,3,0,0,0,0,6
55798,EstadoDAlarmaTV,,2,0,2,2,0,2,0,0,0,0,1
55808,BeltranPerezPP,,2,0,2,2,0,2,0,0,0,0,0
55811,JorgeBustos1,,2,0,2,2,0,2,0,0,0,0,8
55813,FerVerdasco,,2,0,2,2,0,2,0,0,0,0,0
55814,BertinOsborne,,2,0,2,2,0,2,0,0,0,0,2
55815,PoliciaMAD,,2,0,2,2,0,2,0,0,0,0,2
55816,BalEdmundo,,3,0,3,3,0,3,0,0,0,0,0
55817,joanmesquida62,,2,0,2,2,0,2,0,0,0,0,4
55818,Azpitarte,,4,0,4,4,0,4,0,0,0,0,0
55820,JesusEncinar,,2,0,2,2,0,2,0,0,0,0,4
55821,anarosaq,,3,0,3,3,0,3,0,0,0,0,0
55822,hugomanchon,,2,0,2,2,0,2,0,0,0,0,0
55823,FernandoFrnc,,3,0,3,3,0,3,0,0,0,0,4
55824,AlfonsoRojoPD,,2,0,2,2,0,2,0,0,0,0,5
55825,pedro_delrosal,,2,0,2,2,0,2,0,0,0,0,6
55832,SepinEditorial,,3,0,3,3,0,3,0,0,0,0,4
55833,uipan_asociacio,,2,0,2,2,0,2,0,0,0,0,4
55840,GranLunaGranada,,3,0,3,3,0,3,0,0,0,0,0
55841,chanihenares,,2,0,2,2,0,2,0,0,0,0,4
55843,alfreyes14,,2,0,2,2,0,2,0,0,0,0,6
55845,PabloMazCo,,2,0,2,2,0,2,0,0,0,0,1
55846,CiudadanoCaketv,,2,0,2,2,0,2,0,0,0,0,4
55851,lexnetjusticia,,3,0,3,3,0,3,0,0,0,0,4
55856,jaimeberenguer,,2,0,2,2,0,2,0,0,0,0,6
55859,ladycrocs,,2,0,2,2,0,2,0,0,0,0,0
55863,alfonso_ussia,,3,0,3,3,0,3,0,0,0,0,4
55864,JOSEMANUELSOTO1,,2,0,2,2,0,2,0,0,0,0,0
55865,crpandemonium,,2,0,2,2,0,2,0,0,0,0,8
55866,lsanz19,,2,0,2,2,0,2,0,0,0,0,0
55868,donni__69,,2,0,2,2,0,2,0,0,0,0,2
55872,PatriciaReyes_R,,3,0,3,3,0,3,0,0,0,0,5
55873,nachoprendes,,3,0,3,3,0,3,0,0,0,0,0
55874,Ignaciogoma,,2,0,2,2,0,2,0,0,0,0,4
55875,mcuenaca,,2,0,2,2,0,2,0,0,0,0,4
55876,FGomaL,,2,0,2,2,0,2,0,0,0,0,4
55878,janogarcia_,,2,0,2,2,0,2,0,0,0,0,0
55880,JosPastr,,3,0,3,3,0,3,0,0,0,0,1
55884,YenaliaHV,,3,0,3,3,0,3,0,0,0,0,0
55886,yoigoatarfe,,2,0,2,2,0,2,0,0,0,0,0
55888,LailaJimenez,,2,0,2,2,0,2,0,0,0,0,0
55889,carlosdavidgf,,2,0,2,2,0,2,0,0,0,0,6
55890,JcQuer,,2,0,2,2,0,2,0,0,0,0,4
55891,ICALBA_AB,,2,0,2,2,0,2,0,0,0,0,4
55893,ManuelMonerris,,2,0,2,2,0,2,0,0,0,0,0
55898,ICAMURoficial,,2,0,2,2,0,2,0,0,0,0,4
55899,ICAGuadalajara,,2,0,2,2,0,2,0,0,0,0,4
55900,icaba_tw,,2,0,2,2,0,2,0,0,0,0,4
55904,gabriker,,2,0,2,2,0,2,0,0,0,0,6
55908,DolorsMM,,2,0,2,2,0,2,0,0,0,0,6
55919,cakealatake,,2,0,2,2,0,2,0,0,0,0,0
55925,manumarlasca,,2,0,2,2,0,2,0,0,0,0,5
55929,eva_f_p,,2,0,2,2,0,2,0,0,0,0,6
55930,peinadoed,,2,0,2,2,0,2,0,0,0,0,0
55931,carlosferrersot,,3,0,3,3,0,3,0,0,0,0,4
55932,kastillo62,,2,0,2,2,0,2,0,0,0,0,2
55942,Inter_estellar,,2,0,2,2,0,2,0,0,0,0,1
55944,estiletes,,2,0,2,2,0,2,0,0,0,0,4
55945,dhevhi263,,2,0,2,2,0,2,0,0,0,0,3
55946,JM_AlonsoPuig,,2,0,2,2,0,2,0,0,0,0,4
55947,marianopostigo,,2,0,2,2,0,2,0,0,0,0,4
55951,projecteve1,,2,0,2,2,0,2,0,0,0,0,0
55953,ALevySoler,,2,0,2,2,0,2,0,0,0,0,0
55957,raqueltejero_,,2,0,2,2,0,2,0,0,0,0,0
55964,juangu66,,3,0,3,3,0,3,0,0,0,0,4
55970,enripalacios,,3,0,3,3,0,3,0,0,0,0,4
55972,sestivill,,2,0,2,2,0,2,0,0,0,0,0
55980,VW_es,,3,0,3,3,0,3,0,0,0,0,0
55985,fdlaguardia,,3,0,3,3,0,3,0,0,0,0,0
55992,alcaldepeligros,,2,0,2,2,0,2,0,0,0,0,0
55993,Ayto_Orgiva,,2,0,2,2,0,2,0,0,0,0,0
55994,Jason_Neubauer,,2,0,2,2,0,2,0,0,0,0,4
55995,micomuniweb,,2,0,2,2,0,2,0,0,0,0,4
55997,Madrid_Area,,2,0,2,2,0,2,0,0,0,0,0
56000,Geriatriamexico,,2,0,2,2,0,2,0,0,0,0,4
56001,LaLupaJudicial,,2,0,2,2,0,2,0,0,0,0,0
56005,AtalayaVirtual,,2,0,2,2,0,2,0,0,0,0,0
56009,MrLeonardKim,,2,0,2,2,0,2,0,0,0,0,2
56011,afremov_spain,,2,0,2,2,0,2,0,0,0,0,0
56013,ConexionTrabajo,,2,0,2,2,0,2,0,0,0,0,0
56016,JesusBanqueri,,3,0,3,3,0,3,0,0,0,0,0
56017,isidorianos,,2,0,2,2,0,2,0,0,0,0,4
56019,LagrimasDeDios,,2,0,2,2,0,2,0,0,0,0,4
56021,CancionesDeBea,,3,0,3,3,0,3,0,0,0,0,0
56023,SECCIF,,2,0,2,2,0,2,0,0,0,0,2
56024,StartupOle,,2,0,2,2,0,2,0,0,0,0,4
56027,cuervobest,,2,0,2,2,0,2,0,0,0,0,6
56028,Estevez_Fer,,2,0,2,2,0,2,0,0,0,0,6
56032,RedAbogacia,,3,0,3,3,0,3,0,0,0,0,4
56034,AlbertoBueno_,,3,0,3,3,0,3,0,0,0,0,0
56036,AlbSanchez86,,3,0,3,3,0,3,0,0,0,0,0
56039,abogaciaesmas,,2,0,2,2,0,2,0,0,0,0,4
56043,caaromr,,2,0,2,2,0,2,0,0,0,0,6
56047,PresidenciaCAF,,2,0,2,2,0,2,0,0,0,0,4
56048,CgcafeAaff,,2,0,2,2,0,2,0,0,0,0,4
56049,Afisecan,,2,0,2,2,0,2,0,0,0,0,4
56050,FeriaIntergift,,2,0,2,2,0,2,0,0,0,0,6
56053,sergiomartin,,2,0,2,2,0,2,0,0,0,0,2
56054,RaquelMtnez_tv,,3,0,3,3,0,3,0,0,0,0,2
56057,EstherVaqueroH,,2,0,2,2,0,2,0,0,0,0,2
56058,Fab_Discursos,,2,0,2,2,0,2,0,0,0,0,0
56059,udg_oficial,,3,0,3,3,0,3,0,0,0,0,4
56060,FILGuadalajara,,2,0,2,2,0,2,0,0,0,0,4
56063,EconomistJurist,,2,0,2,2,0,2,0,0,0,0,4
56064,LegalBono,,2,0,2,2,0,2,0,0,0,0,4
56065,AntonioRenom,,2,0,2,2,0,2,0,0,0,0,0
56066,Lecturalia,,3,0,3,3,0,3,0,0,0,0,2
56068,periodistas_es,,2,0,2,2,0,2,0,0,0,0,5
56070,Paloma_Diaz_,,2,0,2,2,0,2,0,0,0,0,2
56073,Marimorena13tv,,2,0,2,2,0,2,0,0,0,0,0
56074,elcomerciodigit,,2,0,2,2,0,2,0,0,0,0,4
56075,inmodiario,,2,0,2,2,0,2,0,0,0,0,0
56076,pepebernal,,2,0,2,2,0,2,0,0,0,0,6
56079,CNotarialCNA,,2,0,2,2,0,2,0,0,0,0,4
56080,Registrador_es,,3,0,3,3,0,3,0,0,0,0,4
56081,JoveAdvocacia,,2,0,2,2,0,2,0,0,0,0,4
56082,llop_cristina,,2,0,2,2,0,2,0,0,0,0,4
56084,GrandesMedios,,3,0,3,3,0,3,0,0,0,0,7
56085,sentencias_esp,,2,0,2,2,0,2,0,0,0,0,2
56088,AJA_Madrid,,2,0,2,2,0,2,0,0,0,0,4
56089,Alb_Cabello,,2,0,2,2,0,2,0,0,0,0,4
56090,leyespana,,2,0,2,2,0,2,0,0,0,0,2
56091,legalmeetings,,3,0,3,3,0,3,0,0,0,0,4
56094,juanmariagalan,,3,0,3,3,0,3,0,0,0,0,4
56095,CEAJ_abogacia,,2,0,2,2,0,2,0,0,0,0,4
56097,alumaasociacio1,,2,0,2,2,0,2,0,0,0,0,6
56098,vlex_es,,3,0,3,3,0,3,0,0,0,0,4
56099,WK_Legal,,3,0,3,3,0,3,0,0,0,0,4
56100,CMU_Garnata,,2,0,2,2,0,2,0,0,0,0,6
56101,HayDerecho,,2,0,2,2,0,2,0,0,0,0,4
56102,derechoenred,,2,0,2,2,0,2,0,0,0,0,2
56105,Fundamento_Jur,,2,0,2,2,0,2,0,0,0,0,4
56106,InformativoJ,,2,0,2,2,0,2,0,0,0,0,4
56107,Confilegal,,3,0,3,3,0,3,0,0,0,0,4
56109,mundodelabogado,,2,0,2,2,0,2,0,0,0,0,2
56112,ybarralespelu,,2,0,2,2,0,2,0,0,0,0,4
56113,NateMaingard,,3,0,3,3,0,3,0,0,0,0,2
56114,Tuiterricolas,,2,0,2,2,0,2,0,0,0,0,4
56115,ignacioblanco,,3,0,3,3,0,3,0,0,0,0,0
56117,bsemper,,3,0,3,3,0,3,0,0,0,0,4
56118,romerorestauran,,3,0,3,3,0,3,0,0,0,0,0
56124,CristinaSegui_,,2,0,2,2,0,2,0,0,0,0,0
56128,ElCorrectorDeTV,,2,0,2,2,0,2,0,0,0,0,5
56129,derechopractico,,2,0,2,2,0,2,0,0,0,0,4
56130,DerechoCOM,,3,0,3,3,0,3,0,0,0,0,3
56132,elAbogadoCOM,,2,0,2,2,0,2,0,0,0,0,4
56134,Camino__Nuevo,,2,0,2,2,0,2,0,0,0,0,4
56135,GESFORMACION,,2,0,2,2,0,2,0,0,0,0,6
56140,pabloaguilar34,,3,0,3,3,0,3,0,0,0,0,6
56141,rubenrochina23,,3,0,3,3,0,3,0,0,0,0,5
56142,apijimenez,,2,0,2,2,0,2,0,0,0,0,0
56143,partidazocope,,3,0,3,3,0,3,0,0,0,0,0
56147,Tatyllano,,2,0,2,2,0,2,0,0,0,0,4
56150,ChicuelinaGr,,2,0,2,2,0,2,0,0,0,0,0
56152,jsanchez06,,2,0,2,2,0,2,0,0,0,0,0
56153,esperanzaona,,2,0,2,2,0,2,0,0,0,0,0
56155,PepeCruz1735,,2,0,2,2,0,2,0,0,0,0,0
56157,ismaelquesada,,2,0,2,2,0,2,0,0,0,0,0
56158,ElCascabelTRECE,,3,0,3,3,0,3,0,0,0,0,4
56160,tonitj3,,3,0,3,3,0,3,0,0,0,0,0
56162,_IOSHOP_,,2,0,2,2,0,2,0,0,0,0,5
56163,BoomBoomRoomGRX,,3,0,3,3,0,3,0,0,0,0,6
56164,MarioMonforte,,3,0,3,3,0,3,0,0,0,0,4
56170,RiofrioCaviar,,3,0,3,3,0,3,0,0,0,0,0
56172,jaimenunezc,,2,0,2,2,0,2,0,0,0,0,0
56174,PacoAyala1,,3,0,3,3,0,3,0,0,0,0,0
56176,__Gamero,,2,0,2,2,0,2,0,0,0,0,0
56177,BPalmeras,,3,0,3,3,0,3,0,0,0,0,0
56179,villajosrodrigu,,2,0,2,2,0,2,0,0,0,0,6
56190,DaBrunoGroup,,2,0,2,2,0,2,0,0,0,0,0
56192,IsmaelNavas,,2,0,2,2,0,2,0,0,0,0,6
56193,inconformista75,,2,0,2,2,0,2,0,0,0,0,6
56194,taranteologie,,3,0,3,3,0,3,0,0,0,0,4
56202,Yolandarju,,3,0,3,3,0,3,0,0,0,0,4
56206,SandroFiorito,,3,0,3,3,0,3,0,0,0,0,4
56208,FrJavierLopez,,2,0,2,2,0,2,0,0,0,0,4
56212,Diana_Navarro,,3,0,3,3,0,3,0,0,0,0,0
56213,MAC_europa,,2,0,2,2,0,2,0,0,0,0,1
56217,Joseantonioleon,,2,0,2,2,0,2,0,0,0,0,2
56218,alonsogranada,,3,0,3,3,0,3,0,0,0,0,0
56222,olaseranyson,,3,0,3,3,0,3,0,0,0,0,0
56223,LAUDEGDE,,3,0,3,3,0,3,0,0,0,0,6
56227,LuisMCabello,,2,0,2,2,0,2,0,0,0,0,0
56229,jorgeavilam,,3,0,3,3,0,3,0,0,0,0,4
56233,LBDGazpacho,,2,0,2,2,0,2,0,0,0,0,6
56234,eriosferrer,,2,0,2,2,0,2,0,0,0,0,6
56238,AngelsWorldTour,,2,0,2,2,0,2,0,0,0,0,4
56241,jesusverdem,,2,0,2,2,0,2,0,0,0,0,4
56254,Tipster_JM,,2,0,2,2,0,2,0,0,0,0,6
56255,Zootropora,,3,0,3,3,0,3,0,0,0,0,6
56256,Decorapolis,,3,0,3,3,0,3,0,0,0,0,6
56258,5hotelsmoon,,2,0,2,2,0,2,0,0,0,0,6
56265,CGReformas,,2,0,2,2,0,2,0,0,0,0,6
56266,esmproducciones,,2,0,2,2,0,2,0,0,0,0,6
56288,AlbertoEl7,,2,0,2,2,0,2,0,0,0,0,6
56289,carlamarsal,,2,0,2,2,0,2,0,0,0,0,0
56295,maria6tata,,3,0,3,3,0,3,0,0,0,0,0
56308,sonuestroshijos,,3,0,3,3,0,3,0,0,0,0,4
56312,locambiotodo,,2,0,2,2,0,2,0,0,0,0,0
56315,orgiva1973,,2,0,2,2,0,2,0,0,0,0,0
56319,artexspain,,2,0,2,2,0,2,0,0,0,0,4
56321,PabloCimadevila,,2,0,2,2,0,2,0,0,0,0,5
56322,coquetteriee,,2,0,2,2,0,2,0,0,0,0,0
56327,mikgueva,,3,0,3,3,0,3,0,0,0,0,4
56352,treyptrsn,,2,0,2,2,0,2,0,0,0,0,4
56367,OrellanaOsorio,,2,0,2,2,0,2,0,0,0,0,0
56372,revolucion_an,,2,0,2,2,0,2,0,0,0,0,4
56377,FerMonitorGR,,2,0,2,2,0,2,0,0,0,0,0
56379,GuiaPapasMamas,,2,0,2,2,0,2,0,0,0,0,4
56387,origenescaterig,,2,0,2,2,0,2,0,0,0,0,4
56391,Ryanintheus,,2,0,2,2,0,2,0,0,0,0,2
56425,DavidDavvvvv,,2,0,2,2,0,2,0,0,0,0,0
56431,MRizaldos,,2,0,2,2,0,2,0,0,0,0,4
56432,elefectmariposa,,3,0,3,3,0,3,0,0,0,0,4
56441,santimoreda,,2,0,2,2,0,2,0,0,0,0,4
56442,arteHerramienta,,3,0,3,3,0,3,0,0,0,0,2
56446,CafeIsraki,,3,0,3,3,0,3,0,0,0,0,6
56452,IvanHN12,,2,0,2,2,0,2,0,0,0,0,6
56455,Marco_Agc,,3,0,3,3,0,3,0,0,0,0,2
56468,Crist_Oficial,,2,0,2,2,0,2,0,0,0,0,6
56473,formulaqeh4,,2,0,2,2,0,2,0,0,0,0,0
56478,anabelenszam,,2,0,2,2,0,2,0,0,0,0,4
56486,martuki84,,2,0,2,2,0,2,0,0,0,0,0
56487,jlmolinero01,,2,0,2,2,0,2,0,0,0,0,4
56490,Alexguimera,,2,0,2,2,0,2,0,0,0,0,4
56493,Chandeautor,,2,0,2,2,0,2,0,0,0,0,6
56495,DavidMattz,,3,0,3,3,0,3,0,0,0,0,0
56503,rafagarciacruz,,2,0,2,2,0,2,0,0,0,0,4
56515,BarBaruco,,3,0,3,3,0,3,0,0,0,0,0
56518,MORCISDRAG,,2,0,2,2,0,2,0,0,0,0,0
56527,AEPHTleon,,2,0,2,2,0,2,0,0,0,0,4
56539,huelvaocioypla1,,2,0,2,2,0,2,0,0,0,0,0
56541,iJuanmaOficial,,2,0,2,2,0,2,0,0,0,0,4
56542,Ofertazas2014,,2,0,2,2,0,2,0,0,0,0,0
56546,Torralba_11,,2,0,2,2,0,2,0,0,0,0,4
56554,emitoms,,3,0,3,3,0,3,0,0,0,0,2
56557,rociocalderonmz,,2,0,2,2,0,2,0,0,0,0,6
56559,chiky666,,2,0,2,2,0,2,0,0,0,0,5
56568,AnabelRedondo,,2,0,2,2,0,2,0,0,0,0,4
56580,travelinglens,,2,0,2,2,0,2,0,0,0,0,2
56582,hotelesHACE,,3,0,3,3,0,3,0,0,0,0,0
56585,Nievespolo,,3,0,3,3,0,3,0,0,0,0,0
56616,Frases_980,,2,0,2,2,0,2,0,0,0,0,1
56623,Meraryydel,,2,0,2,2,0,2,0,0,0,0,2
56651,PostreOriginal,,2,0,2,2,0,2,0,0,0,0,0
56654,CambridgeExecEd,,2,0,2,2,0,2,0,0,0,0,0
56656,sandraextrem,,2,0,2,2,0,2,0,0,0,0,0
56659,Fuentedellobo,,3,0,3,3,0,3,0,0,0,0,0
56660,Reddepersonas,,2,0,2,2,0,2,0,0,0,0,4
56663,RoshioGM2,,2,0,2,2,0,2,0,0,0,0,6
56668,PaulaGarrofe,,3,0,3,3,0,3,0,0,0,0,0
56673,HenzzoGonzalez,,3,0,3,3,0,3,0,0,0,0,4
56682,aridieguez,,2,0,2,2,0,2,0,0,0,0,7
56695,TheLuxonomist,,2,0,2,2,0,2,0,0,0,0,0
56697,snappybook,,3,0,3,3,0,3,0,0,0,0,4
56699,HolaCuore,,2,0,2,2,0,2,0,0,0,0,6
56702,felipelopez1978,,2,0,2,2,0,2,0,0,0,0,4
56717,cambioEnPositiv,,2,0,2,2,0,2,0,0,0,0,4
56719,fotYfra,,2,0,2,2,0,2,0,0,0,0,1
56745,Fernand0Ram0s,,2,0,2,2,0,2,0,0,0,0,4
56760,felisagonzalez6,,2,0,2,2,0,2,0,0,0,0,4
56767,LucaLuzmj6,,2,0,2,2,0,2,0,0,0,0,0
56785,VictorGarcia972,,2,0,2,2,0,2,0,0,0,0,4
56792,xanamuniellos,,2,0,2,2,0,2,0,0,0,0,1
56800,TeresaViejo,,3,0,3,3,0,3,0,0,0,0,6
56803,Crizarquitect,,3,0,3,3,0,3,0,0,0,0,6
56814,Heberlynda,,2,0,2,2,0,2,0,0,0,0,4
56815,J_aMartinezc,,2,0,2,2,0,2,0,0,0,0,6
56822,SentoSegarra,,2,0,2,2,0,2,0,0,0,0,0
56832,rosarioficial,,3,0,3,3,0,3,0,0,0,0,0
56833,torreBe,,3,0,3,3,0,3,0,0,0,0,5
56835,bebonitobcn,,2,0,2,2,0,2,0,0,0,0,0
56836,MaletasOriginal,,2,0,2,2,0,2,0,0,0,0,2
56849,offrecordnews,,2,0,2,2,0,2,0,0,0,0,5
56851,fanaddicto,,2,0,2,2,0,2,0,0,0,0,0
56854,ShowMikiMaka,,2,0,2,2,0,2,0,0,0,0,0
56863,hotelalbor,,2,0,2,2,0,2,0,0,0,0,4
56869,RestCucurucho,,2,0,2,2,0,2,0,0,0,0,6
56872,SuperPac_,,2,0,2,2,0,2,0,0,0,0,6
56876,arroaz70,,2,0,2,2,0,2,0,0,0,0,0
56885,Malaga_Sensual,,2,0,2,2,0,2,0,0,0,0,0
56901,EnveladosMush,,2,0,2,2,0,2,0,0,0,0,0
56908,RaulCuevas_,,2,0,2,2,0,2,0,0,0,0,4
56910,EmbutidosOnline,,3,0,3,3,0,3,0,0,0,0,4
56911,Equipo_Espin,,2,0,2,2,0,2,0,0,0,0,4
56913,Saboreandolavid,,2,0,2,2,0,2,0,0,0,0,4
56915,jfesparzamusic,,2,0,2,2,0,2,0,0,0,0,0
56921,AliciaEsnu,,2,0,2,2,0,2,0,0,0,0,4
56925,ATACADASG,,2,0,2,2,0,2,0,0,0,0,0
56935,DELMOTEX,,2,0,2,2,0,2,0,0,0,0,0
56936,GrillHouseBanus,,2,0,2,2,0,2,0,0,0,0,0
56938,JacquelineRLine,,3,0,3,3,0,3,0,0,0,0,4
56940,xelarual,,2,0,2,2,0,2,0,0,0,0,4
56946,25InmaRg,,2,0,2,2,0,2,0,0,0,0,0
56949,eurocesped,,3,0,3,3,0,3,0,0,0,0,4
56956,spacemenoficial,,2,0,2,2,0,2,0,0,0,0,0
56957,pakkoF,,2,0,2,2,0,2,0,0,0,0,4
56959,ittaGalicia,,2,0,2,2,0,2,0,0,0,0,4
56963,JohannaOrtiz_C,,2,0,2,2,0,2,0,0,0,0,6
56964,belanitas,,2,0,2,2,0,2,0,0,0,0,0
56967,Alorateresa,,2,0,2,2,0,2,0,0,0,0,0
56968,AE_ElPilar,,2,0,2,2,0,2,0,0,0,0,4
56970,rakela41,,2,0,2,2,0,2,0,0,0,0,0
56971,pmazadolset,,2,0,2,2,0,2,0,0,0,0,6
56972,anasr_90,,2,0,2,2,0,2,0,0,0,0,6
56974,JoseMaria_N,,2,0,2,2,0,2,0,0,0,0,4
56994,MontseSuarezA,,2,0,2,2,0,2,0,0,0,0,0
56995,PilarGGranja,,2,0,2,2,0,2,0,0,0,0,4
56999,LaTerribleLiz,,2,0,2,2,0,2,0,0,0,0,6
57000,qorso,,2,0,2,2,0,2,0,0,0,0,6
57007,rubenix,,2,0,2,2,0,2,0,0,0,0,0
57013,lacocinamalaga,,3,0,3,3,0,3,0,0,0,0,0
57017,Nodo23Com,,3,0,3,3,0,3,0,0,0,0,0
57021,GMotaa,,2,0,2,2,0,2,0,0,0,0,6
57022,carlitos_ozil10,,2,0,2,2,0,2,0,0,0,0,0
57024,legionespanola,,2,0,2,2,0,2,0,0,0,0,6
57025,rest_diagonal,,3,0,3,3,0,3,0,0,0,0,0
57026,MartinsGranada,,2,0,2,2,0,2,0,0,0,0,4
57027,nexusformacion,,2,0,2,2,0,2,0,0,0,0,0
57030,mireiacanalda_,,2,0,2,2,0,2,0,0,0,0,0
57032,GQSpain,,3,0,3,3,0,3,0,0,0,0,0
57036,clinicaplanas,,2,0,2,2,0,2,0,0,0,0,6
57038,buhoo_com,,2,0,2,2,0,2,0,0,0,0,1
57041,soloio_official,,3,0,3,3,0,3,0,0,0,0,0
57045,mariselcv,,3,0,3,3,0,3,0,0,0,0,4
57046,bymyheels,,2,0,2,2,0,2,0,0,0,0,4
57047,pinkermoda,,2,0,2,2,0,2,0,0,0,0,0
57048,SAGUSTINGOURMET,,3,0,3,3,0,3,0,0,0,0,0
57051,laSexta3,,3,0,3,3,0,3,0,0,0,0,0
57055,BeGlamourF1,,2,0,2,2,0,2,0,0,0,0,0
57056,flashmoda_TVE,,3,0,3,3,0,3,0,0,0,0,0
57059,SamuelEcijaDj,,2,0,2,2,0,2,0,0,0,0,6
57062,OficialBubion,,2,0,2,2,0,2,0,0,0,0,0
57066,IsabelDuran_,,2,0,2,2,0,2,0,0,0,0,5
57068,inofertas,,3,0,3,3,0,3,0,0,0,0,0
57074,Furla,,2,0,2,2,0,2,0,0,0,0,3
57077,UEDI,,3,0,3,3,0,3,0,0,0,0,6
57080,Palu_Adriana,,2,0,2,2,0,2,0,0,0,0,6
57082,AbogaciayDDHH,,3,0,3,3,0,3,0,0,0,0,4
57083,pubsananton,,3,0,3,3,0,3,0,0,0,0,6
57084,ZocodelSaln,,3,0,3,3,0,3,0,0,0,0,0
57086,HoyoPuente,,3,0,3,3,0,3,0,0,0,0,0
57090,justitonotario,,2,0,2,2,0,2,0,0,0,0,4
57091,fonsi_nieto,,3,0,3,3,0,3,0,0,0,0,6
57093,AdoradoreSRoja,,2,0,2,2,0,2,0,0,0,0,4
57096,MBFWMadrid,,3,0,3,3,0,3,0,0,0,0,2
57097,twiterospp,,3,0,3,3,0,3,0,0,0,0,6
57101,MarbellaCongres,,3,0,3,3,0,3,0,0,0,0,0
57104,ChrisKingRMusic,,3,0,3,3,0,3,0,0,0,0,0
57105,Mercedes_Rios,,2,0,2,2,0,2,0,0,0,0,0
57107,MrAlvaroSL,,2,0,2,2,0,2,0,0,0,0,2
57110,CfNyaAndalucia,,2,0,2,2,0,2,0,0,0,0,2
57111,BlogdelMarchese,,2,0,2,2,0,2,0,0,0,0,2
57113,ofertaesqui,,2,0,2,2,0,2,0,0,0,0,0
57114,eusilva,,3,0,3,3,0,3,0,0,0,0,1
57120,1sillaxamibolso,,3,0,3,3,0,3,0,0,0,0,4
57121,tiroapuerta_gra,,3,0,3,3,0,3,0,0,0,0,4
57122,discotecamango,,3,0,3,3,0,3,0,0,0,0,6
57126,IAM_TheRealBen,,3,0,3,3,0,3,0,0,0,0,6
57128,zbleumoon,,2,0,2,2,0,2,0,0,0,0,7
57129,TuHache,,2,0,2,2,0,2,0,0,0,0,0
57130,mariviromero,,3,0,3,3,0,3,0,0,0,0,6
57135,FixedOpsGenius,,3,0,3,3,0,3,0,0,0,0,7
57136,mkaplanPMP,,2,0,2,2,0,2,0,0,0,0,2
57137,eleno_sistemas,,2,0,2,2,0,2,0,0,0,0,0
57144,fMonteleon,,2,0,2,2,0,2,0,0,0,0,0
57147,controlesgrana,,3,0,3,3,0,3,0,0,0,0,0
57148,Sp_Vintage,,3,0,3,3,0,3,0,0,0,0,5
57153,AndaluciaNoche,,3,0,3,3,0,3,0,0,0,0,0
57154,salir_cordoba,,3,0,3,3,0,3,0,0,0,0,0
57155,max_rivc94,,2,0,2,2,0,2,0,0,0,0,3
57159,adrianaugarte10,,3,0,3,3,0,3,0,0,0,0,2
57161,damecaoba,,2,0,2,2,0,2,0,0,0,0,4
57167,pdiezfuego,,2,0,2,2,0,2,0,0,0,0,0
57176,MarbellaActiva,,2,0,2,2,0,2,0,0,0,0,0
57177,andresvelencoso,,3,0,3,3,0,3,0,0,0,0,1
57178,EducationHughes,,2,0,2,2,0,2,0,0,0,0,3
57179,curroflores1952,,3,0,3,3,0,3,0,0,0,0,4
57180,lanbrue,,4,0,4,4,0,4,0,0,0,0,0
57185,FredCuellar,,2,0,2,2,0,2,0,0,0,0,0
57186,SkipPrichard,,3,0,3,3,0,3,0,0,0,0,7
57188,revtrev,,2,0,2,2,0,2,0,0,0,0,2
57189,TedNguyen,,2,0,2,2,0,2,0,0,0,0,7
57190,nacho_jacob,,3,0,3,3,0,3,0,0,0,0,0
57193,iamdouglasi,,3,0,3,3,0,3,0,0,0,0,4
57194,miscitascelebre,,3,0,3,3,0,3,0,0,0,0,0
57196,TazasBordes,,2,0,2,2,0,2,0,0,0,0,5
57197,noelialopezv,,3,0,3,3,0,3,0,0,0,0,5
57199,MadridandMe_,,2,0,2,2,0,2,0,0,0,0,4
57200,Cocotto_es,,2,0,2,2,0,2,0,0,0,0,0
57203,unamamasudanola,,2,0,2,2,0,2,0,0,0,0,0
57205,marianogcpuebla,,4,0,4,4,0,4,0,0,0,0,6
57207,supervivientesm,,3,0,3,3,0,3,0,0,0,0,0
57208,criminologiacat,,2,0,2,2,0,2,0,0,0,0,4
57215,fifiros19,,2,0,2,2,0,2,0,0,0,0,0
57221,BlogMercadillos,,2,0,2,2,0,2,0,0,0,0,4
57224,maruxacastro,,3,0,3,3,0,3,0,0,0,0,0
57226,Modaes,,3,0,3,3,0,3,0,0,0,0,0
57227,RobertRamirezOf,,2,0,2,2,0,2,0,0,0,0,0
57230,TeatroDelSoho,,3,0,3,3,0,3,0,0,0,0,0
57231,AventuraAmazoni,,4,0,4,4,0,4,0,0,0,0,0
57232,nicepartyblog,,2,0,2,2,0,2,0,0,0,0,0
57234,DonCarlosResort,,2,0,2,2,0,2,0,0,0,0,0
57236,muelleuno,,3,0,3,3,0,3,0,0,0,0,4
57237,TendederodeAmy,,2,0,2,2,0,2,0,0,0,0,1
57241,derecho_unav,,3,0,3,3,0,3,0,0,0,0,4
57246,VanyOnTheRoad,,2,0,2,2,0,2,0,0,0,0,0
57247,McJuanManuel,,3,0,3,3,0,3,0,0,0,0,4
57249,GPreedin,,2,0,2,2,0,2,0,0,0,0,0
57250,Faimarbella,,2,0,2,2,0,2,0,0,0,0,4
57251,lanjaron91,,3,0,3,3,0,3,0,0,0,0,6
57253,Planeta_deporte,,3,0,3,3,0,3,0,0,0,0,1
57255,_sensacions,,2,0,2,2,0,2,0,0,0,0,4
57257,13_Pinto,,3,0,3,3,0,3,0,0,0,0,2
57258,AsambleaUGR,,3,0,3,3,0,3,0,0,0,0,0
57259,CalistaOne,,3,0,3,3,0,3,0,0,0,0,0
57262,BodasconEstilo,,2,0,2,2,0,2,0,0,0,0,0
57263,AnonityBlog,,2,0,2,2,0,2,0,0,0,0,6
57264,Ttipsx,,4,0,4,4,0,4,0,0,0,0,0
57265,maratorres_,,3,0,3,3,0,3,0,0,0,0,4
57271,carlosmr85,,2,0,2,2,0,2,0,0,0,0,4
57275,deportistassupl,,2,0,2,2,0,2,0,0,0,0,5
57276,anav4394,,2,0,2,2,0,2,0,0,0,0,0
57278,robervigo,,2,0,2,2,0,2,0,0,0,0,5
57280,TRECE_es,,3,0,3,3,0,3,0,0,0,0,5
57281,SvgVega,,2,0,2,2,0,2,0,0,0,0,0
57282,JaimeSotoMuoz1,,2,0,2,2,0,2,0,0,0,0,6
57286,bodaguia,,2,0,2,2,0,2,0,0,0,0,0
57289,luxonomy,,2,0,2,2,0,2,0,0,0,0,4
57291,MichaelKors,,3,0,3,3,0,3,0,0,0,0,2
57293,susanalopez854,,2,0,2,2,0,2,0,0,0,0,6
57294,GranadaMTBiker,,2,0,2,2,0,2,0,0,0,0,0
57298,franxluxna,,2,0,2,2,0,2,0,0,0,0,0
57300,Patri_Psicologa,,3,0,3,3,0,3,0,0,0,0,6
57301,JovAbogados,,3,0,3,3,0,3,0,0,0,0,4
57304,NotisJuridicas,,3,0,3,3,0,3,0,0,0,0,4
57305,Abogadosjvenes,,2,0,2,2,0,2,0,0,0,0,0
57307,Josele_Carballo,,2,0,2,2,0,2,0,0,0,0,6
57318,Mariatoul_,,2,0,2,2,0,2,0,0,0,0,0
57321,DaniOsorio78,,2,0,2,2,0,2,0,0,0,0,6
57323,AANGELIYAA,,2,0,2,2,0,2,0,0,0,0,6
57326,_GranadaCf_,,2,0,2,2,0,2,0,0,0,0,0
57327,granada_sanremo,,2,0,2,2,0,2,0,0,0,0,0
57328,PostureoYo10,,3,0,3,3,0,3,0,0,0,0,1
57330,Siempregranada,,3,0,3,3,0,3,0,0,0,0,0
57331,HOTELOSANGELES,,2,0,2,2,0,2,0,0,0,0,0
57334,PPAlbolote,,3,0,3,3,0,3,0,0,0,0,0
57338,vanessa_rg_7,,2,0,2,2,0,2,0,0,0,0,6
57340,GranadaCFB,,3,0,3,3,0,3,0,0,0,0,0
57342,LaGaleriaCopas,,3,0,3,3,0,3,0,0,0,0,6
57343,BePenalver,,3,0,3,3,0,3,0,0,0,0,4
57344,asadorcurro,,2,0,2,2,0,2,0,0,0,0,0
57348,Granada__CF,,3,0,3,3,0,3,0,0,0,0,0
57350,ortografiaYa,,3,0,3,3,0,3,0,0,0,0,2
57351,GranadaNautico,,2,0,2,2,0,2,0,0,0,0,0
57355,luxury_marbella,,2,0,2,2,0,2,0,0,0,0,0
57356,MarbellaAndaluz,,2,0,2,2,0,2,0,0,0,0,0
57358,GranadaCFPubli,,3,0,3,3,0,3,0,0,0,0,6
57364,marbella_vips,,2,0,2,2,0,2,0,0,0,0,0
57365,isacheito,,2,0,2,2,0,2,0,0,0,0,4
57369,NikkiBeachMarb,,3,0,3,3,0,3,0,0,0,0,0
57370,massimodutti,,3,0,3,3,0,3,0,0,0,0,4
57371,santirepublican,,2,0,2,2,0,2,0,0,0,0,0
57373,vblume,,2,0,2,2,0,2,0,0,0,0,0
57374,Seccionkolokon_,,2,0,2,2,0,2,0,0,0,0,0
57375,baresgranada,,4,0,4,4,0,4,0,0,0,0,0
57376,CarmGmez,,3,0,3,3,0,3,0,0,0,0,6
57379,TiscarG,,2,0,2,2,0,2,0,0,0,0,0
57382,cdcortijoaire,,2,0,2,2,0,2,0,0,0,0,0
57383,Casetaroneo,,2,0,2,2,0,2,0,0,0,0,0
57384,morenilla78,,2,0,2,2,0,2,0,0,0,0,0
57390,ClupikSport,,2,0,2,2,0,2,0,0,0,0,2
57391,carambirubi_GR,,4,0,4,4,0,4,0,0,0,0,6
57392,themarcjacobs,,3,0,3,3,0,3,0,0,0,0,2
57394,SergioCanales,,3,0,3,3,0,3,0,0,0,0,5
57395,GranainaFeria,,2,0,2,2,0,2,0,0,0,0,5
57396,SanchezHogar,,2,0,2,2,0,2,0,0,0,0,0
57409,Davisette,,2,0,2,2,0,2,0,0,0,0,0
57415,JuananFox,,2,0,2,2,0,2,0,0,0,0,0
57416,enehas_,,3,0,3,3,0,3,0,0,0,0,0
57417,_javiercardenas,,3,0,3,3,0,3,0,0,0,0,5
57418,Lucenafans,,3,0,3,3,0,3,0,0,0,0,6
57419,martidama,,3,0,3,3,0,3,0,0,0,0,0
57420,facpgranada,,3,0,3,3,0,3,0,0,0,0,0
57422,PorPetenerasGr,,3,0,3,3,0,3,0,0,0,0,0
57424,andalnet,,3,0,3,3,0,3,0,0,0,0,0
57425,JuananPuntoNet,,2,0,2,2,0,2,0,0,0,0,0
57429,martinakleinpro,,3,0,3,3,0,3,0,0,0,0,0
57430,Notarios_ES,,3,0,3,3,0,3,0,0,0,0,4
57431,Jeffypunto,,2,0,2,2,0,2,0,0,0,0,4
57432,InformerDerecho,,3,0,3,3,0,3,0,0,0,0,6
57433,derechocultura,,2,0,2,2,0,2,0,0,0,0,0
57436,bimbasecas,,3,0,3,3,0,3,0,0,0,0,5
57439,inesmmartin,,2,0,2,2,0,2,0,0,0,0,4
57454,m8arteta,,2,0,2,2,0,2,0,0,0,0,2
57456,devotaylomba,,2,0,2,2,0,2,0,0,0,0,0
57459,lamacope,,3,0,3,3,0,3,0,0,0,0,5
57460,_MarioVaquerizo,,3,0,3,3,0,3,0,0,0,0,5
57462,DeIureNoticias,,3,0,3,3,0,3,0,0,0,0,4
57465,rutadelazafran,,2,0,2,2,0,2,0,0,0,0,0
57466,actanotarial,,3,0,3,3,0,3,0,0,0,0,0
57467,Mundocuadrogr,,4,0,4,4,0,4,0,0,0,0,6
57469,atorrem,,4,0,4,4,0,4,0,0,0,0,0
57470,TR_ESP,,2,0,2,2,0,2,0,0,0,0,4
57471,SemSantaGranada,,3,0,3,3,0,3,0,0,0,0,0
57472,MManuelVillegas,,3,0,3,3,0,3,0,0,0,0,0
57475,jlsevilla1,,3,0,3,3,0,3,0,0,0,0,0
57477,ValeroMota,,2,0,2,2,0,2,0,0,0,0,2
57478,jorgeguarderas,,2,0,2,2,0,2,0,0,0,0,0
57479,JCFernandezCrem,,2,0,2,2,0,2,0,0,0,0,0
57481,piluhurtado,,2,0,2,2,0,2,0,0,0,0,6
57484,alfonsomerlos,,3,0,3,3,0,3,0,0,0,0,5
57485,jzenemig,,2,0,2,2,0,2,0,0,0,0,0
57486,RafillaMorales,,2,0,2,2,0,2,0,0,0,0,6
57488,albertolaracaba,,2,0,2,2,0,2,0,0,0,0,6
57489,rafaaviles1,,2,0,2,2,0,2,0,0,0,0,0
57491,dani_daniel82,,2,0,2,2,0,2,0,0,0,0,0
57492,lunettaonline,,4,0,4,4,0,4,0,0,0,0,0
57494,CapitanCalanha,,3,0,3,3,0,3,0,0,0,0,0
57496,ropadilla77,,2,0,2,2,0,2,0,0,0,0,6
57497,blancamar83,,3,0,3,3,0,3,0,0,0,0,6
57498,jaguadof,,3,0,3,3,0,3,0,0,0,0,0
57500,falinais,,2,0,2,2,0,2,0,0,0,0,0
57501,molinavillegas,,2,0,2,2,0,2,0,0,0,0,6
57505,nnggGranada,,3,0,3,3,0,3,0,0,0,0,0
57506,Jesus_deHaro,,2,0,2,2,0,2,0,0,0,0,6
57508,BarronAngel,,2,0,2,2,0,2,0,0,0,0,0
57511,MjBarrancos,,3,0,3,3,0,3,0,0,0,0,6
57512,CapillaJavi,,2,0,2,2,0,2,0,0,0,0,6
57515,taniamariafdez,,2,0,2,2,0,2,0,0,0,0,4
57517,lorenzomila,,3,0,3,3,0,3,0,0,0,0,4
57518,vickymberrocal,,3,0,3,3,0,3,0,0,0,0,4
57523,Aldarasb,,2,0,2,2,0,2,0,0,0,0,6
57525,isaaamont,,2,0,2,2,0,2,0,0,0,0,6
57526,elroneoo,,4,0,4,4,0,4,0,0,0,0,0
57527,VictorMPortela,,2,0,2,2,0,2,0,0,0,0,0
57529,FatimillaMora,,2,0,2,2,0,2,0,0,0,0,0
57532,sevillajordi,,2,0,2,2,0,2,0,0,0,0,0
57534,JoseReyes_19,,2,0,2,2,0,2,0,0,0,0,0
57547,jmparejo2020,,2,0,2,2,0,2,0,0,0,0,6
57555,CarlosZurita8,,2,0,2,2,0,2,0,0,0,0,0
57556,samantavillar,,4,0,4,4,0,4,0,0,0,0,4
57557,BarLunaPeligros,,3,0,3,3,0,3,0,0,0,0,6
57558,taliatalg,,2,0,2,2,0,2,0,0,0,0,0
57560,mluna90,,3,0,3,3,0,3,0,0,0,0,6
57561,8JULENGUERRERO,,2,0,2,2,0,2,0,0,0,0,6
57563,JMManzanares,,3,0,3,3,0,3,0,0,0,0,0
57565,Cynthia_SB,,2,0,2,2,0,2,0,0,0,0,0
57566,fcasadoc,,2,0,2,2,0,2,0,0,0,0,6
57567,sguasch,,3,0,3,3,0,3,0,0,0,0,5
57568,JuanraLucas,,3,0,3,3,0,3,0,0,0,0,4
57569,chemitamartinez,,3,0,3,3,0,3,0,0,0,0,0
57570,ccarnicero,,3,0,3,3,0,3,0,0,0,0,0
57572,beacortazar20,,2,0,2,2,0,2,0,0,0,0,6
57573,josemariainigo,,3,0,3,3,0,3,0,0,0,0,0
57574,Carmen_Lomana,,3,0,3,3,0,3,0,0,0,0,5
57575,PaulaVazquezTV,,3,0,3,3,0,3,0,0,0,0,0
57576,jrdelamorena,,3,0,3,3,0,3,0,0,0,0,5
57577,AS_Relano,,3,0,3,3,0,3,0,0,0,0,2
57579,FelixSanBa,,2,0,2,2,0,2,0,0,0,0,0
57600,UEenColombia,,2,0,2,2,0,2,0,0,0,0,7
57608,alvez_amaya,,2,0,2,2,0,2,0,0,0,0,2
57662,ICPColombia,,2,0,2,2,0,2,0,0,0,0,2
57677,IsaCalderonPB,,2,0,2,2,0,2,0,0,0,0,2
57728,CPenalistas,,2,0,2,2,0,2,0,0,0,0,2
57735,hoyesarte_com,,3,0,3,3,0,3,0,0,0,0,2
57739,OscarALizarazo,,2,0,2,2,0,2,0,0,0,0,6
57757,museodantioquia,,2,0,2,2,0,2,0,0,0,0,2
57764,OAS_official,,3,0,3,3,0,3,0,0,0,0,2
57770,TeatroEspanol,,3,0,3,3,0,3,0,0,0,0,2
57775,Bbennettardon,,2,0,2,2,0,2,0,0,0,0,2
57776,TEATROCLASICO,,3,0,3,3,0,3,0,0,0,0,0
57780,MistralS,,3,0,3,3,0,3,0,0,0,0,2
57781,BrunaHusky,,2,0,2,2,0,2,0,0,0,0,2
57782,ElviraLindo,,4,0,4,4,0,4,0,0,0,0,0
57784,danijmeyer,,2,0,2,2,0,2,0,0,0,0,4
57791,peparusoficial,,2,0,2,2,0,2,0,0,0,0,0
57792,MirenIbarguren,,3,0,3,3,0,3,0,0,0,0,2
57795,javiergutialva,,2,0,2,2,0,2,0,0,0,0,2
57797,teatrenacional,,3,0,3,3,0,3,0,0,0,0,0
57804,esterbellver,,2,0,2,2,0,2,0,0,0,0,0
57812,AnagramaEditor,,3,0,3,3,0,3,0,0,0,0,1
57813,LibrosAsteroide,,2,0,2,2,0,2,0,0,0,0,4
57814,Erratanaturae,,2,0,2,2,0,2,0,0,0,0,4
57815,Capitan_Swing,,2,0,2,2,0,2,0,0,0,0,4
57816,PeioHR,,2,0,2,2,0,2,0,0,0,0,4
57817,LaFallaras,,3,0,3,3,0,3,0,0,0,0,2
57824,metmuseum,,4,0,4,4,0,4,0,0,0,0,2
57825,Guggenheim,,4,0,4,4,0,4,0,0,0,0,2
57826,whitneymuseum,,3,0,3,3,0,3,0,0,0,0,4
57832,GallicaBnF,,2,0,2,2,0,2,0,0,0,0,1
57834,MuseeOrangerie,,2,0,2,2,0,2,0,0,0,0,6
57845,Museo_Lazaro,,3,0,3,3,0,3,0,0,0,0,0
57846,musacmuseo,,3,0,3,3,0,3,0,0,0,0,4
57847,CondeDuqueMAD,,2,0,2,2,0,2,0,0,0,0,6
57848,babelia_elpais,,3,0,3,3,0,3,0,0,0,0,2
57849,FeriaArco,,3,0,3,3,0,3,0,0,0,0,0
57850,MuseoSorolla,,3,0,3,3,0,3,0,0,0,0,0
57851,Madrid_Cultura,,3,0,3,3,0,3,0,0,0,0,4
57852,abc_cultura,,3,0,3,3,0,3,0,0,0,0,1
57853,TeatrosCanal,,3,0,3,3,0,3,0,0,0,0,4
57854,centrocentro,,4,0,4,4,0,4,0,0,0,0,2
57855,FCJS_URJC,,3,0,3,3,0,3,0,0,0,0,4
57856,casamerica,,3,0,3,3,0,3,0,0,0,0,0
57866,_OIET_,,2,0,2,2,0,2,0,0,0,0,2
57875,KASiusLA,,2,0,2,2,0,2,0,0,0,0,1
57949,USPEC_Colombia,,2,0,2,2,0,2,0,0,0,0,2
57969,HildaTellezL,,2,0,2,2,0,2,0,0,0,0,2
57976,EnvoyeSpecial,,2,0,2,2,0,2,0,0,0,0,2
57977,TV5MONDE,,3,0,3,3,0,3,0,0,0,0,6
57988,ucl,,3,0,3,3,0,3,0,0,0,0,4
58029,briciosegovia,,2,0,2,2,0,2,0,0,0,0,2
58035,marcevalenciar,,2,0,2,2,0,2,0,0,0,0,2
58039,FIIAPP,,3,0,3,3,0,3,0,0,0,0,2
58040,JMVivancoHRW,,3,0,3,3,0,3,0,0,0,0,2
58062,ginnamorelo,,2,0,2,2,0,2,0,0,0,0,1
58066,WSJLawNews,,3,0,3,3,0,3,0,0,0,0,3
58068,AmericanLawyer,,2,0,2,2,0,2,0,0,0,0,2
58075,FranciscoBurgoa,,2,0,2,2,0,2,0,0,0,0,2
58076,nytopinion,,2,0,2,2,0,2,0,0,0,0,2
58090,AntanasMockus,,2,0,2,2,0,2,0,0,0,0,0
58093,EditorialTrotta,,2,0,2,2,0,2,0,0,0,0,2
58100,prodavinci,,2,0,2,2,0,2,0,0,0,0,2
58110,NuevoForoPenal,,2,0,2,2,0,2,0,0,0,0,2
58124,FordFoundation,,4,0,4,4,0,4,0,0,0,0,1
58125,OSFJustice,,2,0,2,2,0,2,0,0,0,0,1
58127,MartinSantosR,,2,0,2,2,0,2,0,0,0,0,2
58146,malpensante,,2,0,2,2,0,2,0,0,0,0,2
58158,SenalColombia,,2,0,2,2,0,2,0,0,0,0,2
58172,RadNalCo,,2,0,2,2,0,2,0,0,0,0,2
58175,JuanManSantos,,3,0,3,3,0,3,0,0,0,0,2
58186,mincultura,,2,0,2,2,0,2,0,0,0,0,2
58195,revista_dc,,2,0,2,2,0,2,0,0,0,0,0
58261,MKamilaC,,2,0,2,2,0,2,0,0,0,0,2
58265,revista_derecho,,2,0,2,2,0,2,0,0,0,0,2
58278,CancilleriaCol,,2,0,2,2,0,2,0,0,0,0,2
58284,EsMemorable,,2,0,2,2,0,2,0,0,0,0,2
58307,Uniandes,,2,0,2,2,0,2,0,0,0,0,2
58326,GdnLaw,,2,0,2,2,0,2,0,0,0,0,2
58330,TSL_Tweets,,2,0,2,2,0,2,0,0,0,0,7
58364,justiceforyouth,,2,0,2,2,0,2,0,0,0,0,2
58380,GeorgiaStateU,,2,0,2,2,0,2,0,0,0,0,3
58384,KenRoth,,2,0,2,2,0,2,0,0,0,0,2
58391,Channel4News,,4,0,4,4,0,4,0,0,0,0,1
58392,itvnews,,4,0,4,4,0,4,0,0,0,0,2
58393,MailOnline,,3,0,3,3,0,3,0,0,0,0,2
58394,ifrc,,4,0,4,4,0,4,0,0,0,0,2
58395,ICRC,,5,0,5,5,0,5,0,0,0,0,8
58396,RedCross,,5,0,5,5,0,5,0,0,0,0,8
58401,FAOAmericas,,2,0,2,2,0,2,0,0,0,0,2
58413,FundarMexico,,2,0,2,2,0,2,0,0,0,0,2
58419,RodriguezGladys,,2,0,2,2,0,2,0,0,0,0,2
58422,unasur,,3,0,3,3,0,3,0,0,0,0,2
58423,IMDHyD,,2,0,2,2,0,2,0,0,0,0,2
58424,IIDHoficial,,2,0,2,2,0,2,0,0,0,0,2
58443,Slatefr,,3,0,3,3,0,3,0,0,0,0,8
58444,LeHuffPost,,3,0,3,3,0,3,0,0,0,0,8
58445,CNEWS,,3,0,3,3,0,3,0,0,0,0,8
58461,USEmbassyBurma,,2,0,2,2,0,2,0,0,0,0,2
58474,MoJGovUK,,2,0,2,2,0,2,0,0,0,0,2
58484,CapitalGroup,,2,0,2,2,0,2,0,0,0,0,2
58486,nyulaw,,2,0,2,2,0,2,0,0,0,0,2
58487,StanfordLaw,,2,0,2,2,0,2,0,0,0,0,2
58497,ChicagoKentLaw,,2,0,2,2,0,2,0,0,0,0,2
58515,usflaw,,2,0,2,2,0,2,0,0,0,0,2
58516,UCHastingsLaw,,2,0,2,2,0,2,0,0,0,0,2
58517,CUNYLaw,,2,0,2,2,0,2,0,0,0,0,2
58520,LoyolaLawSchool,,2,0,2,2,0,2,0,0,0,0,2
58523,UWSchoolofLaw,,3,0,3,3,0,3,0,0,0,0,1
58525,BaylorLawSchool,,2,0,2,2,0,2,0,0,0,0,2
58526,CornellLaw,,3,0,3,3,0,3,0,0,0,0,1
58527,ColumbiaLaw,,3,0,3,3,0,3,0,0,0,0,1
58536,UMichLaw,,2,0,2,2,0,2,0,0,0,0,1
58537,UVALaw,,2,0,2,2,0,2,0,0,0,0,1
58538,UChicagoLaw,,2,0,2,2,0,2,0,0,0,0,2
58539,GeorgetownLaw,,2,0,2,2,0,2,0,0,0,0,2
58540,YaleLawSch,,3,0,3,3,0,3,0,0,0,0,1
58548,judicaturacsj,,2,0,2,2,0,2,0,0,0,0,2
58550,INPEC_Colombia,,2,0,2,2,0,2,0,0,0,0,2
58551,ACNURamericas,,2,0,2,2,0,2,0,0,0,0,4
58556,APEC,,2,0,2,2,0,2,0,0,0,0,2
58557,ADB_HQ,,3,0,3,3,0,3,0,0,0,0,2
58560,ArcticCouncil,,2,0,2,2,0,2,0,0,0,0,1
58562,AgendaCAF,,2,0,2,2,0,2,0,0,0,0,2
58564,ComunidadAndina,,2,0,2,2,0,2,0,0,0,0,2
58565,CARICOMorg,,2,0,2,2,0,2,0,0,0,0,2
58569,ECA_OFFICIAL,,2,0,2,2,0,2,0,0,0,0,1
58571,UNESCAP,,3,0,3,3,0,3,0,0,0,0,1
58575,CNSCColombia,,2,0,2,2,0,2,0,0,0,0,2
58576,CLAD_Org,,2,0,2,2,0,2,0,0,0,0,2
58577,iocmedia,,3,0,3,3,0,3,0,0,0,0,2
58578,commonwealthsec,,2,0,2,2,0,2,0,0,0,0,1
58579,CBSSsecretariat,,3,0,3,3,0,3,0,0,0,0,1
58580,UNFPA,,3,0,3,3,0,3,0,0,0,0,1
58581,GlobalFundWomen,,2,0,2,2,0,2,0,0,0,0,2
58582,giz_gmbh,,2,0,2,2,0,2,0,0,0,0,1
58584,IATA,,3,0,3,3,0,3,0,0,0,0,7
58588,imarabe,,2,0,2,2,0,2,0,0,0,0,2
58590,save_children,,2,0,2,2,0,2,0,0,0,0,2
58594,WIPO,,3,0,3,3,0,3,0,0,0,0,2
58595,OPCW,,2,0,2,2,0,2,0,0,0,0,2
58599,WFP_es,,2,0,2,2,0,2,0,0,0,0,2
58601,South_Centre,,2,0,2,2,0,2,0,0,0,0,2
58602,anticorruption,,4,0,4,4,0,4,0,0,0,0,8
58603,IPUparliament,,2,0,2,2,0,2,0,0,0,0,2
58604,ITU,,3,0,3,3,0,3,0,0,0,0,2
58605,UNECE,,2,0,2,2,0,2,0,0,0,0,1
58606,UNICRI,,2,0,2,2,0,2,0,0,0,0,2
58607,UNIDO,,3,0,3,3,0,3,0,0,0,0,1
58608,UNITAR,,2,0,2,2,0,2,0,0,0,0,1
58610,UNOOSA,,3,0,3,3,0,3,0,0,0,0,1
58613,cijudicial,,2,0,2,2,0,2,0,0,0,0,2
58614,TSJ_Venezuela,,2,0,2,2,0,2,0,0,0,0,2
58626,ramajudicialpr,,2,0,2,2,0,2,0,0,0,0,4
58657,AUWCL,,3,0,3,3,0,3,0,0,0,0,2
58662,EmoryUniversity,,3,0,3,3,0,3,0,0,0,0,7
58663,GeorgiaTech,,3,0,3,3,0,3,0,0,0,0,5
58679,UKSupremeCourt,,2,0,2,2,0,2,0,0,0,0,2
58684,EP_Budgets,,4,0,4,4,0,4,0,0,0,0,1
58685,EP_BudgControl,,4,0,4,4,0,4,0,0,0,0,1
58686,EPInstitutional,,4,0,4,4,0,4,0,0,0,0,1
58687,mbellasartes,,4,0,4,4,0,4,0,0,0,0,2
58688,muac_unam,,3,0,3,3,0,3,0,0,0,0,2
58689,LibreriasGandhi,,2,0,2,2,0,2,0,0,0,0,2
58690,CinetecaMexico,,3,0,3,3,0,3,0,0,0,0,2
58691,CulturaUNAM,,3,0,3,3,0,3,0,0,0,0,2
58697,MinjusticiaCo,,2,0,2,2,0,2,0,0,0,0,2
58713,DanielSamperO,,2,0,2,2,0,2,0,0,0,0,2
58715,confidencialcol,,2,0,2,2,0,2,0,0,0,0,0
58716,DCoronell,,2,0,2,2,0,2,0,0,0,0,2
58719,FiscaliaCol,,2,0,2,2,0,2,0,0,0,0,2
58725,LeonVaLenciaA,,2,0,2,2,0,2,0,0,0,0,2
58729,UNAM_MX,,3,0,3,3,0,3,0,0,0,0,4
58731,PrensaUN,,3,0,3,3,0,3,0,0,0,0,1
58733,lasillavacia,,2,0,2,2,0,2,0,0,0,0,2
58740,univienna,,3,0,3,3,0,3,0,0,0,0,4
58745,LeidenSocial,,3,0,3,3,0,3,0,0,0,0,2
58791,MouradTeyeb,,2,0,2,2,0,2,0,0,0,0,8
58826,ElliottSchoolGW,,3,0,3,3,0,3,0,0,0,0,1
58829,BrookingsFP,,2,0,2,2,0,2,0,0,0,0,8
58837,TnPresidency,,2,0,2,2,0,2,0,0,0,0,8
58842,williamandmary,,2,0,2,2,0,2,0,0,0,0,3
58856,EyesAbroad,,2,0,2,2,0,2,0,0,0,0,8
58901,sh_grewal,,2,0,2,2,0,2,0,0,0,0,3
58909,TamimBarghouti,,2,0,2,2,0,2,0,0,0,0,5
58917,TimepDC,,2,0,2,2,0,2,0,0,0,0,8
58922,afrobarometer,,2,0,2,2,0,2,0,0,0,0,8
58923,meriponline,,2,0,2,2,0,2,0,0,0,0,1
58937,StanfordCDDRL,,2,0,2,2,0,2,0,0,0,0,8
58955,NotreDame,,2,0,2,2,0,2,0,0,0,0,8
58956,WashInstitute,,2,0,2,2,0,2,0,0,0,0,8
58957,paulbloomatyale,,2,0,2,2,0,2,0,0,0,0,8
58959,MaxGallien,,2,0,2,2,0,2,0,0,0,0,3
58960,CH_MENAP,,3,0,3,3,0,3,0,0,0,0,1
58971,HajdeFR,,2,0,2,2,0,2,0,0,0,0,1
58978,Dominik_Brenner,,2,0,2,2,0,2,0,0,0,0,1
58995,MiddleEastInst,,3,0,3,3,0,3,0,0,0,0,8
58998,EllieGeranmayeh,,3,0,3,3,0,3,0,0,0,0,8
59001,CarnegieMEC,,3,0,3,3,0,3,0,0,0,0,8
59011,Michal_Bilewicz,,2,0,2,2,0,2,0,0,0,0,1
59014,bartekpytlas,,2,0,2,2,0,2,0,0,0,0,8
59022,POMED,,2,0,2,2,0,2,0,0,0,0,8
59026,V_MatthiesBoon,,2,0,2,2,0,2,0,0,0,0,8
59035,routledgebooks,,2,0,2,2,0,2,0,0,0,0,8
59037,chasing_dragons,,2,0,2,2,0,2,0,0,0,0,1
59039,WileyPolitics,,2,0,2,2,0,2,0,0,0,0,8
59040,SAGECQPolitics,,2,0,2,2,0,2,0,0,0,0,8
59041,Rout_PoliticsIR,,2,0,2,2,0,2,0,0,0,0,8
59043,isanet,,2,0,2,2,0,2,0,0,0,0,1
59044,PolStudiesAssoc,,2,0,2,2,0,2,0,0,0,0,8
59045,ipsa_aisp,,3,0,3,3,0,3,0,0,0,0,8
59046,iapss,,2,0,2,2,0,2,0,0,0,0,8
59051,leloveluck,,2,0,2,2,0,2,0,0,0,0,8
59059,AnneMWolf,,2,0,2,2,0,2,0,0,0,0,1
59064,CarstenQSchneid,,2,0,2,2,0,2,0,0,0,0,1
59116,SocialPsych,,2,0,2,2,0,2,0,0,0,0,8
59121,nayzek,,2,0,2,2,0,2,0,0,0,0,8
59126,SPPCEU,,2,0,2,2,0,2,0,0,0,0,8
59127,YoCh_Official,,2,0,2,2,0,2,0,0,0,0,8
59128,KelloggSchool,,3,0,3,3,0,3,0,0,0,0,7
59142,shanesmith30,,2,0,2,2,0,2,0,0,0,0,8
59143,WileyPsychology,,2,0,2,2,0,2,0,0,0,0,8
59153,taddei76,,2,0,2,2,0,2,0,0,0,0,8
59162,Os_Sghaier,,2,0,2,2,0,2,0,0,0,0,8
59164,444hu,,3,0,3,3,0,3,0,0,0,0,2
59166,AhmadMansour__,,2,0,2,2,0,2,0,0,0,0,1
59170,SecDialogue,,2,0,2,2,0,2,0,0,0,0,1
59172,CUP_PoliSci,,2,0,2,2,0,2,0,0,0,0,8
59174,EPSRjournal,,2,0,2,2,0,2,0,0,0,0,8
59175,iyeddahmani,,2,0,2,2,0,2,0,0,0,0,8
59176,webdo_tn,,2,0,2,2,0,2,0,0,0,0,8
59177,RadioShemsFm,,2,0,2,2,0,2,0,0,0,0,8
59178,TUNISCOPEcom,,2,0,2,2,0,2,0,0,0,0,8
59179,LobnaJeribi,,2,0,2,2,0,2,0,0,0,0,8
59180,amelkarboul,,2,0,2,2,0,2,0,0,0,0,8
59181,Mehdi_Jomaa,,2,0,2,2,0,2,0,0,0,0,8
59182,UGTT_TN,,2,0,2,2,0,2,0,0,0,0,8
59183,ISIETN,,2,0,2,2,0,2,0,0,0,0,8
59184,mabmbarek,,2,0,2,2,0,2,0,0,0,0,8
59185,Tunivisions,,2,0,2,2,0,2,0,0,0,0,8
59186,nawaat,,2,0,2,2,0,2,0,0,0,0,8
59187,HaythemElMekki,,2,0,2,2,0,2,0,0,0,0,8
59188,Emnabenjemaa,,2,0,2,2,0,2,0,0,0,0,8
59189,nadiachaabane,,2,0,2,2,0,2,0,0,0,0,8
59190,KarimaSouid,,2,0,2,2,0,2,0,0,0,0,8
59191,Mira404,,2,0,2,2,0,2,0,0,0,0,8
59192,AlBawsalaTN,,2,0,2,2,0,2,0,0,0,0,8
59200,UK_Feminista,,2,0,2,2,0,2,0,0,0,0,8
59209,LebAmUniv,,2,0,2,2,0,2,0,0,0,0,2
59214,OfficialBrismes,,2,0,2,2,0,2,0,0,0,0,1
59215,LSEMiddleEast,,3,0,3,3,0,3,0,0,0,0,1
59217,MiddleEastEye,,2,0,2,2,0,2,0,0,0,0,3
59224,CMDSatCEU,,2,0,2,2,0,2,0,0,0,0,8
59226,Caro_Garriga,,2,0,2,2,0,2,0,0,0,0,8
59227,rosario_ap,,2,0,2,2,0,2,0,0,0,0,8
59237,BPSOfficial,,2,0,2,2,0,2,0,0,0,0,8
59239,PsychScience,,3,0,3,3,0,3,0,0,0,0,4
59249,ECPR,,2,0,2,2,0,2,0,0,0,0,1
59250,littvay,,2,0,2,2,0,2,0,0,0,0,1
59256,_JWilker,,3,0,3,3,0,3,0,0,0,0,8
59259,BejiCEOfficial,,2,0,2,2,0,2,0,0,0,0,8
59262,europsa,,2,0,2,2,0,2,0,0,0,0,8
59271,tamturdiyorum,,3,0,3,3,0,3,0,0,0,0,2
59275,AsmaGhribi,,2,0,2,2,0,2,0,0,0,0,8
59278,IDLO,,2,0,2,2,0,2,0,0,0,0,3
59283,dw_deutsch,,4,0,4,4,0,4,0,0,0,0,1
59284,DeutscheWelle,,4,0,4,4,0,4,0,0,0,0,1
59285,EuroPressPrize,,2,0,2,2,0,2,0,0,0,0,8
59287,IWatchTN,,2,0,2,2,0,2,0,0,0,0,8
59288,RagnarWeilandt,,2,0,2,2,0,2,0,0,0,0,1
59290,swiss_un,,2,0,2,2,0,2,0,0,0,0,8
59297,MedDhiaH,,2,0,2,2,0,2,0,0,0,0,3
59299,benmhennilina,,3,0,3,3,0,3,0,0,0,0,8
59300,RadioMosaiqueFM,,2,0,2,2,0,2,0,0,0,0,8
59307,IrinaBokova,,2,0,2,2,0,2,0,0,0,0,8
59315,usembbudapest,,2,0,2,2,0,2,0,0,0,0,8
59318,ceu,,3,0,3,3,0,3,0,0,0,0,1
59331,ARPtn,,2,0,2,2,0,2,0,0,0,0,8
59332,wow_hungary,,4,0,4,4,0,4,0,0,0,0,2
59333,andrewrsorkin,,2,0,2,2,0,2,0,0,0,0,3
59336,PeaceCorps,,4,0,4,4,0,4,0,0,0,0,2
59337,jdickerson,,2,0,2,2,0,2,0,0,0,0,3
59338,CARE,,4,0,4,4,0,4,0,0,0,0,8
59339,cspan,,2,0,2,2,0,2,0,0,0,0,8
59340,TheDailyShow,,3,0,3,3,0,3,0,0,0,0,0
59342,GaryLineker,,3,0,3,3,0,3,0,0,0,0,2
59344,chucktodd,,2,0,2,2,0,2,0,0,0,0,8
59345,maddow,,3,0,3,3,0,3,0,0,0,0,2
59346,sama,,2,0,2,2,0,2,0,0,0,0,8
59347,SamaritansPurse,,2,0,2,2,0,2,0,0,0,0,8
59348,SpeakerRyan,,3,0,3,3,0,3,0,0,0,0,8
59349,BoredElonMusk,,2,0,2,2,0,2,0,0,0,0,8
59350,Habitat_org,,2,0,2,2,0,2,0,0,0,0,8
59353,CoryBooker,,3,0,3,3,0,3,0,0,0,0,8
59355,AdamSchefter,,2,0,2,2,0,2,0,0,0,0,8
59358,smithsonian,,3,0,3,3,0,3,0,0,0,0,2
59361,WorldVision,,3,0,3,3,0,3,0,0,0,0,8
59362,foxnewspolitics,,2,0,2,2,0,2,0,0,0,0,8
59364,thehill,,2,0,2,2,0,2,0,0,0,0,8
59389,europeanness,,2,0,2,2,0,2,0,0,0,0,1
59419,theresa_may,,3,0,3,3,0,3,0,0,0,0,1
59438,EUACDE,,2,0,2,2,0,2,0,0,0,0,1
59445,Vattel,,3,0,3,3,0,3,0,0,0,0,1
59453,forskningsradet,,2,0,2,2,0,2,0,0,0,0,1
59461,Fly_Norwegian,,4,0,4,4,0,4,0,0,0,0,1
59462,lufthansa,,3,0,3,3,0,3,0,0,0,0,5
59463,staralliance,,3,0,3,3,0,3,0,0,0,0,1
59465,SAS,,4,0,4,4,0,4,0,0,0,0,2
59466,_austrian,,2,0,2,2,0,2,0,0,0,0,7
59487,seerymk,,2,0,2,2,0,2,0,0,0,0,1
59528,ulrikeguerot,,2,0,2,2,0,2,0,0,0,0,1
59539,Echinanews,,2,0,2,2,0,2,0,0,0,0,1
59552,CoHedegaard,,3,0,3,3,0,3,0,0,0,0,7
59553,EUAmbUS,,2,0,2,2,0,2,0,0,0,0,1
59554,USAmbEU,,3,0,3,3,0,3,0,0,0,0,1
59593,PhDForum,,2,0,2,2,0,2,0,0,0,0,1
59602,Deakin,,2,0,2,2,0,2,0,0,0,0,1
59603,PW_edu,,3,0,3,3,0,3,0,0,0,0,1
59629,TReiffenrath,,2,0,2,2,0,2,0,0,0,0,1
59630,EvekedeLouw,,2,0,2,2,0,2,0,0,0,0,1
59634,avaltat,,3,0,3,3,0,3,0,0,0,0,1
59635,DanaBrussels,,3,0,3,3,0,3,0,0,0,0,1
59636,WolfgangPetzold,,2,0,2,2,0,2,0,0,0,0,1
59638,TonyLbxl,,2,0,2,2,0,2,0,0,0,0,1
59639,CocoDeBrux,,3,0,3,3,0,3,0,0,0,0,1
59646,InnovationSkane,,2,0,2,2,0,2,0,0,0,0,1
59652,OsloMet,,3,0,3,3,0,3,0,0,0,0,1
59660,piccavet,,3,0,3,3,0,3,0,0,0,0,1
59661,gtoneill,,2,0,2,2,0,2,0,0,0,0,1
59665,ISU_NORWAY,,2,0,2,2,0,2,0,0,0,0,1
59666,USN_info,,2,0,2,2,0,2,0,0,0,0,1
59668,OxfordChemistry,,2,0,2,2,0,2,0,0,0,0,1
59682,fulbrightBELUEU,,3,0,3,3,0,3,0,0,0,0,4
59683,PHDcomics,,3,0,3,3,0,3,0,0,0,0,1
59715,mikegalsworthy,,3,0,3,3,0,3,0,0,0,0,1
59721,ictp_promocion,,2,0,2,2,0,2,0,0,0,0,1
59741,unifr,,3,0,3,3,0,3,0,0,0,0,1
59749,ARMACAD,,3,0,3,3,0,3,0,0,0,0,1
59762,FETFlagships,,2,0,2,2,0,2,0,0,0,0,1
59765,MCA3C,,2,0,2,2,0,2,0,0,0,0,1
59766,NorwayMFA,,3,0,3,3,0,3,0,0,0,0,1
59772,MimicaEU,,5,0,5,5,0,5,0,0,0,0,1
59782,wandermole,,2,0,2,2,0,2,0,0,0,0,1
59783,chernomorochka,,2,0,2,2,0,2,0,0,0,0,1
59786,KLMaragkos,,2,0,2,2,0,2,0,0,0,0,1
59793,fet_eu,,2,0,2,2,0,2,0,0,0,0,1
59798,BoAgasoster,,2,0,2,2,0,2,0,0,0,0,1
59801,mundusacp,,3,0,3,3,0,3,0,0,0,0,1
59802,EMJDInterzone,,2,0,2,2,0,2,0,0,0,0,7
59804,EMAWomen,,3,0,3,3,0,3,0,0,0,0,1
59811,EttoreSequi,,2,0,2,2,0,2,0,0,0,0,3
59822,OrlaFeely,,2,0,2,2,0,2,0,0,0,0,1
59826,beltandroad1,,2,0,2,2,0,2,0,0,0,0,1
59827,LuciaLoposova,,2,0,2,2,0,2,0,0,0,0,7
59830,ResearchFeature,,2,0,2,2,0,2,0,0,0,0,2
59834,Genevaforum,,3,0,3,3,0,3,0,0,0,0,2
59838,KarakayEm,,2,0,2,2,0,2,0,0,0,0,1
59839,EuroPH,,2,0,2,2,0,2,0,0,0,0,2
59840,EMAOceania,,2,0,2,2,0,2,0,0,0,0,1
59841,Honda,,2,0,2,2,0,2,0,0,0,0,3
59843,IndianaUniv,,3,0,3,3,0,3,0,0,0,0,1
59845,smithcollege,,2,0,2,2,0,2,0,0,0,0,1
59846,euraxess_japan,,2,0,2,2,0,2,0,0,0,0,1
59849,inteGRIDy_H2020,,2,0,2,2,0,2,0,0,0,0,1
59852,WiseGRID_H2020,,2,0,2,2,0,2,0,0,0,0,1
59861,totecology,,2,0,2,2,0,2,0,0,0,0,1
59863,AshataDahal,,2,0,2,2,0,2,0,0,0,0,1
59865,Tee_Nadan,,3,0,3,3,0,3,0,0,0,0,1
59866,RadicevSlobodan,,2,0,2,2,0,2,0,0,0,0,2
59884,quadrale,,2,0,2,2,0,2,0,0,0,0,1
59885,ScienceEurope,,2,0,2,2,0,2,0,0,0,0,1
59886,EARMAorg,,2,0,2,2,0,2,0,0,0,0,1
59891,shanedbergin,,2,0,2,2,0,2,0,0,0,0,1
59894,Pauline_Baudou,,3,0,3,3,0,3,0,0,0,0,1
59900,ASteiner,,2,0,2,2,0,2,0,0,0,0,1
59911,ACSCentSci,,2,0,2,2,0,2,0,0,0,0,1
59926,ESOF_eu,,2,0,2,2,0,2,0,0,0,0,1
59927,H2020Projects,,2,0,2,2,0,2,0,0,0,0,1
59932,STEMAmbassadors,,2,0,2,2,0,2,0,0,0,0,1
59965,ELCSID,,2,0,2,2,0,2,0,0,0,0,1
59972,EMAChinese,,2,0,2,2,0,2,0,0,0,0,7
59977,orkestra,,2,0,2,2,0,2,0,0,0,0,1
59990,sbsem,,2,0,2,2,0,2,0,0,0,0,1
59991,EFMDNews,,2,0,2,2,0,2,0,0,0,0,1
60002,Eurodoc,,3,0,3,3,0,3,0,0,0,0,1
60007,beernso,,2,0,2,2,0,2,0,0,0,0,1
60011,Net4Mobility,,2,0,2,2,0,2,0,0,0,0,1
60016,UniKent,,3,0,3,3,0,3,0,0,0,0,1
60029,NTNU,,3,0,3,3,0,3,0,0,0,0,1
60030,UU_University,,2,0,2,2,0,2,0,0,0,0,1
60031,uppsalauni,,4,0,4,4,0,4,0,0,0,0,1
60039,StanfordCISAC,,2,0,2,2,0,2,0,0,0,0,1
60049,UniSouthDenmark,,3,0,3,3,0,3,0,0,0,0,1
60050,unisouthampton,,3,0,3,3,0,3,0,0,0,0,1
60061,StanfordEnergy,,2,0,2,2,0,2,0,0,0,0,1
60111,SwissBankingSBA,,2,0,2,2,0,2,0,0,0,0,1
60116,ResearchUGent,,2,0,2,2,0,2,0,0,0,0,1
60158,NeilWithers,,2,0,2,2,0,2,0,0,0,0,1
60160,stephengdavey,,2,0,2,2,0,2,0,0,0,0,1
60161,NChemGav,,2,0,2,2,0,2,0,0,0,0,1
60165,amandayarnell,,2,0,2,2,0,2,0,0,0,0,1
60166,rachelpep,,2,0,2,2,0,2,0,0,0,0,1
60168,laurenkwolf,,2,0,2,2,0,2,0,0,0,0,1
60171,SeeArrOh,,2,0,2,2,0,2,0,0,0,0,1
60196,KAUST_News,,2,0,2,2,0,2,0,0,0,0,1
60198,dangerousproto,,2,0,2,2,0,2,0,0,0,0,3
60200,adafruit,,3,0,3,3,0,3,0,0,0,0,2
60207,TheEngineerUK,,2,0,2,2,0,2,0,0,0,0,1
60230,AirbusCareers,,2,0,2,2,0,2,0,0,0,0,4
60247,materialsworld,,2,0,2,2,0,2,0,0,0,0,1
60248,ChemEurJ,,2,0,2,2,0,2,0,0,0,0,1
60249,AZoNano,,2,0,2,2,0,2,0,0,0,0,1
60250,AdvSciNews,,2,0,2,2,0,2,0,0,0,0,1
60252,nanowiki,,2,0,2,2,0,2,0,0,0,0,1
60253,softmatter,,2,0,2,2,0,2,0,0,0,0,1
60256,ACSCatalysis,,2,0,2,2,0,2,0,0,0,0,1
60257,PCCP,,2,0,2,2,0,2,0,0,0,0,1
60258,ACS_AMI,,2,0,2,2,0,2,0,0,0,0,1
60260,ChemistryViews,,2,0,2,2,0,2,0,0,0,0,1
60261,CatalysisSciTec,,2,0,2,2,0,2,0,0,0,0,1
60268,nanoscale_rsc,,2,0,2,2,0,2,0,0,0,0,1
60269,Materials_MRS,,2,0,2,2,0,2,0,0,0,0,1
60270,ACSNanotation,,2,0,2,2,0,2,0,0,0,0,1
60274,lunduniversity,,4,0,4,4,0,4,0,0,0,0,1
60298,Airbus,,3,0,3,3,0,3,0,0,0,0,4
60309,EPFL_en,,3,0,3,3,0,3,0,0,0,0,1
60310,ETH_en,,3,0,3,3,0,3,0,0,0,0,1
60358,NatureChemistry,,2,0,2,2,0,2,0,0,0,0,2
60359,StanfordEng,,2,0,2,2,0,2,0,0,0,0,1
60361,InorgChem,,2,0,2,2,0,2,0,0,0,0,1
60362,ACSPublications,,2,0,2,2,0,2,0,0,0,0,1
60363,NatureNano,,2,0,2,2,0,2,0,0,0,0,1
60365,acsnano,,2,0,2,2,0,2,0,0,0,0,1
60366,MaterialsToday,,2,0,2,2,0,2,0,0,0,0,1
60367,ChemSocRev,,2,0,2,2,0,2,0,0,0,0,1
60369,J_A_C_S,,2,0,2,2,0,2,0,0,0,0,1
60383,ChemistryWorld,,2,0,2,2,0,2,0,0,0,0,1
60384,ChemistryNews,,2,0,2,2,0,2,0,0,0,0,1
60385,AmChemistry,,2,0,2,2,0,2,0,0,0,0,1
60387,ChemicalScience,,2,0,2,2,0,2,0,0,0,0,1
60389,ACS4Libraries,,2,0,2,2,0,2,0,0,0,0,1
60391,angew_chem,,2,0,2,2,0,2,0,0,0,0,1
60396,MT180FR,,2,0,2,2,0,2,0,0,0,0,1
60414,JPhysChem,,2,0,2,2,0,2,0,0,0,0,1
60416,ChemMater,,2,0,2,2,0,2,0,0,0,0,1
60420,INC_CNRS,,2,0,2,2,0,2,0,0,0,0,1
60431,CNRS,,3,0,3,3,0,3,0,0,0,0,1
60432,NatureMaterials,,2,0,2,2,0,2,0,0,0,0,1
60444,danieldennett,,2,0,2,2,0,2,0,0,0,0,1
60445,Research_Voice,,2,0,2,2,0,2,0,0,0,0,1
60446,fasttrackimpact,,2,0,2,2,0,2,0,0,0,0,1
60447,PLOSONE,,3,0,3,3,0,3,0,0,0,0,8
60448,PLOS,,3,0,3,3,0,3,0,0,0,0,8
60450,openscience,,2,0,2,2,0,2,0,0,0,0,1
60451,Falling_Walls,,2,0,2,2,0,2,0,0,0,0,1
60475,eTwinning_PT,,3,0,3,3,0,3,0,0,0,0,1
60482,Leargas_etwinn,,2,0,2,2,0,2,0,0,0,0,1
60519,nybooks,,4,0,4,4,0,4,0,0,0,0,1
60525,COF_,,2,0,2,2,0,2,0,0,0,0,1
60526,Philanthropy,,3,0,3,3,0,3,0,0,0,0,1
60527,CandidDotOrg,,2,0,2,2,0,2,0,0,0,0,1
60534,Hewlett_Found,,2,0,2,2,0,2,0,0,0,0,1
60535,AlexanderSoros,,2,0,2,2,0,2,0,0,0,0,1
60536,macfound,,2,0,2,2,0,2,0,0,0,0,1
60537,knightfdn,,2,0,2,2,0,2,0,0,0,0,1
60549,MNAD_Madrid,,4,0,4,4,0,4,0,0,0,0,0
60550,MuseoCerralbo,,3,0,3,3,0,3,0,0,0,0,0
60551,fundacionmutua,,2,0,2,2,0,2,0,0,0,0,1
60555,TheEuropeist,,3,0,3,3,0,3,0,0,0,0,1
60556,BNE_museo,,2,0,2,2,0,2,0,0,0,0,4
60558,AILMadrid,,3,0,3,3,0,3,0,0,0,0,1
60560,MediaEu,,2,0,2,2,0,2,0,0,0,0,3
60562,ECMLCELV,,3,0,3,3,0,3,0,0,0,0,1
60565,AJCTAI,,3,0,3,3,0,3,0,0,0,0,1
60567,pestalozziprog,,2,0,2,2,0,2,0,0,0,0,1
60571,carmenca,,2,0,2,2,0,2,0,0,0,0,6
60573,EON_SE_en,,3,0,3,3,0,3,0,0,0,0,1
60575,jopape72,,2,0,2,2,0,2,0,0,0,0,1
60590,spanishinVLL,,4,0,4,4,0,4,0,0,0,0,1
60593,seecmadrid,,2,0,2,2,0,2,0,0,0,0,1
60595,cristinagarmend,,2,0,2,2,0,2,0,0,0,0,1
60598,alcaladehenares,,3,0,3,3,0,3,0,0,0,0,4
60601,AEIeducation,,4,0,4,4,0,4,0,0,0,0,2
60606,MichaelPetrilli,,2,0,2,2,0,2,0,0,0,0,1
60608,EdTrust,,3,0,3,3,0,3,0,0,0,0,1
60609,EducationNext,,3,0,3,3,0,3,0,0,0,0,1
60610,NBCNewsLearn,,3,0,3,3,0,3,0,0,0,0,1
60611,HuffPostEdu,,3,0,3,3,0,3,0,0,0,0,1
60612,WeAreTeachers,,3,0,3,3,0,3,0,0,0,0,1
60631,Euroteam_Greece,,2,0,2,2,0,2,0,0,0,0,1
60633,marilina63,,2,0,2,2,0,2,0,0,0,0,1
60636,eT_Creteil,,2,0,2,2,0,2,0,0,0,0,1
60660,StaySafeOnline,,3,0,3,3,0,3,0,0,0,0,2
60663,FOSI,,2,0,2,2,0,2,0,0,0,0,1
60667,iKeepSafe,,2,0,2,2,0,2,0,0,0,0,1
60672,EUKIDSONLINE,,2,0,2,2,0,2,0,0,0,0,1
60679,UK_SIC,,2,0,2,2,0,2,0,0,0,0,1
60680,childnet,,2,0,2,2,0,2,0,0,0,0,1
60683,GetSafeOnline,,2,0,2,2,0,2,0,0,0,0,1
60685,BetterNet4EU,,2,0,2,2,0,2,0,0,0,0,1
60688,Lynch39083,,2,0,2,2,0,2,0,0,0,0,1
60693,safeinternetday,,2,0,2,2,0,2,0,0,0,0,1
60696,eTwinningacV,,3,0,3,3,0,3,0,0,0,0,6
60703,eTwinningTO,,3,0,3,3,0,3,0,0,0,0,1
60709,eTwinningGr,,2,0,2,2,0,2,0,0,0,0,1
60711,Insafenetwork,,2,0,2,2,0,2,0,0,0,0,1
60716,EP_Romania,,3,0,3,3,0,3,0,0,0,0,1
60720,eTwinning_be,,3,0,3,3,0,3,0,0,0,0,1
60721,ROMonsterEnergy,,3,0,3,3,0,3,0,0,0,0,1
60726,InterMediaKT,,3,0,3,3,0,3,0,0,0,0,1
60727,eTwinningHu,,2,0,2,2,0,2,0,0,0,0,1
60729,eTwinningSI,,3,0,3,3,0,3,0,0,0,0,1
60734,eTwinningMalta,,2,0,2,2,0,2,0,0,0,0,1
60735,83antoniogallo,,2,0,2,2,0,2,0,0,0,0,1
60737,ACLU,,2,0,2,2,0,2,0,0,0,0,1
60740,darija912,,2,0,2,2,0,2,0,0,0,0,1
60743,MerriamWebster,,2,0,2,2,0,2,0,0,0,0,4
60744,OED,,2,0,2,2,0,2,0,0,0,0,1
60745,OxLanguages,,3,0,3,3,0,3,0,0,0,0,1
60746,CambridgeWords,,4,0,4,4,0,4,0,0,0,0,6
60747,english247,,2,0,2,2,0,2,0,0,0,0,1
60749,EnglishClub,,3,0,3,3,0,3,0,0,0,0,1
60750,WoodwardEnglish,,4,0,4,4,0,4,0,0,0,0,4
60751,EnglishNode,,3,0,3,3,0,3,0,0,0,0,1
60753,TeachingEnglish,,3,0,3,3,0,3,0,0,0,0,1
60754,Schools_British,,3,0,3,3,0,3,0,0,0,0,1
60757,GregArch83,,2,0,2,2,0,2,0,0,0,0,1
60759,MicrosoftEDU,,3,0,3,3,0,3,0,0,0,0,1
60784,MadeleinaKay,,2,0,2,2,0,2,0,0,0,0,1
60786,euradio_fr,,4,0,4,4,0,4,0,0,0,0,1
60787,asoulforeurope,,2,0,2,2,0,2,0,0,0,0,1
60789,EUbirdie,,2,0,2,2,0,2,0,0,0,0,1
60791,DemocracyAlive,,3,0,3,3,0,3,0,0,0,0,1
60793,opendatacharter,,2,0,2,2,0,2,0,0,0,0,1
60794,ODIHQ,,2,0,2,2,0,2,0,0,0,0,1
60795,AndrewDuffEU,,3,0,3,3,0,3,0,0,0,0,1
60796,morecontextEU,,2,0,2,2,0,2,0,0,0,0,1
60803,European_Views,,3,0,3,3,0,3,0,0,0,0,1
60805,YoungGasteiners,,2,0,2,2,0,2,0,0,0,0,1
60808,Eurpeace,,3,0,3,3,0,3,0,0,0,0,1
60810,kosmopolit,,2,0,2,2,0,2,0,0,0,0,1
60811,EUTweetup,,2,0,2,2,0,2,0,0,0,0,1
60816,EP_trends,,2,0,2,2,0,2,0,0,0,0,1
60827,CCBiblio,,2,0,2,2,0,2,0,0,0,0,1
60828,EPIreland_Edu,,3,0,3,3,0,3,0,0,0,0,1
60829,AEGEE_Brno,,2,0,2,2,0,2,0,0,0,0,1
60830,AEGEE_Torino,,3,0,3,3,0,3,0,0,0,0,1
60831,AEGEE_SU,,3,0,3,3,0,3,0,0,0,0,1
60832,EuroFunken,,2,0,2,2,0,2,0,0,0,0,1
60833,VisitTallinn,,3,0,3,3,0,3,0,0,0,0,7
60836,FreeInterrail,,2,0,2,2,0,2,0,0,0,0,1
60847,UEFBelgium,,2,0,2,2,0,2,0,0,0,0,1
60849,UEF_France,,2,0,2,2,0,2,0,0,0,0,1
60855,PoEFrance,,2,0,2,2,0,2,0,0,0,0,1
60857,JanAlbrecht,,3,0,3,3,0,3,0,0,0,0,1
60862,MartinSelmayr,,3,0,3,3,0,3,0,0,0,0,1
60866,YoungDemsEU,,2,0,2,2,0,2,0,0,0,0,1
60869,menacommittee,,3,0,3,3,0,3,0,0,0,0,1
60870,theEUinsider,,2,0,2,2,0,2,0,0,0,0,1
60872,sauvonsleurope,,3,0,3,3,0,3,0,0,0,0,1
60873,24heuropegr,,3,0,3,3,0,3,0,0,0,0,1
60874,CER_EU,,3,0,3,3,0,3,0,0,0,0,1
60875,EP_Defence,,3,0,3,3,0,3,0,0,0,0,1
60878,360Giornale,,2,0,2,2,0,2,0,0,0,0,3
60888,EuropeanaSpace,,2,0,2,2,0,2,0,0,0,0,1
60893,marchforeurope,,2,0,2,2,0,2,0,0,0,0,1
60898,ScPoLille,,2,0,2,2,0,2,0,0,0,0,1
60899,YELtweets,,3,0,3,3,0,3,0,0,0,0,1
60902,EuropaUnitedEU,,3,0,3,3,0,3,0,0,0,0,1
60911,RichardGCorbett,,2,0,2,2,0,2,0,0,0,0,1
60913,JosephDaul,,2,0,2,2,0,2,0,0,0,0,1
60916,giannipittella,,3,0,3,3,0,3,0,0,0,0,1
60917,thevocaleurope,,2,0,2,2,0,2,0,0,0,0,1
60920,mycountryeurope,,3,0,3,3,0,3,0,0,0,0,1
60922,jeanmarcayrault,,3,0,3,3,0,3,0,0,0,0,1
60923,Bulc_EU,,3,0,3,3,0,3,0,0,0,0,1
60924,Ansip_EU,,3,0,3,3,0,3,0,0,0,0,1
60929,EuropeanLibrary,,2,0,2,2,0,2,0,0,0,0,1
60931,Monithon,,2,0,2,2,0,2,0,0,0,0,1
60933,G7,,2,0,2,2,0,2,0,0,0,0,1
60935,MakeEuropeAgain,,2,0,2,2,0,2,0,0,0,0,1
60936,EUOfficeNI,,2,0,2,2,0,2,0,0,0,0,1
60937,CourUEPresse,,3,0,3,3,0,3,0,0,0,0,1
60938,EP_Development,,3,0,3,3,0,3,0,0,0,0,1
60939,EP_Transport,,3,0,3,3,0,3,0,0,0,0,1
60940,EP_Agriculture,,3,0,3,3,0,3,0,0,0,0,1
60941,EP_Fisheries,,3,0,3,3,0,3,0,0,0,0,1
60942,EP_Technology,,2,0,2,2,0,2,0,0,0,0,1
60943,EuDemLab,,3,0,3,3,0,3,0,0,0,0,1
60947,UEF_EU,,2,0,2,2,0,2,0,0,0,0,1
60949,WhyEuropeORG,,3,0,3,3,0,3,0,0,0,0,1
60950,europeforall,,3,0,3,3,0,3,0,0,0,0,1
60951,Alv_Vaca,,2,0,2,2,0,2,0,0,0,0,3
60961,JAlvarezFlow,,3,0,3,3,0,3,0,0,0,0,3
60962,LilTunechi,,3,0,3,3,0,3,0,0,0,0,3
60963,robinthicke,,2,0,2,2,0,2,0,0,0,0,3
60966,ManUtd_Es,,2,0,2,2,0,2,0,0,0,0,0
60967,cienciaplus,,2,0,2,2,0,2,0,0,0,0,0
60970,pixeltech,,2,0,2,2,0,2,0,0,0,0,0
60977,El_Universo_Hoy,,3,0,3,3,0,3,0,0,0,0,0
60978,DMAX_es,,3,0,3,3,0,3,0,0,0,0,0
60979,Omicrono,,2,0,2,2,0,2,0,0,0,0,0
60983,PlanetarioMad,,3,0,3,3,0,3,0,0,0,0,0
60994,eloutput,,3,0,3,3,0,3,0,0,0,0,0
60997,box_repsol,,2,0,2,2,0,2,0,0,0,0,0
61017,tweepsmap,,2,0,2,2,0,2,0,0,0,0,4
61020,luisbonsai,,2,0,2,2,0,2,0,0,0,0,0
61024,CasaDecor,,2,0,2,2,0,2,0,0,0,0,6
61033,gmgarquitectos,,2,0,2,2,0,2,0,0,0,0,6
61034,FabLabALC,,2,0,2,2,0,2,0,0,0,0,4
61036,afisac,,2,0,2,2,0,2,0,0,0,0,6
61051,efece_arq,,2,0,2,2,0,2,0,0,0,0,6
61052,FAQarquitectura,,2,0,2,2,0,2,0,0,0,0,6
61056,VMarquitectos,,2,0,2,2,0,2,0,0,0,0,6
61064,GalisteoNavarro,,2,0,2,2,0,2,0,0,0,0,6
61071,quickysneaky,,2,0,2,2,0,2,0,0,0,0,2
61077,alejandrxmorale,,2,0,2,2,0,2,0,0,0,0,6
61078,mariapazgaga,,3,0,3,3,0,3,0,0,0,0,6
61085,CoaatieCordoba,,2,0,2,2,0,2,0,0,0,0,6
61094,auribl,,2,0,2,2,0,2,0,0,0,0,6
61095,upydgranada,,3,0,3,3,0,3,0,0,0,0,0
61098,sammediterraneo,,2,0,2,2,0,2,0,0,0,0,6
61099,BureauVeritasEs,,2,0,2,2,0,2,0,0,0,0,6
61102,Aboypaula,,2,0,2,2,0,2,0,0,0,0,0
61105,ARQsCorner,,2,0,2,2,0,2,0,0,0,0,6
61116,DEEPSUA,,3,0,3,3,0,3,0,0,0,0,4
61119,IAAC,,2,0,2,2,0,2,0,0,0,0,6
61121,MedialabPrado,,3,0,3,3,0,3,0,0,0,0,6
61125,OyeMe_estudio,,2,0,2,2,0,2,0,0,0,0,6
61127,SindiCatArq,,2,0,2,2,0,2,0,0,0,0,6
61134,AguardienteClot,,2,0,2,2,0,2,0,0,0,0,7
61142,LorettoGM,,2,0,2,2,0,2,0,0,0,0,4
61157,tproyecto_es,,2,0,2,2,0,2,0,0,0,0,6
61160,acm_arquitectos,,2,0,2,2,0,2,0,0,0,0,6
61163,JuanjoMartnez3,,2,0,2,2,0,2,0,0,0,0,6
61194,VeoArte,,3,0,3,3,0,3,0,0,0,0,0
61197,SaraAlvarellos,,2,0,2,2,0,2,0,0,0,0,6
61205,a4arquitectos,,3,0,3,3,0,3,0,0,0,0,6
61210,MuseoOteiza,,2,0,2,2,0,2,0,0,0,0,0
61213,CivicInnSchool,,2,0,2,2,0,2,0,0,0,0,6
61215,angelmmartinez,,2,0,2,2,0,2,0,0,0,0,4
61220,econstruccion,,2,0,2,2,0,2,0,0,0,0,6
61229,SusoVelo,,2,0,2,2,0,2,0,0,0,0,0
61230,lacasaqueahorra,,2,0,2,2,0,2,0,0,0,0,0
61236,arquitectosm20,,2,0,2,2,0,2,0,0,0,0,6
61238,Polifactory,,2,0,2,2,0,2,0,0,0,0,4
61239,DelToroAntunez,,2,0,2,2,0,2,0,0,0,0,6
61254,Construenlace,,2,0,2,2,0,2,0,0,0,0,4
61269,ConstruccionAGO,,2,0,2,2,0,2,0,0,0,0,6
61273,catcoacm,,2,0,2,2,0,2,0,0,0,0,4
61275,CivicWise_ES,,2,0,2,2,0,2,0,0,0,0,4
61284,10Decoracion,,2,0,2,2,0,2,0,0,0,0,6
61287,AENOR,,2,0,2,2,0,2,0,0,0,0,4
61290,URSAiberica,,2,0,2,2,0,2,0,0,0,0,6
61292,Solatubes,,2,0,2,2,0,2,0,0,0,0,6
61298,HOArquitectos,,2,0,2,2,0,2,0,0,0,0,6
61305,etsasorg,,2,0,2,2,0,2,0,0,0,0,6
61307,ARQUITECTUVa,,3,0,3,3,0,3,0,0,0,0,6
61309,ArquitecturaUE,,3,0,3,3,0,3,0,0,0,0,4
61311,ETSASevilla,,3,0,3,3,0,3,0,0,0,0,7
61315,cyaproyectos,,2,0,2,2,0,2,0,0,0,0,6
61320,Solucionista_,,2,0,2,2,0,2,0,0,0,0,6
61321,RGComunicacion,,2,0,2,2,0,2,0,0,0,0,6
61330,Laminartca,,2,0,2,2,0,2,0,0,0,0,6
61335,Manuela_MJ,,3,0,3,3,0,3,0,0,0,0,0
61336,FatimaHHossain,,2,0,2,2,0,2,0,0,0,0,6
61337,aracorbo,,2,0,2,2,0,2,0,0,0,0,4
61341,ACuboC,,2,0,2,2,0,2,0,0,0,0,4
61345,ChonRoldanP,,2,0,2,2,0,2,0,0,0,0,6
61354,JavierBravoS,,2,0,2,2,0,2,0,0,0,0,0
61362,MargotAB,,2,0,2,2,0,2,0,0,0,0,6
61364,iAgua,,3,0,3,3,0,3,0,0,0,0,6
61366,Bio_West,,2,0,2,2,0,2,0,0,0,0,6
61367,COALarquitectos,,2,0,2,2,0,2,0,0,0,0,6
61368,COArqCordoba,,2,0,2,2,0,2,0,0,0,0,4
61371,almale,,2,0,2,2,0,2,0,0,0,0,6
61372,luigibarrero,,2,0,2,2,0,2,0,0,0,0,4
61375,delapazgus,,2,0,2,2,0,2,0,0,0,0,0
61378,sitolibre,,2,0,2,2,0,2,0,0,0,0,4
61384,AparejadoresSVQ,,2,0,2,2,0,2,0,0,0,0,6
61388,Rehare_Agencia,,2,0,2,2,0,2,0,0,0,0,6
61389,FJTurriano,,2,0,2,2,0,2,0,0,0,0,6
61390,CENIM_CSIC,,2,0,2,2,0,2,0,0,0,0,6
61391,DPE_CSIC,,3,0,3,3,0,3,0,0,0,0,4
61397,es_bim,,2,0,2,2,0,2,0,0,0,0,6
61398,SocEspCeramVidr,,2,0,2,2,0,2,0,0,0,0,6
61399,Javieringio,,2,0,2,2,0,2,0,0,0,0,0
61402,caminosupm,,3,0,3,3,0,3,0,0,0,0,4
61407,spaincultureus,,3,0,3,3,0,3,0,0,0,0,1
61409,LLLU_es,,2,0,2,2,0,2,0,0,0,0,0
61412,Jopemar_SA,,2,0,2,2,0,2,0,0,0,0,0
61413,anacastillofoto,,3,0,3,3,0,3,0,0,0,0,0
61414,BMaripy,,2,0,2,2,0,2,0,0,0,0,0
61415,reon011533,,2,0,2,2,0,2,0,0,0,0,4
61416,Luiky9,,3,0,3,3,0,3,0,0,0,0,0
61417,fonizzimo,,3,0,3,3,0,3,0,0,0,0,0
61418,MFranqm,,2,0,2,2,0,2,0,0,0,0,0
61419,kanePuede,,3,0,3,3,0,3,0,0,0,0,0
61420,DisOficCenter,,3,0,3,3,0,3,0,0,0,0,0
61421,IsmaelGH85,,2,0,2,2,0,2,0,0,0,0,0
61422,MarioPertinez,,2,0,2,2,0,2,0,0,0,0,0
61423,lacosta_ignacio,,2,0,2,2,0,2,0,0,0,0,0
61424,dikaestudio,,3,0,3,3,0,3,0,0,0,0,0
61425,escenasgraffiti,,2,0,2,2,0,2,0,0,0,0,0
61426,JMVillalobos1,,2,0,2,2,0,2,0,0,0,0,0
61427,sastreh,,3,0,3,3,0,3,0,0,0,0,0
61428,TICEditorial,,2,0,2,2,0,2,0,0,0,0,0
61429,fundaciotapies,,2,0,2,2,0,2,0,0,0,0,6
61430,cortosfera,,3,0,3,3,0,3,0,0,0,0,0
61431,ilmiodesign,,2,0,2,2,0,2,0,0,0,0,0
61432,RayitasAzules,,2,0,2,2,0,2,0,0,0,0,0
61433,LetteringTime,,3,0,3,3,0,3,0,0,0,0,6
61434,perezosoprod,,2,0,2,2,0,2,0,0,0,0,0
61435,weltsteler,,2,0,2,2,0,2,0,0,0,0,0
61441,inarqe,,2,0,2,2,0,2,0,0,0,0,6
61450,outalia_es,,2,0,2,2,0,2,0,0,0,0,6
61451,Neo2_Magazine,,3,0,3,3,0,3,0,0,0,0,0
61455,Archisauvage,,2,0,2,2,0,2,0,0,0,0,4
61457,make_festival,,2,0,2,2,0,2,0,0,0,0,6
61464,ETRES_Consult,,2,0,2,2,0,2,0,0,0,0,6
61465,j_Ant_,,2,0,2,2,0,2,0,0,0,0,6
61468,MeryColh,,2,0,2,2,0,2,0,0,0,0,0
61469,auroragarcialan,,2,0,2,2,0,2,0,0,0,0,6
61470,Alberto_grana01,,2,0,2,2,0,2,0,0,0,0,6
61473,emi_hm,,2,0,2,2,0,2,0,0,0,0,0
61475,PupeRomero,,2,0,2,2,0,2,0,0,0,0,0
61476,BethenPhoto,,2,0,2,2,0,2,0,0,0,0,4
61478,SaraiUrrutiaWeb,,2,0,2,2,0,2,0,0,0,0,0
61480,PaNaMarblog,,3,0,3,3,0,3,0,0,0,0,6
61482,PabloSanchez_F,,2,0,2,2,0,2,0,0,0,0,6
61484,vmom1991,,2,0,2,2,0,2,0,0,0,0,6
61486,AptY_16,,2,0,2,2,0,2,0,0,0,0,6
61488,ArquitecturaUSJ,,2,0,2,2,0,2,0,0,0,0,4
61496,EspUNESCO,,2,0,2,2,0,2,0,0,0,0,0
61497,ekain_arq,,2,0,2,2,0,2,0,0,0,0,6
61500,IGNSpain,,3,0,3,3,0,3,0,0,0,0,4
61501,construmatica,,2,0,2,2,0,2,0,0,0,0,0
61502,ArchRecord,,3,0,3,3,0,3,0,0,0,0,0
61504,APROHA16,,2,0,2,2,0,2,0,0,0,0,6
61506,architecturelab,,2,0,2,2,0,2,0,0,0,0,0
61507,WACommunity,,2,0,2,2,0,2,0,0,0,0,2
61512,NacionRotonda,,2,0,2,2,0,2,0,0,0,0,0
61514,arquiaproxima,,2,0,2,2,0,2,0,0,0,0,6
61520,SGplaco,,2,0,2,2,0,2,0,0,0,0,6
61521,picoj,,2,0,2,2,0,2,0,0,0,0,6
61522,TRES60Blog,,2,0,2,2,0,2,0,0,0,0,6
61523,FrasesDeArq,,3,0,3,3,0,3,0,0,0,0,6
61524,EdifikMadrid,,3,0,3,3,0,3,0,0,0,0,4
61528,SArquitectura,,2,0,2,2,0,2,0,0,0,0,0
61539,luisamariagr_,,2,0,2,2,0,2,0,0,0,0,6
61540,PlanReforma,,2,0,2,2,0,2,0,0,0,0,6
61550,d3distrib_aisla,,2,0,2,2,0,2,0,0,0,0,6
61563,itebarcelona,,2,0,2,2,0,2,0,0,0,0,0
61570,SOS_PFC,,2,0,2,2,0,2,0,0,0,0,2
61572,yoadcom,,2,0,2,2,0,2,0,0,0,0,6
61576,IUU_UVa,,2,0,2,2,0,2,0,0,0,0,6
61577,ArqInnov,,2,0,2,2,0,2,0,0,0,0,0
61579,SGweberES,,2,0,2,2,0,2,0,0,0,0,6
61580,escaparatismo20,,2,0,2,2,0,2,0,0,0,0,0
61582,egoin_sa,,2,0,2,2,0,2,0,0,0,0,6
61591,AsociacionAecor,,2,0,2,2,0,2,0,0,0,0,6
61592,laescandella,,2,0,2,2,0,2,0,0,0,0,6
61594,SteelcaseEspana,,2,0,2,2,0,2,0,0,0,0,4
61597,CiOolabarria,,2,0,2,2,0,2,0,0,0,0,6
61601,bernaprocon,,2,0,2,2,0,2,0,0,0,0,6
61607,MargottVaum,,2,0,2,2,0,2,0,0,0,0,0
61613,Dartimien13,,3,0,3,3,0,3,0,0,0,0,4
61615,ReformasPergola,,2,0,2,2,0,2,0,0,0,0,6
61619,AANTIHIERRO,,2,0,2,2,0,2,0,0,0,0,0
61624,CentroTara,,3,0,3,3,0,3,0,0,0,0,6
61631,PKMNmad,,2,0,2,2,0,2,0,0,0,0,6
61635,jotaserrano_,,3,0,3,3,0,3,0,0,0,0,0
61638,arquimaster,,3,0,3,3,0,3,0,0,0,0,0
61639,PuertasDayfor,,2,0,2,2,0,2,0,0,0,0,7
61641,Tecnifosol,,2,0,2,2,0,2,0,0,0,0,6
61643,escalkit,,2,0,2,2,0,2,0,0,0,0,0
61646,decoranding,,2,0,2,2,0,2,0,0,0,0,6
61647,L_Atalaya,,3,0,3,3,0,3,0,0,0,0,6
61652,navarrolivier,,3,0,3,3,0,3,0,0,0,0,4
61653,INCOPERFIL,,2,0,2,2,0,2,0,0,0,0,6
61659,arq_eficiente,,2,0,2,2,0,2,0,0,0,0,6
61665,EcoHabitatge,,2,0,2,2,0,2,0,0,0,0,6
61669,delaolivamob,,2,0,2,2,0,2,0,0,0,0,6
61672,SpigoGroup,,2,0,2,2,0,2,0,0,0,0,6
61675,IDEA_INGENIERIA,,2,0,2,2,0,2,0,0,0,0,6
61678,ioamezcua,,2,0,2,2,0,2,0,0,0,0,4
61694,ARQ_SUSTENTABLE,,2,0,2,2,0,2,0,0,0,0,6
61697,Revist_MARGENES,,2,0,2,2,0,2,0,0,0,0,6
61698,Estudio_BAMBOO,,2,0,2,2,0,2,0,0,0,0,6
61699,EmporiaAwards,,2,0,2,2,0,2,0,0,0,0,0
61700,InteriCADEspana,,2,0,2,2,0,2,0,0,0,0,6
61702,ASOMAesmadera,,2,0,2,2,0,2,0,0,0,0,6
61703,CyTO_arq,,2,0,2,2,0,2,0,0,0,0,6
61704,arproyec,,2,0,2,2,0,2,0,0,0,0,6
61707,arkitente,,2,0,2,2,0,2,0,0,0,0,6
61708,construempleo,,2,0,2,2,0,2,0,0,0,0,6
61709,Antoniostrasse,,2,0,2,2,0,2,0,0,0,0,6
61717,Fachd_Andalucia,,2,0,2,2,0,2,0,0,0,0,6
61721,arquinecesarios,,2,0,2,2,0,2,0,0,0,0,6
61724,jac_at,,2,0,2,2,0,2,0,0,0,0,6
61728,bricoacoil,,2,0,2,2,0,2,0,0,0,0,0
61735,GetSkidsy,,2,0,2,2,0,2,0,0,0,0,4
61737,ReHabita_arq,,2,0,2,2,0,2,0,0,0,0,0
61742,LibrosConstruc,,2,0,2,2,0,2,0,0,0,0,0
61751,ArqStudy,,2,0,2,2,0,2,0,0,0,0,6
61756,entornoaccesibl,,4,0,4,4,0,4,0,0,0,0,0
61757,HAarquitectura,,2,0,2,2,0,2,0,0,0,0,6
61763,Grupo_Matienzo,,2,0,2,2,0,2,0,0,0,0,6
61765,ZeroLAB_energia,,2,0,2,2,0,2,0,0,0,0,6
61769,Arqui_Justicia,,2,0,2,2,0,2,0,0,0,0,6
61771,Coglobalteam,,2,0,2,2,0,2,0,0,0,0,0
61776,iglu_estudio,,3,0,3,3,0,3,0,0,0,0,0
61779,arq_fiore,,2,0,2,2,0,2,0,0,0,0,0
61782,AndreaRgal,,2,0,2,2,0,2,0,0,0,0,6
61787,Inarquia_es,,2,0,2,2,0,2,0,0,0,0,6
61802,Aletheiajn,,2,0,2,2,0,2,0,0,0,0,6
61812,ariasrecalde,,3,0,3,3,0,3,0,0,0,0,6
61819,antoniomoyam,,2,0,2,2,0,2,0,0,0,0,0
61822,jornadasipa,,2,0,2,2,0,2,0,0,0,0,0
61824,conanmalab,,2,0,2,2,0,2,0,0,0,0,6
61836,CENERGETICA_es,,2,0,2,2,0,2,0,0,0,0,6
61840,MaTarifaG,,2,0,2,2,0,2,0,0,0,0,6
61842,COLORIMPRESORA,,2,0,2,2,0,2,0,0,0,0,6
61843,ColourThe_World,,2,0,2,2,0,2,0,0,0,0,6
61844,carmen_TM_,,2,0,2,2,0,2,0,0,0,0,6
61847,IsoChemie_ES,,2,0,2,2,0,2,0,0,0,0,6
61848,AGUA_Studio,,2,0,2,2,0,2,0,0,0,0,6
61851,DelineantesGRN,,2,0,2,2,0,2,0,0,0,0,6
61857,reparatuplotter,,2,0,2,2,0,2,0,0,0,0,6
61858,MykollHrP,,2,0,2,2,0,2,0,0,0,0,0
61859,texidozlatar,,2,0,2,2,0,2,0,0,0,0,6
61862,BCR_Zamora,,2,0,2,2,0,2,0,0,0,0,6
61865,MarisolValera,,2,0,2,2,0,2,0,0,0,0,6
61867,amfcyp,,2,0,2,2,0,2,0,0,0,0,6
61868,arquitasamadrid,,2,0,2,2,0,2,0,0,0,0,6
61869,Carlospcra,,2,0,2,2,0,2,0,0,0,0,0
61871,MIsabelSabio,,2,0,2,2,0,2,0,0,0,0,6
61872,GrupoOTEPI,,2,0,2,2,0,2,0,0,0,0,6
61880,teselainnova,,2,0,2,2,0,2,0,0,0,0,6
61884,almudenagr_,,2,0,2,2,0,2,0,0,0,0,6
61890,Colectivo99,,2,0,2,2,0,2,0,0,0,0,6
61895,ferromaki,,2,0,2,2,0,2,0,0,0,0,0
61912,FranciscoGavino,,3,0,3,3,0,3,0,0,0,0,6
61914,geotepuy,,2,0,2,2,0,2,0,0,0,0,6
61925,cultura_bizarra,,2,0,2,2,0,2,0,0,0,0,0
61929,Discover_BIDAIA,,2,0,2,2,0,2,0,0,0,0,6
61931,Concursos_blog,,2,0,2,2,0,2,0,0,0,0,6
61932,rojkind_arq,,3,0,3,3,0,3,0,0,0,0,2
61934,CEstands,,2,0,2,2,0,2,0,0,0,0,6
61935,concentricofest,,2,0,2,2,0,2,0,0,0,0,0
61939,printmag,,3,0,3,3,0,3,0,0,0,0,2
61940,CreativeReview,,4,0,4,4,0,4,0,0,0,0,0
61941,wallpapermag,,3,0,3,3,0,3,0,0,0,0,0
61942,designmilk,,4,0,4,4,0,4,0,0,0,0,0
61944,pantone,,3,0,3,3,0,3,0,0,0,0,3
61945,graffica_info,,3,0,3,3,0,3,0,0,0,0,0
61946,brandemia_,,3,0,3,3,0,3,0,0,0,0,5
61948,ISOVERes,,2,0,2,2,0,2,0,0,0,0,6
61950,knaufes,,3,0,3,3,0,3,0,0,0,0,6
61951,museoico,,2,0,2,2,0,2,0,0,0,0,2
61955,ESMARTCITY_ES,,2,0,2,2,0,2,0,0,0,0,6
61956,basurama,,2,0,2,2,0,2,0,0,0,0,4
61961,DAETSAE_UPCT,,2,0,2,2,0,2,0,0,0,0,4
61962,ieArchDesign,,2,0,2,2,0,2,0,0,0,0,4
61966,uclg_cisdp,,3,0,3,3,0,3,0,0,0,0,1
61967,GlobalTaskforce,,3,0,3,3,0,3,0,0,0,0,1
61969,DomusWeb,,3,0,3,3,0,3,0,0,0,0,3
61971,RevistaArqui,,3,0,3,3,0,3,0,0,0,0,0
61976,fundaciosorigue,,2,0,2,2,0,2,0,0,0,0,0
61977,fundaciomiro,,2,0,2,2,0,2,0,0,0,0,0
61980,FundacionMusaat,,2,0,2,2,0,2,0,0,0,0,6
61981,cpauorg,,2,0,2,2,0,2,0,0,0,0,6
61983,ebarrera_,,2,0,2,2,0,2,0,0,0,0,6
61984,coaclleida,,2,0,2,2,0,2,0,0,0,0,6
61986,JotDownSpain,,3,0,3,3,0,3,0,0,0,0,6
61987,MetamorfosisUGR,,2,0,2,2,0,2,0,0,0,0,6
61990,COA_Cadiz,,2,0,2,2,0,2,0,0,0,0,6
61991,COAAsturias,,2,0,2,2,0,2,0,0,0,0,4
61993,SikaSpain,,2,0,2,2,0,2,0,0,0,0,6
61999,ondiseno,,2,0,2,2,0,2,0,0,0,0,6
62000,editorialgg,,2,0,2,2,0,2,0,0,0,0,4
62001,Porcelanosa_EN,,2,0,2,2,0,2,0,0,0,0,0
62003,ExitArchitects,,2,0,2,2,0,2,0,0,0,0,6
62004,miltonchanes,,2,0,2,2,0,2,0,0,0,0,0
62005,SpringSpain,,2,0,2,2,0,2,0,0,0,0,6
62008,ACCIONACareers,,3,0,3,3,0,3,0,0,0,0,0
62010,Autodesk_ME,,2,0,2,2,0,2,0,0,0,0,2
62012,AdskMaya,,2,0,2,2,0,2,0,0,0,0,2
62017,autodeskgallery,,2,0,2,2,0,2,0,0,0,0,2
62018,AutodeskRevit,,2,0,2,2,0,2,0,0,0,0,2
62019,autodesku,,3,0,3,3,0,3,0,0,0,0,1
62021,autodesk,,3,0,3,3,0,3,0,0,0,0,2
62022,generalelectric,,2,0,2,2,0,2,0,0,0,0,6
62023,GM,,2,0,2,2,0,2,0,0,0,0,2
62024,Telefonica,,3,0,3,3,0,3,0,0,0,0,0
62027,SacyrCareers,,2,0,2,2,0,2,0,0,0,0,4
62033,AgendaArquitect,,2,0,2,2,0,2,0,0,0,0,6
62034,cursosCOAM,,2,0,2,2,0,2,0,0,0,0,6
62035,Naturgy,,3,0,3,3,0,3,0,0,0,0,4
62036,isoluxcorsan,,3,0,3,3,0,3,0,0,0,0,4
62037,ferrovial,,2,0,2,2,0,2,0,0,0,0,6
62038,latermicamlg,,4,0,4,4,0,4,0,0,0,0,4
62040,arquitectosCOAG,,2,0,2,2,0,2,0,0,0,0,6
62042,arqa_com,,2,0,2,2,0,2,0,0,0,0,6
62043,COACM,,2,0,2,2,0,2,0,0,0,0,4
62049,nodosarq,,2,0,2,2,0,2,0,0,0,0,6
62052,radioarq,,3,0,3,3,0,3,0,0,0,0,6
62053,Cortebox,,2,0,2,2,0,2,0,0,0,0,6
62054,ETSAMadrid,,2,0,2,2,0,2,0,0,0,0,4
62055,Render4tomorrow,,2,0,2,2,0,2,0,0,0,0,6
62058,arqcatalogoarq,,3,0,3,3,0,3,0,0,0,0,0
62059,santi_alfonso,,3,0,3,3,0,3,0,0,0,0,0
62060,ARQcomunidad,,2,0,2,2,0,2,0,0,0,0,6
62061,archpaper,,2,0,2,2,0,2,0,0,0,0,2
62071,arcitecta,,2,0,2,2,0,2,0,0,0,0,6
62074,BIAU_org,,2,0,2,2,0,2,0,0,0,0,6
62076,Parratectura,,2,0,2,2,0,2,0,0,0,0,6
62078,Artchitect_esp,,2,0,2,2,0,2,0,0,0,0,6
62079,br1es,,2,0,2,2,0,2,0,0,0,0,0
62083,_COAMU,,2,0,2,2,0,2,0,0,0,0,4
62085,COAMadrid,,3,0,3,3,0,3,0,0,0,0,4
62087,NanaLopDesign,,2,0,2,2,0,2,0,0,0,0,0
62089,PIE_etsag,,2,0,2,2,0,2,0,0,0,0,6
62090,14semanabim,,3,0,3,3,0,3,0,0,0,0,6
62092,DanceMillennium,,2,0,2,2,0,2,0,0,0,0,2
62093,ooopart,,3,0,3,3,0,3,0,0,0,0,0
62098,arquiparados,,2,0,2,2,0,2,0,0,0,0,6
62099,may_escutia,,3,0,3,3,0,3,0,0,0,0,0
62105,88_SBL,,2,0,2,2,0,2,0,0,0,0,6
62107,supersarmy,,3,0,3,3,0,3,0,0,0,0,6
62108,fjvmarq,,2,0,2,2,0,2,0,0,0,0,0
62112,Alodiiia,,2,0,2,2,0,2,0,0,0,0,6
62124,flor_massetto,,2,0,2,2,0,2,0,0,0,0,6
62126,MariaSCastello,,2,0,2,2,0,2,0,0,0,0,6
62128,marit__Za,,2,0,2,2,0,2,0,0,0,0,6
62131,Aconstruir,,2,0,2,2,0,2,0,0,0,0,6
62132,tatianauska,,2,0,2,2,0,2,0,0,0,0,6
62133,mcastrogr,,2,0,2,2,0,2,0,0,0,0,6
62135,mmpablo,,2,0,2,2,0,2,0,0,0,0,0
62147,Fabienne_Design,,3,0,3,3,0,3,0,0,0,0,0
62149,2MCarquitectos,,2,0,2,2,0,2,0,0,0,0,6
62151,dobleRestudio,,2,0,2,2,0,2,0,0,0,0,0
62154,_Estrella____,,2,0,2,2,0,2,0,0,0,0,6
62159,ToniDoors,,3,0,3,3,0,3,0,0,0,0,6
62164,rodriguezcano,,2,0,2,2,0,2,0,0,0,0,6
62168,angel_neoars,,3,0,3,3,0,3,0,0,0,0,6
62169,MGLorente,,3,0,3,3,0,3,0,0,0,0,6
62171,CERTIFICAENERGY,,2,0,2,2,0,2,0,0,0,0,0
62172,BSOarquitectura,,2,0,2,2,0,2,0,0,0,0,0
62178,Marta212VIP,,2,0,2,2,0,2,0,0,0,0,6
62181,jmaripino,,2,0,2,2,0,2,0,0,0,0,6
62183,eauclm,,2,0,2,2,0,2,0,0,0,0,6
62185,jguzfer,,3,0,3,3,0,3,0,0,0,0,0
62186,apajaresarq,,2,0,2,2,0,2,0,0,0,0,6
62189,Estudiodetres,,2,0,2,2,0,2,0,0,0,0,6
62190,LumionSpain,,3,0,3,3,0,3,0,0,0,0,4
62191,ITERed,,2,0,2,2,0,2,0,0,0,0,0
62196,Teblink,,2,0,2,2,0,2,0,0,0,0,6
62197,AntonioDiazRami,,3,0,3,3,0,3,0,0,0,0,0
62213,voncherry,,2,0,2,2,0,2,0,0,0,0,0
62214,FerrerArquitect,,2,0,2,2,0,2,0,0,0,0,6
62217,villar___,,3,0,3,3,0,3,0,0,0,0,6
62218,arquiam,,2,0,2,2,0,2,0,0,0,0,6
62224,OPENGAPnet,,2,0,2,2,0,2,0,0,0,0,2
62226,Maelob,,2,0,2,2,0,2,0,0,0,0,0
62230,LaFatema,,2,0,2,2,0,2,0,0,0,0,0
62231,Angi_mf88,,3,0,3,3,0,3,0,0,0,0,6
62234,e2arquitectos,,2,0,2,2,0,2,0,0,0,0,6
62235,ArquitectosSup,,2,0,2,2,0,2,0,0,0,0,6
62239,musielen,,2,0,2,2,0,2,0,0,0,0,0
62240,ErnestoUQ,,3,0,3,3,0,3,0,0,0,0,0
62241,dnewblog,,2,0,2,2,0,2,0,0,0,0,6
62246,_antonioGil,,2,0,2,2,0,2,0,0,0,0,6
62247,hele_more,,2,0,2,2,0,2,0,0,0,0,6
62248,CoToValverde,,3,0,3,3,0,3,0,0,0,0,6
62249,Jardii7,,2,0,2,2,0,2,0,0,0,0,6
62250,chemadima,,2,0,2,2,0,2,0,0,0,0,0
62257,Leyre_Hurtado,,2,0,2,2,0,2,0,0,0,0,0
62258,MADCARQUITECTOS,,2,0,2,2,0,2,0,0,0,0,6
62260,BIArquitectos,,3,0,3,3,0,3,0,0,0,0,0
62261,javier_lh,,2,0,2,2,0,2,0,0,0,0,6
62262,CSCAE_SpainArch,,2,0,2,2,0,2,0,0,0,0,6
62266,ARCOINDE,,2,0,2,2,0,2,0,0,0,0,6
62267,geasyt,,2,0,2,2,0,2,0,0,0,0,6
62268,MADinUSAL,,3,0,3,3,0,3,0,0,0,0,4
62269,davidrguez_arq,,2,0,2,2,0,2,0,0,0,0,0
62271,demajz,,2,0,2,2,0,2,0,0,0,0,6
62276,MarissolG,,3,0,3,3,0,3,0,0,0,0,6
62280,martita_gc,,2,0,2,2,0,2,0,0,0,0,0
62285,allpeim,,3,0,3,3,0,3,0,0,0,0,0
62292,muestras_gratis,,2,0,2,2,0,2,0,0,0,0,5
62293,m_arany,,2,0,2,2,0,2,0,0,0,0,6
62294,viaconstruccion,,2,0,2,2,0,2,0,0,0,0,6
62295,ArquitectoJaen,,2,0,2,2,0,2,0,0,0,0,0
62296,Eugenia__MG,,3,0,3,3,0,3,0,0,0,0,5
62301,efimeras,,2,0,2,2,0,2,0,0,0,0,0
62303,busk_design,,2,0,2,2,0,2,0,0,0,0,0
62304,Olgahmaria,,2,0,2,2,0,2,0,0,0,0,0
62308,paqodf,,3,0,3,3,0,3,0,0,0,0,0
62310,wikietsac,,2,0,2,2,0,2,0,0,0,0,4
62311,Angela_Marpe,,2,0,2,2,0,2,0,0,0,0,0
62313,rEcolectores,,2,0,2,2,0,2,0,0,0,0,6
62316,javierfernandz,,2,0,2,2,0,2,0,0,0,0,0
62317,NadrilSan,,2,0,2,2,0,2,0,0,0,0,0
62318,accesit,,2,0,2,2,0,2,0,0,0,0,6
62319,LookArk,,3,0,3,3,0,3,0,0,0,0,6
62327,Vadoinafrica,,2,0,2,2,0,2,0,0,0,0,3
62328,africarivista,,2,0,2,2,0,2,0,0,0,0,3
62332,CNBCnow,,2,0,2,2,0,2,0,0,0,0,0
62338,wellcometrust,,2,0,2,2,0,2,0,0,0,0,1
62345,EUAthletes,,2,0,2,2,0,2,0,0,0,0,2
62347,EOCEUOffice,,2,0,2,2,0,2,0,0,0,0,1
62349,paolao,,2,0,2,2,0,2,0,0,0,0,1
62356,PES_CoR,,2,0,2,2,0,2,0,0,0,0,1
62360,JamesCrisp6,,3,0,3,3,0,3,0,0,0,0,1
62371,ipinst,,2,0,2,2,0,2,0,0,0,0,1
62373,USIP,,2,0,2,2,0,2,0,0,0,0,1
62375,EPLO_,,2,0,2,2,0,2,0,0,0,0,3
62376,ParisPeaceForum,,2,0,2,2,0,2,0,0,0,0,1
62377,EUtoAU,,3,0,3,3,0,3,0,0,0,0,1
62378,AUEUYouthHub,,2,0,2,2,0,2,0,0,0,0,1
62385,eudiascouncil,,2,0,2,2,0,2,0,0,0,0,1
62387,LithuaniaConNY,,2,0,2,2,0,2,0,0,0,0,1
62389,BNSLithuania,,2,0,2,2,0,2,0,0,0,0,1
62390,KurkLT,,2,0,2,2,0,2,0,0,0,0,1
62391,mdanys,,2,0,2,2,0,2,0,0,0,0,1
62392,lithuaniatribun,,4,0,4,4,0,4,0,0,0,0,0
62393,invest_LT,,2,0,2,2,0,2,0,0,0,0,1
62394,hubvilnius,,2,0,2,2,0,2,0,0,0,0,1
62395,GlobalLithuania,,2,0,2,2,0,2,0,0,0,0,1
62396,VilniusTechPark,,2,0,2,2,0,2,0,0,0,0,1
62398,edmundas4,,2,0,2,2,0,2,0,0,0,0,1
62422,seedcamp,,2,0,2,2,0,2,0,0,0,0,1
62423,Sbootcamp,,2,0,2,2,0,2,0,0,0,0,3
62424,EYIF,,3,0,3,3,0,3,0,0,0,0,1
62425,startupeuw,,2,0,2,2,0,2,0,0,0,0,3
62435,hubofideas,,2,0,2,2,0,2,0,0,0,0,1
62441,theRealKiyosaki,,3,0,3,3,0,3,0,0,0,0,3
62444,jimcramer,,2,0,2,2,0,2,0,0,0,0,3
62445,OfficialJimRohn,,2,0,2,2,0,2,0,0,0,0,3
62447,WomenEnt,,2,0,2,2,0,2,0,0,0,0,4
62478,reachforchange_,,2,0,2,2,0,2,0,0,0,0,1
62487,AmericanExpress,,3,0,3,3,0,3,0,0,0,0,2
62489,Mastercard,,2,0,2,2,0,2,0,0,0,0,0
62491,Visa,,2,0,2,2,0,2,0,0,0,0,0
62493,VisaNews,,2,0,2,2,0,2,0,0,0,0,0
62495,MastercardNews,,2,0,2,2,0,2,0,0,0,0,0
62503,PaymentEye,,2,0,2,2,0,2,0,0,0,0,1
62512,pymnts,,2,0,2,2,0,2,0,0,0,0,7
62522,HumanioraUmu,,2,0,2,2,0,2,0,0,0,0,1
62523,umeauniversitet,,3,0,3,3,0,3,0,0,0,0,1
62524,Stockholms_univ,,3,0,3,3,0,3,0,0,0,0,1
62525,LTHinfo,,2,0,2,2,0,2,0,0,0,0,1
62563,IFCAfrica,,2,0,2,2,0,2,0,0,0,0,1
62564,InvestInAfrica,,2,0,2,2,0,2,0,0,0,0,1
62567,handels_sse,,2,0,2,2,0,2,0,0,0,0,7
62569,timoreilly,,2,0,2,2,0,2,0,0,0,0,1
62570,biz,,2,0,2,2,0,2,0,0,0,0,1
62572,TyskSvenskaHK,,2,0,2,2,0,2,0,0,0,0,1
62576,Goethe_Schweden,,2,0,2,2,0,2,0,0,0,0,1
62578,StylianidesEU,,4,0,4,4,0,4,0,0,0,0,3
62580,_CatherineRay,,3,0,3,3,0,3,0,0,0,0,1
62581,100ResCities,,3,0,3,3,0,3,0,0,0,0,1
62582,MajaEUspox,,3,0,3,3,0,3,0,0,0,0,1
62583,ICLEI_ResCities,,2,0,2,2,0,2,0,0,0,0,1
62584,MichaelMannEU,,3,0,3,3,0,3,0,0,0,0,1
62585,ICLEI,,2,0,2,2,0,2,0,0,0,0,1
62586,ValedeAlmeidaEU,,3,0,3,3,0,3,0,0,0,0,1
62587,SimonKNicholson,,3,0,3,3,0,3,0,0,0,0,1
62588,Montijano,,3,0,3,3,0,3,0,0,0,0,1
62589,ERRINNetwork,,2,0,2,2,0,2,0,0,0,0,1
62590,EARTOBrussels,,3,0,3,3,0,3,0,0,0,0,1
62591,COSTprogramme,,3,0,3,3,0,3,0,0,0,0,1
62593,k4innovation,,3,0,3,3,0,3,0,0,0,0,1
62595,EENEAST,,3,0,3,3,0,3,0,0,0,0,1
62600,EEN_NorthWest,,3,0,3,3,0,3,0,0,0,0,1
62603,EEN_Istanbul,,3,0,3,3,0,3,0,0,0,0,1
62606,bb_europe,,3,0,3,3,0,3,0,0,0,0,1
62607,EENNorway,,3,0,3,3,0,3,0,0,0,0,1
62610,EEN_vast,,3,0,3,3,0,3,0,0,0,0,1
62611,SCDInews,,2,0,2,2,0,2,0,0,0,0,1
62615,EEN_NDS,,3,0,3,3,0,3,0,0,0,0,1
62618,EEN_Bayern,,3,0,3,3,0,3,0,0,0,0,1
62619,EEN_Hessen,,3,0,3,3,0,3,0,0,0,0,1
62621,agsocialmedia,,2,0,2,2,0,2,0,0,0,0,1
62622,startupstash,,2,0,2,2,0,2,0,0,0,0,1
62626,GreylockVC,,2,0,2,2,0,2,0,0,0,0,1
62630,Accel,,2,0,2,2,0,2,0,0,0,0,1
62644,EENNORTHEAST,,3,0,3,3,0,3,0,0,0,0,1
62645,EENYH,,3,0,3,3,0,3,0,0,0,0,1
62646,EPinOesterreich,,3,0,3,3,0,3,0,0,0,0,1
62647,ZEKvSR,,2,0,2,2,0,2,0,0,0,0,1
62648,EP_Bratislava,,3,0,3,3,0,3,0,0,0,0,1
62650,eSENS_EU,,3,0,3,3,0,3,0,0,0,0,1
62651,EKvSloveniji,,2,0,2,2,0,2,0,0,0,0,1
62652,EENnl,,3,0,3,3,0,3,0,0,0,0,1
62655,ExcluSivix,,2,0,2,2,0,2,0,0,0,0,6
62656,IPRHelpdesk,,2,0,2,2,0,2,0,0,0,0,1
62669,NonProfitTimes,,2,0,2,2,0,2,0,0,0,0,2
62679,CryptoNowTV,,2,0,2,2,0,2,0,0,0,0,1
62703,research_uk,,3,0,3,3,0,3,0,0,0,0,2
62705,aa_eu,,2,0,2,2,0,2,0,0,0,0,3
62707,My_WayProject,,2,0,2,2,0,2,0,0,0,0,3
62708,LUISSEnLabs,,3,0,3,3,0,3,0,0,0,0,3
62709,digitaltwisters,,2,0,2,2,0,2,0,0,0,0,3
62710,StartupScaleup,,2,0,2,2,0,2,0,0,0,0,3
62715,UCL_teaching,,2,0,2,2,0,2,0,0,0,0,1
62716,UCLArena,,3,0,3,3,0,3,0,0,0,0,1
62718,SECOM_jp,,2,0,2,2,0,2,0,0,0,0,1
62720,KurtDeketelaere,,2,0,2,2,0,2,0,0,0,0,1
62721,LERUnews,,3,0,3,3,0,3,0,0,0,0,3
62730,thestartupspace,,2,0,2,2,0,2,0,0,0,0,1
62759,chrisbrogan,,3,0,3,3,0,3,0,0,0,0,2
62763,nico_rosberg,,3,0,3,3,0,3,0,0,0,0,2
62778,GoogleAI,,3,0,3,3,0,3,0,0,0,0,2
62779,Docker,,3,0,3,3,0,3,0,0,0,0,8
62781,GoogleWorkspace,,4,0,4,4,0,4,0,0,0,0,2
62787,Werner,,2,0,2,2,0,2,0,0,0,0,8
62808,TechSoup,,2,0,2,2,0,2,0,0,0,0,1
62811,SarasvuoJari,,2,0,2,2,0,2,0,0,0,0,1
62813,AnttiRinnepj,,2,0,2,2,0,2,0,0,0,0,1
62814,TuomasEnbuske,,2,0,2,2,0,2,0,0,0,0,1
62816,juhasipila,,3,0,3,3,0,3,0,0,0,0,1
62819,MikaelJungner,,2,0,2,2,0,2,0,0,0,0,1
62821,sannigrahn,,2,0,2,2,0,2,0,0,0,0,1
62822,NHO_no,,2,0,2,2,0,2,0,0,0,0,1
62823,PauliAS,,2,0,2,2,0,2,0,0,0,0,1
62825,oajry,,2,0,2,2,0,2,0,0,0,0,1
62826,Opetushallitus,,2,0,2,2,0,2,0,0,0,0,1
62830,SuomenAkatemia,,2,0,2,2,0,2,0,0,0,0,1
62831,InnovasjonNorge,,2,0,2,2,0,2,0,0,0,0,1
62832,helsinkiuni,,3,0,3,3,0,3,0,0,0,0,1
62835,AaltoUniversity,,3,0,3,3,0,3,0,0,0,0,1
62838,SlushHQ,,2,0,2,2,0,2,0,0,0,0,1
62839,arcticstartup,,3,0,3,3,0,3,0,0,0,0,1
62851,RED,,3,0,3,3,0,3,0,0,0,0,1
62852,Water,,3,0,3,3,0,3,0,0,0,0,1
62853,charitywater,,3,0,3,3,0,3,0,0,0,0,1
62854,ONECampaign,,3,0,3,3,0,3,0,0,0,0,1
62863,AfricaResearch,,2,0,2,2,0,2,0,0,0,0,1
62865,VenturesAfrica,,2,0,2,2,0,2,0,0,0,0,1
62866,MadeItInAfrica,,2,0,2,2,0,2,0,0,0,0,1
62867,VC4Africa,,2,0,2,2,0,2,0,0,0,0,1
62872,androidcentral,,3,0,3,3,0,3,0,0,0,0,7
62873,AndroidDev,,3,0,3,3,0,3,0,0,0,0,2
62874,dosomething,,3,0,3,3,0,3,0,0,0,0,1
62875,Kiva,,3,0,3,3,0,3,0,0,0,0,1
62876,good,,3,0,3,3,0,3,0,0,0,0,1
62877,CaseFoundation,,3,0,3,3,0,3,0,0,0,0,1
62878,Changemakers,,3,0,3,3,0,3,0,0,0,0,1
62879,echoinggreen,,2,0,2,2,0,2,0,0,0,0,2
62880,Ashoka,,3,0,3,3,0,3,0,0,0,0,8
62881,SSIReview,,3,0,3,3,0,3,0,0,0,0,2
62882,SkollFoundation,,3,0,3,3,0,3,0,0,0,0,1
62885,SamsungPolska,,2,0,2,2,0,2,0,0,0,0,1
62892,welcomestartup,,2,0,2,2,0,2,0,0,0,0,3
62898,dwnews,,3,0,3,3,0,3,0,0,0,0,1
62900,TheLocalSpain,,2,0,2,2,0,2,0,0,0,0,1
62902,TheLocalItaly,,3,0,3,3,0,3,0,0,0,0,1
62903,TheLocalFrance,,2,0,2,2,0,2,0,0,0,0,1
62905,TheLocalEurope,,2,0,2,2,0,2,0,0,0,0,1
62906,SPIEGEL_English,,3,0,3,3,0,3,0,0,0,0,6
62908,TheLocalGermany,,3,0,3,3,0,3,0,0,0,0,1
62909,TheLocalNorway,,2,0,2,2,0,2,0,0,0,0,1
62911,PegFitzpatrick,,2,0,2,2,0,2,0,0,0,0,2
62912,kimgarst,,3,0,3,3,0,3,0,0,0,0,2
62913,NealSchaffer,,2,0,2,2,0,2,0,0,0,0,1
62951,cisl_cambridge,,2,0,2,2,0,2,0,0,0,0,1
62952,wbcsd,,3,0,3,3,0,3,0,0,0,0,2
62955,ericsson,,2,0,2,2,0,2,0,0,0,0,1
62973,gmyn,,2,0,2,2,0,2,0,0,0,0,1
62974,OnSideYZ,,2,0,2,2,0,2,0,0,0,0,1
62979,Accenture_AR,,3,0,3,3,0,3,0,0,0,0,4
62994,sacca,,3,0,3,3,0,3,0,0,0,0,7
62995,tferriss,,3,0,3,3,0,3,0,0,0,0,2
63001,techwildcatters,,2,0,2,2,0,2,0,0,0,0,3
63039,jeffbullas,,3,0,3,3,0,3,0,0,0,0,2
63043,jyotibansalsf,,2,0,2,2,0,2,0,0,0,0,4
63050,MartinAButters,,3,0,3,3,0,3,0,0,0,0,2
63057,a16z,,2,0,2,2,0,2,0,0,0,0,1
63058,davemcclure,,3,0,3,3,0,3,0,0,0,0,3
63060,CTrappe,,2,0,2,2,0,2,0,0,0,0,1
63079,Uber,,3,0,3,3,0,3,0,0,0,0,7
63081,HotelTonight,,2,0,2,2,0,2,0,0,0,0,1
63094,BAEurope,,2,0,2,2,0,2,0,0,0,0,1
63096,EBAN_org,,2,0,2,2,0,2,0,0,0,0,1
63099,tinholt,,2,0,2,2,0,2,0,0,0,0,1
63114,jeune_afrique,,3,0,3,3,0,3,0,0,0,0,1
63115,RFIAfrique,,2,0,2,2,0,2,0,0,0,0,1
63116,bbcafrique,,2,0,2,2,0,2,0,0,0,0,1
63117,VOAAfrica,,2,0,2,2,0,2,0,0,0,0,1
63118,allafrica,,3,0,3,3,0,3,0,0,0,0,1
63120,BBCAfrica,,3,0,3,3,0,3,0,0,0,0,1
63123,SMExaminer,,3,0,3,3,0,3,0,0,0,0,2
63124,MariSmith,,3,0,3,3,0,3,0,0,0,0,2
63125,GuyKawasaki,,3,0,3,3,0,3,0,0,0,0,2
63126,StartUscc,,2,0,2,2,0,2,0,0,0,0,4
63128,VaynerMedia,,2,0,2,2,0,2,0,0,0,0,1
63129,TonyRobbins,,3,0,3,3,0,3,0,0,0,0,2
63131,AngelList,,3,0,3,3,0,3,0,0,0,0,2
63132,ProductHunt,,2,0,2,2,0,2,0,0,0,0,2
63133,Gizmodo,,4,0,4,4,0,4,0,0,0,0,1
63149,Daily_Express,,2,0,2,2,0,2,0,0,0,0,2
63150,DailyMirror,,4,0,4,4,0,4,0,0,0,0,2
63151,TheSun,,3,0,3,3,0,3,0,0,0,0,1
63162,nuzzel,,2,0,2,2,0,2,0,0,0,0,1
63164,kanter,,3,0,3,3,0,3,0,0,0,0,7
63176,pitchatpalace,,2,0,2,2,0,2,0,0,0,0,1
63203,inLOMBARDIA,,2,0,2,2,0,2,0,0,0,0,1
63205,YESforEurope,,2,0,2,2,0,2,0,0,0,0,1
63210,forbesafrica,,2,0,2,2,0,2,0,0,0,0,1
63211,cnbcafrica,,2,0,2,2,0,2,0,0,0,0,1
63240,garyvee,,3,0,3,3,0,3,0,0,0,0,7
63282,finlandinuk,,2,0,2,2,0,2,0,0,0,0,1
63285,HelsinkiComm,,2,0,2,2,0,2,0,0,0,0,1
63286,AnniSinnemaki,,2,0,2,2,0,2,0,0,0,0,1
63287,Gatwick_Airport,,5,0,5,5,0,5,0,0,0,0,0
63292,Finnair,,2,0,2,2,0,2,0,0,0,0,2
63293,HelsinkiAirport,,2,0,2,2,0,2,0,0,0,0,2
63296,UniOslo,,3,0,3,3,0,3,0,0,0,0,1
63297,OsloFF,,2,0,2,2,0,2,0,0,0,0,1
63298,IrlEmbOslo,,2,0,2,2,0,2,0,0,0,0,1
63299,Northern_Norway,,2,0,2,2,0,2,0,0,0,0,1
63303,VisitOSLO,,2,0,2,2,0,2,0,0,0,0,1
63321,GreekinBerlin,,2,0,2,2,0,2,0,0,0,0,1
63323,Netherlanders,,2,0,2,2,0,2,0,0,0,0,1
63325,finland,,2,0,2,2,0,2,0,0,0,0,4
63327,WeAreAustralia,,2,0,2,2,0,2,0,0,0,0,7
63328,DiscoverFinland,,2,0,2,2,0,2,0,0,0,0,1
63329,ireland,,3,0,3,3,0,3,0,0,0,0,1
63330,sweden,,2,0,2,2,0,2,0,0,0,0,1
63331,swedense,,2,0,2,2,0,2,0,0,0,0,1
63332,visitstockholm,,2,0,2,2,0,2,0,0,0,0,1
63333,TheLocalSweden,,2,0,2,2,0,2,0,0,0,0,1
63334,OurFinland,,3,0,3,3,0,3,0,0,0,0,7
63336,visitsweden,,2,0,2,2,0,2,0,0,0,0,1
63337,cphpost,,2,0,2,2,0,2,0,0,0,0,1
63338,VisitHelsinki,,2,0,2,2,0,2,0,0,0,0,1
63339,denmarkdotdk,,2,0,2,2,0,2,0,0,0,0,1
63341,VisitCopenhagen,,2,0,2,2,0,2,0,0,0,0,1
63342,firstround,,2,0,2,2,0,2,0,0,0,0,1
63343,bfeld,,2,0,2,2,0,2,0,0,0,0,2
63344,ycombinator,,3,0,3,3,0,3,0,0,0,0,8
63348,Jason,,2,0,2,2,0,2,0,0,0,0,2
63355,dasjoshua,,2,0,2,2,0,2,0,0,0,0,1
63359,SweMFA,,3,0,3,3,0,3,0,0,0,0,1
63364,latimes,,3,0,3,3,0,3,0,0,0,0,2
63365,USATODAY,,3,0,3,3,0,3,0,0,0,0,2
63366,Newsweek,,3,0,3,3,0,3,0,0,0,0,2
63368,VentureBeat,,4,0,4,4,0,4,0,0,0,0,2
63370,TCEurope,,2,0,2,2,0,2,0,0,0,0,1
63372,MindTheBridge,,2,0,2,2,0,2,0,0,0,0,1
63373,mikebutcher,,2,0,2,2,0,2,0,0,0,0,2
63379,iamstartacus,,2,0,2,2,0,2,0,0,0,0,1
63382,tech_eu,,2,0,2,2,0,2,0,0,0,0,1
63383,EU_Startups,,2,0,2,2,0,2,0,0,0,0,3
63384,SFS_officiell,,2,0,2,2,0,2,0,0,0,0,1
63393,Qratetv,,2,0,2,2,0,2,0,0,0,0,2
63397,hogskolaniboras,,3,0,3,3,0,3,0,0,0,0,1
63400,chalmersnyheter,,3,0,3,3,0,3,0,0,0,0,1
63402,linneuni,,3,0,3,3,0,3,0,0,0,0,1
63403,LTUniv,,3,0,3,3,0,3,0,0,0,0,1
63404,KAU,,3,0,3,3,0,3,0,0,0,0,1
63405,goteborgsuni,,3,0,3,3,0,3,0,0,0,0,1
63406,Lundsuni,,3,0,3,3,0,3,0,0,0,0,1
63407,orebrouni,,3,0,3,3,0,3,0,0,0,0,7
63408,KTHinfo,,3,0,3,3,0,3,0,0,0,0,1
63409,Stockholm_Uni,,3,0,3,3,0,3,0,0,0,0,1
63410,EPinNL,,3,0,3,3,0,3,0,0,0,0,1
63415,Stockholmsstad,,2,0,2,2,0,2,0,0,0,0,1
63418,EuroProjectC,,3,0,3,3,0,3,0,0,0,0,1
63423,TigerWoods,,2,0,2,2,0,2,0,0,0,0,2
63424,McIlroyRory,,2,0,2,2,0,2,0,0,0,0,2
63425,WestwoodLee,,3,0,3,3,0,3,0,0,0,0,2
63426,htc,,3,0,3,3,0,3,0,0,0,0,7
63427,TheSergioGarcia,,2,0,2,2,0,2,0,0,0,0,0
63428,World_Wildlife,,4,0,4,4,0,4,0,0,0,0,2
63430,JebBush,,2,0,2,2,0,2,0,0,0,0,1
63431,FreakyTheory,,2,0,2,2,0,2,0,0,0,0,2
63433,ericschmidt,,3,0,3,3,0,3,0,0,0,0,8
63438,IanJamesPoulter,,3,0,3,3,0,3,0,0,0,0,2
63439,GStephanopoulos,,2,0,2,2,0,2,0,0,0,0,1
63440,blakeshelton,,3,0,3,3,0,3,0,0,0,0,3
63441,codeorg,,4,0,4,4,0,4,0,0,0,0,3
63442,architecturehub,,2,0,2,2,0,2,0,0,0,0,2
63445,BillNye,,4,0,4,4,0,4,0,0,0,0,2
63446,MarinaDiamandis,,4,0,4,4,0,4,0,0,0,0,5
63447,billmaher,,3,0,3,3,0,3,0,0,0,0,3
63450,Lightroom,,3,0,3,3,0,3,0,0,0,0,1
63451,planetepics,,2,0,2,2,0,2,0,0,0,0,5
63453,bubbawatson,,2,0,2,2,0,2,0,0,0,0,0
63455,Photoshop,,3,0,3,3,0,3,0,0,0,0,1
63456,LastWeekTonight,,2,0,2,2,0,2,0,0,0,0,2
63457,LuceroMexico,,2,0,2,2,0,2,0,0,0,0,0
63458,tedcruz,,2,0,2,2,0,2,0,0,0,0,1
63459,Trevornoah,,2,0,2,2,0,2,0,0,0,0,2
63461,MMFlint,,3,0,3,3,0,3,0,0,0,0,0
63463,marcorubio,,3,0,3,3,0,3,0,0,0,0,3
63467,brainbarcom,,2,0,2,2,0,2,0,0,0,0,2
63474,EuropaCinemas,,2,0,2,2,0,2,0,0,0,0,2
63482,ladbible,,2,0,2,2,0,2,0,0,0,0,2
63484,VisegradInsight,,2,0,2,2,0,2,0,0,0,0,2
63487,WomensHealthMag,,3,0,3,3,0,3,0,0,0,0,2
63489,Shape_Magazine,,3,0,3,3,0,3,0,0,0,0,2
63493,MaxCRoser,,3,0,3,3,0,3,0,0,0,0,2
63499,ShelbyLeeWalsh,,2,0,2,2,0,2,0,0,0,0,2
63500,jeremygutsche,,2,0,2,2,0,2,0,0,0,0,7
63515,florianklenk,,2,0,2,2,0,2,0,0,0,0,2
63516,sebastiankurz,,2,0,2,2,0,2,0,0,0,0,2
63520,duolingo,,2,0,2,2,0,2,0,0,0,0,2
63521,babbel,,3,0,3,3,0,3,0,0,0,0,2
63522,wiwo,,2,0,2,2,0,2,0,0,0,0,2
63523,manager_magazin,,2,0,2,2,0,2,0,0,0,0,2
63530,FMCGbrands,,2,0,2,2,0,2,0,0,0,0,2
63531,FMCGCEO,,2,0,2,2,0,2,0,0,0,0,2
63532,FoodManufacture,,3,0,3,3,0,3,0,0,0,0,2
63536,TalkingRetail,,2,0,2,2,0,2,0,0,0,0,7
63537,RetailWeek,,2,0,2,2,0,2,0,0,0,0,7
63538,SN_news,,2,0,2,2,0,2,0,0,0,0,7
63541,RetailAnalysis,,2,0,2,2,0,2,0,0,0,0,7
63542,EdgeAscential,,2,0,2,2,0,2,0,0,0,0,7
63543,esm_magazine,,2,0,2,2,0,2,0,0,0,0,7
63547,vs_hu,,2,0,2,2,0,2,0,0,0,0,2
63549,indexhu,,2,0,2,2,0,2,0,0,0,0,2
63551,Forbes_HU,,2,0,2,2,0,2,0,0,0,0,2
63552,MITSloan,,3,0,3,3,0,3,0,0,0,0,0
63553,thecoolhunter,,2,0,2,2,0,2,0,0,0,0,2
63554,FastCompany,,3,0,3,3,0,3,0,0,0,0,2
63555,lifehacker,,4,0,4,4,0,4,0,0,0,0,2
63556,adsoftheworld,,3,0,3,3,0,3,0,0,0,0,7
63557,AdFreak,,3,0,3,3,0,3,0,0,0,0,7
63558,Adweek,,3,0,3,3,0,3,0,0,0,0,2
63559,coolhunting,,3,0,3,3,0,3,0,0,0,0,2
63560,trendwatching,,2,0,2,2,0,2,0,0,0,0,2
63561,PSFK,,2,0,2,2,0,2,0,0,0,0,2
63562,trendhunter,,3,0,3,3,0,3,0,0,0,0,2
63563,Tagesspiegel,,2,0,2,2,0,2,0,0,0,0,2
63564,BILD,,2,0,2,2,0,2,0,0,0,0,2
63565,focusonline,,2,0,2,2,0,2,0,0,0,0,2
63566,sternde,,2,0,2,2,0,2,0,0,0,0,2
63567,yearsandyears,,3,0,3,3,0,3,0,0,0,0,5
63569,BarbaraPalvin,,2,0,2,2,0,2,0,0,0,0,2
63570,abroad_me,,2,0,2,2,0,2,0,0,0,0,1
63571,JesseMcCartney,,2,0,2,2,0,2,0,0,0,0,2
63576,vmagazine,,3,0,3,3,0,3,0,0,0,0,2
63577,KreativMag,,2,0,2,2,0,2,0,0,0,0,2
63581,VisitBudapest,,3,0,3,3,0,3,0,0,0,0,2
63582,welovebudapest,,3,0,3,3,0,3,0,0,0,0,6
63585,Cosmopolitan,,3,0,3,3,0,3,0,0,0,0,1
63587,seventeen,,2,0,2,2,0,2,0,0,0,0,2
63588,TeenVogue,,3,0,3,3,0,3,0,0,0,0,2
63589,NylonMag,,3,0,3,3,0,3,0,0,0,0,2
63590,wmag,,3,0,3,3,0,3,0,0,0,0,2
63591,CosmopolitanUK,,3,0,3,3,0,3,0,0,0,0,2
63592,marieclaireuk,,2,0,2,2,0,2,0,0,0,0,2
63593,GlamourMagUK,,3,0,3,3,0,3,0,0,0,0,1
63594,BazaarUK,,3,0,3,3,0,3,0,0,0,0,1
63595,ELLEUK,,3,0,3,3,0,3,0,0,0,0,1
63596,harpersbazaarus,,3,0,3,3,0,3,0,0,0,0,2
63597,InStyle,,3,0,3,3,0,3,0,0,0,0,2
63598,glamourmag,,3,0,3,3,0,3,0,0,0,0,1
63601,oliviawilde,,3,0,3,3,0,3,0,0,0,0,5
63602,ElizabethBanks,,2,0,2,2,0,2,0,0,0,0,2
63603,KristenBell,,3,0,3,3,0,3,0,0,0,0,2
63604,channingtatum,,3,0,3,3,0,3,0,0,0,0,2
63605,ChloeGMoretz,,2,0,2,2,0,2,0,0,0,0,2
63606,hitRECordJoe,,3,0,3,3,0,3,0,0,0,0,2
63607,ZooeyDeschanel,,3,0,3,3,0,3,0,0,0,0,2
63608,AnnaKendrick47,,3,0,3,3,0,3,0,0,0,0,2
63611,VICE,,4,0,4,4,0,4,0,0,0,0,2
63614,FortuneMagazine,,4,0,4,4,0,4,0,0,0,0,2
63617,Womenworking,,2,0,2,2,0,2,0,0,0,0,2
63618,SharpHeels,,2,0,2,2,0,2,0,0,0,0,2
63621,jpmorgan,,2,0,2,2,0,2,0,0,0,0,2
63622,KPMG_US,,2,0,2,2,0,2,0,0,0,0,2
63624,kpmguk,,2,0,2,2,0,2,0,0,0,0,3
63626,PwC_UK,,2,0,2,2,0,2,0,0,0,0,2
63628,PwCAdvisory,,2,0,2,2,0,2,0,0,0,0,2
63629,DeloitteUS,,2,0,2,2,0,2,0,0,0,0,2
63630,MichaelEPorter,,2,0,2,2,0,2,0,0,0,0,2
63631,BainInsights,,2,0,2,2,0,2,0,0,0,0,2
63632,BCGhenderson,,2,0,2,2,0,2,0,0,0,0,2
63633,McKinsey_MGI,,2,0,2,2,0,2,0,0,0,0,2
63634,McKQuarterly,,2,0,2,2,0,2,0,0,0,0,1
63635,EYnews,,3,0,3,3,0,3,0,0,0,0,3
63636,CNNBusiness,,3,0,3,3,0,3,0,0,0,0,2
63637,BW,,3,0,3,3,0,3,0,0,0,0,2
63638,Accenture,,3,0,3,3,0,3,0,0,0,0,6
63639,BCG,,2,0,2,2,0,2,0,0,0,0,2
63640,McKinsey,,2,0,2,2,0,2,0,0,0,0,2
63641,Deloitte,,3,0,3,3,0,3,0,0,0,0,2
63642,GoldmanSachs,,2,0,2,2,0,2,0,0,0,0,3
63649,lenadunham,,3,0,3,3,0,3,0,0,0,0,6
63651,welt,,3,0,3,3,0,3,0,0,0,0,2
63658,JanelParrish,,2,0,2,2,0,2,0,0,0,0,2
63659,KeeganAllen,,2,0,2,2,0,2,0,0,0,0,4
63660,tylerjblackburn,,2,0,2,2,0,2,0,0,0,0,2
63661,SashaPieterse,,2,0,2,2,0,2,0,0,0,0,2
63662,IANMHARDING,,3,0,3,3,0,3,0,0,0,0,2
63663,SleepintheGardn,,3,0,3,3,0,3,0,0,0,0,6
63664,shaymitch,,3,0,3,3,0,3,0,0,0,0,5
63665,lucyhale,,3,0,3,3,0,3,0,0,0,0,5
63666,RobertsEmma,,2,0,2,2,0,2,0,0,0,0,2
63667,KellyOsbourne,,3,0,3,3,0,3,0,0,0,0,2
63668,DitaVonTeese,,3,0,3,3,0,3,0,0,0,0,2
63669,RachelZoe,,2,0,2,2,0,2,0,0,0,0,2
63672,nicolerichie,,3,0,3,3,0,3,0,0,0,0,2
63673,KatieHeigl,,2,0,2,2,0,2,0,0,0,0,2
63674,TEDx,,3,0,3,3,0,3,0,0,0,0,2
63675,lancearmstrong,,2,0,2,2,0,2,0,0,0,0,2
63678,BenAffleck,,3,0,3,3,0,3,0,0,0,0,2
63679,markwahlberg,,2,0,2,2,0,2,0,0,0,0,2
63680,McConaughey,,3,0,3,3,0,3,0,0,0,0,2
63681,szigetofficial,,2,0,2,2,0,2,0,0,0,0,2
63684,ederkrisztian,,2,0,2,2,0,2,0,0,0,0,2
63686,prezi,,4,0,4,4,0,4,0,0,0,0,2
63687,iansomerhalder,,4,0,4,4,0,4,0,0,0,0,2
63688,PerezHilton,,3,0,3,3,0,3,0,0,0,0,2
63694,VG_empleoformac,,2,0,2,2,0,2,0,0,0,0,4
63696,arribalasramas,,2,0,2,2,0,2,0,0,0,0,4
63697,PeriodistaRural,,2,0,2,2,0,2,0,0,0,0,0
63715,aragoncultura,,3,0,3,3,0,3,0,0,0,0,2
63721,Alimentacion_es,,2,0,2,2,0,2,0,0,0,0,0
63723,corraldealcala,,2,0,2,2,0,2,0,0,0,0,0
63728,ChrysallisAEFMT,,2,0,2,2,0,2,0,0,0,0,2
63741,OscarNegredo,,2,0,2,2,0,2,0,0,0,0,4
63743,abaoaqu_,,2,0,2,2,0,2,0,0,0,0,2
63765,ED_CAIRE,,4,0,4,4,0,4,0,0,0,0,1
63771,deborahciencia,,2,0,2,2,0,2,0,0,0,0,4
63773,microBIOblog,,2,0,2,2,0,2,0,0,0,0,5
63781,DeleETSII_UPM,,2,0,2,2,0,2,0,0,0,0,4
63794,UPCAlumni,,2,0,2,2,0,2,0,0,0,0,4
63796,ClubTeslaES,,2,0,2,2,0,2,0,0,0,0,0
63831,CNIC_CARDIO,,3,0,3,3,0,3,0,0,0,0,0
63833,vencerelcancer,,2,0,2,2,0,2,0,0,0,0,4
63836,nekatur,,2,0,2,2,0,2,0,0,0,0,0
63839,emakundEJGV,,2,0,2,2,0,2,0,0,0,0,4
63843,bculinary,,3,0,3,3,0,3,0,0,0,0,0
63854,AlianzaXClima,,2,0,2,2,0,2,0,0,0,0,4
63897,Factoriamadrid,,3,0,3,3,0,3,0,0,0,0,0
63906,jcarolinares,,2,0,2,2,0,2,0,0,0,0,1
63917,porsiete,,2,0,2,2,0,2,0,0,0,0,4
63923,IgualdadGobCan,,3,0,3,3,0,3,0,0,0,0,4
63942,WomenLegalW,,2,0,2,2,0,2,0,0,0,0,4
63965,G3ict,,2,0,2,2,0,2,0,0,0,0,1
63966,Conversation_E,,2,0,2,2,0,2,0,0,0,0,4
63970,augac,,2,0,2,2,0,2,0,0,0,0,4
63989,fande_oficial,,2,0,2,2,0,2,0,0,0,0,4
63992,OFICIALCOITIMAD,,2,0,2,2,0,2,0,0,0,0,4
63994,TodoFundaciones,,2,0,2,2,0,2,0,0,0,0,4
64010,fundterra,,2,0,2,2,0,2,0,0,0,0,4
64028,FundacionICIL,,2,0,2,2,0,2,0,0,0,0,0
64049,EuropaJoven,,2,0,2,2,0,2,0,0,0,0,1
64051,Carne_Joven_MAD,,3,0,3,3,0,3,0,0,0,0,4
64052,FAPA_Giner_Rios,,3,0,3,3,0,3,0,0,0,0,4
64070,MercedesValcarc,,2,0,2,2,0,2,0,0,0,0,4
64073,OxfamSalamanca,,3,0,3,3,0,3,0,0,0,0,6
64084,ongAIDA,,2,0,2,2,0,2,0,0,0,0,4
64106,picanyabasquet,,2,0,2,2,0,2,0,0,0,0,2
64111,windowsserver,,2,0,2,2,0,2,0,0,0,0,0
64112,Office,,3,0,3,3,0,3,0,0,0,0,4
64116,FANUCOVA,,2,0,2,2,0,2,0,0,0,0,4
64122,funddonbosco,,2,0,2,2,0,2,0,0,0,0,5
64138,CONCAPANavarra,,2,0,2,2,0,2,0,0,0,0,4
64151,ClubExportadore,,2,0,2,2,0,2,0,0,0,0,4
64152,empresaexterior,,2,0,2,2,0,2,0,0,0,0,4
64153,asociacionMKT,,3,0,3,3,0,3,0,0,0,0,0
64155,FunElNogal,,2,0,2,2,0,2,0,0,0,0,4
64158,AnaSainzMartin,,2,0,2,2,0,2,0,0,0,0,0
64160,Fund_Tambien,,3,0,3,3,0,3,0,0,0,0,0
64162,ReligionDigit,,2,0,2,2,0,2,0,0,0,0,6
64164,Caritasalamanca,,3,0,3,3,0,3,0,0,0,0,6
64181,cademalaga,,3,0,3,3,0,3,0,0,0,0,0
64198,CatDespoblacion,,2,0,2,2,0,2,0,0,0,0,4
64221,GirlsNotBrides,,2,0,2,2,0,2,0,0,0,0,2
64238,VolunFair,,2,0,2,2,0,2,0,0,0,0,4
64247,GirlsinTechES,,2,0,2,2,0,2,0,0,0,0,0
64250,la_Mutua,,2,0,2,2,0,2,0,0,0,0,0
64251,WayraES,,2,0,2,2,0,2,0,0,0,0,0
64252,IEuniversity,,3,0,3,3,0,3,0,0,0,0,4
64266,GIBarcelona,,3,0,3,3,0,3,0,0,0,0,1
64301,CodeWeekEU,,3,0,3,3,0,3,0,0,0,0,2
64305,nepalsonrie,,2,0,2,2,0,2,0,0,0,0,4
64306,corsinfront,,2,0,2,2,0,2,0,0,0,0,4
64308,FBancoSantander,,3,0,3,3,0,3,0,0,0,0,0
64311,ecodes,,3,0,3,3,0,3,0,0,0,0,0
64314,UnLtdSpain,,2,0,2,2,0,2,0,0,0,0,0
64318,ttn_granada,,2,0,2,2,0,2,0,0,0,0,6
64319,CCCientifica,,2,0,2,2,0,2,0,0,0,0,0
64323,PCTcartuja,,3,0,3,3,0,3,0,0,0,0,4
64326,ChemistredPuck,,2,0,2,2,0,2,0,0,0,0,4
64327,etopia_,,2,0,2,2,0,2,0,0,0,0,0
64332,ZGZActiva,,2,0,2,2,0,2,0,0,0,0,1
64343,AlexCorvis84,,2,0,2,2,0,2,0,0,0,0,6
64390,Outlook,,3,0,3,3,0,3,0,0,0,0,2
64391,MicrosoftTeams,,2,0,2,2,0,2,0,0,0,0,3
64392,Microsoft365,,2,0,2,2,0,2,0,0,0,0,3
64411,StemTalentGirl,,2,0,2,2,0,2,0,0,0,0,4
64412,googlegrants,,2,0,2,2,0,2,0,0,0,0,1
64414,SEDIAgob,,2,0,2,2,0,2,0,0,0,0,0
64415,inedu,,2,0,2,2,0,2,0,0,0,0,4
64440,CaritasCataluny,,2,0,2,2,0,2,0,0,0,0,4
64442,GoogleAdsES,,3,0,3,3,0,3,0,0,0,0,2
64443,IAB_Spain,,3,0,3,3,0,3,0,0,0,0,0
64446,FeccComunicacio,,2,0,2,2,0,2,0,0,0,0,0
64462,GrecMallorca,,2,0,2,2,0,2,0,0,0,0,2
64464,aandreup,,2,0,2,2,0,2,0,0,0,0,4
64482,AETAPI,,2,0,2,2,0,2,0,0,0,0,4
64488,demamasdepapas,,2,0,2,2,0,2,0,0,0,0,0
64493,SlackHQ,,3,0,3,3,0,3,0,0,0,0,8
64497,juventudcmadrid,,2,0,2,2,0,2,0,0,0,0,1
64516,_CJCM_,,2,0,2,2,0,2,0,0,0,0,1
64532,IronhackMAD,,2,0,2,2,0,2,0,0,0,0,0
64544,Movember,,2,0,2,2,0,2,0,0,0,0,2
64546,INNOLID,,2,0,2,2,0,2,0,0,0,0,6
64547,gspisuerga92,,2,0,2,2,0,2,0,0,0,0,4
64548,FundacionMQI,,2,0,2,2,0,2,0,0,0,0,0
64554,VRACfemenino,,2,0,2,2,0,2,0,0,0,0,1
64564,FundAlborada,,2,0,2,2,0,2,0,0,0,0,0
64566,CoopsAgroAND,,3,0,3,3,0,3,0,0,0,0,0
64573,SOMM_alliance,,2,0,2,2,0,2,0,0,0,0,4
64576,IISLaFe,,2,0,2,2,0,2,0,0,0,0,5
64591,ClubEmpleoAB,,2,0,2,2,0,2,0,0,0,0,0
64600,TEDxValladolid,,2,0,2,2,0,2,0,0,0,0,2
64617,asopuente,,3,0,3,3,0,3,0,0,0,0,6
64618,FundHuesped,,2,0,2,2,0,2,0,0,0,0,4
64619,FundacionAVATA,,2,0,2,2,0,2,0,0,0,0,0
64621,FundDyD,,3,0,3,3,0,3,0,0,0,0,0
64622,juegaterapia,,4,0,4,4,0,4,0,0,0,0,0
64655,avedamCV,,2,0,2,2,0,2,0,0,0,0,4
64659,NLagroEspana,,2,0,2,2,0,2,0,0,0,0,0
64672,Asoc_El_Encinar,,2,0,2,2,0,2,0,0,0,0,4
64693,PauCostaF,,2,0,2,2,0,2,0,0,0,0,4
64696,FundacionBarrie,,2,0,2,2,0,2,0,0,0,0,8
64697,BMCadiz,,2,0,2,2,0,2,0,0,0,0,6
64698,LibrosCMadrid,,2,0,2,2,0,2,0,0,0,0,6
64699,bpmmadrid,,2,0,2,2,0,2,0,0,0,0,6
64704,AMAITLP,,2,0,2,2,0,2,0,0,0,0,4
64711,S_cientificos,,2,0,2,2,0,2,0,0,0,0,0
64714,fundacionbotin,,3,0,3,3,0,3,0,0,0,0,4
64716,REDEXTREMADURA,,3,0,3,3,0,3,0,0,0,0,4
64721,talentsolidario,,2,0,2,2,0,2,0,0,0,0,4
64724,EntreSures,,2,0,2,2,0,2,0,0,0,0,4
64738,lmmigraciones,,2,0,2,2,0,2,0,0,0,0,4
64751,YCuido,,2,0,2,2,0,2,0,0,0,0,2
64753,ForoCancerMama,,2,0,2,2,0,2,0,0,0,0,0
64756,amanozfundacion,,2,0,2,2,0,2,0,0,0,0,0
64779,fundacionucm,,3,0,3,3,0,3,0,0,0,0,4
64799,aquagraria,,2,0,2,2,0,2,0,0,0,0,0
64804,museoalmudena,,2,0,2,2,0,2,0,0,0,0,6
64806,MuseosdeMelilla,,2,0,2,2,0,2,0,0,0,0,2
64807,MuseoCatedralSC,,2,0,2,2,0,2,0,0,0,0,2
64808,Museociencia,,2,0,2,2,0,2,0,0,0,0,2
64813,museovidrio,,2,0,2,2,0,2,0,0,0,0,0
64816,SaposyPrincesas,,3,0,3,3,0,3,0,0,0,0,0
64829,asana,,2,0,2,2,0,2,0,0,0,0,2
64831,RealidadesONG,,2,0,2,2,0,2,0,0,0,0,4
64833,AEFundraising,,3,0,3,3,0,3,0,0,0,0,4
64834,cionglevante,,2,0,2,2,0,2,0,0,0,0,4
64842,MujeresAvenir,,3,0,3,3,0,3,0,0,0,0,6
64848,luispardo1,,2,0,2,2,0,2,0,0,0,0,4
64856,Ps_Digitales,,2,0,2,2,0,2,0,0,0,0,0
64859,plena_merida,,2,0,2,2,0,2,0,0,0,0,2
64866,FundAladina,,2,0,2,2,0,2,0,0,0,0,4
64867,FTheodora,,2,0,2,2,0,2,0,0,0,0,4
64869,fundinocente,,3,0,3,3,0,3,0,0,0,0,0
64873,LaraEmpleo,,2,0,2,2,0,2,0,0,0,0,5
64882,laruecaas,,2,0,2,2,0,2,0,0,0,0,4
64891,catvoluntaria,,2,0,2,2,0,2,0,0,0,0,6
64893,Eurecat_news,,2,0,2,2,0,2,0,0,0,0,2
64904,FundacionAdsis,,2,0,2,2,0,2,0,0,0,0,3
64906,FUNDACIONIPF,,2,0,2,2,0,2,0,0,0,0,4
64910,FundacionTH,,2,0,2,2,0,2,0,0,0,0,5
64913,Teaming,,2,0,2,2,0,2,0,0,0,0,5
64916,HogarSi,,2,0,2,2,0,2,0,0,0,0,4
64938,pacovazquezh,,2,0,2,2,0,2,0,0,0,0,0
64956,ALBA_albinismo,,2,0,2,2,0,2,0,0,0,0,6
64967,FundMABlanco,,2,0,2,2,0,2,0,0,0,0,0
64976,Generaccion_Dtt,,2,0,2,2,0,2,0,0,0,0,4
64983,Solidarios_es,,3,0,3,3,0,3,0,0,0,0,6
64985,HumanaSpain,,2,0,2,2,0,2,0,0,0,0,4
64990,japedreno,,2,0,2,2,0,2,0,0,0,0,4
64994,agusacerdote,,2,0,2,2,0,2,0,0,0,0,6
65004,scouts_edm,,2,0,2,2,0,2,0,0,0,0,3
65009,AmbitosSocial,,2,0,2,2,0,2,0,0,0,0,4
65010,JASPAIN,,2,0,2,2,0,2,0,0,0,0,1
65013,OngInteRed,,2,0,2,2,0,2,0,0,0,0,4
65019,BancoAlimentoGr,,3,0,3,3,0,3,0,0,0,0,0
65035,reforesta_ong,,2,0,2,2,0,2,0,0,0,0,4
65046,MuseodeTudela,,2,0,2,2,0,2,0,0,0,0,2
65050,FundacionCGB,,2,0,2,2,0,2,0,0,0,0,4
65056,bibliotequescat,,2,0,2,2,0,2,0,0,0,0,4
65060,cobdc,,2,0,2,2,0,2,0,0,0,0,6
65061,catinnovacioUDL,,2,0,2,2,0,2,0,0,0,0,4
65064,unidosmedula,,2,0,2,2,0,2,0,0,0,0,0
65066,AMPALaEspartera,,2,0,2,2,0,2,0,0,0,0,4
65074,Cuspargra,,3,0,3,3,0,3,0,0,0,0,0
65076,A_C_C_A,,2,0,2,2,0,2,0,0,0,0,4
65078,Educo_ONG,,2,0,2,2,0,2,0,0,0,0,4
65086,incoopserveis,,2,0,2,2,0,2,0,0,0,0,0
65087,InstitutCerda,,2,0,2,2,0,2,0,0,0,0,0
65089,CTecno,,2,0,2,2,0,2,0,0,0,0,4
65093,edfcrpd,,2,0,2,2,0,2,0,0,0,0,1
65095,CEHATes,,2,0,2,2,0,2,0,0,0,0,8
65102,FUEIB,,2,0,2,2,0,2,0,0,0,0,4
65103,UIBuniversitat,,5,0,5,5,0,5,0,0,0,0,2
65109,COLEFASTURIAS,,2,0,2,2,0,2,0,0,0,0,4
65114,juandelenzinat,,3,0,3,3,0,3,0,0,0,0,4
65116,fed_esp_remo,,2,0,2,2,0,2,0,0,0,0,3
65119,AECA_ITV,,2,0,2,2,0,2,0,0,0,0,0
65124,cndm_inaem,,3,0,3,3,0,3,0,0,0,0,0
65126,AEGGOLF,,2,0,2,2,0,2,0,0,0,0,0
65131,QuiropracticAEQ,,2,0,2,2,0,2,0,0,0,0,4
65142,CPIIA,,2,0,2,2,0,2,0,0,0,0,6
65148,conciti,,2,0,2,2,0,2,0,0,0,0,4
65152,accio_cat,,2,0,2,2,0,2,0,0,0,0,7
65154,ANEIORG,,2,0,2,2,0,2,0,0,0,0,0
65158,citicresearch,,2,0,2,2,0,2,0,0,0,0,4
65168,INtechTenerife,,2,0,2,2,0,2,0,0,0,0,4
65174,ParqueAeropolis,,2,0,2,2,0,2,0,0,0,0,6
65176,ctap_es,,2,0,2,2,0,2,0,0,0,0,0
65181,espaitec,,2,0,2,2,0,2,0,0,0,0,0
65184,CTCAlimentacion,,2,0,2,2,0,2,0,0,0,0,0
65185,innovadores_inn,,3,0,3,3,0,3,0,0,0,0,4
65186,ATIGA_,,2,0,2,2,0,2,0,0,0,0,4
65187,Helice_Cluster,,2,0,2,2,0,2,0,0,0,0,6
65199,CDAMAZ,,2,0,2,2,0,2,0,0,0,0,6
65206,IAC_Astrofisica,,2,0,2,2,0,2,0,0,0,0,0
65207,milenioheraldo,,2,0,2,2,0,2,0,0,0,0,2
65209,BIFI_Instituto,,2,0,2,2,0,2,0,0,0,0,4
65211,Ibercivis,,2,0,2,2,0,2,0,0,0,0,0
65214,DexeusMujer,,2,0,2,2,0,2,0,0,0,0,0
65223,sea_es,,2,0,2,2,0,2,0,0,0,0,0
65224,RevNeurol,,2,0,2,2,0,2,0,0,0,0,2
65225,cienciacanaria,,2,0,2,2,0,2,0,0,0,0,4
65229,Fundacion_FULP,,2,0,2,2,0,2,0,0,0,0,4
65230,otriuca,,3,0,3,3,0,3,0,0,0,0,6
65231,fcsev,,3,0,3,3,0,3,0,0,0,0,6
65232,UCC_FICYT,,2,0,2,2,0,2,0,0,0,0,4
65234,STCEUS,,3,0,3,3,0,3,0,0,0,0,6
65235,divulgaUNED,,4,0,4,4,0,4,0,0,0,0,4
65236,investigausal,,3,0,3,3,0,3,0,0,0,0,4
65237,otriuah,,3,0,3,3,0,3,0,0,0,0,4
65238,OTRIUMA,,2,0,2,2,0,2,0,0,0,0,6
65239,CIEMAT_OPI,,2,0,2,2,0,2,0,0,0,0,0
65240,INTECCAUNED,,2,0,2,2,0,2,0,0,0,0,4
65243,EspacioEmprende,,2,0,2,2,0,2,0,0,0,0,0
65244,emprendecanario,,2,0,2,2,0,2,0,0,0,0,3
65245,PcientificoUMH,,3,0,3,3,0,3,0,0,0,0,4
65246,ForoUC_EMPRESAS,,2,0,2,2,0,2,0,0,0,0,4
65247,PTAMalaga,,4,0,4,4,0,4,0,0,0,0,6
65249,dgipyme,,3,0,3,3,0,3,0,0,0,0,4
65250,FUE_Emprende,,2,0,2,2,0,2,0,0,0,0,4
65251,alef_mx,,2,0,2,2,0,2,0,0,0,0,4
65252,pcmMadrid,,2,0,2,2,0,2,0,0,0,0,0
65253,ThinkCom_ES,,2,0,2,2,0,2,0,0,0,0,4
65255,VicInvUHU,,3,0,3,3,0,3,0,0,0,0,6
65257,ServInvestUC3M,,3,0,3,3,0,3,0,0,0,0,3
65258,ITCCANARIAS,,2,0,2,2,0,2,0,0,0,0,3
65259,ITMATI,,2,0,2,2,0,2,0,0,0,0,4
65261,Telefinnovation,,2,0,2,2,0,2,0,0,0,0,0
65263,UCCUAM,,3,0,3,3,0,3,0,0,0,0,4
65264,RUEPEP,,2,0,2,2,0,2,0,0,0,0,4
65265,SpainTechnology,,2,0,2,2,0,2,0,0,0,0,6
65267,InvestigaUS,,3,0,3,3,0,3,0,0,0,0,4
65268,UniversidadMH,,3,0,3,3,0,3,0,0,0,0,4
65269,observatorioumh,,3,0,3,3,0,3,0,0,0,0,4
65271,ufvmadrid,,3,0,3,3,0,3,0,0,0,0,4
65272,UFVComunicacion,,3,0,3,3,0,3,0,0,0,0,4
65274,furjc,,2,0,2,2,0,2,0,0,0,0,4
65275,UA_Universitat,,3,0,3,3,0,3,0,0,0,0,4
65276,UCV_svm,,3,0,3,3,0,3,0,0,0,0,4
65277,ICONO_FECYT,,2,0,2,2,0,2,0,0,0,0,6
65278,recercat,,2,0,2,2,0,2,0,0,0,0,1
65279,INCIBE,,3,0,3,3,0,3,0,0,0,0,4
65280,ComunicaUCLM,,3,0,3,3,0,3,0,0,0,0,4
65281,UCLMtic,,2,0,2,2,0,2,0,0,0,0,4
65302,raulsanchezfl,,2,0,2,2,0,2,0,0,0,0,0
65311,diariomedico,,4,0,4,4,0,4,0,0,0,0,4
65315,IFMSASpain,,2,0,2,2,0,2,0,0,0,0,4
65317,AERSCYL,,2,0,2,2,0,2,0,0,0,0,4
65327,BibliotecaUCH,,3,0,3,3,0,3,0,0,0,0,6
65328,iacs_aragon,,2,0,2,2,0,2,0,0,0,0,4
65330,CopExtremadura,,3,0,3,3,0,3,0,0,0,0,4
65341,COFValladolid,,2,0,2,2,0,2,0,0,0,0,1
65351,SEDISA_NET,,2,0,2,2,0,2,0,0,0,0,4
65353,COLEF_CV,,2,0,2,2,0,2,0,0,0,0,4
65358,COECoficial,,2,0,2,2,0,2,0,0,0,0,4
65375,coemu,,2,0,2,2,0,2,0,0,0,0,4
65377,aecs_info,,2,0,2,2,0,2,0,0,0,0,4
65392,sedap_es,,2,0,2,2,0,2,0,0,0,0,0
65402,URJCcientifica,,2,0,2,2,0,2,0,0,0,0,4
65411,CopecPedagogs,,2,0,2,2,0,2,0,0,0,0,4
65415,TDAHGuadalajara,,2,0,2,2,0,2,0,0,0,0,4
65416,besaylapalma,,3,0,3,3,0,3,0,0,0,0,4
65418,anshdamadrid_,,2,0,2,2,0,2,0,0,0,0,4
65419,AcofaTDAH,,3,0,3,3,0,3,0,0,0,0,6
65422,ASANHI_,,2,0,2,2,0,2,0,0,0,0,4
65434,fundacioncadah,,2,0,2,2,0,2,0,0,0,0,4
65446,ASOCIACIONARIAD,,2,0,2,2,0,2,0,0,0,0,4
65454,AspergerOrg,,2,0,2,2,0,2,0,0,0,0,4
65459,Empleo_Joven,,2,0,2,2,0,2,0,0,0,0,2
65477,COPTOCYL,,2,0,2,2,0,2,0,0,0,0,4
65479,AIDMUR,,2,0,2,2,0,2,0,0,0,0,4
65499,COP_AO,,2,0,2,2,0,2,0,0,0,0,4
65515,tsocialcordoba,,2,0,2,2,0,2,0,0,0,0,4
65517,COTSBadajoz,,2,0,2,2,0,2,0,0,0,0,4
65518,COTScastello,,2,0,2,2,0,2,0,0,0,0,4
65519,ColegioTSLP,,2,0,2,2,0,2,0,0,0,0,4
65520,amigosvictimas,,2,0,2,2,0,2,0,0,0,0,4
65522,COTSSaZa,,2,0,2,2,0,2,0,0,0,0,4
65523,Asomediabi,,2,0,2,2,0,2,0,0,0,0,4
65528,CPTSAragon,,2,0,2,2,0,2,0,0,0,0,4
65535,joventutdiba,,2,0,2,2,0,2,0,0,0,0,1
65538,VoluntariatUB,,2,0,2,2,0,2,0,0,0,0,1
65549,coseju,,2,0,2,2,0,2,0,0,0,0,4
65550,AutismoGranada,,2,0,2,2,0,2,0,0,0,0,0
65554,AutismoHuesca,,2,0,2,2,0,2,0,0,0,0,4
65556,Asoc_Vale,,2,0,2,2,0,2,0,0,0,0,0
65557,GDR_GUADIX,,3,0,3,3,0,3,0,0,0,0,4
65559,AutodeskEDU,,3,0,3,3,0,3,0,0,0,0,4
65561,TechSoupItalia,,2,0,2,2,0,2,0,0,0,0,3
65570,techsoupturkiye,,2,0,2,2,0,2,0,0,0,0,2
65580,PremioMashumano,,2,0,2,2,0,2,0,0,0,0,4
65585,Asprencor,,2,0,2,2,0,2,0,0,0,0,4
65587,aaa_uco,,3,0,3,3,0,3,0,0,0,0,4
65590,PeatonesAPata,,2,0,2,2,0,2,0,0,0,0,4
65591,CorosyDanzasGR,,3,0,3,3,0,3,0,0,0,0,0
65592,AsesGCGranada,,3,0,3,3,0,3,0,0,0,0,0
65594,AGSANTOREINO,,2,0,2,2,0,2,0,0,0,0,0
65598,ASOSTEL,,2,0,2,2,0,2,0,0,0,0,6
65599,iuventajaen,,2,0,2,2,0,2,0,0,0,0,0
65601,AGEMJAEN,,2,0,2,2,0,2,0,0,0,0,0
65603,ASHALAlmeria,,2,0,2,2,0,2,0,0,0,0,0
65608,FED_NU,,2,0,2,2,0,2,0,0,0,0,0
65609,FAECAGRANADA,,4,0,4,4,0,4,0,0,0,0,0
65615,Pacificacion_05,,2,0,2,2,0,2,0,0,0,0,4
65620,IrekiAsociacion,,2,0,2,2,0,2,0,0,0,0,4
65625,DoctorYaso,,2,0,2,2,0,2,0,0,0,0,4
65630,corpdown,,2,0,2,2,0,2,0,0,0,0,4
65645,bibliobaza,,2,0,2,2,0,2,0,0,0,0,4
65646,BibTorrecedeira,,3,0,3,3,0,3,0,0,0,0,5
65648,RMBGijonXixon,,2,0,2,2,0,2,0,0,0,0,4
65650,infobibliotecas,,2,0,2,2,0,2,0,0,0,0,6
65656,cobdcv,,2,0,2,2,0,2,0,0,0,0,6
65662,CEDROenlinea,,2,0,2,2,0,2,0,0,0,0,4
65664,bibliotorrente,,3,0,3,3,0,3,0,0,0,0,1
65665,bibliotecaubu,,2,0,2,2,0,2,0,0,0,0,4
65666,BiblioUCA,,3,0,3,3,0,3,0,0,0,0,1
65667,BUCantabria,,3,0,3,3,0,3,0,0,0,0,4
65668,BibliotecaUCLM,,2,0,2,2,0,2,0,0,0,0,4
65669,BibliotecaUIB,,2,0,2,2,0,2,0,0,0,0,4
65670,bujatuit,,2,0,2,2,0,2,0,0,0,0,4
65671,bulpgc,,2,0,2,2,0,2,0,0,0,0,4
65672,Biblioteca_UNED,,3,0,3,3,0,3,0,0,0,0,1
65674,BComplutense,,3,0,3,3,0,3,0,0,0,0,4
65676,rebiun,,3,0,3,3,0,3,0,0,0,0,5
65678,bibliotequesuv,,2,0,2,2,0,2,0,0,0,0,6
65679,bibliounizar,,3,0,3,3,0,3,0,0,0,0,2
65681,biblioclm,,2,0,2,2,0,2,0,0,0,0,4
65682,BibliotecaUPCT,,2,0,2,2,0,2,0,0,0,0,4
65685,acunrorg,,2,0,2,2,0,2,0,0,0,0,4
65688,enred20,,2,0,2,2,0,2,0,0,0,0,4
65698,GREMIALMADRID,,3,0,3,3,0,3,0,0,0,0,4
65703,AsocOtraescuela,,2,0,2,2,0,2,0,0,0,0,4
65705,AsociacionRayya,,2,0,2,2,0,2,0,0,0,0,6
65707,asoc_Ingenius,,3,0,3,3,0,3,0,0,0,0,6
65710,aeducar,,2,0,2,2,0,2,0,0,0,0,4
65724,AsocABDM,,3,0,3,3,0,3,0,0,0,0,6
65727,galgos112,,2,0,2,2,0,2,0,0,0,0,4
65728,AexeAsociacion,,3,0,3,3,0,3,0,0,0,0,4
65729,Aso_Altair,,2,0,2,2,0,2,0,0,0,0,6
65731,filosofiauned,,2,0,2,2,0,2,0,0,0,0,4
65736,ASP_Sabadell,,2,0,2,2,0,2,0,0,0,0,0
65737,afefutbol,,3,0,3,3,0,3,0,0,0,0,6
65738,sosdesaparecido,,2,0,2,2,0,2,0,0,0,0,0
65742,periodistasAEPD,,2,0,2,2,0,2,0,0,0,0,0
65743,AEBmoda_belleza,,2,0,2,2,0,2,0,0,0,0,0
65747,Fund_Affinity,,2,0,2,2,0,2,0,0,0,0,3
65748,AADDeportivo,,2,0,2,2,0,2,0,0,0,0,4
65752,abiotecvalencia,,2,0,2,2,0,2,0,0,0,0,0
65754,able_leon,,3,0,3,3,0,3,0,0,0,0,6
65761,coplefmadrid,,2,0,2,2,0,2,0,0,0,0,4
65762,INSIAUPM,,2,0,2,2,0,2,0,0,0,0,4
65770,F_ESAME,,2,0,2,2,0,2,0,0,0,0,5
65776,Fedicine,,2,0,2,2,0,2,0,0,0,0,0
65777,lafedepubli,,2,0,2,2,0,2,0,0,0,0,0
65778,adecec_rrpp,,3,0,3,3,0,3,0,0,0,0,2
65779,Centro_Renzulli,,2,0,2,2,0,2,0,0,0,0,4
65780,GesCulCyL,,2,0,2,2,0,2,0,0,0,0,4
65783,ASBASbiotec,,2,0,2,2,0,2,0,0,0,0,0
65785,APIE_es,,2,0,2,2,0,2,0,0,0,0,4
65786,APAE_informa,,2,0,2,2,0,2,0,0,0,0,0
65787,cogiti,,3,0,3,3,0,3,0,0,0,0,4
65792,acotex,,2,0,2,2,0,2,0,0,0,0,0
65795,andema_es,,2,0,2,2,0,2,0,0,0,0,0
65799,agremia,,2,0,2,2,0,2,0,0,0,0,6
65800,ForoNuclear,,2,0,2,2,0,2,0,0,0,0,0
65806,PCientificoAlic,,2,0,2,2,0,2,0,0,0,0,4
65808,trafpol_irsa,,2,0,2,2,0,2,0,0,0,0,4
65814,ACCC_,,2,0,2,2,0,2,0,0,0,0,2
65816,AEAmadrid,,2,0,2,2,0,2,0,0,0,0,4
65817,AFANMADRID,,2,0,2,2,0,2,0,0,0,0,4
65818,PeatonesSevilla,,2,0,2,2,0,2,0,0,0,0,0
65824,AMMediadores,,2,0,2,2,0,2,0,0,0,0,4
65827,ferugby,,3,0,3,3,0,3,0,0,0,0,6
65833,AsocEyC,,2,0,2,2,0,2,0,0,0,0,0
65834,stanpa_es,,2,0,2,2,0,2,0,0,0,0,0
65837,itenergia,,2,0,2,2,0,2,0,0,0,0,6
65838,ecopilas,,2,0,2,2,0,2,0,0,0,0,0
65840,Lobby_ES,,2,0,2,2,0,2,0,0,0,0,0
65842,IDIVALdecilla,,2,0,2,2,0,2,0,0,0,0,5
65849,AsturiesConBici,,2,0,2,2,0,2,0,0,0,0,0
65857,asociacionAEGA,,2,0,2,2,0,2,0,0,0,0,4
65858,FundAprender,,2,0,2,2,0,2,0,0,0,0,2
65860,intaespana,,2,0,2,2,0,2,0,0,0,0,4
65864,F_ComparteVida,,2,0,2,2,0,2,0,0,0,0,4
65866,ImegenTw,,2,0,2,2,0,2,0,0,0,0,0
65868,admoextremadura,,2,0,2,2,0,2,0,0,0,0,2
65873,ascol_cyl,,2,0,2,2,0,2,0,0,0,0,4
65876,COFMadrid,,3,0,3,3,0,3,0,0,0,0,4
65878,Madridonasangre,,2,0,2,2,0,2,0,0,0,0,2
65881,doadoressangue,,2,0,2,2,0,2,0,0,0,0,5
65884,AHK_es,,2,0,2,2,0,2,0,0,0,0,1
65889,FundacBases,,2,0,2,2,0,2,0,0,0,0,4
65890,ICARIOJA,,2,0,2,2,0,2,0,0,0,0,4
65892,RSEF_ESP,,2,0,2,2,0,2,0,0,0,0,4
65893,the_prbb,,2,0,2,2,0,2,0,0,0,0,0
65894,museoelder,,3,0,3,3,0,3,0,0,0,0,2
65898,Museojurasico,,2,0,2,2,0,2,0,0,0,0,4
65901,acomet_web,,2,0,2,2,0,2,0,0,0,0,0
65903,IGeociencias,,2,0,2,2,0,2,0,0,0,0,4
65906,_ICMAT,,3,0,3,3,0,3,0,0,0,0,1
65907,ift_uam_csic,,2,0,2,2,0,2,0,0,0,0,4
65908,FEBiotec,,3,0,3,3,0,3,0,0,0,0,0
65910,cgeologos,,2,0,2,2,0,2,0,0,0,0,4
65912,GREFA_Fauna,,2,0,2,2,0,2,0,0,0,0,4
65913,CaixaCiencia,,2,0,2,2,0,2,0,0,0,0,4
65916,aecomcientifica,,3,0,3,3,0,3,0,0,0,0,4
65935,juandemariana,,2,0,2,2,0,2,0,0,0,0,6
65942,invencionESP,,2,0,2,2,0,2,0,0,0,0,0
65948,EASCRValladolid,,2,0,2,2,0,2,0,0,0,0,4
65952,cgaifilmoteca,,2,0,2,2,0,2,0,0,0,0,5
65960,IngenierosFund,,2,0,2,2,0,2,0,0,0,0,6
65961,Museo_Malaga,,2,0,2,2,0,2,0,0,0,0,0
65965,Coac_CC,,2,0,2,2,0,2,0,0,0,0,4
65967,CoacTfGomHierr,,2,0,2,2,0,2,0,0,0,0,4
65976,opccatalunya,,2,0,2,2,0,2,0,0,0,0,0
65977,ASALEinforma,,3,0,3,3,0,3,0,0,0,0,0
65978,bibliotecasusal,,3,0,3,3,0,3,0,0,0,0,4
65979,empresa_rioja,,2,0,2,2,0,2,0,0,0,0,4
65980,rabasf,,2,0,2,2,0,2,0,0,0,0,6
65981,FundacionUR,,2,0,2,2,0,2,0,0,0,0,4
65983,fundacionlengua,,3,0,3,3,0,3,0,0,0,0,1
65989,cilengua,,2,0,2,2,0,2,0,0,0,0,4
65990,fsanmillan,,3,0,3,3,0,3,0,0,0,0,1
65997,CIMA_unav,,2,0,2,2,0,2,0,0,0,0,4
66010,PlataformaAsoc,,2,0,2,2,0,2,0,0,0,0,0
66011,FDMValencia,,3,0,3,3,0,3,0,0,0,0,4
66014,GVAdepsalutcs,,2,0,2,2,0,2,0,0,0,0,4
66019,DircomSpain,,3,0,3,3,0,3,0,0,0,0,0
66020,padelfederacion,,2,0,2,2,0,2,0,0,0,0,5
66027,EscuelaBocalan,,2,0,2,2,0,2,0,0,0,0,4
66031,ineava,,2,0,2,2,0,2,0,0,0,0,0
66032,logicortex,,2,0,2,2,0,2,0,0,0,0,0
66033,asociacion361,,2,0,2,2,0,2,0,0,0,0,4
66035,Aspanion,,2,0,2,2,0,2,0,0,0,0,4
66048,CNPSClinica,,2,0,2,2,0,2,0,0,0,0,4
66050,APTOCA,,2,0,2,2,0,2,0,0,0,0,4
66051,acrobalia,,3,0,3,3,0,3,0,0,0,0,0
66072,campusolidario,,2,0,2,2,0,2,0,0,0,0,4
66077,GNVoluntariado,,2,0,2,2,0,2,0,0,0,0,4
66080,asociaciondsd,,2,0,2,2,0,2,0,0,0,0,0
66086,sevillasemueve,,2,0,2,2,0,2,0,0,0,0,1
66093,tallerparentsis,,2,0,2,2,0,2,0,0,0,0,0
66094,BOciNalon,,3,0,3,3,0,3,0,0,0,0,6
66102,_elenjambre_,,2,0,2,2,0,2,0,0,0,0,4
66112,FundBlasInfante,,2,0,2,2,0,2,0,0,0,0,4
66113,fevecehiandaluc,,3,0,3,3,0,3,0,0,0,0,0
66114,coptoex,,2,0,2,2,0,2,0,0,0,0,4
66122,AsocGarumTarifa,,2,0,2,2,0,2,0,0,0,0,4
66125,ucauce,,2,0,2,2,0,2,0,0,0,0,0
66127,fimabis,,2,0,2,2,0,2,0,0,0,0,0
66128,FundacionSFC,,2,0,2,2,0,2,0,0,0,0,1
66136,MEDINADiscovery,,2,0,2,2,0,2,0,0,0,0,6
66141,JordideTriana,,2,0,2,2,0,2,0,0,0,0,0
66144,_APRONI,,2,0,2,2,0,2,0,0,0,0,4
66149,FundacionAyesa,,2,0,2,2,0,2,0,0,0,0,4
66152,FundacionCOMS,,2,0,2,2,0,2,0,0,0,0,6
66155,RFAF,,3,0,3,3,0,3,0,0,0,0,0
66160,FGlobalis,,2,0,2,2,0,2,0,0,0,0,0
66164,Fidesol,,2,0,2,2,0,2,0,0,0,0,6
66168,FundacioAlExito,,2,0,2,2,0,2,0,0,0,0,4
66172,AAMMAaudiov,,3,0,3,3,0,3,0,0,0,0,4
66173,museoamalio,,2,0,2,2,0,2,0,0,0,0,0
66180,FundacionHelvex,,2,0,2,2,0,2,0,0,0,0,0
66181,EMETarcoiris,,2,0,2,2,0,2,0,0,0,0,4
66183,SopenaFundacion,,2,0,2,2,0,2,0,0,0,0,2
66194,GIMadrid,,3,0,3,3,0,3,0,0,0,0,4
66207,fundacionvalora,,2,0,2,2,0,2,0,0,0,0,4
66212,avanza_ong,,2,0,2,2,0,2,0,0,0,0,4
66216,Fepamic,,2,0,2,2,0,2,0,0,0,0,0
66221,AJESevilla,,3,0,3,3,0,3,0,0,0,0,4
66234,COPORIENTAL,,2,0,2,2,0,2,0,0,0,0,4
66236,comtygo,,2,0,2,2,0,2,0,0,0,0,1
66250,FEberrocal,,2,0,2,2,0,2,0,0,0,0,0
66252,aiiaoc,,2,0,2,2,0,2,0,0,0,0,4
66254,FundacionMalaga,,2,0,2,2,0,2,0,0,0,0,0
66255,MuseoPatrimonio,,2,0,2,2,0,2,0,0,0,0,0
66257,EpiscopalMalaga,,2,0,2,2,0,2,0,0,0,0,0
66258,FMusicalMalaga,,2,0,2,2,0,2,0,0,0,0,0
66260,ARVFAE,,2,0,2,2,0,2,0,0,0,0,0
66265,infoCOLPOLSOC,,2,0,2,2,0,2,0,0,0,0,0
66268,A_D_I_S_P_O,,2,0,2,2,0,2,0,0,0,0,4
66276,COIIM,,2,0,2,2,0,2,0,0,0,0,4
66281,Cooperacionuva,,3,0,3,3,0,3,0,0,0,0,1
66282,frmpcyl,,2,0,2,2,0,2,0,0,0,0,4
66284,Ingenieria_Esp,,3,0,3,3,0,3,0,0,0,0,0
66285,caminosmadrid,,2,0,2,2,0,2,0,0,0,0,5
66289,IMDEA_Agua,,2,0,2,2,0,2,0,0,0,0,4
66291,reds_sdsn,,2,0,2,2,0,2,0,0,0,0,0
66296,RotaryBadajoz,,2,0,2,2,0,2,0,0,0,0,2
66300,VoluntariadoUMA,,2,0,2,2,0,2,0,0,0,0,6
66301,AYUDAINFANTILSO,,2,0,2,2,0,2,0,0,0,0,4
66309,cmua,,3,0,3,3,0,3,0,0,0,0,4
66311,MalagaSiente,,2,0,2,2,0,2,0,0,0,0,2
66322,atelma_es,,2,0,2,2,0,2,0,0,0,0,4
66324,fmimundo,,2,0,2,2,0,2,0,0,0,0,0
66327,ComunicarONGs,,2,0,2,2,0,2,0,0,0,0,4
66330,FTMovistarAr,,2,0,2,2,0,2,0,0,0,0,4
66332,HospitalLaFe,,2,0,2,2,0,2,0,0,0,0,4
66333,FundacEntorno,,2,0,2,2,0,2,0,0,0,0,6
66336,GarAJE_Madrid,,2,0,2,2,0,2,0,0,0,0,4
66338,COTSvalencia,,2,0,2,2,0,2,0,0,0,0,4
66339,PYFANO,,2,0,2,2,0,2,0,0,0,0,4
66342,agenciaacn,,2,0,2,2,0,2,0,0,0,0,2
66345,colegiotsevilla,,2,0,2,2,0,2,0,0,0,0,4
66346,GEICAM,,2,0,2,2,0,2,0,0,0,0,4
66347,COF_Sevilla,,2,0,2,2,0,2,0,0,0,0,5
66349,ES_Acer,,3,0,3,3,0,3,0,0,0,0,5
66369,avivasalamanca,,2,0,2,2,0,2,0,0,0,0,4
66370,UniversoMujer18,,2,0,2,2,0,2,0,0,0,0,0
66371,fundaciondepjov,,2,0,2,2,0,2,0,0,0,0,0
66375,ASolidaridad3,,2,0,2,2,0,2,0,0,0,0,0
66383,Clinica_Teknon,,3,0,3,3,0,3,0,0,0,0,4
66389,icofcastellon,,2,0,2,2,0,2,0,0,0,0,4
66396,AJEValencia,,2,0,2,2,0,2,0,0,0,0,4
66397,FundacionBcja,,2,0,2,2,0,2,0,0,0,0,4
66398,TVPA_Spain,,3,0,3,3,0,3,0,0,0,0,6
66400,ABSalBiotec,,3,0,3,3,0,3,0,0,0,0,0
66401,bibliotecasCSIC,,2,0,2,2,0,2,0,0,0,0,4
66406,FundacionSermes,,3,0,3,3,0,3,0,0,0,0,5
66408,agenciaiisi,,2,0,2,2,0,2,0,0,0,0,4
66413,ucccenquior,,2,0,2,2,0,2,0,0,0,0,4
66416,RedOTRI,,2,0,2,2,0,2,0,0,0,0,4
66419,CSICval,,2,0,2,2,0,2,0,0,0,0,4
66423,IQOG_CSIC,,2,0,2,2,0,2,0,0,0,0,4
66425,CienciasUAM,,2,0,2,2,0,2,0,0,0,0,4
66429,cobcm,,2,0,2,2,0,2,0,0,0,0,0
66437,SociedadCerfa,,2,0,2,2,0,2,0,0,0,0,1
66439,ComunidadCeru,,2,0,2,2,0,2,0,0,0,0,1
66455,opcspain,,2,0,2,2,0,2,0,0,0,0,0
66460,SDRCreativa,,2,0,2,2,0,2,0,0,0,0,4
66461,OpceCantabria,,2,0,2,2,0,2,0,0,0,0,0
66466,StarliteGala,,2,0,2,2,0,2,0,0,0,0,0
66477,iedandalucia,,3,0,3,3,0,3,0,0,0,0,0
66478,amuradigitanas,,2,0,2,2,0,2,0,0,0,0,4
66484,daukaia,,2,0,2,2,0,2,0,0,0,0,4
66486,MonitorsSF,,2,0,2,2,0,2,0,0,0,0,1
66495,ManosSalamanca,,2,0,2,2,0,2,0,0,0,0,4
66508,sevillaabierta,,2,0,2,2,0,2,0,0,0,0,0
66517,DeportehdMoto,,2,0,2,2,0,2,0,0,0,0,4
66518,FTelefonicaMX,,2,0,2,2,0,2,0,0,0,0,4
66527,_AVT_,,2,0,2,2,0,2,0,0,0,0,0
66546,JesuitinaSa,,2,0,2,2,0,2,0,0,0,0,4
66560,trilemaedu,,2,0,2,2,0,2,0,0,0,0,4
66564,AyudaIglesNeces,,2,0,2,2,0,2,0,0,0,0,6
66566,OMP_ES,,2,0,2,2,0,2,0,0,0,0,6
66568,cdsalesalamanca,,3,0,3,3,0,3,0,0,0,0,6
66569,COEPAlicante,,2,0,2,2,0,2,0,0,0,0,4
66575,ninosdepapel,,2,0,2,2,0,2,0,0,0,0,4
66576,acomaralicante,,2,0,2,2,0,2,0,0,0,0,4
66584,EnBuscaDeOrg,,3,0,3,3,0,3,0,0,0,0,4
66604,APDMalaga,,2,0,2,2,0,2,0,0,0,0,1
66610,CooperacionUMA,,2,0,2,2,0,2,0,0,0,0,1
66611,FundOlivares,,2,0,2,2,0,2,0,0,0,0,4
66614,asoc_avoi,,2,0,2,2,0,2,0,0,0,0,0
66616,iij_espana,,2,0,2,2,0,2,0,0,0,0,6
66621,HarambeeONGD,,2,0,2,2,0,2,0,0,0,0,4
66626,APGCNA,,2,0,2,2,0,2,0,0,0,0,0
66627,CMLarraona,,2,0,2,2,0,2,0,0,0,0,4
66645,AVEFarmacia,,2,0,2,2,0,2,0,0,0,0,1
66647,apjcv,,2,0,2,2,0,2,0,0,0,0,4
66648,gva_Bibdeladona,,2,0,2,2,0,2,0,0,0,0,4
66649,ucvalencia,,2,0,2,2,0,2,0,0,0,0,4
66652,AfricaDe,,2,0,2,2,0,2,0,0,0,0,0
66654,COTSAlicante,,2,0,2,2,0,2,0,0,0,0,4
66657,fepamedcv,,2,0,2,2,0,2,0,0,0,0,4
66666,lasallearlep,,3,0,3,3,0,3,0,0,0,0,4
66672,PMTDT,,2,0,2,2,0,2,0,0,0,0,0
66674,fanuandalucia,,2,0,2,2,0,2,0,0,0,0,6
66676,AfricArcoIris,,2,0,2,2,0,2,0,0,0,0,4
66681,CeliacosAlmeria,,2,0,2,2,0,2,0,0,0,0,0
66685,ccspain,,2,0,2,2,0,2,0,0,0,0,4
66691,sappngo,,2,0,2,2,0,2,0,0,0,0,0
66700,CuacFM,,2,0,2,2,0,2,0,0,0,0,4
66704,EnfermerasEPM,,2,0,2,2,0,2,0,0,0,0,4
66705,semilla_cambio,,2,0,2,2,0,2,0,0,0,0,4
66710,itdupm,,2,0,2,2,0,2,0,0,0,0,0
66716,fondo_solidario,,2,0,2,2,0,2,0,0,0,0,4
66725,peatonesandando,,2,0,2,2,0,2,0,0,0,0,4
66726,BUSCUSC,,2,0,2,2,0,2,0,0,0,0,5
66736,ISGLOBALorg,,2,0,2,2,0,2,0,0,0,0,0
66737,BaloncestoESP,,3,0,3,3,0,3,0,0,0,0,5
66739,torrehercules,,3,0,3,3,0,3,0,0,0,0,4
66742,AFAMMERmujer,,2,0,2,2,0,2,0,0,0,0,0
66745,FPaideiaGaliza,,2,0,2,2,0,2,0,0,0,0,0
66746,ICONTEC,,2,0,2,2,0,2,0,0,0,0,4
66747,AVEBIOM,,2,0,2,2,0,2,0,0,0,0,1
66749,aelec_es,,2,0,2,2,0,2,0,0,0,0,2
66751,TECNIFUEGOAESPI,,2,0,2,2,0,2,0,0,0,0,0
66753,FenieInstalad,,2,0,2,2,0,2,0,0,0,0,6
66759,IDAEenergia,,2,0,2,2,0,2,0,0,0,0,4
66762,CNTA_CIT,,3,0,3,3,0,3,0,0,0,0,0
66763,asemesa,,2,0,2,2,0,2,0,0,0,0,0
66766,AeasAgua,,2,0,2,2,0,2,0,0,0,0,5
66767,AEERC_es,,2,0,2,2,0,2,0,0,0,0,0
66768,reciclajeFER,,2,0,2,2,0,2,0,0,0,0,0
66772,asefma_es,,3,0,3,3,0,3,0,0,0,0,4
66774,coitiaragon,,2,0,2,2,0,2,0,0,0,0,4
66776,FEDEME_,,2,0,2,2,0,2,0,0,0,0,6
66792,AseBio,,2,0,2,2,0,2,0,0,0,0,0
66794,Tecniberia,,2,0,2,2,0,2,0,0,0,0,6
66804,AsociacionAPEP,,2,0,2,2,0,2,0,0,0,0,0
66805,ANESEASOCIACION,,2,0,2,2,0,2,0,0,0,0,6
66810,CniInstalad,,2,0,2,2,0,2,0,0,0,0,6
66817,JaneGoodallEspa,,2,0,2,2,0,2,0,0,0,0,4
66820,scoutsgalicia,,2,0,2,2,0,2,0,0,0,0,4
66822,mascjex,,2,0,2,2,0,2,0,0,0,0,2
66823,is4k,,2,0,2,2,0,2,0,0,0,0,0
66824,11defebreroES,,2,0,2,2,0,2,0,0,0,0,4
66825,jea_juniorsmd,,2,0,2,2,0,2,0,0,0,0,4
66828,redtasoctisoc,,2,0,2,2,0,2,0,0,0,0,4
66834,EDTLPalencia,,2,0,2,2,0,2,0,0,0,0,4
66838,ScoutsCyL,,2,0,2,2,0,2,0,0,0,0,4
66844,EscuelaDonBosco,,2,0,2,2,0,2,0,0,0,0,4
66849,Xtantos,,3,0,3,3,0,3,0,0,0,0,0
66852,prensaCEE,,2,0,2,2,0,2,0,0,0,0,0
66859,MSCsalamanca,,3,0,3,3,0,3,0,0,0,0,4
66861,ScoutsJaen,,2,0,2,2,0,2,0,0,0,0,4
66868,ScoutsCaceres,,2,0,2,2,0,2,0,0,0,0,4
66873,MaristasMedit,,2,0,2,2,0,2,0,0,0,0,4
66879,InfoCatolica,,2,0,2,2,0,2,0,0,0,0,0
66887,JMV_esp,,2,0,2,2,0,2,0,0,0,0,0
66889,SalesianosSMX,,2,0,2,2,0,2,0,0,0,0,0
66901,JuventudDM,,2,0,2,2,0,2,0,0,0,0,0
66904,scoutsur,,2,0,2,2,0,2,0,0,0,0,4
66918,iMision,,2,0,2,2,0,2,0,0,0,0,6
66919,pgsisevilla17,,2,0,2,2,0,2,0,0,0,0,4
66921,Recurmision,,2,0,2,2,0,2,0,0,0,0,6
66925,catholiclink_es,,2,0,2,2,0,2,0,0,0,0,6
66942,ciudadania_i,,2,0,2,2,0,2,0,0,0,0,4
66943,AYEculturaS,,2,0,2,2,0,2,0,0,0,0,6
66949,mujerperiodista,,2,0,2,2,0,2,0,0,0,0,4
66955,Pedirayudas,,2,0,2,2,0,2,0,0,0,0,0
66965,AzarquielSev,,2,0,2,2,0,2,0,0,0,0,0
66967,Gizonduz,,2,0,2,2,0,2,0,0,0,0,4
66968,MURCIACICLISMO,,2,0,2,2,0,2,0,0,0,0,0
66969,thinkitES,,3,0,3,3,0,3,0,0,0,0,4
66981,aNOESSO,,2,0,2,2,0,2,0,0,0,0,0
66986,CasaCiencia_Sev,,3,0,3,3,0,3,0,0,0,0,6
66987,MujeresRed,,2,0,2,2,0,2,0,0,0,0,4
66989,Bcn_SantMarti,,2,0,2,2,0,2,0,0,0,0,2
66998,sacpaandalucia,,2,0,2,2,0,2,0,0,0,0,4
67014,ASILIMorg,,2,0,2,2,0,2,0,0,0,0,1
67017,FAPA_Valladolid,,2,0,2,2,0,2,0,0,0,0,4
67022,CAAMGranCanaria,,3,0,3,3,0,3,0,0,0,0,2
67023,museofridakahlo,,3,0,3,3,0,3,0,0,0,0,2
67024,MuseoMNAV,,2,0,2,2,0,2,0,0,0,0,2
67025,MuseodelLibro,,3,0,3,3,0,3,0,0,0,0,0
67027,MuseoLugo,,2,0,2,2,0,2,0,0,0,0,4
67028,mc2coruna_gl,,3,0,3,3,0,3,0,0,0,0,4
67030,ArteMad,,3,0,3,3,0,3,0,0,0,0,0
67031,CentroNiemeyer,,2,0,2,2,0,2,0,0,0,0,4
67032,esbaluardmuseu,,2,0,2,2,0,2,0,0,0,0,4
67033,MuseoDeAmerica,,2,0,2,2,0,2,0,0,0,0,2
67034,gva_IVAM,,2,0,2,2,0,2,0,0,0,0,0
67036,MuseoAutomovilM,,3,0,3,3,0,3,0,0,0,0,0
67038,MuseudeMallorca,,2,0,2,2,0,2,0,0,0,0,2
67040,mapfreFcultura,,3,0,3,3,0,3,0,0,0,0,0
67043,marqalicante,,2,0,2,2,0,2,0,0,0,0,4
67047,macarqueologia,,2,0,2,2,0,2,0,0,0,0,2
67048,CA2M_Madrid,,2,0,2,2,0,2,0,0,0,0,4
67052,MuseoMUBAG,,2,0,2,2,0,2,0,0,0,0,4
67053,museowurth,,2,0,2,2,0,2,0,0,0,0,4
67054,MuseuMontserrat,,2,0,2,2,0,2,0,0,0,0,2
67065,MusArqCordoba,,2,0,2,2,0,2,0,0,0,0,0
67072,MuseuDali,,2,0,2,2,0,2,0,0,0,0,4
67076,PalauGuell,,2,0,2,2,0,2,0,0,0,0,0
67077,MuseosGijon,,2,0,2,2,0,2,0,0,0,0,4
67078,sagradafamilia,,3,0,3,3,0,3,0,0,0,0,0
67080,CaixaForum,,4,0,4,4,0,4,0,0,0,0,0
67081,MuVIM,,2,0,2,2,0,2,0,0,0,0,0
67084,MuseosTenerife,,2,0,2,2,0,2,0,0,0,0,4
67085,circoprice,,2,0,2,2,0,2,0,0,0,0,0
67088,mc2coruna,,3,0,3,3,0,3,0,0,0,0,4
67091,cmperezgaldos,,2,0,2,2,0,2,0,0,0,0,3
67093,SEDIC20,,3,0,3,3,0,3,0,0,0,0,6
67094,museorusomalaga,,3,0,3,3,0,3,0,0,0,0,0
67096,La_Central_,,2,0,2,2,0,2,0,0,0,0,4
67098,Museu_Egipci,,2,0,2,2,0,2,0,0,0,0,2
67099,MuseuMaritim,,2,0,2,2,0,2,0,0,0,0,4
67100,MuseudelaPesca,,2,0,2,2,0,2,0,0,0,0,2
67104,RJBOTANICO,,3,0,3,3,0,3,0,0,0,0,4
67106,M_Ferrocarril,,2,0,2,2,0,2,0,0,0,0,4
67108,mNACTEC,,2,0,2,2,0,2,0,0,0,0,2
67118,EcoEFC,,2,0,2,2,0,2,0,0,0,0,6
67129,COMILLASTSocial,,2,0,2,2,0,2,0,0,0,0,4
67131,FAGIC1,,2,0,2,2,0,2,0,0,0,0,2
67132,rumboanigeria,,2,0,2,2,0,2,0,0,0,0,4
67134,AmigosdeMuseos,,3,0,3,3,0,3,0,0,0,0,0
67137,Laequenosune,,2,0,2,2,0,2,0,0,0,0,6
67148,aexmedia,,2,0,2,2,0,2,0,0,0,0,4
67149,MEDIAMOS_,,3,0,3,3,0,3,0,0,0,0,4
67156,fempcomunica,,3,0,3,3,0,3,0,0,0,0,0
67157,EuropeanWomen,,3,0,3,3,0,3,0,0,0,0,1
67158,IgualdadFem,,2,0,2,2,0,2,0,0,0,0,4
67159,UAM_UIgualdadG,,3,0,3,3,0,3,0,0,0,0,1
67165,ARHOE_enhora,,3,0,3,3,0,3,0,0,0,0,4
67166,imujerclm,,2,0,2,2,0,2,0,0,0,0,4
67168,UCMigualdad,,2,0,2,2,0,2,0,0,0,0,4
67170,ASESCOcoaching,,2,0,2,2,0,2,0,0,0,0,4
67171,ReddeCasas,,2,0,2,2,0,2,0,0,0,0,4
67175,copc_cat,,2,0,2,2,0,2,0,0,0,0,4
67184,FEEF_SPAIN,,2,0,2,2,0,2,0,0,0,0,5
67189,Trobarefeina,,2,0,2,2,0,2,0,0,0,0,2
67224,centrocancalau,,2,0,2,2,0,2,0,0,0,0,4
67225,AMPGYL,,2,0,2,2,0,2,0,0,0,0,4
67236,uniondeactores,,2,0,2,2,0,2,0,0,0,0,0
67237,FAPAE_,,3,0,3,3,0,3,0,0,0,0,0
67238,InFoAutismo_,,2,0,2,2,0,2,0,0,0,0,4
67248,cuidadors,,2,0,2,2,0,2,0,0,0,0,4
67255,CohousingVidaS,,2,0,2,2,0,2,0,0,0,0,4
67262,ArtePaliativo,,2,0,2,2,0,2,0,0,0,0,4
67270,bomberosunidos,,2,0,2,2,0,2,0,0,0,0,0
67272,Mundubat,,2,0,2,2,0,2,0,0,0,0,5
67273,FCAVAH,,2,0,2,2,0,2,0,0,0,0,6
67282,NuModEnergetico,,2,0,2,2,0,2,0,0,0,0,0
67284,socialjesuitas,,2,0,2,2,0,2,0,0,0,0,4
67292,sobredroga,,2,0,2,2,0,2,0,0,0,0,4
67335,coeescv,,2,0,2,2,0,2,0,0,0,0,4
67347,MadridEmprende,,3,0,3,3,0,3,0,0,0,0,4
67355,FEVECTA,,2,0,2,2,0,2,0,0,0,0,4
67356,UNCCUE,,2,0,2,2,0,2,0,0,0,0,4
67359,Enpresagintza,,2,0,2,2,0,2,0,0,0,0,4
67364,COPACOGECA,,2,0,2,2,0,2,0,0,0,0,1
67367,fundacioninnove,,3,0,3,3,0,3,0,0,0,0,4
67368,IDB_Lab,,2,0,2,2,0,2,0,0,0,0,4
67369,ceoeformacion,,2,0,2,2,0,2,0,0,0,0,4
67372,Covap,,2,0,2,2,0,2,0,0,0,0,0
67376,OPAutonomos,,2,0,2,2,0,2,0,0,0,0,4
67377,ascameorg,,2,0,2,2,0,2,0,0,0,0,0
67379,ensienetwork,,2,0,2,2,0,2,0,0,0,0,1
67380,SpainCTC,,2,0,2,2,0,2,0,0,0,0,6
67382,SomEnergia,,2,0,2,2,0,2,0,0,0,0,0
67383,MES_Madrid,,2,0,2,2,0,2,0,0,0,0,0
67389,FundacionISD,,2,0,2,2,0,2,0,0,0,0,4
67402,AnnaLindh,,3,0,3,3,0,3,0,0,0,0,1
67403,CazallaIntercul,,2,0,2,2,0,2,0,0,0,0,2
67405,RSF_esp,,2,0,2,2,0,2,0,0,0,0,2
67408,CRJ_Rioja,,2,0,2,2,0,2,0,0,0,0,4
67418,CEOMA_ong,,2,0,2,2,0,2,0,0,0,0,0
67420,bancoalimadrid,,2,0,2,2,0,2,0,0,0,0,6
67421,MujeresxAfrica,,2,0,2,2,0,2,0,0,0,0,2
67449,fpiesdescalzos,,2,0,2,2,0,2,0,0,0,0,0
67457,FamNumerosas,,3,0,3,3,0,3,0,0,0,0,0
67476,cdcooperacion,,2,0,2,2,0,2,0,0,0,0,4
67481,voluntmadrid,,3,0,3,3,0,3,0,0,0,0,4
67483,MujeresJovenesF,,3,0,3,3,0,3,0,0,0,0,2
67503,CaritasHuelva,,2,0,2,2,0,2,0,0,0,0,0
67504,CaritasCRodrigo,,2,0,2,2,0,2,0,0,0,0,4
67521,gitanos_org_ALI,,2,0,2,2,0,2,0,0,0,0,4
67525,CaritasZaragoza,,2,0,2,2,0,2,0,0,0,0,0
67558,CICancer_com,,3,0,3,3,0,3,0,0,0,0,6
67561,aeccbcn,,2,0,2,2,0,2,0,0,0,0,2
67583,AECCMALAGA,,2,0,2,2,0,2,0,0,0,0,6
67592,FundacioAlicia,,2,0,2,2,0,2,0,0,0,0,4
67596,Red_Biobancos,,2,0,2,2,0,2,0,0,0,0,4
67600,CNB_CSIC,,3,0,3,3,0,3,0,0,0,0,4
67603,CarreraMujer,,2,0,2,2,0,2,0,0,0,0,0
67607,ibis_sevilla,,3,0,3,3,0,3,0,0,0,0,1
67614,Senosalud,,2,0,2,2,0,2,0,0,0,0,0
67622,LosPilaresGINOf,,2,0,2,2,0,2,0,0,0,0,4
67631,amnistia,,3,0,3,3,0,3,0,0,0,0,0
67648,Aguere70,,2,0,2,2,0,2,0,0,0,0,3
67649,anambro446,,2,0,2,2,0,2,0,0,0,0,4
67655,ScoutsCanarias,,2,0,2,2,0,2,0,0,0,0,3
67666,Policias_APDA,,2,0,2,2,0,2,0,0,0,0,4
67696,AAmigosAnimales,,4,0,4,4,0,4,0,0,0,0,0
67733,AMPAROSUR,,2,0,2,2,0,2,0,0,0,0,0
67770,peludisimosgr,,2,0,2,2,0,2,0,0,0,0,4
67810,ObservatorioJDA,,2,0,2,2,0,2,0,0,0,0,0
67812,Agenciavol_Sal,,2,0,2,2,0,2,0,0,0,0,4
67817,SOSGOLDEN,,2,0,2,2,0,2,0,0,0,0,4
67819,ChuchosGranada,,4,0,4,4,0,4,0,0,0,0,0
67824,PatasAsociacion,,2,0,2,2,0,2,0,0,0,0,4
67825,ADOPTAENESPANA,,2,0,2,2,0,2,0,0,0,0,4
67832,Adoptalocom,,2,0,2,2,0,2,0,0,0,0,4
67837,refugioescuela,,2,0,2,2,0,2,0,0,0,0,4
67839,DYALAlacanti,,2,0,2,2,0,2,0,0,0,0,4
67846,HispaRob,,2,0,2,2,0,2,0,0,0,0,0
67849,BestBuddiesES,,2,0,2,2,0,2,0,0,0,0,4
67850,alcachofa_es,,2,0,2,2,0,2,0,0,0,0,0
67851,redjuderias,,3,0,3,3,0,3,0,0,0,0,4
67853,AgenciasdEspana,,2,0,2,2,0,2,0,0,0,0,0
67858,elpartoesnuestr,,2,0,2,2,0,2,0,0,0,0,0
67860,5aldiaspain,,2,0,2,2,0,2,0,0,0,0,0
67869,INCIDE_Social,,2,0,2,2,0,2,0,0,0,0,4
67870,PhotographicSV,,2,0,2,2,0,2,0,0,0,0,4
67872,canalcultural,,2,0,2,2,0,2,0,0,0,0,0
67879,innovasturias,,2,0,2,2,0,2,0,0,0,0,4
67881,ecovidrio,,3,0,3,3,0,3,0,0,0,0,4
67885,aeccSalamanca,,3,0,3,3,0,3,0,0,0,0,4
67893,Asc_SONRISAS,,2,0,2,2,0,2,0,0,0,0,0
67894,ajemadrid,,4,0,4,4,0,4,0,0,0,0,4
67896,ReboticaUCM,,2,0,2,2,0,2,0,0,0,0,4
67897,SEOSierraNevada,,3,0,3,3,0,3,0,0,0,0,4
67903,SEOMonticola,,2,0,2,2,0,2,0,0,0,0,4
67905,bibliotecaumu,,2,0,2,2,0,2,0,0,0,0,6
67908,signusecovalor,,3,0,3,3,0,3,0,0,0,0,0
67909,redeuroparc,,3,0,3,3,0,3,0,0,0,0,4
67915,CRGenomica,,3,0,3,3,0,3,0,0,0,0,0
67916,MNCNcomunica,,2,0,2,2,0,2,0,0,0,0,2
67921,IEO_Santander,,2,0,2,2,0,2,0,0,0,0,4
67923,fundacionantama,,2,0,2,2,0,2,0,0,0,0,4
67926,Ecooo_,,3,0,3,3,0,3,0,0,0,0,0
67928,APIA_es,,3,0,3,3,0,3,0,0,0,0,4
67929,UNEFotovoltaica,,3,0,3,3,0,3,0,0,0,0,1
67930,ANPIER_Asoc,,3,0,3,3,0,3,0,0,0,0,1
67931,APPA_Renovables,,4,0,4,4,0,4,0,0,0,0,1
67932,diario_ecologia,,3,0,3,3,0,3,0,0,0,0,2
67943,AE_Edu_Amb,,3,0,3,3,0,3,0,0,0,0,4
67948,ecologica_mujer,,3,0,3,3,0,3,0,0,0,0,0
67953,WWFnoticias,,2,0,2,2,0,2,0,0,0,0,4
67956,Eurosolar_ES,,2,0,2,2,0,2,0,0,0,0,6
67957,EeaMalaga,,2,0,2,2,0,2,0,0,0,0,4
67962,EeA_Salamanca,,2,0,2,2,0,2,0,0,0,0,4
67976,RedNatura2000,,3,0,3,3,0,3,0,0,0,0,0
67981,FundlaCaixaCAT,,2,0,2,2,0,2,0,0,0,0,0
67995,CruzRojAlbacete,,2,0,2,2,0,2,0,0,0,0,4
68006,compromisoclima,,2,0,2,2,0,2,0,0,0,0,4
68007,ArrabalAID,,2,0,2,2,0,2,0,0,0,0,4
68020,CeliacosMadrid,,2,0,2,2,0,2,0,0,0,0,6
68029,museocasalis,,3,0,3,3,0,3,0,0,0,0,4
68030,CasaCervantes,,3,0,3,3,0,3,0,0,0,0,4
68031,MuseoEscultura,,3,0,3,3,0,3,0,0,0,0,0
68032,museoscastyleon,,3,0,3,3,0,3,0,0,0,0,4
68033,ArtiumVitoria,,3,0,3,3,0,3,0,0,0,0,4
68034,alumni_unav,,3,0,3,3,0,3,0,0,0,0,4
68038,unavbiblioteca,,3,0,3,3,0,3,0,0,0,0,4
68039,tantakaunav,,2,0,2,2,0,2,0,0,0,0,4
68049,CIBERBBN,,3,0,3,3,0,3,0,0,0,0,5
68050,Icomem_AFAM,,2,0,2,2,0,2,0,0,0,0,4
68052,Icomem_Oficial,,2,0,2,2,0,2,0,0,0,0,4
68060,FundacionINCYDE,,3,0,3,3,0,3,0,0,0,0,0
68063,FundacionAreces,,3,0,3,3,0,3,0,0,0,0,4
68065,FundGenesisCare,,2,0,2,2,0,2,0,0,0,0,5
68066,fundacionGSR,,2,0,2,2,0,2,0,0,0,0,6
68069,FundacionCanal,,2,0,2,2,0,2,0,0,0,0,0
68070,FRIDE,,2,0,2,2,0,2,0,0,0,0,1
68073,Prodintec,,2,0,2,2,0,2,0,0,0,0,6
68074,FUHEM,,2,0,2,2,0,2,0,0,0,0,4
68075,FundacionMetal,,3,0,3,3,0,3,0,0,0,0,6
68077,ffe_es,,3,0,3,3,0,3,0,0,0,0,4
68081,UWCEspana,,2,0,2,2,0,2,0,0,0,0,4
68082,fundeun,,2,0,2,2,0,2,0,0,0,0,4
68085,FundecytPCTEX,,2,0,2,2,0,2,0,0,0,0,2
68097,FundacionFaes,,2,0,2,2,0,2,0,0,0,0,6
68101,PatioHerreriano,,3,0,3,3,0,3,0,0,0,0,4
68104,CIPFciencia,,2,0,2,2,0,2,0,0,0,0,4
68114,Fundacion_UDC,,2,0,2,2,0,2,0,0,0,0,4
68117,FGarciaCugat,,2,0,2,2,0,2,0,0,0,0,4
68118,FundacionAFIES,,2,0,2,2,0,2,0,0,0,0,4
68124,FMBBVA,,2,0,2,2,0,2,0,0,0,0,0
68130,SanJuandeDios_,,2,0,2,2,0,2,0,0,0,0,0
68135,FGUAes,,3,0,3,3,0,3,0,0,0,0,4
68136,fundmercksalud,,2,0,2,2,0,2,0,0,0,0,0
68144,fibgar_,,2,0,2,2,0,2,0,0,0,0,5
68145,Fuescyl,,3,0,3,3,0,3,0,0,0,0,4
68149,safh_info,,2,0,2,2,0,2,0,0,0,0,5
68152,FundacionICO,,2,0,2,2,0,2,0,0,0,0,4
68153,CdEconomia,,2,0,2,2,0,2,0,0,0,0,4
68167,CajaInmaculada,,3,0,3,3,0,3,0,0,0,0,0
68168,MuseoABC,,2,0,2,2,0,2,0,0,0,0,0
68169,ficemu,,2,0,2,2,0,2,0,0,0,0,4
68170,FundacionATYME,,2,0,2,2,0,2,0,0,0,0,4
68173,FCD_Alcobendas,,2,0,2,2,0,2,0,0,0,0,4
68177,FundConEspEEUU,,2,0,2,2,0,2,0,0,0,0,1
68185,HacesMas,,4,0,4,4,0,4,0,0,0,0,0
68186,FundAELZABURU,,2,0,2,2,0,2,0,0,0,0,4
68188,madrimasd,,3,0,3,3,0,3,0,0,0,0,1
68189,Ship2B,,3,0,3,3,0,3,0,0,0,0,4
68191,fundacom_lat,,2,0,2,2,0,2,0,0,0,0,4
68208,Fundacion_Amigo,,2,0,2,2,0,2,0,0,0,0,5
68212,SeparRespira,,3,0,3,3,0,3,0,0,0,0,4
68216,SEAIC_Alergia,,2,0,2,2,0,2,0,0,0,0,0
68218,AEDVAndalucia,,2,0,2,2,0,2,0,0,0,0,4
68221,ffpaciente,,2,0,2,2,0,2,0,0,0,0,5
68231,InventorESP,,2,0,2,2,0,2,0,0,0,0,6
68241,PVSCV,,2,0,2,2,0,2,0,0,0,0,4
68242,creformacion,,3,0,3,3,0,3,0,0,0,0,4
68243,CruzRojaCLM,,2,0,2,2,0,2,0,0,0,0,4
68244,CRJCV,,2,0,2,2,0,2,0,0,0,0,4
68249,CRAlicante,,2,0,2,2,0,2,0,0,0,0,4
68254,FundacionJPeran,,2,0,2,2,0,2,0,0,0,0,4
68261,MdicosLasPalmas,,2,0,2,2,0,2,0,0,0,0,3
68271,IDEE_USPCEU,,3,0,3,3,0,3,0,0,0,0,1
68274,CELEMlobby,,2,0,2,2,0,2,0,0,0,0,4
68283,apde_eu,,3,0,3,3,0,3,0,0,0,0,4
68287,genero_igualdad,,2,0,2,2,0,2,0,0,0,0,4
68289,JOVENESDDHH,,2,0,2,2,0,2,0,0,0,0,0
68292,CIMAcineastas,,3,0,3,3,0,3,0,0,0,0,0
68297,Programa_Nagore,,2,0,2,2,0,2,0,0,0,0,4
68300,fgusal,,3,0,3,3,0,3,0,0,0,0,8
68302,ADEITUV,,2,0,2,2,0,2,0,0,0,0,4
68306,mujeresjuezas,,2,0,2,2,0,2,0,0,0,0,4
68309,donesjuristes,,2,0,2,2,0,2,0,0,0,0,4
68312,CyM_tw,,2,0,2,2,0,2,0,0,0,0,0
68314,fmujeres,,2,0,2,2,0,2,0,0,0,0,4
68316,f_firstteam,,2,0,2,2,0,2,0,0,0,0,4
68317,esMONDRAGON,,3,0,3,3,0,3,0,0,0,0,4
68320,f_impuls,,2,0,2,2,0,2,0,0,0,0,4
68331,CEHEhosteleria,,3,0,3,3,0,3,0,0,0,0,4
68339,wikimedia_es,,2,0,2,2,0,2,0,0,0,0,0
68343,Bizkel,,2,0,2,2,0,2,0,0,0,0,0
68344,adansi_autismo,,2,0,2,2,0,2,0,0,0,0,4
68345,CocemfeCaceres,,2,0,2,2,0,2,0,0,0,0,0
68347,fedhemo,,2,0,2,2,0,2,0,0,0,0,0
68353,AMETIC_es,,2,0,2,2,0,2,0,0,0,0,0
68359,FordSpain,,3,0,3,3,0,3,0,0,0,0,5
68366,GinemedFund,,2,0,2,2,0,2,0,0,0,0,5
68370,RedCDPD,,2,0,2,2,0,2,0,0,0,0,0
68371,clubfarmacia,,3,0,3,3,0,3,0,0,0,0,6
68372,redaccionmedica,,4,0,4,4,0,4,0,0,0,0,5
68375,ideasensalud,,2,0,2,2,0,2,0,0,0,0,2
68376,practicaseguras,,3,0,3,3,0,3,0,0,0,0,4
68378,redpacientes,,3,0,3,3,0,3,0,0,0,0,4
68384,abretecamino,,2,0,2,2,0,2,0,0,0,0,4
68386,infodrogas,,2,0,2,2,0,2,0,0,0,0,4
68393,CI_IDI,,2,0,2,2,0,2,0,0,0,0,4
68395,apaipalatina,,2,0,2,2,0,2,0,0,0,0,4
68407,CeUICN,,2,0,2,2,0,2,0,0,0,0,4
68411,APCAIXA,,2,0,2,2,0,2,0,0,0,0,4
68412,LifeInfonatur,,2,0,2,2,0,2,0,0,0,0,4
68413,ActivaRedNatura,,3,0,3,3,0,3,0,0,0,0,0
68414,FCQorg,,2,0,2,2,0,2,0,0,0,0,4
68416,FGlobalNature,,3,0,3,3,0,3,0,0,0,0,4
68443,congresofeap21,,2,0,2,2,0,2,0,0,0,0,4
68453,commurcia,,2,0,2,2,0,2,0,0,0,0,4
68494,afibrosal,,2,0,2,2,0,2,0,0,0,0,4
68502,FamiliaCEU,,2,0,2,2,0,2,0,0,0,0,4
68507,RAMCV1831,,2,0,2,2,0,2,0,0,0,0,4
68527,AsocEspStickler,,2,0,2,2,0,2,0,0,0,0,4
68542,MadridLaNoticia,,2,0,2,2,0,2,0,0,0,0,4
68557,IbercajaSocial,,2,0,2,2,0,2,0,0,0,0,4
68563,aepccc_es,,2,0,2,2,0,2,0,0,0,0,4
68568,PsicologoMurcia,,2,0,2,2,0,2,0,0,0,0,4
68569,COPCV,,2,0,2,2,0,2,0,0,0,0,4
68581,AEF_fundaciones,,2,0,2,2,0,2,0,0,0,0,0
68585,GoogleES,,3,0,3,3,0,3,0,0,0,0,4
68590,mailrelay,,4,0,4,4,0,4,0,0,0,0,1
68592,MSCloud,,3,0,3,3,0,3,0,0,0,0,4
68593,Azure,,3,0,3,3,0,3,0,0,0,0,8
68596,TodoPacientes,,2,0,2,2,0,2,0,0,0,0,0
68598,downlaspalmas21,,2,0,2,2,0,2,0,0,0,0,3
68605,Amasperger,,2,0,2,2,0,2,0,0,0,0,2
68606,ADIPA_ANTEQUERA,,2,0,2,2,0,2,0,0,0,0,6
68609,ortomovernos,,3,0,3,3,0,3,0,0,0,0,0
68614,Peopleplusprofi,,2,0,2,2,0,2,0,0,0,0,4
68618,JOVESOLIDES,,2,0,2,2,0,2,0,0,0,0,0
68619,VolunTelefonica,,2,0,2,2,0,2,0,0,0,0,4
68634,GivingTuesdayES,,2,0,2,2,0,2,0,0,0,0,4
68638,Office365,,3,0,3,3,0,3,0,0,0,0,4
68651,talksatgoogle,,3,0,3,3,0,3,0,0,0,0,2
68656,CruzRojaBizkaia,,2,0,2,2,0,2,0,0,0,0,1
68671,economia_social,,2,0,2,2,0,2,0,0,0,0,4
68673,aeccLaRioja,,2,0,2,2,0,2,0,0,0,0,4
68679,ACCU_Espana,,2,0,2,2,0,2,0,0,0,0,0
68683,anortejoven,,3,0,3,3,0,3,0,0,0,0,4
68708,wearecharitable,,2,0,2,2,0,2,0,0,0,0,2
68713,rse_ararse,,2,0,2,2,0,2,0,0,0,0,4
68714,SeResponsable,,3,0,3,3,0,3,0,0,0,0,0
68716,juanroyoabenia,,3,0,3,3,0,3,0,0,0,0,4
68718,JgAmago,,2,0,2,2,0,2,0,0,0,0,0
68723,FundacionUNED,,4,0,4,4,0,4,0,0,0,0,4
68725,ChimeforChange,,2,0,2,2,0,2,0,0,0,0,3
68730,comprometidos_,,2,0,2,2,0,2,0,0,0,0,0
68731,SchSocEnt,,2,0,2,2,0,2,0,0,0,0,1
68732,UnLtd,,2,0,2,2,0,2,0,0,0,0,2
68739,EUFAMI,,2,0,2,2,0,2,0,0,0,0,1
68740,bolunta,,2,0,2,2,0,2,0,0,0,0,4
68742,CPTSCadiz,,2,0,2,2,0,2,0,0,0,0,4
68748,CaritasMadrid,,2,0,2,2,0,2,0,0,0,0,1
68753,esthervivas,,2,0,2,2,0,2,0,0,0,0,0
68755,AsociacionNEN,,2,0,2,2,0,2,0,0,0,0,4
68762,Enoarquia,,2,0,2,2,0,2,0,0,0,0,0
68767,fecoraees,,3,0,3,3,0,3,0,0,0,0,0
68773,RedMMT,,2,0,2,2,0,2,0,0,0,0,5
68776,AspaceJan,,2,0,2,2,0,2,0,0,0,0,0
68782,SOSGalgos,,2,0,2,2,0,2,0,0,0,0,4
68783,Arca_Sevilla,,2,0,2,2,0,2,0,0,0,0,4
68785,Uprodea_informa,,2,0,2,2,0,2,0,0,0,0,4
68793,fesbal_org,,3,0,3,3,0,3,0,0,0,0,0
68794,Thesocialcoin,,2,0,2,2,0,2,0,0,0,0,1
68797,amigosdeASDEM,,2,0,2,2,0,2,0,0,0,0,4
68800,UNAFamilias,,2,0,2,2,0,2,0,0,0,0,4
68801,inisolidaria,,2,0,2,2,0,2,0,0,0,0,4
68802,COOPERATOUR,,2,0,2,2,0,2,0,0,0,0,4
68809,adriuss27,,2,0,2,2,0,2,0,0,0,0,0
68816,xuventude,,3,0,3,3,0,3,0,0,0,0,4
68819,coop_57,,2,0,2,2,0,2,0,0,0,0,1
68820,CEPES2,,3,0,3,3,0,3,0,0,0,0,4
68823,CEDDET,,2,0,2,2,0,2,0,0,0,0,0
68824,eInclusionEU,,3,0,3,3,0,3,0,0,0,0,1
68826,AfagaVigo,,2,0,2,2,0,2,0,0,0,0,4
68827,fortegamaranon,,2,0,2,2,0,2,0,0,0,0,4
68830,CazaEstigmas,,2,0,2,2,0,2,0,0,0,0,0
68838,JMSanchez_SEO,,2,0,2,2,0,2,0,0,0,0,4
68843,verkami,,2,0,2,2,0,2,0,0,0,0,3
68857,BancAlimentsBcn,,2,0,2,2,0,2,0,0,0,0,7
68858,ideadiferentes,,2,0,2,2,0,2,0,0,0,0,4
68859,CNIOStopCancer,,3,0,3,3,0,3,0,0,0,0,0
68868,cgtrabajosocial,,3,0,3,3,0,3,0,0,0,0,4
68869,cotshuelva,,2,0,2,2,0,2,0,0,0,0,4
68870,COLEGIOTSMALAGA,,2,0,2,2,0,2,0,0,0,0,4
68872,dietamed,,2,0,2,2,0,2,0,0,0,0,4
68873,COTSASLaRioja,,2,0,2,2,0,2,0,0,0,0,4
68876,NsfSin,,2,0,2,2,0,2,0,0,0,0,4
68890,CocemfeCastello,,3,0,3,3,0,3,0,0,0,0,0
68891,AEEFasociacion,,2,0,2,2,0,2,0,0,0,0,0
68893,subvencioness,,3,0,3,3,0,3,0,0,0,0,0
68895,ASENSE_A,,2,0,2,2,0,2,0,0,0,0,0
68897,SindromedeLowe,,2,0,2,2,0,2,0,0,0,0,4
68898,asocpazybien,,2,0,2,2,0,2,0,0,0,0,0
68905,GastroSolidario,,2,0,2,2,0,2,0,0,0,0,0
68908,queremosverde,,4,0,4,4,0,4,0,0,0,0,4
68912,amigosEyS,,2,0,2,2,0,2,0,0,0,0,0
68913,monarquia_esp,,3,0,3,3,0,3,0,0,0,0,2
68929,Trabajo__social,,3,0,3,3,0,3,0,0,0,0,0
68930,CojosenLucha,,2,0,2,2,0,2,0,0,0,0,0
68933,FEDEMAEM,,2,0,2,2,0,2,0,0,0,0,0
68936,MarisaGomezCres,,2,0,2,2,0,2,0,0,0,0,4
68937,ProyectoEmer,,2,0,2,2,0,2,0,0,0,0,0
68939,IsabelCorral,,2,0,2,2,0,2,0,0,0,0,4
68942,txtalento,,2,0,2,2,0,2,0,0,0,0,0
68943,crjoventut,,2,0,2,2,0,2,0,0,0,0,8
68944,CulturaRSC,,3,0,3,3,0,3,0,0,0,0,4
68945,MikyMunilla,,2,0,2,2,0,2,0,0,0,0,6
68946,saborsolidario,,2,0,2,2,0,2,0,0,0,0,0
68948,AMentesAbiertas,,2,0,2,2,0,2,0,0,0,0,4
68950,TLPSev,,2,0,2,2,0,2,0,0,0,0,4
68951,Granabip2014,,3,0,3,3,0,3,0,0,0,0,0
68954,Fundmashumano,,2,0,2,2,0,2,0,0,0,0,4
68956,unoentrecienmil,,3,0,3,3,0,3,0,0,0,0,4
68959,CaritasRMurcia,,2,0,2,2,0,2,0,0,0,0,4
68967,19byAliana,,2,0,2,2,0,2,0,0,0,0,4
68969,FundacionABB,,2,0,2,2,0,2,0,0,0,0,4
68975,greenpeace_madr,,2,0,2,2,0,2,0,0,0,0,4
68977,MDonaciones,,2,0,2,2,0,2,0,0,0,0,4
68979,FBVMC,,3,0,3,3,0,3,0,0,0,0,1
68980,MACBA_Barcelona,,3,0,3,3,0,3,0,0,0,0,4
68981,BiblogTecarios,,3,0,3,3,0,3,0,0,0,0,6
68984,RecBib,,3,0,3,3,0,3,0,0,0,0,6
68986,EducaThyssen,,3,0,3,3,0,3,0,0,0,0,0
68987,bibcoruna,,2,0,2,2,0,2,0,0,0,0,4
68990,FEBHI_ORG,,2,0,2,2,0,2,0,0,0,0,0
68993,ICARUS_EU,,2,0,2,2,0,2,0,0,0,0,1
68997,AldeasEspana,,2,0,2,2,0,2,0,0,0,0,0
69003,leydetodos,,2,0,2,2,0,2,0,0,0,0,0
69004,cONGDcar,,2,0,2,2,0,2,0,0,0,0,4
69005,ae_valencia,,2,0,2,2,0,2,0,0,0,0,0
69006,PalomaUnicef,,3,0,3,3,0,3,0,0,0,0,1
69009,fmisangre,,2,0,2,2,0,2,0,0,0,0,6
69016,Infortea,,2,0,2,2,0,2,0,0,0,0,0
69024,FabianGPastor,,2,0,2,2,0,2,0,0,0,0,4
69027,fraybueno,,2,0,2,2,0,2,0,0,0,0,4
69031,FundCanfranc,,2,0,2,2,0,2,0,0,0,0,4
69035,Tierralossuenos,,2,0,2,2,0,2,0,0,0,0,4
69042,ecoemprenD,,3,0,3,3,0,3,0,0,0,0,0
69043,MuseuNac_Cat,,3,0,3,3,0,3,0,0,0,0,0
69044,bcn_ajuntament,,2,0,2,2,0,2,0,0,0,0,4
69047,gdrguadalhorce,,3,0,3,3,0,3,0,0,0,0,0
69048,OALPDAntequera,,2,0,2,2,0,2,0,0,0,0,0
69051,_ASEPCO,,3,0,3,3,0,3,0,0,0,0,4
69052,FundManantial,,2,0,2,2,0,2,0,0,0,0,4
69055,Agifes,,2,0,2,2,0,2,0,0,0,0,4
69061,ceesc_cat,,2,0,2,2,0,2,0,0,0,0,4
69062,Gedi_sccl,,2,0,2,2,0,2,0,0,0,0,1
69076,FMarianao,,2,0,2,2,0,2,0,0,0,0,1
69083,OxfamEU,,2,0,2,2,0,2,0,0,0,0,1
69084,MCorajeONGD,,2,0,2,2,0,2,0,0,0,0,4
69086,ReMC_org,,2,0,2,2,0,2,0,0,0,0,4
69092,infocoopera,,2,0,2,2,0,2,0,0,0,0,4
69097,Geologos_Mundo,,2,0,2,2,0,2,0,0,0,0,4
69101,goteofunding,,3,0,3,3,0,3,0,0,0,0,4
69102,MenudosMenudos,,2,0,2,2,0,2,0,0,0,0,4
69108,clubdemadrid,,2,0,2,2,0,2,0,0,0,0,1
69109,sermamas_es,,3,0,3,3,0,3,0,0,0,0,0
69110,AmpaColeAlcala,,2,0,2,2,0,2,0,0,0,0,4
69111,RotaryES,,2,0,2,2,0,2,0,0,0,0,2
69117,FCScariolo,,2,0,2,2,0,2,0,0,0,0,0
69125,FundacionRonald,,2,0,2,2,0,2,0,0,0,0,0
69126,FAPAMallorca,,2,0,2,2,0,2,0,0,0,0,2
69127,FAPARioja,,3,0,3,3,0,3,0,0,0,0,1
69132,erikugarte,,3,0,3,3,0,3,0,0,0,0,4
69148,MPSpapas,,2,0,2,2,0,2,0,0,0,0,4
69149,SiiS_doc,,2,0,2,2,0,2,0,0,0,0,4
69150,Avaaz,,3,0,3,3,0,3,0,0,0,0,4
69152,tender_comu,,2,0,2,2,0,2,0,0,0,0,0
69154,alternativa3,,2,0,2,2,0,2,0,0,0,0,4
69161,CIBERER,,3,0,3,3,0,3,0,0,0,0,0
69175,GIgualdad,,2,0,2,2,0,2,0,0,0,0,4
69177,fmprogresistas,,2,0,2,2,0,2,0,0,0,0,4
69178,FBAValladolid,,2,0,2,2,0,2,0,0,0,0,1
69191,Dependencia2_0,,3,0,3,3,0,3,0,0,0,0,4
69192,parkinsonbahia,,2,0,2,2,0,2,0,0,0,0,0
69193,ictusaragon,,2,0,2,2,0,2,0,0,0,0,0
69198,AlzheimerCeafa,,2,0,2,2,0,2,0,0,0,0,4
69204,ASEM_SEVILLA,,2,0,2,2,0,2,0,0,0,0,0
69209,NoalCancer,,2,0,2,2,0,2,0,0,0,0,2
69210,jordi_tuset,,2,0,2,2,0,2,0,0,0,0,6
69211,Apnaba,,2,0,2,2,0,2,0,0,0,0,4
69212,albertoreyero,,2,0,2,2,0,2,0,0,0,0,0
69216,ONCEuskadi,,2,0,2,2,0,2,0,0,0,0,1
69217,mberzosa,,2,0,2,2,0,2,0,0,0,0,0
69218,ciberyolanda,,2,0,2,2,0,2,0,0,0,0,4
69219,mayescobar,,2,0,2,2,0,2,0,0,0,0,4
69229,Pedro_Zerolo,,3,0,3,3,0,3,0,0,0,0,6
69231,diagramconsult,,2,0,2,2,0,2,0,0,0,0,4
69238,PactoMundial,,3,0,3,3,0,3,0,0,0,0,4
69240,ProyectosCFR,,2,0,2,2,0,2,0,0,0,0,0
69242,FundacionAtenea,,2,0,2,2,0,2,0,0,0,0,2
69251,AldaimaONG,,3,0,3,3,0,3,0,0,0,0,0
69257,SEMESCYL,,2,0,2,2,0,2,0,0,0,0,0
69259,CREMalaga,,2,0,2,2,0,2,0,0,0,0,0
69265,TodoElevadores,,3,0,3,3,0,3,0,0,0,0,0
69269,juventudclm,,3,0,3,3,0,3,0,0,0,0,0
69274,Pioe_SCA,,2,0,2,2,0,2,0,0,0,0,0
69281,ProyectoHombre_,,2,0,2,2,0,2,0,0,0,0,4
69292,CarrerasPaloma,,2,0,2,2,0,2,0,0,0,0,0
69296,delia2d,,2,0,2,2,0,2,0,0,0,0,4
69297,anaalfageme,,2,0,2,2,0,2,0,0,0,0,4
69303,ProcomarVLL,,2,0,2,2,0,2,0,0,0,0,1
69308,COCEMFE,,2,0,2,2,0,2,0,0,0,0,0
69311,Progenitores,,2,0,2,2,0,2,0,0,0,0,0
69316,CONGDEX,,2,0,2,2,0,2,0,0,0,0,2
69324,NuevaVidaAdop,,2,0,2,2,0,2,0,0,0,0,2
69328,PobleEspanyol,,2,0,2,2,0,2,0,0,0,0,7
69331,masterRSC,,2,0,2,2,0,2,0,0,0,0,4
69337,RegaloSolidario,,2,0,2,2,0,2,0,0,0,0,4
69342,Raul_LucasM,,2,0,2,2,0,2,0,0,0,0,0
69344,OIenAlicante,,2,0,2,2,0,2,0,0,0,0,4
69347,VoluntariadoCdb,,2,0,2,2,0,2,0,0,0,0,6
69348,mario_rod_var,,2,0,2,2,0,2,0,0,0,0,4
69350,AAECAD,,2,0,2,2,0,2,0,0,0,0,4
69355,ANUE_ONU,,2,0,2,2,0,2,0,0,0,0,4
69357,riojadeporte,,2,0,2,2,0,2,0,0,0,0,4
69358,cooperaongd,,2,0,2,2,0,2,0,0,0,0,4
69359,FundacionPunset,,3,0,3,3,0,3,0,0,0,0,4
69362,RedPatrimonia,,2,0,2,2,0,2,0,0,0,0,4
69363,GDRLosPedroches,,2,0,2,2,0,2,0,0,0,0,4
69364,GDR_Jerez,,2,0,2,2,0,2,0,0,0,0,4
69368,microsiervos,,3,0,3,3,0,3,0,0,0,0,0
69375,Discapacine,,2,0,2,2,0,2,0,0,0,0,0
69378,cjcamina,,2,0,2,2,0,2,0,0,0,0,4
69381,csostenibilidad,,2,0,2,2,0,2,0,0,0,0,4
69391,FEUGA_20,,2,0,2,2,0,2,0,0,0,0,5
69392,OpenFunding,,2,0,2,2,0,2,0,0,0,0,1
69395,ACP_malaga,,2,0,2,2,0,2,0,0,0,0,0
69396,ASAPME,,2,0,2,2,0,2,0,0,0,0,4
69415,MariquillaS,,3,0,3,3,0,3,0,0,0,0,0
69416,Juanfradelgado,,3,0,3,3,0,3,0,0,0,0,4
69417,fegarc,,2,0,2,2,0,2,0,0,0,0,0
69418,SomosDigital_,,3,0,3,3,0,3,0,0,0,0,0
69420,LeticiaCotelo,,2,0,2,2,0,2,0,0,0,0,4
69421,TwittBoy,,3,0,3,3,0,3,0,0,0,0,4
69424,FunAlejoPeralta,,2,0,2,2,0,2,0,0,0,0,4
69427,blind_worlds,,2,0,2,2,0,2,0,0,0,0,4
69428,Segundamanita_,,2,0,2,2,0,2,0,0,0,0,4
69431,MicrosoftHelps,,3,0,3,3,0,3,0,0,0,0,2
69433,Imaginario_ONGD,,2,0,2,2,0,2,0,0,0,0,4
69436,MareaVioleta,,3,0,3,3,0,3,0,0,0,0,2
69439,cooking_ideas,,2,0,2,2,0,2,0,0,0,0,0
69440,farmamundi,,2,0,2,2,0,2,0,0,0,0,5
69448,apdisutrera,,2,0,2,2,0,2,0,0,0,0,0
69456,fundaciontds,,2,0,2,2,0,2,0,0,0,0,4
69461,innovaaccion,,3,0,3,3,0,3,0,0,0,0,0
69463,Asociacion_iOP,,2,0,2,2,0,2,0,0,0,0,0
69467,xosebangueses,,2,0,2,2,0,2,0,0,0,0,4
69469,cucidulpgc,,2,0,2,2,0,2,0,0,0,0,4
69473,VG_gaztea,,2,0,2,2,0,2,0,0,0,0,4
69474,patextremadura,,2,0,2,2,0,2,0,0,0,0,2
69475,unionromani,,2,0,2,2,0,2,0,0,0,0,1
69476,gazkalo,,2,0,2,2,0,2,0,0,0,0,4
69493,AmnistiaCAT,,2,0,2,2,0,2,0,0,0,0,2
69494,AiAndalucia,,3,0,3,3,0,3,0,0,0,0,1
69495,attacmadrid,,2,0,2,2,0,2,0,0,0,0,5
69496,attacespana,,4,0,4,4,0,4,0,0,0,0,5
69506,csaavedra_,,2,0,2,2,0,2,0,0,0,0,0
69509,FCTAlgeciras,,2,0,2,2,0,2,0,0,0,0,6
69510,CITIC_es,,2,0,2,2,0,2,0,0,0,0,0
69511,fguma,,3,0,3,3,0,3,0,0,0,0,1
69512,fundacionagala,,2,0,2,2,0,2,0,0,0,0,4
69513,BarenboimSaid,,2,0,2,2,0,2,0,0,0,0,0
69514,andanatura,,2,0,2,2,0,2,0,0,0,0,4
69515,FunTresCulturas,,3,0,3,3,0,3,0,0,0,0,4
69516,socialnest_org,,2,0,2,2,0,2,0,0,0,0,0
69517,Fundacion_SERES,,2,0,2,2,0,2,0,0,0,0,0
69518,AAIDES_org,,2,0,2,2,0,2,0,0,0,0,0
69519,andaltec,,2,0,2,2,0,2,0,0,0,0,6
69521,FundacionVMMP,,2,0,2,2,0,2,0,0,0,0,0
69524,caravanculture,,4,0,4,4,0,4,0,0,0,0,0
69525,FundomarSevilla,,2,0,2,2,0,2,0,0,0,0,0
69529,fund_emotiva,,2,0,2,2,0,2,0,0,0,0,0
69531,airempleo,,2,0,2,2,0,2,0,0,0,0,0
69534,crajbcn,,2,0,2,2,0,2,0,0,0,0,1
69536,ASOCREIR,,2,0,2,2,0,2,0,0,0,0,4
69538,Microfides,,2,0,2,2,0,2,0,0,0,0,4
69549,tlfesperanzagr,,2,0,2,2,0,2,0,0,0,0,0
69550,cruzvermella,,2,0,2,2,0,2,0,0,0,0,8
69554,MuseoSefardi,,2,0,2,2,0,2,0,0,0,0,4
69555,fundacioneveris,,3,0,3,3,0,3,0,0,0,0,6
69565,IntegraLocal,,2,0,2,2,0,2,0,0,0,0,0
69592,ahagijon,,2,0,2,2,0,2,0,0,0,0,4
69595,XareGu,,2,0,2,2,0,2,0,0,0,0,4
69602,eSaludMental,,2,0,2,2,0,2,0,0,0,0,4
69603,cjbcn,,4,0,4,4,0,4,0,0,0,0,1
69616,colectic_coop,,2,0,2,2,0,2,0,0,0,0,1
69620,lasdrogasinfo,,2,0,2,2,0,2,0,0,0,0,4
69625,COPTOCAM,,2,0,2,2,0,2,0,0,0,0,4
69631,Emprendedor_Soc,,3,0,3,3,0,3,0,0,0,0,0
69634,proyecto_joven,,2,0,2,2,0,2,0,0,0,0,4
69638,EIDAAndalucia,,4,0,4,4,0,4,0,0,0,0,4
69645,novafeina,,2,0,2,2,0,2,0,0,0,0,4
69646,coopstreball,,2,0,2,2,0,2,0,0,0,0,1
69655,Aulautista,,2,0,2,2,0,2,0,0,0,0,4
69656,autismoburgos,,2,0,2,2,0,2,0,0,0,0,4
69658,andaluciaavanza,,2,0,2,2,0,2,0,0,0,0,4
69668,la_coordinadora,,2,0,2,2,0,2,0,0,0,0,4
69669,joventutcat,,3,0,3,3,0,3,0,0,0,0,1
69675,GaliciaRSC,,2,0,2,2,0,2,0,0,0,0,4
69681,autocarmgarcia,,2,0,2,2,0,2,0,0,0,0,4
69682,ecosdosur,,2,0,2,2,0,2,0,0,0,0,4
69689,CentroHestia,,2,0,2,2,0,2,0,0,0,0,4
69690,riosconvida,,2,0,2,2,0,2,0,0,0,0,4
69692,AsoEcotono,,2,0,2,2,0,2,0,0,0,0,4
69699,UneteAlPlaneta,,2,0,2,2,0,2,0,0,0,0,4
69708,FAAD_Andalucia,,2,0,2,2,0,2,0,0,0,0,0
69718,ASPACEMadrid,,3,0,3,3,0,3,0,0,0,0,4
69720,scoutsdemadrid,,2,0,2,2,0,2,0,0,0,0,3
69722,Maribel_UNICEF,,2,0,2,2,0,2,0,0,0,0,0
69728,Inforesidencias,,2,0,2,2,0,2,0,0,0,0,4
69730,Voluntare,,2,0,2,2,0,2,0,0,0,0,4
69731,museodelapaz,,2,0,2,2,0,2,0,0,0,0,2
69732,MuseoCalatayud,,2,0,2,2,0,2,0,0,0,0,2
69733,Luzalaoscuridad,,2,0,2,2,0,2,0,0,0,0,4
69751,NuevaOpcionDCA,,2,0,2,2,0,2,0,0,0,0,0
69753,asociacionapsa,,2,0,2,2,0,2,0,0,0,0,4
69757,MSalesianas,,2,0,2,2,0,2,0,0,0,0,4
69758,ciscoDC,,3,0,3,3,0,3,0,0,0,0,3
69761,CruzRojaMadrid,,3,0,3,3,0,3,0,0,0,0,4
69769,Sonrisasdbombay,,2,0,2,2,0,2,0,0,0,0,7
69770,FVICENTEFERRER,,3,0,3,3,0,3,0,0,0,0,4
69771,arrabaldes,,2,0,2,2,0,2,0,0,0,0,4
69772,GonzaloFanjul,,2,0,2,2,0,2,0,0,0,0,0
69778,PedreraFundacio,,2,0,2,2,0,2,0,0,0,0,2
69781,sendamsde,,2,0,2,2,0,2,0,0,0,0,4
69782,12_meses,,2,0,2,2,0,2,0,0,0,0,2
69786,ASOMIVI,,2,0,2,2,0,2,0,0,0,0,0
69795,ADESIntegra2,,2,0,2,2,0,2,0,0,0,0,4
69798,NPositivas,,4,0,4,4,0,4,0,0,0,0,4
69800,APTE_es,,3,0,3,3,0,3,0,0,0,0,4
69803,P2015ymas,,2,0,2,2,0,2,0,0,0,0,4
69806,Facecoop,,2,0,2,2,0,2,0,0,0,0,4
69808,QueDejanHuella,,2,0,2,2,0,2,0,0,0,0,4
69814,CooperaciONG,,2,0,2,2,0,2,0,0,0,0,4
69819,Tracaf,,2,0,2,2,0,2,0,0,0,0,4
69823,AealAragon,,2,0,2,2,0,2,0,0,0,0,6
69825,Portaltic,,2,0,2,2,0,2,0,0,0,0,0
69830,fundaltius_es,,2,0,2,2,0,2,0,0,0,0,5
69832,Lidpm,,2,0,2,2,0,2,0,0,0,0,4
69839,GuideStarUSA,,2,0,2,2,0,2,0,0,0,0,1
69840,GranRecapte,,2,0,2,2,0,2,0,0,0,0,7
69845,fvidasostenible,,2,0,2,2,0,2,0,0,0,0,6
69846,InteRedMCLM,,2,0,2,2,0,2,0,0,0,0,4
69851,12mesesycausas,,2,0,2,2,0,2,0,0,0,0,4
69855,fundacion_alex,,2,0,2,2,0,2,0,0,0,0,4
69857,PCWorldes,,2,0,2,2,0,2,0,0,0,0,4
69858,fape_fape,,3,0,3,3,0,3,0,0,0,0,4
69859,MSFTnews,,3,0,3,3,0,3,0,0,0,0,2
69862,APDasociacion,,2,0,2,2,0,2,0,0,0,0,0
69864,FundacionETNOR,,2,0,2,2,0,2,0,0,0,0,4
69865,RCySost,,2,0,2,2,0,2,0,0,0,0,4
69872,masfamilia,,2,0,2,2,0,2,0,0,0,0,4
69873,FarmaSinFronter,,2,0,2,2,0,2,0,0,0,0,5
69886,CoordONGs,,2,0,2,2,0,2,0,0,0,0,4
69889,ServeiCivilCat,,2,0,2,2,0,2,0,0,0,0,1
69891,Educacion_SF,,3,0,3,3,0,3,0,0,0,0,4
69894,McIntolerancia,,2,0,2,2,0,2,0,0,0,0,6
69895,SOSRacis,,2,0,2,2,0,2,0,0,0,0,0
69901,AutismoPetra,,2,0,2,2,0,2,0,0,0,0,0
69902,FTransformaEsp,,2,0,2,2,0,2,0,0,0,0,4
69905,famfmalaga,,2,0,2,2,0,2,0,0,0,0,0
69910,fundacionhp,,2,0,2,2,0,2,0,0,0,0,0
69912,Ecotumismo,,2,0,2,2,0,2,0,0,0,0,1
69913,ccorresponsales,,3,0,3,3,0,3,0,0,0,0,4
69914,crecyl,,3,0,3,3,0,3,0,0,0,0,4
69923,miaportacion,,2,0,2,2,0,2,0,0,0,0,0
69924,banca_etica,,2,0,2,2,0,2,0,0,0,0,4
69925,citilab,,2,0,2,2,0,2,0,0,0,0,2
69929,CRMFSalamanca,,2,0,2,2,0,2,0,0,0,0,0
69932,ELA_ANDALUCIA,,2,0,2,2,0,2,0,0,0,0,0
69933,eMadrid2011,,2,0,2,2,0,2,0,0,0,0,0
69946,ManosUnidasMad,,2,0,2,2,0,2,0,0,0,0,0
69947,ONGCesal,,2,0,2,2,0,2,0,0,0,0,2
69949,FAEQUITAS,,2,0,2,2,0,2,0,0,0,0,4
69955,sas_usal,,3,0,3,3,0,3,0,0,0,0,4
69957,CatedraTEF_UAH,,2,0,2,2,0,2,0,0,0,0,4
69961,TEAdir,,2,0,2,2,0,2,0,0,0,0,4
69969,GEPAC_,,3,0,3,3,0,3,0,0,0,0,5
69972,Voces140,,3,0,3,3,0,3,0,0,0,0,4
69976,Noupertres,,2,0,2,2,0,2,0,0,0,0,4
69980,SmartBlogES,,2,0,2,2,0,2,0,0,0,0,6
69981,3500M,,3,0,3,3,0,3,0,0,0,0,4
69987,asecal_,,2,0,2,2,0,2,0,0,0,0,4
69989,SinGENEROdDUDAS,,2,0,2,2,0,2,0,0,0,0,4
69992,CODESPA,,3,0,3,3,0,3,0,0,0,0,4
69994,FundacionMigrar,,3,0,3,3,0,3,0,0,0,0,4
70003,FundacionECOTIC,,3,0,3,3,0,3,0,0,0,0,0
70005,AlicanteVivo,,2,0,2,2,0,2,0,0,0,0,4
70007,karinadadi,,2,0,2,2,0,2,0,0,0,0,1
70010,Cisco,,3,0,3,3,0,3,0,0,0,0,3
70013,cadiocva,,2,0,2,2,0,2,0,0,0,0,1
70015,fundclaritas,,2,0,2,2,0,2,0,0,0,0,4
70017,OSCDigital,,2,0,2,2,0,2,0,0,0,0,4
70018,cuantaya,,2,0,2,2,0,2,0,0,0,0,4
70021,CR_CManzanares,,2,0,2,2,0,2,0,0,0,0,4
70025,NamasteONGnepal,,3,0,3,3,0,3,0,0,0,0,4
70026,sdiscapacitados,,2,0,2,2,0,2,0,0,0,0,0
70028,ongimedia,,3,0,3,3,0,3,0,0,0,0,4
70029,Juandesola,,2,0,2,2,0,2,0,0,0,0,4
70049,Apoyopositivo,,2,0,2,2,0,2,0,0,0,0,4
70052,ASHECOVA,,2,0,2,2,0,2,0,0,0,0,4
70060,diariopractico,,3,0,3,3,0,3,0,0,0,0,0
70061,labienpaga,,2,0,2,2,0,2,0,0,0,0,4
70066,ACOLVALLE,,2,0,2,2,0,2,0,0,0,0,4
70068,c_zotikos,,2,0,2,2,0,2,0,0,0,0,0
70070,CreuRojaCAT,,2,0,2,2,0,2,0,0,0,0,8
70071,msphilanthropic,,3,0,3,3,0,3,0,0,0,0,1
70072,asaltodemata,,3,0,3,3,0,3,0,0,0,0,4
70080,conselljoventut,,2,0,2,2,0,2,0,0,0,0,1
70084,llevamosmagia,,2,0,2,2,0,2,0,0,0,0,0
70087,afamdeh,,2,0,2,2,0,2,0,0,0,0,4
70092,OmarHavana,,2,0,2,2,0,2,0,0,0,0,0
70093,FundacionCM_,,2,0,2,2,0,2,0,0,0,0,0
70094,cjclm,,2,0,2,2,0,2,0,0,0,0,4
70096,scoutsdegalicia,,2,0,2,2,0,2,0,0,0,0,3
70097,SCOUTSAND,,3,0,3,3,0,3,0,0,0,0,2
70098,Concilia2,,2,0,2,2,0,2,0,0,0,0,0
70104,CNJCat,,3,0,3,3,0,3,0,0,0,0,1
70105,PedagogiaSocial,,3,0,3,3,0,3,0,0,0,0,4
70108,neusportas,,2,0,2,2,0,2,0,0,0,0,4
70109,beatrizlorenzol,,2,0,2,2,0,2,0,0,0,0,4
70111,Vsinlimite,,3,0,3,3,0,3,0,0,0,0,4
70122,ONTSI,,2,0,2,2,0,2,0,0,0,0,2
70123,Nonprofits,,3,0,3,3,0,3,0,0,0,0,0
70124,cdeuv,,3,0,3,3,0,3,0,0,0,0,6
70128,GreatNonprofits,,3,0,3,3,0,3,0,0,0,0,1
70137,MaiteIrigoyen,,2,0,2,2,0,2,0,0,0,0,0
70138,silviacobo,,2,0,2,2,0,2,0,0,0,0,3
70144,FondoCalala,,2,0,2,2,0,2,0,0,0,0,4
70147,ecodez,,2,0,2,2,0,2,0,0,0,0,4
70149,Discapacidad,,3,0,3,3,0,3,0,0,0,0,0
70154,reutilizadme,,3,0,3,3,0,3,0,0,0,0,0
70158,paolabernalf,,2,0,2,2,0,2,0,0,0,0,4
70164,IC_FormaELE,,3,0,3,3,0,3,0,0,0,0,1
70166,fadae,,2,0,2,2,0,2,0,0,0,0,1
70168,FAOSDGs,,2,0,2,2,0,2,0,0,0,0,1
70169,scoutsmsc,,3,0,3,3,0,3,0,0,0,0,4
70170,lidiaucher,,2,0,2,2,0,2,0,0,0,0,0
70174,lydiamolina,,2,0,2,2,0,2,0,0,0,0,0
70177,juanlusanchez,,3,0,3,3,0,3,0,0,0,0,5
70179,sindolafuente,,4,0,4,4,0,4,0,0,0,0,6
70187,CharityNav,,2,0,2,2,0,2,0,0,0,0,0
70188,mrak,,2,0,2,2,0,2,0,0,0,0,1
70194,setemcat,,2,0,2,2,0,2,0,0,0,0,1
70199,michelreverte,,5,0,5,5,0,5,0,0,0,0,4
70202,TweetDeck,,3,0,3,3,0,3,0,0,0,0,4
70204,alexqk,,2,0,2,2,0,2,0,0,0,0,4
70205,CdeSolidaridad,,3,0,3,3,0,3,0,0,0,0,4
70206,eroskiconsumer,,2,0,2,2,0,2,0,0,0,0,0
70214,FMRConsulting,,2,0,2,2,0,2,0,0,0,0,4
70219,dresponsable,,3,0,3,3,0,3,0,0,0,0,0
70220,esPosibleOnline,,2,0,2,2,0,2,0,0,0,0,4
70221,Creocorp,,2,0,2,2,0,2,0,0,0,0,4
70224,ALBOANongd,,2,0,2,2,0,2,0,0,0,0,4
70225,ChangemakersES,,2,0,2,2,0,2,0,0,0,0,4
70226,JosepMiro,,2,0,2,2,0,2,0,0,0,0,6
70228,CasaAsia,,3,0,3,3,0,3,0,0,0,0,4
70234,sosteniblecat,,2,0,2,2,0,2,0,0,0,0,4
70235,NoTime_ToWaste,,2,0,2,2,0,2,0,0,0,0,4
70238,EducaDigital,,3,0,3,3,0,3,0,0,0,0,4
70239,FundacionCEU,,3,0,3,3,0,3,0,0,0,0,4
70242,FGCSIC,,3,0,3,3,0,3,0,0,0,0,4
70244,MundoMayor,,2,0,2,2,0,2,0,0,0,0,0
70246,Asistencial,,2,0,2,2,0,2,0,0,0,0,2
70249,Ecoclimatico,,3,0,3,3,0,3,0,0,0,0,0
70250,redtic,,2,0,2,2,0,2,0,0,0,0,6
70251,timberners_lee,,3,0,3,3,0,3,0,0,0,0,2
70253,cisco_spain,,2,0,2,2,0,2,0,0,0,0,8
70257,Implicateorg,,2,0,2,2,0,2,0,0,0,0,4
70261,ObservatorioCUD,,2,0,2,2,0,2,0,0,0,0,1
70264,OIenMadrid,,2,0,2,2,0,2,0,0,0,0,0
70267,ACAmbientales,,4,0,4,4,0,4,0,0,0,0,4
70274,RiojaInnovacion,,2,0,2,2,0,2,0,0,0,0,4
70275,premiojoven,,2,0,2,2,0,2,0,0,0,0,1
70279,Biobilbao,,2,0,2,2,0,2,0,0,0,0,4
70284,ecogestos,,3,0,3,3,0,3,0,0,0,0,4
70286,iberestudios,,2,0,2,2,0,2,0,0,0,0,4
70292,ONGD_JyD,,2,0,2,2,0,2,0,0,0,0,4
70293,redpobreza,,2,0,2,2,0,2,0,0,0,0,4
70295,Virginiapalonso,,2,0,2,2,0,2,0,0,0,0,0
70296,Mediosysida,,2,0,2,2,0,2,0,0,0,0,0
70300,concienciaeco,,3,0,3,3,0,3,0,0,0,0,6
70306,creasimpacto,,2,0,2,2,0,2,0,0,0,0,4
70308,change_es,,3,0,3,3,0,3,0,0,0,0,3
70309,voluntarizate,,3,0,3,3,0,3,0,0,0,0,4
70314,CompensandoCO2,,3,0,3,3,0,3,0,0,0,0,0
70319,medidas,,2,0,2,2,0,2,0,0,0,0,1
70323,idealistas_org,,3,0,3,3,0,3,0,0,0,0,4
70324,sector30,,2,0,2,2,0,2,0,0,0,0,4
70325,torresburriel,,3,0,3,3,0,3,0,0,0,0,0
70343,w3c,,3,0,3,3,0,3,0,0,0,0,1
70346,cibersur,,4,0,4,4,0,4,0,0,0,0,0
70352,info_conama,,3,0,3,3,0,3,0,0,0,0,0
70353,fundacioncd,,3,0,3,3,0,3,0,0,0,0,2
70358,FRInnova,,2,0,2,2,0,2,0,0,0,0,0
70362,Computerworld,,2,0,2,2,0,2,0,0,0,0,3
70363,iomarketing,,3,0,3,3,0,3,0,0,0,0,0
70367,quepo_org,,2,0,2,2,0,2,0,0,0,0,4
70373,dianova_es,,2,0,2,2,0,2,0,0,0,0,4
70376,WebOtroMundo,,2,0,2,2,0,2,0,0,0,0,4
70378,Gomaespuma,,2,0,2,2,0,2,0,0,0,0,5
70389,survivalesp,,3,0,3,3,0,3,0,0,0,0,4
70391,veoverde,,3,0,3,3,0,3,0,0,0,0,2
70393,cooliflower,,2,0,2,2,0,2,0,0,0,0,4
70394,asociacionanse,,2,0,2,2,0,2,0,0,0,0,4
70402,cenatic,,3,0,3,3,0,3,0,0,0,0,2
70409,masticable,,2,0,2,2,0,2,0,0,0,0,4
70411,medicusmundi,,2,0,2,2,0,2,0,0,0,0,4
70412,Casaafrica,,3,0,3,3,0,3,0,0,0,0,4
70413,Bottup,,2,0,2,2,0,2,0,0,0,0,0
70414,InnovaSocial,,2,0,2,2,0,2,0,0,0,0,4
70420,Edislabora,,3,0,3,3,0,3,0,0,0,0,4
70421,Acontraelhambre,,3,0,3,3,0,3,0,0,0,0,4
70431,a11y,,2,0,2,2,0,2,0,0,0,0,1
70433,ACPPasamblea,,2,0,2,2,0,2,0,0,0,0,4
70436,a_cas_,,2,0,2,2,0,2,0,0,0,0,0
70437,STIC,,2,0,2,2,0,2,0,0,0,0,0
70441,donesenxarxa,,3,0,3,3,0,3,0,0,0,0,4
70447,ICIPeace,,2,0,2,2,0,2,0,0,0,0,1
70450,scoutscantabria,,2,0,2,2,0,2,0,0,0,0,4
70456,agendaviva,,2,0,2,2,0,2,0,0,0,0,4
70463,healthydaybyday,,2,0,2,2,0,2,0,0,0,0,0
70467,fpa,,2,0,2,2,0,2,0,0,0,0,4
70469,FeSalud,,2,0,2,2,0,2,0,0,0,0,0
70474,cuidarcorazon,,2,0,2,2,0,2,0,0,0,0,3
70477,caritasbcn,,2,0,2,2,0,2,0,0,0,0,2
70478,fondoparalapaz,,3,0,3,3,0,3,0,0,0,0,4
70482,ComunicarSe,,3,0,3,3,0,3,0,0,0,0,0
70483,partycipa,,2,0,2,2,0,2,0,0,0,0,4
70486,Camfed,,2,0,2,2,0,2,0,0,0,0,1
70487,MalariaNoMore,,3,0,3,3,0,3,0,0,0,0,1
70492,RSEOnline,,2,0,2,2,0,2,0,0,0,0,4
70494,lima_limon,,3,0,3,3,0,3,0,0,0,0,0
70496,USFQ_Ecuador,,3,0,3,3,0,3,0,0,0,0,6
70500,ecoactua,,2,0,2,2,0,2,0,0,0,0,4
70502,CEPES_RURAL,,2,0,2,2,0,2,0,0,0,0,4
70508,fundaciontpa,,2,0,2,2,0,2,0,0,0,0,0
70512,iamCARITAS,,3,0,3,3,0,3,0,0,0,0,1
70513,SETEM_MCM,,2,0,2,2,0,2,0,0,0,0,4
70519,Fun_Realmadrid,,3,0,3,3,0,3,0,0,0,0,4
70523,derechoinfancia,,2,0,2,2,0,2,0,0,0,0,4
70531,ChildrensRights,,3,0,3,3,0,3,0,0,0,0,8
70537,IOAndalucia,,2,0,2,2,0,2,0,0,0,0,2
70538,Sostenbilidad,,2,0,2,2,0,2,0,0,0,0,0
70540,EcoInteractive,,2,0,2,2,0,2,0,0,0,0,1
70542,PA_LatinAmerica,,2,0,2,2,0,2,0,0,0,0,4
70552,inspiractionorg,,2,0,2,2,0,2,0,0,0,0,4
70554,WorldVisionONG,,3,0,3,3,0,3,0,0,0,0,4
70559,blogose,,2,0,2,2,0,2,0,0,0,0,6
70562,diarioresponsab,,3,0,3,3,0,3,0,0,0,0,0
70563,SoyActivista,,2,0,2,2,0,2,0,0,0,0,4
70564,FundacionFRF,,2,0,2,2,0,2,0,0,0,0,4
70565,agareso,,2,0,2,2,0,2,0,0,0,0,4
70566,FEVOCAM,,2,0,2,2,0,2,0,0,0,0,4
70567,VolunteerMatch,,2,0,2,2,0,2,0,0,0,0,2
70576,inf_Solidaria,,3,0,3,3,0,3,0,0,0,0,4
70580,climatesavers,,2,0,2,2,0,2,0,0,0,0,1
70581,ACF_UK,,2,0,2,2,0,2,0,0,0,0,2
70584,ipesnavarra,,3,0,3,3,0,3,0,0,0,0,4
70586,EnraizaDerechos,,2,0,2,2,0,2,0,0,0,0,4
70589,mcentralgrx,,2,0,2,2,0,2,0,0,0,0,0
70593,MargaritaBuet,,2,0,2,2,0,2,0,0,0,0,0
70596,sierranevadahm,,3,0,3,3,0,3,0,0,0,0,0
70597,Obsnev,,3,0,3,3,0,3,0,0,0,0,0
70599,MeteoEnGranada,,3,0,3,3,0,3,0,0,0,0,0
70600,turismogranada,,5,0,5,5,0,5,0,0,0,0,0
70601,pocketguia,,3,0,3,3,0,3,0,0,0,0,0
70602,GranadaTurism,,3,0,3,3,0,3,0,0,0,0,0
70621,giannibuquicch1,,2,0,2,2,0,2,0,0,0,0,1
70622,VeniceComm,,2,0,2,2,0,2,0,0,0,0,1
70632,CDU,,2,0,2,2,0,2,0,0,0,0,1
70635,hostelworld,,3,0,3,3,0,3,0,0,0,0,7
70636,CommerceGov,,3,0,3,3,0,3,0,0,0,0,2
70638,British_Airways,,3,0,3,3,0,3,0,0,0,0,2
70653,theobhe,,3,0,3,3,0,3,0,0,0,0,1
70654,AFARmedia,,3,0,3,3,0,3,0,0,0,0,7
70657,azembassyus,,2,0,2,2,0,2,0,0,0,0,1
70662,JFKLibrary,,2,0,2,2,0,2,0,0,0,0,3
70663,kewgardens,,2,0,2,2,0,2,0,0,0,0,1
70667,MOEgovge,,2,0,2,2,0,2,0,0,0,0,1
70669,EnterpriseGE,,2,0,2,2,0,2,0,0,0,0,2
70673,ConanOBrien,,4,0,4,4,0,4,0,0,0,0,2
70675,edgarsrinkevics,,2,0,2,2,0,2,0,0,0,0,1
70677,MiroslavLajcak,,3,0,3,3,0,3,0,0,0,0,1
70681,Leonardo_live,,2,0,2,2,0,2,0,0,0,0,3
70684,Elif_Safak,,3,0,3,3,0,3,0,0,0,0,1
70687,LauriBambus,,2,0,2,2,0,2,0,0,0,0,1
70688,britishroyals,,2,0,2,2,0,2,0,0,0,0,1
70698,HarperCollinsUK,,2,0,2,2,0,2,0,0,0,0,2
70701,HooverInst,,2,0,2,2,0,2,0,0,0,0,1
70702,HudsonInstitute,,2,0,2,2,0,2,0,0,0,0,1
70710,IRIglobal,,2,0,2,2,0,2,0,0,0,0,1
70711,NDI,,2,0,2,2,0,2,0,0,0,0,1
70716,MuseumWeek,,2,0,2,2,0,2,0,0,0,0,1
70717,engVid,,2,0,2,2,0,2,0,0,0,0,2
70718,LearnHotEnglish,,2,0,2,2,0,2,0,0,0,0,1
70719,SkypEnglish4U,,3,0,3,3,0,3,0,0,0,0,1
70720,VOALearnEnglish,,2,0,2,2,0,2,0,0,0,0,2
70721,thetblogger,,3,0,3,3,0,3,0,0,0,0,7
70722,AbdnArtMuseums,,2,0,2,2,0,2,0,0,0,0,2
70724,LTEMBASSYUK,,2,0,2,2,0,2,0,0,0,0,1
70726,TheCourtauld,,2,0,2,2,0,2,0,0,0,0,1
70734,EduActiveCom,,3,0,3,3,0,3,0,0,0,0,1
70736,unil,,3,0,3,3,0,3,0,0,0,0,8
70737,Geneve_int,,2,0,2,2,0,2,0,0,0,0,1
70738,UNIGEnews,,3,0,3,3,0,3,0,0,0,0,1
70739,IHEID,,3,0,3,3,0,3,0,0,0,0,2
70746,ExploreCanada,,2,0,2,2,0,2,0,0,0,0,2
70749,weathernetwork,,2,0,2,2,0,2,0,0,0,0,1
70751,EnvAgency,,2,0,2,2,0,2,0,0,0,0,1
70753,NaturalEngland,,2,0,2,2,0,2,0,0,0,0,1
70754,DefraGovUK,,2,0,2,2,0,2,0,0,0,0,2
70757,PEspinosaC,,2,0,2,2,0,2,0,0,0,0,1
70758,KofiAnnanFdn,,2,0,2,2,0,2,0,0,0,0,2
70759,KofiAnnan,,2,0,2,2,0,2,0,0,0,0,1
70760,zaza27,,2,0,2,2,0,2,0,0,0,0,2
70766,Scientific_Rus,,2,0,2,2,0,2,0,0,0,0,1
70775,ChathamHouse,,3,0,3,3,0,3,0,0,0,0,1
70776,CrisisGroup,,3,0,3,3,0,3,0,0,0,0,1
70777,WPReview,,2,0,2,2,0,2,0,0,0,0,1
70778,WorldPolicy,,2,0,2,2,0,2,0,0,0,0,1
70779,WAJournal,,2,0,2,2,0,2,0,0,0,0,1
70780,IISS_org,,2,0,2,2,0,2,0,0,0,0,1
70790,BubbleLondon,,2,0,2,2,0,2,0,0,0,0,4
70794,brianhayesBPFI,,3,0,3,3,0,3,0,0,0,0,1
70806,EveningStandard,,3,0,3,3,0,3,0,0,0,0,2
70816,OMaraBooks,,2,0,2,2,0,2,0,0,0,0,2
70828,Chinamission2un,,2,0,2,2,0,2,0,0,0,0,1
70831,Stratfor,,3,0,3,3,0,3,0,0,0,0,2
70832,wolfblitzer,,2,0,2,2,0,2,0,0,0,0,3
70835,mises,,2,0,2,2,0,2,0,0,0,0,2
70837,CatoInstitute,,3,0,3,3,0,3,0,0,0,0,1
70842,Heritage,,2,0,2,2,0,2,0,0,0,0,1
70843,Puodziunas_G,,2,0,2,2,0,2,0,0,0,0,1
70851,ResearchDigest,,2,0,2,2,0,2,0,0,0,0,1
70858,Amb_Salukvadze,,2,0,2,2,0,2,0,0,0,0,1
70863,OECDObserver,,2,0,2,2,0,2,0,0,0,0,1
70866,Russian_Council,,2,0,2,2,0,2,0,0,0,0,1
70868,EstoniaUN,,2,0,2,2,0,2,0,0,0,0,1
70872,StevenErlanger,,2,0,2,2,0,2,0,0,0,0,1
70873,BelgiumUN,,2,0,2,2,0,2,0,0,0,0,1
70883,sciencedirect,,2,0,2,2,0,2,0,0,0,0,8
70892,hyperallergic,,2,0,2,2,0,2,0,0,0,0,1
70894,Colossal,,3,0,3,3,0,3,0,0,0,0,0
70906,DublinFilmFest,,2,0,2,2,0,2,0,0,0,0,1
70908,sydfilmfest,,2,0,2,2,0,2,0,0,0,0,2
70909,LibDems,,3,0,3,3,0,3,0,0,0,0,2
70910,Conservatives,,2,0,2,2,0,2,0,0,0,0,2
70911,UKLabour,,3,0,3,3,0,3,0,0,0,0,3
70913,jeremycorbyn,,3,0,3,3,0,3,0,0,0,0,2
70914,TwitterGov,,2,0,2,2,0,2,0,0,0,0,0
70921,OtariB,,2,0,2,2,0,2,0,0,0,0,1
70924,jacobs_bremen,,3,0,3,3,0,3,0,0,0,0,1
70926,UniBremen,,3,0,3,3,0,3,0,0,0,0,1
70927,NBCNewsTech,,3,0,3,3,0,3,0,0,0,0,7
70928,usatodaytravel,,3,0,3,3,0,3,0,0,0,0,7
70929,travolution,,2,0,2,2,0,2,0,0,0,0,2
70930,TravelMole,,3,0,3,3,0,3,0,0,0,0,2
70931,TravelPulse,,3,0,3,3,0,3,0,0,0,0,2
70932,travelweekly,,3,0,3,3,0,3,0,0,0,0,2
70948,IsraelinUSA,,2,0,2,2,0,2,0,0,0,0,1
70950,austriainuk,,2,0,2,2,0,2,0,0,0,0,1
70959,prezydentpl,,3,0,3,3,0,3,0,0,0,0,3
70961,RANDCorporation,,2,0,2,2,0,2,0,0,0,0,1
70962,AndrzejDuda,,3,0,3,3,0,3,0,0,0,0,3
70972,UofTStudentLife,,2,0,2,2,0,2,0,0,0,0,7
70973,UofT,,2,0,2,2,0,2,0,0,0,0,1
70975,UofTNews,,2,0,2,2,0,2,0,0,0,0,1
70978,Illinois_Alma,,2,0,2,2,0,2,0,0,0,0,1
70979,UWaterloo,,3,0,3,3,0,3,0,0,0,0,1
70981,dailypenn,,2,0,2,2,0,2,0,0,0,0,1
70982,ANUmedia,,3,0,3,3,0,3,0,0,0,0,1
70983,Macquarie_Uni,,3,0,3,3,0,3,0,0,0,0,1
70984,UNSW,,2,0,2,2,0,2,0,0,0,0,1
70985,unimelb,,3,0,3,3,0,3,0,0,0,0,1
70986,Sydney_Uni,,3,0,3,3,0,3,0,0,0,0,1
70987,UCSDnews,,2,0,2,2,0,2,0,0,0,0,1
70989,UofMaryland,,2,0,2,2,0,2,0,0,0,0,1
70995,iHerb,,3,0,3,3,0,3,0,0,0,0,0
70998,TheBritInterest,,2,0,2,2,0,2,0,0,0,0,1
71005,RusEmb_Ecuador,,2,0,2,2,0,2,0,0,0,0,1
71019,estNATO,,3,0,3,3,0,3,0,0,0,0,1
71026,UKNATO,,2,0,2,2,0,2,0,0,0,0,1
71027,GermanyNATO,,2,0,2,2,0,2,0,0,0,0,1
71039,levada_ru,,2,0,2,2,0,2,0,0,0,0,1
71042,ukhomeoffice,,3,0,3,3,0,3,0,0,0,0,2
71043,ARTEfr,,4,0,4,4,0,4,0,0,0,0,1
71044,cpsuk,,2,0,2,2,0,2,0,0,0,0,2
71046,Wellesley,,2,0,2,2,0,2,0,0,0,0,1
71047,DaleCarnegie,,2,0,2,2,0,2,0,0,0,0,1
71048,BFC,,2,0,2,2,0,2,0,0,0,0,2
71051,PhilosophyNow,,2,0,2,2,0,2,0,0,0,0,2
71053,philosophynws,,2,0,2,2,0,2,0,0,0,0,2
71056,EastPartnership,,2,0,2,2,0,2,0,0,0,0,1
71060,FrancoisFillon,,3,0,3,3,0,3,0,0,0,0,1
71071,ClevelandClinic,,2,0,2,2,0,2,0,0,0,0,1
71075,HopkinsMedicine,,3,0,3,3,0,3,0,0,0,0,3
71077,StanfordMed,,2,0,2,2,0,2,0,0,0,0,3
71078,GoVisitDenmark,,2,0,2,2,0,2,0,0,0,0,1
71081,harvardmed,,3,0,3,3,0,3,0,0,0,0,1
71084,LuisaViaRoma,,2,0,2,2,0,2,0,0,0,0,4
71086,Uni_Stuttgart,,3,0,3,3,0,3,0,0,0,0,1
71087,TrierUni,,3,0,3,3,0,3,0,0,0,0,1
71089,ArtSlant,,2,0,2,2,0,2,0,0,0,0,2
71092,Inholland,,3,0,3,3,0,3,0,0,0,0,1
71093,AvansHogeschool,,3,0,3,3,0,3,0,0,0,0,1
71094,OUstudents,,3,0,3,3,0,3,0,0,0,0,4
71095,hsrotterdam,,3,0,3,3,0,3,0,0,0,0,1
71096,IH_Bristol,,2,0,2,2,0,2,0,0,0,0,1
71099,OUFreeLearning,,2,0,2,2,0,2,0,0,0,0,1
71102,dehaagse,,3,0,3,3,0,3,0,0,0,0,4
71107,canalplus,,3,0,3,3,0,3,0,0,0,0,8
71109,ca_europe,,2,0,2,2,0,2,0,0,0,0,6
71122,Channel4,,3,0,3,3,0,3,0,0,0,0,2
71131,NatGeoTravelUK,,3,0,3,3,0,3,0,0,0,0,4
71135,visitBergen,,2,0,2,2,0,2,0,0,0,0,1
71136,visitnorway,,3,0,3,3,0,3,0,0,0,0,7
71137,GoScandinavia,,2,0,2,2,0,2,0,0,0,0,1
71148,RAFMUSEUM,,2,0,2,2,0,2,0,0,0,0,1
71152,cultureinfo,,2,0,2,2,0,2,0,0,0,0,1
71176,travelocity,,3,0,3,3,0,3,0,0,0,0,7
71177,TravelEditor,,5,0,5,5,0,5,0,0,0,0,7
71178,BudgetTravel,,3,0,3,3,0,3,0,0,0,0,7
71179,Expedia,,3,0,3,3,0,3,0,0,0,0,7
71191,IamExpatNL,,2,0,2,2,0,2,0,0,0,0,2
71193,dutchdailynews,,2,0,2,2,0,2,0,0,0,0,2
71194,DutchNewsNL,,2,0,2,2,0,2,0,0,0,0,2
71196,ABCWorldNews,,2,0,2,2,0,2,0,0,0,0,1
71197,NYDailyNews,,2,0,2,2,0,2,0,0,0,0,2
71198,RoyalCentral,,2,0,2,2,0,2,0,0,0,0,1
71202,DWTSIRL,,2,0,2,2,0,2,0,0,0,0,1
71208,womenintech,,2,0,2,2,0,2,0,0,0,0,1
71224,OSCE_SMM,,2,0,2,2,0,2,0,0,0,0,1
71233,FCDOtravelGovUK,,2,0,2,2,0,2,0,0,0,0,1
71234,CSIS,,2,0,2,2,0,2,0,0,0,0,1
71235,gmfus,,2,0,2,2,0,2,0,0,0,0,1
71283,Sothebys,,2,0,2,2,0,2,0,0,0,0,1
71284,sohotheatre,,2,0,2,2,0,2,0,0,0,0,1
71285,The_Globe,,2,0,2,2,0,2,0,0,0,0,1
71287,ShareThis,,3,0,3,3,0,3,0,0,0,0,4
71293,TeleTheatre,,2,0,2,2,0,2,0,0,0,0,3
71294,guardianstage,,2,0,2,2,0,2,0,0,0,0,3
71302,UVA,,2,0,2,2,0,2,0,0,0,0,4
71338,HofstraU,,3,0,3,3,0,3,0,0,0,0,1
71363,jlandpartners,,2,0,2,2,0,2,0,0,0,0,2
71364,riverisland,,3,0,3,3,0,3,0,0,0,0,5
71367,LandsEnd,,2,0,2,2,0,2,0,0,0,0,2
71372,PergolaFirenze,,2,0,2,2,0,2,0,0,0,0,3
71373,maggiomusicale,,2,0,2,2,0,2,0,0,0,0,3
71385,BBCRadio3,,2,0,2,2,0,2,0,0,0,0,3
71387,TheRoyalOpera,,2,0,2,2,0,2,0,0,0,0,2
71407,neimanmarcus,,2,0,2,2,0,2,0,0,0,0,1
71408,BarneysNY,,3,0,3,3,0,3,0,0,0,0,0
71420,TwitterBooks,,3,0,3,3,0,3,0,0,0,0,2
71423,amazonbooks,,2,0,2,2,0,2,0,0,0,0,2
71425,AmazonKindle,,2,0,2,2,0,2,0,0,0,0,5
71426,saltpublishing,,2,0,2,2,0,2,0,0,0,0,2
71434,Forever21,,3,0,3,3,0,3,0,0,0,0,2
71439,Geox,,2,0,2,2,0,2,0,0,0,0,0
71441,thenorthface,,3,0,3,3,0,3,0,0,0,0,5
71442,Timberland,,2,0,2,2,0,2,0,0,0,0,1
71443,drmartens,,2,0,2,2,0,2,0,0,0,0,5
71448,LibertyLondon,,2,0,2,2,0,2,0,0,0,0,2
71449,Harrods,,2,0,2,2,0,2,0,0,0,0,2
71453,nrc,,3,0,3,3,0,3,0,0,0,0,1
71462,IrishRugby,,3,0,3,3,0,3,0,0,0,0,1
71463,WelshRugbyUnion,,3,0,3,3,0,3,0,0,0,0,2
71464,Springboks,,2,0,2,2,0,2,0,0,0,0,2
71465,WorldRugby7s,,2,0,2,2,0,2,0,0,0,0,2
71467,EnglandRugby,,2,0,2,2,0,2,0,0,0,0,2
71468,rugbyworldcup,,2,0,2,2,0,2,0,0,0,0,6
71469,AllBlacks,,2,0,2,2,0,2,0,0,0,0,1
71470,USASevensRugby,,2,0,2,2,0,2,0,0,0,0,2
71471,USARugby,,2,0,2,2,0,2,0,0,0,0,1
71472,RugbyCanada,,2,0,2,2,0,2,0,0,0,0,2
71473,russiarugby,,2,0,2,2,0,2,0,0,0,0,2
71477,BAFTA,,3,0,3,3,0,3,0,0,0,0,2
71481,British_Film,,2,0,2,2,0,2,0,0,0,0,1
71482,Film_London,,2,0,2,2,0,2,0,0,0,0,1
71483,edfilmfest,,2,0,2,2,0,2,0,0,0,0,1
71484,EastEndFilmFest,,3,0,3,3,0,3,0,0,0,0,0
71485,LSFF,,2,0,2,2,0,2,0,0,0,0,0
71488,OpenCityDocs,,2,0,2,2,0,2,0,0,0,0,1
71496,EDNEDN,,2,0,2,2,0,2,0,0,0,0,2
71500,digitalnomadhub,,2,0,2,2,0,2,0,0,0,0,8
71504,Quechua,,3,0,3,3,0,3,0,0,0,0,8
71506,DicteeLarousse,,2,0,2,2,0,2,0,0,0,0,1
71511,auditoribcn,,2,0,2,2,0,2,0,0,0,0,2
71517,Liceu_cat,,2,0,2,2,0,2,0,0,0,0,0
71518,GdnClassical,,2,0,2,2,0,2,0,0,0,0,3
71524,Codecademy,,4,0,4,4,0,4,0,0,0,0,3
71535,TheRoyalBallet,,2,0,2,2,0,2,0,0,0,0,2
71538,BenefitBeauty,,3,0,3,3,0,3,0,0,0,0,2
71539,MACcosmetics,,3,0,3,3,0,3,0,0,0,0,0
71540,LiveScience,,3,0,3,3,0,3,0,0,0,0,2
71551,eddieizzard,,3,0,3,3,0,3,0,0,0,0,2
71552,ItalyMagazine,,3,0,3,3,0,3,0,0,0,0,3
71559,pressfreedom,,2,0,2,2,0,2,0,0,0,0,1
71568,IOMAsiaPacific,,2,0,2,2,0,2,0,0,0,0,1
71577,CentralAsiaProg,,2,0,2,2,0,2,0,0,0,0,1
71581,PsychNews,,2,0,2,2,0,2,0,0,0,0,1
71582,Routledgepsych,,2,0,2,2,0,2,0,0,0,0,4
71583,Psych_Studies,,2,0,2,2,0,2,0,0,0,0,1
71584,NIMHgov,,2,0,2,2,0,2,0,0,0,0,3
71589,PsychToday,,3,0,3,3,0,3,0,0,0,0,4
71604,iReporterge,,2,0,2,2,0,2,0,0,0,0,2
71605,Fortuna1069FM,,2,0,2,2,0,2,0,0,0,0,2
71620,LaNauuv,,3,0,3,3,0,3,0,0,0,0,1
71626,Quinzaine,,2,0,2,2,0,2,0,0,0,0,0
71627,Festival_Cannes,,3,0,3,3,0,3,0,0,0,0,1
71628,berlinale,,2,0,2,2,0,2,0,0,0,0,0
71632,BertelsmannSt,,3,0,3,3,0,3,0,0,0,0,1
71633,BoschStiftung,,3,0,3,3,0,3,0,0,0,0,1
71636,unitartu,,3,0,3,3,0,3,0,0,0,0,1
71637,TallinnUni,,3,0,3,3,0,3,0,0,0,0,1
71644,ESSECKnowledge,,2,0,2,2,0,2,0,0,0,0,3
71645,essecventures,,2,0,2,2,0,2,0,0,0,0,1
71646,HECParisMBA,,4,0,4,4,0,4,0,0,0,0,3
71647,essecalumni,,2,0,2,2,0,2,0,0,0,0,3
71651,EMLYON,,3,0,3,3,0,3,0,0,0,0,2
71652,essec,,3,0,3,3,0,3,0,0,0,0,2
71657,jobs_sci,,2,0,2,2,0,2,0,0,0,0,1
71660,inditexcareers,,3,0,3,3,0,3,0,0,0,0,1
71666,CourseTalk,,2,0,2,2,0,2,0,0,0,0,8
71669,MOOCList,,2,0,2,2,0,2,0,0,0,0,8
71671,RICNews,,2,0,2,2,0,2,0,0,0,0,1
71674,Patriots,,2,0,2,2,0,2,0,0,0,0,2
71685,InteriorDesign,,2,0,2,2,0,2,0,0,0,0,2
71687,NETAPORTER,,3,0,3,3,0,3,0,0,0,0,2
71689,ESLPhonicsWorld,,2,0,2,2,0,2,0,0,0,0,4
71698,cecgovge,,2,0,2,2,0,2,0,0,0,0,2
71699,MotherJones,,2,0,2,2,0,2,0,0,0,0,1
71705,ARTEesp,,3,0,3,3,0,3,0,0,0,0,1
71723,MFA_Ukraine,,2,0,2,2,0,2,0,0,0,0,1
71725,Oracle,,3,0,3,3,0,3,0,0,0,0,2
71727,UnivOxford,,2,0,2,2,0,2,0,0,0,0,1
71733,MansfieldOxford,,2,0,2,2,0,2,0,0,0,0,1
71734,TrinityOxford,,2,0,2,2,0,2,0,0,0,0,1
71743,OrielOxford,,2,0,2,2,0,2,0,0,0,0,1
71746,UC_Newsroom,,2,0,2,2,0,2,0,0,0,0,1
71751,edwardlucas,,3,0,3,3,0,3,0,0,0,0,6
71758,sfballet,,2,0,2,2,0,2,0,0,0,0,2
71760,NesoRussia,,2,0,2,2,0,2,0,0,0,0,2
71763,nycballet,,2,0,2,2,0,2,0,0,0,0,2
71767,Nationaltheater,,2,0,2,2,0,2,0,0,0,0,1
71771,UKinUSA,,2,0,2,2,0,2,0,0,0,0,3
71773,Wix,,3,0,3,3,0,3,0,0,0,0,1
71776,VP,,3,0,3,3,0,3,0,0,0,0,3
71778,HSSde,,2,0,2,2,0,2,0,0,0,0,1
71779,rosaluxstiftung,,2,0,2,2,0,2,0,0,0,0,1
71785,boell_stiftung,,2,0,2,2,0,2,0,0,0,0,1
71786,KASonline,,2,0,2,2,0,2,0,0,0,0,1
71787,FESonline,,2,0,2,2,0,2,0,0,0,0,1
71788,ELCBristol,,2,0,2,2,0,2,0,0,0,0,4
71789,EnglishChester,,2,0,2,2,0,2,0,0,0,0,4
71790,LewisSchool,,2,0,2,2,0,2,0,0,0,0,4
71791,ilsenglish,,2,0,2,2,0,2,0,0,0,0,4
71795,AmericanCancer,,2,0,2,2,0,2,0,0,0,0,3
71796,livestrong,,2,0,2,2,0,2,0,0,0,0,2
71798,eccobooks,,2,0,2,2,0,2,0,0,0,0,2
71802,Lexis_Etudiants,,2,0,2,2,0,2,0,0,0,0,8
71803,Carrieresjuridi,,2,0,2,2,0,2,0,0,0,0,8
71817,LAOpera,,2,0,2,2,0,2,0,0,0,0,2
71820,PlacidoDomingo,,2,0,2,2,0,2,0,0,0,0,0
71829,editions_didier,,3,0,3,3,0,3,0,0,0,0,6
71830,emdlfle,,2,0,2,2,0,2,0,0,0,0,6
71831,CLEinter,,2,0,2,2,0,2,0,0,0,0,6
71847,netgazeti,,2,0,2,2,0,2,0,0,0,0,2
71869,extratv,,2,0,2,2,0,2,0,0,0,0,2
71870,eentertainment,,3,0,3,3,0,3,0,0,0,0,0
71873,TMZ,,2,0,2,2,0,2,0,0,0,0,5
71874,etnow,,2,0,2,2,0,2,0,0,0,0,2
71875,dailymotion,,2,0,2,2,0,2,0,0,0,0,8
71898,ClarenceHouse,,2,0,2,2,0,2,0,0,0,0,1
71899,Republic_Mag,,2,0,2,2,0,2,0,0,0,0,2
71900,the_newtimes,,2,0,2,2,0,2,0,0,0,0,2
71906,mich261213,,2,0,2,2,0,2,0,0,0,0,2
71923,UnitedNationsRU,,2,0,2,2,0,2,0,0,0,0,2
71925,EyeOfJackieChan,,2,0,2,2,0,2,0,0,0,0,3
71926,IvankaTrump,,3,0,3,3,0,3,0,0,0,0,1
71929,urgantcom,,3,0,3,3,0,3,0,0,0,0,2
71930,RealVolya,,3,0,3,3,0,3,0,0,0,0,2
71931,tina_kandelaki,,2,0,2,2,0,2,0,0,0,0,2
71975,daily_politics,,2,0,2,2,0,2,0,0,0,0,2
71976,bbcquestiontime,,2,0,2,2,0,2,0,0,0,0,2
71978,TelePolitics,,2,0,2,2,0,2,0,0,0,0,3
71997,englishathome,,2,0,2,2,0,2,0,0,0,0,4
71998,EnglishTips4U,,3,0,3,3,0,3,0,0,0,0,1
71999,RealLifeGlobal,,3,0,3,3,0,3,0,0,0,0,1
72000,EspressoEnglish,,2,0,2,2,0,2,0,0,0,0,4
72004,1LIVE,,2,0,2,2,0,2,0,0,0,0,1
72011,WDRaktuell,,2,0,2,2,0,2,0,0,0,0,1
72015,DasErste,,2,0,2,2,0,2,0,0,0,0,2
72017,WELTAMSONNTAG,,2,0,2,2,0,2,0,0,0,0,2
72018,ntvde,,2,0,2,2,0,2,0,0,0,0,1
72020,JNJCares,,2,0,2,2,0,2,0,0,0,0,2
72021,boehringerus,,2,0,2,2,0,2,0,0,0,0,3
72022,JNJNews,,2,0,2,2,0,2,0,0,0,0,3
72023,Boehringer,,2,0,2,2,0,2,0,0,0,0,3
72025,GSKUS,,2,0,2,2,0,2,0,0,0,0,3
72027,ELCBrighton,,2,0,2,2,0,2,0,0,0,0,1
72028,GSK,,2,0,2,2,0,2,0,0,0,0,3
72029,Novartis,,3,0,3,3,0,3,0,0,0,0,3
72030,pfizer,,3,0,3,3,0,3,0,0,0,0,0
72031,Roche,,3,0,3,3,0,3,0,0,0,0,0
72032,AstraZeneca,,3,0,3,3,0,3,0,0,0,0,0
72033,Merck,,2,0,2,2,0,2,0,0,0,0,3
72034,MerckManualPro,,2,0,2,2,0,2,0,0,0,0,2
72041,LISEO_FEI,,2,0,2,2,0,2,0,0,0,0,1
72042,FilPluri,,2,0,2,2,0,2,0,0,0,0,1
72043,belcfei,,2,0,2,2,0,2,0,0,0,0,6
72044,FEI_sevres,,2,0,2,2,0,2,0,0,0,0,6
72045,AgenceFLE,,3,0,3,3,0,3,0,0,0,0,1
72046,FEI_LangueFr,,2,0,2,2,0,2,0,0,0,0,6
72048,Eurocentres,,3,0,3,3,0,3,0,0,0,0,4
72049,Label_FLE,,2,0,2,2,0,2,0,0,0,0,6
72050,Culture_FLE,,2,0,2,2,0,2,0,0,0,0,6
72051,campusFLE,,2,0,2,2,0,2,0,0,0,0,6
72052,radioFLE,,2,0,2,2,0,2,0,0,0,0,6
72053,Accent_Francais,,2,0,2,2,0,2,0,0,0,0,6
72054,FLE_FPO,,2,0,2,2,0,2,0,0,0,0,6
72059,IHLondon,,3,0,3,3,0,3,0,0,0,0,1
72063,IHWorld,,3,0,3,3,0,3,0,0,0,0,1
72066,LanguageCrawler,,3,0,3,3,0,3,0,0,0,0,8
72067,languages_globe,,2,0,2,2,0,2,0,0,0,0,1
72068,ESLeducationFR,,3,0,3,3,0,3,0,0,0,0,1
72069,ESLeducationIT,,3,0,3,3,0,3,0,0,0,0,1
72070,ESLeducation,,3,0,3,3,0,3,0,0,0,0,1
72074,lingholic,,3,0,3,3,0,3,0,0,0,0,1
72075,TLILanguages,,2,0,2,2,0,2,0,0,0,0,1
72137,BIUK,,2,0,2,2,0,2,0,0,0,0,8
72141,BootsUK,,2,0,2,2,0,2,0,0,0,0,2
72142,holland_barrett,,2,0,2,2,0,2,0,0,0,0,2
72157,minutephysics,,2,0,2,2,0,2,0,0,0,0,1
72159,AsapSCIENCE,,2,0,2,2,0,2,0,0,0,0,1
72160,ScienceAlert,,2,0,2,2,0,2,0,0,0,0,1
72173,thebookseller,,2,0,2,2,0,2,0,0,0,0,2
72175,LondonBookFair,,2,0,2,2,0,2,0,0,0,0,1
72176,Book_Fair,,2,0,2,2,0,2,0,0,0,0,1
72177,nypost,,3,0,3,3,0,3,0,0,0,0,2
72179,NBCNewsWorld,,3,0,3,3,0,3,0,0,0,0,2
72180,WashTimes,,2,0,2,2,0,2,0,0,0,0,1
72181,VOANews,,3,0,3,3,0,3,0,0,0,0,2
72192,SenJohnMcCain,,2,0,2,2,0,2,0,0,0,0,2
72197,ifpfilm,,2,0,2,2,0,2,0,0,0,0,0
72198,ioncinema,,2,0,2,2,0,2,0,0,0,0,0
72200,TribecaFilmIns,,2,0,2,2,0,2,0,0,0,0,0
72201,sundancefest,,3,0,3,3,0,3,0,0,0,0,1
72202,Tribeca,,3,0,3,3,0,3,0,0,0,0,2
72203,IFCFilms,,3,0,3,3,0,3,0,0,0,0,1
72207,FilmForumNYC,,2,0,2,2,0,2,0,0,0,0,2
72208,IFCCenter,,2,0,2,2,0,2,0,0,0,0,2
72209,filmindependent,,3,0,3,3,0,3,0,0,0,0,1
72213,allocine,,2,0,2,2,0,2,0,0,0,0,6
72214,FilmLinc,,3,0,3,3,0,3,0,0,0,0,1
72215,Criterion,,2,0,2,2,0,2,0,0,0,0,0
72216,NotebookMUBI,,2,0,2,2,0,2,0,0,0,0,0
72217,mubi,,3,0,3,3,0,3,0,0,0,0,0
72218,Shareaholic,,2,0,2,2,0,2,0,0,0,0,1
72220,Cineuropa,,3,0,3,3,0,3,0,0,0,0,0
72232,LaCauselit,,2,0,2,2,0,2,0,0,0,0,1
72235,ActuaLitte,,2,0,2,2,0,2,0,0,0,0,6
72237,PlushenkoNews,,2,0,2,2,0,2,0,0,0,0,1
72241,EvgeniPlushenko,,2,0,2,2,0,2,0,0,0,0,1
72250,StudyTravelLtd,,3,0,3,3,0,3,0,0,0,0,1
72251,qualityenglish,,2,0,2,2,0,2,0,0,0,0,4
72253,studyworldfair,,3,0,3,3,0,3,0,0,0,0,1
72254,englishuk,,3,0,3,3,0,3,0,0,0,0,1
72257,TheLondonSchool,,2,0,2,2,0,2,0,0,0,0,4
72258,EmbassyEnglish,,2,0,2,2,0,2,0,0,0,0,4
72259,TwinSummer,,2,0,2,2,0,2,0,0,0,0,4
72261,staffordhouse,,2,0,2,2,0,2,0,0,0,0,1
72283,IUCNRedList,,2,0,2,2,0,2,0,0,0,0,1
72285,IUCN_forests,,2,0,2,2,0,2,0,0,0,0,1
72290,ihedelft,,2,0,2,2,0,2,0,0,0,0,1
72296,UNICEFwater,,2,0,2,2,0,2,0,0,0,0,1
72298,FilmFestLocarno,,2,0,2,2,0,2,0,0,0,0,0
72300,lesarcsfilmfest,,2,0,2,2,0,2,0,0,0,0,1
72303,skwigly,,2,0,2,2,0,2,0,0,0,0,0
72310,BBCRadio4,,2,0,2,2,0,2,0,0,0,0,2
72322,novaya_gazeta,,2,0,2,2,0,2,0,0,0,0,2
72328,SvobodaRadio,,2,0,2,2,0,2,0,0,0,0,2
72331,bbcrussian,,2,0,2,2,0,2,0,0,0,0,2
72334,rgrus,,2,0,2,2,0,2,0,0,0,0,2
72338,BescherelleFR,,2,0,2,2,0,2,0,0,0,0,1
72343,LAROUSSE_FR,,2,0,2,2,0,2,0,0,0,0,6
72345,UHouston,,2,0,2,2,0,2,0,0,0,0,1
72346,RiceUNews,,2,0,2,2,0,2,0,0,0,0,1
72347,RiceUniversity,,3,0,3,3,0,3,0,0,0,0,1
72351,VivereLaToscana,,3,0,3,3,0,3,0,0,0,0,3
72352,NYCAesthetic,,2,0,2,2,0,2,0,0,0,0,6
72362,GoetheKamerun,,2,0,2,2,0,2,0,0,0,0,1
72363,mental_floss,,2,0,2,2,0,2,0,0,0,0,1
72368,archiveshub,,2,0,2,2,0,2,0,0,0,0,4
72393,TourismIreland,,3,0,3,3,0,3,0,0,0,0,1
72394,NITouristBoard,,2,0,2,2,0,2,0,0,0,0,1
72396,TitanicBelfast,,2,0,2,2,0,2,0,0,0,0,1
72413,PublishersLunch,,2,0,2,2,0,2,0,0,0,0,2
72415,PublishersWkly,,2,0,2,2,0,2,0,0,0,0,2
72419,KirkusReviews,,2,0,2,2,0,2,0,0,0,0,2
72425,shootthisnowpod,,2,0,2,2,0,2,0,0,0,0,1
72427,myfoodandfamily,,2,0,2,2,0,2,0,0,0,0,2
72429,CadburyUK,,2,0,2,2,0,2,0,0,0,0,2
72430,MDLZ,,2,0,2,2,0,2,0,0,0,0,4
72435,Larryferlazzo,,2,0,2,2,0,2,0,0,0,0,1
72436,ArtReview_,,3,0,3,3,0,3,0,0,0,0,2
72437,frieze_magazine,,2,0,2,2,0,2,0,0,0,0,2
72438,iste,,3,0,3,3,0,3,0,0,0,0,2
72439,E_Sheninger,,2,0,2,2,0,2,0,0,0,0,1
72444,Artforum,,3,0,3,3,0,3,0,0,0,0,2
72446,artnet,,3,0,3,3,0,3,0,0,0,0,0
72456,Jos_Douma,,2,0,2,2,0,2,0,0,0,0,1
72457,MSYGeorgia,,2,0,2,2,0,2,0,0,0,0,2
72459,SWPBerlin,,3,0,3,3,0,3,0,0,0,0,1
72464,GeorgianRugby,,2,0,2,2,0,2,0,0,0,0,2
72465,LitdelNATO,,2,0,2,2,0,2,0,0,0,0,1
72470,AzerbaijanMFA,,2,0,2,2,0,2,0,0,0,0,1
72471,David_Cameron,,3,0,3,3,0,3,0,0,0,0,2
72473,poroshenko,,2,0,2,2,0,2,0,0,0,0,1
72474,Twiplomacy,,2,0,2,2,0,2,0,0,0,0,1
72482,GER_OSCE,,2,0,2,2,0,2,0,0,0,0,1
72484,MFA_Austria,,3,0,3,3,0,3,0,0,0,0,1
72493,ChristaMarkwald,,2,0,2,2,0,2,0,0,0,0,1
72494,GeorgiaRises,,2,0,2,2,0,2,0,0,0,0,2
72497,Gottemoeller,,2,0,2,2,0,2,0,0,0,0,1
72498,GreeceMFA,,2,0,2,2,0,2,0,0,0,0,2
72500,CanadaNATO,,2,0,2,2,0,2,0,0,0,0,1
72502,tassagency_en,,2,0,2,2,0,2,0,0,0,0,1
72503,nature_org,,3,0,3,3,0,3,0,0,0,0,1
72506,NWF,,3,0,3,3,0,3,0,0,0,0,2
72507,UN_Water,,2,0,2,2,0,2,0,0,0,0,1
72509,KatalinBogyay,,2,0,2,2,0,2,0,0,0,0,1
72515,JapanMissionUN,,3,0,3,3,0,3,0,0,0,0,1
72516,JimYongKimWBG,,2,0,2,2,0,2,0,0,0,0,2
72517,TheUNTimes,,2,0,2,2,0,2,0,0,0,0,1
72518,GlblCtznImpact,,2,0,2,2,0,2,0,0,0,0,1
72521,JohnKerry,,3,0,3,3,0,3,0,0,0,0,1
72522,end_svc,,2,0,2,2,0,2,0,0,0,0,2
72523,UNAction,,2,0,2,2,0,2,0,0,0,0,2
72527,nycgov,,2,0,2,2,0,2,0,0,0,0,3
72539,EUUNorg,,2,0,2,2,0,2,0,0,0,0,1
72540,UNGEI,,2,0,2,2,0,2,0,0,0,0,1
72543,WomenforWomen,,2,0,2,2,0,2,0,0,0,0,2
72546,WFP_FR,,2,0,2,2,0,2,0,0,0,0,1
72548,irishmissionun,,3,0,3,3,0,3,0,0,0,0,1
72550,UN_CAR,,2,0,2,2,0,2,0,0,0,0,1
72553,issafrica,,2,0,2,2,0,2,0,0,0,0,1
72557,CDCgov,,3,0,3,3,0,3,0,0,0,0,1
72573,UNDPAfrica,,2,0,2,2,0,2,0,0,0,0,1
72575,IEA,,3,0,3,3,0,3,0,0,0,0,1
72594,IceTalkPodcast,,2,0,2,2,0,2,0,0,0,0,1
72595,USFigureSkating,,2,0,2,2,0,2,0,0,0,0,1
72596,fsonline,,2,0,2,2,0,2,0,0,0,0,1
72606,TheAtlantic,,3,0,3,3,0,3,0,0,0,0,2
72609,canmathsociety,,2,0,2,2,0,2,0,0,0,0,1
72610,cenmag,,2,0,2,2,0,2,0,0,0,0,1
72611,AIRInforms,,3,0,3,3,0,3,0,0,0,0,4
72614,Education_AIR,,3,0,3,3,0,3,0,0,0,0,4
72630,Reuters_Health,,2,0,2,2,0,2,0,0,0,0,1
72632,bbchealth,,2,0,2,2,0,2,0,0,0,0,3
72633,NPRHealth,,2,0,2,2,0,2,0,0,0,0,3
72634,NYTHealth,,2,0,2,2,0,2,0,0,0,0,3
72635,WSJhealth,,2,0,2,2,0,2,0,0,0,0,3
72636,latimeshealth,,3,0,3,3,0,3,0,0,0,0,3
72637,USATODAYhealth,,3,0,3,3,0,3,0,0,0,0,3
72641,Turismo_Almeria,,2,0,2,2,0,2,0,0,0,0,0
72642,IESabroad,,3,0,3,3,0,3,0,0,0,0,7
72644,ISEPStudyAbroad,,3,0,3,3,0,3,0,0,0,0,8
72646,spanish_onthego,,2,0,2,2,0,2,0,0,0,0,1
72649,worddio,,2,0,2,2,0,2,0,0,0,0,1
72652,mydailyspanish,,2,0,2,2,0,2,0,0,0,0,1
72658,Tarrodeidiomas,,2,0,2,2,0,2,0,0,0,0,1
72666,Zamb0mbazo,,2,0,2,2,0,2,0,0,0,0,1
72669,EnjoySpanish1,,3,0,3,3,0,3,0,0,0,0,4
72678,aiccrenazionale,,2,0,2,2,0,2,0,0,0,0,1
72679,herramientasele,,2,0,2,2,0,2,0,0,0,0,1
72683,MawsMoriarty,,2,0,2,2,0,2,0,0,0,0,1
72689,WoodwardSpanish,,3,0,3,3,0,3,0,0,0,0,1
72690,EuropeDirectLam,,3,0,3,3,0,3,0,0,0,0,1
72697,EspanolConArte,,2,0,2,2,0,2,0,0,0,0,1
72698,JeremyJoseDean,,2,0,2,2,0,2,0,0,0,0,2
72702,EDICVentspils,,4,0,4,4,0,4,0,0,0,0,1
72703,EDinBlanch,,5,0,5,5,0,5,0,0,0,0,1
72708,ED_LaSpezia,,3,0,3,3,0,3,0,0,0,0,1
72710,CDEUniFirenze,,2,0,2,2,0,2,0,0,0,0,1
72713,IC_Salvador,,2,0,2,2,0,2,0,0,0,0,1
72715,educationgovuk,,3,0,3,3,0,3,0,0,0,0,4
72717,EdinTradeClub,,5,0,5,5,0,5,0,0,0,0,1
72720,eudirectebea,,4,0,4,4,0,4,0,0,0,0,1
72726,online_espanol,,2,0,2,2,0,2,0,0,0,0,1
72730,CDEunipg,,2,0,2,2,0,2,0,0,0,0,1
72732,edickomotini,,4,0,4,4,0,4,0,0,0,0,1
72734,EuropeDirectFI,,5,0,5,5,0,5,0,0,0,0,1
72736,europedirectfm,,3,0,3,3,0,3,0,0,0,0,1
72740,EmbEspTT,,2,0,2,2,0,2,0,0,0,0,1
72741,EmbEspSkopje,,2,0,2,2,0,2,0,0,0,0,1
72743,Games4Language,,2,0,2,2,0,2,0,0,0,0,1
72748,EmbEspVietnam,,2,0,2,2,0,2,0,0,0,0,1
72749,EmbEspIndonesia,,3,0,3,3,0,3,0,0,0,0,0
72750,EmbEspEgipto,,2,0,2,2,0,2,0,0,0,0,1
72751,EmbEspMalasia,,2,0,2,2,0,2,0,0,0,0,1
72752,EmbajadaEspGTA,,2,0,2,2,0,2,0,0,0,0,1
72753,Cgesparis,,3,0,3,3,0,3,0,0,0,0,4
72755,EmbEspPan,,2,0,2,2,0,2,0,0,0,0,4
72756,EmbEspanaLibano,,2,0,2,2,0,2,0,0,0,0,1
72757,ICAtenas,,3,0,3,3,0,3,0,0,0,0,1
72761,EmbEspOman,,2,0,2,2,0,2,0,0,0,0,1
72763,CGEspRio,,2,0,2,2,0,2,0,0,0,0,1
72764,EmbajadaEspKUW,,2,0,2,2,0,2,0,0,0,0,1
72765,EmbEspCamerun,,2,0,2,2,0,2,0,0,0,0,1
72766,CgEspBahiaBlanc,,2,0,2,2,0,2,0,0,0,0,1
72767,EmbEspPretoria,,2,0,2,2,0,2,0,0,0,0,1
72769,ICEstambul,,3,0,3,3,0,3,0,0,0,0,7
72771,400Cervantes,,2,0,2,2,0,2,0,0,0,0,1
72773,rioshector,,3,0,3,3,0,3,0,0,0,0,1
72775,aranchapastor,,2,0,2,2,0,2,0,0,0,0,1
72777,marisabeles,,2,0,2,2,0,2,0,0,0,0,1
72778,VaneIBulgarelli,,2,0,2,2,0,2,0,0,0,0,1
72781,ICNuevaDelhi,,3,0,3,3,0,3,0,0,0,0,1
72783,ObserESHarvard,,2,0,2,2,0,2,0,0,0,0,1
72788,ICManchester,,4,0,4,4,0,4,0,0,0,0,1
72789,ALL4language,,2,0,2,2,0,2,0,0,0,0,1
72793,sptclub,,2,0,2,2,0,2,0,0,0,0,1
72796,CardiffMetSU,,3,0,3,3,0,3,0,0,0,0,2
72798,UniWales,,3,0,3,3,0,3,0,0,0,0,1
72799,USWSU,,2,0,2,2,0,2,0,0,0,0,1
72802,UWTSD,,3,0,3,3,0,3,0,0,0,0,1
72803,SwanseaUniSU,,2,0,2,2,0,2,0,0,0,0,1
72804,SwanseaUni,,3,0,3,3,0,3,0,0,0,0,1
72805,AberUni,,3,0,3,3,0,3,0,0,0,0,1
72806,cardiffmet,,3,0,3,3,0,3,0,0,0,0,1
72807,GlyndwrUni,,3,0,3,3,0,3,0,0,0,0,1
72809,BathSpaUni,,3,0,3,3,0,3,0,0,0,0,1
72810,IC_Leeds,,2,0,2,2,0,2,0,0,0,0,1
72811,icsmsu,,2,0,2,2,0,2,0,0,0,0,1
72812,Exeter_Students,,2,0,2,2,0,2,0,0,0,0,1
72813,UniofExeter,,3,0,3,3,0,3,0,0,0,0,1
72816,UniofNewcastle,,3,0,3,3,0,3,0,0,0,0,1
72817,StudentsNCL,,3,0,3,3,0,3,0,0,0,0,4
72818,NewcastleSU,,3,0,3,3,0,3,0,0,0,0,2
72819,KingsCollegeLon,,3,0,3,3,0,3,0,0,0,0,1
72820,SussexUni,,4,0,4,4,0,4,0,0,0,0,4
72821,QMUL,,3,0,3,3,0,3,0,0,0,0,1
72822,UniWestminster,,3,0,3,3,0,3,0,0,0,0,1
72823,NorthumbriaSU,,3,0,3,3,0,3,0,0,0,0,3
72824,sunderlandsu,,2,0,2,2,0,2,0,0,0,0,1
72825,NUstudents,,3,0,3,3,0,3,0,0,0,0,3
72826,RoehamptonSU,,2,0,2,2,0,2,0,0,0,0,1
72828,sunderlanduni,,3,0,3,3,0,3,0,0,0,0,3
72833,BINUS_UNIV,,3,0,3,3,0,3,0,0,0,0,1
72846,SandraPieiro,,2,0,2,2,0,2,0,0,0,0,2
72848,college_memes_,,2,0,2,2,0,2,0,0,0,0,3
72850,EuropeCantal,,5,0,5,5,0,5,0,0,0,0,1
72851,EuropeNancy,,4,0,4,4,0,4,0,0,0,0,1
72852,EuropeDirectNVi,,4,0,4,4,0,4,0,0,0,0,1
72853,PauEuropeDirect,,5,0,5,5,0,5,0,0,0,0,1
72865,EDComanesti,,2,0,2,2,0,2,0,0,0,0,1
72866,EDI_Salzburg,,5,0,5,5,0,5,0,0,0,0,1
72872,SpanishDict,,3,0,3,3,0,3,0,0,0,0,1
72875,spanishlanguage,,3,0,3,3,0,3,0,0,0,0,1
72876,learnspanish,,3,0,3,3,0,3,0,0,0,0,1
72877,europedirectsz,,5,0,5,5,0,5,0,0,0,0,1
72880,UniofAdelaide,,3,0,3,3,0,3,0,0,0,0,1
72882,Flinders,,3,0,3,3,0,3,0,0,0,0,1
72883,UniversitySA,,3,0,3,3,0,3,0,0,0,0,1
72884,UWA_students,,2,0,2,2,0,2,0,0,0,0,1
72887,uwanews,,2,0,2,2,0,2,0,0,0,0,1
72888,MurdochUni,,3,0,3,3,0,3,0,0,0,0,1
72889,CurtinUni,,3,0,3,3,0,3,0,0,0,0,1
72892,victoriauninews,,2,0,2,2,0,2,0,0,0,0,1
72893,DeakinArtsEd,,2,0,2,2,0,2,0,0,0,0,1
72895,Swinburne,,3,0,3,3,0,3,0,0,0,0,1
72896,uommedia,,3,0,3,3,0,3,0,0,0,0,1
72897,RMIT,,3,0,3,3,0,3,0,0,0,0,1
72901,AIEC,,3,0,3,3,0,3,0,0,0,0,7
72902,IEAAustralia,,3,0,3,3,0,3,0,0,0,0,1
72903,ULGlobal,,3,0,3,3,0,3,0,0,0,0,1
72904,uccsocieties,,3,0,3,3,0,3,0,0,0,0,1
72906,UL,,4,0,4,4,0,4,0,0,0,0,1
72907,UCCInt,,4,0,4,4,0,4,0,0,0,0,1
72915,inter_spanish,,2,0,2,2,0,2,0,0,0,0,1
72922,profedeeleRT,,3,0,3,3,0,3,0,0,0,0,1
72923,canal_ele,,3,0,3,3,0,3,0,0,0,0,1
72925,guijaran2,,3,0,3,3,0,3,0,0,0,0,1
72926,Foroele,,2,0,2,2,0,2,0,0,0,0,1
72927,profedeele,,3,0,3,3,0,3,0,0,0,0,1
72928,SIELE_org,,3,0,3,3,0,3,0,0,0,0,4
72929,Rutaele,,3,0,3,3,0,3,0,0,0,0,1
72930,recursosele,,3,0,3,3,0,3,0,0,0,0,1
72931,red_ele,,4,0,4,4,0,4,0,0,0,0,4
72932,ICBordeaux,,2,0,2,2,0,2,0,0,0,0,1
72933,ICUtrecht,,3,0,3,3,0,3,0,0,0,0,1
72935,IC_Milan,,3,0,3,3,0,3,0,0,0,0,1
72943,rfspanish,,3,0,3,3,0,3,0,0,0,0,1
72945,Anabelorienta,,2,0,2,2,0,2,0,0,0,0,0
72946,HEGoingGlobal,,3,0,3,3,0,3,0,0,0,0,1
72947,dtobst,,2,0,2,2,0,2,0,0,0,0,1
72949,IIEGoodman,,2,0,2,2,0,2,0,0,0,0,1
72951,IIEglobal,,3,0,3,3,0,3,0,0,0,0,1
72953,SpainInCanada,,5,0,5,5,0,5,0,0,0,0,1
72954,SpainInUSA,,4,0,4,4,0,4,0,0,0,0,1
72955,SpaininIreland,,4,0,4,4,0,4,0,0,0,0,1
72956,ICDublin,,3,0,3,3,0,3,0,0,0,0,1
72958,IC_Sydney,,3,0,3,3,0,3,0,0,0,0,1
72959,ERASPRAUAL,,3,0,3,3,0,3,0,0,0,0,7
72960,IC_NewYork,,3,0,3,3,0,3,0,0,0,0,4
72961,InstCervantesSP,,2,0,2,2,0,2,0,0,0,0,1
72964,romacervantes,,2,0,2,2,0,2,0,0,0,0,1
72966,CervantesRio,,3,0,3,3,0,3,0,0,0,0,1
72967,IC_Brasilia,,3,0,3,3,0,3,0,0,0,0,1
72971,ICRecife,,3,0,3,3,0,3,0,0,0,0,4
72972,IC_Bremen,,3,0,3,3,0,3,0,0,0,0,1
72973,ICPortoAlegre,,3,0,3,3,0,3,0,0,0,0,2
72974,ICTanger,,3,0,3,3,0,3,0,0,0,0,1
72975,IC_Rabat,,3,0,3,3,0,3,0,0,0,0,1
72977,ICBeloHorizonte,,2,0,2,2,0,2,0,0,0,0,1
72978,IC_Casablanca,,3,0,3,3,0,3,0,0,0,0,1
72981,ICCairo,,3,0,3,3,0,3,0,0,0,0,1
72982,IC_Curitiba,,2,0,2,2,0,2,0,0,0,0,1
72983,ICTunez,,3,0,3,3,0,3,0,0,0,0,1
72984,IC_Budapest,,3,0,3,3,0,3,0,0,0,0,1
72985,ICNapoles,,2,0,2,2,0,2,0,0,0,0,1
72986,IC_Stockholm,,3,0,3,3,0,3,0,0,0,0,1
72987,CervantesABQ,,3,0,3,3,0,3,0,0,0,0,1
72988,cchispanopolaca,,2,0,2,2,0,2,0,0,0,0,4
72994,YaleCLS,,2,0,2,2,0,2,0,0,0,0,1
72996,CERCLL,,2,0,2,2,0,2,0,0,0,0,1
73003,MissMeyMFL,,2,0,2,2,0,2,0,0,0,0,4
73005,MiklosCseszneky,,2,0,2,2,0,2,0,0,0,0,1
73007,CEEUCLMTOLEDO,,2,0,2,2,0,2,0,0,0,0,1
73016,TUDublin_BN,,4,0,4,4,0,4,0,0,0,0,1
73018,sebastianomiele,,2,0,2,2,0,2,0,0,0,0,2
73020,DKITSU,,3,0,3,3,0,3,0,0,0,0,1
73021,DkIT_ie,,4,0,4,4,0,4,0,0,0,0,1
73022,LYIT,,4,0,4,4,0,4,0,0,0,0,1
73024,mariaparrula,,3,0,3,3,0,3,0,0,0,0,1
73025,ITCarlowSU,,3,0,3,3,0,3,0,0,0,0,1
73026,ittralee,,4,0,4,4,0,4,0,0,0,0,1
73027,itcarlow,,4,0,4,4,0,4,0,0,0,0,1
73028,waterfordit,,4,0,4,4,0,4,0,0,0,0,1
73029,itsligosu,,3,0,3,3,0,3,0,0,0,0,1
73030,itsligo,,4,0,4,4,0,4,0,0,0,0,1
73033,GMITOfficial,,3,0,3,3,0,3,0,0,0,0,1
73034,GMITSU,,3,0,3,3,0,3,0,0,0,0,1
73035,NUIGSU,,3,0,3,3,0,3,0,0,0,0,1
73036,nuigalway,,4,0,4,4,0,4,0,0,0,0,1
73037,AthloneIT,,4,0,4,4,0,4,0,0,0,0,1
73038,ITTallaght,,4,0,4,4,0,4,0,0,0,0,1
73039,tcdsu,,3,0,3,3,0,3,0,0,0,0,1
73040,BusinessDCU,,3,0,3,3,0,3,0,0,0,0,3
73041,UCDstudents,,3,0,3,3,0,3,0,0,0,0,4
73042,DCUSU,,3,0,3,3,0,3,0,0,0,0,1
73043,UCDSU,,3,0,3,3,0,3,0,0,0,0,1
73044,DCU,,3,0,3,3,0,3,0,0,0,0,1
73045,maynoothsu,,3,0,3,3,0,3,0,0,0,0,1
73046,ucddublin,,3,0,3,3,0,3,0,0,0,0,1
73047,MaynoothCAO,,3,0,3,3,0,3,0,0,0,0,1
73048,tcddublin,,3,0,3,3,0,3,0,0,0,0,1
73049,mu_postgrad,,2,0,2,2,0,2,0,0,0,0,1
73050,MaynoothUni,,3,0,3,3,0,3,0,0,0,0,1
73051,UCCSU,,3,0,3,3,0,3,0,0,0,0,1
73052,UCC,,3,0,3,3,0,3,0,0,0,0,7
73058,lynchburg,,2,0,2,2,0,2,0,0,0,0,1
73066,MorganStateU,,2,0,2,2,0,2,0,0,0,0,1
73071,USC,,2,0,2,2,0,2,0,0,0,0,2
73072,upsu,,2,0,2,2,0,2,0,0,0,0,1
73073,PlymUni,,3,0,3,3,0,3,0,0,0,0,1
73074,ucdavis,,2,0,2,2,0,2,0,0,0,0,1
73076,KSUMalta,,3,0,3,3,0,3,0,0,0,0,1
73077,UMmalta,,2,0,2,2,0,2,0,0,0,0,1
73079,UtrechtUni,,3,0,3,3,0,3,0,0,0,0,1
73080,VECO_Brussels,,3,0,3,3,0,3,0,0,0,0,1
73083,radiocafoscari,,4,0,4,4,0,4,0,0,0,0,3
73084,UniTwitTS,,2,0,2,2,0,2,0,0,0,0,3
73086,Wue_Int,,2,0,2,2,0,2,0,0,0,0,1
73088,EDIC_Maastricht,,4,0,4,4,0,4,0,0,0,0,1
73089,eurdial,,5,0,5,5,0,5,0,0,0,0,1
73090,EDIC_Birmingham,,5,0,5,5,0,5,0,0,0,0,1
73092,OllieMFL,,2,0,2,2,0,2,0,0,0,0,5
73094,LanguagePanda,,2,0,2,2,0,2,0,0,0,0,1
73097,WeLoveSpainn,,3,0,3,3,0,3,0,0,0,0,2
73100,PecsSummerscho,,2,0,2,2,0,2,0,0,0,0,1
73103,icpjones,,2,0,2,2,0,2,0,0,0,0,1
73106,usponline,,3,0,3,3,0,3,0,0,0,0,7
73109,Unesp_Oficial,,2,0,2,2,0,2,0,0,0,0,1
73111,EUDirectVarna,,4,0,4,4,0,4,0,0,0,0,1
73112,martdelrio,,2,0,2,2,0,2,0,0,0,0,0
73116,HarriesMFL,,2,0,2,2,0,2,0,0,0,0,2
73118,alfredocorell,,2,0,2,2,0,2,0,0,0,0,5
73138,ThorneyMFL,,2,0,2,2,0,2,0,0,0,0,1
73160,EuropeDirectTGN,,4,0,4,4,0,4,0,0,0,0,1
73164,Beloit_College,,2,0,2,2,0,2,0,0,0,0,1
73165,EuropeDirectVen,,4,0,4,4,0,4,0,0,0,0,1
73167,WUSTLnews,,3,0,3,3,0,3,0,0,0,0,1
73170,whitworth,,3,0,3,3,0,3,0,0,0,0,1
73172,DickinsonCol,,3,0,3,3,0,3,0,0,0,0,1
73175,gettysburg,,2,0,2,2,0,2,0,0,0,0,1
73177,RoanokeCollege,,2,0,2,2,0,2,0,0,0,0,1
73179,longwoodu,,2,0,2,2,0,2,0,0,0,0,1
73180,radfordu,,2,0,2,2,0,2,0,0,0,0,1
73192,SouthwesternU,,2,0,2,2,0,2,0,0,0,0,1
73196,RhodesCollege,,2,0,2,2,0,2,0,0,0,0,1
73202,cgeuprrp,,2,0,2,2,0,2,0,0,0,0,4
73203,UPR_Oficial,,2,0,2,2,0,2,0,0,0,0,4
73204,ElTribune,,2,0,2,2,0,2,0,0,0,0,4
73205,uprrp,,3,0,3,3,0,3,0,0,0,0,1
73211,univofdayton,,3,0,3,3,0,3,0,0,0,0,1
73213,ESUniversity,,2,0,2,2,0,2,0,0,0,0,1
73214,Edinboro,,2,0,2,2,0,2,0,0,0,0,1
73219,UToledo,,3,0,3,3,0,3,0,0,0,0,4
73222,yorkustudents,,3,0,3,3,0,3,0,0,0,0,1
73223,univmiami,,3,0,3,3,0,3,0,0,0,0,1
73227,uofg,,2,0,2,2,0,2,0,0,0,0,1
73228,RyersonU,,3,0,3,3,0,3,0,0,0,0,4
73230,CentralState87,,2,0,2,2,0,2,0,0,0,0,1
73245,Veronica_Mem,,2,0,2,2,0,2,0,0,0,0,0
73247,ednuoro,,3,0,3,3,0,3,0,0,0,0,1
73248,eudirectsiena,,4,0,4,4,0,4,0,0,0,0,1
73249,europedirectTR,,5,0,5,5,0,5,0,0,0,0,1
73250,LTObrussel,,5,0,5,5,0,5,0,0,0,0,1
73251,EDICAldershot,,4,0,4,4,0,4,0,0,0,0,1
73252,EuropeDirectDur,,5,0,5,5,0,5,0,0,0,0,1
73253,EuropeDirectOdw,,5,0,5,5,0,5,0,0,0,0,1
73254,EDICSantarem,,5,0,5,5,0,5,0,0,0,0,1
73257,EuropeDirectVal,,4,0,4,4,0,4,0,0,0,0,1
73259,EDSANFERNANDO,,5,0,5,5,0,5,0,0,0,0,1
73276,MFLWyedean,,2,0,2,2,0,2,0,0,0,0,4
73279,NCCU,,2,0,2,2,0,2,0,0,0,0,1
73280,UNCG,,2,0,2,2,0,2,0,0,0,0,2
73287,UNLincoln,,2,0,2,2,0,2,0,0,0,0,1
73292,Creighton,,3,0,3,3,0,3,0,0,0,0,1
73296,TrumanState,,2,0,2,2,0,2,0,0,0,0,4
73299,BatesCollege,,2,0,2,2,0,2,0,0,0,0,1
73300,ColbyCollege,,2,0,2,2,0,2,0,0,0,0,1
73301,BowdoinCollege,,2,0,2,2,0,2,0,0,0,0,1
73302,Middlebury,,2,0,2,2,0,2,0,0,0,0,1
73303,WilliamsCollege,,2,0,2,2,0,2,0,0,0,0,1
73304,BarnardCollege,,2,0,2,2,0,2,0,0,0,0,1
73305,AmherstCollege,,2,0,2,2,0,2,0,0,0,0,1
73309,millsapscollege,,2,0,2,2,0,2,0,0,0,0,1
73311,mtholyoke,,2,0,2,2,0,2,0,0,0,0,1
73312,Macalester,,2,0,2,2,0,2,0,0,0,0,1
73313,ClarksonUniv,,2,0,2,2,0,2,0,0,0,0,1
73314,UofStThomasMN,,3,0,3,3,0,3,0,0,0,0,4
73315,HamlineU,,2,0,2,2,0,2,0,0,0,0,1
73317,UMassAmherst,,2,0,2,2,0,2,0,0,0,0,1
73318,hampshirecolg,,2,0,2,2,0,2,0,0,0,0,1
73322,UTSA,,2,0,2,2,0,2,0,0,0,0,4
73325,Trinity_U,,3,0,3,3,0,3,0,0,0,0,1
73326,StMarysU,,3,0,3,3,0,3,0,0,0,0,1
73332,UnivOfKansas,,3,0,3,3,0,3,0,0,0,0,1
73333,WashburnUniv,,2,0,2,2,0,2,0,0,0,0,1
73339,uiowa,,3,0,3,3,0,3,0,0,0,0,1
73349,KnoxCollege1837,,2,0,2,2,0,2,0,0,0,0,1
73354,uidaho,,2,0,2,2,0,2,0,0,0,0,1
73356,GWtweets,,3,0,3,3,0,3,0,0,0,0,1
73359,AmericanU,,3,0,3,3,0,3,0,0,0,0,4
73362,_HamptonU,,3,0,3,3,0,3,0,0,0,0,1
73364,Morehouse,,2,0,2,2,0,2,0,0,0,0,1
73367,SpelmanCollege,,2,0,2,2,0,2,0,0,0,0,1
73370,UofDenver,,3,0,3,3,0,3,0,0,0,0,4
73372,cu_portland,,3,0,3,3,0,3,0,0,0,0,1
73377,UA_System,,2,0,2,2,0,2,0,0,0,0,1
73384,SDSU,,2,0,2,2,0,2,0,0,0,0,1
73388,harveymudd,,2,0,2,2,0,2,0,0,0,0,1
73389,scrippscollege,,2,0,2,2,0,2,0,0,0,0,1
73390,pomonacollege,,2,0,2,2,0,2,0,0,0,0,1
73391,pitzercollege,,2,0,2,2,0,2,0,0,0,0,1
73394,CUChicago,,2,0,2,2,0,2,0,0,0,0,1
73397,ChapmanU,,2,0,2,2,0,2,0,0,0,0,1
73402,saintpetersuniv,,2,0,2,2,0,2,0,0,0,0,1
73403,TROYUnews,,2,0,2,2,0,2,0,0,0,0,1
73410,UTKnoxville,,2,0,2,2,0,2,0,0,0,0,1
73411,csunorthridge,,2,0,2,2,0,2,0,0,0,0,2
73412,CalStateLA,,2,0,2,2,0,2,0,0,0,0,1
73420,RinconFuncional,,2,0,2,2,0,2,0,0,0,0,4
73421,MarvinHarris76,,3,0,3,3,0,3,0,0,0,0,0
73429,proyectoautismo,,2,0,2,2,0,2,0,0,0,0,4
73440,CasitaAutismo,,2,0,2,2,0,2,0,0,0,0,0
73447,AutismoFESPAU,,3,0,3,3,0,3,0,0,0,0,4
73449,suresTEA,,2,0,2,2,0,2,0,0,0,0,4
73469,Asemfa,,2,0,2,2,0,2,0,0,0,0,4
73470,SaludMentalSAL,,2,0,2,2,0,2,0,0,0,0,4
73484,DOWNTOLEDO,,2,0,2,2,0,2,0,0,0,0,4
73497,fibromialgianot,,2,0,2,2,0,2,0,0,0,0,4
73501,FibroParla,,2,0,2,2,0,2,0,0,0,0,4
73505,AdoptAguas,,2,0,2,2,0,2,0,0,0,0,4
73537,genetikarock,,2,0,2,2,0,2,0,0,0,0,4
73541,SindromeA,,2,0,2,2,0,2,0,0,0,0,0
73544,CarlosAlonso_R,,3,0,3,3,0,3,0,0,0,0,4
73558,lossindrome,,2,0,2,2,0,2,0,0,0,0,0
73559,DownCoruna,,2,0,2,2,0,2,0,0,0,0,4
73560,Sindromeddown21,,2,0,2,2,0,2,0,0,0,0,4
73562,Belisa1933,,2,0,2,2,0,2,0,0,0,0,4
73570,Asteamur,,2,0,2,2,0,2,0,0,0,0,4
73572,AsocNiosUspace,,3,0,3,3,0,3,0,0,0,0,4
73573,quissos,,2,0,2,2,0,2,0,0,0,0,4
73574,Coraznyvida,,2,0,2,2,0,2,0,0,0,0,4
73581,EsferaFundacion,,2,0,2,2,0,2,0,0,0,0,4
73614,promalaga,,3,0,3,3,0,3,0,0,0,0,4
73616,rgdfactoria,,2,0,2,2,0,2,0,0,0,0,4
73619,_FEDPC_,,3,0,3,3,0,3,0,0,0,0,4
73620,Autismo_Sevilla,,2,0,2,2,0,2,0,0,0,0,4
73622,ONGDSED,,2,0,2,2,0,2,0,0,0,0,4
73631,StopVIH,,2,0,2,2,0,2,0,0,0,0,2
73632,porloschicos,,2,0,2,2,0,2,0,0,0,0,4
73636,CILSAong,,2,0,2,2,0,2,0,0,0,0,4
73646,CCOOAutonomicGr,,3,0,3,3,0,3,0,0,0,0,4
73647,fpudalmeria,,2,0,2,2,0,2,0,0,0,0,4
73651,Coexphal,,2,0,2,2,0,2,0,0,0,0,4
73655,Guadaltrekking,,2,0,2,2,0,2,0,0,0,0,4
73659,SURGENTEGranada,,4,0,4,4,0,4,0,0,0,0,0
73660,AmpaElCastillo,,3,0,3,3,0,3,0,0,0,0,4
73661,5001RADIO,,2,0,2,2,0,2,0,0,0,0,5
73667,El_AmigoFiel,,2,0,2,2,0,2,0,0,0,0,4
73684,AJCarabelaHuelv,,2,0,2,2,0,2,0,0,0,0,4
73686,afanma,,2,0,2,2,0,2,0,0,0,0,4
73688,AAAUMA,,3,0,3,3,0,3,0,0,0,0,4
73689,Empyria_Asoc,,3,0,3,3,0,3,0,0,0,0,4
73691,VerdadySagrario,,2,0,2,2,0,2,0,0,0,0,4
73694,AcemaMalaga,,2,0,2,2,0,2,0,0,0,0,4
73695,EleProfes,,3,0,3,3,0,3,0,0,0,0,1
73696,DaffariHdT,,2,0,2,2,0,2,0,0,0,0,4
73698,_ZEGRI_,,3,0,3,3,0,3,0,0,0,0,4
73699,ajazzmalaga,,2,0,2,2,0,2,0,0,0,0,7
73703,ateneomalaga,,2,0,2,2,0,2,0,0,0,0,4
73708,vaniamasias,,2,0,2,2,0,2,0,0,0,0,4
73711,InmaculadaBejar,,2,0,2,2,0,2,0,0,0,0,4
73713,CECEAndalucia,,2,0,2,2,0,2,0,0,0,0,4
73714,fespugta,,3,0,3,3,0,3,0,0,0,0,4
73716,RFGA_Pros,,2,0,2,2,0,2,0,0,0,0,4
73717,rafaelbellido,,2,0,2,2,0,2,0,0,0,0,4
73719,FadiAndalucia,,4,0,4,4,0,4,0,0,0,0,0
73721,LibreriasFAL,,2,0,2,2,0,2,0,0,0,0,4
73722,FSSCCOOAND,,2,0,2,2,0,2,0,0,0,0,4
73724,Sonido_Sur,,2,0,2,2,0,2,0,0,0,0,4
73727,CITSubbetica,,2,0,2,2,0,2,0,0,0,0,4
73730,AsaFilmoteca,,2,0,2,2,0,2,0,0,0,0,4
73732,ForoMemoriaBG,,2,0,2,2,0,2,0,0,0,0,4
73735,_ATIFEMA_,,2,0,2,2,0,2,0,0,0,0,4
73736,Asfaan_,,2,0,2,2,0,2,0,0,0,0,4
73737,LaloRodriguez14,,3,0,3,3,0,3,0,0,0,0,0
73738,JAngelGarcia,,2,0,2,2,0,2,0,0,0,0,4
73739,AGESPORT,,2,0,2,2,0,2,0,0,0,0,4
73743,aad_andalucia,,3,0,3,3,0,3,0,0,0,0,4
73745,termalismoand,,4,0,4,4,0,4,0,0,0,0,4
73746,AsBAn_,,2,0,2,2,0,2,0,0,0,0,4
73747,eandalucia,,3,0,3,3,0,3,0,0,0,0,4
73748,apcnet,,2,0,2,2,0,2,0,0,0,0,4
73750,ASECAN__,,3,0,3,3,0,3,0,0,0,0,4
73752,ivancofrade84,,2,0,2,2,0,2,0,0,0,0,4
73761,Retama1,,2,0,2,2,0,2,0,0,0,0,4
73764,adius_sevilla,,2,0,2,2,0,2,0,0,0,0,4
73767,aspo_sevilla,,2,0,2,2,0,2,0,0,0,0,4
73768,BCTAngeles,,2,0,2,2,0,2,0,0,0,0,4
73771,chusazor,,2,0,2,2,0,2,0,0,0,0,4
73773,rafarogue,,3,0,3,3,0,3,0,0,0,0,4
73777,AEDISevilla,,2,0,2,2,0,2,0,0,0,0,4
73781,ASECriminologia,,2,0,2,2,0,2,0,0,0,0,4
73786,adigital_org,,3,0,3,3,0,3,0,0,0,0,4
73791,andalucialgbt,,2,0,2,2,0,2,0,0,0,0,4
73797,FEDDI_DI,,2,0,2,2,0,2,0,0,0,0,4
73801,solucionesong,,3,0,3,3,0,3,0,0,0,0,4
73813,davide_strangis,,2,0,2,2,0,2,0,0,0,0,1
73817,AndrejPlenkovic,,2,0,2,2,0,2,0,0,0,0,1
73825,CDSClaudia1,,2,0,2,2,0,2,0,0,0,0,1
73828,Umbria24,,2,0,2,2,0,2,0,0,0,0,7
73833,RegioneUmbria,,2,0,2,2,0,2,0,0,0,0,3
73836,Alitalia,,4,0,4,4,0,4,0,0,0,0,3
73845,AACSBschools,,2,0,2,2,0,2,0,0,0,0,1
73846,AACSB,,2,0,2,2,0,2,0,0,0,0,1
73848,Vlerick,,2,0,2,2,0,2,0,0,0,0,1
73851,EUSALP,,2,0,2,2,0,2,0,0,0,0,1
73857,RegioneLazio,,2,0,2,2,0,2,0,0,0,0,3
73858,LazioInnova,,2,0,2,2,0,2,0,0,0,0,3
73859,FlorindaFiamma,,2,0,2,2,0,2,0,0,0,0,3
73869,PORCreOToscana,,2,0,2,2,0,2,0,0,0,0,3
73871,EURACTIVItalia,,3,0,3,3,0,3,0,0,0,0,1
73877,ewejel,,2,0,2,2,0,2,0,0,0,0,1
73881,ENCATC,,2,0,2,2,0,2,0,0,0,0,1
73883,EFAfestivals,,2,0,2,2,0,2,0,0,0,0,1
73904,OldCo_Gauthier,,2,0,2,2,0,2,0,0,0,0,1
73910,SKeersmaecker,,2,0,2,2,0,2,0,0,0,0,1
73914,minimaetmoralia,,2,0,2,2,0,2,0,0,0,0,3
73916,00doppiozero,,2,0,2,2,0,2,0,0,0,0,3
73917,lavoroculturale,,3,0,3,3,0,3,0,0,0,0,3
73920,IMC_CPMR,,2,0,2,2,0,2,0,0,0,0,1
73927,BrusselsLife,,3,0,3,3,0,3,0,0,0,0,2
73929,EU_ELA,,2,0,2,2,0,2,0,0,0,0,1
73933,actforculture,,3,0,3,3,0,3,0,0,0,0,1
73946,CorriereBN,,2,0,2,2,0,2,0,0,0,0,3
73949,ascuoladioc,,2,0,2,2,0,2,0,0,0,0,1
73956,RSF_inter,,2,0,2,2,0,2,0,0,0,0,1
73957,ProSyn,,3,0,3,3,0,3,0,0,0,0,6
73958,F2Bruxelles,,3,0,3,3,0,3,0,0,0,0,1
73963,JimmyJamar,,3,0,3,3,0,3,0,0,0,0,1
73964,fogliafrancesco,,2,0,2,2,0,2,0,0,0,0,2
73973,TheTweetOfGod,,3,0,3,3,0,3,0,0,0,0,2
73975,manufrann,,2,0,2,2,0,2,0,0,0,0,1
73976,doonie,,2,0,2,2,0,2,0,0,0,0,3
73978,alexekkelenkamp,,2,0,2,2,0,2,0,0,0,0,1
73981,eastwestEU,,2,0,2,2,0,2,0,0,0,0,3
73984,IC_Bruselas,,3,0,3,3,0,3,0,0,0,0,4
73985,MariaMercromina,,2,0,2,2,0,2,0,0,0,0,0
73987,EUNIC_Brussels,,2,0,2,2,0,2,0,0,0,0,2
73991,ICPDR_ORG,,2,0,2,2,0,2,0,0,0,0,1
73995,RossellaMuroni,,2,0,2,2,0,2,0,0,0,0,3
73996,euronewspress,,2,0,2,2,0,2,0,0,0,0,1
73997,IJegouzo,,2,0,2,2,0,2,0,0,0,0,1
74004,europhonica,,3,0,3,3,0,3,0,0,0,0,1
74006,emir_kir,,2,0,2,2,0,2,0,0,0,0,1
74009,moylato,,2,0,2,2,0,2,0,0,0,0,1
74010,ESF_Ireland,,2,0,2,2,0,2,0,0,0,0,1
74014,PdToscana,,2,0,2,2,0,2,0,0,0,0,3
74018,FeliceFlorio,,2,0,2,2,0,2,0,0,0,0,0
74021,MobirisFr,,2,0,2,2,0,2,0,0,0,0,1
74022,VilleBruxelles,,2,0,2,2,0,2,0,0,0,0,1
74024,clear_europe,,2,0,2,2,0,2,0,0,0,0,1
74027,politicsawards,,2,0,2,2,0,2,0,0,0,0,7
74031,eu_mayor,,2,0,2,2,0,2,0,0,0,0,1
74043,CatherineDVries,,2,0,2,2,0,2,0,0,0,0,1
74058,MonicaBarni1,,3,0,3,3,0,3,0,0,0,0,3
74063,MariTriniGiner,,3,0,3,3,0,3,0,0,0,0,1
74071,EuropeanVoices,,2,0,2,2,0,2,0,0,0,0,3
74078,enricopetro,,2,0,2,2,0,2,0,0,0,0,1
74079,rbc_bhg,,2,0,2,2,0,2,0,0,0,0,1
74080,visitbrussels,,3,0,3,3,0,3,0,0,0,0,1
74084,EBrivioEU,,2,0,2,2,0,2,0,0,0,0,1
74088,glsiviero,,2,0,2,2,0,2,0,0,0,0,3
74101,mobilevikingsBE,,2,0,2,2,0,2,0,0,0,0,2
74107,GrahameLucas,,2,0,2,2,0,2,0,0,0,0,3
74114,SouthBaltic,,2,0,2,2,0,2,0,0,0,0,1
74146,iversity,,3,0,3,3,0,3,0,0,0,0,1
74147,phcouillard,,2,0,2,2,0,2,0,0,0,0,1
74150,NathalieLoiseau,,2,0,2,2,0,2,0,0,0,0,1
74151,EuropeenFrance,,3,0,3,3,0,3,0,0,0,0,1
74157,BGPermRepEU,,2,0,2,2,0,2,0,0,0,0,2
74158,jacopobarigazzi,,2,0,2,2,0,2,0,0,0,0,1
74165,jobseuropenet,,2,0,2,2,0,2,0,0,0,0,1
74170,eirininiko,,2,0,2,2,0,2,0,0,0,0,2
74172,saltoparticipat,,3,0,3,3,0,3,0,0,0,0,1
74180,YGLvoices,,3,0,3,3,0,3,0,0,0,0,1
74187,FusacchiA,,3,0,3,3,0,3,0,0,0,0,3
74193,Natalia_Kurop,,2,0,2,2,0,2,0,0,0,0,2
74195,EuroBrussels,,2,0,2,2,0,2,0,0,0,0,1
74212,ConstanzeKrehl,,2,0,2,2,0,2,0,0,0,0,1
74215,BaldiniCastoldi,,2,0,2,2,0,2,0,0,0,0,3
74219,lanavediteseoed,,2,0,2,2,0,2,0,0,0,0,3
74221,NicolaLagioia,,2,0,2,2,0,2,0,0,0,0,3
74222,orizzontescuola,,3,0,3,3,0,3,0,0,0,0,3
74231,UniLUISS,,3,0,3,3,0,3,0,0,0,0,1
74233,CoR_President,,3,0,3,3,0,3,0,0,0,0,1
74235,VanberghenEU,,3,0,3,3,0,3,0,0,0,0,3
74246,EcoCraigJones,,2,0,2,2,0,2,0,0,0,0,1
74247,Alex_Verbeek,,2,0,2,2,0,2,0,0,0,0,1
74250,JAppliedEcology,,2,0,2,2,0,2,0,0,0,0,1
74251,Euroregion_ERB,,2,0,2,2,0,2,0,0,0,0,1
74254,ICF,,2,0,2,2,0,2,0,0,0,0,5
74267,DietmarPichler1,,3,0,3,3,0,3,0,0,0,0,2
74268,CTPPOCTEFA,,2,0,2,2,0,2,0,0,0,0,1
74272,kickstarter,,3,0,3,3,0,3,0,0,0,0,2
74279,MarMarechal,,2,0,2,2,0,2,0,0,0,0,1
74280,MAI_brussels,,2,0,2,2,0,2,0,0,0,0,1
74286,TOABerlin,,2,0,2,2,0,2,0,0,0,0,1
74289,CooperationDay,,2,0,2,2,0,2,0,0,0,0,1
74297,wizzair,,2,0,2,2,0,2,0,0,0,0,2
74314,ECITFound,,2,0,2,2,0,2,0,0,0,0,1
74321,gminguzzi,,3,0,3,3,0,3,0,0,0,0,3
74322,DonneLeader,,2,0,2,2,0,2,0,0,0,0,3
74323,Cnajep,,2,0,2,2,0,2,0,0,0,0,1
74324,curlyP,,3,0,3,3,0,3,0,0,0,0,1
74325,johannanyman,,3,0,3,3,0,3,0,0,0,0,1
74326,ForzaEU,,2,0,2,2,0,2,0,0,0,0,3
74328,DespinaSpanou,,2,0,2,2,0,2,0,0,0,0,1
74330,simonsinek,,2,0,2,2,0,2,0,0,0,0,4
74335,SouthernAssembl,,2,0,2,2,0,2,0,0,0,0,1
74336,ThierryLabro,,2,0,2,2,0,2,0,0,0,0,8
74358,trtworld,,2,0,2,2,0,2,0,0,0,0,2
74362,nicolas_beaupre,,2,0,2,2,0,2,0,0,0,0,1
74370,EPHconference,,2,0,2,2,0,2,0,0,0,0,2
74371,EUPHActs,,2,0,2,2,0,2,0,0,0,0,2
74372,CitesUniesFR,,3,0,3,3,0,3,0,0,0,0,1
74375,VITAnonprofit,,3,0,3,3,0,3,0,0,0,0,3
74378,Cesvot,,2,0,2,2,0,2,0,0,0,0,3
74383,VolontariatOggi,,3,0,3,3,0,3,0,0,0,0,3
74388,BM_Afrique,,2,0,2,2,0,2,0,0,0,0,1
74393,Banquemondiale,,3,0,3,3,0,3,0,0,0,0,1
74394,UNESCO_fr,,3,0,3,3,0,3,0,0,0,0,1
74397,pnudfr,,2,0,2,2,0,2,0,0,0,0,1
74400,Edukap1,,2,0,2,2,0,2,0,0,0,0,1
74401,InsideMarketing,,3,0,3,3,0,3,0,0,0,0,3
74410,oneplus,,3,0,3,3,0,3,0,0,0,0,6
74418,Ehopital,,2,0,2,2,0,2,0,0,0,0,8
74427,AndreyNovakov,,2,0,2,2,0,2,0,0,0,0,1
74435,TICsante,,2,0,2,2,0,2,0,0,0,0,8
74438,unitait,,2,0,2,2,0,2,0,0,0,0,3
74443,TwitItalia,,3,0,3,3,0,3,0,0,0,0,3
74447,YouReporter,,3,0,3,3,0,3,0,0,0,0,3
74448,mattinodinapoli,,3,0,3,3,0,3,0,0,0,0,3
74449,immaginaweb,,3,0,3,3,0,3,0,0,0,0,3
74450,Affaritaliani,,3,0,3,3,0,3,0,0,0,0,3
74451,RitaBorsellino,,2,0,2,2,0,2,0,0,0,0,3
74452,RegioneER,,2,0,2,2,0,2,0,0,0,0,7
74453,DonAndreaGallo,,3,0,3,3,0,3,0,0,0,0,3
74454,thegoodlobbyit,,2,0,2,2,0,2,0,0,0,0,3
74455,GruppoAbele,,2,0,2,2,0,2,0,0,0,0,3
74458,Sbilanciamoci,,2,0,2,2,0,2,0,0,0,0,3
74463,corrmezzogiorno,,3,0,3,3,0,3,0,0,0,0,3
74468,ArciNazionale,,2,0,2,2,0,2,0,0,0,0,3
74471,askanews_next,,3,0,3,3,0,3,0,0,0,0,3
74479,comunebologna,,3,0,3,3,0,3,0,0,0,0,3
74494,ItalyinUS,,2,0,2,2,0,2,0,0,0,0,1
74497,formichenews,,3,0,3,3,0,3,0,0,0,0,3
74500,EsercitoCrucian,,2,0,2,2,0,2,0,0,0,0,3
74503,EuranetplusR24,,3,0,3,3,0,3,0,0,0,0,3
74506,Tommasolabate,,3,0,3,3,0,3,0,0,0,0,3
74510,giucruciani,,3,0,3,3,0,3,0,0,0,0,3
74514,Aspeniaonline,,2,0,2,2,0,2,0,0,0,0,3
74516,Euricse,,2,0,2,2,0,2,0,0,0,0,1
74519,Maumol,,2,0,2,2,0,2,0,0,0,0,3
74521,CafeGeopolitico,,2,0,2,2,0,2,0,0,0,0,3
74522,BerlinPhil,,2,0,2,2,0,2,0,0,0,0,0
74524,MeltingPotEU,,2,0,2,2,0,2,0,0,0,0,3
74527,visitberlin,,2,0,2,2,0,2,0,0,0,0,1
74536,soriano_p,,2,0,2,2,0,2,0,0,0,0,0
74541,LEOInnoFR,,2,0,2,2,0,2,0,0,0,0,8
74551,nicolescu,,2,0,2,2,0,2,0,0,0,0,1
74562,to_sicily,,2,0,2,2,0,2,0,0,0,0,0
74565,ProgettoRENA,,2,0,2,2,0,2,0,0,0,0,3
74566,MEF_GOV,,2,0,2,2,0,2,0,0,0,0,3
74573,juliegirling,,2,0,2,2,0,2,0,0,0,0,1
74580,ArfeAebr,,2,0,2,2,0,2,0,0,0,0,1
74588,AdaptiveCities,,2,0,2,2,0,2,0,0,0,0,1
74590,DurandOphelie,,2,0,2,2,0,2,0,0,0,0,1
74594,Albertonotts,,2,0,2,2,0,2,0,0,0,0,4
74595,igperugia,,2,0,2,2,0,2,0,0,0,0,1
74599,Demain_la_Ville,,2,0,2,2,0,2,0,0,0,0,1
74602,Ville_gouv,,2,0,2,2,0,2,0,0,0,0,1
74609,Julien_Constant,,2,0,2,2,0,2,0,0,0,0,8
74611,Madeira,,2,0,2,2,0,2,0,0,0,0,7
74618,FranceOtv,,2,0,2,2,0,2,0,0,0,0,6
74645,GabrielMatoA,,2,0,2,2,0,2,0,0,0,0,2
74667,BalticInstitute,,2,0,2,2,0,2,0,0,0,0,1
74670,AlpClusters2020,,2,0,2,2,0,2,0,0,0,0,1
74672,Smart_Europe,,2,0,2,2,0,2,0,0,0,0,1
74676,InterregALCOTRA,,2,0,2,2,0,2,0,0,0,0,1
74680,KremlinRussia_E,,3,0,3,3,0,3,0,0,0,0,1
74682,Etalab,,3,0,3,3,0,3,0,0,0,0,1
74683,OECD_Pubs,,2,0,2,2,0,2,0,0,0,0,1
74686,CornwallEDIC,,3,0,3,3,0,3,0,0,0,0,1
74687,EuronetPZ,,3,0,3,3,0,3,0,0,0,0,1
74690,EuropeLotetGaro,,2,0,2,2,0,2,0,0,0,0,1
74692,EuropeDirectLim,,2,0,2,2,0,2,0,0,0,0,1
74693,eudirect,,4,0,4,4,0,4,0,0,0,0,1
74694,RenewEuropeCoR,,2,0,2,2,0,2,0,0,0,0,0
74695,INTERREG_NWE,,2,0,2,2,0,2,0,0,0,0,1
74696,InterregCE,,2,0,2,2,0,2,0,0,0,0,1
74697,etc_interreg,,2,0,2,2,0,2,0,0,0,0,1
74702,anap_sante,,2,0,2,2,0,2,0,0,0,0,8
74717,InterregFWVL,,2,0,2,2,0,2,0,0,0,0,1
74732,ricpuglisi,,2,0,2,2,0,2,0,0,0,0,3
74735,Quintiles,,2,0,2,2,0,2,0,0,0,0,5
74740,lsarsour,,2,0,2,2,0,2,0,0,0,0,5
74744,HBSAlumni,,2,0,2,2,0,2,0,0,0,0,0
74749,Adel__Mebarki,,2,0,2,2,0,2,0,0,0,0,8
74785,reseauMOT,,2,0,2,2,0,2,0,0,0,0,1
74786,SocialnetAEBR,,2,0,2,2,0,2,0,0,0,0,1
74791,paolovaccaUEF,,2,0,2,2,0,2,0,0,0,0,1
74792,PolizeiBerlin_E,,2,0,2,2,0,2,0,0,0,0,2
74795,sup_recherche,,3,0,3,3,0,3,0,0,0,0,1
74796,HAS_sante,,2,0,2,2,0,2,0,0,0,0,8
74798,MinSoliSante,,2,0,2,2,0,2,0,0,0,0,6
74818,aisMarketing,,2,0,2,2,0,2,0,0,0,0,3
74831,DellTechItaly,,2,0,2,2,0,2,0,0,0,0,3
74836,elsan,,2,0,2,2,0,2,0,0,0,0,0
74838,laFHF,,2,0,2,2,0,2,0,0,0,0,8
74850,luciadgz,,2,0,2,2,0,2,0,0,0,0,1
74856,insidEUROPE,,2,0,2,2,0,2,0,0,0,0,1
74867,Medscape,,2,0,2,2,0,2,0,0,0,0,1
74870,rfsc_eu,,2,0,2,2,0,2,0,0,0,0,1
74874,dbpedia,,2,0,2,2,0,2,0,0,0,0,3
74877,Abruzzo_Emo,,2,0,2,2,0,2,0,0,0,0,3
74896,CMichaelGibson,,2,0,2,2,0,2,0,0,0,0,2
74904,MICBRUSSELS,,3,0,3,3,0,3,0,0,0,0,1
74909,ConfDigitale,,2,0,2,2,0,2,0,0,0,0,3
74910,anitecassinform,,2,0,2,2,0,2,0,0,0,0,3
74913,Labiotech_eu,,2,0,2,2,0,2,0,0,0,0,0
74914,carlosdemoreno,,3,0,3,3,0,3,0,0,0,0,0
74925,JorgeSanLo,,2,0,2,2,0,2,0,0,0,0,0
74930,health20Paris,,2,0,2,2,0,2,0,0,0,0,8
74943,CInnovation,,2,0,2,2,0,2,0,0,0,0,1
74945,SmartCityexpo,,3,0,3,3,0,3,0,0,0,0,1
74946,MWCapital,,3,0,3,3,0,3,0,0,0,0,0
74958,BusinessOulu_,,2,0,2,2,0,2,0,0,0,0,1
74961,tuvienna,,3,0,3,3,0,3,0,0,0,0,1
74983,Guillaume_Mercy,,2,0,2,2,0,2,0,0,0,0,8
74987,RoboticsEU,,2,0,2,2,0,2,0,0,0,0,1
74998,ZDoggMD,,2,0,2,2,0,2,0,0,0,0,2
75001,IBM,,3,0,3,3,0,3,0,0,0,0,0
75011,Wolters_Kluwer,,2,0,2,2,0,2,0,0,0,0,3
75015,Blanquerna,,4,0,4,4,0,4,0,0,0,0,3
75070,acteursdesante,,2,0,2,2,0,2,0,0,0,0,8
75071,TheConnectedMag,,2,0,2,2,0,2,0,0,0,0,8
75073,EJOnews,,2,0,2,2,0,2,0,0,0,0,0
75074,TechNativeWire,,2,0,2,2,0,2,0,0,0,0,1
75079,UnivEsante,,3,0,3,3,0,3,0,0,0,0,1
75080,digital4care,,2,0,2,2,0,2,0,0,0,0,8
75101,singularityhub,,2,0,2,2,0,2,0,0,0,0,2
75102,singularityu,,2,0,2,2,0,2,0,0,0,0,0
75112,eavilagomez,,2,0,2,2,0,2,0,0,0,0,0
75115,chemaalonso,,3,0,3,3,0,3,0,0,0,0,8
75125,MPallage,,2,0,2,2,0,2,0,0,0,0,1
75144,CnecEs,,2,0,2,2,0,2,0,0,0,0,0
75158,nutanix,,2,0,2,2,0,2,0,0,0,0,6
75159,ChukaUmunna,,3,0,3,3,0,3,0,0,0,0,1
75165,NicolasBrookes,,2,0,2,2,0,2,0,0,0,0,1
75166,VMware,,2,0,2,2,0,2,0,0,0,0,0
75173,FestiComSante,,2,0,2,2,0,2,0,0,0,0,8
75177,smiufficiale,,3,0,3,3,0,3,0,0,0,0,3
75180,EngineeringSpa,,2,0,2,2,0,2,0,0,0,0,3
75198,jaime_delbarrio,,2,0,2,2,0,2,0,0,0,0,0
75199,ATTHelp,,2,0,2,2,0,2,0,0,0,0,1
75200,ATT,,3,0,3,3,0,3,0,0,0,0,7
75215,enisa_eu,,3,0,3,3,0,3,0,0,0,0,3
75216,UpGuard,,2,0,2,2,0,2,0,0,0,0,8
75222,TechedgeEs,,2,0,2,2,0,2,0,0,0,0,6
75223,Nomadways,,2,0,2,2,0,2,0,0,0,0,3
75225,Simonedantonio,,2,0,2,2,0,2,0,0,0,0,1
75232,polycareproject,,2,0,2,2,0,2,0,0,0,0,8
75243,shailenewoodley,,3,0,3,3,0,3,0,0,0,0,2
75244,RefugeesMedia,,2,0,2,2,0,2,0,0,0,0,3
75245,jeremic_vuk,,3,0,3,3,0,3,0,0,0,0,1
75257,mikeokhravi,,2,0,2,2,0,2,0,0,0,0,7
75261,ContinuumPharma,,2,0,2,2,0,2,0,0,0,0,8
75263,WikimediaItalia,,2,0,2,2,0,2,0,0,0,0,3
75273,LionelREICHARDT,,2,0,2,2,0,2,0,0,0,0,8
75274,hcsmeufr,,2,0,2,2,0,2,0,0,0,0,8
75286,DrRodRohrich,,2,0,2,2,0,2,0,0,0,0,1
75295,IICToronto,,2,0,2,2,0,2,0,0,0,0,1
75307,IICLisbona,,2,0,2,2,0,2,0,0,0,0,7
75309,Treccani,,3,0,3,3,0,3,0,0,0,0,3
75312,reuters_italia,,4,0,4,4,0,4,0,0,0,0,3
75314,beni_culturali,,3,0,3,3,0,3,0,0,0,0,3
75315,iicedimburgo,,2,0,2,2,0,2,0,0,0,0,3
75316,cooperazione_it,,3,0,3,3,0,3,0,0,0,0,3
75328,LPJofficiel,,3,0,3,3,0,3,0,0,0,0,1
75329,DrRosena,,2,0,2,2,0,2,0,0,0,0,2
75344,MSF_Sea,,2,0,2,2,0,2,0,0,0,0,4
75349,frenchweb,,3,0,3,3,0,3,0,0,0,0,1
75352,IoStoConLaSposa,,2,0,2,2,0,2,0,0,0,0,3
75358,stefanbuttigieg,,2,0,2,2,0,2,0,0,0,0,1
75365,OuluHealth,,2,0,2,2,0,2,0,0,0,0,1
75368,performbetter,,2,0,2,2,0,2,0,0,0,0,6
75372,FireEye,,2,0,2,2,0,2,0,0,0,0,2
75374,Imperva,,2,0,2,2,0,2,0,0,0,0,3
75387,RehmanSid,,2,0,2,2,0,2,0,0,0,0,3
75392,LUsineDigitale,,2,0,2,2,0,2,0,0,0,0,8
75399,BitkomResearch,,2,0,2,2,0,2,0,0,0,0,7
75400,EITO_Research,,2,0,2,2,0,2,0,0,0,0,3
75401,soundreef,,2,0,2,2,0,2,0,0,0,0,3
75403,LenniMontiel,,3,0,3,3,0,3,0,0,0,0,2
75406,GiaDominici,,2,0,2,2,0,2,0,0,0,0,3
75425,CyberSecMonth,,2,0,2,2,0,2,0,0,0,0,1
75433,john_s_higgins,,2,0,2,2,0,2,0,0,0,0,1
75440,EC3Europol,,2,0,2,2,0,2,0,0,0,0,3
75442,cyber,,2,0,2,2,0,2,0,0,0,0,8
75444,ufirst_U1,,2,0,2,2,0,2,0,0,0,0,3
75445,BoschGlobal,,2,0,2,2,0,2,0,0,0,0,3
75453,Atos,,2,0,2,2,0,2,0,0,0,0,0
75460,channeldraw,,2,0,2,2,0,2,0,0,0,0,1
75476,IMI_JU,,2,0,2,2,0,2,0,0,0,0,1
75480,ConversationEDU,,3,0,3,3,0,3,0,0,0,0,4
75481,ConversationUK,,2,0,2,2,0,2,0,0,0,0,1
75483,s_chevrel,,2,0,2,2,0,2,0,0,0,0,8
75487,Dell,,3,0,3,3,0,3,0,0,0,0,0
75490,EIP_AHA,,2,0,2,2,0,2,0,0,0,0,1
75493,CEVIPOF,,2,0,2,2,0,2,0,0,0,0,1
75498,Numerama,,2,0,2,2,0,2,0,0,0,0,8
75500,EK_Hrvatska,,2,0,2,2,0,2,0,0,0,0,1
75505,eureporter,,2,0,2,2,0,2,0,0,0,0,2
75511,EWB_eu,,2,0,2,2,0,2,0,0,0,0,1
75512,ESI_eu,,3,0,3,3,0,3,0,0,0,0,1
75514,rccint,,2,0,2,2,0,2,0,0,0,0,1
75519,PolandMFA,,3,0,3,3,0,3,0,0,0,0,1
75525,EUauditors,,2,0,2,2,0,2,0,0,0,0,1
75536,AgidGov,,2,0,2,2,0,2,0,0,0,0,3
75537,DatiGovIT,,2,0,2,2,0,2,0,0,0,0,3
75539,BalcaniCaucaso,,2,0,2,2,0,2,0,0,0,0,3
75545,EPP_CoR,,3,0,3,3,0,3,0,0,0,0,1
75548,gazzema,,2,0,2,2,0,2,0,0,0,0,1
75554,RoyalSegolene,,2,0,2,2,0,2,0,0,0,0,1
75555,N_Hulot,,2,0,2,2,0,2,0,0,0,0,1
75559,SkafarPierre,,2,0,2,2,0,2,0,0,0,0,8
75561,EMA_News,,2,0,2,2,0,2,0,0,0,0,3
75562,SanteNumerique,,2,0,2,2,0,2,0,0,0,0,8
75563,rteston,,2,0,2,2,0,2,0,0,0,0,8
75564,esante_gouv_fr,,2,0,2,2,0,2,0,0,0,0,8
75565,NumeriqueSante,,2,0,2,2,0,2,0,0,0,0,8
75580,modrnhealthcr,,2,0,2,2,0,2,0,0,0,0,1
75581,IBMWatsonHealth,,2,0,2,2,0,2,0,0,0,0,2
75584,UpToDate,,2,0,2,2,0,2,0,0,0,0,6
75591,Iamsterdam,,3,0,3,3,0,3,0,0,0,0,2
75594,NerioAlessandri,,2,0,2,2,0,2,0,0,0,0,3
75598,HKW_Berlin,,2,0,2,2,0,2,0,0,0,0,1
75599,sfrantzman,,2,0,2,2,0,2,0,0,0,0,1
75602,AJENews,,3,0,3,3,0,3,0,0,0,0,2
75609,Poulin2012,,3,0,3,3,0,3,0,0,0,0,1
75629,ehealthnews,,2,0,2,2,0,2,0,0,0,0,1
75632,fleishmanEU,,3,0,3,3,0,3,0,0,0,0,1
75633,journalismfest,,2,0,2,2,0,2,0,0,0,0,0
75639,People4Bernie,,2,0,2,2,0,2,0,0,0,0,3
75642,Paris_and_Co,,3,0,3,3,0,3,0,0,0,0,7
75645,LaFrenchTech,,3,0,3,3,0,3,0,0,0,0,8
75648,NUMAparis,,2,0,2,2,0,2,0,0,0,0,1
75653,ParisHealthcare,,2,0,2,2,0,2,0,0,0,0,8
75656,startuphealth,,2,0,2,2,0,2,0,0,0,0,3
75657,QSanit,,2,0,2,2,0,2,0,0,0,0,3
75669,UNGlobalPulse,,2,0,2,2,0,2,0,0,0,0,1
75672,beisgovuk,,3,0,3,3,0,3,0,0,0,0,1
75676,meetcenter,,2,0,2,2,0,2,0,0,0,0,3
75677,nesta_uk,,3,0,3,3,0,3,0,0,0,0,2
75679,LSECities,,2,0,2,2,0,2,0,0,0,0,1
75681,RegionalStudies,,2,0,2,2,0,2,0,0,0,0,1
75682,regstud,,2,0,2,2,0,2,0,0,0,0,1
75684,BrusselsAirport,,3,0,3,3,0,3,0,0,0,0,2
75686,Refinery29,,3,0,3,3,0,3,0,0,0,0,2
75688,FlyingBrussels,,3,0,3,3,0,3,0,0,0,0,3
75690,YouthMetre,,3,0,3,3,0,3,0,0,0,0,1
75695,nytimeswell,,3,0,3,3,0,3,0,0,0,0,3
75698,HamiltonMusical,,2,0,2,2,0,2,0,0,0,0,0
75699,Lin_Manuel,,2,0,2,2,0,2,0,0,0,0,0
75703,gapingvoid,,2,0,2,2,0,2,0,0,0,0,2
75705,NYCMayor,,3,0,3,3,0,3,0,0,0,0,3
75712,eurocontrol,,3,0,3,3,0,3,0,0,0,0,1
75713,Int_IDEA,,2,0,2,2,0,2,0,0,0,0,1
75717,NicholasTyrone,,2,0,2,2,0,2,0,0,0,0,1
75721,jessphillips,,2,0,2,2,0,2,0,0,0,0,2
75722,ajplus,,3,0,3,3,0,3,0,0,0,0,3
75723,franifio,,2,0,2,2,0,2,0,0,0,0,5
75731,unipv,,4,0,4,4,0,4,0,0,0,0,1
75735,MichalBoni,,3,0,3,3,0,3,0,0,0,0,1
75737,peoplesvote_hq,,2,0,2,2,0,2,0,0,0,0,1
75738,WordPress,,3,0,3,3,0,3,0,0,0,0,8
75739,wordpressdotcom,,3,0,3,3,0,3,0,0,0,0,4
75741,europeinside,,2,0,2,2,0,2,0,0,0,0,6
75743,Umberto_Ecco,,2,0,2,2,0,2,0,0,0,0,3
75744,MalletJulien,,2,0,2,2,0,2,0,0,0,0,7
75746,cityembassies,,2,0,2,2,0,2,0,0,0,0,1
75748,terraeco,,2,0,2,2,0,2,0,0,0,0,1
75752,cdion,,2,0,2,2,0,2,0,0,0,0,8
75768,indeed,,3,0,3,3,0,3,0,0,0,0,8
75774,MarcoVallardi,,2,0,2,2,0,2,0,0,0,0,3
75775,RaffaeleBrogna,,3,0,3,3,0,3,0,0,0,0,3
75779,Geopoliticainfo,,2,0,2,2,0,2,0,0,0,0,3
75780,WLEnglishSchool,,2,0,2,2,0,2,0,0,0,0,5
75794,DiplomaRSE,,2,0,2,2,0,2,0,0,0,0,0
75795,HORASDESIGN,,3,0,3,3,0,3,0,0,0,0,3
75796,AEFSC,,2,0,2,2,0,2,0,0,0,0,1
75804,silviacambie,,2,0,2,2,0,2,0,0,0,0,1
75806,karounos,,2,0,2,2,0,2,0,0,0,0,1
75810,mathewlowry,,2,0,2,2,0,2,0,0,0,0,1
75820,MacarenaRG,,3,0,3,3,0,3,0,0,0,0,1
75821,lacomeuropeenne,,3,0,3,3,0,3,0,0,0,0,1
75822,franmcnulty,,2,0,2,2,0,2,0,0,0,0,1
75823,PedroTeich,,2,0,2,2,0,2,0,0,0,0,7
75830,quarsan,,2,0,2,2,0,2,0,0,0,0,1
75834,Brusselsness,,3,0,3,3,0,3,0,0,0,0,1
75838,Eurocentrique,,2,0,2,2,0,2,0,0,0,0,1
75841,bloggingportal,,3,0,3,3,0,3,0,0,0,0,1
75849,Contexte,,2,0,2,2,0,2,0,0,0,0,1
75850,TradeLandmark,,3,0,3,3,0,3,0,0,0,0,1
75864,vadderiVRT,,2,0,2,2,0,2,0,0,0,0,1
75866,bruxelles2,,2,0,2,2,0,2,0,0,0,0,1
75867,Brussels_PJ,,2,0,2,2,0,2,0,0,0,0,2
75868,cforissier,,2,0,2,2,0,2,0,0,0,0,1
75869,europasionaria,,3,0,3,3,0,3,0,0,0,0,1
75871,gavinhewitt01,,2,0,2,2,0,2,0,0,0,0,2
75872,MarieEmilia,,2,0,2,2,0,2,0,0,0,0,1
75875,gerenciaycambio,,3,0,3,3,0,3,0,0,0,0,4
75877,yassayari,,2,0,2,2,0,2,0,0,0,0,8
75883,RalfGrahn,,3,0,3,3,0,3,0,0,0,0,1
75884,BBCChrisMorris,,2,0,2,2,0,2,0,0,0,0,1
75889,cbarbiere,,2,0,2,2,0,2,0,0,0,0,1
75890,JFK_America,,2,0,2,2,0,2,0,0,0,0,1
75893,Rafacereceda,,2,0,2,2,0,2,0,0,0,0,2
75896,ronpatz,,2,0,2,2,0,2,0,0,0,0,1
75901,vihargg,,2,0,2,2,0,2,0,0,0,0,1
75902,Clemencerobin,,3,0,3,3,0,3,0,0,0,0,1
75906,JSLefebvre,,3,0,3,3,0,3,0,0,0,0,1
75918,CoolsKat,,2,0,2,2,0,2,0,0,0,0,1
75922,AntonLaGuardia,,3,0,3,3,0,3,0,0,0,0,1
75926,CSpillmann,,3,0,3,3,0,3,0,0,0,0,1
75927,TocquevilleNY,,2,0,2,2,0,2,0,0,0,0,2
75931,ar_gardner,,2,0,2,2,0,2,0,0,0,0,1
75932,Gulsum_ALAN,,2,0,2,2,0,2,0,0,0,0,2
75938,ettaspin,,2,0,2,2,0,2,0,0,0,0,1
75939,StefanoFeltri,,3,0,3,3,0,3,0,0,0,0,3
75945,PascalVerdeau,,3,0,3,3,0,3,0,0,0,0,1
75946,StephenFidler1,,2,0,2,2,0,2,0,0,0,0,1
75947,apibrussels,,2,0,2,2,0,2,0,0,0,0,1
75953,nicholashirst_,,2,0,2,2,0,2,0,0,0,0,1
75958,EUROPOLITICS_sa,,3,0,3,3,0,3,0,0,0,0,1
75963,NoelDominique,,2,0,2,2,0,2,0,0,0,0,8
75967,CERI_SciencesPo,,2,0,2,2,0,2,0,0,0,0,1
75968,SciencesPo_CEE,,2,0,2,2,0,2,0,0,0,0,1
75976,Socialter,,2,0,2,2,0,2,0,0,0,0,1
75990,HFA,,2,0,2,2,0,2,0,0,0,0,3
75992,NIS_EU,,2,0,2,2,0,2,0,0,0,0,1
75993,J_Dijsselbloem,,3,0,3,3,0,3,0,0,0,0,1
75995,curziomaltesetw,,2,0,2,2,0,2,0,0,0,0,1
75996,najatvb,,3,0,3,3,0,3,0,0,0,0,1
75997,ChTaubira,,3,0,3,3,0,3,0,0,0,0,8
75998,manuelvalls,,3,0,3,3,0,3,0,0,0,0,1
75999,EUAlpineSpace,,2,0,2,2,0,2,0,0,0,0,1
76000,europeanregions,,3,0,3,3,0,3,0,0,0,0,1
76003,astroehlein,,3,0,3,3,0,3,0,0,0,0,1
76004,hrwdispatches,,3,0,3,3,0,3,0,0,0,0,2
76008,LibertiesEU,,2,0,2,2,0,2,0,0,0,0,3
76011,MyBlueEconomy,,2,0,2,2,0,2,0,0,0,0,1
76015,GeorgiGotev,,3,0,3,3,0,3,0,0,0,0,1
76016,ThatsEarth,,2,0,2,2,0,2,0,0,0,0,2
76018,eu_eipa,,2,0,2,2,0,2,0,0,0,0,1
76019,EarthPix,,3,0,3,3,0,3,0,0,0,0,4
76020,HistoryInPics,,2,0,2,2,0,2,0,0,0,0,2
76023,ARTEit,,2,0,2,2,0,2,0,0,0,0,3
76027,rossipresidente,,3,0,3,3,0,3,0,0,0,0,3
76028,ElisaIrlandese,,2,0,2,2,0,2,0,0,0,0,1
76029,simonjhix,,3,0,3,3,0,3,0,0,0,0,1
76033,MichaelleJeanF,,2,0,2,2,0,2,0,0,0,0,1
76034,TI_EU,,4,0,4,4,0,4,0,0,0,0,1
76036,SeanKellyMEP,,3,0,3,3,0,3,0,0,0,0,1
76046,IstitutoIsAG,,2,0,2,2,0,2,0,0,0,0,3
76047,eurasiarivista,,2,0,2,2,0,2,0,0,0,0,3
76048,be_British,,2,0,2,2,0,2,0,0,0,0,1
76053,RegionsJob,,2,0,2,2,0,2,0,0,0,0,1
76060,Frontex,,2,0,2,2,0,2,0,0,0,0,1
76064,eHealthWeekEU,,3,0,3,3,0,3,0,0,0,0,1
76079,EP_PresSchulz,,3,0,3,3,0,3,0,0,0,0,1
76081,JHillEU,,2,0,2,2,0,2,0,0,0,0,1
76084,harlemdesir,,2,0,2,2,0,2,0,0,0,0,1
76087,mercedesbresso,,2,0,2,2,0,2,0,0,0,0,1
76088,MZZRS,,2,0,2,2,0,2,0,0,0,0,1
76089,Med_Affairs,,2,0,2,2,0,2,0,0,0,0,3
76093,Europol,,3,0,3,3,0,3,0,0,0,0,3
76097,JoannaMaycock,,3,0,3,3,0,3,0,0,0,0,1
76099,addthis,,4,0,4,4,0,4,0,0,0,0,3
76102,policefederale,,2,0,2,2,0,2,0,0,0,0,1
76106,coenatolin,,3,0,3,3,0,3,0,0,0,0,1
76110,jakubadamEU,,2,0,2,2,0,2,0,0,0,0,1
76127,EUExpo2015,,3,0,3,3,0,3,0,0,0,0,1
76128,EPHA_EU,,2,0,2,2,0,2,0,0,0,0,1
76129,HealthierGen,,2,0,2,2,0,2,0,0,0,0,1
76136,Sport_England,,3,0,3,3,0,3,0,0,0,0,2
76140,SportandCitizen,,3,0,3,3,0,3,0,0,0,0,1
76142,ISCA_tweet,,2,0,2,2,0,2,0,0,0,0,1
76143,FlT_MOTIVATION,,2,0,2,2,0,2,0,0,0,0,1
76145,TheScope,,2,0,2,2,0,2,0,0,0,0,1
76147,StanLou4,,2,0,2,2,0,2,0,0,0,0,2
76148,abcsoka,,2,0,2,2,0,2,0,0,0,0,5
76149,chris_pyak,,2,0,2,2,0,2,0,0,0,0,1
76150,mindbodygreen,,2,0,2,2,0,2,0,0,0,0,2
76160,HISTORY,,3,0,3,3,0,3,0,0,0,0,2
76161,WTOPublications,,2,0,2,2,0,2,0,0,0,0,1
76165,PossibileIt,,2,0,2,2,0,2,0,0,0,0,3
76170,Solidays,,2,0,2,2,0,2,0,0,0,0,6
76171,thesundaytimes,,3,0,3,3,0,3,0,0,0,0,1
76174,DataNowEU,,2,0,2,2,0,2,0,0,0,0,1
76175,CONTROLACRISI,,2,0,2,2,0,2,0,0,0,0,3
76177,limesonline,,3,0,3,3,0,3,0,0,0,0,3
76180,PureGym,,2,0,2,2,0,2,0,0,0,0,2
76185,runnersworld,,2,0,2,2,0,2,0,0,0,0,1
76190,AFP,,3,0,3,3,0,3,0,0,0,0,8
76191,MatadorNetwork,,3,0,3,3,0,3,0,0,0,0,7
76192,valentinapop,,2,0,2,2,0,2,0,0,0,0,1
76193,AmnestyEU,,2,0,2,2,0,2,0,0,0,0,1
76195,EUregistry,,2,0,2,2,0,2,0,0,0,0,1
76196,EUSDR,,2,0,2,2,0,2,0,0,0,0,1
76197,GermanyinGreece,,3,0,3,3,0,3,0,0,0,0,1
76198,britinfluence,,2,0,2,2,0,2,0,0,0,0,1
76199,CFR_org,,3,0,3,3,0,3,0,0,0,0,1
76203,ChElm,,2,0,2,2,0,2,0,0,0,0,1
76205,IABEurope,,2,0,2,2,0,2,0,0,0,0,1
76212,unpublications,,3,0,3,3,0,3,0,0,0,0,1
76213,Repub_stagisti,,3,0,3,3,0,3,0,0,0,0,1
76217,CostHermanin,,2,0,2,2,0,2,0,0,0,0,3
76218,eurodad,,2,0,2,2,0,2,0,0,0,0,1
76219,CFEP_EU,,2,0,2,2,0,2,0,0,0,0,3
76228,PDUrope,,3,0,3,3,0,3,0,0,0,0,1
76232,kbuzaljko,,3,0,3,3,0,3,0,0,0,0,1
76240,GiovaniBxl,,4,0,4,4,0,4,0,0,0,0,1
76241,ktowens,,2,0,2,2,0,2,0,0,0,0,1
76242,gspinaci,,2,0,2,2,0,2,0,0,0,0,1
76247,OpenSocietyJobs,,2,0,2,2,0,2,0,0,0,0,2
76248,EuropeDunkerque,,3,0,3,3,0,3,0,0,0,0,1
76251,CareerArc,,3,0,3,3,0,3,0,0,0,0,4
76252,CareerBuilder,,3,0,3,3,0,3,0,0,0,0,8
76253,Monster,,3,0,3,3,0,3,0,0,0,0,8
76254,Careers_Intl,,3,0,3,3,0,3,0,0,0,0,6
76255,porcarorama,,3,0,3,3,0,3,0,0,0,0,1
76256,VoteWatchEurope,,3,0,3,3,0,3,0,0,0,0,1
76257,FedericoTaddia,,3,0,3,3,0,3,0,0,0,0,1
76259,atsipras,,3,0,3,3,0,3,0,0,0,0,1
76260,LaZanzaraR24,,3,0,3,3,0,3,0,0,0,0,3
76261,liberainfo,,2,0,2,2,0,2,0,0,0,0,1
76262,Addiopizzo,,2,0,2,2,0,2,0,0,0,0,3
76266,leadarise,,2,0,2,2,0,2,0,0,0,0,1
76268,shirinwheelerEU,,3,0,3,3,0,3,0,0,0,0,1
76269,opengovpart,,2,0,2,2,0,2,0,0,0,0,3
76270,OKFN,,2,0,2,2,0,2,0,0,0,0,3
76274,jplusplus_,,2,0,2,2,0,2,0,0,0,0,1
76276,AlbertoCairo,,2,0,2,2,0,2,0,0,0,0,0
76278,WindEurope,,3,0,3,3,0,3,0,0,0,0,5
76279,europeanleft,,3,0,3,3,0,3,0,0,0,0,1
76280,tsipras_eu,,3,0,3,3,0,3,0,0,0,0,1
76287,iamianami,,3,0,3,3,0,3,0,0,0,0,1
76288,MyN_EU,,2,0,2,2,0,2,0,0,0,0,1
76290,AuraSalla,,2,0,2,2,0,2,0,0,0,0,1
76292,MedMaritimeProj,,2,0,2,2,0,2,0,0,0,0,1
76294,citizen_e,,3,0,3,3,0,3,0,0,0,0,1
76303,tpi,,3,0,3,3,0,3,0,0,0,0,1
76306,ONUFemmes,,2,0,2,2,0,2,0,0,0,0,1
76308,SenatoreMonti,,3,0,3,3,0,3,0,0,0,0,3
76309,BarbaraGSerra,,2,0,2,2,0,2,0,0,0,0,3
76310,straneuropa,,2,0,2,2,0,2,0,0,0,0,3
76320,SoniaAlfano,,3,0,3,3,0,3,0,0,0,0,3
76321,LSEEurocrisis,,2,0,2,2,0,2,0,0,0,0,1
76322,LSEpoliticsblog,,3,0,3,3,0,3,0,0,0,0,2
76323,LSEEuroppblog,,3,0,3,3,0,3,0,0,0,0,1
76324,LSEReviewBooks,,3,0,3,3,0,3,0,0,0,0,2
76327,ceciliasala,,2,0,2,2,0,2,0,0,0,0,3
76331,APCOBXLInsider,,3,0,3,3,0,3,0,0,0,0,1
76334,JVEeurope,,3,0,3,3,0,3,0,0,0,0,1
76335,ateliereurope,,3,0,3,3,0,3,0,0,0,0,1
76340,rivistaeuropae,,2,0,2,2,0,2,0,0,0,0,1
76343,AGCsegreteria,,4,0,4,4,0,4,0,0,0,0,1
76360,geometrablog,,2,0,2,2,0,2,0,0,0,0,1
76362,BESTEP_Asia,,2,0,2,2,0,2,0,0,0,0,2
76366,Mt_Cae,,2,0,2,2,0,2,0,0,0,0,1
76368,ninadobrev,,4,0,4,4,0,4,0,0,0,0,2
76373,juno7,,2,0,2,2,0,2,0,0,0,0,3
76374,planetmoney,,2,0,2,2,0,2,0,0,0,0,3
76375,TheIdlersPA,,2,0,2,2,0,2,0,0,0,0,3
76376,UNinSouthAfrica,,2,0,2,2,0,2,0,0,0,0,2
76381,EurAlmanac,,2,0,2,2,0,2,0,0,0,0,1
76387,BeBMareindaco,,2,0,2,2,0,2,0,0,0,0,3
76391,ispionline,,2,0,2,2,0,2,0,0,0,0,3
76392,OfficialHIMYM,,3,0,3,3,0,3,0,0,0,0,3
76394,TripAdvisor,,5,0,5,5,0,5,0,0,0,0,2
76395,NatGeoTravel,,4,0,4,4,0,4,0,0,0,0,2
76396,HotelChatter,,2,0,2,2,0,2,0,0,0,0,4
76397,GuardianTravel,,3,0,3,3,0,3,0,0,0,0,7
76398,VogueParis,,3,0,3,3,0,3,0,0,0,0,8
76399,TheCut,,2,0,2,2,0,2,0,0,0,0,2
76400,TheWarholMuseum,,3,0,3,3,0,3,0,0,0,0,2
76401,eyemagazine,,3,0,3,3,0,3,0,0,0,0,2
76402,redazionerep,,3,0,3,3,0,3,0,0,0,0,3
76412,LiveSicilia,,2,0,2,2,0,2,0,0,0,0,3
76418,_TheNetwork_,,2,0,2,2,0,2,0,0,0,0,3
76422,panormitait,,2,0,2,2,0,2,0,0,0,0,1
76430,uniofleicester,,3,0,3,3,0,3,0,0,0,0,1
76432,Palermer,,2,0,2,2,0,2,0,0,0,0,1
76460,sin_ambages,,2,0,2,2,0,2,0,0,0,0,5
76464,jponcerivero,,3,0,3,3,0,3,0,0,0,0,5
76466,a_pinacho,,3,0,3,3,0,3,0,0,0,0,5
76469,mariasinprisa,,3,0,3,3,0,3,0,0,0,0,5
76473,BallesRuiz2,,2,0,2,2,0,2,0,0,0,0,5
76477,CARandDRIVER,,2,0,2,2,0,2,0,0,0,0,5
76479,MarcoLinarez,,2,0,2,2,0,2,0,0,0,0,5
76480,Educacion_eco,,2,0,2,2,0,2,0,0,0,0,5
76486,Jelenxup,,2,0,2,2,0,2,0,0,0,0,5
76488,ivanytevi96,,2,0,2,2,0,2,0,0,0,0,5
76490,IyC_es,,2,0,2,2,0,2,0,0,0,0,5
76491,julsbitelchus,,2,0,2,2,0,2,0,0,0,0,5
76493,_lucasvilla,,2,0,2,2,0,2,0,0,0,0,4
76500,ESNTrakya,,3,0,3,3,0,3,0,0,0,0,1
76501,esn_uam_poznan,,3,0,3,3,0,3,0,0,0,0,1
76506,HikmetHajiyev,,2,0,2,2,0,2,0,0,0,0,1
76511,ADAUniversity,,2,0,2,2,0,2,0,0,0,0,1
76514,atgti,,2,0,2,2,0,2,0,0,0,0,1
76527,Saniya_Giniat,,3,0,3,3,0,3,0,0,0,0,3
76528,mjohnsonCoE,,3,0,3,3,0,3,0,0,0,0,1
76530,h_zadah,,2,0,2,2,0,2,0,0,0,0,1
76532,fismailzade,,2,0,2,2,0,2,0,0,0,0,1
76533,erasmus_tube,,4,0,4,4,0,4,0,0,0,0,1
76536,presidentaz,,2,0,2,2,0,2,0,0,0,0,1
76542,Guliyev_Elmar,,2,0,2,2,0,2,0,0,0,0,1
76544,lois_carmen,,3,0,3,3,0,3,0,0,0,0,0
76546,majiro001,,2,0,2,2,0,2,0,0,0,0,0
76553,Daniprados16,,2,0,2,2,0,2,0,0,0,0,6
76554,Rubn_Gr,,2,0,2,2,0,2,0,0,0,0,6
76555,andreshenoc,,2,0,2,2,0,2,0,0,0,0,2
76556,ixiballes,,3,0,3,3,0,3,0,0,0,0,5
76564,yoli_25_12,,2,0,2,2,0,2,0,0,0,0,6
76567,SoniaRomeroPozo,,2,0,2,2,0,2,0,0,0,0,0
76569,CserranogS,,2,0,2,2,0,2,0,0,0,0,6
76573,MartaSFez,,3,0,3,3,0,3,0,0,0,0,6
76574,blascalero,,2,0,2,2,0,2,0,0,0,0,0
76578,CGMaracena,,2,0,2,2,0,2,0,0,0,0,6
76580,MeriSadaba,,3,0,3,3,0,3,0,0,0,0,0
76586,EnricMillo,,2,0,2,2,0,2,0,0,0,0,0
76589,franalhendin,,3,0,3,3,0,3,0,0,0,0,0
76593,RedAndaluzaCCC,,2,0,2,2,0,2,0,0,0,0,0
76594,ConsorcioVegaSE,,2,0,2,2,0,2,0,0,0,0,0
76596,CACOArquitectos,,2,0,2,2,0,2,0,0,0,0,6
76597,AErevista,,2,0,2,2,0,2,0,0,0,0,4
76599,EspacioOEI,,3,0,3,3,0,3,0,0,0,0,0
76602,mariaeoifrances,,2,0,2,2,0,2,0,0,0,0,0
76606,RYMband,,3,0,3,3,0,3,0,0,0,0,0
76614,ascodeverano,,2,0,2,2,0,2,0,0,0,0,0
76617,LuisRecuerda,,2,0,2,2,0,2,0,0,0,0,6
76618,enriquecatalin1,,2,0,2,2,0,2,0,0,0,0,0
76619,Crisvico76,,3,0,3,3,0,3,0,0,0,0,0
76622,Carmenchus15_04,,2,0,2,2,0,2,0,0,0,0,0
76625,angelesdd51,,2,0,2,2,0,2,0,0,0,0,0
76627,wanttoshareit,,2,0,2,2,0,2,0,0,0,0,0
76630,jucobor,,2,0,2,2,0,2,0,0,0,0,0
76635,JesusNavarro,,4,0,4,4,0,4,0,0,0,0,0
76639,FdezMorillas,,2,0,2,2,0,2,0,0,0,0,0
76645,lmmcarmen,,2,0,2,2,0,2,0,0,0,0,6
76646,Paqui84,,2,0,2,2,0,2,0,0,0,0,0
76648,InteriorJunta,,2,0,2,2,0,2,0,0,0,0,0
76649,LaVozGr,,3,0,3,3,0,3,0,0,0,0,0
76650,estherpalomera,,3,0,3,3,0,3,0,0,0,0,5
76651,FcoJavierRecio,,2,0,2,2,0,2,0,0,0,0,0
76653,jc_delpino,,2,0,2,2,0,2,0,0,0,0,0
76655,DeMiguelConde,,2,0,2,2,0,2,0,0,0,0,0
76657,siplg,,2,0,2,2,0,2,0,0,0,0,0
76658,PepeGaFuentes,,2,0,2,2,0,2,0,0,0,0,0
76662,JorgePastorS,,3,0,3,3,0,3,0,0,0,0,0
76666,rogeliovelascop,,2,0,2,2,0,2,0,0,0,0,0
76669,ies_hispanidad,,2,0,2,2,0,2,0,0,0,0,0
76672,450alpujarras,,2,0,2,2,0,2,0,0,0,0,0
76674,espa_cpai,,2,0,2,2,0,2,0,0,0,0,0
76677,Campopineda,,2,0,2,2,0,2,0,0,0,0,0
76678,e_palomar,,3,0,3,3,0,3,0,0,0,0,0
76683,el_cascamorras,,2,0,2,2,0,2,0,0,0,0,0
76685,Conhabit,,2,0,2,2,0,2,0,0,0,0,4
76687,EvaYerbabuena,,3,0,3,3,0,3,0,0,0,0,0
76689,Maritoni_SL,,3,0,3,3,0,3,0,0,0,0,0
76691,GrupoLCA,,2,0,2,2,0,2,0,0,0,0,0
76692,JuanPinilla81,,3,0,3,3,0,3,0,0,0,0,0
76694,DividendoSocial,,2,0,2,2,0,2,0,0,0,0,0
76695,LagunasSNevada,,2,0,2,2,0,2,0,0,0,0,4
76696,CullarGranada,,2,0,2,2,0,2,0,0,0,0,0
76699,eoibaza,,2,0,2,2,0,2,0,0,0,0,1
76703,RAEEAndalucia,,2,0,2,2,0,2,0,0,0,0,4
76704,mjsanchezperez,,3,0,3,3,0,3,0,0,0,0,6
76705,mediamusea,,3,0,3,3,0,3,0,0,0,0,0
76708,music_andalucia,,3,0,3,3,0,3,0,0,0,0,0
76710,tatiana_merino,,3,0,3,3,0,3,0,0,0,0,6
76712,Pabrodgar,,3,0,3,3,0,3,0,0,0,0,6
76713,Anndegracia,,2,0,2,2,0,2,0,0,0,0,1
76714,TeleMotrilTV,,3,0,3,3,0,3,0,0,0,0,0
76716,TiteresEtcetera,,3,0,3,3,0,3,0,0,0,0,0
76717,FAMPcomunica,,2,0,2,2,0,2,0,0,0,0,4
76720,AlsurdegranadaA,,2,0,2,2,0,2,0,0,0,0,0
76725,iMareNatural,,2,0,2,2,0,2,0,0,0,0,0
76730,mjgarciasanchez,,2,0,2,2,0,2,0,0,0,0,0
76731,DanzaVinculados,,3,0,3,3,0,3,0,0,0,0,0
76732,MADOC_ET,,3,0,3,3,0,3,0,0,0,0,0
76733,copeguadix,,2,0,2,2,0,2,0,0,0,0,0
76737,FajalauzaGR,,2,0,2,2,0,2,0,0,0,0,1
76739,trailrungorafe,,2,0,2,2,0,2,0,0,0,0,0
76740,TRPOLIS2,,2,0,2,2,0,2,0,0,0,0,0
76741,CGHtorSantillan,,3,0,3,3,0,3,0,0,0,0,6
76742,huetorsantillan,,3,0,3,3,0,3,0,0,0,0,6
76744,mercenavarrete,,4,0,4,4,0,4,0,0,0,0,0
76746,juanjocerero,,2,0,2,2,0,2,0,0,0,0,0
76747,3habichuela,,3,0,3,3,0,3,0,0,0,0,0
76748,PasarelaFortuny,,3,0,3,3,0,3,0,0,0,0,0
76754,aprpamp,,2,0,2,2,0,2,0,0,0,0,0
76755,_Angela_GA,,3,0,3,3,0,3,0,0,0,0,0
76758,TGualchos,,3,0,3,3,0,3,0,0,0,0,0
76759,castell2015,,2,0,2,2,0,2,0,0,0,0,0
76762,DeportePadul,,3,0,3,3,0,3,0,0,0,0,0
76763,BandaFallaPadul,,3,0,3,3,0,3,0,0,0,0,0
76764,BiblioEASP,,3,0,3,3,0,3,0,0,0,0,4
76766,AytoGojar,,2,0,2,2,0,2,0,0,0,0,0
76767,JuntaCG,,2,0,2,2,0,2,0,0,0,0,0
76768,CoopsAgroGRA,,3,0,3,3,0,3,0,0,0,0,0
76769,la_alfaguara,,2,0,2,2,0,2,0,0,0,0,0
76770,mdmgranada,,2,0,2,2,0,2,0,0,0,0,0
76774,MIsabelBaenaP,,2,0,2,2,0,2,0,0,0,0,0
76776,sanidadGRANADA,,2,0,2,2,0,2,0,0,0,0,0
76777,bibliopaciente,,2,0,2,2,0,2,0,0,0,0,0
76779,CGFVaqueros,,2,0,2,2,0,2,0,0,0,0,0
76782,parapandafolk,,3,0,3,3,0,3,0,0,0,0,0
76783,OpenDataAnd,,2,0,2,2,0,2,0,0,0,0,6
76784,OSMAN_salud,,2,0,2,2,0,2,0,0,0,0,0
76785,cinngra,,3,0,3,3,0,3,0,0,0,0,0
76787,EspacioJovenUni,,3,0,3,3,0,3,0,0,0,0,0
76788,FAndaluzaBM,,2,0,2,2,0,2,0,0,0,0,0
76789,FMayorZaragoza,,2,0,2,2,0,2,0,0,0,0,0
76790,Asuarezm,,3,0,3,3,0,3,0,0,0,0,0
76791,BALNEARIODZUJAR,,2,0,2,2,0,2,0,0,0,0,0
76792,TerronFrancisco,,2,0,2,2,0,2,0,0,0,0,0
76793,LuisGChacon,,3,0,3,3,0,3,0,0,0,0,0
76794,inesgallastegui,,3,0,3,3,0,3,0,0,0,0,0
76795,El_Batefuegos,,2,0,2,2,0,2,0,0,0,0,0
76796,Proexa_live,,3,0,3,3,0,3,0,0,0,0,6
76797,SolucionaMedia,,2,0,2,2,0,2,0,0,0,0,0
76799,iesalbayzin,,3,0,3,3,0,3,0,0,0,0,0
76801,lifeadaptamed,,2,0,2,2,0,2,0,0,0,0,4
76802,Ole_Andalucia,,4,0,4,4,0,4,0,0,0,0,0
76803,AdelDientedeOro,,3,0,3,3,0,3,0,0,0,0,0
76804,festMAGranada,,2,0,2,2,0,2,0,0,0,0,0
76805,fedalandalus,,2,0,2,2,0,2,0,0,0,0,0
76807,CIMGorafe,,2,0,2,2,0,2,0,0,0,0,0
76809,CPEEEJeanPiaget,,2,0,2,2,0,2,0,0,0,0,0
76814,NoSoloUnaIdea,,3,0,3,3,0,3,0,0,0,0,0
76816,Neugegranada,,2,0,2,2,0,2,0,0,0,0,0
76817,LanzaderArmill4,,2,0,2,2,0,2,0,0,0,0,0
76818,autocarbenitez,,2,0,2,2,0,2,0,0,0,0,0
76820,festvivalavega,,2,0,2,2,0,2,0,0,0,0,0
76821,accichorus,,2,0,2,2,0,2,0,0,0,0,0
76822,Alhambra_Guia,,3,0,3,3,0,3,0,0,0,0,0
76825,lunalni,,2,0,2,2,0,2,0,0,0,0,0
76826,inturjoven,,3,0,3,3,0,3,0,0,0,0,4
76828,tripandbike,,2,0,2,2,0,2,0,0,0,0,0
76829,sevensols,,2,0,2,2,0,2,0,0,0,0,6
76831,magdalena_ubeda,,2,0,2,2,0,2,0,0,0,0,0
76835,IESVeletaGR,,2,0,2,2,0,2,0,0,0,0,6
76836,juanmdeharo,,2,0,2,2,0,2,0,0,0,0,0
76837,iesmanjon,,2,0,2,2,0,2,0,0,0,0,0
76838,datedanza,,4,0,4,4,0,4,0,0,0,0,0
76839,Copemotril,,2,0,2,2,0,2,0,0,0,0,0
76841,velezbenaudalla,,2,0,2,2,0,2,0,0,0,0,0
76842,neuroafeic,,3,0,3,3,0,3,0,0,0,0,0
76843,AEAFMA,,2,0,2,2,0,2,0,0,0,0,0
76845,InstitutoHalal,,2,0,2,2,0,2,0,0,0,0,0
76847,YQueHacemosHoy,,2,0,2,2,0,2,0,0,0,0,0
76848,Flor_Almon,,3,0,3,3,0,3,0,0,0,0,0
76852,Moda_Andaluza,,3,0,3,3,0,3,0,0,0,0,0
76855,avgarach,,2,0,2,2,0,2,0,0,0,0,0
76856,IgpSegureno,,2,0,2,2,0,2,0,0,0,0,0
76857,TValleLecrin,,4,0,4,4,0,4,0,0,0,0,0
76858,macmaria27,,2,0,2,2,0,2,0,0,0,0,0
76861,curvapolar,,2,0,2,2,0,2,0,0,0,0,6
76862,rociavid,,3,0,3,3,0,3,0,0,0,0,0
76864,JesustoralTA,,3,0,3,3,0,3,0,0,0,0,0
76865,IFMIF_Granada,,3,0,3,3,0,3,0,0,0,0,0
76868,pardodevera,,3,0,3,3,0,3,0,0,0,0,5
76870,AytoOgijares,,3,0,3,3,0,3,0,0,0,0,0
76871,ESDForumGranada,,2,0,2,2,0,2,0,0,0,0,0
76872,pi_laresinera,,2,0,2,2,0,2,0,0,0,0,0
76873,AndaluciaAMAyA,,2,0,2,2,0,2,0,0,0,0,4
76874,zaidinrockfest,,3,0,3,3,0,3,0,0,0,0,0
76875,Sinfonendo,,2,0,2,2,0,2,0,0,0,0,0
76878,Histrion_Teatro,,3,0,3,3,0,3,0,0,0,0,0
76879,GuadalOgijares,,2,0,2,2,0,2,0,0,0,0,0
76880,COAGGRANADA,,2,0,2,2,0,2,0,0,0,0,4
76883,CamaraMotril,,3,0,3,3,0,3,0,0,0,0,0
76884,coambaoficial,,2,0,2,2,0,2,0,0,0,0,4
76885,Aldeirenxs,,2,0,2,2,0,2,0,0,0,0,0
76886,CAndaluzGA,,3,0,3,3,0,3,0,0,0,0,4
76887,CDMAndalucia,,2,0,2,2,0,2,0,0,0,0,0
76888,RadioSalobrena,,3,0,3,3,0,3,0,0,0,0,0
76889,alboloteinforma,,3,0,3,3,0,3,0,0,0,0,0
76890,gdr_vallelecrin,,2,0,2,2,0,2,0,0,0,0,4
76891,cemcigranada,,3,0,3,3,0,3,0,0,0,0,4
76892,mvpeinadolorca,,2,0,2,2,0,2,0,0,0,0,0
76895,sierrahuetor,,4,0,4,4,0,4,0,0,0,0,4
76896,iescartuja,,3,0,3,3,0,3,0,0,0,0,6
76898,nuevachurriana,,3,0,3,3,0,3,0,0,0,0,0
76900,FPAndaluza,,2,0,2,2,0,2,0,0,0,0,0
76901,pa_ta_ta,,4,0,4,4,0,4,0,0,0,0,0
76903,EAElaseduccion,,3,0,3,3,0,3,0,0,0,0,6
76904,IESIliberis,,2,0,2,2,0,2,0,0,0,0,0
76905,SierradeLujar,,3,0,3,3,0,3,0,0,0,0,0
76907,CIPACV,,2,0,2,2,0,2,0,0,0,0,4
76909,MiradorTg7,,2,0,2,2,0,2,0,0,0,0,0
76915,uimunicipalista,,3,0,3,3,0,3,0,0,0,0,0
76916,InsolitoFest,,3,0,3,3,0,3,0,0,0,0,0
76917,RuthMoli,,3,0,3,3,0,3,0,0,0,0,0
76918,MarDzB,,3,0,3,3,0,3,0,0,0,0,4
76919,LAMAQUINE,,3,0,3,3,0,3,0,0,0,0,0
76923,queremosentrar,,2,0,2,2,0,2,0,0,0,0,0
76925,MustelaCEM,,2,0,2,2,0,2,0,0,0,0,4
76928,MARIURUFINO,,2,0,2,2,0,2,0,0,0,0,0
76929,Colegio_Gestor,,3,0,3,3,0,3,0,0,0,0,4
76931,huertoalegre,,3,0,3,3,0,3,0,0,0,0,0
76932,OndasRed,,2,0,2,2,0,2,0,0,0,0,4
76937,cepguadix,,2,0,2,2,0,2,0,0,0,0,4
76938,cepdemotril,,3,0,3,3,0,3,0,0,0,0,4
76939,cepbaza,,2,0,2,2,0,2,0,0,0,0,4
76941,prensa_aytoloja,,2,0,2,2,0,2,0,0,0,0,0
76942,EcoescuelasAND,,2,0,2,2,0,2,0,0,0,0,0
76943,VentanaVAND,,3,0,3,3,0,3,0,0,0,0,4
76944,silviasanz_m,,3,0,3,3,0,3,0,0,0,0,0
76945,CECA_COMERCIO,,2,0,2,2,0,2,0,0,0,0,0
76946,ManuelAlarconPe,,2,0,2,2,0,2,0,0,0,0,0
76947,sandetel,,2,0,2,2,0,2,0,0,0,0,0
76948,_CuidaTuPlaneta,,2,0,2,2,0,2,0,0,0,0,0
76949,AytoElChaparral,,3,0,3,3,0,3,0,0,0,0,0
76950,saberlocucion,,2,0,2,2,0,2,0,0,0,0,6
76953,wikanda_es,,2,0,2,2,0,2,0,0,0,0,0
76954,satsegranada,,3,0,3,3,0,3,0,0,0,0,0
76956,CVElDornajo,,3,0,3,3,0,3,0,0,0,0,4
76957,APROMONTES,,3,0,3,3,0,3,0,0,0,0,0
76958,AytoBaza,,2,0,2,2,0,2,0,0,0,0,4
76960,IDEALLoja,,2,0,2,2,0,2,0,0,0,0,0
76962,PonienteGr,,2,0,2,2,0,2,0,0,0,0,4
76963,guevejar,,2,0,2,2,0,2,0,0,0,0,6
76964,arsenioescolar,,3,0,3,3,0,3,0,0,0,0,0
76966,somosdolorosa,,3,0,3,3,0,3,0,0,0,0,0
76967,ffss_e,,3,0,3,3,0,3,0,0,0,0,0
76968,aytomontejicar,,2,0,2,2,0,2,0,0,0,0,0
76970,bazaaldia,,2,0,2,2,0,2,0,0,0,0,0
76972,RCSMVE,,2,0,2,2,0,2,0,0,0,0,0
76973,bajoguadalfeo_p,,3,0,3,3,0,3,0,0,0,0,0
76974,EnriqueMoratall,,2,0,2,2,0,2,0,0,0,0,0
76975,enelbolsillo,,3,0,3,3,0,3,0,0,0,0,0
76976,espacioerranTe,,3,0,3,3,0,3,0,0,0,0,0
76977,ConsorcioTejeda,,2,0,2,2,0,2,0,0,0,0,4
76978,AGEAempresarias,,3,0,3,3,0,3,0,0,0,0,0
76979,AlpujarraCosta,,3,0,3,3,0,3,0,0,0,0,0
76981,EscuelaRemiendo,,3,0,3,3,0,3,0,0,0,0,6
76984,CuadernosVigia,,2,0,2,2,0,2,0,0,0,0,0
76985,CGPadul,,3,0,3,3,0,3,0,0,0,0,6
76987,CGAlbunuelas,,2,0,2,2,0,2,0,0,0,0,0
76988,helena_matgal,,3,0,3,3,0,3,0,0,0,0,4
76991,cgcullarvega,,2,0,2,2,0,2,0,0,0,0,0
76993,dinachauchina,,2,0,2,2,0,2,0,0,0,0,0
76995,guadalinfojun,,3,0,3,3,0,3,0,0,0,0,0
76996,CGAlquife,,2,0,2,2,0,2,0,0,0,0,6
76997,CGCalicasas,,3,0,3,3,0,3,0,0,0,0,6
77000,CGcapichana,,4,0,4,4,0,4,0,0,0,0,0
77001,CGCijuela,,2,0,2,2,0,2,0,0,0,0,0
77002,GDiezma,,2,0,2,2,0,2,0,0,0,0,0
77004,LacharAyto,,4,0,4,4,0,4,0,0,0,0,0
77005,AlfanevadaGDR,,4,0,4,4,0,4,0,0,0,0,4
77006,CIAGAlhama,,3,0,3,3,0,3,0,0,0,0,6
77008,guadaizna,,2,0,2,2,0,2,0,0,0,0,0
77009,CGDeifontes,,2,0,2,2,0,2,0,0,0,0,6
77010,santaferadio,,2,0,2,2,0,2,0,0,0,0,0
77011,TeatroInstante,,3,0,3,3,0,3,0,0,0,0,0
77012,guadaluisa,,2,0,2,2,0,2,0,0,0,0,0
77014,LolaSanjuanCKL,,2,0,2,2,0,2,0,0,0,0,0
77015,AdelfasLanjaron,,3,0,3,3,0,3,0,0,0,0,0
77017,Ayto_LaZubia,,5,0,5,5,0,5,0,0,0,0,0
77018,paquialcaldesa,,2,0,2,2,0,2,0,0,0,0,0
77019,bazaturismo,,3,0,3,3,0,3,0,0,0,0,0
77020,FAMPAALHAMBRA,,3,0,3,3,0,3,0,0,0,0,0
77021,AlAndalusGranad,,3,0,3,3,0,3,0,0,0,0,0
77022,JJPerez,,2,0,2,2,0,2,0,0,0,0,0
77023,Bealonso,,2,0,2,2,0,2,0,0,0,0,0
77024,AytoPueblaDFadr,,3,0,3,3,0,3,0,0,0,0,6
77025,MagoMigue68,,3,0,3,3,0,3,0,0,0,0,0
77026,MaribelValenzu,,2,0,2,2,0,2,0,0,0,0,6
77027,manuelacorte,,3,0,3,3,0,3,0,0,0,0,6
77028,TATIANAGARRIDO9,,3,0,3,3,0,3,0,0,0,0,6
77029,Andaluciadehoy,,3,0,3,3,0,3,0,0,0,0,0
77030,RocioRGavira,,4,0,4,4,0,4,0,0,0,0,0
77031,NoeliJG,,2,0,2,2,0,2,0,0,0,0,0
77032,consorciovse,,4,0,4,4,0,4,0,0,0,0,4
77033,PeriodistasAND,,3,0,3,3,0,3,0,0,0,0,0
77036,Veiasa,,2,0,2,2,0,2,0,0,0,0,6
77037,LorcaValderrubi,,4,0,4,4,0,4,0,0,0,0,0
77038,ElMiradorCSR,,3,0,3,3,0,3,0,0,0,0,0
77040,YoEmprendo_,,4,0,4,4,0,4,0,0,0,0,0
77041,De4ArqSost,,2,0,2,2,0,2,0,0,0,0,6
77042,javiercallejon,,2,0,2,2,0,2,0,0,0,0,6
77043,alhambraluis,,4,0,4,4,0,4,0,0,0,0,0
77044,CiaManuelLinan,,2,0,2,2,0,2,0,0,0,0,0
77045,aceitesmaeva,,2,0,2,2,0,2,0,0,0,0,6
77046,JesusBracero,,3,0,3,3,0,3,0,0,0,0,6
77047,wadiasinf,,2,0,2,2,0,2,0,0,0,0,0
77048,UPA_Federal,,2,0,2,2,0,2,0,0,0,0,0
77049,holacocoroco,,3,0,3,3,0,3,0,0,0,0,4
77050,CGQuentar,,2,0,2,2,0,2,0,0,0,0,0
77051,CGSANTAFE,,3,0,3,3,0,3,0,0,0,0,6
77053,pfeixas,,2,0,2,2,0,2,0,0,0,0,0
77054,noesanlor,,3,0,3,3,0,3,0,0,0,0,0
77055,lourdeslpez,,2,0,2,2,0,2,0,0,0,0,0
77056,SPA_Periodistas,,4,0,4,4,0,4,0,0,0,0,5
77057,CEMPEAndalucia,,2,0,2,2,0,2,0,0,0,0,0
77058,BazaHistorica,,3,0,3,3,0,3,0,0,0,0,0
77059,A1MCanalSur,,3,0,3,3,0,3,0,0,0,0,0
77060,consumoresponde,,3,0,3,3,0,3,0,0,0,0,6
77061,caac_sevilla,,3,0,3,3,0,3,0,0,0,0,0
77062,aminamarta,,3,0,3,3,0,3,0,0,0,0,0
77063,valmecortes,,2,0,2,2,0,2,0,0,0,0,6
77064,Baza_noticias,,3,0,3,3,0,3,0,0,0,0,0
77065,Idea_Red,,4,0,4,4,0,4,0,0,0,0,0
77066,Karoline_Rod,,3,0,3,3,0,3,0,0,0,0,0
77067,MratiaM,,2,0,2,2,0,2,0,0,0,0,0
77068,Silviamupe,,3,0,3,3,0,3,0,0,0,0,0
77069,NievesGPrados,,3,0,3,3,0,3,0,0,0,0,6
77070,RaquelDuranParr,,2,0,2,2,0,2,0,0,0,0,0
77071,CarmenSSierra,,3,0,3,3,0,3,0,0,0,0,0
77072,jjhernandez00,,3,0,3,3,0,3,0,0,0,0,0
77073,Belen_rico,,3,0,3,3,0,3,0,0,0,0,0
77074,inchocordero,,3,0,3,3,0,3,0,0,0,0,6
77075,RamonUbricRU9,,2,0,2,2,0,2,0,0,0,0,6
77076,TCGTeleGuadix,,2,0,2,2,0,2,0,0,0,0,0
77078,Desencaja,,3,0,3,3,0,3,0,0,0,0,6
77079,asuarezmartin,,3,0,3,3,0,3,0,0,0,0,4
77080,MonaMarLeyva,,3,0,3,3,0,3,0,0,0,0,0
77081,AngelesHuertas,,3,0,3,3,0,3,0,0,0,0,6
77082,MCarrasco77,,2,0,2,2,0,2,0,0,0,0,6
77083,acalleja67,,3,0,3,3,0,3,0,0,0,0,0
77084,anabelgranada,,3,0,3,3,0,3,0,0,0,0,0
77085,Juandejf,,4,0,4,4,0,4,0,0,0,0,0
77086,lauraubago,,4,0,4,4,0,4,0,0,0,0,0
77087,mapenalver,,3,0,3,3,0,3,0,0,0,0,0
77088,JaBarrionuevo,,3,0,3,3,0,3,0,0,0,0,6
77089,ramonlperez_soy,,5,0,5,5,0,5,0,0,0,0,0
77090,ruizoliva,,2,0,2,2,0,2,0,0,0,0,6
77092,ojumaria,,3,0,3,3,0,3,0,0,0,0,6
77093,andmellado,,3,0,3,3,0,3,0,0,0,0,0
77094,flivillegas,,2,0,2,2,0,2,0,0,0,0,0
77095,ricardodg,,3,0,3,3,0,3,0,0,0,0,6
77096,EvaSuarezTW,,2,0,2,2,0,2,0,0,0,0,6
77097,saliega,,2,0,2,2,0,2,0,0,0,0,6
77098,DelJuntaMadrid,,3,0,3,3,0,3,0,0,0,0,0
77100,beckpress,,2,0,2,2,0,2,0,0,0,0,6
77101,JM_Grimaldi,,3,0,3,3,0,3,0,0,0,0,6
77108,jaimechicheri,,2,0,2,2,0,2,0,0,0,0,5
77109,spaniola,,4,0,4,4,0,4,0,0,0,0,1
77110,TurismoDipMlg,,3,0,3,3,0,3,0,0,0,0,0
77121,ViajerosPiratas,,2,0,2,2,0,2,0,0,0,0,7
77130,unblogdepalo,,2,0,2,2,0,2,0,0,0,0,0
77135,miguelfloro,,2,0,2,2,0,2,0,0,0,0,0
77136,mgdelpozuelo,,2,0,2,2,0,2,0,0,0,0,0
77143,SSantaMlg,,2,0,2,2,0,2,0,0,0,0,0
77144,EmilioMarquez,,3,0,3,3,0,3,0,0,0,0,0
77147,NestorRomeroR,,4,0,4,4,0,4,0,0,0,0,0
77148,fatimamartinez,,3,0,3,3,0,3,0,0,0,0,0
77149,Estudiantes_mlg,,3,0,3,3,0,3,0,0,0,0,4
77151,travelchannel,,4,0,4,4,0,4,0,0,0,0,7
77152,GoogleTravel,,3,0,3,3,0,3,0,0,0,0,7
77153,TeatroEchegaray,,3,0,3,3,0,3,0,0,0,0,0
77159,DataBeersMLG,,2,0,2,2,0,2,0,0,0,0,8
77161,glovento,,2,0,2,2,0,2,0,0,0,0,0
77162,Deblaspanish,,2,0,2,2,0,2,0,0,0,0,1
77179,tweriod,,3,0,3,3,0,3,0,0,0,0,2
77181,MontielVicente,,3,0,3,3,0,3,0,0,0,0,0
77184,ClaraLago1,,3,0,3,3,0,3,0,0,0,0,2
77188,biketoursmalaga,,2,0,2,2,0,2,0,0,0,0,0
77189,micasaeslatuya,,2,0,2,2,0,2,0,0,0,0,2
77190,gemmamengualciv,,2,0,2,2,0,2,0,0,0,0,5
77191,MatahambreT,,2,0,2,2,0,2,0,0,0,0,0
77193,estefaniaMLara,,2,0,2,2,0,2,0,0,0,0,0
77194,101tvMalaga,,3,0,3,3,0,3,0,0,0,0,0
77200,Frommers,,3,0,3,3,0,3,0,0,0,0,7
77202,Carloscastro_82,,2,0,2,2,0,2,0,0,0,0,0
77205,MarbellaClubH,,3,0,3,3,0,3,0,0,0,0,0
77220,almenararesort,,3,0,3,3,0,3,0,0,0,0,0
77224,typcostadelsol,,2,0,2,2,0,2,0,0,0,0,0
77227,Txema__Martin,,2,0,2,2,0,2,0,0,0,0,0
77228,xaviergiltabios,,2,0,2,2,0,2,0,0,0,0,6
77229,OfertasASolo,,3,0,3,3,0,3,0,0,0,0,1
77230,jromero_tv,,3,0,3,3,0,3,0,0,0,0,0
77232,AndaluciaTapa,,3,0,3,3,0,3,0,0,0,0,0
77235,_Best_Hotels,,3,0,3,3,0,3,0,0,0,0,0
77238,borisalas,,2,0,2,2,0,2,0,0,0,0,0
77242,AstroAndalus,,2,0,2,2,0,2,0,0,0,0,0
77246,TORCALRURAL,,2,0,2,2,0,2,0,0,0,0,0
77251,Malaga24h,,2,0,2,2,0,2,0,0,0,0,3
77252,MorenoMonroyst,,2,0,2,2,0,2,0,0,0,0,0
77253,Hostelsclub_ES,,2,0,2,2,0,2,0,0,0,0,0
77254,AtalayaGolf,,2,0,2,2,0,2,0,0,0,0,0
77255,RFGA_Golf,,2,0,2,2,0,2,0,0,0,0,0
77257,Agro_Media_,,3,0,3,3,0,3,0,0,0,0,0
77258,cofradesmalaga,,2,0,2,2,0,2,0,0,0,0,5
77260,biznagasdemlg,,2,0,2,2,0,2,0,0,0,0,0
77261,EmbEspFilipinas,,2,0,2,2,0,2,0,0,0,0,0
77262,ConEspManila,,2,0,2,2,0,2,0,0,0,0,0
77263,CGEspLondres,,3,0,3,3,0,3,0,0,0,0,4
77264,SpaininColombia,,3,0,3,3,0,3,0,0,0,0,0
77267,hundredrooms,,2,0,2,2,0,2,0,0,0,0,4
77268,MarbellaGuide,,2,0,2,2,0,2,0,0,0,0,0
77274,RutasporEspana,,3,0,3,3,0,3,0,0,0,0,7
77276,AirWander,,2,0,2,2,0,2,0,0,0,0,7
77283,SpanishLe,,3,0,3,3,0,3,0,0,0,0,4
77286,nytimestravel,,4,0,4,4,0,4,0,0,0,0,7
77291,BBCTravelAlert,,2,0,2,2,0,2,0,0,0,0,2
77293,GolfinAND,,2,0,2,2,0,2,0,0,0,0,0
77297,Claudioula,,2,0,2,2,0,2,0,0,0,0,5
77302,DavidDeMaria,,3,0,3,3,0,3,0,0,0,0,0
77306,Jones_y,,2,0,2,2,0,2,0,0,0,0,4
77308,lagargantahotel,,2,0,2,2,0,2,0,0,0,0,0
77319,ViajesPrimera,,3,0,3,3,0,3,0,0,0,0,2
77322,revistaturismo,,3,0,3,3,0,3,0,0,0,0,2
77324,acasadeguardia,,2,0,2,2,0,2,0,0,0,0,0
77325,MahosMlg,,2,0,2,2,0,2,0,0,0,0,0
77333,Portalflamenca,,3,0,3,3,0,3,0,0,0,0,0
77334,Ruralidays,,2,0,2,2,0,2,0,0,0,0,0
77335,terelu_campos,,3,0,3,3,0,3,0,0,0,0,5
77337,winewankers,,3,0,3,3,0,3,0,0,0,0,3
77338,tipstve,,3,0,3,3,0,3,0,0,0,0,0
77339,RociodeMalaga,,2,0,2,2,0,2,0,0,0,0,0
77340,ElColmenero_,,2,0,2,2,0,2,0,0,0,0,0
77341,LaCasaInvisible,,2,0,2,2,0,2,0,0,0,0,7
77345,azaharsevilla,,2,0,2,2,0,2,0,0,0,0,0
77347,Cofradiaelrico,,2,0,2,2,0,2,0,0,0,0,0
77348,rcfusionadas,,2,0,2,2,0,2,0,0,0,0,0
77349,pasoyesperanza,,2,0,2,2,0,2,0,0,0,0,0
77350,EastofMalaga,,2,0,2,2,0,2,0,0,0,0,0
77351,Lindsayinspain,,2,0,2,2,0,2,0,0,0,0,1
77352,TOMAandCOE,,2,0,2,2,0,2,0,0,0,0,0
77356,truecalia,,3,0,3,3,0,3,0,0,0,0,0
77357,TripadvisorES,,3,0,3,3,0,3,0,0,0,0,2
77362,MellizosGrupo,,2,0,2,2,0,2,0,0,0,0,6
77363,lacanasta_cafe,,2,0,2,2,0,2,0,0,0,0,0
77364,josemercemusic,,3,0,3,3,0,3,0,0,0,0,2
77366,GermanyTourism,,3,0,3,3,0,3,0,0,0,0,1
77369,PolandtravelUS,,2,0,2,2,0,2,0,0,0,0,1
77377,cofradiasmalaga,,2,0,2,2,0,2,0,0,0,0,0
77381,NURIA_FERGO,,3,0,3,3,0,3,0,0,0,0,6
77388,malagaesarte,,2,0,2,2,0,2,0,0,0,0,0
77392,MalagaFashion,,2,0,2,2,0,2,0,0,0,0,0
77395,Spain_Holiday,,2,0,2,2,0,2,0,0,0,0,0
77399,unicajaCB,,3,0,3,3,0,3,0,0,0,0,0
77400,HotelDelPintor,,3,0,3,3,0,3,0,0,0,0,0
77402,MLGparticipa,,2,0,2,2,0,2,0,0,0,0,0
77404,Malagaencorazon,,2,0,2,2,0,2,0,0,0,0,0
77408,susanafdezg,,2,0,2,2,0,2,0,0,0,0,0
77411,smassamalaga,,2,0,2,2,0,2,0,0,0,0,0
77414,LugaresVisitar,,3,0,3,3,0,3,0,0,0,0,7
77415,charterme,,2,0,2,2,0,2,0,0,0,0,7
77416,ambrosiovalero,,3,0,3,3,0,3,0,0,0,0,2
77417,smarthostels,,2,0,2,2,0,2,0,0,0,0,7
77418,Srraez,,2,0,2,2,0,2,0,0,0,0,2
77421,MeleroLola,,2,0,2,2,0,2,0,0,0,0,4
77422,CocinaDeElisa,,2,0,2,2,0,2,0,0,0,0,0
77423,mausmalaga,,3,0,3,3,0,3,0,0,0,0,0
77425,GranSendaMalaga,,2,0,2,2,0,2,0,0,0,0,0
77427,musicosclasicos,,3,0,3,3,0,3,0,0,0,0,4
77429,LuxuryColumnist,,2,0,2,2,0,2,0,0,0,0,0
77431,malaga_taxi,,2,0,2,2,0,2,0,0,0,0,0
77451,EFMalaga,,2,0,2,2,0,2,0,0,0,0,0
77456,MLGespectacular,,2,0,2,2,0,2,0,0,0,0,6
77460,jcgrestaurante,,3,0,3,3,0,3,0,0,0,0,0
77464,andre_ayala,,2,0,2,2,0,2,0,0,0,0,6
77468,PabloLopezMusic,,3,0,3,3,0,3,0,0,0,0,6
77469,NietoPepon,,4,0,4,4,0,4,0,0,0,0,0
77475,MasMlg,,2,0,2,2,0,2,0,0,0,0,0
77477,costawomen,,3,0,3,3,0,3,0,0,0,0,1
77479,FeriaMLG,,2,0,2,2,0,2,0,0,0,0,0
77484,WhatsUpSpain,,2,0,2,2,0,2,0,0,0,0,1
77487,spain4pleasure,,2,0,2,2,0,2,0,0,0,0,0
77490,TomConnISF,,2,0,2,2,0,2,0,0,0,0,0
77505,alvaro_bull,,2,0,2,2,0,2,0,0,0,0,6
77524,Christian_ESEM,,2,0,2,2,0,2,0,0,0,0,6
77525,MalagaNews,,2,0,2,2,0,2,0,0,0,0,0
77526,olivepress,,2,0,2,2,0,2,0,0,0,0,0
77542,tonirosatto,,2,0,2,2,0,2,0,0,0,0,0
77553,Escapadasdelsur,,2,0,2,2,0,2,0,0,0,0,0
77556,geniusloci,,2,0,2,2,0,2,0,0,0,0,3
77558,360_Traveler,,2,0,2,2,0,2,0,0,0,0,6
77559,JM_nerovodka,,2,0,2,2,0,2,0,0,0,0,0
77560,carolmarybyrne,,2,0,2,2,0,2,0,0,0,0,0
77574,AndalusianNews,,4,0,4,4,0,4,0,0,0,0,6
77582,travelust_bible,,2,0,2,2,0,2,0,0,0,0,2
77583,CasaLewis,,2,0,2,2,0,2,0,0,0,0,0
77585,Skyscanner,,3,0,3,3,0,3,0,0,0,0,7
77586,RomaniaTourism,,3,0,3,3,0,3,0,0,0,0,7
77588,Malagaenlamesa,,3,0,3,3,0,3,0,0,0,0,0
77590,Gocaldascom,,2,0,2,2,0,2,0,0,0,0,7
77592,BaresMalaga,,3,0,3,3,0,3,0,0,0,0,0
77599,malagatour,,3,0,3,3,0,3,0,0,0,0,4
77600,JesusGamez02,,2,0,2,2,0,2,0,0,0,0,2
77601,imlukesmith,,2,0,2,2,0,2,0,0,0,0,7
77602,travelsundance,,2,0,2,2,0,2,0,0,0,0,7
77604,VivaMagala,,2,0,2,2,0,2,0,0,0,0,0
77605,CarnivalCruise,,2,0,2,2,0,2,0,0,0,0,7
77606,PrincessCruises,,2,0,2,2,0,2,0,0,0,0,7
77607,CruiseNorwegian,,2,0,2,2,0,2,0,0,0,0,0
77609,RoyalCaribbean,,3,0,3,3,0,3,0,0,0,0,0
77610,Vale_RosaMela,,2,0,2,2,0,2,0,0,0,0,7
77612,olielo_travels,,3,0,3,3,0,3,0,0,0,0,6
77615,WelcomeToMalaga,,3,0,3,3,0,3,0,0,0,0,0
77616,ccrosaleda,,3,0,3,3,0,3,0,0,0,0,0
77619,BonVoyageurs,,3,0,3,3,0,3,0,0,0,0,6
77620,YettioTravelMag,,3,0,3,3,0,3,0,0,0,0,7
77631,SpainGivers,,3,0,3,3,0,3,0,0,0,0,7
77636,MagazineGolf,,2,0,2,2,0,2,0,0,0,0,0
77639,LilyandSpain,,2,0,2,2,0,2,0,0,0,0,0
77645,MabelMovi,,3,0,3,3,0,3,0,0,0,0,6
77647,MarcheTourism,,3,0,3,3,0,3,0,0,0,0,3
77649,2MonkeysTravel,,3,0,3,3,0,3,0,0,0,0,2
77651,AlejandroEquix,,2,0,2,2,0,2,0,0,0,0,4
77653,RuedodeOlivenza,,3,0,3,3,0,3,0,0,0,0,0
77654,RutasyVivencias,,2,0,2,2,0,2,0,0,0,0,0
77656,La__Surena,,3,0,3,3,0,3,0,0,0,0,7
77673,andaluciavive,,2,0,2,2,0,2,0,0,0,0,0
77679,boqueronviajero,,3,0,3,3,0,3,0,0,0,0,2
77683,alquilermalaga_,,2,0,2,2,0,2,0,0,0,0,0
77685,agualivar,,3,0,3,3,0,3,0,0,0,0,1
77686,VpilsAugstskola,,2,0,2,2,0,2,0,0,0,0,1
77687,UNINEUKOELLN,,2,0,2,2,0,2,0,0,0,0,4
77688,_Meridional,,2,0,2,2,0,2,0,0,0,0,0
77691,SwedishHousePar,,2,0,2,2,0,2,0,0,0,0,1
77692,AleHermano,,2,0,2,2,0,2,0,0,0,0,1
77697,teleprensamlg,,2,0,2,2,0,2,0,0,0,0,1
77701,Turismo_Uma,,2,0,2,2,0,2,0,0,0,0,0
77705,newsspain,,2,0,2,2,0,2,0,0,0,0,1
77707,MalagaRusa,,2,0,2,2,0,2,0,0,0,0,0
77708,thatgoodtrip,,2,0,2,2,0,2,0,0,0,0,7
77709,travel_thelife,,3,0,3,3,0,3,0,0,0,0,7
77711,TrasterosPlus,,2,0,2,2,0,2,0,0,0,0,0
77713,vuelaviajes,,2,0,2,2,0,2,0,0,0,0,0
77716,AndorreandoM,,3,0,3,3,0,3,0,0,0,0,7
77723,iviaggidimanuel,,3,0,3,3,0,3,0,0,0,0,1
77724,appuntidi,,2,0,2,2,0,2,0,0,0,0,1
77725,iviaggididante,,2,0,2,2,0,2,0,0,0,0,1
77727,Manuela_Vitulli,,3,0,3,3,0,3,0,0,0,0,1
77728,Crinviaggio,,3,0,3,3,0,3,0,0,0,0,1
77729,S_Emarti,,3,0,3,3,0,3,0,0,0,0,1
77730,touristtrade,,3,0,3,3,0,3,0,0,0,0,1
77731,SilviaCartotto,,3,0,3,3,0,3,0,0,0,0,1
77732,scusateiovado,,3,0,3,3,0,3,0,0,0,0,1
77733,viaggiatori,,3,0,3,3,0,3,0,0,0,0,7
77734,blogdiviaggi,,3,0,3,3,0,3,0,0,0,0,7
77735,BlogDiViaggi_,,3,0,3,3,0,3,0,0,0,0,7
77737,EuropeanTour,,3,0,3,3,0,3,0,0,0,0,7
77741,Tengolf,,2,0,2,2,0,2,0,0,0,0,0
77742,rfegolf,,3,0,3,3,0,3,0,0,0,0,0
77743,opengolf_news,,2,0,2,2,0,2,0,0,0,0,0
77744,ChaparralGC,,2,0,2,2,0,2,0,0,0,0,0
77745,bavieragolf,,2,0,2,2,0,2,0,0,0,0,0
77746,laurogolf,,2,0,2,2,0,2,0,0,0,0,0
77747,MijasGolfClub,,2,0,2,2,0,2,0,0,0,0,0
77748,donanagolf,,2,0,2,2,0,2,0,0,0,0,0
77749,golfplayaserena,,2,0,2,2,0,2,0,0,0,0,0
77750,Golf_RioReal,,2,0,2,2,0,2,0,0,0,0,0
77751,alhauringolf,,2,0,2,2,0,2,0,0,0,0,0
77752,Golf_LaEstancia,,2,0,2,2,0,2,0,0,0,0,0
77754,anoretagolf,,2,0,2,2,0,2,0,0,0,0,0
77755,LosNaranjosGC,,2,0,2,2,0,2,0,0,0,0,0
77756,DJuliaGolf,,2,0,2,2,0,2,0,0,0,0,0
77757,golfladuquesa,,2,0,2,2,0,2,0,0,0,0,0
77758,GOLFVILLANUEVA,,2,0,2,2,0,2,0,0,0,0,0
77760,MLGastrofest,,2,0,2,2,0,2,0,0,0,0,0
77765,PortAventuraBE,,2,0,2,2,0,2,0,0,0,0,0
77768,MaletaMundi,,2,0,2,2,0,2,0,0,0,0,0
77770,AlboranGin,,2,0,2,2,0,2,0,0,0,0,0
77773,destinandalucia,,3,0,3,3,0,3,0,0,0,0,0
77778,viajmargalliver,,2,0,2,2,0,2,0,0,0,0,0
77780,zonasurblog,,2,0,2,2,0,2,0,0,0,0,0
77781,escapadasviajes,,3,0,3,3,0,3,0,0,0,0,6
77789,pelirroja65,,2,0,2,2,0,2,0,0,0,0,0
77791,PROCINE_MA,,2,0,2,2,0,2,0,0,0,0,1
77792,ContenedorUMA,,2,0,2,2,0,2,0,0,0,0,0
77796,ethyssenmalaga,,2,0,2,2,0,2,0,0,0,0,0
77804,ExploringSpain,,3,0,3,3,0,3,0,0,0,0,1
77806,CarnavalMLG,,2,0,2,2,0,2,0,0,0,0,0
77807,bau_malaga,,2,0,2,2,0,2,0,0,0,0,0
77808,Wanderingtradr,,2,0,2,2,0,2,0,0,0,0,7
77809,ParabolaSpain,,2,0,2,2,0,2,0,0,0,0,0
77820,inacua_malaga,,2,0,2,2,0,2,0,0,0,0,0
77821,MalagaDyE,,3,0,3,3,0,3,0,0,0,0,0
77822,MalagaFotoBlog,,2,0,2,2,0,2,0,0,0,0,0
77823,aulamarmlg,,2,0,2,2,0,2,0,0,0,0,0
77824,bbaamalaga,,2,0,2,2,0,2,0,0,0,0,0
77826,HotelMN,,2,0,2,2,0,2,0,0,0,0,0
77831,TravelEdNigel,,2,0,2,2,0,2,0,0,0,0,0
77837,V1Experiencia,,2,0,2,2,0,2,0,0,0,0,6
77838,MalagaAirport,,2,0,2,2,0,2,0,0,0,0,0
77839,Malagaweb,,2,0,2,2,0,2,0,0,0,0,0
77842,ST_TravelMag,,3,0,3,3,0,3,0,0,0,0,7
77850,OcioEnMalaga,,3,0,3,3,0,3,0,0,0,0,5
77852,TradinTraveler,,3,0,3,3,0,3,0,0,0,0,4
77853,Ocio_Malaga,,3,0,3,3,0,3,0,0,0,0,0
77854,ParaisoMalaga,,3,0,3,3,0,3,0,0,0,0,0
77855,AFMalaga,,2,0,2,2,0,2,0,0,0,0,6
77856,malagasana,,2,0,2,2,0,2,0,0,0,0,0
77857,ConcertoMalaga,,2,0,2,2,0,2,0,0,0,0,0
77860,GrupoGORKI,,2,0,2,2,0,2,0,0,0,0,0
77861,ACMalagaPalacio,,2,0,2,2,0,2,0,0,0,0,0
77867,Costadelsol,,2,0,2,2,0,2,0,0,0,0,0
77869,SUR_English,,2,0,2,2,0,2,0,0,0,0,6
77870,erequena,,3,0,3,3,0,3,0,0,0,0,0
77874,mrsoaroundworld,,3,0,3,3,0,3,0,0,0,0,7
77880,LuxurySpainTrav,,3,0,3,3,0,3,0,0,0,0,0
77896,Diamamdu,,3,0,3,3,0,3,0,0,0,0,4
77899,_RocioMadrid,,2,0,2,2,0,2,0,0,0,0,0
77901,VoluntariosMLG,,3,0,3,3,0,3,0,0,0,0,4
77917,jopyme,,2,0,2,2,0,2,0,0,0,0,0
77918,Gemmadelcorral,,3,0,3,3,0,3,0,0,0,0,0
77921,MuseoVinoMalaga,,3,0,3,3,0,3,0,0,0,0,0
77923,malakao,,2,0,2,2,0,2,0,0,0,0,0
77925,SohoMLG,,3,0,3,3,0,3,0,0,0,0,6
77926,SURCulturas,,3,0,3,3,0,3,0,0,0,0,4
77929,NochenblancoMLG,,2,0,2,2,0,2,0,0,0,0,0
77931,CentralMalaga,,2,0,2,2,0,2,0,0,0,0,0
77932,Mlgbella,,2,0,2,2,0,2,0,0,0,0,6
77943,jorgesie7e,,2,0,2,2,0,2,0,0,0,0,0
77944,lovingmalaga,,2,0,2,2,0,2,0,0,0,0,4
77948,LimitlessDuo,,2,0,2,2,0,2,0,0,0,0,7
77949,AntequeraGolf,,3,0,3,3,0,3,0,0,0,0,0
77955,caja_clicks,,2,0,2,2,0,2,0,0,0,0,0
77959,culturauma,,2,0,2,2,0,2,0,0,0,0,4
77969,guampero,,2,0,2,2,0,2,0,0,0,0,0
77971,KimberliHull,,3,0,3,3,0,3,0,0,0,0,7
77974,Fycma,,3,0,3,3,0,3,0,0,0,0,0
77978,Inma__Arroyo,,2,0,2,2,0,2,0,0,0,0,0
77980,nextep_es,,2,0,2,2,0,2,0,0,0,0,0
77985,BootsnAll,,3,0,3,3,0,3,0,0,0,0,7
77986,luxurytravel,,3,0,3,3,0,3,0,0,0,0,7
77990,Codigo29Magazin,,2,0,2,2,0,2,0,0,0,0,0
77995,CnatalPicasso,,2,0,2,2,0,2,0,0,0,0,0
77996,BloggersMeeting,,3,0,3,3,0,3,0,0,0,0,0
77998,TDMalaga,,2,0,2,2,0,2,0,0,0,0,0
77999,ElPimpiMalaga,,3,0,3,3,0,3,0,0,0,0,0
78000,TeatroCervantes,,3,0,3,3,0,3,0,0,0,0,0
78001,MalagaCFemenino,,3,0,3,3,0,3,0,0,0,0,0
78002,VicoVlvrd,,2,0,2,2,0,2,0,0,0,0,0
78010,lidia97_rm,,2,0,2,2,0,2,0,0,0,0,6
78013,kolomask8,,2,0,2,2,0,2,0,0,0,0,6
78014,laura_ahb,,2,0,2,2,0,2,0,0,0,0,6
78019,vaatiper,,2,0,2,2,0,2,0,0,0,0,6
78026,luumorianab,,2,0,2,2,0,2,0,0,0,0,6
78027,Ake13_,,2,0,2,2,0,2,0,0,0,0,6
78031,Goddamn98,,2,0,2,2,0,2,0,0,0,0,6
78034,TucaSpikey,,2,0,2,2,0,2,0,0,0,0,6
78035,diegaur,,2,0,2,2,0,2,0,0,0,0,6
78036,PanecilloVolado,,2,0,2,2,0,2,0,0,0,0,6
78037,elenoox,,2,0,2,2,0,2,0,0,0,0,6
78038,AlbaIceCream,,2,0,2,2,0,2,0,0,0,0,0
78066,CarmenSp_97,,2,0,2,2,0,2,0,0,0,0,2
78073,Srta_garnic4,,2,0,2,2,0,2,0,0,0,0,6
78080,dejerrejed,,2,0,2,2,0,2,0,0,0,0,6
78083,nnleo12,,2,0,2,2,0,2,0,0,0,0,6
78086,EfectoGlobalSL,,4,0,4,4,0,4,0,0,0,0,4
78087,Larronte,,3,0,3,3,0,3,0,0,0,0,0
78088,vpadial_oficial,,3,0,3,3,0,3,0,0,0,0,0
78089,Elvisfdez,,2,0,2,2,0,2,0,0,0,0,6
78150,C_Marttini,,2,0,2,2,0,2,0,0,0,0,6
78152,Anatooro,,2,0,2,2,0,2,0,0,0,0,6
78154,JesicaBrave,,2,0,2,2,0,2,0,0,0,0,6
78162,EMYCET,,4,0,4,4,0,4,0,0,0,0,6
78166,Blackbullseven1,,2,0,2,2,0,2,0,0,0,0,6
78174,18_luucia,,2,0,2,2,0,2,0,0,0,0,5
78176,MariaAgraz18,,2,0,2,2,0,2,0,0,0,0,6
78177,DavidRuizExpo,,2,0,2,2,0,2,0,0,0,0,6
78180,EstibalizGuadix,,2,0,2,2,0,2,0,0,0,0,6
78181,Marcos_Perez4,,3,0,3,3,0,3,0,0,0,0,6
78184,CrisED_Trad,,2,0,2,2,0,2,0,0,0,0,5
78186,Sheily_tg,,2,0,2,2,0,2,0,0,0,0,6
78187,saragarcia_m,,2,0,2,2,0,2,0,0,0,0,6
78188,IsmaelHarVera,,2,0,2,2,0,2,0,0,0,0,6
78193,IriaInmo,,2,0,2,2,0,2,0,0,0,0,0
78195,juanjlpez_2,,3,0,3,3,0,3,0,0,0,0,6
78197,OlaQH_,,2,0,2,2,0,2,0,0,0,0,6
78198,AlvaroRuizMarin,,2,0,2,2,0,2,0,0,0,0,6
78199,LaCunetaRock,,3,0,3,3,0,3,0,0,0,0,6
78203,maria_fdez09,,2,0,2,2,0,2,0,0,0,0,6
78208,ArthurLinks96,,2,0,2,2,0,2,0,0,0,0,6
78228,Paula_96_,,2,0,2,2,0,2,0,0,0,0,6
78230,Sorbetedemango,,2,0,2,2,0,2,0,0,0,0,6
78231,yusefelayad,,2,0,2,2,0,2,0,0,0,0,6
78235,DE_EULI,,2,0,2,2,0,2,0,0,0,0,6
78237,NgNuria,,2,0,2,2,0,2,0,0,0,0,6
78238,ValeriaVGF,,2,0,2,2,0,2,0,0,0,0,6
78239,Roo396,,2,0,2,2,0,2,0,0,0,0,6
78240,Cintiacpj,,2,0,2,2,0,2,0,0,0,0,6
78248,Rsk_m3,,2,0,2,2,0,2,0,0,0,0,6
78252,EugeniaPorcel_,,2,0,2,2,0,2,0,0,0,0,6
78254,Feelingtxt,,2,0,2,2,0,2,0,0,0,0,2
78256,tributo_danpo,,2,0,2,2,0,2,0,0,0,0,6
78257,dandolesentido,,2,0,2,2,0,2,0,0,0,0,6
78259,ASESMAP,,3,0,3,3,0,3,0,0,0,0,4
78262,JennyOr84545132,,2,0,2,2,0,2,0,0,0,0,6
78270,monibergar,,2,0,2,2,0,2,0,0,0,0,5
78275,YmisiMarga,,2,0,2,2,0,2,0,0,0,0,6
78281,al3686,,2,0,2,2,0,2,0,0,0,0,0
78287,carmenLoli86,,3,0,3,3,0,3,0,0,0,0,6
78293,Noeliia1997,,2,0,2,2,0,2,0,0,0,0,6
78297,SeguraRosi,,2,0,2,2,0,2,0,0,0,0,0
78298,CoralOnTheWorld,,2,0,2,2,0,2,0,0,0,0,6
78301,SergiAyala3,,2,0,2,2,0,2,0,0,0,0,6
78302,ivan22jh,,2,0,2,2,0,2,0,0,0,0,6
78304,LpezEsther10,,2,0,2,2,0,2,0,0,0,0,6
78307,ReyeesG,,2,0,2,2,0,2,0,0,0,0,6
78313,SilviaGarcia512,,2,0,2,2,0,2,0,0,0,0,6
78314,Encarni_14,,2,0,2,2,0,2,0,0,0,0,6
78316,PalomaSj93,,2,0,2,2,0,2,0,0,0,0,6
78318,miguelpergar,,2,0,2,2,0,2,0,0,0,0,6
78321,srgio_23,,2,0,2,2,0,2,0,0,0,0,6
78326,Juande_92_,,2,0,2,2,0,2,0,0,0,0,6
78333,MaRuizFer5,,3,0,3,3,0,3,0,0,0,0,6
78335,IreneTatata,,2,0,2,2,0,2,0,0,0,0,6
78343,Marsupilado,,2,0,2,2,0,2,0,0,0,0,6
78345,ElteatreroJose,,2,0,2,2,0,2,0,0,0,0,0
78348,bnkr__,,2,0,2,2,0,2,0,0,0,0,6
78351,Olguitabalcrock,,2,0,2,2,0,2,0,0,0,0,6
78363,cmgr96,,2,0,2,2,0,2,0,0,0,0,6
78367,mjvm95,,2,0,2,2,0,2,0,0,0,0,6
78368,Eyad775,,2,0,2,2,0,2,0,0,0,0,6
78374,aNNillaa,,2,0,2,2,0,2,0,0,0,0,6
78375,NoeRodriguez259,,2,0,2,2,0,2,0,0,0,0,6
78378,isabel94esp,,2,0,2,2,0,2,0,0,0,0,6
78381,carlossegura242,,2,0,2,2,0,2,0,0,0,0,6
78385,OnlineGallery8,,2,0,2,2,0,2,0,0,0,0,2
78386,angiebrmdz,,2,0,2,2,0,2,0,0,0,0,6
78394,CmslSaez,,2,0,2,2,0,2,0,0,0,0,6
78398,isaacasecas,,2,0,2,2,0,2,0,0,0,0,6
78400,Vostok6_,,2,0,2,2,0,2,0,0,0,0,6
78406,helenalm,,2,0,2,2,0,2,0,0,0,0,6
78410,patrininfa94,,2,0,2,2,0,2,0,0,0,0,6
78412,Samarita92,,2,0,2,2,0,2,0,0,0,0,6
78421,_beatrizmartin,,2,0,2,2,0,2,0,0,0,0,5
78425,LinocheR,,2,0,2,2,0,2,0,0,0,0,6
78435,NicoJimenez10,,2,0,2,2,0,2,0,0,0,0,6
78442,Paaulitta,,2,0,2,2,0,2,0,0,0,0,6
78443,LauritaVi94,,2,0,2,2,0,2,0,0,0,0,6
78445,Albertlerma,,2,0,2,2,0,2,0,0,0,0,6
78453,angelapolaina,,2,0,2,2,0,2,0,0,0,0,6
78455,JoelCriado,,2,0,2,2,0,2,0,0,0,0,6
78457,LuisiFarneda,,2,0,2,2,0,2,0,0,0,0,6
78458,FranAngel_F,,2,0,2,2,0,2,0,0,0,0,6
78466,isapareja15,,3,0,3,3,0,3,0,0,0,0,6
78473,cristianrrs1,,2,0,2,2,0,2,0,0,0,0,6
78475,gomezvadri,,2,0,2,2,0,2,0,0,0,0,6
78477,EstherR_Coach,,2,0,2,2,0,2,0,0,0,0,6
78479,_Pocastonta_,,2,0,2,2,0,2,0,0,0,0,6
78480,mabelpx7,,2,0,2,2,0,2,0,0,0,0,0
78482,AuroriCano,,2,0,2,2,0,2,0,0,0,0,6
78483,Miriamrp95,,2,0,2,2,0,2,0,0,0,0,0
78487,galle_silvia,,2,0,2,2,0,2,0,0,0,0,6
78488,_CarmenGea_,,2,0,2,2,0,2,0,0,0,0,0
78495,javi_isaac,,2,0,2,2,0,2,0,0,0,0,6
78498,javi_pasadetodo,,2,0,2,2,0,2,0,0,0,0,6
78499,AleidaMqzPrz,,3,0,3,3,0,3,0,0,0,0,0
78500,bearconada4,,2,0,2,2,0,2,0,0,0,0,4
78503,outalbis,,2,0,2,2,0,2,0,0,0,0,6
78509,BecariosWeb,,3,0,3,3,0,3,0,0,0,0,0
78511,aquiperuviajes,,2,0,2,2,0,2,0,0,0,0,6
78515,MaYasukawa,,2,0,2,2,0,2,0,0,0,0,6
78516,CaarmenciitaL,,3,0,3,3,0,3,0,0,0,0,0
78519,carretero_javi,,2,0,2,2,0,2,0,0,0,0,0
78523,informercrimi,,2,0,2,2,0,2,0,0,0,0,6
78524,booiamrudolf,,2,0,2,2,0,2,0,0,0,0,0
78526,DangM3,,2,0,2,2,0,2,0,0,0,0,8
78529,beautyofmelody,,2,0,2,2,0,2,0,0,0,0,0
78530,EligeloYa,,2,0,2,2,0,2,0,0,0,0,6
78533,PadreIsrael,,2,0,2,2,0,2,0,0,0,0,6
78537,wanmosbynexus,,2,0,2,2,0,2,0,0,0,0,6
78539,isabelcere97,,2,0,2,2,0,2,0,0,0,0,6
78540,abraanSTS,,3,0,3,3,0,3,0,0,0,0,4
78541,vadepizzagr,,2,0,2,2,0,2,0,0,0,0,6
78542,Anaramirezcano1,,2,0,2,2,0,2,0,0,0,0,6
78543,andreavillre,,2,0,2,2,0,2,0,0,0,0,6
78552,santipuertas22,,2,0,2,2,0,2,0,0,0,0,6
78555,dccdani,,2,0,2,2,0,2,0,0,0,0,6
78556,maria_gv97,,2,0,2,2,0,2,0,0,0,0,6
78557,oliiveer_97,,2,0,2,2,0,2,0,0,0,0,6
78558,onepoolloop2015,,2,0,2,2,0,2,0,0,0,0,6
78559,saandra13__,,2,0,2,2,0,2,0,0,0,0,6
78562,anitarubia18,,2,0,2,2,0,2,0,0,0,0,6
78564,amaiagg91,,3,0,3,3,0,3,0,0,0,0,6
78568,JAeltuba,,2,0,2,2,0,2,0,0,0,0,6
78569,Innaritaa,,3,0,3,3,0,3,0,0,0,0,6
78573,juliocapoeira2,,3,0,3,3,0,3,0,0,0,0,1
78584,Chari_Ccmm,,2,0,2,2,0,2,0,0,0,0,6
78590,Joan_Molins,,3,0,3,3,0,3,0,0,0,0,0
78594,vaquillatroglo,,2,0,2,2,0,2,0,0,0,0,6
78595,MaryMartinOfici,,2,0,2,2,0,2,0,0,0,0,6
78596,reynaldocru,,2,0,2,2,0,2,0,0,0,0,6
78598,Prof_Fernandez,,2,0,2,2,0,2,0,0,0,0,4
78600,MariaMairenxu,,2,0,2,2,0,2,0,0,0,0,6
78603,Usamomote,,2,0,2,2,0,2,0,0,0,0,0
78604,Rosiopaez,,2,0,2,2,0,2,0,0,0,0,6
78612,MerAguilera,,2,0,2,2,0,2,0,0,0,0,6
78623,Sandra_Desafio,,2,0,2,2,0,2,0,0,0,0,6
78624,raaquueeL9,,2,0,2,2,0,2,0,0,0,0,3
78633,vicmart94,,2,0,2,2,0,2,0,0,0,0,6
78639,AndJoseGM,,3,0,3,3,0,3,0,0,0,0,6
78640,Miriam_exa,,2,0,2,2,0,2,0,0,0,0,6
78641,angelvg93,,2,0,2,2,0,2,0,0,0,0,6
78644,consuvalp,,2,0,2,2,0,2,0,0,0,0,0
78646,cribsa,,3,0,3,3,0,3,0,0,0,0,6
78666,DaviCastillo97,,2,0,2,2,0,2,0,0,0,0,6
78668,elena_eleniilla,,2,0,2,2,0,2,0,0,0,0,6
78669,macarenaaaars,,2,0,2,2,0,2,0,0,0,0,6
78673,JnnAckerman,,2,0,2,2,0,2,0,0,0,0,6
78679,ClinicaAlcazaba,,2,0,2,2,0,2,0,0,0,0,0
78682,Laura5exposito,,2,0,2,2,0,2,0,0,0,0,6
78686,SoloPozas,,2,0,2,2,0,2,0,0,0,0,6
78691,Cris_NSQ,,3,0,3,3,0,3,0,0,0,0,6
78695,bioeticagranada,,2,0,2,2,0,2,0,0,0,0,6
78697,ignacio_bueno,,2,0,2,2,0,2,0,0,0,0,6
78698,doctoramayca,,3,0,3,3,0,3,0,0,0,0,0
78708,vemelgar,,3,0,3,3,0,3,0,0,0,0,6
78709,PabloGlvezMartn,,2,0,2,2,0,2,0,0,0,0,6
78711,elenademota,,2,0,2,2,0,2,0,0,0,0,6
78713,JesvsR,,2,0,2,2,0,2,0,0,0,0,0
78715,andreapgrm,,2,0,2,2,0,2,0,0,0,0,6
78716,arcoadamuz,,3,0,3,3,0,3,0,0,0,0,6
78717,_IsmaelReina_,,2,0,2,2,0,2,0,0,0,0,6
78719,Laurita_HM,,2,0,2,2,0,2,0,0,0,0,6
78720,BbelenHurtado,,2,0,2,2,0,2,0,0,0,0,6
78723,PilarUre09,,2,0,2,2,0,2,0,0,0,0,6
78724,RqueR_,,3,0,3,3,0,3,0,0,0,0,6
78726,paula_delsanto,,2,0,2,2,0,2,0,0,0,0,0
78727,cirujano,,3,0,3,3,0,3,0,0,0,0,6
78729,m4cri,,2,0,2,2,0,2,0,0,0,0,6
78733,SofiaHdr,,2,0,2,2,0,2,0,0,0,0,6
78734,GKmarta,,2,0,2,2,0,2,0,0,0,0,6
78736,teresaalonso96,,2,0,2,2,0,2,0,0,0,0,6
78738,javilinwo,,3,0,3,3,0,3,0,0,0,0,6
78742,Annieerrezeta,,2,0,2,2,0,2,0,0,0,0,0
78743,MHernandezolmo,,2,0,2,2,0,2,0,0,0,0,6
78748,darth_danpo,,2,0,2,2,0,2,0,0,0,0,6
78758,danpo_92,,2,0,2,2,0,2,0,0,0,0,6
78761,Vilicius,,2,0,2,2,0,2,0,0,0,0,6
78763,MedicinaJoven,,2,0,2,2,0,2,0,0,0,0,6
78766,thekellyvaughn,,2,0,2,2,0,2,0,0,0,0,3
78768,gonzoonews,,3,0,3,3,0,3,0,0,0,0,6
78770,shokomadrid,,3,0,3,3,0,3,0,0,0,0,0
78771,WeAreTheInCrowd,,2,0,2,2,0,2,0,0,0,0,2
78772,patriwis,,2,0,2,2,0,2,0,0,0,0,5
78776,GranadaEsJazz,,3,0,3,3,0,3,0,0,0,0,0
78778,ManuVerdejo92,,2,0,2,2,0,2,0,0,0,0,6
78779,ruben_villalba_,,3,0,3,3,0,3,0,0,0,0,4
78782,ChemaRodrguez1,,3,0,3,3,0,3,0,0,0,0,6
78783,MikelBlue,,2,0,2,2,0,2,0,0,0,0,0
78785,Siisoderma,,2,0,2,2,0,2,0,0,0,0,6
78786,AdriRRdgz,,2,0,2,2,0,2,0,0,0,0,6
78787,battanair,,3,0,3,3,0,3,0,0,0,0,6
78790,thesoulmovers,,2,0,2,2,0,2,0,0,0,0,0
78792,meryplif,,2,0,2,2,0,2,0,0,0,0,5
78794,MerRaven,,2,0,2,2,0,2,0,0,0,0,6
78800,lorenillasmile,,2,0,2,2,0,2,0,0,0,0,6
78806,LuciiaRodrii,,2,0,2,2,0,2,0,0,0,0,6
78816,iGecofer,,3,0,3,3,0,3,0,0,0,0,0
78818,Zaldihipica,,2,0,2,2,0,2,0,0,0,0,6
78819,asjserrano,,2,0,2,2,0,2,0,0,0,0,6
78822,97_danieeeeeh,,2,0,2,2,0,2,0,0,0,0,6
78824,psalcedo14,,2,0,2,2,0,2,0,0,0,0,6
78830,AndreaPerez0598,,2,0,2,2,0,2,0,0,0,0,6
78842,IreneGgomez,,2,0,2,2,0,2,0,0,0,0,6
78850,19Silviia,,2,0,2,2,0,2,0,0,0,0,6
78854,JMontalvo98,,2,0,2,2,0,2,0,0,0,0,6
78855,lasusi69,,2,0,2,2,0,2,0,0,0,0,0
78856,Migueltome18,,2,0,2,2,0,2,0,0,0,0,6
78858,cristianonate_,,2,0,2,2,0,2,0,0,0,0,6
78868,castillo_susii,,2,0,2,2,0,2,0,0,0,0,6
78869,8KeviNFI,,2,0,2,2,0,2,0,0,0,0,2
78873,ComandoZRap,,2,0,2,2,0,2,0,0,0,0,6
78875,antomanu96,,2,0,2,2,0,2,0,0,0,0,6
78881,manuelrrpp1,,3,0,3,3,0,3,0,0,0,0,2
78884,FTFoficial_,,2,0,2,2,0,2,0,0,0,0,0
78894,SoniaPonchi,,2,0,2,2,0,2,0,0,0,0,6
78898,pantallastv,,2,0,2,2,0,2,0,0,0,0,0
78905,tomycm94,,3,0,3,3,0,3,0,0,0,0,6
78907,habderraman,,2,0,2,2,0,2,0,0,0,0,0
78911,JuanAPG94,,2,0,2,2,0,2,0,0,0,0,6
78913,DonWery,,2,0,2,2,0,2,0,0,0,0,6
78916,juankaPS91,,3,0,3,3,0,3,0,0,0,0,6
78917,velasco_alba,,2,0,2,2,0,2,0,0,0,0,6
78919,Mariasanz1995,,2,0,2,2,0,2,0,0,0,0,6
78920,NigerColumbus,,2,0,2,2,0,2,0,0,0,0,6
78921,farmaciatsis,,3,0,3,3,0,3,0,0,0,0,6
78932,2_josema,,2,0,2,2,0,2,0,0,0,0,6
78936,tdetaurina,,2,0,2,2,0,2,0,0,0,0,6
78938,ivan_lopgarcia,,2,0,2,2,0,2,0,0,0,0,6
78942,niicoa69,,2,0,2,2,0,2,0,0,0,0,6
78944,Priincesita_99,,2,0,2,2,0,2,0,0,0,0,4
78945,LeandroDavidM01,,2,0,2,2,0,2,0,0,0,0,0
78949,Jorge_ortega98,,2,0,2,2,0,2,0,0,0,0,6
78951,ConstanFdez,,2,0,2,2,0,2,0,0,0,0,6
78954,ana_torrubia,,2,0,2,2,0,2,0,0,0,0,6
78963,O_alejandrae,,2,0,2,2,0,2,0,0,0,0,6
78965,MonicaPadial,,2,0,2,2,0,2,0,0,0,0,6
78967,mariadiazramos,,3,0,3,3,0,3,0,0,0,0,6
78968,MariGarridoRosa,,3,0,3,3,0,3,0,0,0,0,6
78969,virpega,,2,0,2,2,0,2,0,0,0,0,6
78971,ArturoNavas7,,2,0,2,2,0,2,0,0,0,0,6
78972,Anuusquii,,2,0,2,2,0,2,0,0,0,0,6
78974,lolarc16,,2,0,2,2,0,2,0,0,0,0,6
78975,pauuGRR,,2,0,2,2,0,2,0,0,0,0,6
78976,Lore_nilla7791,,3,0,3,3,0,3,0,0,0,0,6
78978,MariaRM_,,2,0,2,2,0,2,0,0,0,0,6
78980,daniorteca,,2,0,2,2,0,2,0,0,0,0,2
78985,AlvaroGRedondo,,2,0,2,2,0,2,0,0,0,0,6
78986,martaleon29,,2,0,2,2,0,2,0,0,0,0,6
78990,aldara_m,,2,0,2,2,0,2,0,0,0,0,5
78991,Ivanbnprz,,2,0,2,2,0,2,0,0,0,0,6
78993,Lenita_91,,2,0,2,2,0,2,0,0,0,0,0
78994,LoreenaRoman,,2,0,2,2,0,2,0,0,0,0,6
78995,maryarco15,,2,0,2,2,0,2,0,0,0,0,6
78996,Luciacm2,,2,0,2,2,0,2,0,0,0,0,6
78998,lionessqueenDD,,2,0,2,2,0,2,0,0,0,0,6
79002,Ceecirguez,,2,0,2,2,0,2,0,0,0,0,6
79004,ManbertOfficial,,2,0,2,2,0,2,0,0,0,0,6
79006,nataliagm29,,2,0,2,2,0,2,0,0,0,0,6
79010,gabbana_madre,,2,0,2,2,0,2,0,0,0,0,6
79014,turkuglu,,2,0,2,2,0,2,0,0,0,0,6
79015,AlmuArazola,,2,0,2,2,0,2,0,0,0,0,6
79017,AlvaroOrtizBaca,,2,0,2,2,0,2,0,0,0,0,6
79023,carmensf4,,2,0,2,2,0,2,0,0,0,0,6
79025,JuanmaMartinL,,2,0,2,2,0,2,0,0,0,0,6
79030,Pablitoclavon2,,2,0,2,2,0,2,0,0,0,0,6
79032,ivanchis94,,2,0,2,2,0,2,0,0,0,0,6
79045,SusanaG11,,2,0,2,2,0,2,0,0,0,0,6
79052,_saracasado,,2,0,2,2,0,2,0,0,0,0,6
79058,josemoreno94,,2,0,2,2,0,2,0,0,0,0,6
79059,iireneromero_,,2,0,2,2,0,2,0,0,0,0,6
79061,Granadino97,,2,0,2,2,0,2,0,0,0,0,6
79062,Nym_Zurda,,3,0,3,3,0,3,0,0,0,0,6
79063,Carmen__Guzman,,3,0,3,3,0,3,0,0,0,0,6
79072,Crisladramas,,2,0,2,2,0,2,0,0,0,0,6
79074,Antonio140812,,2,0,2,2,0,2,0,0,0,0,6
79081,raulcr7benalua,,2,0,2,2,0,2,0,0,0,0,6
79094,__Fs0ci3ty_,,2,0,2,2,0,2,0,0,0,0,6
79099,135Marii,,3,0,3,3,0,3,0,0,0,0,6
79100,mmbazoco,,2,0,2,2,0,2,0,0,0,0,6
79102,Mariiajose_MJF,,2,0,2,2,0,2,0,0,0,0,6
79103,aandro98,,2,0,2,2,0,2,0,0,0,0,6
79107,felixrr133,,2,0,2,2,0,2,0,0,0,0,6
79111,minervamrtnz,,2,0,2,2,0,2,0,0,0,0,6
79115,MarecitaMH,,2,0,2,2,0,2,0,0,0,0,6
79116,Miss_Chochona,,2,0,2,2,0,2,0,0,0,0,6
79118,NaxoLM,,2,0,2,2,0,2,0,0,0,0,6
79119,Elviraaa5,,2,0,2,2,0,2,0,0,0,0,6
79120,Emejotti,,2,0,2,2,0,2,0,0,0,0,6
79124,mariajorm98,,3,0,3,3,0,3,0,0,0,0,6
79128,BeaCampo,,2,0,2,2,0,2,0,0,0,0,6
79129,albertogarcia7_,,2,0,2,2,0,2,0,0,0,0,6
79131,martinjesus99,,2,0,2,2,0,2,0,0,0,0,6
79132,rocio_lara98,,2,0,2,2,0,2,0,0,0,0,6
79133,ClaritaFernndez,,3,0,3,3,0,3,0,0,0,0,6
79134,LourdesUrda,,3,0,3,3,0,3,0,0,0,0,6
79139,paula_cervilla,,2,0,2,2,0,2,0,0,0,0,6
79141,FranciscoRB96,,2,0,2,2,0,2,0,0,0,0,6
79143,AlbaBench,,2,0,2,2,0,2,0,0,0,0,6
79149,CarolRubita1997,,2,0,2,2,0,2,0,0,0,0,6
79152,JuaniPatino,,2,0,2,2,0,2,0,0,0,0,5
79154,NereaCastro15,,2,0,2,2,0,2,0,0,0,0,6
79155,Andrearova29,,2,0,2,2,0,2,0,0,0,0,6
79160,WeeklyChris94,,2,0,2,2,0,2,0,0,0,0,6
79163,PereaRobert,,2,0,2,2,0,2,0,0,0,0,6
79168,Rusillo95,,2,0,2,2,0,2,0,0,0,0,6
79181,maruba_10,,2,0,2,2,0,2,0,0,0,0,6
79186,santiarcos97,,2,0,2,2,0,2,0,0,0,0,2
79189,Albaricuqui,,2,0,2,2,0,2,0,0,0,0,5
79192,veronica_f9,,2,0,2,2,0,2,0,0,0,0,6
79195,krisposound,,2,0,2,2,0,2,0,0,0,0,6
79196,alvarogr92,,2,0,2,2,0,2,0,0,0,0,6
79198,JaimeRomeroDj,,3,0,3,3,0,3,0,0,0,0,6
79201,_Estela_13,,2,0,2,2,0,2,0,0,0,0,6
79204,CantarellHi,,2,0,2,2,0,2,0,0,0,0,6
79205,yoly_lopez_,,2,0,2,2,0,2,0,0,0,0,6
79206,rafatrallero,,2,0,2,2,0,2,0,0,0,0,6
79213,Cristiaranda28,,2,0,2,2,0,2,0,0,0,0,6
79214,ArrobaIvan97,,2,0,2,2,0,2,0,0,0,0,0
79216,noereyes29,,2,0,2,2,0,2,0,0,0,0,6
79222,MiriAybar,,3,0,3,3,0,3,0,0,0,0,6
79225,Evaaguillen,,2,0,2,2,0,2,0,0,0,0,0
79226,_mvrtxx,,2,0,2,2,0,2,0,0,0,0,6
79233,alvarosb93,,2,0,2,2,0,2,0,0,0,0,6
79235,Alfonso_Mellark,,2,0,2,2,0,2,0,0,0,0,5
79251,IToro03,,2,0,2,2,0,2,0,0,0,0,0
79253,lauorteortu,,3,0,3,3,0,3,0,0,0,0,6
79254,padilladesign,,2,0,2,2,0,2,0,0,0,0,6
79274,Olgaacerezo,,2,0,2,2,0,2,0,0,0,0,6
79275,josemi_llorente,,2,0,2,2,0,2,0,0,0,0,6
79277,larry_alvaro,,2,0,2,2,0,2,0,0,0,0,0
79285,carmengf_2012,,2,0,2,2,0,2,0,0,0,0,6
79295,saritaxcl,,2,0,2,2,0,2,0,0,0,0,6
79297,soniasolalara,,2,0,2,2,0,2,0,0,0,0,6
79298,Heleprieto,,2,0,2,2,0,2,0,0,0,0,6
79303,Luxygd,,2,0,2,2,0,2,0,0,0,0,6
79304,MoragaRafa,,2,0,2,2,0,2,0,0,0,0,6
79308,albaGlezD,,2,0,2,2,0,2,0,0,0,0,6
79313,inmalupi28,,2,0,2,2,0,2,0,0,0,0,0
79314,sytmadrid,,2,0,2,2,0,2,0,0,0,0,6
79317,MissCrowHollow,,2,0,2,2,0,2,0,0,0,0,6
79319,zonacreativ1111,,2,0,2,2,0,2,0,0,0,0,6
79321,Siilviialba,,2,0,2,2,0,2,0,0,0,0,6
79332,moreno_andre,,2,0,2,2,0,2,0,0,0,0,6
79338,melora26,,2,0,2,2,0,2,0,0,0,0,6
79341,R_hralv,,2,0,2,2,0,2,0,0,0,0,6
79346,Antonio_JAG17,,3,0,3,3,0,3,0,0,0,0,6
79347,a_urenaa,,2,0,2,2,0,2,0,0,0,0,6
79355,Raul27vm,,2,0,2,2,0,2,0,0,0,0,6
79360,albamaraz,,3,0,3,3,0,3,0,0,0,0,0
79367,jesus_agmarques,,2,0,2,2,0,2,0,0,0,0,6
79370,adrianmonkda95,,2,0,2,2,0,2,0,0,0,0,4
79382,Ivnluis7,,3,0,3,3,0,3,0,0,0,0,6
79391,GamizTrallero,,2,0,2,2,0,2,0,0,0,0,6
79392,PaoloPaola55,,2,0,2,2,0,2,0,0,0,0,0
79393,lacajademariana,,2,0,2,2,0,2,0,0,0,0,6
79404,Darksardas,,3,0,3,3,0,3,0,0,0,0,6
79412,RaquelCano15,,2,0,2,2,0,2,0,0,0,0,6
79414,paulahk95,,3,0,3,3,0,3,0,0,0,0,6
79415,IreneRuiiiiz,,2,0,2,2,0,2,0,0,0,0,6
79425,vanessaruizfer,,2,0,2,2,0,2,0,0,0,0,6
79427,jesuspelopez_,,2,0,2,2,0,2,0,0,0,0,5
79431,leonf86,,3,0,3,3,0,3,0,0,0,0,0
79435,Crissia6,,2,0,2,2,0,2,0,0,0,0,6
79436,meryvt,,2,0,2,2,0,2,0,0,0,0,6
79439,elegarfer65,,2,0,2,2,0,2,0,0,0,0,0
79441,FrancosJavi,,2,0,2,2,0,2,0,0,0,0,6
79449,Kristynylla,,2,0,2,2,0,2,0,0,0,0,6
79451,EspejoAna_,,2,0,2,2,0,2,0,0,0,0,6
79454,AndreaGarciaBr1,,2,0,2,2,0,2,0,0,0,0,6
79455,EMHM_16,,2,0,2,2,0,2,0,0,0,0,6
79456,AsummerStory_rp,,2,0,2,2,0,2,0,0,0,0,6
79457,MariaCortes99_,,2,0,2,2,0,2,0,0,0,0,0
79460,RociiioRG,,2,0,2,2,0,2,0,0,0,0,6
79463,NathalyAlarconT,,2,0,2,2,0,2,0,0,0,0,6
79464,Granadahasta,,2,0,2,2,0,2,0,0,0,0,0
79465,JoseFaucon7,,3,0,3,3,0,3,0,0,0,0,6
79469,ERICESCOBEDO,,3,0,3,3,0,3,0,0,0,0,6
79475,mccpdetomate,,2,0,2,2,0,2,0,0,0,0,6
79478,Sarah_Elkaam96,,2,0,2,2,0,2,0,0,0,0,6
79484,TunAparejadores,,3,0,3,3,0,3,0,0,0,0,0
79485,m_pilarprez,,2,0,2,2,0,2,0,0,0,0,6
79487,jonylango,,2,0,2,2,0,2,0,0,0,0,6
79488,alvburgue,,3,0,3,3,0,3,0,0,0,0,6
79492,Oscpjim,,3,0,3,3,0,3,0,0,0,0,0
79493,AdryNavarrete6,,2,0,2,2,0,2,0,0,0,0,6
79495,Merses97,,2,0,2,2,0,2,0,0,0,0,6
79497,Ana_Ruiiz26,,2,0,2,2,0,2,0,0,0,0,6
79498,AndreaGmez6,,2,0,2,2,0,2,0,0,0,0,6
79501,JaviAlbarral,,2,0,2,2,0,2,0,0,0,0,6
79502,Anita_Escudero,,2,0,2,2,0,2,0,0,0,0,6
79503,JorgeMora1608,,3,0,3,3,0,3,0,0,0,0,6
79506,AnaisInk10,,3,0,3,3,0,3,0,0,0,0,6
79508,lonelyheartboyy,,2,0,2,2,0,2,0,0,0,0,6
79509,LidiaInReverse,,2,0,2,2,0,2,0,0,0,0,0
79512,snjosea,,2,0,2,2,0,2,0,0,0,0,0
79513,carmen_alcala,,2,0,2,2,0,2,0,0,0,0,6
79516,trinijmnz,,3,0,3,3,0,3,0,0,0,0,6
79517,Arxi_Jesus96,,2,0,2,2,0,2,0,0,0,0,6
79522,ayllonescudero,,2,0,2,2,0,2,0,0,0,0,6
79526,mariaamtps,,2,0,2,2,0,2,0,0,0,0,6
79529,chini___,,2,0,2,2,0,2,0,0,0,0,6
79533,XAccioDoug,,2,0,2,2,0,2,0,0,0,0,6
79534,elcohetero32,,3,0,3,3,0,3,0,0,0,0,6
79537,Ricardoamador_,,2,0,2,2,0,2,0,0,0,0,6
79539,abstractofilia,,2,0,2,2,0,2,0,0,0,0,6
79547,anabelcv12,,2,0,2,2,0,2,0,0,0,0,6
79558,daviliito95,,2,0,2,2,0,2,0,0,0,0,6
79560,yesugallego,,2,0,2,2,0,2,0,0,0,0,6
79566,tonitown96,,2,0,2,2,0,2,0,0,0,0,6
79569,Sr_MigueNieto,,3,0,3,3,0,3,0,0,0,0,6
79573,IvanAgudoGr,,2,0,2,2,0,2,0,0,0,0,6
79577,CarmenJmnz5,,3,0,3,3,0,3,0,0,0,0,6
79579,_PaulaGarcia98,,2,0,2,2,0,2,0,0,0,0,6
79580,YasmiYasmiin,,2,0,2,2,0,2,0,0,0,0,6
79584,marymedina97,,2,0,2,2,0,2,0,0,0,0,6
79587,lawrax_,,2,0,2,2,0,2,0,0,0,0,6
79590,isabel_ext14,,3,0,3,3,0,3,0,0,0,0,6
79593,CesarAndersen4,,2,0,2,2,0,2,0,0,0,0,0
79594,geema56,,3,0,3,3,0,3,0,0,0,0,5
79600,Ireneca_gar,,3,0,3,3,0,3,0,0,0,0,6
79602,Carlosrdgzz,,2,0,2,2,0,2,0,0,0,0,6
79609,miguelfrednan,,2,0,2,2,0,2,0,0,0,0,6
79615,mayteLucena,,2,0,2,2,0,2,0,0,0,0,6
79616,montsecapi,,2,0,2,2,0,2,0,0,0,0,6
79622,alexismorenico,,2,0,2,2,0,2,0,0,0,0,6
79623,Pequeaastronaut,,2,0,2,2,0,2,0,0,0,0,6
79624,dieciseis_noe,,2,0,2,2,0,2,0,0,0,0,6
79625,AJavierMM,,2,0,2,2,0,2,0,0,0,0,6
79628,Dylean90,,3,0,3,3,0,3,0,0,0,0,6
79629,Juan_Sebas95,,3,0,3,3,0,3,0,0,0,0,6
79634,elena_salva_,,2,0,2,2,0,2,0,0,0,0,6
79637,Irenegv_98,,2,0,2,2,0,2,0,0,0,0,6
79647,DavidRM__,,2,0,2,2,0,2,0,0,0,0,6
79651,mandalenitaa,,2,0,2,2,0,2,0,0,0,0,6
79656,MrRacahi,,2,0,2,2,0,2,0,0,0,0,6
79657,LuciRodrguez,,3,0,3,3,0,3,0,0,0,0,6
79666,AirunDark,,2,0,2,2,0,2,0,0,0,0,0
79667,equisdesoylau,,2,0,2,2,0,2,0,0,0,0,0
79672,cesarmolinaper1,,2,0,2,2,0,2,0,0,0,0,6
79675,granada_full,,2,0,2,2,0,2,0,0,0,0,6
79676,GusGusIsla,,2,0,2,2,0,2,0,0,0,0,6
79678,CentraldEntrada,,2,0,2,2,0,2,0,0,0,0,6
79680,Jose_Roodri_3,,3,0,3,3,0,3,0,0,0,0,6
79686,lynaelhamouti,,2,0,2,2,0,2,0,0,0,0,6
79687,MiguEnamorado,,2,0,2,2,0,2,0,0,0,0,6
79688,MariiaLuiisa17,,2,0,2,2,0,2,0,0,0,0,6
79689,Help_Soluciones,,2,0,2,2,0,2,0,0,0,0,0
79690,caradurabistrot,,2,0,2,2,0,2,0,0,0,0,0
79693,patopotter,,2,0,2,2,0,2,0,0,0,0,6
79700,Laumarting3,,2,0,2,2,0,2,0,0,0,0,6
79702,Juliasanchezlpz,,2,0,2,2,0,2,0,0,0,0,6
79705,NicoTapasGr,,2,0,2,2,0,2,0,0,0,0,0
79706,anavillalba97,,2,0,2,2,0,2,0,0,0,0,6
79707,esthercaramona,,3,0,3,3,0,3,0,0,0,0,0
79712,li_lidia26,,3,0,3,3,0,3,0,0,0,0,6
79715,nazarecustodio,,2,0,2,2,0,2,0,0,0,0,6
79716,LgSalander,,2,0,2,2,0,2,0,0,0,0,6
79722,MariaJoseSalme6,,2,0,2,2,0,2,0,0,0,0,6
79727,MartukaBravo,,2,0,2,2,0,2,0,0,0,0,6
79730,PatriBallesters,,2,0,2,2,0,2,0,0,0,0,6
79732,Espe_BE,,2,0,2,2,0,2,0,0,0,0,6
79733,EstherDelgaado,,2,0,2,2,0,2,0,0,0,0,6
79735,PastoraSanch,,2,0,2,2,0,2,0,0,0,0,6
79737,pili_ruiz,,2,0,2,2,0,2,0,0,0,0,6
79742,agartinez,,2,0,2,2,0,2,0,0,0,0,6
79744,Anahidalgo1,,2,0,2,2,0,2,0,0,0,0,6
79745,_paumb,,2,0,2,2,0,2,0,0,0,0,6
79750,andrea13_sg,,2,0,2,2,0,2,0,0,0,0,6
79751,_CECCAA,,2,0,2,2,0,2,0,0,0,0,6
79752,manudurcal,,2,0,2,2,0,2,0,0,0,0,6
79754,ivherma,,2,0,2,2,0,2,0,0,0,0,2
79761,FerEsquivias,,3,0,3,3,0,3,0,0,0,0,2
79762,ElisaTortosa,,2,0,2,2,0,2,0,0,0,0,5
79767,Romero_Ana14,,2,0,2,2,0,2,0,0,0,0,0
79786,Bigna_Sound,,3,0,3,3,0,3,0,0,0,0,6
79789,milvio2,,2,0,2,2,0,2,0,0,0,0,0
79792,ualc96,,3,0,3,3,0,3,0,0,0,0,6
79796,pilarluu_,,2,0,2,2,0,2,0,0,0,0,6
79797,ilde_sf,,2,0,2,2,0,2,0,0,0,0,0
79817,mario_jsg,,2,0,2,2,0,2,0,0,0,0,6
79830,monica_meva,,2,0,2,2,0,2,0,0,0,0,0
79835,shelcrfan,,2,0,2,2,0,2,0,0,0,0,6
79836,ague_97,,2,0,2,2,0,2,0,0,0,0,6
79840,jacintocullero,,2,0,2,2,0,2,0,0,0,0,6
79841,RskGonzlezLpez,,2,0,2,2,0,2,0,0,0,0,6
79844,Quienesmery,,2,0,2,2,0,2,0,0,0,0,5
79851,imcastellanog,,2,0,2,2,0,2,0,0,0,0,6
79854,Judiiti,,2,0,2,2,0,2,0,0,0,0,4
79868,LetiCastellano,,2,0,2,2,0,2,0,0,0,0,6
79883,Mariaprezv,,2,0,2,2,0,2,0,0,0,0,6
79920,saliyas7,,2,0,2,2,0,2,0,0,0,0,6
79925,ana_nevermind,,2,0,2,2,0,2,0,0,0,0,6
79940,alexandruza,,2,0,2,2,0,2,0,0,0,0,6
79944,lydiavazquezfor,,2,0,2,2,0,2,0,0,0,0,6
79947,Fhilip_Villa,,2,0,2,2,0,2,0,0,0,0,0
79957,Fran93Aguilera,,2,0,2,2,0,2,0,0,0,0,6
79967,IreneGuirado1,,2,0,2,2,0,2,0,0,0,0,6
79973,carpecpl,,2,0,2,2,0,2,0,0,0,0,6
79975,unonoES,,3,0,3,3,0,3,0,0,0,0,2
79980,_David_Risco_,,2,0,2,2,0,2,0,0,0,0,6
79981,DIVERFANGR,,2,0,2,2,0,2,0,0,0,0,0
79992,Faniyaog_,,2,0,2,2,0,2,0,0,0,0,6
80010,EduGViscasillas,,2,0,2,2,0,2,0,0,0,0,0
80012,sergiocarrasc11,,2,0,2,2,0,2,0,0,0,0,6
80017,_Alibm_,,2,0,2,2,0,2,0,0,0,0,6
80018,Desilopez96,,2,0,2,2,0,2,0,0,0,0,6
80037,LouyFierce,,2,0,2,2,0,2,0,0,0,0,7
80040,jesustcn,,2,0,2,2,0,2,0,0,0,0,6
80041,AleeeFdez,,2,0,2,2,0,2,0,0,0,0,0
80066,Andrea_Ibero,,2,0,2,2,0,2,0,0,0,0,6
80070,Maarta_3,,2,0,2,2,0,2,0,0,0,0,6
80074,glorii_ochoa,,2,0,2,2,0,2,0,0,0,0,6
80079,annie_porvena,,2,0,2,2,0,2,0,0,0,0,6
80098,PysecMar1,,2,0,2,2,0,2,0,0,0,0,0
80102,XTrem_92,,2,0,2,2,0,2,0,0,0,0,5
80103,AuroMuros,,2,0,2,2,0,2,0,0,0,0,6
80105,diandraa_didii,,3,0,3,3,0,3,0,0,0,0,6
80107,AnaMGilabert,,2,0,2,2,0,2,0,0,0,0,6
80110,RaFdezLuque,,2,0,2,2,0,2,0,0,0,0,6
80112,Pedrogajar,,3,0,3,3,0,3,0,0,0,0,0
80116,LauraZCastillo,,2,0,2,2,0,2,0,0,0,0,0
80117,Smallittlelight,,2,0,2,2,0,2,0,0,0,0,6
80119,11Nightmares,,2,0,2,2,0,2,0,0,0,0,0
80120,tinsanchezjaime,,2,0,2,2,0,2,0,0,0,0,5
80124,lalaumargareta,,2,0,2,2,0,2,0,0,0,0,6
80128,paularkahlo,,2,0,2,2,0,2,0,0,0,0,6
80136,JulianAsekas,,2,0,2,2,0,2,0,0,0,0,6
80138,VdePandovski,,2,0,2,2,0,2,0,0,0,0,6
80140,marinamr_98,,2,0,2,2,0,2,0,0,0,0,6
80142,AliiciiaCasares,,2,0,2,2,0,2,0,0,0,0,6
80143,JavibiGarcia,,2,0,2,2,0,2,0,0,0,0,6
80144,Bendoforfiesta,,2,0,2,2,0,2,0,0,0,0,6
80151,germaaan_,,2,0,2,2,0,2,0,0,0,0,6
80156,lali_domingo,,2,0,2,2,0,2,0,0,0,0,6
80157,AndresTirado7,,2,0,2,2,0,2,0,0,0,0,6
80159,CeliaTorres_,,2,0,2,2,0,2,0,0,0,0,6
80161,ireneturru,,2,0,2,2,0,2,0,0,0,0,0
80166,mariajosegr31,,2,0,2,2,0,2,0,0,0,0,0
80173,mariacp__,,2,0,2,2,0,2,0,0,0,0,6
80174,Maitesp04,,2,0,2,2,0,2,0,0,0,0,6
80178,JAntonioFernan1,,2,0,2,2,0,2,0,0,0,0,6
80194,Ivanoideo,,2,0,2,2,0,2,0,0,0,0,6
80201,colortheory,,3,0,3,3,0,3,0,0,0,0,6
80202,fabidefabula,,2,0,2,2,0,2,0,0,0,0,6
80207,AnabelChirro9,,2,0,2,2,0,2,0,0,0,0,6
80210,maikdueface,,2,0,2,2,0,2,0,0,0,0,6
80220,3_joseM,,2,0,2,2,0,2,0,0,0,0,6
80221,Cristi_romera,,2,0,2,2,0,2,0,0,0,0,6
80228,amaralteviajes,,3,0,3,3,0,3,0,0,0,0,0
80239,petardo_4,,2,0,2,2,0,2,0,0,0,0,6
80270,josemijosemi4,,2,0,2,2,0,2,0,0,0,0,6
80271,nataliapl9,,2,0,2,2,0,2,0,0,0,0,6
80289,marii_182,,2,0,2,2,0,2,0,0,0,0,6
80291,IreneGonzlez95,,2,0,2,2,0,2,0,0,0,0,5
80301,belramiro72,,2,0,2,2,0,2,0,0,0,0,0
80303,_PalomaRuiz,,2,0,2,2,0,2,0,0,0,0,6
80309,Wickie23,,3,0,3,3,0,3,0,0,0,0,6
80315,Menchuyy,,2,0,2,2,0,2,0,0,0,0,6
80320,Elenaperezruiz,,2,0,2,2,0,2,0,0,0,0,6
80322,fmg96,,2,0,2,2,0,2,0,0,0,0,6
80323,ineslopezcano,,2,0,2,2,0,2,0,0,0,0,6
80327,pilarpj96,,2,0,2,2,0,2,0,0,0,0,6
80329,Gabriiela1995,,3,0,3,3,0,3,0,0,0,0,6
80346,miceinthecloud,,2,0,2,2,0,2,0,0,0,0,0
80353,trabajoGr,,2,0,2,2,0,2,0,0,0,0,4
80373,JoseJaAlonso,,2,0,2,2,0,2,0,0,0,0,6
80376,DoctorGatete,,2,0,2,2,0,2,0,0,0,0,0
80388,SergioSierra67,,2,0,2,2,0,2,0,0,0,0,6
80389,Birry95,,2,0,2,2,0,2,0,0,0,0,5
80397,mariiaa11,,2,0,2,2,0,2,0,0,0,0,6
80401,Laurita27ag,,2,0,2,2,0,2,0,0,0,0,6
80405,Andres10Cluster,,2,0,2,2,0,2,0,0,0,0,6
80412,julipeinado,,2,0,2,2,0,2,0,0,0,0,6
80428,yasslaarbi,,3,0,3,3,0,3,0,0,0,0,6
80437,laudelatorre98,,2,0,2,2,0,2,0,0,0,0,6
80441,BilinguesU,,2,0,2,2,0,2,0,0,0,0,6
80451,jamoreno_p,,2,0,2,2,0,2,0,0,0,0,0
80461,anitamcampos19,,2,0,2,2,0,2,0,0,0,0,0
80462,jjviso,,3,0,3,3,0,3,0,0,0,0,0
80476,melissabr98,,2,0,2,2,0,2,0,0,0,0,6
80478,Patricia_Terron,,3,0,3,3,0,3,0,0,0,0,6
80504,MariangelesMF96,,2,0,2,2,0,2,0,0,0,0,6
80505,alvaro_1301,,2,0,2,2,0,2,0,0,0,0,6
80507,Eltranslator,,2,0,2,2,0,2,0,0,0,0,5
80508,ismaelbclp,,3,0,3,3,0,3,0,0,0,0,6
80518,estefaortiz18,,3,0,3,3,0,3,0,0,0,0,0
80524,betico55,,2,0,2,2,0,2,0,0,0,0,6
80528,Evamartiinez,,2,0,2,2,0,2,0,0,0,0,6
80530,ACharLuk,,2,0,2,2,0,2,0,0,0,0,0
80540,fati_peque3,,2,0,2,2,0,2,0,0,0,0,6
80543,itsespe_,,2,0,2,2,0,2,0,0,0,0,5
80544,AidaEspinosa1,,2,0,2,2,0,2,0,0,0,0,6
80547,_InmaFernandez,,3,0,3,3,0,3,0,0,0,0,6
80549,RakyNifu,,2,0,2,2,0,2,0,0,0,0,6
80550,DanySPerez,,2,0,2,2,0,2,0,0,0,0,0
80551,carolrubiia,,3,0,3,3,0,3,0,0,0,0,6
80553,BelenIznajar,,3,0,3,3,0,3,0,0,0,0,6
80554,BenTorchiarolo,,2,0,2,2,0,2,0,0,0,0,0
80555,migueldeakad,,2,0,2,2,0,2,0,0,0,0,0
80559,Isikiturry,,2,0,2,2,0,2,0,0,0,0,6
80576,lrcastro95,,3,0,3,3,0,3,0,0,0,0,6
80577,salva_conpe,,2,0,2,2,0,2,0,0,0,0,6
80584,nathiivera,,4,0,4,4,0,4,0,0,0,0,6
80585,Alba_pam29,,2,0,2,2,0,2,0,0,0,0,6
80592,Mamarrachos,,2,0,2,2,0,2,0,0,0,0,6
80596,EloyOlivas,,2,0,2,2,0,2,0,0,0,0,6
80625,mariaguerrerohe,,2,0,2,2,0,2,0,0,0,0,6
80628,PilarPadilla97,,2,0,2,2,0,2,0,0,0,0,6
80629,antoniolara97,,2,0,2,2,0,2,0,0,0,0,0
80630,marii_solis,,2,0,2,2,0,2,0,0,0,0,6
80632,BoxGrx,,2,0,2,2,0,2,0,0,0,0,2
80640,analaurac_,,2,0,2,2,0,2,0,0,0,0,6
80646,patri_ardillete,,2,0,2,2,0,2,0,0,0,0,0
80647,_Welcom3_,,2,0,2,2,0,2,0,0,0,0,0
80648,PolaSanchez7,,2,0,2,2,0,2,0,0,0,0,6
80656,noemi_jimenez98,,2,0,2,2,0,2,0,0,0,0,6
80667,caarmenfj,,3,0,3,3,0,3,0,0,0,0,6
80680,_miangova52,,2,0,2,2,0,2,0,0,0,0,0
80682,sololidiaiker,,3,0,3,3,0,3,0,0,0,0,0
80683,manoliin,,2,0,2,2,0,2,0,0,0,0,6
80690,crispm1997,,3,0,3,3,0,3,0,0,0,0,6
80699,Inmapontealegre,,2,0,2,2,0,2,0,0,0,0,6
80700,CarmenMoreno91,,2,0,2,2,0,2,0,0,0,0,0
80702,itorgrapher,,2,0,2,2,0,2,0,0,0,0,6
80708,antonio3Garzon,,2,0,2,2,0,2,0,0,0,0,6
80711,sergynumberone,,2,0,2,2,0,2,0,0,0,0,0
80723,Marisalove20e,,2,0,2,2,0,2,0,0,0,0,6
80724,m_violat97,,2,0,2,2,0,2,0,0,0,0,6
80728,FelipeGaditano,,2,0,2,2,0,2,0,0,0,0,6
80733,crisct97,,2,0,2,2,0,2,0,0,0,0,6
80735,fernanav,,2,0,2,2,0,2,0,0,0,0,6
80739,valle_mg,,3,0,3,3,0,3,0,0,0,0,0
80743,Cienfuegos2695,,2,0,2,2,0,2,0,0,0,0,0
80752,Aniita_lopez16,,2,0,2,2,0,2,0,0,0,0,6
80756,paulitarf7,,2,0,2,2,0,2,0,0,0,0,3
80762,momoaccitano97,,2,0,2,2,0,2,0,0,0,0,0
80765,LauriiSerrano1,,2,0,2,2,0,2,0,0,0,0,6
80771,Semejantes,,2,0,2,2,0,2,0,0,0,0,6
80783,monicajimenez87,,2,0,2,2,0,2,0,0,0,0,6
80785,mRtt24,,3,0,3,3,0,3,0,0,0,0,0
80787,franxe_cs,,3,0,3,3,0,3,0,0,0,0,6
80793,aurorabarranco2,,2,0,2,2,0,2,0,0,0,0,0
80794,rocio_dm31,,2,0,2,2,0,2,0,0,0,0,6
80795,AntonioLpez17,,2,0,2,2,0,2,0,0,0,0,6
80797,scarr_tissue,,2,0,2,2,0,2,0,0,0,0,4
80805,camara_simon,,2,0,2,2,0,2,0,0,0,0,0
80809,MariaLoonsri,,2,0,2,2,0,2,0,0,0,0,0
80811,TheDearPrudence,,3,0,3,3,0,3,0,0,0,0,5
80813,carlitoss_4,,2,0,2,2,0,2,0,0,0,0,6
80821,mori_gaditano,,2,0,2,2,0,2,0,0,0,0,6
80824,SaraManzano9,,3,0,3,3,0,3,0,0,0,0,6
80834,clariiika,,2,0,2,2,0,2,0,0,0,0,6
80849,montse_agearios,,3,0,3,3,0,3,0,0,0,0,6
80852,luuroldan07,,2,0,2,2,0,2,0,0,0,0,6
80862,elii_mediina,,2,0,2,2,0,2,0,0,0,0,5
80865,eliot_96,,3,0,3,3,0,3,0,0,0,0,6
80867,bretloveyou,,2,0,2,2,0,2,0,0,0,0,6
80868,carmar_713,,2,0,2,2,0,2,0,0,0,0,6
80872,nlaguna23,,2,0,2,2,0,2,0,0,0,0,6
80876,PaulaRiivas9,,2,0,2,2,0,2,0,0,0,0,6
80880,C_Corzo,,2,0,2,2,0,2,0,0,0,0,4
80881,Almudena796,,2,0,2,2,0,2,0,0,0,0,0
80882,Africanuit,,2,0,2,2,0,2,0,0,0,0,6
80883,MarthaAdamuz,,2,0,2,2,0,2,0,0,0,0,6
80886,Isapei1998,,2,0,2,2,0,2,0,0,0,0,6
80889,Maria5Jesus,,2,0,2,2,0,2,0,0,0,0,6
80894,Ignaromero97,,2,0,2,2,0,2,0,0,0,0,6
80895,AngelExposito91,,2,0,2,2,0,2,0,0,0,0,6
80904,EncarniGarciaG,,4,0,4,4,0,4,0,0,0,0,6
80905,InesVizan,,2,0,2,2,0,2,0,0,0,0,6
80908,Granadadefiest3,,2,0,2,2,0,2,0,0,0,0,6
80911,2111irene,,2,0,2,2,0,2,0,0,0,0,6
80913,pab_garpa,,2,0,2,2,0,2,0,0,0,0,0
80916,josemaya788,,2,0,2,2,0,2,0,0,0,0,6
80918,reyesfenhollen,,2,0,2,2,0,2,0,0,0,0,6
80921,CristiinaLoopez,,2,0,2,2,0,2,0,0,0,0,6
80922,Maricee_1995,,2,0,2,2,0,2,0,0,0,0,6
80923,GuarniDance,,2,0,2,2,0,2,0,0,0,0,6
80938,MaryaNihwdelnen,,2,0,2,2,0,2,0,0,0,0,0
80943,ToniOrtizM,,2,0,2,2,0,2,0,0,0,0,6
80948,soniia_240596,,2,0,2,2,0,2,0,0,0,0,6
80949,Palmii_i,,2,0,2,2,0,2,0,0,0,0,4
80961,besosdegato95,,2,0,2,2,0,2,0,0,0,0,6
80977,ClauBryant,,3,0,3,3,0,3,0,0,0,0,6
80978,Dfo1996,,2,0,2,2,0,2,0,0,0,0,6
80981,JuanmaDR95,,2,0,2,2,0,2,0,0,0,0,6
80983,SilviiaChiri,,2,0,2,2,0,2,0,0,0,0,6
80984,crisanchez97,,2,0,2,2,0,2,0,0,0,0,6
80991,saansandrita,,2,0,2,2,0,2,0,0,0,0,6
80995,gustavogb14,,2,0,2,2,0,2,0,0,0,0,0
80998,Cristina_tdm,,2,0,2,2,0,2,0,0,0,0,6
81001,GrupetesW,,2,0,2,2,0,2,0,0,0,0,6
81006,digitaplan,,3,0,3,3,0,3,0,0,0,0,6
81007,PAMsLOvE,,2,0,2,2,0,2,0,0,0,0,1
81010,JuannAntonioo,,3,0,3,3,0,3,0,0,0,0,6
81012,RubenRima,,2,0,2,2,0,2,0,0,0,0,6
81021,SandraRodri99,,2,0,2,2,0,2,0,0,0,0,0
81023,cms4191,,2,0,2,2,0,2,0,0,0,0,6
81026,Biebslatifa,,2,0,2,2,0,2,0,0,0,0,6
81032,IsaRamos97,,2,0,2,2,0,2,0,0,0,0,4
81033,Jesus_2094,,2,0,2,2,0,2,0,0,0,0,6
81034,NereaCegri,,2,0,2,2,0,2,0,0,0,0,6
81039,alvaroanguita35,,3,0,3,3,0,3,0,0,0,0,6
81046,Jmuelas07,,2,0,2,2,0,2,0,0,0,0,6
81048,SilviaMoreno37,,2,0,2,2,0,2,0,0,0,0,6
81071,Marii_Paax,,2,0,2,2,0,2,0,0,0,0,6
81083,MisatoDarkFire,,2,0,2,2,0,2,0,0,0,0,6
81087,tronio94,,2,0,2,2,0,2,0,0,0,0,6
81088,mariaLn2,,2,0,2,2,0,2,0,0,0,0,6
81091,Hihers,,2,0,2,2,0,2,0,0,0,0,0
81092,jameschipunet,,2,0,2,2,0,2,0,0,0,0,2
81097,LauMaye,,3,0,3,3,0,3,0,0,0,0,0
81098,litelbaterflai,,2,0,2,2,0,2,0,0,0,0,5
81099,lauratroya14,,2,0,2,2,0,2,0,0,0,0,6
81104,D4_SanchezHuete,,3,0,3,3,0,3,0,0,0,0,6
81108,Manuvv26,,2,0,2,2,0,2,0,0,0,0,6
81110,isabelsnchezb,,2,0,2,2,0,2,0,0,0,0,5
81115,AJMorales7,,3,0,3,3,0,3,0,0,0,0,6
81119,AngelPerez1196,,2,0,2,2,0,2,0,0,0,0,0
81129,ComingDreamsGR,,2,0,2,2,0,2,0,0,0,0,0
81135,belenrecio16,,2,0,2,2,0,2,0,0,0,0,6
81143,TheNirvana13,,2,0,2,2,0,2,0,0,0,0,0
81144,vidal96,,2,0,2,2,0,2,0,0,0,0,0
81145,AnaFernandez016,,2,0,2,2,0,2,0,0,0,0,6
81150,BasRomero,,2,0,2,2,0,2,0,0,0,0,6
81151,SerhAlex,,2,0,2,2,0,2,0,0,0,0,6
81153,Fcarrasco89,,2,0,2,2,0,2,0,0,0,0,6
81157,anaaiisaaBeeL,,2,0,2,2,0,2,0,0,0,0,6
81159,Alechandra98,,2,0,2,2,0,2,0,0,0,0,6
81160,Nataliia1997,,2,0,2,2,0,2,0,0,0,0,5
81162,Martapulido96,,2,0,2,2,0,2,0,0,0,0,6
81164,AdeAdelita,,3,0,3,3,0,3,0,0,0,0,6
81168,mar_pr9,,2,0,2,2,0,2,0,0,0,0,6
81170,josemazuela,,2,0,2,2,0,2,0,0,0,0,6
81171,Manoli_2m,,2,0,2,2,0,2,0,0,0,0,6
81174,davidrdgz94,,2,0,2,2,0,2,0,0,0,0,6
81176,carlosjaviersf,,3,0,3,3,0,3,0,0,0,0,6
81178,Srita_Bluh,,2,0,2,2,0,2,0,0,0,0,0
81182,lpm29_,,2,0,2,2,0,2,0,0,0,0,0
81183,SrtaaCaarmeen,,2,0,2,2,0,2,0,0,0,0,6
81188,cristimelli27,,2,0,2,2,0,2,0,0,0,0,6
81195,Carlosma7,,2,0,2,2,0,2,0,0,0,0,6
81199,PaulaArtigot,,2,0,2,2,0,2,0,0,0,0,6
81200,AnaKitty1,,2,0,2,2,0,2,0,0,0,0,6
81203,joaquinmorente,,2,0,2,2,0,2,0,0,0,0,6
81206,josefuenterino,,2,0,2,2,0,2,0,0,0,0,6
81208,soy_Lpzh,,2,0,2,2,0,2,0,0,0,0,0
81210,CarlotaNous,,2,0,2,2,0,2,0,0,0,0,6
81212,Katesmb_,,2,0,2,2,0,2,0,0,0,0,6
81213,PacoM96,,2,0,2,2,0,2,0,0,0,0,6
81216,frankwirby,,3,0,3,3,0,3,0,0,0,0,6
81221,MariaV1995,,2,0,2,2,0,2,0,0,0,0,0
81222,alfonso_latorre,,3,0,3,3,0,3,0,0,0,0,0
81223,elijimenez97,,2,0,2,2,0,2,0,0,0,0,6
81230,DaNiKoGp,,2,0,2,2,0,2,0,0,0,0,6
81234,Ismaelhurtado3,,2,0,2,2,0,2,0,0,0,0,6
81236,Martalar,,2,0,2,2,0,2,0,0,0,0,0
81241,Blondapetit4,,2,0,2,2,0,2,0,0,0,0,6
81242,LilyGrise,,2,0,2,2,0,2,0,0,0,0,6
81245,RosaDoming7,,2,0,2,2,0,2,0,0,0,0,6
81253,tafadycursos,,2,0,2,2,0,2,0,0,0,0,4
81254,merantmol,,2,0,2,2,0,2,0,0,0,0,0
81257,THEMMEXCHANGE,,2,0,2,2,0,2,0,0,0,0,3
81258,Sergio_CastroV,,2,0,2,2,0,2,0,0,0,0,6
81260,nachetemolina,,3,0,3,3,0,3,0,0,0,0,5
81270,Roser_M16,,2,0,2,2,0,2,0,0,0,0,6
81271,Atleti1_,,2,0,2,2,0,2,0,0,0,0,6
81272,JTroconizOrtega,,2,0,2,2,0,2,0,0,0,0,0
81273,JairoGuadix,,2,0,2,2,0,2,0,0,0,0,6
81280,HelenCanalejo,,2,0,2,2,0,2,0,0,0,0,6
81282,Amparo_Izna,,2,0,2,2,0,2,0,0,0,0,6
81290,RopaCiclismo,,3,0,3,3,0,3,0,0,0,0,5
81296,Gema_Urbano,,2,0,2,2,0,2,0,0,0,0,6
81297,Oscar_mp94,,2,0,2,2,0,2,0,0,0,0,6
81299,javizacarias94,,3,0,3,3,0,3,0,0,0,0,6
81303,nacho_saiz,,3,0,3,3,0,3,0,0,0,0,6
81311,Rociiog91,,2,0,2,2,0,2,0,0,0,0,6
81320,PLAZAEUROPATETE,,3,0,3,3,0,3,0,0,0,0,6
81321,lau_l2m,,2,0,2,2,0,2,0,0,0,0,2
81325,Mari140496,,2,0,2,2,0,2,0,0,0,0,0
81327,anafww,,3,0,3,3,0,3,0,0,0,0,6
81329,sanpalos,,2,0,2,2,0,2,0,0,0,0,6
81331,PartyEspana,,3,0,3,3,0,3,0,0,0,0,0
81333,ceciliadr7,,2,0,2,2,0,2,0,0,0,0,4
81334,maydula_res,,2,0,2,2,0,2,0,0,0,0,0
81335,Cristina95BR,,2,0,2,2,0,2,0,0,0,0,6
81337,NataliaCa17,,2,0,2,2,0,2,0,0,0,0,6
81341,genchanman_,,3,0,3,3,0,3,0,0,0,0,0
81343,Nurfercr,,2,0,2,2,0,2,0,0,0,0,6
81344,joltrajr,,3,0,3,3,0,3,0,0,0,0,6
81347,Lau_Cstillo,,2,0,2,2,0,2,0,0,0,0,0
81348,PaoBenitezd,,2,0,2,2,0,2,0,0,0,0,6
81354,MarichuRomero7,,2,0,2,2,0,2,0,0,0,0,6
81356,MCarmen_Perez_B,,3,0,3,3,0,3,0,0,0,0,6
81357,Miriam__lv,,2,0,2,2,0,2,0,0,0,0,6
81358,jpinogr,,4,0,4,4,0,4,0,0,0,0,6
81361,MariiaLopezF,,2,0,2,2,0,2,0,0,0,0,6
81363,marta_sanxezz,,2,0,2,2,0,2,0,0,0,0,6
81366,celiajaimez_,,3,0,3,3,0,3,0,0,0,0,6
81369,maki_gcf,,3,0,3,3,0,3,0,0,0,0,6
81373,nonogemelo,,2,0,2,2,0,2,0,0,0,0,0
81374,SrtaRoldan7,,2,0,2,2,0,2,0,0,0,0,0
81376,EncarniLopez96,,2,0,2,2,0,2,0,0,0,0,6
81377,juguera_,,2,0,2,2,0,2,0,0,0,0,6
81378,laura_guadix,,2,0,2,2,0,2,0,0,0,0,6
81381,Carmenmari13,,2,0,2,2,0,2,0,0,0,0,6
81385,LuciaCalles,,2,0,2,2,0,2,0,0,0,0,5
81386,elenaGs_94,,2,0,2,2,0,2,0,0,0,0,6
81390,ireirill,,2,0,2,2,0,2,0,0,0,0,5
81401,mariaavillena1,,2,0,2,2,0,2,0,0,0,0,6
81403,marialaxar10,,2,0,2,2,0,2,0,0,0,0,6
81405,2naitofficial,,2,0,2,2,0,2,0,0,0,0,6
81409,iCulturaUrbana,,2,0,2,2,0,2,0,0,0,0,6
81412,MarGuiitar,,3,0,3,3,0,3,0,0,0,0,6
81414,OriginalmusicES,,4,0,4,4,0,4,0,0,0,0,0
81416,jessyvigil,,2,0,2,2,0,2,0,0,0,0,6
81418,_itsblvck,,2,0,2,2,0,2,0,0,0,0,6
81420,LigoteosUGR_2,,2,0,2,2,0,2,0,0,0,0,6
81421,ViirgyMartiin,,3,0,3,3,0,3,0,0,0,0,6
81432,CeliiaGalvez,,2,0,2,2,0,2,0,0,0,0,6
81446,RosarioJJ,,2,0,2,2,0,2,0,0,0,0,6
81447,JJoaquinillo,,3,0,3,3,0,3,0,0,0,0,6
81449,MdemaaRta,,2,0,2,2,0,2,0,0,0,0,6
81452,BeeatrizVico42,,3,0,3,3,0,3,0,0,0,0,4
81454,SamuelGarcia97,,2,0,2,2,0,2,0,0,0,0,0
81460,encarnimilla11,,2,0,2,2,0,2,0,0,0,0,6
81462,AntonioMolinaLp,,2,0,2,2,0,2,0,0,0,0,0
81464,Sonoragr,,3,0,3,3,0,3,0,0,0,0,6
81467,moniqueitorr,,2,0,2,2,0,2,0,0,0,0,6
81469,MoonCourtois,,2,0,2,2,0,2,0,0,0,0,6
81473,Portabales_Hijo,,2,0,2,2,0,2,0,0,0,0,2
81478,JimenezGamezT,,2,0,2,2,0,2,0,0,0,0,6
81484,nourelbagh,,2,0,2,2,0,2,0,0,0,0,0
81485,Irenem6,,2,0,2,2,0,2,0,0,0,0,6
81486,josepape2010,,2,0,2,2,0,2,0,0,0,0,6
81488,AbrahamDo08,,2,0,2,2,0,2,0,0,0,0,0
81492,momentazos6s,,3,0,3,3,0,3,0,0,0,0,0
81493,Martinazzi13,,2,0,2,2,0,2,0,0,0,0,0
81494,Ampy_Conde,,2,0,2,2,0,2,0,0,0,0,6
81495,LeFou_12,,2,0,2,2,0,2,0,0,0,0,6
81500,crisf_98,,2,0,2,2,0,2,0,0,0,0,6
81503,VictorCorXero,,2,0,2,2,0,2,0,0,0,0,6
81506,JuanPa_DC,,3,0,3,3,0,3,0,0,0,0,2
81508,anaselkamlichi,,2,0,2,2,0,2,0,0,0,0,6
81515,ReichGPozo,,2,0,2,2,0,2,0,0,0,0,6
81518,xeyszrr,,2,0,2,2,0,2,0,0,0,0,6
81519,pau_infantes,,2,0,2,2,0,2,0,0,0,0,2
81522,Paosnchezz,,3,0,3,3,0,3,0,0,0,0,6
81524,rociolaaffro,,2,0,2,2,0,2,0,0,0,0,6
81525,SalvaAlbertus,,3,0,3,3,0,3,0,0,0,0,6
81528,ManuFuentesGar,,2,0,2,2,0,2,0,0,0,0,6
81536,JuanjoBertos,,2,0,2,2,0,2,0,0,0,0,6
81539,PabloTorress9,,2,0,2,2,0,2,0,0,0,0,6
81540,PalomiBooks,,2,0,2,2,0,2,0,0,0,0,6
81544,DmarisMielpops,,2,0,2,2,0,2,0,0,0,0,6
81548,_alivg,,2,0,2,2,0,2,0,0,0,0,6
81555,_monica2201,,2,0,2,2,0,2,0,0,0,0,6
81558,CristiHigueras,,3,0,3,3,0,3,0,0,0,0,6
81564,Hervas9Debbie,,2,0,2,2,0,2,0,0,0,0,0
81566,_Pablo_RH,,3,0,3,3,0,3,0,0,0,0,6
81567,pedro1q84,,3,0,3,3,0,3,0,0,0,0,0
81570,tecariima_14,,2,0,2,2,0,2,0,0,0,0,5
81579,JJrodri26,,3,0,3,3,0,3,0,0,0,0,6
81582,indiicp,,2,0,2,2,0,2,0,0,0,0,6
81584,Anota90,,3,0,3,3,0,3,0,0,0,0,6
81592,sebassebitasD,,2,0,2,2,0,2,0,0,0,0,6
81596,Andi_Nilla,,3,0,3,3,0,3,0,0,0,0,6
81599,eucomoser,,2,0,2,2,0,2,0,0,0,0,6
81601,InessPalominoo,,2,0,2,2,0,2,0,0,0,0,4
81602,Entradasalcance,,3,0,3,3,0,3,0,0,0,0,0
81610,ViajeroVengador,,3,0,3,3,0,3,0,0,0,0,0
81612,italianacafe,,3,0,3,3,0,3,0,0,0,0,0
81614,juliapugarcia,,2,0,2,2,0,2,0,0,0,0,6
81615,jaarjona96,,2,0,2,2,0,2,0,0,0,0,6
81625,Carmenpi3,,2,0,2,2,0,2,0,0,0,0,6
81626,JesusLA9,,3,0,3,3,0,3,0,0,0,0,6
81630,FranciscoOr96,,2,0,2,2,0,2,0,0,0,0,6
81641,LeliJV,,3,0,3,3,0,3,0,0,0,0,6
81656,CariFilii,,2,0,2,2,0,2,0,0,0,0,4
81660,Carlosofando,,3,0,3,3,0,3,0,0,0,0,0
81665,aridanelala,,2,0,2,2,0,2,0,0,0,0,6
81668,AlmaIllescas,,2,0,2,2,0,2,0,0,0,0,6
81669,esfusion_info,,2,0,2,2,0,2,0,0,0,0,6
81678,mansilla_23,,2,0,2,2,0,2,0,0,0,0,6
81684,advanzis,,2,0,2,2,0,2,0,0,0,0,0
81685,Granada_Fiestas,,4,0,4,4,0,4,0,0,0,0,6
81686,DonReclamon,,3,0,3,3,0,3,0,0,0,0,0
81691,emplearte2020,,2,0,2,2,0,2,0,0,0,0,4
81692,HospitalYReal,,2,0,2,2,0,2,0,0,0,0,0
81693,megagallo33,,3,0,3,3,0,3,0,0,0,0,6
81694,Natalia95lc,,2,0,2,2,0,2,0,0,0,0,6
81704,cats_MITTYRRPP,,2,0,2,2,0,2,0,0,0,0,6
81709,cmgr95,,2,0,2,2,0,2,0,0,0,0,6
81710,sbarrientosmkt,,3,0,3,3,0,3,0,0,0,0,0
81711,_miriamcg,,2,0,2,2,0,2,0,0,0,0,6
81712,emilin69,,2,0,2,2,0,2,0,0,0,0,6
81713,EstherMudi,,2,0,2,2,0,2,0,0,0,0,6
81721,kalimajavier,,2,0,2,2,0,2,0,0,0,0,6
81723,NeoClientes,,3,0,3,3,0,3,0,0,0,0,0
81728,Laaura_ML,,2,0,2,2,0,2,0,0,0,0,6
81738,FranOcon,,2,0,2,2,0,2,0,0,0,0,6
81748,Maggot310,,2,0,2,2,0,2,0,0,0,0,6
81750,patrickabrar,,2,0,2,2,0,2,0,0,0,0,6
81751,LlamaGratisnow,,2,0,2,2,0,2,0,0,0,0,6
81752,TayAlanJones,,2,0,2,2,0,2,0,0,0,0,6
81756,JoseSierraZur,,2,0,2,2,0,2,0,0,0,0,6
81762,g_joaqun,,2,0,2,2,0,2,0,0,0,0,0
81763,snaker8,,2,0,2,2,0,2,0,0,0,0,6
81764,losalamosbeach,,2,0,2,2,0,2,0,0,0,0,6
81767,SaraBrky,,3,0,3,3,0,3,0,0,0,0,6
81775,frangcf1,,2,0,2,2,0,2,0,0,0,0,6
81779,SangreDelSur,,2,0,2,2,0,2,0,0,0,0,6
81780,FlavourOfCookie,,3,0,3,3,0,3,0,0,0,0,4
81781,Patshinealight,,3,0,3,3,0,3,0,0,0,0,6
81784,manoloibar,,2,0,2,2,0,2,0,0,0,0,6
81785,Benji_tzs,,2,0,2,2,0,2,0,0,0,0,6
81799,GerardArriaza,,2,0,2,2,0,2,0,0,0,0,5
81801,Pingudel95,,2,0,2,2,0,2,0,0,0,0,6
81804,chapa60chaparro,,2,0,2,2,0,2,0,0,0,0,5
81812,murciabarbershp,,3,0,3,3,0,3,0,0,0,0,6
81814,SuperFresh_MLG,,2,0,2,2,0,2,0,0,0,0,6
81818,joseluissariego,,3,0,3,3,0,3,0,0,0,0,0
81822,marinapuente5,,2,0,2,2,0,2,0,0,0,0,6
81825,LidiaBonillaa,,2,0,2,2,0,2,0,0,0,0,6
81826,BarbaraBoloix,,3,0,3,3,0,3,0,0,0,0,5
81838,MariaMegias_92,,2,0,2,2,0,2,0,0,0,0,6
81844,palomamaartinez,,2,0,2,2,0,2,0,0,0,0,6
81845,cpradosorgaz,,2,0,2,2,0,2,0,0,0,0,6
81848,lydiu23,,2,0,2,2,0,2,0,0,0,0,6
81858,mariaas24,,2,0,2,2,0,2,0,0,0,0,6
81859,Moraguino92,,2,0,2,2,0,2,0,0,0,0,0
81861,albertonuso,,2,0,2,2,0,2,0,0,0,0,6
81873,clientescadadia,,2,0,2,2,0,2,0,0,0,0,0
81882,SurveyAsia,,2,0,2,2,0,2,0,0,0,0,6
81884,Josebruq,,3,0,3,3,0,3,0,0,0,0,6
81892,nacho_entradas,,2,0,2,2,0,2,0,0,0,0,0
81901,fabiohenao27,,3,0,3,3,0,3,0,0,0,0,6
81905,pauuul74,,3,0,3,3,0,3,0,0,0,0,6
81908,Fitzg15Maggie,,2,0,2,2,0,2,0,0,0,0,6
81910,vsl_93,,2,0,2,2,0,2,0,0,0,0,6
81915,VSidius,,2,0,2,2,0,2,0,0,0,0,6
81916,alejandrobelli2,,2,0,2,2,0,2,0,0,0,0,6
81917,AnaMPJ1,,2,0,2,2,0,2,0,0,0,0,6
81925,dusbtepisalive,,2,0,2,2,0,2,0,0,0,0,6
81931,antuanumberuan,,2,0,2,2,0,2,0,0,0,0,6
81933,Deuxandros,,2,0,2,2,0,2,0,0,0,0,2
81937,virginiamartiin,,2,0,2,2,0,2,0,0,0,0,6
81940,Pabloframit,,2,0,2,2,0,2,0,0,0,0,0
81946,MarruVarial,,2,0,2,2,0,2,0,0,0,0,6
81947,MegaBonitos,,3,0,3,3,0,3,0,0,0,0,7
81953,BeaCarrilloo,,2,0,2,2,0,2,0,0,0,0,2
81958,LuisBalR18,,2,0,2,2,0,2,0,0,0,0,0
81960,lixiop,,3,0,3,3,0,3,0,0,0,0,6
81962,Mariaperezh98,,2,0,2,2,0,2,0,0,0,0,6
81972,Mr_kiiinder,,2,0,2,2,0,2,0,0,0,0,2
81976,jafriepic,,2,0,2,2,0,2,0,0,0,0,6
81983,JuanPrieto96,,4,0,4,4,0,4,0,0,0,0,6
81987,APGorin,,2,0,2,2,0,2,0,0,0,0,6
81991,forvist_3,,2,0,2,2,0,2,0,0,0,0,6
81994,_airaMMar,,2,0,2,2,0,2,0,0,0,0,6
82000,meryxur,,2,0,2,2,0,2,0,0,0,0,6
82001,silviasolispac,,2,0,2,2,0,2,0,0,0,0,6
82004,LNMasOscura,,2,0,2,2,0,2,0,0,0,0,6
82005,MCaroBadel,,2,0,2,2,0,2,0,0,0,0,6
82006,wavensmith,,3,0,3,3,0,3,0,0,0,0,6
82007,Malaspina_33,,2,0,2,2,0,2,0,0,0,0,5
82009,mercedesmurcian,,2,0,2,2,0,2,0,0,0,0,6
82010,Carmmen3_,,3,0,3,3,0,3,0,0,0,0,6
82011,tanilla_3,,3,0,3,3,0,3,0,0,0,0,6
82012,irenebenalua1,,2,0,2,2,0,2,0,0,0,0,6
82013,sexienfurecido,,2,0,2,2,0,2,0,0,0,0,6
82014,laugrcs,,2,0,2,2,0,2,0,0,0,0,6
82015,ResNapoli,,2,0,2,2,0,2,0,0,0,0,6
82017,KEtiliko,,2,0,2,2,0,2,0,0,0,0,6
82018,Alonso_yoyo,,3,0,3,3,0,3,0,0,0,0,6
82019,Boxingdo,,2,0,2,2,0,2,0,0,0,0,6
82020,ThePuzzlePhone,,2,0,2,2,0,2,0,0,0,0,6
82021,SirGeorgendless,,2,0,2,2,0,2,0,0,0,0,6
82024,rj_clubs,,2,0,2,2,0,2,0,0,0,0,6
82025,SrDeschain,,2,0,2,2,0,2,0,0,0,0,6
82026,LiveMusiChannel,,2,0,2,2,0,2,0,0,0,0,0
82027,srmadyolo,,2,0,2,2,0,2,0,0,0,0,4
82029,juan_diaz_diaz,,3,0,3,3,0,3,0,0,0,0,4
82030,pepekin8,,3,0,3,3,0,3,0,0,0,0,6
82032,asrformacion,,2,0,2,2,0,2,0,0,0,0,6
82034,ExamenesURM,,2,0,2,2,0,2,0,0,0,0,6
82041,Abogado_SM,,2,0,2,2,0,2,0,0,0,0,6
82042,celiasc96,,2,0,2,2,0,2,0,0,0,0,6
82043,Laura_RP_,,2,0,2,2,0,2,0,0,0,0,6
82047,roblesurqui,,2,0,2,2,0,2,0,0,0,0,6
82048,arturoBM7,,2,0,2,2,0,2,0,0,0,0,6
82049,JairoTejero92,,2,0,2,2,0,2,0,0,0,0,6
82050,veronic9401,,2,0,2,2,0,2,0,0,0,0,0
82051,_albaa0,,2,0,2,2,0,2,0,0,0,0,6
82054,Rociogb12,,2,0,2,2,0,2,0,0,0,0,6
82055,BiggieSkills,,3,0,3,3,0,3,0,0,0,0,6
82056,ManuASR7,,3,0,3,3,0,3,0,0,0,0,6
82058,PaatriHernandez,,2,0,2,2,0,2,0,0,0,0,6
82059,marisabeltr92,,2,0,2,2,0,2,0,0,0,0,6
82060,Boniatillas,,2,0,2,2,0,2,0,0,0,0,6
82062,Ignaciog27,,2,0,2,2,0,2,0,0,0,0,6
82065,GeorgeHatcher,,2,0,2,2,0,2,0,0,0,0,6
82066,lapelirroja13,,2,0,2,2,0,2,0,0,0,0,6
82069,kripton62,,2,0,2,2,0,2,0,0,0,0,6
82070,Conejero_11,,2,0,2,2,0,2,0,0,0,0,6
82074,li_navas,,2,0,2,2,0,2,0,0,0,0,6
82075,martaalvarez16_,,2,0,2,2,0,2,0,0,0,0,6
82076,iirenegm,,2,0,2,2,0,2,0,0,0,0,6
82079,Droneresearch1,,2,0,2,2,0,2,0,0,0,0,6
82080,JaviRoPe4,,2,0,2,2,0,2,0,0,0,0,6
82081,Mjgranada98,,2,0,2,2,0,2,0,0,0,0,6
82084,AndreaQuirantes,,3,0,3,3,0,3,0,0,0,0,6
82085,LuciaCortes99_,,3,0,3,3,0,3,0,0,0,0,6
82087,maria92loga,,2,0,2,2,0,2,0,0,0,0,6
82088,albiitaMaria,,2,0,2,2,0,2,0,0,0,0,6
82090,AdrianaCriado,,2,0,2,2,0,2,0,0,0,0,0
82091,Fermr_97,,3,0,3,3,0,3,0,0,0,0,6
82092,CarmenInmaculad,,3,0,3,3,0,3,0,0,0,0,6
82094,LigoteosVNieves,,2,0,2,2,0,2,0,0,0,0,6
82095,luris9,,3,0,3,3,0,3,0,0,0,0,6
82098,YamiraClavero,,2,0,2,2,0,2,0,0,0,0,0
82099,elenaabolivar,,2,0,2,2,0,2,0,0,0,0,6
82100,manolocanilero,,3,0,3,3,0,3,0,0,0,0,6
82103,SoftyWorks_ES,,2,0,2,2,0,2,0,0,0,0,6
82105,SitiosIslandia,,3,0,3,3,0,3,0,0,0,0,0
82107,antonio_ortiz18,,2,0,2,2,0,2,0,0,0,0,6
82115,MindResearch,,2,0,2,2,0,2,0,0,0,0,6
82116,Carlota351,,3,0,3,3,0,3,0,0,0,0,0
82117,chengue82,,2,0,2,2,0,2,0,0,0,0,6
82121,cirencoll,,2,0,2,2,0,2,0,0,0,0,1
82122,Gloscol,,2,0,2,2,0,2,0,0,0,0,1
82138,AKavrakova,,3,0,3,3,0,3,0,0,0,0,1
82144,marko_boko,,2,0,2,2,0,2,0,0,0,0,1
82148,carlopadial,,4,0,4,4,0,4,0,0,0,0,1
82157,SimonDelakorda,,2,0,2,2,0,2,0,0,0,0,1
82158,ElisaLironi,,2,0,2,2,0,2,0,0,0,0,1
82159,TCInews,,2,0,2,2,0,2,0,0,0,0,1
82160,LauraKlus,,2,0,2,2,0,2,0,0,0,0,1
82162,gavilantete,,3,0,3,3,0,3,0,0,0,0,1
82167,SunTzu_es,,2,0,2,2,0,2,0,0,0,0,4
82172,porquetendencia,,2,0,2,2,0,2,0,0,0,0,6
82175,Russo_Brothers,,3,0,3,3,0,3,0,0,0,0,2
82176,modesto_garcia,,3,0,3,3,0,3,0,0,0,0,4
82179,ShaAcabat,,2,0,2,2,0,2,0,0,0,0,0
82180,victorabadf1,,2,0,2,2,0,2,0,0,0,0,2
82181,rodrigocortes,,2,0,2,2,0,2,0,0,0,0,4
82184,BricoAttack,,2,0,2,2,0,2,0,0,0,0,4
82190,LaHoraMusaTVE,,2,0,2,2,0,2,0,0,0,0,4
82191,OriolQF,,2,0,2,2,0,2,0,0,0,0,0
82193,Charles_Leclerc,,2,0,2,2,0,2,0,0,0,0,0
82196,movistar_F1,,2,0,2,2,0,2,0,0,0,0,0
82208,antoniorozco,,3,0,3,3,0,3,0,0,0,0,4
82209,nestor_guerra,,2,0,2,2,0,2,0,0,0,0,4
82212,WoutripOfficial,,2,0,2,2,0,2,0,0,0,0,1
82217,Cs_Lorca,,2,0,2,2,0,2,0,0,0,0,4
82219,jordiGlez,,3,0,3,3,0,3,0,0,0,0,4
82220,jalisdelaserna,,3,0,3,3,0,3,0,0,0,0,5
82222,DPRK_CAODEBENOS,,2,0,2,2,0,2,0,0,0,0,5
82231,foodyou_es,,2,0,2,2,0,2,0,0,0,0,5
82234,_MariaCyta_,,2,0,2,2,0,2,0,0,0,0,0
82244,HispaBloggers,,3,0,3,3,0,3,0,0,0,0,4
82248,salvemoserasmus,,3,0,3,3,0,3,0,0,0,0,3
82251,BryanCranston,,3,0,3,3,0,3,0,0,0,0,0
82257,FDA_Drug_Info,,2,0,2,2,0,2,0,0,0,0,2
82260,gominolasdpetro,,3,0,3,3,0,3,0,0,0,0,4
82271,picazomario,,3,0,3,3,0,3,0,0,0,0,4
82272,aaronpaul_8,,3,0,3,3,0,3,0,0,0,0,1
82274,raquelsastrecom,,3,0,3,3,0,3,0,0,0,0,0
82277,SkyAlertMx,,3,0,3,3,0,3,0,0,0,0,4
82282,joseribagorda,,3,0,3,3,0,3,0,0,0,0,4
82283,SalaBMurcia,,2,0,2,2,0,2,0,0,0,0,4
82284,matias_prats,,3,0,3,3,0,3,0,0,0,0,0
82288,DelEconomicas,,2,0,2,2,0,2,0,0,0,0,4
82291,tere_cm72,,2,0,2,2,0,2,0,0,0,0,6
82292,Martiitaamv,,2,0,2,2,0,2,0,0,0,0,0
82293,Ms_LocurAs,,2,0,2,2,0,2,0,0,0,0,4
82294,JuanicheSalsa9,,2,0,2,2,0,2,0,0,0,0,4
82297,InformerUMU,,2,0,2,2,0,2,0,0,0,0,7
82299,quique_gonzalez,,3,0,3,3,0,3,0,0,0,0,4
82301,PedrodelaRosa1,,4,0,4,4,0,4,0,0,0,0,0
82304,Culturizando,,3,0,3,3,0,3,0,0,0,0,5
82306,CocaCola,,3,0,3,3,0,3,0,0,0,0,4
82309,AlboradaGalicia,,2,0,2,2,0,2,0,0,0,0,4
82313,ViriFeed,,3,0,3,3,0,3,0,0,0,0,5
82316,joveneseuro,,3,0,3,3,0,3,0,0,0,0,4
82318,josefajram,,3,0,3,3,0,3,0,0,0,0,4
82319,Trabajoyestudia,,2,0,2,2,0,2,0,0,0,0,4
82321,JAPoveda,,2,0,2,2,0,2,0,0,0,0,5
82330,redbullESP,,3,0,3,3,0,3,0,0,0,0,5
82334,sevillaernesto,,3,0,3,3,0,3,0,0,0,0,4
82346,GrupiesCabreada,,2,0,2,2,0,2,0,0,0,0,4
82348,jromera8,,2,0,2,2,0,2,0,0,0,0,0
82355,PacoMontesinosL,,2,0,2,2,0,2,0,0,0,0,4
82358,davidcastillo92,,3,0,3,3,0,3,0,0,0,0,5
82365,CuantaRazonn,,2,0,2,2,0,2,0,0,0,0,5
82367,Mr_Superficial,,3,0,3,3,0,3,0,0,0,0,5
82369,loveoflesbian_q,,2,0,2,2,0,2,0,0,0,0,5
82372,varrybrava,,3,0,3,3,0,3,0,0,0,0,4
82375,Yamiroguay,,2,0,2,2,0,2,0,0,0,0,5
82376,ChonGorda,,2,0,2,2,0,2,0,0,0,0,3
82379,iremondejar,,3,0,3,3,0,3,0,0,0,0,1
82385,Infanta_Leonor,,3,0,3,3,0,3,0,0,0,0,5
82398,SquireMusic,,3,0,3,3,0,3,0,0,0,0,5
82399,JulianLopez,,3,0,3,3,0,3,0,0,0,0,2
82400,MiguelelSevilla,,3,0,3,3,0,3,0,0,0,0,5
82401,josecorbacho,,3,0,3,3,0,3,0,0,0,0,4
82409,zarangollonews,,2,0,2,2,0,2,0,0,0,0,4
82412,Carmen__87,,2,0,2,2,0,2,0,0,0,0,6
82423,Sergio_Dalma,,2,0,2,2,0,2,0,0,0,0,4
82427,pepenavarro_tv,,2,0,2,2,0,2,0,0,0,0,4
82429,EspeonzaAguirre,,3,0,3,3,0,3,0,0,0,0,4
82432,PuntodeEmpleo,,2,0,2,2,0,2,0,0,0,0,4
82434,paquitoros,,2,0,2,2,0,2,0,0,0,0,5
82442,Superperrete,,2,0,2,2,0,2,0,0,0,0,0
82448,MarAmate,,3,0,3,3,0,3,0,0,0,0,4
82449,ChinoSuperSub,,3,0,3,3,0,3,0,0,0,0,4
82455,elbicharraco,,2,0,2,2,0,2,0,0,0,0,4
82465,alvarocarmona,,3,0,3,3,0,3,0,0,0,0,0
82468,alobatof1,,3,0,3,3,0,3,0,0,0,0,4
82474,elpuchero,,4,0,4,4,0,4,0,0,0,0,5
82479,anar_alarcon,,2,0,2,2,0,2,0,0,0,0,4
82486,AstraZenecaUS,,2,0,2,2,0,2,0,0,0,0,3
82489,SanofiIT,,2,0,2,2,0,2,0,0,0,0,3
82492,BayerPharma,,2,0,2,2,0,2,0,0,0,0,3
82494,LillyPad,,2,0,2,2,0,2,0,0,0,0,2
82496,sanofipasteur,,2,0,2,2,0,2,0,0,0,0,3
82500,istsupsan,,2,0,2,2,0,2,0,0,0,0,3
82501,Aifa_ufficiale,,2,0,2,2,0,2,0,0,0,0,3
82507,gigiodonna1,,2,0,2,2,0,2,0,0,0,0,3
82512,DilettaLeotta,,3,0,3,3,0,3,0,0,0,0,3
82514,TV8it,,2,0,2,2,0,2,0,0,0,0,3
82516,LM_SottoCasa,,2,0,2,2,0,2,0,0,0,0,3
82517,spalferrara,,2,0,2,2,0,2,0,0,0,0,3
82520,PIERPARDO,,3,0,3,3,0,3,0,0,0,0,3
82522,David_IsayBlog,,4,0,4,4,0,4,0,0,0,0,3
82523,TuttoSulSesso,,3,0,3,3,0,3,0,0,0,0,3
82524,LivingCorriere,,2,0,2,2,0,2,0,0,0,0,3
82527,GnocchiGene,,2,0,2,2,0,2,0,0,0,0,3
82528,MircoBergamasco,,3,0,3,3,0,3,0,0,0,0,3
82529,iomatrix23,,2,0,2,2,0,2,0,0,0,0,3
82531,guidomeda,,3,0,3,3,0,3,0,0,0,0,3
82533,RealPiccinini,,2,0,2,2,0,2,0,0,0,0,3
82535,DemetrioAlbe,,2,0,2,2,0,2,0,0,0,0,3
82538,gallinari8888,,3,0,3,3,0,3,0,0,0,0,3
82539,marcobelinelli,,2,0,2,2,0,2,0,0,0,0,3
82545,LeTour,,3,0,3,3,0,3,0,0,0,0,3
82546,AskExpo,,3,0,3,3,0,3,0,0,0,0,3
82550,metodocrea,,2,0,2,2,0,2,0,0,0,0,3
82555,JobCentre_Unife,,2,0,2,2,0,2,0,0,0,0,3
82556,TorinoFC_1906,,2,0,2,2,0,2,0,0,0,0,3
82559,IlNonnoDiHeidi,,2,0,2,2,0,2,0,0,0,0,3
82564,_PaoloRuffini,,3,0,3,3,0,3,0,0,0,0,3
82568,ChiamarsiBomber,,3,0,3,3,0,3,0,0,0,0,3
82569,GliAutogol,,3,0,3,3,0,3,0,0,0,0,3
82573,alimizzy,,2,0,2,2,0,2,0,0,0,0,3
82577,ivanbasso,,3,0,3,3,0,3,0,0,0,0,3
82578,IamSandraOh,,3,0,3,3,0,3,0,0,0,0,2
82588,Ibra_official,,3,0,3,3,0,3,0,0,0,0,2
82597,FOXSports,,3,0,3,3,0,3,0,0,0,0,3
82602,BalloBallo,,2,0,2,2,0,2,0,0,0,0,3
82604,MaxPezzali,,3,0,3,3,0,3,0,0,0,0,3
82605,Moscagol,,3,0,3,3,0,3,0,0,0,0,3
82607,estensecom,,2,0,2,2,0,2,0,0,0,0,3
82616,Wikipedia,,2,0,2,2,0,2,0,0,0,0,3
82645,ignazioabate,,2,0,2,2,0,2,0,0,0,0,3
82651,f_cancellara,,3,0,3,3,0,3,0,0,0,0,3
82652,andy_schleck,,2,0,2,2,0,2,0,0,0,0,2
82653,MarkCavendish,,2,0,2,2,0,2,0,0,0,0,3
82655,Avengers,,4,0,4,4,0,4,0,0,0,0,3
82657,TheHobbitMovie,,2,0,2,2,0,2,0,0,0,0,2
82660,Iron_Man,,3,0,3,3,0,3,0,0,0,0,2
82666,Gerrard8FanPage,,2,0,2,2,0,2,0,0,0,0,3
82668,silviomuccino,,2,0,2,2,0,2,0,0,0,0,3
82669,Udinese_1896,,3,0,3,3,0,3,0,0,0,0,3
82670,giroditalia,,3,0,3,3,0,3,0,0,0,0,3
82671,springsteen,,3,0,3,3,0,3,0,0,0,0,2
82672,vincenzonibali,,2,0,2,2,0,2,0,0,0,0,3
82673,NDJ_Official,,2,0,2,2,0,2,0,0,0,0,3
82674,FinallyMario,,3,0,3,3,0,3,0,0,0,0,8
82675,MrAncelotti,,3,0,3,3,0,3,0,0,0,0,3
82684,DjokerNole,,3,0,3,3,0,3,0,0,0,0,3
82691,SeedorfOfficial,,2,0,2,2,0,2,0,0,0,0,3
82694,Amazing_Maps,,3,0,3,3,0,3,0,0,0,0,1
82695,KTULibrary,,2,0,2,2,0,2,0,0,0,0,1
82697,RAFESfestivalis,,2,0,2,2,0,2,0,0,0,0,1
82698,adrimg1991,,2,0,2,2,0,2,0,0,0,0,1
82699,TraineeXpert,,2,0,2,2,0,2,0,0,0,0,1
82701,MarouanOficial,,2,0,2,2,0,2,0,0,0,0,1
82703,ESNHannover,,3,0,3,3,0,3,0,0,0,0,1
82705,Petras_B,,2,0,2,2,0,2,0,0,0,0,1
82710,KTU_SA,,2,0,2,2,0,2,0,0,0,0,1
82713,ktuif,,2,0,2,2,0,2,0,0,0,0,1
82718,Markgatiss,,2,0,2,2,0,2,0,0,0,0,3
82725,brad_frost,,2,0,2,2,0,2,0,0,0,0,8
82743,b0rk,,2,0,2,2,0,2,0,0,0,0,8
82821,syntaxfm,,2,0,2,2,0,2,0,0,0,0,8
82836,futurice,,2,0,2,2,0,2,0,0,0,0,2
82848,Swizec,,2,0,2,2,0,2,0,0,0,0,8
82854,dan_abramov,,2,0,2,2,0,2,0,0,0,0,8
82877,ThePracticalDev,,2,0,2,2,0,2,0,0,0,0,8
82918,youyuxi,,2,0,2,2,0,2,0,0,0,0,8
82956,kartben,,2,0,2,2,0,2,0,0,0,0,1
82986,freeCodeCamp,,2,0,2,2,0,2,0,0,0,0,8
83048,gulpjs,,2,0,2,2,0,2,0,0,0,0,8
83060,psd_zone,,2,0,2,2,0,2,0,0,0,0,8
83092,arXiv_Daily,,2,0,2,2,0,2,0,0,0,0,8
83095,epfl_exts,,2,0,2,2,0,2,0,0,0,0,8
83097,marcelsalathe,,2,0,2,2,0,2,0,0,0,0,8
83113,anildash,,2,0,2,2,0,2,0,0,0,0,8
83117,gdb,,2,0,2,2,0,2,0,0,0,0,8
83118,PartnershipAI,,2,0,2,2,0,2,0,0,0,0,8
83125,math_rachel,,2,0,2,2,0,2,0,0,0,0,8
83129,blockchain,,3,0,3,3,0,3,0,0,0,0,2
83140,dennybritz,,2,0,2,2,0,2,0,0,0,0,8
83145,NalKalchbrenner,,2,0,2,2,0,2,0,0,0,0,8
83152,shakir_za,,2,0,2,2,0,2,0,0,0,0,8
83153,jeremyphoward,,2,0,2,2,0,2,0,0,0,0,8
83154,hugo_larochelle,,2,0,2,2,0,2,0,0,0,0,8
83156,DaniloJRezende,,2,0,2,2,0,2,0,0,0,0,8
83158,janexwang,,2,0,2,2,0,2,0,0,0,0,8
83159,egrefen,,2,0,2,2,0,2,0,0,0,0,8
83163,yaringal,,2,0,2,2,0,2,0,0,0,0,8
83185,udacity,,3,0,3,3,0,3,0,0,0,0,8
83186,rkyncl,,2,0,2,2,0,2,0,0,0,0,8
83192,goodfellow_ian,,2,0,2,2,0,2,0,0,0,0,8
83215,4sqSupport,,2,0,2,2,0,2,0,0,0,0,8
83217,HuaweiDeviceUSA,,2,0,2,2,0,2,0,0,0,0,2
83220,Delta,,4,0,4,4,0,4,0,0,0,0,7
83221,LovinDublin,,4,0,4,4,0,4,0,0,0,0,1
83222,VirginAtlantic,,3,0,3,3,0,3,0,0,0,0,2
83223,DublinAirport,,4,0,4,4,0,4,0,0,0,0,1
83224,AerLingus,,3,0,3,3,0,3,0,0,0,0,8
83227,photomatt,,2,0,2,2,0,2,0,0,0,0,8
83228,treehouse,,3,0,3,3,0,3,0,0,0,0,8
83229,treehouse_blog,,2,0,2,2,0,2,0,0,0,0,8
83230,YouTubeTrends,,2,0,2,2,0,2,0,0,0,0,8
83251,TechFinland,,2,0,2,2,0,2,0,0,0,0,8
83255,messukeskus,,2,0,2,2,0,2,0,0,0,0,8
83261,Kashifabbasiary,,2,0,2,2,0,2,0,0,0,0,2
83262,shazbkhanzdaGEO,,2,0,2,2,0,2,0,0,0,0,2
83263,MoeedNj,,2,0,2,2,0,2,0,0,0,0,2
83264,ShkhRasheed,,2,0,2,2,0,2,0,0,0,0,2
83265,Asad_Umar,,2,0,2,2,0,2,0,0,0,0,2
83267,xamarinhq,,2,0,2,2,0,2,0,0,0,0,8
83269,amirkingkhan,,2,0,2,2,0,2,0,0,0,0,8
83277,OriolVinyalsML,,2,0,2,2,0,2,0,0,0,0,8
83278,drfeifei,,2,0,2,2,0,2,0,0,0,0,8
83279,AndrewYNg,,3,0,3,3,0,3,0,0,0,0,8
83297,FAOForestry,,2,0,2,2,0,2,0,0,0,0,1
83314,VRmatkalla,,2,0,2,2,0,2,0,0,0,0,1
83318,TurkuAMK,,2,0,2,2,0,2,0,0,0,0,8
83324,UniEastFinland,,3,0,3,3,0,3,0,0,0,0,8
83325,Karelia_amk,,2,0,2,2,0,2,0,0,0,0,8
83336,suomenyrittajat,,2,0,2,2,0,2,0,0,0,0,1
83337,Elinkeinoelama,,2,0,2,2,0,2,0,0,0,0,8
83338,BusinessFinland,,2,0,2,2,0,2,0,0,0,0,8
83350,wesbos,,2,0,2,2,0,2,0,0,0,0,8
83352,MicrosoftSuomi,,2,0,2,2,0,2,0,0,0,0,1
83384,smashingmag,,3,0,3,3,0,3,0,0,0,0,7
83385,ScholarshipDB,,2,0,2,2,0,2,0,0,0,0,8
83387,ENERGY,,2,0,2,2,0,2,0,0,0,0,8
83389,symmetrymag,,2,0,2,2,0,2,0,0,0,0,2
83390,argonne,,2,0,2,2,0,2,0,0,0,0,8
83392,Fermilab,,2,0,2,2,0,2,0,0,0,0,8
83394,SandiaLabs,,2,0,2,2,0,2,0,0,0,0,8
83396,Aston_Int,,2,0,2,2,0,2,0,0,0,0,8
83415,chriscoyier,,2,0,2,2,0,2,0,0,0,0,8
83416,sazzy,,2,0,2,2,0,2,0,0,0,0,8
83417,simplebits,,2,0,2,2,0,2,0,0,0,0,8
83421,chancetherapper,,2,0,2,2,0,2,0,0,0,0,2
83423,PeriscopeCo,,3,0,3,3,0,3,0,0,0,0,8
83446,verified,,3,0,3,3,0,3,0,0,0,0,8
83448,McDonaldsCorp,,2,0,2,2,0,2,0,0,0,0,8
83449,McDonalds,,3,0,3,3,0,3,0,0,0,0,3
83458,satyanadella,,2,0,2,2,0,2,0,0,0,0,2
83461,WB_AsiaPacific,,2,0,2,2,0,2,0,0,0,0,8
83469,Tinder,,2,0,2,2,0,2,0,0,0,0,8
83485,EYP_Orange,,3,0,3,3,0,3,0,0,0,0,8
83486,allanpall,,3,0,3,3,0,3,0,0,0,0,8
83490,ImranKhanPTI,,2,0,2,2,0,2,0,0,0,0,2
83498,iamdevloper,,3,0,3,3,0,3,0,0,0,0,8
83499,khanacademy,,4,0,4,4,0,4,0,0,0,0,8
83504,JesusChamorroM,,3,0,3,3,0,3,0,0,0,0,6
83507,LauraGzquezSerr,,2,0,2,2,0,2,0,0,0,0,6
83508,BenemeritaTrail,,2,0,2,2,0,2,0,0,0,0,4
83509,luisjasanchez,,2,0,2,2,0,2,0,0,0,0,4
83511,LolaBaenaOsorio,,3,0,3,3,0,3,0,0,0,0,0
83512,lawyers______,,2,0,2,2,0,2,0,0,0,0,6
83513,evytaeffy,,3,0,3,3,0,3,0,0,0,0,0
83516,corte_luz_otura,,3,0,3,3,0,3,0,0,0,0,0
83549,MetasaAsesores,,2,0,2,2,0,2,0,0,0,0,0
83569,lcalzada7,,2,0,2,2,0,2,0,0,0,0,4
83599,Caserlevante,,2,0,2,2,0,2,0,0,0,0,4
83613,GrupoASegura_es,,2,0,2,2,0,2,0,0,0,0,4
83615,LAGUNAsegurosco,,2,0,2,2,0,2,0,0,0,0,4
83627,PdeMaya,,2,0,2,2,0,2,0,0,0,0,4
83630,biciseguro,,2,0,2,2,0,2,0,0,0,0,0
83638,elclubdeltaxi,,2,0,2,2,0,2,0,0,0,0,6
83643,newsjuridicas,,2,0,2,2,0,2,0,0,0,0,4
83646,Alinabefa,,2,0,2,2,0,2,0,0,0,0,4
83647,jmcamacho14,,2,0,2,2,0,2,0,0,0,0,4
83649,Juanfran_Gcf92,,2,0,2,2,0,2,0,0,0,0,4
83653,dmontesr,,2,0,2,2,0,2,0,0,0,0,0
83655,gnzl,,2,0,2,2,0,2,0,0,0,0,6
83657,procuradorgrana,,3,0,3,3,0,3,0,0,0,0,4
83658,JaviDuff,,2,0,2,2,0,2,0,0,0,0,6
83660,fergunet,,3,0,3,3,0,3,0,0,0,0,8
83661,BSMOgranada,,3,0,3,3,0,3,0,0,0,0,4
83662,monachildecine,,3,0,3,3,0,3,0,0,0,0,4
83665,postureo_pro,,2,0,2,2,0,2,0,0,0,0,4
83668,JMAresDJ,,2,0,2,2,0,2,0,0,0,0,6
83669,helenadelvalle,,3,0,3,3,0,3,0,0,0,0,0
83672,Celia_Molina,,3,0,3,3,0,3,0,0,0,0,6
83675,merbarrutia,,3,0,3,3,0,3,0,0,0,0,4
83679,Naniia96,,2,0,2,2,0,2,0,0,0,0,6
83680,JorgeColacio,,2,0,2,2,0,2,0,0,0,0,6
83681,Borainilla,,2,0,2,2,0,2,0,0,0,0,0
83682,ReinaDelRealejo,,2,0,2,2,0,2,0,0,0,0,0
83688,canal_megasur,,3,0,3,3,0,3,0,0,0,0,6
83690,sandrixmolina,,3,0,3,3,0,3,0,0,0,0,4
83691,Cfrd_Resucitado,,2,0,2,2,0,2,0,0,0,0,0
83692,antonio1004,,2,0,2,2,0,2,0,0,0,0,0
83706,almaoa,,2,0,2,2,0,2,0,0,0,0,6
83707,CieloDuque,,2,0,2,2,0,2,0,0,0,0,4
83708,imllazubia,,3,0,3,3,0,3,0,0,0,0,4
83714,comicos_tv,,2,0,2,2,0,2,0,0,0,0,4
83715,Psicoalboran,,2,0,2,2,0,2,0,0,0,0,4
83718,AngieMale,,2,0,2,2,0,2,0,0,0,0,4
83719,GRNODUERMEE,,4,0,4,4,0,4,0,0,0,0,4
83720,Africapeortiz,,2,0,2,2,0,2,0,0,0,0,6
83721,ianrutter01,,2,0,2,2,0,2,0,0,0,0,1
83722,P_S_Granada,,4,0,4,4,0,4,0,0,0,0,0
83725,arqueo2bytes,,2,0,2,2,0,2,0,0,0,0,4
83726,candycandyswet,,2,0,2,2,0,2,0,0,0,0,4
83729,f_villadangos,,2,0,2,2,0,2,0,0,0,0,4
83731,Circusnation,,3,0,3,3,0,3,0,0,0,0,6
83733,SergioLopezGRX,,3,0,3,3,0,3,0,0,0,0,6
83734,mariopablob,,3,0,3,3,0,3,0,0,0,0,4
83735,ollicarreira,,3,0,3,3,0,3,0,0,0,0,4
83737,alcaldiagranada,,3,0,3,3,0,3,0,0,0,0,0
83739,anthonydaz,,3,0,3,3,0,3,0,0,0,0,4
83740,BittoMobile,,2,0,2,2,0,2,0,0,0,0,6
83743,onlinegratuitos,,2,0,2,2,0,2,0,0,0,0,4
83744,MEIDINESPEINFES,,3,0,3,3,0,3,0,0,0,0,8
83745,entredatiles,,2,0,2,2,0,2,0,0,0,0,0
83749,ClaudinaMata,,3,0,3,3,0,3,0,0,0,0,4
83750,ArtRodGranada,,3,0,3,3,0,3,0,0,0,0,0
83751,TemazosVictor,,2,0,2,2,0,2,0,0,0,0,6
83757,jucarpu,,3,0,3,3,0,3,0,0,0,0,6
83758,rafaleyole,,2,0,2,2,0,2,0,0,0,0,4
83759,Toquigo,,3,0,3,3,0,3,0,0,0,0,4
83760,TarotVidenciaDA,,2,0,2,2,0,2,0,0,0,0,4
83761,ElBaulP,,2,0,2,2,0,2,0,0,0,0,8
83763,JoseLuisGuardia,,3,0,3,3,0,3,0,0,0,0,6
83764,BandaSentencia,,3,0,3,3,0,3,0,0,0,0,0
83766,DavidMarleyProd,,2,0,2,2,0,2,0,0,0,0,4
83767,091oficial,,3,0,3,3,0,3,0,0,0,0,0
83769,CoachingAlmeria,,2,0,2,2,0,2,0,0,0,0,4
83770,pilipum,,2,0,2,2,0,2,0,0,0,0,4
83774,MisterMonkey_,,2,0,2,2,0,2,0,0,0,0,1
83775,yusef,,3,0,3,3,0,3,0,0,0,0,0
83776,ManoloRguez_,,2,0,2,2,0,2,0,0,0,0,4
83777,farquintalegre,,2,0,2,2,0,2,0,0,0,0,0
83778,iviajera,,3,0,3,3,0,3,0,0,0,0,2
83780,aranchasantiag,,3,0,3,3,0,3,0,0,0,0,0
83781,GranadaLionsFan,,3,0,3,3,0,3,0,0,0,0,0
83784,PerdonAurora,,4,0,4,4,0,4,0,0,0,0,0
83787,TerceraDivGr9,,2,0,2,2,0,2,0,0,0,0,0
83788,FavoresHdad,,3,0,3,3,0,3,0,0,0,0,0
83789,hdad_rosariogr,,3,0,3,3,0,3,0,0,0,0,0
83790,fatimafares,,2,0,2,2,0,2,0,0,0,0,4
83791,felipepassolas,,3,0,3,3,0,3,0,0,0,0,4
83792,extragrupo,,3,0,3,3,0,3,0,0,0,0,0
83793,jibanez123,,3,0,3,3,0,3,0,0,0,0,4
83794,josetxu_granada,,3,0,3,3,0,3,0,0,0,0,0
83795,eagudoaponte,,2,0,2,2,0,2,0,0,0,0,4
83797,funica,,2,0,2,2,0,2,0,0,0,0,6
83799,RocioLopezPerez,,2,0,2,2,0,2,0,0,0,0,6
83800,LiLi_Pad,,3,0,3,3,0,3,0,0,0,0,4
83802,CristianRuTe,,3,0,3,3,0,3,0,0,0,0,0
83804,JavierIscar,,2,0,2,2,0,2,0,0,0,0,4
83805,RosaEstanCoach,,2,0,2,2,0,2,0,0,0,0,4
83806,luisantia,,3,0,3,3,0,3,0,0,0,0,0
83807,ssantiruizg,,2,0,2,2,0,2,0,0,0,0,6
83808,arandajl,,3,0,3,3,0,3,0,0,0,0,4
83809,fatimabril,,3,0,3,3,0,3,0,0,0,0,4
83811,tendero88,,3,0,3,3,0,3,0,0,0,0,1
83813,itemino,,2,0,2,2,0,2,0,0,0,0,4
83814,Luchimm,,2,0,2,2,0,2,0,0,0,0,0
83815,BeatrizBallesta,,3,0,3,3,0,3,0,0,0,0,4
83819,rubenmesteban,,3,0,3,3,0,3,0,0,0,0,4
83821,29garnata,,2,0,2,2,0,2,0,0,0,0,4
83823,gerardobezares,,2,0,2,2,0,2,0,0,0,0,0
83825,FunesGallardo,,2,0,2,2,0,2,0,0,0,0,4
83827,LaCampanaMalaga,,2,0,2,2,0,2,0,0,0,0,4
83828,MambruRegalos,,2,0,2,2,0,2,0,0,0,0,4
83829,PorraSmile,,2,0,2,2,0,2,0,0,0,0,4
83832,adoptomas,,2,0,2,2,0,2,0,0,0,0,4
83833,anamariamartisa,,2,0,2,2,0,2,0,0,0,0,6
83834,camezgar,,2,0,2,2,0,2,0,0,0,0,0
83835,InmaMolinaG,,2,0,2,2,0,2,0,0,0,0,4
83836,LydiiMoreno,,2,0,2,2,0,2,0,0,0,0,4
83837,doncamilojose,,3,0,3,3,0,3,0,0,0,0,6
83838,Srtablue331,,2,0,2,2,0,2,0,0,0,0,2
83839,yiyoe36,,3,0,3,3,0,3,0,0,0,0,6
83840,SergiMtnez,,2,0,2,2,0,2,0,0,0,0,4
83841,alquileressnev,,3,0,3,3,0,3,0,0,0,0,0
83842,Miel_El_Cortijo,,3,0,3,3,0,3,0,0,0,0,0
83843,ImgasNatural,,3,0,3,3,0,3,0,0,0,0,6
83844,intelligenia,,3,0,3,3,0,3,0,0,0,0,4
83847,angusmartin14,,3,0,3,3,0,3,0,0,0,0,5
83848,MediadorGranada,,3,0,3,3,0,3,0,0,0,0,0
83851,50Pedriki,,2,0,2,2,0,2,0,0,0,0,6
83857,agpenalva,,2,0,2,2,0,2,0,0,0,0,4
83858,grancontrol,,2,0,2,2,0,2,0,0,0,0,0
83861,managerpalido,,3,0,3,3,0,3,0,0,0,0,6
83863,Simonacatt,,2,0,2,2,0,2,0,0,0,0,4
83865,la_bizcocha,,2,0,2,2,0,2,0,0,0,0,0
83869,soyluisma,,2,0,2,2,0,2,0,0,0,0,6
83871,irene61012,,3,0,3,3,0,3,0,0,0,0,0
83878,SegurosJaenDKV,,2,0,2,2,0,2,0,0,0,0,0
83882,PsicologAlcaraz,,2,0,2,2,0,2,0,0,0,0,4
83885,Granados5614,,2,0,2,2,0,2,0,0,0,0,1
83893,damadoxaxim,,2,0,2,2,0,2,0,0,0,0,1
83894,smorenomanas,,2,0,2,2,0,2,0,0,0,0,6
83896,AbogadosDRCAL,,2,0,2,2,0,2,0,0,0,0,4
83899,valenzuela_agu,,3,0,3,3,0,3,0,0,0,0,6
83900,danieltorresvi,,3,0,3,3,0,3,0,0,0,0,6
83902,Grupo_Rodych,,3,0,3,3,0,3,0,0,0,0,0
83903,Jiper94,,3,0,3,3,0,3,0,0,0,0,4
83905,EduardoJMoral,,2,0,2,2,0,2,0,0,0,0,6
83906,pabliyodtl,,2,0,2,2,0,2,0,0,0,0,6
83908,LuisGuijarro2,,2,0,2,2,0,2,0,0,0,0,4
83909,AnaTeresaVA,,2,0,2,2,0,2,0,0,0,0,4
83912,sigma_biotech,,2,0,2,2,0,2,0,0,0,0,0
83913,CComercialGR,,3,0,3,3,0,3,0,0,0,0,4
83916,NeurocienciaEmp,,2,0,2,2,0,2,0,0,0,0,4
83921,torcuatoo1,,2,0,2,2,0,2,0,0,0,0,4
83924,cristinagc83,,3,0,3,3,0,3,0,0,0,0,4
83927,Joaquinito10,,3,0,3,3,0,3,0,0,0,0,6
83933,javiayen,,2,0,2,2,0,2,0,0,0,0,0
83934,Paco_Rosa,,2,0,2,2,0,2,0,0,0,0,5
83939,AlvaroBadillo_,,3,0,3,3,0,3,0,0,0,0,6
83940,saritasagovia,,2,0,2,2,0,2,0,0,0,0,4
83941,rafapozo1,,3,0,3,3,0,3,0,0,0,0,0
83944,Desarrollonline,,2,0,2,2,0,2,0,0,0,0,0
83946,moi1947,,3,0,3,3,0,3,0,0,0,0,6
83948,HichamMallouk,,2,0,2,2,0,2,0,0,0,0,4
83953,chicadecanela89,,2,0,2,2,0,2,0,0,0,0,4
83957,CeroDecibelios,,3,0,3,3,0,3,0,0,0,0,4
83962,pasteleriasol,,3,0,3,3,0,3,0,0,0,0,0
83965,Inmacu,,2,0,2,2,0,2,0,0,0,0,6
83971,anabelretamero,,3,0,3,3,0,3,0,0,0,0,4
83972,MarbellaCowork,,2,0,2,2,0,2,0,0,0,0,0
83974,abelardo_gil,,2,0,2,2,0,2,0,0,0,0,4
83976,Grupo2000CF,,2,0,2,2,0,2,0,0,0,0,5
83978,AEloysa,,3,0,3,3,0,3,0,0,0,0,0
83980,Fco_Santiago_R,,3,0,3,3,0,3,0,0,0,0,0
83981,INMOKINVER,,3,0,3,3,0,3,0,0,0,0,0
83982,alvarolmn,,3,0,3,3,0,3,0,0,0,0,4
83986,charneco,,2,0,2,2,0,2,0,0,0,0,0
83988,jsm_sanabria,,3,0,3,3,0,3,0,0,0,0,0
83990,AB_abril,,3,0,3,3,0,3,0,0,0,0,0
83991,XaviCabado,,3,0,3,3,0,3,0,0,0,0,4
83992,SanPerAsesores,,2,0,2,2,0,2,0,0,0,0,6
83993,ManuelCS1,,3,0,3,3,0,3,0,0,0,0,6
83994,javiluquegrana,,3,0,3,3,0,3,0,0,0,0,0
83995,joluspi74,,3,0,3,3,0,3,0,0,0,0,4
83996,AcostaCM_,,3,0,3,3,0,3,0,0,0,0,4
83997,Julioamique,,2,0,2,2,0,2,0,0,0,0,0
83999,jdabogados,,3,0,3,3,0,3,0,0,0,0,4
84000,Atolmonde,,3,0,3,3,0,3,0,0,0,0,1
84001,abogadoknowmads,,3,0,3,3,0,3,0,0,0,0,4
84004,RafaelPadura,,3,0,3,3,0,3,0,0,0,0,4
84005,NevadaBike,,4,0,4,4,0,4,0,0,0,0,4
84008,a_cbpol,,2,0,2,2,0,2,0,0,0,0,4
84010,LassoTor,,2,0,2,2,0,2,0,0,0,0,4
84012,cambilcambil,,2,0,2,2,0,2,0,0,0,0,4
84016,Fer_Delgado_I,,2,0,2,2,0,2,0,0,0,0,4
84019,Genilformacion,,2,0,2,2,0,2,0,0,0,0,4
84023,gonzaxgsr,,3,0,3,3,0,3,0,0,0,0,0
84024,granasolutions,,2,0,2,2,0,2,0,0,0,0,0
84025,AyenJc,,2,0,2,2,0,2,0,0,0,0,4
84026,Todosseguros,,3,0,3,3,0,3,0,0,0,0,0
84030,ManuelF79260585,,2,0,2,2,0,2,0,0,0,0,0
84033,Tugadegrana,,2,0,2,2,0,2,0,0,0,0,4
84034,RaffaaGG,,2,0,2,2,0,2,0,0,0,0,4
84037,I2Superviva,,2,0,2,2,0,2,0,0,0,0,4
84038,lasanre,,2,0,2,2,0,2,0,0,0,0,0
84039,SdT_SA,,3,0,3,3,0,3,0,0,0,0,0
84055,RescateAventura,,3,0,3,3,0,3,0,0,0,0,6
84057,Nhueconcierge,,3,0,3,3,0,3,0,0,0,0,0
84064,LARedVerde1,,3,0,3,3,0,3,0,0,0,0,4
84065,Ecologia_Tierra,,3,0,3,3,0,3,0,0,0,0,2
84066,miguelvilchez87,,2,0,2,2,0,2,0,0,0,0,0
84067,taxible,,2,0,2,2,0,2,0,0,0,0,6
84077,reservascoches,,3,0,3,3,0,3,0,0,0,0,1
84079,Ecomotriz,,2,0,2,2,0,2,0,0,0,0,4
84089,ITVSGS,,2,0,2,2,0,2,0,0,0,0,4
84093,Juanillos32,,3,0,3,3,0,3,0,0,0,0,0
84097,ro_des,,2,0,2,2,0,2,0,0,0,0,4
84101,FirstStop_Esp,,2,0,2,2,0,2,0,0,0,0,4
84110,GesGROUP92,,2,0,2,2,0,2,0,0,0,0,4
84116,deselchoque,,2,0,2,2,0,2,0,0,0,0,4
84129,ElFaroSeguridad,,2,0,2,2,0,2,0,0,0,0,0
84136,motorgiga,,2,0,2,2,0,2,0,0,0,0,5
84139,Tallerator,,3,0,3,3,0,3,0,0,0,0,4
84140,AntiRadares,,2,0,2,2,0,2,0,0,0,0,6
84141,QueTalleres,,2,0,2,2,0,2,0,0,0,0,4
84145,Toyota_Esp,,3,0,3,3,0,3,0,0,0,0,4
84146,marcamotor,,2,0,2,2,0,2,0,0,0,0,4
84147,pedroconductor,,2,0,2,2,0,2,0,0,0,0,6
84168,SmartPowerUp,,3,0,3,3,0,3,0,0,0,0,0
84171,gacetadeltaxi,,3,0,3,3,0,3,0,0,0,0,4
84172,EA_Spain,,2,0,2,2,0,2,0,0,0,0,4
84173,arturotaxi,,3,0,3,3,0,3,0,0,0,0,6
84176,GestionaradioGR,,2,0,2,2,0,2,0,0,0,0,6
84177,adri_lolo69,,2,0,2,2,0,2,0,0,0,0,6
84178,Taxisminivan,,2,0,2,2,0,2,0,0,0,0,0
84180,socialtaxi,,2,0,2,2,0,2,0,0,0,0,6
84182,TaxiAlfonsoG,,2,0,2,2,0,2,0,0,0,0,6
84184,TaximarAlmeria,,3,0,3,3,0,3,0,0,0,0,6
84189,taxioviedo,,3,0,3,3,0,3,0,0,0,0,6
84190,taxitp,,2,0,2,2,0,2,0,0,0,0,6
84194,ClinicaSalus_,,3,0,3,3,0,3,0,0,0,0,0
84195,isagranada,,3,0,3,3,0,3,0,0,0,0,0
84209,AutoAlhambra,,3,0,3,3,0,3,0,0,0,0,4
84219,AEDobleR,,2,0,2,2,0,2,0,0,0,0,0
84237,antonioelices,,2,0,2,2,0,2,0,0,0,0,4
84245,MundoVial,,2,0,2,2,0,2,0,0,0,0,4
84246,ArteMotor,,2,0,2,2,0,2,0,0,0,0,4
84247,auto_cosmos,,2,0,2,2,0,2,0,0,0,0,0
84249,PSICOTRASVI,,2,0,2,2,0,2,0,0,0,0,4
84251,sferasitges,,2,0,2,2,0,2,0,0,0,0,1
84265,alicecoffin,,2,0,2,2,0,2,0,0,0,0,8
84280,TessaThompson_x,,2,0,2,2,0,2,0,0,0,0,2
84284,jvn,,2,0,2,2,0,2,0,0,0,0,2
84285,antoni,,2,0,2,2,0,2,0,0,0,0,2
84286,bobbyberk,,2,0,2,2,0,2,0,0,0,0,2
84287,JohnBoyega,,2,0,2,2,0,2,0,0,0,0,2
84290,NousToutesOrg,,2,0,2,2,0,2,0,0,0,0,8
84297,MarvelStudios,,3,0,3,3,0,3,0,0,0,0,2
84353,NetflixIsAJoke,,2,0,2,2,0,2,0,0,0,0,2
84354,TheVampsJames,,2,0,2,2,0,2,0,0,0,0,2
84355,TheVampsTristan,,2,0,2,2,0,2,0,0,0,0,2
84356,TheVampsCon,,2,0,2,2,0,2,0,0,0,0,2
84357,TheVampsBrad,,3,0,3,3,0,3,0,0,0,0,0
84361,TheVampsband,,2,0,2,2,0,2,0,0,0,0,2
84379,yasmineouir,,2,0,2,2,0,2,0,0,0,0,2
84402,MarvelUK,,2,0,2,2,0,2,0,0,0,0,2
84412,brielarson,,2,0,2,2,0,2,0,0,0,0,2
84418,TravelNoire,,2,0,2,2,0,2,0,0,0,0,2
84428,QueerEye,,2,0,2,2,0,2,0,0,0,0,2
84437,PepiteSexiste,,2,0,2,2,0,2,0,0,0,0,8
84440,chargementale,,2,0,2,2,0,2,0,0,0,0,8
84447,threadreaderapp,,2,0,2,2,0,2,0,0,0,0,2
84453,LuciferNetflix,,3,0,3,3,0,3,0,0,0,0,3
84466,thelonelyisland,,3,0,3,3,0,3,0,0,0,0,2
84471,chelseaperetti,,2,0,2,2,0,2,0,0,0,0,2
84491,ElBlogdeViajes,,3,0,3,3,0,3,0,0,0,0,2
84504,RikRankin,,2,0,2,2,0,2,0,0,0,0,2
84505,FestivalEVX,,3,0,3,3,0,3,0,0,0,0,2
84514,annecyfestival,,2,0,2,2,0,2,0,0,0,0,2
84515,esdemusica,,2,0,2,2,0,2,0,0,0,0,2
84517,norabz,,2,0,2,2,0,2,0,0,0,0,2
84531,Bosslogic,,2,0,2,2,0,2,0,0,0,0,2
84552,nationalexpress,,3,0,3,3,0,3,0,0,0,0,1
84560,occhiodilucie,,3,0,3,3,0,3,0,0,0,0,2
84585,Madaboutravel,,2,0,2,2,0,2,0,0,0,0,2
84589,MCU_Direct,,2,0,2,2,0,2,0,0,0,0,2
84595,welovehistory,,2,0,2,2,0,2,0,0,0,0,2
84600,qwertee,,2,0,2,2,0,2,0,0,0,0,2
84601,AnthonyMackie,,2,0,2,2,0,2,0,0,0,0,2
84625,jdoreofficiel,,3,0,3,3,0,3,0,0,0,0,8
84631,CarnetsTraverse,,3,0,3,3,0,3,0,0,0,0,7
84646,MyTourduGlobe,,3,0,3,3,0,3,0,0,0,0,2
84669,benoithamon,,3,0,3,3,0,3,0,0,0,0,8
84680,AlisonSudol,,3,0,3,3,0,3,0,0,0,0,2
84694,humansofny,,2,0,2,2,0,2,0,0,0,0,2
84714,hotforfood,,2,0,2,2,0,2,0,0,0,0,7
84730,TheRealStanLee,,3,0,3,3,0,3,0,0,0,0,2
84731,jonnybernthal,,2,0,2,2,0,2,0,0,0,0,2
84734,HistoryVikings,,2,0,2,2,0,2,0,0,0,0,2
84737,edgyveg,,2,0,2,2,0,2,0,0,0,0,7
84741,HamillHimself,,2,0,2,2,0,2,0,0,0,0,2
84744,starwars,,3,0,3,3,0,3,0,0,0,0,2
84774,EW,,3,0,3,3,0,3,0,0,0,0,2
84779,Guardians,,3,0,3,3,0,3,0,0,0,0,2
84785,NiggazStruggles,,2,0,2,2,0,2,0,0,0,0,8
84790,NyxCosmetics,,2,0,2,2,0,2,0,0,0,0,2
84792,TooFaced,,2,0,2,2,0,2,0,0,0,0,2
84793,cheaplazyvegan,,2,0,2,2,0,2,0,0,0,0,7
84798,arosende,,2,0,2,2,0,2,0,0,0,0,2
84810,Klaire,,2,0,2,2,0,2,0,0,0,0,8
84825,emiliaclarke,,2,0,2,2,0,2,0,0,0,0,2
84831,AgentCarterTV,,2,0,2,2,0,2,0,0,0,0,2
84839,mauvaisecie,,2,0,2,2,0,2,0,0,0,0,8
84840,WebHistoryPics,,2,0,2,2,0,2,0,0,0,0,8
84841,BrilManon,,3,0,3,3,0,3,0,0,0,0,8
84844,Paulette,,2,0,2,2,0,2,0,0,0,0,8
84847,CausetteLeMag,,2,0,2,2,0,2,0,0,0,0,8
84849,PenelopeB,,2,0,2,2,0,2,0,0,0,0,2
84860,OITNB,,3,0,3,3,0,3,0,0,0,0,2
84869,joedempsie,,2,0,2,2,0,2,0,0,0,0,2
84890,OliverPhelps,,4,0,4,4,0,4,0,0,0,0,2
84891,SamuelLJackson,,2,0,2,2,0,2,0,0,0,0,2
84895,EuroDisney,,2,0,2,2,0,2,0,0,0,0,2
84897,Disney_Emploi,,2,0,2,2,0,2,0,0,0,0,2
84903,HillywoodShow,,2,0,2,2,0,2,0,0,0,0,2
84917,maximedereymez,,2,0,2,2,0,2,0,0,0,0,2
84921,lmloveless,,2,0,2,2,0,2,0,0,0,0,2
84935,FLASHtvwriters,,2,0,2,2,0,2,0,0,0,0,2
84942,DALS_TF1,,2,0,2,2,0,2,0,0,0,0,8
84949,NicoMirallegro,,2,0,2,2,0,2,0,0,0,0,2
84951,Writer_DG,,2,0,2,2,0,2,0,0,0,0,2
84952,caitrionambalfe,,2,0,2,2,0,2,0,0,0,0,2
84953,SamHeughan,,2,0,2,2,0,2,0,0,0,0,2
84954,Outlander_STARZ,,2,0,2,2,0,2,0,0,0,0,2
84959,jeromejarre,,3,0,3,3,0,3,0,0,0,0,1
84961,IAMLenaHeadey,,4,0,4,4,0,4,0,0,0,0,3
84983,DisneylandParis,,2,0,2,2,0,2,0,0,0,0,2
84987,twhiddleston,,3,0,3,3,0,3,0,0,0,0,2
84990,emiliederavin,,2,0,2,2,0,2,0,0,0,0,2
84991,OnceABC,,3,0,3,3,0,3,0,0,0,0,5
84993,the1975,,2,0,2,2,0,2,0,0,0,0,2
84998,EmilyOsment,,3,0,3,3,0,3,0,0,0,0,2
84999,CoryMonteith,,2,0,2,2,0,2,0,0,0,0,2
85003,paulineprivez,,2,0,2,2,0,2,0,0,0,0,2
85004,NicholasHoult,,2,0,2,2,0,2,0,0,0,0,2
85005,DohertyShannen,,3,0,3,3,0,3,0,0,0,0,2
85006,rosemcgowan,,2,0,2,2,0,2,0,0,0,0,2
85007,H_Combs,,2,0,2,2,0,2,0,0,0,0,2
85010,FinnHarries,,2,0,2,2,0,2,0,0,0,0,2
85011,JackHarries,,2,0,2,2,0,2,0,0,0,0,2
85020,dylanobrien,,2,0,2,2,0,2,0,0,0,0,2
85021,rickriordan,,2,0,2,2,0,2,0,0,0,0,2
85022,cassieclare,,2,0,2,2,0,2,0,0,0,0,2
85024,nbc,,2,0,2,2,0,2,0,0,0,0,3
85025,KristianNairn,,3,0,3,3,0,3,0,0,0,0,3
85026,Isaac_H_Wright,,3,0,3,3,0,3,0,0,0,0,3
85027,liamcunningham1,,3,0,3,3,0,3,0,0,0,0,3
85028,lovegwendoline,,3,0,3,3,0,3,0,0,0,0,3
85065,BakerStBabes,,2,0,2,2,0,2,0,0,0,0,3
85074,coopi,,2,0,2,2,0,2,0,0,0,0,3
85075,agire,,2,0,2,2,0,2,0,0,0,0,3
85076,Cesvi_NGO,,2,0,2,2,0,2,0,0,0,0,3
85077,tdhitaly,,2,0,2,2,0,2,0,0,0,0,3
85078,SOSitalia,,2,0,2,2,0,2,0,0,0,0,3
85082,Sherlock221B,,2,0,2,2,0,2,0,0,0,0,3
85090,amrefit,,3,0,3,3,0,3,0,0,0,0,3
85136,magalitajes,,2,0,2,2,0,2,0,0,0,0,2
85143,WarnerChannelLA,,3,0,3,3,0,3,0,0,0,0,2
85175,lulopilato,,3,0,3,3,0,3,0,0,0,0,2
85183,EsDeObse,,2,0,2,2,0,2,0,0,0,0,2
85186,RimmelLondonArg,,2,0,2,2,0,2,0,0,0,0,2
85194,mauriciomacri,,3,0,3,3,0,3,0,0,0,0,2
85248,ehfcl,,2,0,2,2,0,2,0,0,0,0,2
85284,elcosodelapizza,,2,0,2,2,0,2,0,0,0,0,2
85306,andreskogovsek,,2,0,2,2,0,2,0,0,0,0,2
85307,soycrismorena,,2,0,2,2,0,2,0,0,0,0,2
85316,aymarlucha,,2,0,2,2,0,2,0,0,0,0,2
85368,EuropeDCitoyens,,2,0,2,2,0,2,0,0,0,0,1
85394,edym_ngo,,3,0,3,3,0,3,0,0,0,0,3
85402,EB_Austria,,2,0,2,2,0,2,0,0,0,0,1
85420,clem_haa,,2,0,2,2,0,2,0,0,0,0,1
85421,ItalianComments,,2,0,2,2,0,2,0,0,0,0,3
85426,Cosmopolitalian,,2,0,2,2,0,2,0,0,0,0,1
85431,buffer,,4,0,4,4,0,4,0,0,0,0,8
85438,Initiative_eu,,3,0,3,3,0,3,0,0,0,0,1
85439,GUEGUENDaniel,,3,0,3,3,0,3,0,0,0,0,3
85474,janinhartmann,,3,0,3,3,0,3,0,0,0,0,1
85486,AltPublicLands,,2,0,2,2,0,2,0,0,0,0,2
85487,altUSEPA,,2,0,2,2,0,2,0,0,0,0,2
85488,RogueNASA,,2,0,2,2,0,2,0,0,0,0,2
85489,NotAltWorld,,2,0,2,2,0,2,0,0,0,0,2
85490,SebDance,,2,0,2,2,0,2,0,0,0,0,1
85492,rulajebreal,,3,0,3,3,0,3,0,0,0,0,3
85493,EuroScientist,,2,0,2,2,0,2,0,0,0,0,1
85505,IrelandRepBru,,3,0,3,3,0,3,0,0,0,0,1
85506,SpunOut,,3,0,3,3,0,3,0,0,0,0,1
85507,YMCAIreland,,2,0,2,2,0,2,0,0,0,0,1
85508,ymcaeurope,,2,0,2,2,0,2,0,0,0,0,1
85515,AIESECAlumniGlo,,3,0,3,3,0,3,0,0,0,0,7
85516,AskErasmus,,4,0,4,4,0,4,0,0,0,0,1
85523,EurVoice,,2,0,2,2,0,2,0,0,0,0,1
85529,FOSOpenScouting,,2,0,2,2,0,2,0,0,0,0,1
85530,ParisJeunes,,2,0,2,2,0,2,0,0,0,0,1
85532,MoovJee,,2,0,2,2,0,2,0,0,0,0,2
85535,_dija,,2,0,2,2,0,2,0,0,0,0,1
85536,_fkp_,,3,0,3,3,0,3,0,0,0,0,1
85538,YouthActionNet,,3,0,3,3,0,3,0,0,0,0,1
85539,Chirojeugd,,2,0,2,2,0,2,0,0,0,0,1
85544,WorldYouthChoir,,2,0,2,2,0,2,0,0,0,0,1
85545,Allesoverjeugd,,2,0,2,2,0,2,0,0,0,0,1
85550,NJRJeugddebat,,2,0,2,2,0,2,0,0,0,0,1
85552,YouthFutureTT,,3,0,3,3,0,3,0,0,0,0,1
85554,FFJeunesse,,3,0,3,3,0,3,0,0,0,0,1
85555,GenChange,,3,0,3,3,0,3,0,0,0,0,1
85557,KNZMalta,,2,0,2,2,0,2,0,0,0,0,1
85558,FixersUK,,3,0,3,3,0,3,0,0,0,0,1
85559,CNG_Italia,,4,0,4,4,0,4,0,0,0,0,1
85560,Forumjeunes_BE,,3,0,3,3,0,3,0,0,0,0,1
85561,YoungUnLtd,,2,0,2,2,0,2,0,0,0,0,1
85562,mladinskisvet,,3,0,3,3,0,3,0,0,0,0,1
85563,EEEYFU,,3,0,3,3,0,3,0,0,0,0,1
85564,CTRomania,,2,0,2,2,0,2,0,0,0,0,1
85565,UpRising_UK,,3,0,3,3,0,3,0,0,0,0,1
85566,lsesu,,3,0,3,3,0,3,0,0,0,0,1
85567,vinspired,,3,0,3,3,0,3,0,0,0,0,1
85568,soassu,,3,0,3,3,0,3,0,0,0,0,1
85569,ETUC_Youth,,2,0,2,2,0,2,0,0,0,0,1
85571,YoungFeministEU,,2,0,2,2,0,2,0,0,0,0,1
85573,IFLRY,,2,0,2,2,0,2,0,0,0,0,1
85575,EUJS,,2,0,2,2,0,2,0,0,0,0,1
85576,DBYN,,2,0,2,2,0,2,0,0,0,0,1
85577,LYMEC,,4,0,4,4,0,4,0,0,0,0,1
85578,jminetwork,,3,0,3,3,0,3,0,0,0,0,1
85579,BESTorg,,4,0,4,4,0,4,0,0,0,0,3
85580,noorus,,2,0,2,2,0,2,0,0,0,0,1
85581,LJP_lv,,3,0,3,3,0,3,0,0,0,0,1
85582,SAJV_CSAJ_FSAG,,3,0,3,3,0,3,0,0,0,0,1
85583,nycinews,,3,0,3,3,0,3,0,0,0,0,1
85584,IGLYO,,3,0,3,3,0,3,0,0,0,0,1
85585,IFMSA,,3,0,3,3,0,3,0,0,0,0,1
85587,ActiveeuropeOrg,,3,0,3,3,0,3,0,0,0,0,1
85589,CNTMoldova,,2,0,2,2,0,2,0,0,0,0,1
85590,CISVofficial,,2,0,2,2,0,2,0,0,0,0,1
85591,NJRtweets,,3,0,3,3,0,3,0,0,0,0,1
85592,DEMYC_org,,2,0,2,2,0,2,0,0,0,0,1
85593,sciint,,4,0,4,4,0,4,0,0,0,0,3
85594,KOMSmladi,,2,0,2,2,0,2,0,0,0,0,1
85595,IFMSEI,,3,0,3,3,0,3,0,0,0,0,1
85596,CESIpress,,3,0,3,3,0,3,0,0,0,0,1
85598,CyprusYouthCoun,,3,0,3,3,0,3,0,0,0,0,1
85599,IFHOHYP,,2,0,2,2,0,2,0,0,0,0,1
85600,_BJV_,,3,0,3,3,0,3,0,0,0,0,1
85602,WerkgroepEuropa,,3,0,3,3,0,3,0,0,0,0,1
85603,alliance_europe,,4,0,4,4,0,4,0,0,0,0,3
85604,challengefuture,,3,0,3,3,0,3,0,0,0,0,1
85613,UKScouting,,2,0,2,2,0,2,0,0,0,0,1
85619,DavidLammy,,2,0,2,2,0,2,0,0,0,0,2
85622,EFF,,3,0,3,3,0,3,0,0,0,0,1
85623,FreedomofPress,,2,0,2,2,0,2,0,0,0,0,1
85654,Right_to_Remain,,2,0,2,2,0,2,0,0,0,0,1
85683,johnlisney,,3,0,3,3,0,3,0,0,0,0,1
85686,EUNIC_Global,,2,0,2,2,0,2,0,0,0,0,1
85687,euartsfunding,,2,0,2,2,0,2,0,0,0,0,1
85689,EUStartupNet,,2,0,2,2,0,2,0,0,0,0,1
85690,EU4Citizens,,3,0,3,3,0,3,0,0,0,0,1
85693,EuropeUpClose,,2,0,2,2,0,2,0,0,0,0,1
85695,AGE_PlatformEU,,3,0,3,3,0,3,0,0,0,0,7
85698,labour4europe,,2,0,2,2,0,2,0,0,0,0,1
85703,FutureLabEurope,,3,0,3,3,0,3,0,0,0,0,1
85712,BIK_youth,,2,0,2,2,0,2,0,0,0,0,1
85714,EuropeanCitizen,,3,0,3,3,0,3,0,0,0,0,1
85717,TheEuros,,2,0,2,2,0,2,0,0,0,0,1
85719,YECinema,,2,0,2,2,0,2,0,0,0,0,1
85720,JEF_MKD,,2,0,2,2,0,2,0,0,0,0,1
85723,EUYOtweets,,3,0,3,3,0,3,0,0,0,0,7
85724,MyEur,,2,0,2,2,0,2,0,0,0,0,1
85725,BridgingEurope,,2,0,2,2,0,2,0,0,0,0,1
85726,Junge_Union,,2,0,2,2,0,2,0,0,0,0,1
85729,EurDemStu,,2,0,2,2,0,2,0,0,0,0,1
85732,EuropeanMuslimN,,2,0,2,2,0,2,0,0,0,0,1
85734,LibDemMEPs,,2,0,2,2,0,2,0,0,0,0,1
85740,Youth4EuropeUK,,2,0,2,2,0,2,0,0,0,0,1
85742,HistoriansForEU,,2,0,2,2,0,2,0,0,0,0,1
85743,academicsforeu,,2,0,2,2,0,2,0,0,0,0,1
85746,stayinEU,,2,0,2,2,0,2,0,0,0,0,1
85748,euromoveBE,,3,0,3,3,0,3,0,0,0,0,1
85763,close2EU,,2,0,2,2,0,2,0,0,0,0,1
85764,TheresaEurope,,2,0,2,2,0,2,0,0,0,0,1
85778,iVoteforEurope,,3,0,3,3,0,3,0,0,0,0,1
85780,hopenothate,,2,0,2,2,0,2,0,0,0,0,1
85786,EFAparty,,2,0,2,2,0,2,0,0,0,0,0
85787,EFA_Youth,,2,0,2,2,0,2,0,0,0,0,1
85790,NHSforPV,,3,0,3,3,0,3,0,0,0,0,1
85795,the3million,,2,0,2,2,0,2,0,0,0,0,2
85796,Brand_EU,,2,0,2,2,0,2,0,0,0,0,1
85799,TheNewEuropean,,2,0,2,2,0,2,0,0,0,0,3
85801,UKYouth,,4,0,4,4,0,4,0,0,0,0,1
85802,ukyv,,3,0,3,3,0,3,0,0,0,0,1
85806,NetzwerkEBD,,4,0,4,4,0,4,0,0,0,0,1
85807,tomvdkendelaere,,2,0,2,2,0,2,0,0,0,0,1
85831,labour,,2,0,2,2,0,2,0,0,0,0,1
85836,FDTL_OFFICIEL,,2,0,2,2,0,2,0,0,0,0,1
85847,HDPgenelmerkezi,,2,0,2,2,0,2,0,0,0,0,2
85851,EventsPOLITICO,,2,0,2,2,0,2,0,0,0,0,1
85852,EFDgroup,,2,0,2,2,0,2,0,0,0,0,1
85864,PNmalta,,2,0,2,2,0,2,0,0,0,0,1
85868,TOP09cz,,3,0,3,3,0,3,0,0,0,0,2
85898,scelta_civica,,2,0,2,2,0,2,0,0,0,0,1
85907,MomchilNekov,,2,0,2,2,0,2,0,0,0,0,1
85918,BeataSzydlo,,2,0,2,2,0,2,0,0,0,0,1
85919,pisorgpl,,2,0,2,2,0,2,0,0,0,0,1
85921,RyszardPetru,,2,0,2,2,0,2,0,0,0,0,1
85922,Platforma_org,,2,0,2,2,0,2,0,0,0,0,1
85926,volkspartei,,2,0,2,2,0,2,0,0,0,0,1
85933,dw_politics,,2,0,2,2,0,2,0,0,0,0,1
85937,StephenAtHome,,4,0,4,4,0,4,0,0,0,0,2
85942,f_philippot,,2,0,2,2,0,2,0,0,0,0,1
85943,Die_Gruenen,,2,0,2,2,0,2,0,0,0,0,1
85945,MLP_officiel,,4,0,4,4,0,4,0,0,0,0,8
85947,lesRepublicains,,4,0,4,4,0,4,0,0,0,0,1
85953,syriza_gr,,3,0,3,3,0,3,0,0,0,0,1
85955,partisocialiste,,2,0,2,2,0,2,0,0,0,0,1
85957,goldenhelen,,2,0,2,2,0,2,0,0,0,0,6
85958,Rosagarzonquero,,2,0,2,2,0,2,0,0,0,0,0
85959,anarufian,,2,0,2,2,0,2,0,0,0,0,6
85961,raulmartin115,,2,0,2,2,0,2,0,0,0,0,6
85962,JavierSanz,,2,0,2,2,0,2,0,0,0,0,6
85966,KNadiospiojitos,,4,0,4,4,0,4,0,0,0,0,6
85969,synergia,,2,0,2,2,0,2,0,0,0,0,4
85971,RaulDorado,,2,0,2,2,0,2,0,0,0,0,6
85972,ingenio,,2,0,2,2,0,2,0,0,0,0,4
85978,MartaGirela,,2,0,2,2,0,2,0,0,0,0,6
85979,martareyes10,,2,0,2,2,0,2,0,0,0,0,6
85980,noe_fam,,3,0,3,3,0,3,0,0,0,0,6
85985,Bea_CL87,,2,0,2,2,0,2,0,0,0,0,6
85987,XtinaLaSanchez,,3,0,3,3,0,3,0,0,0,0,6
85994,marquesdesoto,,3,0,3,3,0,3,0,0,0,0,0
85999,_Hicham_B,,2,0,2,2,0,2,0,0,0,0,0
86001,kunemi,,2,0,2,2,0,2,0,0,0,0,6
86002,mariagBazan,,2,0,2,2,0,2,0,0,0,0,6
86004,albaramirezsier,,2,0,2,2,0,2,0,0,0,0,3
86005,GraciaTocados,,3,0,3,3,0,3,0,0,0,0,0
86006,marthaesimagen,,2,0,2,2,0,2,0,0,0,0,0
86007,ana__jerez,,3,0,3,3,0,3,0,0,0,0,0
86008,IlProfumiereGr,,2,0,2,2,0,2,0,0,0,0,0
86009,baifisio,,3,0,3,3,0,3,0,0,0,0,0
86010,CarmenBlascoB,,2,0,2,2,0,2,0,0,0,0,0
86011,Bastireklamo,,2,0,2,2,0,2,0,0,0,0,0
86012,gutiduo,,2,0,2,2,0,2,0,0,0,0,0
86014,R_Nofuentes,,3,0,3,3,0,3,0,0,0,0,4
86018,Minebags,,3,0,3,3,0,3,0,0,0,0,4
86023,Chocochicblog,,2,0,2,2,0,2,0,0,0,0,6
86026,FerSampablo,,2,0,2,2,0,2,0,0,0,0,6
86029,Estefcs,,2,0,2,2,0,2,0,0,0,0,6
86034,MLPelsmaeker,,2,0,2,2,0,2,0,0,0,0,6
86036,LMegias,,2,0,2,2,0,2,0,0,0,0,0
86039,Nicomartin88,,2,0,2,2,0,2,0,0,0,0,6
86041,sanchezmoya,,2,0,2,2,0,2,0,0,0,0,6
86044,delcoso,,2,0,2,2,0,2,0,0,0,0,6
86045,PabloHuerMol,,2,0,2,2,0,2,0,0,0,0,6
86046,_carmenayala,,2,0,2,2,0,2,0,0,0,0,6
86048,Snsoken,,2,0,2,2,0,2,0,0,0,0,6
86049,josepabloim,,2,0,2,2,0,2,0,0,0,0,6
86050,Senise90,,2,0,2,2,0,2,0,0,0,0,6
86052,juanjoito,,2,0,2,2,0,2,0,0,0,0,6
86053,alfonsoeromero,,3,0,3,3,0,3,0,0,0,0,0
86055,msparejo,,2,0,2,2,0,2,0,0,0,0,6
86057,EsterMartiin,,2,0,2,2,0,2,0,0,0,0,0
86060,juaenriquez,,2,0,2,2,0,2,0,0,0,0,6
86064,veronicafcc,,2,0,2,2,0,2,0,0,0,0,5
86066,MartaRbt,,2,0,2,2,0,2,0,0,0,0,5
86067,Maria_pmart,,2,0,2,2,0,2,0,0,0,0,5
86068,ForumCopas,,3,0,3,3,0,3,0,0,0,0,0
86073,loreynaa,,2,0,2,2,0,2,0,0,0,0,6
86090,annita_rpg,,2,0,2,2,0,2,0,0,0,0,5
86094,mccano_15,,2,0,2,2,0,2,0,0,0,0,2
86102,LadyGangas,,3,0,3,3,0,3,0,0,0,0,4
86107,SoleraCasetaGra,,2,0,2,2,0,2,0,0,0,0,6
86116,RosaCaballero_,,2,0,2,2,0,2,0,0,0,0,6
86129,cuadernalia,,3,0,3,3,0,3,0,0,0,0,0
86134,Bisutaria,,3,0,3,3,0,3,0,0,0,0,6
86135,Geminiz23,,3,0,3,3,0,3,0,0,0,0,0
86136,nazaretjudith,,2,0,2,2,0,2,0,0,0,0,6
86152,LaAlbayzinera,,4,0,4,4,0,4,0,0,0,0,0
86163,soniafz_2908,,2,0,2,2,0,2,0,0,0,0,0
86165,jmrc_Roman,,3,0,3,3,0,3,0,0,0,0,0
86166,Raul5escalona,,3,0,3,3,0,3,0,0,0,0,6
86167,mariacfr89,,2,0,2,2,0,2,0,0,0,0,6
86169,joselopezromeo,,3,0,3,3,0,3,0,0,0,0,6
86172,ivanortiz2396,,2,0,2,2,0,2,0,0,0,0,0
86173,begofit,,2,0,2,2,0,2,0,0,0,0,6
86174,Patrys_S,,2,0,2,2,0,2,0,0,0,0,6
86176,OhMyLooks,,3,0,3,3,0,3,0,0,0,0,6
86179,illaez,,3,0,3,3,0,3,0,0,0,0,0
86182,anaefer_89,,2,0,2,2,0,2,0,0,0,0,0
86184,ama_mr,,4,0,4,4,0,4,0,0,0,0,6
86186,_HectorValverde,,3,0,3,3,0,3,0,0,0,0,0
86191,alexbuja,,2,0,2,2,0,2,0,0,0,0,5
86193,yasminGinlemon,,2,0,2,2,0,2,0,0,0,0,0
86194,yasminitadonas,,2,0,2,2,0,2,0,0,0,0,0
86195,Sandragr8,,2,0,2,2,0,2,0,0,0,0,6
86199,Kristyfm,,2,0,2,2,0,2,0,0,0,0,6
86200,AlexVTSpower,,2,0,2,2,0,2,0,0,0,0,0
86201,Eurokits,,2,0,2,2,0,2,0,0,0,0,6
86202,crysmrnails,,3,0,3,3,0,3,0,0,0,0,0
86203,cristinarra,,2,0,2,2,0,2,0,0,0,0,0
86206,antoniogvillena,,2,0,2,2,0,2,0,0,0,0,6
86209,laugs_3,,3,0,3,3,0,3,0,0,0,0,0
86210,Federe89,,3,0,3,3,0,3,0,0,0,0,6
86213,angelamolinaa97,,2,0,2,2,0,2,0,0,0,0,6
86216,rutcervera,,2,0,2,2,0,2,0,0,0,0,6
86218,carlos_almagro,,2,0,2,2,0,2,0,0,0,0,6
86219,angelsanchezhit,,2,0,2,2,0,2,0,0,0,0,2
86220,CrisLinaGr,,2,0,2,2,0,2,0,0,0,0,6
86221,AntonioMiguelAG,,2,0,2,2,0,2,0,0,0,0,6
86222,carlosmoreno091,,3,0,3,3,0,3,0,0,0,0,6
86224,javi_podillos,,2,0,2,2,0,2,0,0,0,0,6
86226,SamanthaPlay31,,2,0,2,2,0,2,0,0,0,0,6
86227,vicky_martin22,,2,0,2,2,0,2,0,0,0,0,6
86235,DavidGraell,,3,0,3,3,0,3,0,0,0,0,4
86239,Gil89mg,,2,0,2,2,0,2,0,0,0,0,0
86241,Kikicrespo,,2,0,2,2,0,2,0,0,0,0,6
86244,ChachTito,,2,0,2,2,0,2,0,0,0,0,0
86246,loredink,,3,0,3,3,0,3,0,0,0,0,0
86247,victor_priego,,2,0,2,2,0,2,0,0,0,0,6
86249,Jesus_Navarro10,,2,0,2,2,0,2,0,0,0,0,6
86251,AlexGarciG,,3,0,3,3,0,3,0,0,0,0,6
86252,LauraSanchez___,,2,0,2,2,0,2,0,0,0,0,6
86254,anele_89_,,2,0,2,2,0,2,0,0,0,0,6
86255,Priscillacipa,,2,0,2,2,0,2,0,0,0,0,6
86267,AureLg89,,2,0,2,2,0,2,0,0,0,0,2
86272,BlogRealTrends,,3,0,3,3,0,3,0,0,0,0,6
86273,Rakelosio,,2,0,2,2,0,2,0,0,0,0,6
86274,lydirogo,,2,0,2,2,0,2,0,0,0,0,6
86278,1pizcade,,2,0,2,2,0,2,0,0,0,0,6
86279,frtitos,,3,0,3,3,0,3,0,0,0,0,6
86280,granaTapas,,3,0,3,3,0,3,0,0,0,0,0
86293,jose_pium,,2,0,2,2,0,2,0,0,0,0,0
86298,Menfismotril,,2,0,2,2,0,2,0,0,0,0,6
86299,NataliaGarcia09,,3,0,3,3,0,3,0,0,0,0,6
86302,ladematematicas,,3,0,3,3,0,3,0,0,0,0,6
86309,Luciaferque,,2,0,2,2,0,2,0,0,0,0,6
86313,Loritilla,,2,0,2,2,0,2,0,0,0,0,6
86314,RGM_87,,2,0,2,2,0,2,0,0,0,0,5
86316,maryfdezbazan,,2,0,2,2,0,2,0,0,0,0,6
86317,Agus__BA,,2,0,2,2,0,2,0,0,0,0,7
86318,lb_slr,,2,0,2,2,0,2,0,0,0,0,6
86320,llan_oficial,,2,0,2,2,0,2,0,0,0,0,6
86324,Martita_m91,,2,0,2,2,0,2,0,0,0,0,6
86327,dcasasola_,,3,0,3,3,0,3,0,0,0,0,0
86335,regina_mundigr,,2,0,2,2,0,2,0,0,0,0,6
86336,MiguelMG88,,2,0,2,2,0,2,0,0,0,0,6
86337,blancahurgui,,2,0,2,2,0,2,0,0,0,0,0
86338,LydiaOcon,,2,0,2,2,0,2,0,0,0,0,0
86341,_rafamora,,2,0,2,2,0,2,0,0,0,0,0
86345,JoseCostela,,2,0,2,2,0,2,0,0,0,0,6
86346,funparkserrallo,,2,0,2,2,0,2,0,0,0,0,6
86349,Kafmaron,,2,0,2,2,0,2,0,0,0,0,6
86351,eatien,,2,0,2,2,0,2,0,0,0,0,6
86352,HadaDetalles,,2,0,2,2,0,2,0,0,0,0,0
86353,FERNAND0HURTADO,,2,0,2,2,0,2,0,0,0,0,6
86354,aoanyi,,2,0,2,2,0,2,0,0,0,0,5
86359,silvestre5200,,2,0,2,2,0,2,0,0,0,0,6
86364,TrainerClub_ES,,2,0,2,2,0,2,0,0,0,0,5
86367,HermanosBarossi,,2,0,2,2,0,2,0,0,0,0,6
86373,Juliitaa94,,2,0,2,2,0,2,0,0,0,0,7
86374,Carlotatotta,,2,0,2,2,0,2,0,0,0,0,0
86382,mariaisabelrom,,2,0,2,2,0,2,0,0,0,0,6
86383,CarmenMAndrade,,2,0,2,2,0,2,0,0,0,0,6
86384,Angela1063,,2,0,2,2,0,2,0,0,0,0,6
86386,MariOA2212,,2,0,2,2,0,2,0,0,0,0,0
86388,elcielodegrana,,3,0,3,3,0,3,0,0,0,0,6
86391,sandralkuza,,3,0,3,3,0,3,0,0,0,0,6
86392,wwwdekorartees,,2,0,2,2,0,2,0,0,0,0,0
86393,antonioruedaz,,2,0,2,2,0,2,0,0,0,0,6
86395,casadelazafran,,2,0,2,2,0,2,0,0,0,0,6
86396,Meryshey,,2,0,2,2,0,2,0,0,0,0,6
86397,SERNADES23,,2,0,2,2,0,2,0,0,0,0,6
86398,AngiieSR4,,2,0,2,2,0,2,0,0,0,0,6
86399,todopueblos,,3,0,3,3,0,3,0,0,0,0,6
86400,elias_tallon,,2,0,2,2,0,2,0,0,0,0,6
86401,promocionsemana,,2,0,2,2,0,2,0,0,0,0,4
86403,EstebanBatallan,,2,0,2,2,0,2,0,0,0,0,6
86407,TotiContreras,,3,0,3,3,0,3,0,0,0,0,0
86411,loliSuarezserra,,2,0,2,2,0,2,0,0,0,0,6
86412,ferriveratw,,2,0,2,2,0,2,0,0,0,0,6
86413,LalMilena,,3,0,3,3,0,3,0,0,0,0,0
86415,DavidPerales18,,2,0,2,2,0,2,0,0,0,0,6
86416,senderosrurales,,2,0,2,2,0,2,0,0,0,0,6
86417,EmpleoGranadaa,,3,0,3,3,0,3,0,0,0,0,0
86418,viajandoporesp,,3,0,3,3,0,3,0,0,0,0,6
86424,amparosr89,,2,0,2,2,0,2,0,0,0,0,6
86425,alex_nivar,,3,0,3,3,0,3,0,0,0,0,0
86430,Soriita23,,2,0,2,2,0,2,0,0,0,0,6
86432,m_rivera6,,2,0,2,2,0,2,0,0,0,0,6
86438,gemahusa,,2,0,2,2,0,2,0,0,0,0,6
86440,agranadoss29,,2,0,2,2,0,2,0,0,0,0,6
86442,anaarh7,,2,0,2,2,0,2,0,0,0,0,6
86443,araceli_90,,2,0,2,2,0,2,0,0,0,0,6
86456,MJ_Cobos,,2,0,2,2,0,2,0,0,0,0,6
86460,rociofc92,,2,0,2,2,0,2,0,0,0,0,6
86461,celiaaguilera2,,2,0,2,2,0,2,0,0,0,0,6
86463,lndirecto,,3,0,3,3,0,3,0,0,0,0,2
86466,PubMasVolumen,,3,0,3,3,0,3,0,0,0,0,6
86472,martafortis,,3,0,3,3,0,3,0,0,0,0,6
86476,pipovva,,2,0,2,2,0,2,0,0,0,0,6
86484,theblueride,,2,0,2,2,0,2,0,0,0,0,6
86494,LaRoGr25,,2,0,2,2,0,2,0,0,0,0,0
86498,beacomplements,,2,0,2,2,0,2,0,0,0,0,6
86499,Victorgaez,,2,0,2,2,0,2,0,0,0,0,6
86507,ReiiShe,,3,0,3,3,0,3,0,0,0,0,0
86524,porporaporpita,,3,0,3,3,0,3,0,0,0,0,0
86525,arroin80,,3,0,3,3,0,3,0,0,0,0,0
86527,TwitterDesign,,3,0,3,3,0,3,0,0,0,0,2
86528,Nosotras_com,,4,0,4,4,0,4,0,0,0,0,0
86529,TwitterEng,,3,0,3,3,0,3,0,0,0,0,4
86530,TwitterFaith,,2,0,2,2,0,2,0,0,0,0,4
86531,RecetasdeCocina,,3,0,3,3,0,3,0,0,0,0,0
86532,marieclaire_es,,3,0,3,3,0,3,0,0,0,0,6
86539,eminito,,3,0,3,3,0,3,0,0,0,0,6
86548,Paperjam_Club,,2,0,2,2,0,2,0,0,0,0,1
86550,DelanoMagazine,,2,0,2,2,0,2,0,0,0,0,1
86556,socialfedea,,2,0,2,2,0,2,0,0,0,0,6
86567,lessentiel,,3,0,3,3,0,3,0,0,0,0,8
86568,Wort_FR,,2,0,2,2,0,2,0,0,0,0,1
86569,LuxTimes,,2,0,2,2,0,2,0,0,0,0,1
86570,CityLuxembourg,,3,0,3,3,0,3,0,0,0,0,1
86571,uni_lu,,3,0,3,3,0,3,0,0,0,0,1
86579,rfef,,3,0,3,3,0,3,0,0,0,0,2
86587,Montpellier3m,,2,0,2,2,0,2,0,0,0,0,1
86591,FCBayernEN,,2,0,2,2,0,2,0,0,0,0,7
86592,jimmykimmel,,3,0,3,3,0,3,0,0,0,0,1
86593,xanerita,,2,0,2,2,0,2,0,0,0,0,1
86594,EESC_SocEnt,,2,0,2,2,0,2,0,0,0,0,8
86595,LJahierEU,,2,0,2,2,0,2,0,0,0,0,8
86596,MarcoPezzaniEU,,2,0,2,2,0,2,0,0,0,0,8
86597,AdobeAE,,2,0,2,2,0,2,0,0,0,0,8
86598,AdobeDesign,,3,0,3,3,0,3,0,0,0,0,8
86599,Adobe,,2,0,2,2,0,2,0,0,0,0,8
86600,InDesign,,3,0,3,3,0,3,0,0,0,0,2
86602,MartensCentre,,3,0,3,3,0,3,0,0,0,0,1
86605,conjosepborrell,,2,0,2,2,0,2,0,0,0,0,0
86606,9GAGTweets,,2,0,2,2,0,2,0,0,0,0,2
86607,Nouvelle_Europe,,3,0,3,3,0,3,0,0,0,0,1
86611,franceonu,,3,0,3,3,0,3,0,0,0,0,8
86613,InvesteEuropa,,2,0,2,2,0,2,0,0,0,0,1
86614,JobsProjetsEU,,2,0,2,2,0,2,0,0,0,0,1
86616,EFJEUROPE,,2,0,2,2,0,2,0,0,0,0,8
86617,OSCE_RFoM,,2,0,2,2,0,2,0,0,0,0,8
86618,Dunja_Mijatovic,,2,0,2,2,0,2,0,0,0,0,1
86619,mmarkkula,,2,0,2,2,0,2,0,0,0,0,8
86620,jhmpeel,,2,0,2,2,0,2,0,0,0,0,8
86621,gabischoff,,2,0,2,2,0,2,0,0,0,0,8
86622,TravailEESC,,2,0,2,2,0,2,0,0,0,0,8
86623,Goncaloboxavier,,2,0,2,2,0,2,0,0,0,0,8
86624,Mayka89,,2,0,2,2,0,2,0,0,0,0,4
86625,MalosseHenri,,3,0,3,3,0,3,0,0,0,0,3
86627,Michelle_Lewin,,2,0,2,2,0,2,0,0,0,0,0
86628,JenSelter,,2,0,2,2,0,2,0,0,0,0,6
86629,ZahiaOfficiel,,2,0,2,2,0,2,0,0,0,0,2
86630,ClaraMOfficiel,,2,0,2,2,0,2,0,0,0,0,2
86632,bayrou,,3,0,3,3,0,3,0,0,0,0,1
86633,MarceloM12,,3,0,3,3,0,3,0,0,0,0,6
86638,Thom_astro,,3,0,3,3,0,3,0,0,0,0,8
86640,StumblerVideos,,2,0,2,2,0,2,0,0,0,0,2
86641,StumblerTop,,3,0,3,3,0,3,0,0,0,0,6
86642,CauseWereGuys,,2,0,2,2,0,2,0,0,0,0,2
86643,CherylOfficial,,3,0,3,3,0,3,0,0,0,0,2
86644,JohnCena,,2,0,2,2,0,2,0,0,0,0,2
86645,TomCruise,,2,0,2,2,0,2,0,0,0,0,8
86646,TheRock,,3,0,3,3,0,3,0,0,0,0,6
86647,TheSlyStallone,,2,0,2,2,0,2,0,0,0,0,2
86648,Schwarzenegger,,2,0,2,2,0,2,0,0,0,0,2
86652,PatSebastien,,3,0,3,3,0,3,0,0,0,0,2
86653,devnetjobs,,2,0,2,2,0,2,0,0,0,0,1
86655,LaMadredeBrian,,3,0,3,3,0,3,0,0,0,0,5
86656,GobernoAlem,,2,0,2,2,0,2,0,0,0,0,8
86660,francoisbaroin,,2,0,2,2,0,2,0,0,0,0,8
86661,gerardcollomb,,3,0,3,3,0,3,0,0,0,0,8
86662,BrunoLeMaire,,2,0,2,2,0,2,0,0,0,0,8
86667,lauhaim,,2,0,2,2,0,2,0,0,0,0,1
86668,SibethNdiaye,,2,0,2,2,0,2,0,0,0,0,8
86670,ElMirrreymx,,3,0,3,3,0,3,0,0,0,0,6
86678,FFF,,2,0,2,2,0,2,0,0,0,0,1
86693,Shell,,3,0,3,3,0,3,0,0,0,0,4
86696,WalyDIA,,2,0,2,2,0,2,0,0,0,0,8
86698,BernardoCSilva,,2,0,2,2,0,2,0,0,0,0,8
86699,TimoeB08,,2,0,2,2,0,2,0,0,0,0,3
86708,AS_Monaco,,2,0,2,2,0,2,0,0,0,0,8
86710,ochoymedioclub,,2,0,2,2,0,2,0,0,0,0,2
86712,OfficialNievesA,,2,0,2,2,0,2,0,0,0,0,8
86717,alexmorgan13,,3,0,3,3,0,3,0,0,0,0,5
86718,desarnez,,2,0,2,2,0,2,0,0,0,0,8
86719,GoulardSylvie,,2,0,2,2,0,2,0,0,0,0,3
86720,xavierbertrand,,2,0,2,2,0,2,0,0,0,0,8
86723,jpraffarin,,2,0,2,2,0,2,0,0,0,0,8
86724,vpecresse,,3,0,3,3,0,3,0,0,0,0,8
86725,jf_cope,,2,0,2,2,0,2,0,0,0,0,8
86728,montebourg,,2,0,2,2,0,2,0,0,0,0,8
86729,LaMortLaVraie,,2,0,2,2,0,2,0,0,0,0,8
86732,Bescherelle,,2,0,2,2,0,2,0,0,0,0,1
86734,henrydelaguerie,,2,0,2,2,0,2,0,0,0,0,8
86735,mathieudt,,2,0,2,2,0,2,0,0,0,0,4
86741,SergiRoberto10,,3,0,3,3,0,3,0,0,0,0,2
86742,DaniAlvesD2,,3,0,3,3,0,3,0,0,0,0,0
86743,MarcBartra,,3,0,3,3,0,3,0,0,0,0,2
86748,armeedeterre,,2,0,2,2,0,2,0,0,0,0,8
86749,Armees_Gouv,,2,0,2,2,0,2,0,0,0,0,8
86750,AssembleeNat,,3,0,3,3,0,3,0,0,0,0,8
86755,BCazeneuve,,2,0,2,2,0,2,0,0,0,0,1
86757,AyemNour,,2,0,2,2,0,2,0,0,0,0,8
86762,shymofficiel,,3,0,3,3,0,3,0,0,0,0,8
86763,Nabilla,,2,0,2,2,0,2,0,0,0,0,8
86764,RemyCabella,,2,0,2,2,0,2,0,0,0,0,2
86766,MPokora,,3,0,3,3,0,3,0,0,0,0,8
86770,Midilibre,,2,0,2,2,0,2,0,0,0,0,3
86772,CelineGeissmann,,2,0,2,2,0,2,0,0,0,0,8
86773,chloe_fabre,,3,0,3,3,0,3,0,0,0,0,1
86776,JeromeQuereMEF,,3,0,3,3,0,3,0,0,0,0,1
86777,NLE_FTV,,2,0,2,2,0,2,0,0,0,0,1
86778,EG_Europe,,2,0,2,2,0,2,0,0,0,0,1
86779,dolcesalato0,,3,0,3,3,0,3,0,0,0,0,5
86780,Eurocitoyens,,2,0,2,2,0,2,0,0,0,0,1
86781,Vitalyzdtv,,2,0,2,2,0,2,0,0,0,0,2
86782,hazardeden10,,3,0,3,3,0,3,0,0,0,0,6
86784,Campanillapub,,3,0,3,3,0,3,0,0,0,0,0
86785,nglkante,,2,0,2,2,0,2,0,0,0,0,2
86786,JJBourdin_RMC,,2,0,2,2,0,2,0,0,0,0,8
86787,Bruce_Toussaint,,2,0,2,2,0,2,0,0,0,0,8
86791,NPolony,,2,0,2,2,0,2,0,0,0,0,8
86792,Taratata,,2,0,2,2,0,2,0,0,0,0,6
86793,LeaSalame,,2,0,2,2,0,2,0,0,0,0,8
86794,ONPCofficiel,,2,0,2,2,0,2,0,0,0,0,8
86795,Nagui,,2,0,2,2,0,2,0,0,0,0,8
86800,raphaelvarane,,3,0,3,3,0,3,0,0,0,0,5
86802,Benzema,,3,0,3,3,0,3,0,0,0,0,8
86803,Thiago6,,3,0,3,3,0,3,0,0,0,0,2
86804,Mascherano,,3,0,3,3,0,3,0,0,0,0,8
86806,HousingHelpAms,,2,0,2,2,0,2,0,0,0,0,8
86808,kortvex,,2,0,2,2,0,2,0,0,0,0,0
86809,tonyparker,,3,0,3,3,0,3,0,0,0,0,2
86811,nicolas88batum,,2,0,2,2,0,2,0,0,0,0,2
86813,Queen_UK,,3,0,3,3,0,3,0,0,0,0,2
86817,NelsonMandela,,3,0,3,3,0,3,0,0,0,0,0
86818,Sporf,,3,0,3,3,0,3,0,0,0,0,2
86820,UKinFrance,,2,0,2,2,0,2,0,0,0,0,1
86823,SuperBowl,,3,0,3,3,0,3,0,0,0,0,2
86827,lewis_damian,,2,0,2,2,0,2,0,0,0,0,8
86830,GrandsAvocats,,2,0,2,2,0,2,0,0,0,0,8
86833,CGTNFrancais,,2,0,2,2,0,2,0,0,0,0,1
86834,criscubero,,3,0,3,3,0,3,0,0,0,0,0
86835,jpedrerol,,4,0,4,4,0,4,0,0,0,0,8
86836,irenejunquera,,4,0,4,4,0,4,0,0,0,0,5
86837,Lau_Gadea,,2,0,2,2,0,2,0,0,0,0,0
86839,LaPlagne,,2,0,2,2,0,2,0,0,0,0,8
86843,EspagneenFrance,,3,0,3,3,0,3,0,0,0,0,4
86845,Proscojoncio,,2,0,2,2,0,2,0,0,0,0,6
86846,NoEsPhotoshop,,5,0,5,5,0,5,0,0,0,0,4
86847,NPR,,4,0,4,4,0,4,0,0,0,0,1
86848,ObjetivoLaSexta,,3,0,3,3,0,3,0,0,0,0,5
86851,nqtv,,2,0,2,2,0,2,0,0,0,0,5
86852,NissanMotor,,2,0,2,2,0,2,0,0,0,0,8
86855,Citroen,,2,0,2,2,0,2,0,0,0,0,0
86856,Peugeot,,2,0,2,2,0,2,0,0,0,0,3
86859,renault_fr,,2,0,2,2,0,2,0,0,0,0,8
86873,Barbijaputa,,3,0,3,3,0,3,0,0,0,0,0
86876,LacazetteAlex,,2,0,2,2,0,2,0,0,0,0,2
86877,OL,,2,0,2,2,0,2,0,0,0,0,8
86878,AVSO,,2,0,2,2,0,2,0,0,0,0,1
86886,SchwarzkopfStfg,,2,0,2,2,0,2,0,0,0,0,8
86891,SoloReflexiones,,3,0,3,3,0,3,0,0,0,0,6
86897,MichelPesquera,,3,0,3,3,0,3,0,0,0,0,6
86898,PetrCech,,3,0,3,3,0,3,0,0,0,0,0
86899,ThierryHenry,,2,0,2,2,0,2,0,0,0,0,0
86900,HectorBellerin,,3,0,3,3,0,3,0,0,0,0,2
86902,Alexis_Sanchez,,2,0,2,2,0,2,0,0,0,0,8
86903,19SCazorla,,3,0,3,3,0,3,0,0,0,0,2
86904,Alex_OxChambo,,3,0,3,3,0,3,0,0,0,0,2
86905,AustinMahone,,3,0,3,3,0,3,0,0,0,0,6
86907,guillaumepley,,2,0,2,2,0,2,0,0,0,0,2
86908,PietreOfficiel,,2,0,2,2,0,2,0,0,0,0,8
86914,YellOwStaRL0L,,2,0,2,2,0,2,0,0,0,0,2
86920,Los40Dance,,3,0,3,3,0,3,0,0,0,0,6
86926,semrush_es,,3,0,3,3,0,3,0,0,0,0,0
86934,MissUniverse,,2,0,2,2,0,2,0,0,0,0,2
86948,Maria_Lama,,3,0,3,3,0,3,0,0,0,0,0
86949,Mar_Montoro,,3,0,3,3,0,3,0,0,0,0,1
86950,DamaGL84,,3,0,3,3,0,3,0,0,0,0,6
86953,CBCNews,,2,0,2,2,0,2,0,0,0,0,8
86954,MovemberCA,,2,0,2,2,0,2,0,0,0,0,2
86956,menshealthESP,,3,0,3,3,0,3,0,0,0,0,0
86962,MHMX,,2,0,2,2,0,2,0,0,0,0,2
86966,MensFitnessMag,,2,0,2,2,0,2,0,0,0,0,8
86967,Bodybuildingcom,,2,0,2,2,0,2,0,0,0,0,8
86968,muscle_fitness,,2,0,2,2,0,2,0,0,0,0,8
86969,MensHealthUK,,2,0,2,2,0,2,0,0,0,0,8
86971,Eurosport,,3,0,3,3,0,3,0,0,0,0,8
86973,Radiotubers40,,3,0,3,3,0,3,0,0,0,0,4
86974,healthmagazine,,2,0,2,2,0,2,0,0,0,0,4
86975,mjfit,,3,0,3,3,0,3,0,0,0,0,8
86982,nycgo,,2,0,2,2,0,2,0,0,0,0,8
86985,verge,,4,0,4,4,0,4,0,0,0,0,8
86989,TMCtv,,2,0,2,2,0,2,0,0,0,0,8
86990,C8TV,,2,0,2,2,0,2,0,0,0,0,8
86992,NRJ12lachaine,,2,0,2,2,0,2,0,0,0,0,1
86993,W9,,2,0,2,2,0,2,0,0,0,0,1
86994,M6,,2,0,2,2,0,2,0,0,0,0,1
86997,SemounElie,,3,0,3,3,0,3,0,0,0,0,2
86998,MichaelYoun,,2,0,2,2,0,2,0,0,0,0,2
86999,dubosc_franck,,2,0,2,2,0,2,0,0,0,0,2
87000,ALESSGIBAJA2,,2,0,2,2,0,2,0,0,0,0,4
87002,DebbouzeJamel,,3,0,3,3,0,3,0,0,0,0,1
87003,gadelmaleh,,3,0,3,3,0,3,0,0,0,0,5
87004,kevadamsss,,3,0,3,3,0,3,0,0,0,0,8
87008,EnoraMofficiel,,2,0,2,2,0,2,0,0,0,0,8
87009,JeanLucLemoine,,2,0,2,2,0,2,0,0,0,0,8
87010,TPMP,,2,0,2,2,0,2,0,0,0,0,8
87011,Cyrilhanouna,,3,0,3,3,0,3,0,0,0,0,8
87015,teleSURtv,,3,0,3,3,0,3,0,0,0,0,8
87016,soyunasur,,2,0,2,2,0,2,0,0,0,0,8
87018,aontas,,3,0,3,3,0,3,0,0,0,0,1
87019,AxSolidaridad,,2,0,2,2,0,2,0,0,0,0,8
87023,SofiaVergara,,3,0,3,3,0,3,0,0,0,0,2
87024,ECHRPublication,,3,0,3,3,0,3,0,0,0,0,8
87029,GIMS,,3,0,3,3,0,3,0,0,0,0,2
87036,MOVE_H2020,,2,0,2,2,0,2,0,0,0,0,1
87037,APFfrancophonie,,2,0,2,2,0,2,0,0,0,0,1
87038,auf_org,,3,0,3,3,0,3,0,0,0,0,1
87039,tailopez,,3,0,3,3,0,3,0,0,0,0,8
87044,AlphaVolunteers,,2,0,2,2,0,2,0,0,0,0,3
87045,jeuxolympiques,,2,0,2,2,0,2,0,0,0,0,1
87047,TeamGB,,2,0,2,2,0,2,0,0,0,0,1
87049,UCI_cycling,,2,0,2,2,0,2,0,0,0,0,8
87050,gaisf_sport,,2,0,2,2,0,2,0,0,0,0,2
87051,no2doping,,2,0,2,2,0,2,0,0,0,0,2
87055,unosdp,,2,0,2,2,0,2,0,0,0,0,2
87056,playthegame_org,,2,0,2,2,0,2,0,0,0,0,2
87060,TSF_Com,,2,0,2,2,0,2,0,0,0,0,2
87061,IMGAmasters,,2,0,2,2,0,2,0,0,0,0,2
87064,Educpros,,3,0,3,3,0,3,0,0,0,0,1
87069,Sports_gouv,,2,0,2,2,0,2,0,0,0,0,8
87072,JeanMarieCAVADA,,2,0,2,2,0,2,0,0,0,0,1
87073,HelpErasmus,,5,0,5,5,0,5,0,0,0,0,6
87074,TED_ED,,3,0,3,3,0,3,0,0,0,0,2
87075,MAES_assoc,,2,0,2,2,0,2,0,0,0,0,8
87077,MarinaBurca,,3,0,3,3,0,3,0,0,0,0,1
87078,geepje,,2,0,2,2,0,2,0,0,0,0,4
87080,francebleu,,3,0,3,3,0,3,0,0,0,0,8
87081,YPFPBrussels,,3,0,3,3,0,3,0,0,0,0,1
87082,AllianssiRy,,2,0,2,2,0,2,0,0,0,0,1
87083,JeunesESS,,3,0,3,3,0,3,0,0,0,0,8
87084,EU_Tomorrow,,2,0,2,2,0,2,0,0,0,0,1
87085,JusticeLeagueEU,,3,0,3,3,0,3,0,0,0,0,1
87086,EYCA2013,,3,0,3,3,0,3,0,0,0,0,1
87088,Go2Globe,,2,0,2,2,0,2,0,0,0,0,8
87089,NooraLofstrom,,3,0,3,3,0,3,0,0,0,0,3
87093,ECIReform,,3,0,3,3,0,3,0,0,0,0,1
87103,Olympics,,3,0,3,3,0,3,0,0,0,0,1
87106,wada_ama,,2,0,2,2,0,2,0,0,0,0,2
87109,WorldTaekwondo1,,2,0,2,2,0,2,0,0,0,0,8
87110,Erasmussport,,3,0,3,3,0,3,0,0,0,0,2
87115,peaceandsport,,2,0,2,2,0,2,0,0,0,0,2
87116,EuroAthletics,,2,0,2,2,0,2,0,0,0,0,1
87123,BritishJudo,,2,0,2,2,0,2,0,0,0,0,2
87125,FIVBVolleyball,,2,0,2,2,0,2,0,0,0,0,2
87156,WomenSportTrust,,2,0,2,2,0,2,0,0,0,0,2
87157,Womeninsport_uk,,2,0,2,2,0,2,0,0,0,0,2
87161,TeamEngland,,2,0,2,2,0,2,0,0,0,0,2
87163,BUCSsport,,3,0,3,3,0,3,0,0,0,0,2
87164,KingOfZeDay,,2,0,2,2,0,2,0,0,0,0,8
87165,digidiplo,,2,0,2,2,0,2,0,0,0,0,8
87166,ccivs_volunteer,,2,0,2,2,0,2,0,0,0,0,8
87167,DigiDiplomats,,2,0,2,2,0,2,0,0,0,0,8
87172,diplocourier,,2,0,2,2,0,2,0,0,0,0,8
87174,ypfp,,2,0,2,2,0,2,0,0,0,0,8
87175,lafabricacrm,,2,0,2,2,0,2,0,0,0,0,8
87176,Finetwork,,3,0,3,3,0,3,0,0,0,0,6
87177,LewisHamilton,,5,0,5,5,0,5,0,0,0,0,2
87178,MotivaFoods,,2,0,2,2,0,2,0,0,0,0,0
87179,tomorrowland,,3,0,3,3,0,3,0,0,0,0,7
87180,dolcegabbana,,3,0,3,3,0,3,0,0,0,0,8
87182,theirishayk,,3,0,3,3,0,3,0,0,0,0,3
87183,AngelAlessandra,,3,0,3,3,0,3,0,0,0,0,5
87184,AdrianaLima,,3,0,3,3,0,3,0,0,0,0,1
87185,primerempleo,,5,0,5,5,0,5,0,0,0,0,2
87186,MejoresExamenes,,3,0,3,3,0,3,0,0,0,0,5
87188,ParliamentEU,,4,0,4,4,0,4,0,0,0,0,1
87189,cmarenostrum,,3,0,3,3,0,3,0,0,0,0,8
87191,Cs_Europa,,3,0,3,3,0,3,0,0,0,0,0
87192,UEprensa,,3,0,3,3,0,3,0,0,0,0,8
87193,USembassyMadrid,,4,0,4,4,0,4,0,0,0,0,4
87200,LostinSummer_EN,,2,0,2,2,0,2,0,0,0,0,2
87202,pjprendergast,,2,0,2,2,0,2,0,0,0,0,1
87204,SpursOfficial,,4,0,4,4,0,4,0,0,0,0,2
87205,ChelseaFC,,4,0,4,4,0,4,0,0,0,0,2
87206,UEFAcom,,4,0,4,4,0,4,0,0,0,0,2
87207,FIFAcom,,3,0,3,3,0,3,0,0,0,0,6
87211,drupalsecurity,,2,0,2,2,0,2,0,0,0,0,1
87212,drupal,,3,0,3,3,0,3,0,0,0,0,1
87213,SkySportsNews,,4,0,4,4,0,4,0,0,0,0,5
87214,SkySports,,4,0,4,4,0,4,0,0,0,0,2
87215,BBCSport,,4,0,4,4,0,4,0,0,0,0,5
87217,adidasfootball,,3,0,3,3,0,3,0,0,0,0,2
87219,EURO2020,,4,0,4,4,0,4,0,0,0,0,1
87224,sportbible,,3,0,3,3,0,3,0,0,0,0,2
87225,ODDSbible,,3,0,3,3,0,3,0,0,0,0,5
87226,SkySportsPL,,4,0,4,4,0,4,0,0,0,0,2
87227,Forma3Almeria,,2,0,2,2,0,2,0,0,0,0,0
87231,AlmeriensesOrg,,2,0,2,2,0,2,0,0,0,0,0
87233,ismaruizz,,4,0,4,4,0,4,0,0,0,0,0
87234,KevinHart4real,,4,0,4,4,0,4,0,0,0,0,2
87235,rogerfederer,,3,0,3,3,0,3,0,0,0,0,0
87236,Carles5puyol,,4,0,4,4,0,4,0,0,0,0,6
87237,JuanMagan,,3,0,3,3,0,3,0,0,0,0,4
87238,ECA_association,,2,0,2,2,0,2,0,0,0,0,1
87243,scvotweet,,2,0,2,2,0,2,0,0,0,0,1
87244,priyankachopra,,2,0,2,2,0,2,0,0,0,0,8
87245,riverakiko,,4,0,4,4,0,4,0,0,0,0,4
87246,emartinr89,,3,0,3,3,0,3,0,0,0,0,0
87247,Pakito_Ruiperez,,2,0,2,2,0,2,0,0,0,0,6
87251,Gaspibraski,,3,0,3,3,0,3,0,0,0,0,0
87252,ArrowAlmerian,,2,0,2,2,0,2,0,0,0,0,7
87253,bbcmundo_ultimo,,3,0,3,3,0,3,0,0,0,0,0
87254,IglesiaAlmeria,,3,0,3,3,0,3,0,0,0,0,0
87255,divinity_es,,3,0,3,3,0,3,0,0,0,0,8
87256,elpais_inter,,3,0,3,3,0,3,0,0,0,0,2
87257,DeluxeSabado,,2,0,2,2,0,2,0,0,0,0,8
87259,InformeSemanal,,3,0,3,3,0,3,0,0,0,0,0
87260,ecd_,,3,0,3,3,0,3,0,0,0,0,8
87261,elpaissemanal,,3,0,3,3,0,3,0,0,0,0,4
87262,teledeporte,,3,0,3,3,0,3,0,0,0,0,0
87263,StagePlacements,,3,0,3,3,0,3,0,0,0,0,6
87266,boener10,,4,0,4,4,0,4,0,0,0,0,0
87268,SolucionesGoOn,,3,0,3,3,0,3,0,0,0,0,0
87272,AlmeriaenRed,,2,0,2,2,0,2,0,0,0,0,0
87276,ALMERIADEFIESTA,,2,0,2,2,0,2,0,0,0,0,8
87277,YoSoyTuMa,,2,0,2,2,0,2,0,0,0,0,6
87278,NotiAlmeria,,2,0,2,2,0,2,0,0,0,0,8
87279,UDA_NOTICIAS,,2,0,2,2,0,2,0,0,0,0,0
87281,clubincreibles,,2,0,2,2,0,2,0,0,0,0,0
87282,Desigual_ES,,2,0,2,2,0,2,0,0,0,0,8
87283,EmociomAlmeria,,3,0,3,3,0,3,0,0,0,0,0
87284,models,,2,0,2,2,0,2,0,0,0,0,0
87285,MirandaKerr,,6,0,6,6,0,6,0,0,0,0,2
87297,YouthLinkScot,,3,0,3,3,0,3,0,0,0,0,1
87299,Domin_Perez,,2,0,2,2,0,2,0,0,0,0,0
87300,Valdynur,,2,0,2,2,0,2,0,0,0,0,5
87301,AlmuCastiillo,,3,0,3,3,0,3,0,0,0,0,0
87302,Carlose_delaT,,3,0,3,3,0,3,0,0,0,0,0
87303,Trizbe26,,2,0,2,2,0,2,0,0,0,0,6
87304,JosGonzlvezRive,,2,0,2,2,0,2,0,0,0,0,5
87305,EquipoClasica,,3,0,3,3,0,3,0,0,0,0,0
87306,Alarcon9,,3,0,3,3,0,3,0,0,0,0,0
87307,__MariaMar__,,3,0,3,3,0,3,0,0,0,0,6
87308,javilimones,,3,0,3,3,0,3,0,0,0,0,0
87311,laurammer,,2,0,2,2,0,2,0,0,0,0,0
87317,youtholympics,,3,0,3,3,0,3,0,0,0,0,1
87324,canalN_,,2,0,2,2,0,2,0,0,0,0,6
87326,cortanews,,2,0,2,2,0,2,0,0,0,0,6
87327,SexualDaiIy,,2,0,2,2,0,2,0,0,0,0,6
87331,CarolIbeas,,2,0,2,2,0,2,0,0,0,0,6
87337,XplodingUnicorn,,2,0,2,2,0,2,0,0,0,0,6
87342,Vickyn93,,2,0,2,2,0,2,0,0,0,0,6
87343,Danisgr,,2,0,2,2,0,2,0,0,0,0,6
87345,AlumniUEuropea,,3,0,3,3,0,3,0,0,0,0,1
87346,JaviMarquesPons,,2,0,2,2,0,2,0,0,0,0,6
87350,abc_tecnologia,,3,0,3,3,0,3,0,0,0,0,0
87353,Comillas_ICAI,,3,0,3,3,0,3,0,0,0,0,6
87357,lau_ozfiz,,2,0,2,2,0,2,0,0,0,0,6
87360,afortunating,,3,0,3,3,0,3,0,0,0,0,6
87362,VictorBG10,,2,0,2,2,0,2,0,0,0,0,6
87364,SaraayS,,3,0,3,3,0,3,0,0,0,0,6
87365,17pdr17,,2,0,2,2,0,2,0,0,0,0,6
87368,toni_mrz,,2,0,2,2,0,2,0,0,0,0,6
87369,UlisesVSz,,3,0,3,3,0,3,0,0,0,0,0
87372,sole_pc,,3,0,3,3,0,3,0,0,0,0,6
87373,antoniopeis,,2,0,2,2,0,2,0,0,0,0,6
87374,SaraGuerri,,3,0,3,3,0,3,0,0,0,0,6
87378,AndreaSummer8,,2,0,2,2,0,2,0,0,0,0,6
87379,SaraMPolo,,2,0,2,2,0,2,0,0,0,0,6
87381,Laaura132,,2,0,2,2,0,2,0,0,0,0,6
87382,AnaRada1,,2,0,2,2,0,2,0,0,0,0,6
87383,navegag,,2,0,2,2,0,2,0,0,0,0,6
87386,sole_mave,,2,0,2,2,0,2,0,0,0,0,6
87390,rmrdemaria,,2,0,2,2,0,2,0,0,0,0,6
87391,PaulaGuerreroSe,,2,0,2,2,0,2,0,0,0,0,6
87399,DiegoRenedo,,2,0,2,2,0,2,0,0,0,0,6
87401,guidomontanes,,3,0,3,3,0,3,0,0,0,0,6
87403,MariiaSacristan,,2,0,2,2,0,2,0,0,0,0,6
87404,mariia_00,,3,0,3,3,0,3,0,0,0,0,6
87407,oscarzu66,,2,0,2,2,0,2,0,0,0,0,0
87409,GonzaloReina7,,2,0,2,2,0,2,0,0,0,0,6
87410,cintiasanchez94,,2,0,2,2,0,2,0,0,0,0,6
87411,anguzmar93,,2,0,2,2,0,2,0,0,0,0,6
87412,raquel_ayllonT,,2,0,2,2,0,2,0,0,0,0,6
87414,MmPipe,,2,0,2,2,0,2,0,0,0,0,6
87415,imobilis,,2,0,2,2,0,2,0,0,0,0,0
87418,alt_54,,3,0,3,3,0,3,0,0,0,0,6
87419,93Sau,,2,0,2,2,0,2,0,0,0,0,6
87421,unsegnor,,2,0,2,2,0,2,0,0,0,0,6
87423,DStratford,,2,0,2,2,0,2,0,0,0,0,6
87424,CerradaNote,,2,0,2,2,0,2,0,0,0,0,6
87427,Laura_o96,,2,0,2,2,0,2,0,0,0,0,6
87428,carsaes,,2,0,2,2,0,2,0,0,0,0,6
87429,titocordo,,3,0,3,3,0,3,0,0,0,0,6
87430,Graimito,,2,0,2,2,0,2,0,0,0,0,6
87431,_sanyms_,,2,0,2,2,0,2,0,0,0,0,6
87432,Fran_Caster,,2,0,2,2,0,2,0,0,0,0,6
87435,IGazNav,,2,0,2,2,0,2,0,0,0,0,6
87439,JarabeDeLengua,,3,0,3,3,0,3,0,0,0,0,5
87441,ArgaezTreinta,,3,0,3,3,0,3,0,0,0,0,0
87442,albaLpaiz,,2,0,2,2,0,2,0,0,0,0,6
87444,SiNoLoSabias,,3,0,3,3,0,3,0,0,0,0,6
87450,Kharenzze,,2,0,2,2,0,2,0,0,0,0,6
87452,CristinaRedoC,,2,0,2,2,0,2,0,0,0,0,0
87453,Interteleco2013,,2,0,2,2,0,2,0,0,0,0,6
87457,18_Blanca,,3,0,3,3,0,3,0,0,0,0,6
87459,ultraleap_devs,,2,0,2,2,0,2,0,0,0,0,2
87461,alisanz10,,2,0,2,2,0,2,0,0,0,0,6
87463,lc_casanova,,2,0,2,2,0,2,0,0,0,0,6
87464,SoloDaveM,,2,0,2,2,0,2,0,0,0,0,6
87466,monicagru,,2,0,2,2,0,2,0,0,0,0,6
87471,Elrondpino,,3,0,3,3,0,3,0,0,0,0,6
87472,josemorales,,2,0,2,2,0,2,0,0,0,0,6
87474,redcowoking,,3,0,3,3,0,3,0,0,0,0,6
87476,PostureoTeleco,,2,0,2,2,0,2,0,0,0,0,3
87478,luciasanpal,,2,0,2,2,0,2,0,0,0,0,0
87480,cr_macarena,,3,0,3,3,0,3,0,0,0,0,6
87481,ignacio_cara,,2,0,2,2,0,2,0,0,0,0,6
87484,Estefi_68,,2,0,2,2,0,2,0,0,0,0,6
87491,iQueidea,,3,0,3,3,0,3,0,0,0,0,5
87493,rollsroycecars,,2,0,2,2,0,2,0,0,0,0,6
87494,Maserati_HQ,,2,0,2,2,0,2,0,0,0,0,6
87495,Lamborghini,,2,0,2,2,0,2,0,0,0,0,6
87496,BentleyMotors,,2,0,2,2,0,2,0,0,0,0,6
87497,astonmartin,,3,0,3,3,0,3,0,0,0,0,0
87498,InteractiveJag,,2,0,2,2,0,2,0,0,0,0,2
87499,arturoguemar,,2,0,2,2,0,2,0,0,0,0,6
87508,impresoras_3d,,2,0,2,2,0,2,0,0,0,0,6
87510,AdobeES,,3,0,3,3,0,3,0,0,0,0,6
87511,CortoTelecoUGR,,2,0,2,2,0,2,0,0,0,0,6
87512,dotnetGranada,,3,0,3,3,0,3,0,0,0,0,0
87519,itelecos,,3,0,3,3,0,3,0,0,0,0,4
87521,Hectorpummuerto,,2,0,2,2,0,2,0,0,0,0,6
87523,InfoEmociona,,2,0,2,2,0,2,0,0,0,0,6
87525,coitt_aegitt,,2,0,2,2,0,2,0,0,0,0,6
87526,iLamparas,,3,0,3,3,0,3,0,0,0,0,6
87528,InsideShops,,4,0,4,4,0,4,0,0,0,0,0
87530,Migue1Fuentes,,2,0,2,2,0,2,0,0,0,0,6
87537,CriLpez,,2,0,2,2,0,2,0,0,0,0,6
87538,Mr_Esti,,2,0,2,2,0,2,0,0,0,0,6
87540,JuanBB94,,3,0,3,3,0,3,0,0,0,0,6
87541,fakinalioli,,2,0,2,2,0,2,0,0,0,0,6
87543,q_castellet,,3,0,3,3,0,3,0,0,0,0,6
87544,SpanishFher,,3,0,3,3,0,3,0,0,0,0,6
87547,studiowhats,,3,0,3,3,0,3,0,0,0,0,6
87550,nieves_as,,2,0,2,2,0,2,0,0,0,0,4
87551,larecachaforum,,3,0,3,3,0,3,0,0,0,0,6
87552,BarredoraJun,,2,0,2,2,0,2,0,0,0,0,6
87556,CarmenLauraIT,,2,0,2,2,0,2,0,0,0,0,6
87557,manolonavarrete,,2,0,2,2,0,2,0,0,0,0,0
87559,yomvi,,2,0,2,2,0,2,0,0,0,0,0
87567,Cortefiel_es,,3,0,3,3,0,3,0,0,0,0,6
87577,CongresoMABS,,2,0,2,2,0,2,0,0,0,0,6
87579,DuvalMagic,,2,0,2,2,0,2,0,0,0,0,6
87582,Interteleco2017,,2,0,2,2,0,2,0,0,0,0,6
87584,Jane_D_,,2,0,2,2,0,2,0,0,0,0,3
87585,amdlfe,,2,0,2,2,0,2,0,0,0,0,3
87586,NOWTV_It,,2,0,2,2,0,2,0,0,0,0,3
87588,AndresMenaGarci,,2,0,2,2,0,2,0,0,0,0,3
87589,PosteSpedizioni,,2,0,2,2,0,2,0,0,0,0,3
87591,Uhandrea,,3,0,3,3,0,3,0,0,0,0,3
87592,GQMagazine,,2,0,2,2,0,2,0,0,0,0,3
87593,chiarafrancini,,2,0,2,2,0,2,0,0,0,0,3
87594,AntonioMolinaH,,2,0,2,2,0,2,0,0,0,0,3
87596,gaussianos,,2,0,2,2,0,2,0,0,0,0,3
87599,casbelt,,2,0,2,2,0,2,0,0,0,0,3
87601,MrChrisBarker,,2,0,2,2,0,2,0,0,0,0,3
87603,hormigasnube,,2,0,2,2,0,2,0,0,0,0,3
87604,ioTiSeguo,,2,0,2,2,0,2,0,0,0,0,3
87607,paulabadosa_,,2,0,2,2,0,2,0,0,0,0,3
87609,TTmobile_,,2,0,2,2,0,2,0,0,0,0,3
87611,olemiswinis,,2,0,2,2,0,2,0,0,0,0,3
87613,openshadow,,2,0,2,2,0,2,0,0,0,0,3
87616,TIM_music,,2,0,2,2,0,2,0,0,0,0,3
87618,RollingStoneita,,3,0,3,3,0,3,0,0,0,0,3
87665,adamhonig,,2,0,2,2,0,2,0,0,0,0,2
87666,ashleytisdale,,4,0,4,4,0,4,0,0,0,0,2
87667,JColeNC,,2,0,2,2,0,2,0,0,0,0,2
87672,nyjets,,2,0,2,2,0,2,0,0,0,0,2
87675,nyknicks,,2,0,2,2,0,2,0,0,0,0,2
87680,stanwawrinka,,2,0,2,2,0,2,0,0,0,0,2
87684,DangeRussWilson,,2,0,2,2,0,2,0,0,0,0,2
87687,picomonaco,,2,0,2,2,0,2,0,0,0,0,2
87690,MariaSharapova,,3,0,3,3,0,3,0,0,0,0,2
87692,JLester34,,2,0,2,2,0,2,0,0,0,0,2
87695,kevinlove,,2,0,2,2,0,2,0,0,0,0,2
87696,DezBryant,,2,0,2,2,0,2,0,0,0,0,2
87697,AnaIvanovic,,3,0,3,3,0,3,0,0,0,0,2
87700,JustinVerlander,,2,0,2,2,0,2,0,0,0,0,2
87706,mcuban,,2,0,2,2,0,2,0,0,0,0,2
87711,CaroWozniacki,,2,0,2,2,0,2,0,0,0,0,2
87712,carmeloanthony,,2,0,2,2,0,2,0,0,0,0,2
87714,geniebouchard,,2,0,2,2,0,2,0,0,0,0,2
87718,RSherman_25,,2,0,2,2,0,2,0,0,0,0,2
87723,ceoworld,,2,0,2,2,0,2,0,0,0,0,1
87724,love_valencia,,3,0,3,3,0,3,0,0,0,0,1
87733,The_SA_Blog,,3,0,3,3,0,3,0,0,0,0,1
87737,atheneum_uB,,2,0,2,2,0,2,0,0,0,0,1
87743,Lebienpublic,,2,0,2,2,0,2,0,0,0,0,1
87744,javiercheca60,,2,0,2,2,0,2,0,0,0,0,1
87754,sparsemagazine,,2,0,2,2,0,2,0,0,0,0,1
87765,TheSuccessKing,,2,0,2,2,0,2,0,0,0,0,1
87770,elteonline,,2,0,2,2,0,2,0,0,0,0,1
87771,esntr,,5,0,5,5,0,5,0,0,0,0,1
87772,haesfbudapest,,2,0,2,2,0,2,0,0,0,0,1
87774,ELTE_TATK,,2,0,2,2,0,2,0,0,0,0,1
87775,uprise_ea,,2,0,2,2,0,2,0,0,0,0,1
87782,AllRiseSilver,,2,0,2,2,0,2,0,0,0,0,2
87831,PUMA,,2,0,2,2,0,2,0,0,0,0,2
87837,MercedesAMG,,2,0,2,2,0,2,0,0,0,0,2
87841,TheVijayMallya,,2,0,2,2,0,2,0,0,0,0,2
87844,MonsterEnergy,,3,0,3,3,0,3,0,0,0,0,1
87848,PaulDiResta,,2,0,2,2,0,2,0,0,0,0,2
87868,RenaultF1Team,,2,0,2,2,0,2,0,0,0,0,2
87871,Pastormaldo,,2,0,2,2,0,2,0,0,0,0,5
87874,RGrosjean,,2,0,2,2,0,2,0,0,0,0,0
87877,MassaFelipe19,,3,0,3,3,0,3,0,0,0,0,2
87884,DayTranslations,,2,0,2,2,0,2,0,0,0,0,2
87885,2chainz,,3,0,3,3,0,3,0,0,0,0,5
87887,BETMusic,,2,0,2,2,0,2,0,0,0,0,2
87888,Tip,,2,0,2,2,0,2,0,0,0,0,2
87890,VH1,,2,0,2,2,0,2,0,0,0,0,2
87895,LCFC,,3,0,3,3,0,3,0,0,0,0,2
87896,afcbournemouth,,2,0,2,2,0,2,0,0,0,0,5
87897,WatfordFC,,2,0,2,2,0,2,0,0,0,0,2
87904,WBA,,2,0,2,2,0,2,0,0,0,0,3
87905,SunderlandAFC,,2,0,2,2,0,2,0,0,0,0,3
87907,stokecity,,2,0,2,2,0,2,0,0,0,0,3
87908,WestHam,,3,0,3,3,0,3,0,0,0,0,6
87912,MaherZain,,2,0,2,2,0,2,0,0,0,0,5
87975,RacingPointF1,,2,0,2,2,0,2,0,0,0,0,2
87976,HulkHulkenberg,,2,0,2,2,0,2,0,0,0,0,2
87980,SChecoPerez,,2,0,2,2,0,2,0,0,0,0,0
87981,ScuderiaFerrari,,3,0,3,3,0,3,0,0,0,0,2
87983,McLarenF1,,3,0,3,3,0,3,0,0,0,0,0
87985,AussieGrit,,3,0,3,3,0,3,0,0,0,0,2
87989,JensonButton,,4,0,4,4,0,4,0,0,0,0,2
87994,MercedesAMGF1,,2,0,2,2,0,2,0,0,0,0,2
88003,SolarEnergyNews,,2,0,2,2,0,2,0,0,0,0,2
88051,SothearaLaw,,2,0,2,2,0,2,0,0,0,0,2
88057,XinhuaChinese,,2,0,2,2,0,2,0,0,0,0,2
88065,TheDeenShow,,2,0,2,2,0,2,0,0,0,0,2
88066,danieltosh,,2,0,2,2,0,2,0,0,0,0,2
88067,DJIGlobal,,2,0,2,2,0,2,0,0,0,0,2
88071,Himsenkangin,,2,0,2,2,0,2,0,0,0,0,2
88073,ForvictoRi,,2,0,2,2,0,2,0,0,0,0,2
88076,ActorLeeMinHo,,2,0,2,2,0,2,0,0,0,0,2
88078,allkpop,,2,0,2,2,0,2,0,0,0,0,2
88080,shfly3424,,2,0,2,2,0,2,0,0,0,0,2
88081,siwonchoi,,2,0,2,2,0,2,0,0,0,0,2
88082,mingkki21,,2,0,2,2,0,2,0,0,0,0,2
88084,SMTOWNGLOBAL,,2,0,2,2,0,2,0,0,0,0,2
88085,IBGDRGN,,2,0,2,2,0,2,0,0,0,0,2
88086,krungy21,,2,0,2,2,0,2,0,0,0,0,2
88087,BoAkwon,,2,0,2,2,0,2,0,0,0,0,2
88089,visitflanders,,3,0,3,3,0,3,0,0,0,0,2
88090,cambodiadaily,,2,0,2,2,0,2,0,0,0,0,2
88093,usembarmenia,,2,0,2,2,0,2,0,0,0,0,2
88096,USEmbPhnomPenh,,2,0,2,2,0,2,0,0,0,0,2
88113,ClairDuffy,,2,0,2,2,0,2,0,0,0,0,2
88114,vinkjohn,,2,0,2,2,0,2,0,0,0,0,2
88115,KRT_Monitor,,2,0,2,2,0,2,0,0,0,0,2
88117,KRTribunal,,2,0,2,2,0,2,0,0,0,0,2
88122,MovetoCambodia,,2,0,2,2,0,2,0,0,0,0,2
88123,phnompenhpost,,2,0,2,2,0,2,0,0,0,0,2
88126,Canby_Cambodia,,2,0,2,2,0,2,0,0,0,0,2
88129,LoveCambodia,,2,0,2,2,0,2,0,0,0,0,2
88131,EyeOnCambodia,,2,0,2,2,0,2,0,0,0,0,2
88133,UrbanVoiceCam,,2,0,2,2,0,2,0,0,0,0,2
88135,opendevcam,,2,0,2,2,0,2,0,0,0,0,2
88136,kimsenginaction,,2,0,2,2,0,2,0,0,0,0,2
88140,licadho,,2,0,2,2,0,2,0,0,0,0,2
88230,tyrabanks,,2,0,2,2,0,2,0,0,0,0,2
88236,JVevermind,,2,0,2,2,0,2,0,0,0,0,2
88241,voakhmer,,2,0,2,2,0,2,0,0,0,0,2
88242,Tigism,,2,0,2,2,0,2,0,0,0,0,2
88243,cambopedia,,2,0,2,2,0,2,0,0,0,0,2
88244,cchrcambodia,,2,0,2,2,0,2,0,0,0,0,2
88248,HunSensEye,,2,0,2,2,0,2,0,0,0,0,2
88253,tharum,,2,0,2,2,0,2,0,0,0,0,2
88263,ghislain_M,,2,0,2,2,0,2,0,0,0,0,2
88269,bophaphorn,,2,0,2,2,0,2,0,0,0,0,2
88277,FX_PP,,2,0,2,2,0,2,0,0,0,0,2
88280,SvaTom2003,,2,0,2,2,0,2,0,0,0,0,2
88281,ouvirak,,2,0,2,2,0,2,0,0,0,0,2
88284,prakchanthul,,2,0,2,2,0,2,0,0,0,0,2
88285,Carmichael_Rob,,2,0,2,2,0,2,0,0,0,0,2
88287,instupor,,2,0,2,2,0,2,0,0,0,0,2
88290,doyle_kevin,,2,0,2,2,0,2,0,0,0,0,2
88292,laurencro,,2,0,2,2,0,2,0,0,0,0,2
88297,ygent_official,,2,0,2,2,0,2,0,0,0,0,2
88298,henrylau89,,2,0,2,2,0,2,0,0,0,0,2
88300,Casey,,3,0,3,3,0,3,0,0,0,0,3
88305,Birra08,,2,0,2,2,0,2,0,0,0,0,0
88309,cervesamarina,,2,0,2,2,0,2,0,0,0,0,0
88310,Cervezadomus,,2,0,2,2,0,2,0,0,0,0,0
88311,Cervezasyria,,2,0,2,2,0,2,0,0,0,0,0
88315,CervesaLaPirata,,2,0,2,2,0,2,0,0,0,0,0
88316,LaQuinceBrewery,,2,0,2,2,0,2,0,0,0,0,0
88320,CervezaRudim,,2,0,2,2,0,2,0,0,0,0,0
88325,Migueprados,,3,0,3,3,0,3,0,0,0,0,5
88330,Birrapedia,,2,0,2,2,0,2,0,0,0,0,0
88339,CervezaDougalls,,2,0,2,2,0,2,0,0,0,0,0
88344,Instabeer,,2,0,2,2,0,2,0,0,0,0,0
88345,yuzingranada,,3,0,3,3,0,3,0,0,0,0,0
88346,GranadaBeer,,2,0,2,2,0,2,0,0,0,0,0
88347,CervezasLanchar,,3,0,3,3,0,3,0,0,0,0,0
88348,Matiasea_,,2,0,2,2,0,2,0,0,0,0,0
88353,CervezaVega,,3,0,3,3,0,3,0,0,0,0,0
88354,cervezamammooth,,3,0,3,3,0,3,0,0,0,0,0
88355,CervezasNazari,,2,0,2,2,0,2,0,0,0,0,0
88356,BirrAcademy,,2,0,2,2,0,2,0,0,0,0,0
88358,CreativeBar,,2,0,2,2,0,2,0,0,0,0,0
88359,JPuerma,,2,0,2,2,0,2,0,0,0,0,0
88361,prodimimpresion,,2,0,2,2,0,2,0,0,0,0,0
88363,cervezasacromon,,3,0,3,3,0,3,0,0,0,0,0
88364,DBirras,,2,0,2,2,0,2,0,0,0,0,0
88367,opencultura,,4,0,4,4,0,4,0,0,0,0,0
88370,Sergioluxor,,2,0,2,2,0,2,0,0,0,0,0
88375,kheireddineboot,,2,0,2,2,0,2,0,0,0,0,1
88377,esngenova,,3,0,3,3,0,3,0,0,0,0,1
88378,Lord_Kovac,,2,0,2,2,0,2,0,0,0,0,1
88382,ems_ev,,3,0,3,3,0,3,0,0,0,0,1
88383,Oriannette_,,3,0,3,3,0,3,0,0,0,0,1
88384,helenachumphrey,,3,0,3,3,0,3,0,0,0,0,1
88385,RutiSinhache,,3,0,3,3,0,3,0,0,0,0,1
88386,krmhrmn,,2,0,2,2,0,2,0,0,0,0,1
88387,koelschejoh,,3,0,3,3,0,3,0,0,0,0,1
88389,Elodie_Dnf,,2,0,2,2,0,2,0,0,0,0,1
88390,wittfra,,3,0,3,3,0,3,0,0,0,0,1
88393,rausvonzuhaus,,3,0,3,3,0,3,0,0,0,0,1
88394,mrozilla,,3,0,3,3,0,3,0,0,0,0,1
88395,BerlinTourism,,3,0,3,3,0,3,0,0,0,0,1
88396,bokaariel,,3,0,3,3,0,3,0,0,0,0,1
88397,cha_ovrd,,2,0,2,2,0,2,0,0,0,0,1
88398,Sarah_Hippold,,3,0,3,3,0,3,0,0,0,0,1
88402,SWEPMinho,,3,0,3,3,0,3,0,0,0,0,1
88403,WEPUtrecht2014,,3,0,3,3,0,3,0,0,0,0,1
88404,ESN_CPH,,2,0,2,2,0,2,0,0,0,0,1
88405,CarloBitetto,,3,0,3,3,0,3,0,0,0,0,1
88406,AamruthShankar,,3,0,3,3,0,3,0,0,0,0,1
88407,SheffieldUSEES,,5,0,5,5,0,5,0,0,0,0,1
88416,claus_tp,,2,0,2,2,0,2,0,0,0,0,8
88425,sabelaraga,,2,0,2,2,0,2,0,0,0,0,8
88435,Jose_Oliver,,3,0,3,3,0,3,0,0,0,0,8
88440,DeMoorBart,,2,0,2,2,0,2,0,0,0,0,8
88450,jimseven,,2,0,2,2,0,2,0,0,0,0,8
88452,Anibal_Bueno_,,2,0,2,2,0,2,0,0,0,0,8
88453,marian_torressm,,2,0,2,2,0,2,0,0,0,0,8
88454,xdopazo,,2,0,2,2,0,2,0,0,0,0,8
88456,AnikaBaenre,,2,0,2,2,0,2,0,0,0,0,8
88457,m4ri4pch,,2,0,2,2,0,2,0,0,0,0,8
88458,embl,,2,0,2,2,0,2,0,0,0,0,8
88461,elenagomezdiaz,,2,0,2,2,0,2,0,0,0,0,8
88472,codinghorror,,3,0,3,3,0,3,0,0,0,0,6
88473,jessfraz,,3,0,3,3,0,3,0,0,0,0,8
88474,jdiazgranada,,2,0,2,2,0,2,0,0,0,0,8
88475,anacerezuela_,,2,0,2,2,0,2,0,0,0,0,2
88476,lahiperactina,,2,0,2,2,0,2,0,0,0,0,5
88485,AlbertosaurusRx,,2,0,2,2,0,2,0,0,0,0,8
88489,ariuca84,,2,0,2,2,0,2,0,0,0,0,8
88491,pacastillo,,2,0,2,2,0,2,0,0,0,0,8
88499,CasedUgr,,2,0,2,2,0,2,0,0,0,0,8
88507,curroortuno,,2,0,2,2,0,2,0,0,0,0,8
88510,CriistyCh,,2,0,2,2,0,2,0,0,0,0,8
88517,headinthebox,,2,0,2,2,0,2,0,0,0,0,8
88519,Victor_Seven7,,2,0,2,2,0,2,0,0,0,0,8
88523,WizMik12,,3,0,3,3,0,3,0,0,0,0,6
88526,iamtrask,,2,0,2,2,0,2,0,0,0,0,8
88540,mvaldenegro,,2,0,2,2,0,2,0,0,0,0,3
88556,b12jose,,2,0,2,2,0,2,0,0,0,0,0
88562,saram0nd,,2,0,2,2,0,2,0,0,0,0,8
88569,MarinaAisa,,3,0,3,3,0,3,0,0,0,0,8
88580,vdignum,,2,0,2,2,0,2,0,0,0,0,8
88589,BytesAndHumans,,2,0,2,2,0,2,0,0,0,0,8
88597,AerdnaLovemusic,,2,0,2,2,0,2,0,0,0,0,8
88601,victorvicpal,,2,0,2,2,0,2,0,0,0,0,8
88607,getmanfred,,2,0,2,2,0,2,0,0,0,0,0
88608,ccsakuweb,,2,0,2,2,0,2,0,0,0,0,4
88612,soumithchintala,,2,0,2,2,0,2,0,0,0,0,8
88613,cloverbiosoft,,2,0,2,2,0,2,0,0,0,0,4
88614,AnimaAnandkumar,,2,0,2,2,0,2,0,0,0,0,8
88626,PyConES,,2,0,2,2,0,2,0,0,0,0,8
88627,IurisTantumAV,,2,0,2,2,0,2,0,0,0,0,8
88631,tatiirose,,2,0,2,2,0,2,0,0,0,0,6
88632,matei_zaharia,,2,0,2,2,0,2,0,0,0,0,8
88633,anuska_truska,,2,0,2,2,0,2,0,0,0,0,8
88634,beacc98,,2,0,2,2,0,2,0,0,0,0,8
88640,SchrodingerGata,,3,0,3,3,0,3,0,0,0,0,6
88642,dhh,,2,0,2,2,0,2,0,0,0,0,8
88653,RRayamana,,2,0,2,2,0,2,0,0,0,0,8
88654,orestibanos,,2,0,2,2,0,2,0,0,0,0,6
88658,Alvaro_Paw,,2,0,2,2,0,2,0,0,0,0,6
88664,bortizmath,,2,0,2,2,0,2,0,0,0,0,8
88667,noahlet,,3,0,3,3,0,3,0,0,0,0,8
88673,guestrin,,2,0,2,2,0,2,0,0,0,0,8
88674,CyLitoz90,,2,0,2,2,0,2,0,0,0,0,6
88675,sdfDaniel,,2,0,2,2,0,2,0,0,0,0,6
88680,NataliaDiazRodr,,3,0,3,3,0,3,0,0,0,0,0
88681,sailormerqury,,3,0,3,3,0,3,0,0,0,0,2
88683,javierabadia,,2,0,2,2,0,2,0,0,0,0,8
88685,amolina_m,,2,0,2,2,0,2,0,0,0,0,5
88689,NandoDF,,2,0,2,2,0,2,0,0,0,0,8
88692,AitorVelazquez,,2,0,2,2,0,2,0,0,0,0,8
88695,bioinfGRX,,2,0,2,2,0,2,0,0,0,0,8
88696,ClausRubik,,2,0,2,2,0,2,0,0,0,0,0
88697,michael_erasmus,,2,0,2,2,0,2,0,0,0,0,2
88698,luisgj,,2,0,2,2,0,2,0,0,0,0,8
88701,RetoCarlosSoria,,2,0,2,2,0,2,0,0,0,0,4
88703,IAmMarkManson,,2,0,2,2,0,2,0,0,0,0,8
88704,unintendedbear,,2,0,2,2,0,2,0,0,0,0,8
88708,nachodr90,,2,0,2,2,0,2,0,0,0,0,8
88710,FITrebelde,,2,0,2,2,0,2,0,0,0,0,5
88711,karpathy,,3,0,3,3,0,3,0,0,0,0,8
88712,fuckowski,,2,0,2,2,0,2,0,0,0,0,5
88716,bendhalpern,,2,0,2,2,0,2,0,0,0,0,8
88719,boburnham,,2,0,2,2,0,2,0,0,0,0,2
88723,ossia,,2,0,2,2,0,2,0,0,0,0,8
88725,thejuergasfest,,3,0,3,3,0,3,0,0,0,0,2
88730,dbader_org,,2,0,2,2,0,2,0,0,0,0,8
88738,ylecun,,2,0,2,2,0,2,0,0,0,0,8
88741,fchollet,,2,0,2,2,0,2,0,0,0,0,8
88742,davidgasquez,,2,0,2,2,0,2,0,0,0,0,8
88748,JaSantaolalla,,3,0,3,3,0,3,0,0,0,0,2
88755,AlvaroLab,,2,0,2,2,0,2,0,0,0,0,8
88757,SoyGema,,2,0,2,2,0,2,0,0,0,0,8
88762,Barbara_Schez,,2,0,2,2,0,2,0,0,0,0,0
88765,pyblogsal,,2,0,2,2,0,2,0,0,0,0,8
88767,demishassabis,,2,0,2,2,0,2,0,0,0,0,8
88768,Aenima___,,2,0,2,2,0,2,0,0,0,0,6
88769,wikileaks,,3,0,3,3,0,3,0,0,0,0,2
88770,dbravo,,3,0,3,3,0,3,0,0,0,0,5
88771,Inter_ferencias,,2,0,2,2,0,2,0,0,0,0,8
88775,aguillenATC,,3,0,3,3,0,3,0,0,0,0,6
88777,Midietacojea,,3,0,3,3,0,3,0,0,0,0,0
88780,Aracnephobia,,2,0,2,2,0,2,0,0,0,0,8
88783,RaulGomez82,,4,0,4,4,0,4,0,0,0,0,0
88787,rasenk_tattoo,,2,0,2,2,0,2,0,0,0,0,8
88788,gvanrossum,,2,0,2,2,0,2,0,0,0,0,8
88789,rockandbloc,,3,0,3,3,0,3,0,0,0,0,6
88791,python_es,,2,0,2,2,0,2,0,0,0,0,8
88793,SixNationsRugby,,2,0,2,2,0,2,0,0,0,0,8
88794,VioladoresVerso,,3,0,3,3,0,3,0,0,0,0,8
88796,patagonia,,2,0,2,2,0,2,0,0,0,0,8
88797,outsidemagazine,,2,0,2,2,0,2,0,0,0,0,7
88798,geneura,,3,0,3,3,0,3,0,0,0,0,8
88801,OpenAI,,2,0,2,2,0,2,0,0,0,0,8
88803,Carlos__Mayoral,,2,0,2,2,0,2,0,0,0,0,8
88805,ThePSF,,3,0,3,3,0,3,0,0,0,0,8
88806,SuMalevolencia_,,2,0,2,2,0,2,0,0,0,0,8
88808,SonnyBWilliams,,2,0,2,2,0,2,0,0,0,0,8
88815,cameronmonaghan,,2,0,2,2,0,2,0,0,0,0,2
88816,estoesLaMODA,,2,0,2,2,0,2,0,0,0,0,6
88818,chutyvk,,2,0,2,2,0,2,0,0,0,0,8
88819,Nega_Maiz,,2,0,2,2,0,2,0,0,0,0,0
88821,leinsterrugby,,2,0,2,2,0,2,0,0,0,0,1
88824,linuxfoundation,,3,0,3,3,0,3,0,0,0,0,6
88826,leonasrugby,,2,0,2,2,0,2,0,0,0,0,4
88827,PGR_RUGBY,,2,0,2,2,0,2,0,0,0,0,4
88828,redbullbatalla,,3,0,3,3,0,3,0,0,0,0,8
88829,Elena_Cue,,2,0,2,2,0,2,0,0,0,0,6
88830,Sergio_Trainer,,2,0,2,2,0,2,0,0,0,0,5
88831,KhanDobleL,,2,0,2,2,0,2,0,0,0,0,8
88832,Nigelrefowens,,2,0,2,2,0,2,0,0,0,0,2
88841,Nekodificador,,2,0,2,2,0,2,0,0,0,0,8
88844,SashaGrey,,2,0,2,2,0,2,0,0,0,0,3
88845,MovistarRugby,,2,0,2,2,0,2,0,0,0,0,4
88847,emmyrossum,,2,0,2,2,0,2,0,0,0,0,2
88850,kilianj,,3,0,3,3,0,3,0,0,0,0,0
88852,titdecadi,,2,0,2,2,0,2,0,0,0,0,8
88853,Javimunoz95,,3,0,3,3,0,3,0,0,0,0,6
88854,pakiyo_rugbiers,,3,0,3,3,0,3,0,0,0,0,8
88855,Martacalypso,,2,0,2,2,0,2,0,0,0,0,8
88857,onti237,,2,0,2,2,0,2,0,0,0,0,8
88859,beomateo,,2,0,2,2,0,2,0,0,0,0,8
88860,Hitos85,,2,0,2,2,0,2,0,0,0,0,8
88862,Bcanavate,,2,0,2,2,0,2,0,0,0,0,6
88863,FaOrozco,,2,0,2,2,0,2,0,0,0,0,5
88864,valentisanjuan,,2,0,2,2,0,2,0,0,0,0,8
88865,aangyrp,,2,0,2,2,0,2,0,0,0,0,6
88867,SergioMLopez95,,2,0,2,2,0,2,0,0,0,0,6
88868,Arturo95_GH,,2,0,2,2,0,2,0,0,0,0,6
88870,_patrirubio,,2,0,2,2,0,2,0,0,0,0,6
88871,Psykitt,,2,0,2,2,0,2,0,0,0,0,8
88873,crisiscrisis_,,2,0,2,2,0,2,0,0,0,0,8
88874,elenitaruizc,,2,0,2,2,0,2,0,0,0,0,8
88875,rjcpriego,,2,0,2,2,0,2,0,0,0,0,4
88878,LolaSuarez8,,2,0,2,2,0,2,0,0,0,0,6
88882,NachoFigares,,2,0,2,2,0,2,0,0,0,0,8
88884,LauuDZ,,2,0,2,2,0,2,0,0,0,0,6
88890,carmendiazvg,,3,0,3,3,0,3,0,0,0,0,8
88893,CarmenRugbier,,2,0,2,2,0,2,0,0,0,0,6
88897,Jrge161,,2,0,2,2,0,2,0,0,0,0,8
88899,davisjofre,,3,0,3,3,0,3,0,0,0,0,6
88900,BolliStuff,,3,0,3,3,0,3,0,0,0,0,2
88903,eldiariodedross,,4,0,4,4,0,4,0,0,0,0,8
88904,cristiruizblaze,,3,0,3,3,0,3,0,0,0,0,8
88907,Laura__PG,,2,0,2,2,0,2,0,0,0,0,8
88908,FlowerpowerLau,,2,0,2,2,0,2,0,0,0,0,2
88914,litelbi,,3,0,3,3,0,3,0,0,0,0,0
88916,MdelMarSubway,,2,0,2,2,0,2,0,0,0,0,0
88918,alrequen,,3,0,3,3,0,3,0,0,0,0,6
88919,pablitosanzz,,2,0,2,2,0,2,0,0,0,0,0
88920,RobSojo,,2,0,2,2,0,2,0,0,0,0,6
88921,InesRieraa,,2,0,2,2,0,2,0,0,0,0,8
88922,ConcepMesa,,2,0,2,2,0,2,0,0,0,0,6
88923,laurpuerta,,2,0,2,2,0,2,0,0,0,0,8
88924,timminchin,,2,0,2,2,0,2,0,0,0,0,8
88925,1997_nuria,,2,0,2,2,0,2,0,0,0,0,0
88930,LorenaGarciia18,,3,0,3,3,0,3,0,0,0,0,6
88931,Ivan_Arco,,2,0,2,2,0,2,0,0,0,0,6
88933,WomanCamela,,2,0,2,2,0,2,0,0,0,0,0
88934,DanieloviedoM,,2,0,2,2,0,2,0,0,0,0,2
88935,_jesus_OM,,2,0,2,2,0,2,0,0,0,0,2
88937,AlexUbagoficial,,3,0,3,3,0,3,0,0,0,0,0
88939,NataSanchezMol,,2,0,2,2,0,2,0,0,0,0,2
88940,Marc_Clotet,,2,0,2,2,0,2,0,0,0,0,0
88941,JordiAlba,,2,0,2,2,0,2,0,0,0,0,5
88942,AbrahamMateo,,2,0,2,2,0,2,0,0,0,0,0
88943,MaverickOficial,,2,0,2,2,0,2,0,0,0,0,0
88944,CarmeChaparro,,3,0,3,3,0,3,0,0,0,0,4
88947,Monicamtinez,,2,0,2,2,0,2,0,0,0,0,0
88948,Santi_Millan,,3,0,3,3,0,3,0,0,0,0,4
88952,saraescu1981,,2,0,2,2,0,2,0,0,0,0,0
88955,RokoOficial,,3,0,3,3,0,3,0,0,0,0,0
88956,Dama_Abad,,3,0,3,3,0,3,0,0,0,0,0
88958,abelazcona,,3,0,3,3,0,3,0,0,0,0,2
88960,abeniaadriana,,3,0,3,3,0,3,0,0,0,0,4
88962,MariaToledoMT,,2,0,2,2,0,2,0,0,0,0,0
88964,Mcortesofficial,,3,0,3,3,0,3,0,0,0,0,0
88965,ivansanchezz_,,2,0,2,2,0,2,0,0,0,0,2
88967,NonoBoegas,,2,0,2,2,0,2,0,0,0,0,6
88968,Balmain,,3,0,3,3,0,3,0,0,0,0,0
88969,CindyCrawford,,3,0,3,3,0,3,0,0,0,0,2
88970,Alaves,,2,0,2,2,0,2,0,0,0,0,5
88971,GironaFC,,3,0,3,3,0,3,0,0,0,0,6
88972,cuellar_v,,2,0,2,2,0,2,0,0,0,0,0
88974,jonkortajarena,,3,0,3,3,0,3,0,0,0,0,0
88975,AlbaceteBPSAD,,3,0,3,3,0,3,0,0,0,0,5
88977,carpas_hacho,,2,0,2,2,0,2,0,0,0,0,0
88979,AVESIPERONOASI,,2,0,2,2,0,2,0,0,0,0,0
88983,LOJAturismo,,3,0,3,3,0,3,0,0,0,0,6
88984,MariscosApolo,,3,0,3,3,0,3,0,0,0,0,2
88985,Diazalasesorest,,3,0,3,3,0,3,0,0,0,0,0
88987,veracruzloja,,2,0,2,2,0,2,0,0,0,0,6
88990,sosanimalicos_,,2,0,2,2,0,2,0,0,0,0,0
88994,Aitorstudio,,2,0,2,2,0,2,0,0,0,0,0
88997,BandaMusicaLoja,,2,0,2,2,0,2,0,0,0,0,6
88998,MCVilchez_PP,,2,0,2,2,0,2,0,0,0,0,6
89004,CornetF,,2,0,2,2,0,2,0,0,0,0,0
89009,vipescortsmarbs,,2,0,2,2,0,2,0,0,0,0,0
89030,centronovias,,4,0,4,4,0,4,0,0,0,0,0
89031,tormentadearroz,,2,0,2,2,0,2,0,0,0,0,0
89032,miradormorayma,,3,0,3,3,0,3,0,0,0,0,0
89034,NetSuite,,3,0,3,3,0,3,0,0,0,0,1
89041,Rte_Hiroshima,,2,0,2,2,0,2,0,0,0,0,0
89046,BellagioGranada,,3,0,3,3,0,3,0,0,0,0,0
89052,brewGross,,2,0,2,2,0,2,0,0,0,0,0
89056,Amnesia_Ibiza,,3,0,3,3,0,3,0,0,0,0,2
89063,PosadaDeMojacar,,2,0,2,2,0,2,0,0,0,0,5
89065,TerrazaMarinaCl,,2,0,2,2,0,2,0,0,0,0,3
89073,SUNCLUB_OFICIAL,,2,0,2,2,0,2,0,0,0,0,2
89075,RosterMusic,,2,0,2,2,0,2,0,0,0,0,2
89076,BrianCrossIbiza,,2,0,2,2,0,2,0,0,0,0,6
89077,GBollullos,,2,0,2,2,0,2,0,0,0,0,2
89078,clinicatromero,,3,0,3,3,0,3,0,0,0,0,0
89079,SkiSierraNevada,,3,0,3,3,0,3,0,0,0,0,0
89080,GranadaAlhambra,,3,0,3,3,0,3,0,0,0,0,4
89087,Goouse_Barrio,,3,0,3,3,0,3,0,0,0,0,0
89094,cheerly_honey,,2,0,2,2,0,2,0,0,0,0,0
89095,SalaBiblioteca,,3,0,3,3,0,3,0,0,0,0,0
89097,DESVANCOPAS,,3,0,3,3,0,3,0,0,0,0,0
89099,DreambeachFest,,3,0,3,3,0,3,0,0,0,0,6
89100,GranaCalidad,,5,0,5,5,0,5,0,0,0,0,0
89102,DiscotecaOn,,2,0,2,2,0,2,0,0,0,0,0
89106,LaRivieraSala,,2,0,2,2,0,2,0,0,0,0,0
89108,SibariusGranada,,3,0,3,3,0,3,0,0,0,0,0
89109,ChechuChef15,,2,0,2,2,0,2,0,0,0,0,0
89111,ArrecifeGranada,,3,0,3,3,0,3,0,0,0,0,0
89112,mansionchoco,,2,0,2,2,0,2,0,0,0,0,0
89113,CasaElSota,,3,0,3,3,0,3,0,0,0,0,0
89116,AdrianoSeville,,3,0,3,3,0,3,0,0,0,0,0
89118,hotelbaco,,2,0,2,2,0,2,0,0,0,0,0
89119,spirit_colors,,2,0,2,2,0,2,0,0,0,0,0
89120,TuGranada,,4,0,4,4,0,4,0,0,0,0,0
89122,granaxperience,,2,0,2,2,0,2,0,0,0,0,0
89128,fatimaglezzz,,2,0,2,2,0,2,0,0,0,0,0
89130,Cotilleos_US,,2,0,2,2,0,2,0,0,0,0,4
89132,NataliaCancer,,2,0,2,2,0,2,0,0,0,0,0
89134,MariaJosee26,,2,0,2,2,0,2,0,0,0,0,6
89135,monictc,,2,0,2,2,0,2,0,0,0,0,6
89138,EliseaLupion,,2,0,2,2,0,2,0,0,0,0,0
89142,InmaQuirante,,3,0,3,3,0,3,0,0,0,0,0
89144,mTfreiheit,,2,0,2,2,0,2,0,0,0,0,6
89147,LauraB_Gr,,2,0,2,2,0,2,0,0,0,0,0
89148,noeliia_MP,,2,0,2,2,0,2,0,0,0,0,0
89149,Perfectaaa,,2,0,2,2,0,2,0,0,0,0,0
89150,Silviasamar,,2,0,2,2,0,2,0,0,0,0,6
89154,eli_l2,,2,0,2,2,0,2,0,0,0,0,5
89158,MariadeCajar,,3,0,3,3,0,3,0,0,0,0,4
89161,aliisant,,3,0,3,3,0,3,0,0,0,0,2
89163,BertsFlow,,2,0,2,2,0,2,0,0,0,0,2
89169,xirii_22,,3,0,3,3,0,3,0,0,0,0,6
89175,Taaly_95,,3,0,3,3,0,3,0,0,0,0,6
89176,molodemasiado,,2,0,2,2,0,2,0,0,0,0,6
89177,Marisa_Smile,,3,0,3,3,0,3,0,0,0,0,6
89179,CrisHbn,,2,0,2,2,0,2,0,0,0,0,6
89181,TitaMarian,,2,0,2,2,0,2,0,0,0,0,6
89182,aliciooooooo,,2,0,2,2,0,2,0,0,0,0,3
89191,GranaService,,4,0,4,4,0,4,0,0,0,0,0
89192,CasaRurPedregal,,3,0,3,3,0,3,0,0,0,0,0
89193,hotelcasapilar,,2,0,2,2,0,2,0,0,0,0,0
89194,RSCDeporte,,2,0,2,2,0,2,0,0,0,0,6
89197,Xiomara_Raya,,2,0,2,2,0,2,0,0,0,0,0
89199,alhamratour,,3,0,3,3,0,3,0,0,0,0,0
89200,IliverTour,,2,0,2,2,0,2,0,0,0,0,0
89202,Loftsocial,,2,0,2,2,0,2,0,0,0,0,0
89203,vintagegranada,,3,0,3,3,0,3,0,0,0,0,0
89204,juanbanonevento,,3,0,3,3,0,3,0,0,0,0,0
89206,quieroteGR,,2,0,2,2,0,2,0,0,0,0,0
89207,grgastronomika,,3,0,3,3,0,3,0,0,0,0,0
89208,HeritageSpain,,3,0,3,3,0,3,0,0,0,0,0
89210,MMGAsesores,,2,0,2,2,0,2,0,0,0,0,0
89212,RedCompetitiva,,2,0,2,2,0,2,0,0,0,0,0
89213,ajac1977,,2,0,2,2,0,2,0,0,0,0,6
89214,yhhome_es,,2,0,2,2,0,2,0,0,0,0,0
89216,serviequipaje,,3,0,3,3,0,3,0,0,0,0,6
89219,labodegadelalo,,3,0,3,3,0,3,0,0,0,0,0
89220,hmonjascarmen,,3,0,3,3,0,3,0,0,0,0,0
89221,davelpadel,,2,0,2,2,0,2,0,0,0,0,5
89224,AlvarezEsqui,,3,0,3,3,0,3,0,0,0,0,0
89225,ZambraCanastera,,3,0,3,3,0,3,0,0,0,0,0
89227,MasMenuEs,,2,0,2,2,0,2,0,0,0,0,0
89230,Granadatour_es,,2,0,2,2,0,2,0,0,0,0,0
89231,AlSurdeGranada,,3,0,3,3,0,3,0,0,0,0,0
89233,Cristi_L_G,,2,0,2,2,0,2,0,0,0,0,6
89234,cruztorafe,,2,0,2,2,0,2,0,0,0,0,6
89236,maconqui,,2,0,2,2,0,2,0,0,0,0,6
89237,Palooma_18,,2,0,2,2,0,2,0,0,0,0,6
89239,EstherPerez_10,,2,0,2,2,0,2,0,0,0,0,6
89240,Nerea_53,,2,0,2,2,0,2,0,0,0,0,6
89244,beamanzano95,,2,0,2,2,0,2,0,0,0,0,6
89248,SrtaOlea,,3,0,3,3,0,3,0,0,0,0,6
89250,Irenerdguez,,3,0,3,3,0,3,0,0,0,0,6
89251,lau4694,,2,0,2,2,0,2,0,0,0,0,6
89252,Aliciia_93,,3,0,3,3,0,3,0,0,0,0,6
89257,mandyywheeler,,3,0,3,3,0,3,0,0,0,0,0
89258,martuky89,,2,0,2,2,0,2,0,0,0,0,0
89259,Emimoreno6,,3,0,3,3,0,3,0,0,0,0,6
89261,anitajlopez,,2,0,2,2,0,2,0,0,0,0,6
89262,isperi94,,3,0,3,3,0,3,0,0,0,0,6
89264,_rosaqm21,,2,0,2,2,0,2,0,0,0,0,6
89268,SandracQuintero,,2,0,2,2,0,2,0,0,0,0,6
89272,alcielodmigrana,,2,0,2,2,0,2,0,0,0,0,0
89281,B_CajarMonachil,,3,0,3,3,0,3,0,0,0,0,0
89286,Cristosaludsf,,2,0,2,2,0,2,0,0,0,0,0
89289,LEdtCblogspot,,2,0,2,2,0,2,0,0,0,0,0
89293,Cjesusymariagr,,2,0,2,2,0,2,0,0,0,0,0
89294,corazoncofrade_,,3,0,3,3,0,3,0,0,0,0,1
89296,GrupoJovenRyS,,2,0,2,2,0,2,0,0,0,0,0
89297,PasionYPromesa,,2,0,2,2,0,2,0,0,0,0,0
89298,rincondlcofrade,,2,0,2,2,0,2,0,0,0,0,0
89300,SepulcoySoledad,,2,0,2,2,0,2,0,0,0,0,0
89301,BMDolores,,2,0,2,2,0,2,0,0,0,0,0
89302,VCaridadL,,3,0,3,3,0,3,0,0,0,0,0
89306,ChrisPerezFoto,,3,0,3,3,0,3,0,0,0,0,0
89312,Jesus_Ruiz_Foto,,2,0,2,2,0,2,0,0,0,0,6
89318,Cofrade_Mlg,,2,0,2,2,0,2,0,0,0,0,0
89319,AlvaroLirio,,2,0,2,2,0,2,0,0,0,0,6
89320,EHogarM_Teresa,,2,0,2,2,0,2,0,0,0,0,0
89323,HdadTrabajoyLuz,,3,0,3,3,0,3,0,0,0,0,0
89328,BMMaestroDuenas,,2,0,2,2,0,2,0,0,0,0,0
89330,CalleGanivet_,,3,0,3,3,0,3,0,0,0,0,0
89331,GranadaPS,,2,0,2,2,0,2,0,0,0,0,6
89332,PaulinasGranada,,2,0,2,2,0,2,0,0,0,0,0
89333,ElPenitentedeGr,,3,0,3,3,0,3,0,0,0,0,0
89334,ArteCofradeEva,,2,0,2,2,0,2,0,0,0,0,0
89335,CosteroDeFe,,2,0,2,2,0,2,0,0,0,0,0
89338,G_JCautivo,,2,0,2,2,0,2,0,0,0,0,0
89340,cocinadeenloqui,,2,0,2,2,0,2,0,0,0,0,0
89342,FarmaFuentes,,2,0,2,2,0,2,0,0,0,0,0
89348,gastrocartel,,2,0,2,2,0,2,0,0,0,0,0
89350,Solan_de_Cabras,,3,0,3,3,0,3,0,0,0,0,1
89356,feccoo,,2,0,2,2,0,2,0,0,0,0,4
89359,Joaquin_Llamas,,2,0,2,2,0,2,0,0,0,0,6
89360,Red_Educa,,2,0,2,2,0,2,0,0,0,0,0
89366,cepaxarquia,,2,0,2,2,0,2,0,0,0,0,4
89367,EABE16,,2,0,2,2,0,2,0,0,0,0,0
89371,CEPSevilla,,2,0,2,2,0,2,0,0,0,0,4
89373,paquiquele,,2,0,2,2,0,2,0,0,0,0,0
89375,TurismoGalicia1,,2,0,2,2,0,2,0,0,0,0,4
89377,up_motril,,2,0,2,2,0,2,0,0,0,0,0
89378,familiasenruta,,3,0,3,3,0,3,0,0,0,0,7
89380,ChemaEspinosaEA,,2,0,2,2,0,2,0,0,0,0,5
89381,SobreGustos,,2,0,2,2,0,2,0,0,0,0,0
89384,Grupo_Gallego,,2,0,2,2,0,2,0,0,0,0,0
89386,arranzgastrocul,,2,0,2,2,0,2,0,0,0,0,0
89388,FerdaoussB,,3,0,3,3,0,3,0,0,0,0,0
89389,chuchovaldes,,2,0,2,2,0,2,0,0,0,0,0
89390,fherehf,,2,0,2,2,0,2,0,0,0,0,0
89391,CathieODea,,2,0,2,2,0,2,0,0,0,0,0
89392,HuffPostTravel,,3,0,3,3,0,3,0,0,0,0,7
89393,Juventud_Huerto,,2,0,2,2,0,2,0,0,0,0,0
89394,HuellasTeresa,,3,0,3,3,0,3,0,0,0,0,1
89395,Avila_Turismo,,3,0,3,3,0,3,0,0,0,0,1
89396,BenicioDelToro,,2,0,2,2,0,2,0,0,0,0,5
89397,turismodeavila,,2,0,2,2,0,2,0,0,0,0,0
89398,OlyaKurylenko,,2,0,2,2,0,2,0,0,0,0,0
89399,RedencionySalud,,3,0,3,3,0,3,0,0,0,0,0
89400,ViaCrucisGR,,6,0,6,6,0,6,0,0,0,0,0
89401,torosgranada,,4,0,4,4,0,4,0,0,0,0,0
89402,CRealTurismo,,2,0,2,2,0,2,0,0,0,0,5
89403,tuscasasrurales,,2,0,2,2,0,2,0,0,0,0,4
89404,ElApeadero,,3,0,3,3,0,3,0,0,0,0,0
89405,franciscocg91,,3,0,3,3,0,3,0,0,0,0,0
89406,ConBdeBelleza,,3,0,3,3,0,3,0,0,0,0,0
89407,gersonbeltran,,4,0,4,4,0,4,0,0,0,0,0
89408,Germanramos19,,3,0,3,3,0,3,0,0,0,0,0
89409,nievesherrero_,,2,0,2,2,0,2,0,0,0,0,0
89410,fabiang,,3,0,3,3,0,3,0,0,0,0,7
89411,MonGentlemon,,3,0,3,3,0,3,0,0,0,0,6
89412,viajarcondiego,,3,0,3,3,0,3,0,0,0,0,0
89413,andrewaforbes,,2,0,2,2,0,2,0,0,0,0,0
89414,RaulPioneer,,2,0,2,2,0,2,0,0,0,0,0
89415,saraglieberman,,2,0,2,2,0,2,0,0,0,0,0
89416,HistoriaNG,,3,0,3,3,0,3,0,0,0,0,2
89417,HotelesCenter,,3,0,3,3,0,3,0,0,0,0,0
89418,Vilmanunez,,3,0,3,3,0,3,0,0,0,0,0
89419,Margadiazp,,2,0,2,2,0,2,0,0,0,0,0
89420,descubriendogra,,2,0,2,2,0,2,0,0,0,0,0
89421,AnsonyBonet,,3,0,3,3,0,3,0,0,0,0,0
89422,ruedafer,,3,0,3,3,0,3,0,0,0,0,6
89423,nanimutante,,3,0,3,3,0,3,0,0,0,0,0
89424,scolomo,,2,0,2,2,0,2,0,0,0,0,0
89425,AndalusianSoul,,2,0,2,2,0,2,0,0,0,0,0
89426,periloph,,2,0,2,2,0,2,0,0,0,0,0
89427,HotelSaray,,3,0,3,3,0,3,0,0,0,0,6
89434,SeguraJuanJ,,2,0,2,2,0,2,0,0,0,0,6
89441,MarioAlonsoPuig,,2,0,2,2,0,2,0,0,0,0,2
89443,purb,,3,0,3,3,0,3,0,0,0,0,0
89445,RetailerSpain,,3,0,3,3,0,3,0,0,0,0,4
89446,tuKingChurro,,2,0,2,2,0,2,0,0,0,0,6
89449,PurificacionGar,,3,0,3,3,0,3,0,0,0,0,2
89450,swarovski,,2,0,2,2,0,2,0,0,0,0,2
89451,AlvaroMoreno_,,3,0,3,3,0,3,0,0,0,0,0
89452,womensecret,,2,0,2,2,0,2,0,0,0,0,2
89453,springfieldmw,,2,0,2,2,0,2,0,0,0,0,2
89457,Sfera_Moda,,2,0,2,2,0,2,0,0,0,0,2
89460,100montaditos,,3,0,3,3,0,3,0,0,0,0,6
89461,kfc,,3,0,3,3,0,3,0,0,0,0,0
89462,cc_lacanada,,2,0,2,2,0,2,0,0,0,0,2
89464,CC_Mediterraneo,,3,0,3,3,0,3,0,0,0,0,0
89468,Feria_Belmoda,,3,0,3,3,0,3,0,0,0,0,0
89497,AmigosLince,,2,0,2,2,0,2,0,0,0,0,0
89498,alsurdegranada_,,2,0,2,2,0,2,0,0,0,0,0
89499,TurismoResp,,3,0,3,3,0,3,0,0,0,0,4
89500,mjreyesrios,,3,0,3,3,0,3,0,0,0,0,0
89501,anarojasrguez,,2,0,2,2,0,2,0,0,0,0,6
89503,deFestivales,,4,0,4,4,0,4,0,0,0,0,0
89504,Granapop,,3,0,3,3,0,3,0,0,0,0,6
89505,SON_EG,,2,0,2,2,0,2,0,0,0,0,0
89506,MahouSanMiguel,,3,0,3,3,0,3,0,0,0,0,0
89507,Heineken_ES,,3,0,3,3,0,3,0,0,0,0,0
89508,mahou_es,,3,0,3,3,0,3,0,0,0,0,0
89509,Cruzcampo,,3,0,3,3,0,3,0,0,0,0,0
89515,Judithmonreal,,2,0,2,2,0,2,0,0,0,0,6
89519,Cristi_CL,,2,0,2,2,0,2,0,0,0,0,0
89521,victorperezdj,,2,0,2,2,0,2,0,0,0,0,2
89522,FosterHollywood,,3,0,3,3,0,3,0,0,0,0,0
89526,panemagastrobar,,2,0,2,2,0,2,0,0,0,0,0
89534,marquezruizjf,,3,0,3,3,0,3,0,0,0,0,2
89536,AnaSantaella_,,2,0,2,2,0,2,0,0,0,0,0
89537,ireniitaFerLa,,2,0,2,2,0,2,0,0,0,0,5
89538,adfermoselle,,2,0,2,2,0,2,0,0,0,0,0
89540,GaastroSpain,,2,0,2,2,0,2,0,0,0,0,0
89541,EncinasMateo,,2,0,2,2,0,2,0,0,0,0,0
89557,BodegaVargas,,2,0,2,2,0,2,0,0,0,0,5
89564,_meet_eat_,,2,0,2,2,0,2,0,0,0,0,0
89565,gastroyonki,,2,0,2,2,0,2,0,0,0,0,0
89568,LikeSevilla,,2,0,2,2,0,2,0,0,0,0,0
89576,BGonzaloBeltran,,3,0,3,3,0,3,0,0,0,0,0
89580,ShowcookingGR,,2,0,2,2,0,2,0,0,0,0,0
89582,sevillatra2000,,2,0,2,2,0,2,0,0,0,0,6
89584,TmAndalucia,,3,0,3,3,0,3,0,0,0,0,0
89586,HotelColonGM,,2,0,2,2,0,2,0,0,0,0,0
89588,MissSushiSvq,,2,0,2,2,0,2,0,0,0,0,1
89595,embutidostitos,,2,0,2,2,0,2,0,0,0,0,0
89597,AracenaTurismo,,2,0,2,2,0,2,0,0,0,0,1
89598,fitflamcMaria,,2,0,2,2,0,2,0,0,0,0,0
89603,caliopecomunica,,3,0,3,3,0,3,0,0,0,0,0
89619,jamonibericoweb,,2,0,2,2,0,2,0,0,0,0,0
89627,salmagolo,,2,0,2,2,0,2,0,0,0,0,0
89630,EquipODS,,2,0,2,2,0,2,0,0,0,0,0
89632,SoldeAlba_es,,2,0,2,2,0,2,0,0,0,0,0
89634,mortigosab,,2,0,2,2,0,2,0,0,0,0,0
89636,IFsevilla,,2,0,2,2,0,2,0,0,0,0,6
89637,detapasporloja,,2,0,2,2,0,2,0,0,0,0,0
89639,lateclacom,,3,0,3,3,0,3,0,0,0,0,1
89641,epicalegis,,2,0,2,2,0,2,0,0,0,0,0
89642,TaconesViajes,,2,0,2,2,0,2,0,0,0,0,0
89646,JRLAranda,,2,0,2,2,0,2,0,0,0,0,0
89652,Adriiana64,,2,0,2,2,0,2,0,0,0,0,0
89699,santiago130745,,3,0,3,3,0,3,0,0,0,0,0
89701,CGCOMARES,,2,0,2,2,0,2,0,0,0,0,6
89702,lamaletadecon,,2,0,2,2,0,2,0,0,0,0,7
89707,CCubicos,,2,0,2,2,0,2,0,0,0,0,0
89708,Raul_Romojaro,,2,0,2,2,0,2,0,0,0,0,0
89714,FerGomezBlanco,,2,0,2,2,0,2,0,0,0,0,0
89725,HerraizM,,2,0,2,2,0,2,0,0,0,0,0
89727,felixgarfdz,,2,0,2,2,0,2,0,0,0,0,4
89732,pgimenezvilchez,,2,0,2,2,0,2,0,0,0,0,0
89747,Motorsport,,2,0,2,2,0,2,0,0,0,0,7
89751,LauraManzanedo,,2,0,2,2,0,2,0,0,0,0,6
89753,firstdates_tv,,2,0,2,2,0,2,0,0,0,0,0
89756,JeseRodriguez10,,3,0,3,3,0,3,0,0,0,0,4
89758,RubendelaRedweb,,2,0,2,2,0,2,0,0,0,0,2
89760,Mika23Pereira,,3,0,3,3,0,3,0,0,0,0,0
89761,NicoHG10,,3,0,3,3,0,3,0,0,0,0,6
89762,Alfredo_Ortuno,,3,0,3,3,0,3,0,0,0,0,6
89764,carmenalcayde,,3,0,3,3,0,3,0,0,0,0,5
89765,ReneKrho,,2,0,2,2,0,2,0,0,0,0,5
89766,Dimitrievski1,,3,0,3,3,0,3,0,0,0,0,6
89767,Foulquier_22,,3,0,3,3,0,3,0,0,0,0,6
89768,edgarmendez9,,3,0,3,3,0,3,0,0,0,0,6
89775,KikoMatamoros,,3,0,3,3,0,3,0,0,0,0,4
89777,Adalbertopr7,,2,0,2,2,0,2,0,0,0,0,5
89778,dio_fisio,,2,0,2,2,0,2,0,0,0,0,0
89779,ricos000005,,3,0,3,3,0,3,0,0,0,0,6
89781,elarabiyoussef,,3,0,3,3,0,3,0,0,0,0,6
89782,DenisSuarez6,,2,0,2,2,0,2,0,0,0,0,2
89783,RAlbentosa,,2,0,2,2,0,2,0,0,0,0,5
89785,yosoy8a,,3,0,3,3,0,3,0,0,0,0,6
89789,alexgalvez14,,2,0,2,2,0,2,0,0,0,0,6
89792,KingJota,,2,0,2,2,0,2,0,0,0,0,2
89794,rcipri89,,2,0,2,2,0,2,0,0,0,0,8
89795,AxelTorres,,3,0,3,3,0,3,0,0,0,0,0
89796,marcoslopez,,3,0,3,3,0,3,0,0,0,0,5
89797,BasketSphera,,3,0,3,3,0,3,0,0,0,0,6
89798,Sp_Motociclismo,,2,0,2,2,0,2,0,0,0,0,6
89799,CineSphera,,2,0,2,2,0,2,0,0,0,0,6
89800,Formula1Sp_,,2,0,2,2,0,2,0,0,0,0,6
89803,Sp_Tokyo2020,,2,0,2,2,0,2,0,0,0,0,6
89804,NBAsphera,,2,0,2,2,0,2,0,0,0,0,6
89806,Rsierraplus,,2,0,2,2,0,2,0,0,0,0,0
89807,ElMundoDeportes,,2,0,2,2,0,2,0,0,0,0,5
89808,UEFAcom_es,,3,0,3,3,0,3,0,0,0,0,0
89809,elrondogranada,,2,0,2,2,0,2,0,0,0,0,6
89810,DavidLomban,,2,0,2,2,0,2,0,0,0,0,6
89811,VenetoPizzeria,,4,0,4,4,0,4,0,0,0,0,0
89814,P_LosCarmenes,,3,0,3,3,0,3,0,0,0,0,0
89820,HCercada,,2,0,2,2,0,2,0,0,0,0,0
89821,MPIIberian,,3,0,3,3,0,3,0,0,0,0,0
89823,soloautonomo,,2,0,2,2,0,2,0,0,0,0,0
89824,eintegra_tech,,3,0,3,3,0,3,0,0,0,0,6
89825,FueraAutonomias,,2,0,2,2,0,2,0,0,0,0,0
89831,isigpelaez,,2,0,2,2,0,2,0,0,0,0,0
89832,arodricabrera,,2,0,2,2,0,2,0,0,0,0,0
89833,miguelafe,,3,0,3,3,0,3,0,0,0,0,6
89834,rafa_casti73,,2,0,2,2,0,2,0,0,0,0,0
89837,AngelaLancha,,2,0,2,2,0,2,0,0,0,0,0
89840,LugarESRuralES,,2,0,2,2,0,2,0,0,0,0,0
89841,Star_Spain,,2,0,2,2,0,2,0,0,0,0,0
89851,MediterraneA__,,3,0,3,3,0,3,0,0,0,0,6
89855,FranciscoJMolin,,2,0,2,2,0,2,0,0,0,0,0
89857,Mooni_AR,,3,0,3,3,0,3,0,0,0,0,0
89861,ArturoTapiaHdz,,2,0,2,2,0,2,0,0,0,0,0
89863,canizareswoman,,2,0,2,2,0,2,0,0,0,0,0
89865,BanosArabes,,2,0,2,2,0,2,0,0,0,0,0
89869,tttgranada,,2,0,2,2,0,2,0,0,0,0,0
89871,edescritura,,2,0,2,2,0,2,0,0,0,0,0
89873,joseluislrojas,,2,0,2,2,0,2,0,0,0,0,0
89877,GranadaJuice,,2,0,2,2,0,2,0,0,0,0,0
89878,DeporteMuseo,,2,0,2,2,0,2,0,0,0,0,0
89884,marlenefavela_,,2,0,2,2,0,2,0,0,0,0,2
89891,migueldemiguel,,2,0,2,2,0,2,0,0,0,0,0
89892,NereaOficial,,2,0,2,2,0,2,0,0,0,0,0
89899,evavegafm,,3,0,3,3,0,3,0,0,0,0,5
89901,MARINAROVETA,,2,0,2,2,0,2,0,0,0,0,0
89902,martatorne,,2,0,2,2,0,2,0,0,0,0,0
89910,cristinacastano,,3,0,3,3,0,3,0,0,0,0,5
89913,Aisha_Wari,,2,0,2,2,0,2,0,0,0,0,0
89914,Emeraldmoya,,2,0,2,2,0,2,0,0,0,0,5
89916,makirey69,,2,0,2,2,0,2,0,0,0,0,6
89917,PaulaRojo90,,2,0,2,2,0,2,0,0,0,0,3
89918,Anahi,,3,0,3,3,0,3,0,0,0,0,0
89920,Monicacruz1977,,3,0,3,3,0,3,0,0,0,0,0
89922,Laaiieetaa1,,2,0,2,2,0,2,0,0,0,0,5
89923,lourdesmohedano,,2,0,2,2,0,2,0,0,0,0,5
89924,aguilarsandra4,,2,0,2,2,0,2,0,0,0,0,4
89928,_laurimatamoros,,2,0,2,2,0,2,0,0,0,0,2
89930,NicolHartman,,2,0,2,2,0,2,0,0,0,0,0
89934,NazaretLamarca,,2,0,2,2,0,2,0,0,0,0,0
89937,saritamontero1,,2,0,2,2,0,2,0,0,0,0,0
89950,aurahruiz,,2,0,2,2,0,2,0,0,0,0,0
89952,samira_salome,,2,0,2,2,0,2,0,0,0,0,0
89954,patrymontero,,2,0,2,2,0,2,0,0,0,0,0
89966,zafra_rocio,,2,0,2,2,0,2,0,0,0,0,5
89967,rym_renom,,2,0,2,2,0,2,0,0,0,0,2
89971,Cristina_GS92,,2,0,2,2,0,2,0,0,0,0,0
89977,TALENTOGASTRONO,,2,0,2,2,0,2,0,0,0,0,0
89978,ElenaPJimenez,,3,0,3,3,0,3,0,0,0,0,6
89979,IniciativaEduca,,2,0,2,2,0,2,0,0,0,0,0
89980,DivAlhambra,,2,0,2,2,0,2,0,0,0,0,6
89981,AsSuerte,,2,0,2,2,0,2,0,0,0,0,6
89982,AcueleEle,,3,0,3,3,0,3,0,0,0,0,1
89984,SaharaGranada,,2,0,2,2,0,2,0,0,0,0,0
89987,SCLVRS,,3,0,3,3,0,3,0,0,0,0,0
89988,ejecutivos_es,,3,0,3,3,0,3,0,0,0,0,0
89990,bbvaempresas_es,,2,0,2,2,0,2,0,0,0,0,2
89991,Madridempresa,,2,0,2,2,0,2,0,0,0,0,0
89993,AJE_Navarra,,2,0,2,2,0,2,0,0,0,0,4
89995,camaracastellon,,2,0,2,2,0,2,0,0,0,0,0
89996,MalagaEconomica,,2,0,2,2,0,2,0,0,0,0,0
89997,lacancilleria,,2,0,2,2,0,2,0,0,0,0,4
89998,DirectivosyEmpr,,3,0,3,3,0,3,0,0,0,0,0
90000,ViveroVicalvaro,,3,0,3,3,0,3,0,0,0,0,4
90002,diarioabierto,,2,0,2,2,0,2,0,0,0,0,4
90005,ToArtists,,2,0,2,2,0,2,0,0,0,0,0
90009,elisaroca13,,3,0,3,3,0,3,0,0,0,0,0
90011,nicocordoba,,2,0,2,2,0,2,0,0,0,0,4
90014,MJMesaOlea,,3,0,3,3,0,3,0,0,0,0,0
90015,AOVESacromonte,,3,0,3,3,0,3,0,0,0,0,0
90019,OfficialMartin,,3,0,3,3,0,3,0,0,0,0,0
90021,Andrea_Trejo1,,3,0,3,3,0,3,0,0,0,0,6
90026,ExpoDeporteMkt,,3,0,3,3,0,3,0,0,0,0,0
90030,elenagalvz,,2,0,2,2,0,2,0,0,0,0,0
90031,virgilunaa,,3,0,3,3,0,3,0,0,0,0,6
90064,Rmorales2804,,2,0,2,2,0,2,0,0,0,0,6
90071,Lauraib98,,2,0,2,2,0,2,0,0,0,0,0
90072,Claritafeixas,,2,0,2,2,0,2,0,0,0,0,6
90075,MariCarmenD98,,2,0,2,2,0,2,0,0,0,0,0
90078,miriam1292,,2,0,2,2,0,2,0,0,0,0,8
90082,anagutiii_,,2,0,2,2,0,2,0,0,0,0,6
90092,elenaajg21,,2,0,2,2,0,2,0,0,0,0,0
90096,EstherGarciaSor,,2,0,2,2,0,2,0,0,0,0,0
90104,EstherHerCar,,2,0,2,2,0,2,0,0,0,0,0
90107,patrimaldonado2,,3,0,3,3,0,3,0,0,0,0,0
90124,MonicaLope2,,2,0,2,2,0,2,0,0,0,0,0
90144,isaahcano,,2,0,2,2,0,2,0,0,0,0,0
90145,LaauraLombardo,,2,0,2,2,0,2,0,0,0,0,6
90146,MariiaLM6,,2,0,2,2,0,2,0,0,0,0,0
90148,laura5103,,2,0,2,2,0,2,0,0,0,0,0
90154,mariademiguel98,,2,0,2,2,0,2,0,0,0,0,6
90159,CarmenMolina30,,2,0,2,2,0,2,0,0,0,0,0
90163,carmemn3,,2,0,2,2,0,2,0,0,0,0,0
90165,LauraSJ99,,2,0,2,2,0,2,0,0,0,0,6
90169,ElvaLoFer_OP,,2,0,2,2,0,2,0,0,0,0,0
90170,MariaMontoya98,,2,0,2,2,0,2,0,0,0,0,0
90172,InesGaarciia,,3,0,3,3,0,3,0,0,0,0,6
90178,ireneirenae,,2,0,2,2,0,2,0,0,0,0,0
90179,AndreitaGG90,,2,0,2,2,0,2,0,0,0,0,0
90197,anita95s,,2,0,2,2,0,2,0,0,0,0,6
90203,hazel96_b,,2,0,2,2,0,2,0,0,0,0,0
90205,Mimefaa,,2,0,2,2,0,2,0,0,0,0,6
90213,lauramarin55,,2,0,2,2,0,2,0,0,0,0,0
90218,andrea_domene,,2,0,2,2,0,2,0,0,0,0,0
90222,lisacano_,,2,0,2,2,0,2,0,0,0,0,0
90226,Albaarmolina,,2,0,2,2,0,2,0,0,0,0,0
90227,PaulaMG24,,2,0,2,2,0,2,0,0,0,0,0
90228,21AnaAguilar,,2,0,2,2,0,2,0,0,0,0,0
90233,AngelaAriza14,,2,0,2,2,0,2,0,0,0,0,6
90234,VirginiaMoy95,,2,0,2,2,0,2,0,0,0,0,6
90239,teresa_cp98,,3,0,3,3,0,3,0,0,0,0,4
90244,noeeliacromwell,,2,0,2,2,0,2,0,0,0,0,0
90245,MartaLamas16,,2,0,2,2,0,2,0,0,0,0,0
90246,azuavila02,,3,0,3,3,0,3,0,0,0,0,6
90248,IsaGallego98,,2,0,2,2,0,2,0,0,0,0,0
90256,Beibbc,,2,0,2,2,0,2,0,0,0,0,0
90260,SaaraDominguez,,2,0,2,2,0,2,0,0,0,0,6
90269,paumg__,,2,0,2,2,0,2,0,0,0,0,0
90270,AnaLeyton1472,,2,0,2,2,0,2,0,0,0,0,0
90275,MartaOliverR,,2,0,2,2,0,2,0,0,0,0,0
90280,blancardrguez16,,2,0,2,2,0,2,0,0,0,0,0
90284,Elena_cc98,,2,0,2,2,0,2,0,0,0,0,0
90288,luciam98,,2,0,2,2,0,2,0,0,0,0,0
90292,Claudia01088835,,2,0,2,2,0,2,0,0,0,0,0
90297,LupedeLunaM,,2,0,2,2,0,2,0,0,0,0,0
90302,MeryStone,,2,0,2,2,0,2,0,0,0,0,6
90305,isaxica,,2,0,2,2,0,2,0,0,0,0,6
90308,MnBloodyMary,,2,0,2,2,0,2,0,0,0,0,0
90311,lau_auri,,2,0,2,2,0,2,0,0,0,0,0
90316,DatoAlMinuto,,2,0,2,2,0,2,0,0,0,0,6
90317,cristigarcia09,,2,0,2,2,0,2,0,0,0,0,6
90318,evaruu,,2,0,2,2,0,2,0,0,0,0,0
90323,caracteremp,,3,0,3,3,0,3,0,0,0,0,0
90324,emprendelive,,2,0,2,2,0,2,0,0,0,0,0
90325,JorgeAguileraES,,3,0,3,3,0,3,0,0,0,0,0
90326,Cajadeideas,,3,0,3,3,0,3,0,0,0,0,6
90327,Infoemprende,,2,0,2,2,0,2,0,0,0,0,0
90328,Baquia_com,,2,0,2,2,0,2,0,0,0,0,0
90329,negociosyempren,,3,0,3,3,0,3,0,0,0,0,6
90330,emprende2010,,2,0,2,2,0,2,0,0,0,0,0
90331,ADRdeGuadix,,2,0,2,2,0,2,0,0,0,0,4
90332,redepyme,,2,0,2,2,0,2,0,0,0,0,4
90333,foroemprende,,2,0,2,2,0,2,0,0,0,0,0
90334,eventosfera,,3,0,3,3,0,3,0,0,0,0,0
90335,mmqok,,4,0,4,4,0,4,0,0,0,0,1
90336,GranayVerde,,3,0,3,3,0,3,0,0,0,0,0
90337,institutopyme,,3,0,3,3,0,3,0,0,0,0,0
90338,revistapyme,,3,0,3,3,0,3,0,0,0,0,0
90339,emprendeme,,3,0,3,3,0,3,0,0,0,0,0
90340,INICIAemprender,,3,0,3,3,0,3,0,0,0,0,0
90341,Agenda_Empresa,,2,0,2,2,0,2,0,0,0,0,0
90342,F_Universitas,,3,0,3,3,0,3,0,0,0,0,0
90343,MarcasparaPymes,,2,0,2,2,0,2,0,0,0,0,0
90344,redautonomos,,2,0,2,2,0,2,0,0,0,0,0
90345,Inversore,,2,0,2,2,0,2,0,0,0,0,0
90346,empresaaldia,,3,0,3,3,0,3,0,0,0,0,4
90347,turismobaza,,3,0,3,3,0,3,0,0,0,0,0
90348,LaRedInnova,,3,0,3,3,0,3,0,0,0,0,4
90349,CamaradeMadrid,,3,0,3,3,0,3,0,0,0,0,0
90350,spiritsur,,2,0,2,2,0,2,0,0,0,0,0
90351,YoSoyPyme,,3,0,3,3,0,3,0,0,0,0,0
90352,tecnologiapyme,,3,0,3,3,0,3,0,0,0,0,6
90353,GranadaPlanEcom,,2,0,2,2,0,2,0,0,0,0,0
90356,turismoas,,3,0,3,3,0,3,0,0,0,0,2
90357,euniversitas,,2,0,2,2,0,2,0,0,0,0,0
90358,SoloMarketing,,3,0,3,3,0,3,0,0,0,0,6
90359,ACELanjaron,,3,0,3,3,0,3,0,0,0,0,0
90360,imandetunevera,,3,0,3,3,0,3,0,0,0,0,0
90363,terralmarket,,2,0,2,2,0,2,0,0,0,0,0
90365,Carolcerezuela,,3,0,3,3,0,3,0,0,0,0,0
90366,dunkin_es,,2,0,2,2,0,2,0,0,0,0,3
90368,miriamgarj,,2,0,2,2,0,2,0,0,0,0,0
90369,alba_ruiz27,,2,0,2,2,0,2,0,0,0,0,0
90370,GemaRomerog,,2,0,2,2,0,2,0,0,0,0,0
90371,ClauSaanchez98,,2,0,2,2,0,2,0,0,0,0,0
90372,puriiromero,,2,0,2,2,0,2,0,0,0,0,0
90374,LaraBueno93,,2,0,2,2,0,2,0,0,0,0,6
90376,gloria9898,,2,0,2,2,0,2,0,0,0,0,6
90378,ErikaDuBaele,,3,0,3,3,0,3,0,0,0,0,6
90379,Aida_Poulain,,2,0,2,2,0,2,0,0,0,0,0
90381,martita_navarro,,2,0,2,2,0,2,0,0,0,0,0
90384,conchita_porcel,,2,0,2,2,0,2,0,0,0,0,0
90385,cemargui14,,2,0,2,2,0,2,0,0,0,0,0
90389,_limbic_,,2,0,2,2,0,2,0,0,0,0,0
90391,LauraGarcaGar10,,2,0,2,2,0,2,0,0,0,0,0
90393,belenmoralesbri,,2,0,2,2,0,2,0,0,0,0,6
90395,VicaSuperbruja,,2,0,2,2,0,2,0,0,0,0,0
90401,lauracarretero8,,2,0,2,2,0,2,0,0,0,0,0
90403,mirrolu98,,2,0,2,2,0,2,0,0,0,0,0
90404,LorenaTrujillos,,2,0,2,2,0,2,0,0,0,0,0
90405,carmenvzlc,,2,0,2,2,0,2,0,0,0,0,0
90407,anaolmeedo,,2,0,2,2,0,2,0,0,0,0,0
90409,PiliSmiles,,2,0,2,2,0,2,0,0,0,0,6
90417,_carmeensnchz,,2,0,2,2,0,2,0,0,0,0,0
90420,serraneta10,,2,0,2,2,0,2,0,0,0,0,0
90422,AndreaAlcala15,,2,0,2,2,0,2,0,0,0,0,0
90425,anaguerrero98,,2,0,2,2,0,2,0,0,0,0,0
90432,Eliisabeth_96,,2,0,2,2,0,2,0,0,0,0,6
90436,Hoppindemurfin,,2,0,2,2,0,2,0,0,0,0,0
90440,natiarenas_98,,3,0,3,3,0,3,0,0,0,0,6
90447,AlbaAlaminos17,,2,0,2,2,0,2,0,0,0,0,0
90448,gubertmarina8,,2,0,2,2,0,2,0,0,0,0,0
90449,_blancaramirez,,2,0,2,2,0,2,0,0,0,0,0
90453,IreneRhubiiya,,2,0,2,2,0,2,0,0,0,0,6
90455,Mary_AngelsV,,2,0,2,2,0,2,0,0,0,0,6
90463,angelagarciia98,,2,0,2,2,0,2,0,0,0,0,0
90467,EvahmM,,2,0,2,2,0,2,0,0,0,0,6
90470,luzma7698,,2,0,2,2,0,2,0,0,0,0,0
90474,almudena_villar,,3,0,3,3,0,3,0,0,0,0,6
90477,FatimaGalera,,2,0,2,2,0,2,0,0,0,0,0
90479,Antonio98Xerez,,2,0,2,2,0,2,0,0,0,0,6
90481,fatimaapm,,2,0,2,2,0,2,0,0,0,0,0
90483,krmely_139,,2,0,2,2,0,2,0,0,0,0,0
90485,eevagaarrido,,2,0,2,2,0,2,0,0,0,0,0
90487,paulis_177,,2,0,2,2,0,2,0,0,0,0,0
90488,AmeliaPerdigon,,2,0,2,2,0,2,0,0,0,0,0
90489,srtacat_,,2,0,2,2,0,2,0,0,0,0,4
90493,mariasoria712,,2,0,2,2,0,2,0,0,0,0,6
90497,ultimoqsepierde,,2,0,2,2,0,2,0,0,0,0,0
90498,Laurajammess,,2,0,2,2,0,2,0,0,0,0,0
90500,maria_cerrudo,,2,0,2,2,0,2,0,0,0,0,0
90501,RTaxiGranada,,3,0,3,3,0,3,0,0,0,0,0
90507,Autocasion,,2,0,2,2,0,2,0,0,0,0,4
90508,km77com,,2,0,2,2,0,2,0,0,0,0,5
90510,Carlossainz55,,3,0,3,3,0,3,0,0,0,0,0
90513,Motor_Spain,,2,0,2,2,0,2,0,0,0,0,0
90514,guiatourracing,,3,0,3,3,0,3,0,0,0,0,0
90518,estadionazari,,3,0,3,3,0,3,0,0,0,0,0
90520,dakar,,3,0,3,3,0,3,0,0,0,0,4
90521,JenniferGSola,,3,0,3,3,0,3,0,0,0,0,2
90523,CristianMR2,,2,0,2,2,0,2,0,0,0,0,5
90525,MotorAndaluz,,2,0,2,2,0,2,0,0,0,0,0
90526,subidalanjaron,,2,0,2,2,0,2,0,0,0,0,0
90527,CentersAutoGR,,3,0,3,3,0,3,0,0,0,0,0
90528,ZonaCocaCola,,3,0,3,3,0,3,0,0,0,0,0
90530,KartingGranada,,3,0,3,3,0,3,0,0,0,0,0
90531,EscGranada499,,3,0,3,3,0,3,0,0,0,0,0
90534,DeporteGR,,3,0,3,3,0,3,0,0,0,0,0
90535,reinogranadaxv,,2,0,2,2,0,2,0,0,0,0,0
90536,GabiasInfo,,2,0,2,2,0,2,0,0,0,0,0
90537,LZUrbanConcert,,2,0,2,2,0,2,0,0,0,0,0
90538,viajas,,3,0,3,3,0,3,0,0,0,0,0
90543,NewCollegeGR,,3,0,3,3,0,3,0,0,0,0,6
90545,aledcrausaz,,2,0,2,2,0,2,0,0,0,0,0
90546,Claaau_7,,2,0,2,2,0,2,0,0,0,0,0
90548,ElisaT1996,,2,0,2,2,0,2,0,0,0,0,0
90550,Mariiaaznar,,2,0,2,2,0,2,0,0,0,0,0
90551,Carol2Conde,,2,0,2,2,0,2,0,0,0,0,0
90559,adital96,,2,0,2,2,0,2,0,0,0,0,0
90560,_saray14,,2,0,2,2,0,2,0,0,0,0,0
90562,LaliVico,,2,0,2,2,0,2,0,0,0,0,0
90571,Suhuerpi,,2,0,2,2,0,2,0,0,0,0,0
90575,MsrMarina,,2,0,2,2,0,2,0,0,0,0,6
90582,mendy_asigc,,2,0,2,2,0,2,0,0,0,0,0
90586,AGCPLE1,,2,0,2,2,0,2,0,0,0,0,0
90587,Rocio_m_p,,2,0,2,2,0,2,0,0,0,0,6
90591,fgrruiz,,2,0,2,2,0,2,0,0,0,0,0
90594,ArrayanMotor,,2,0,2,2,0,2,0,0,0,0,0
90596,ibericosdelujo,,2,0,2,2,0,2,0,0,0,0,0
90597,ComiDos,,2,0,2,2,0,2,0,0,0,0,6
90601,Ocean_Club,,2,0,2,2,0,2,0,0,0,0,0
90602,purobeachmarbs,,3,0,3,3,0,3,0,0,0,0,0
90604,local_loft,,2,0,2,2,0,2,0,0,0,0,0
90606,MedinaCuadros,,2,0,2,2,0,2,0,0,0,0,0
90607,rebs_school,,3,0,3,3,0,3,0,0,0,0,1
90608,ParqueM,,2,0,2,2,0,2,0,0,0,0,0
90609,turisnova,,2,0,2,2,0,2,0,0,0,0,0
90610,RonPalidoMotril,,3,0,3,3,0,3,0,0,0,0,0
90611,catodiapodcast,,2,0,2,2,0,2,0,0,0,0,0
90612,ipozoasesores,,2,0,2,2,0,2,0,0,0,0,0
90614,andagranada,,3,0,3,3,0,3,0,0,0,0,0
90615,EmpresasGranada,,3,0,3,3,0,3,0,0,0,0,0
90616,MercureAbogados,,2,0,2,2,0,2,0,0,0,0,6
90617,pabloman200,,2,0,2,2,0,2,0,0,0,0,4
90618,solynieveSL,,3,0,3,3,0,3,0,0,0,0,0
90619,ACEMRiberaBaja,,2,0,2,2,0,2,0,0,0,0,6
90622,CEEMGranada,,2,0,2,2,0,2,0,0,0,0,0
90623,ModaESCO,,3,0,3,3,0,3,0,0,0,0,0
90624,ACEITESECHINAC,,2,0,2,2,0,2,0,0,0,0,6
90625,festhocuspocus,,3,0,3,3,0,3,0,0,0,0,6
90626,alhambravip,,2,0,2,2,0,2,0,0,0,0,0
90627,cocinadeOlguina,,2,0,2,2,0,2,0,0,0,0,0
90628,elclubgourmet,,2,0,2,2,0,2,0,0,0,0,0
90630,RutaVinoRibera,,2,0,2,2,0,2,0,0,0,0,1
90631,Cepa21Bodegas,,2,0,2,2,0,2,0,0,0,0,0
90632,agendaocio,,3,0,3,3,0,3,0,0,0,0,0
90633,montesdegranada,,3,0,3,3,0,3,0,0,0,0,4
90634,Dplatos,,3,0,3,3,0,3,0,0,0,0,6
90635,WineInHouse,,2,0,2,2,0,2,0,0,0,0,0
90636,SaborGranada,,3,0,3,3,0,3,0,0,0,0,0
90638,El_Bolardo,,3,0,3,3,0,3,0,0,0,0,0
90639,LaraChavesOrtiz,,2,0,2,2,0,2,0,0,0,0,6
90640,Camiladnz25,,2,0,2,2,0,2,0,0,0,0,6
90644,grupoboomerang,,3,0,3,3,0,3,0,0,0,0,0
90648,HolaCocina,,3,0,3,3,0,3,0,0,0,0,0
90649,AcadGastroCVal,,2,0,2,2,0,2,0,0,0,0,0
90650,VinosJerez,,2,0,2,2,0,2,0,0,0,0,0
90652,Gastroimedia,,3,0,3,3,0,3,0,0,0,0,0
90654,JAMedinaGalvez,,2,0,2,2,0,2,0,0,0,0,1
90655,delascosasdelco,,2,0,2,2,0,2,0,0,0,0,0
90661,la_gastronoma,,2,0,2,2,0,2,0,0,0,0,0
90663,GASTROactitud,,3,0,3,3,0,3,0,0,0,0,0
90664,_ivoro,,3,0,3,3,0,3,0,0,0,0,0
90665,Gastronomistas,,2,0,2,2,0,2,0,0,0,0,0
90666,GastroRadio,,3,0,3,3,0,3,0,0,0,0,0
90667,Gastronosfera,,3,0,3,3,0,3,0,0,0,0,4
90669,HermanosTorres,,2,0,2,2,0,2,0,0,0,0,0
90671,MorganSierraNev,,3,0,3,3,0,3,0,0,0,0,0
90672,FeriadelVino,,3,0,3,3,0,3,0,0,0,0,0
90678,T_LaMontillana,,3,0,3,3,0,3,0,0,0,0,0
90681,PepeluArteSacro,,2,0,2,2,0,2,0,0,0,0,0
90683,Enrique_chef,,3,0,3,3,0,3,0,0,0,0,5
90686,FerrerPepe,,2,0,2,2,0,2,0,0,0,0,0
90687,Casa_Gerardo,,2,0,2,2,0,2,0,0,0,0,0
90688,nachomanzano,,3,0,3,3,0,3,0,0,0,0,0
90689,JcobTorreblanca,,3,0,3,3,0,3,0,0,0,0,0
90690,UmamiMadrid,,2,0,2,2,0,2,0,0,0,0,0
90692,RAGinforma,,2,0,2,2,0,2,0,0,0,0,0
90693,EstrellaSinMich,,2,0,2,2,0,2,0,0,0,0,0
90694,alsalmorejo,,2,0,2,2,0,2,0,0,0,0,0
90696,HedonistCouture,,2,0,2,2,0,2,0,0,0,0,0
90697,pacorivasruiz,,3,0,3,3,0,3,0,0,0,0,6
90699,QuaryatDillar,,2,0,2,2,0,2,0,0,0,0,0
90700,omedoil,,2,0,2,2,0,2,0,0,0,0,0
90702,olorandaluz,,2,0,2,2,0,2,0,0,0,0,0
90703,SalonGourmets,,3,0,3,3,0,3,0,0,0,0,0
90704,SaboreaEspana,,3,0,3,3,0,3,0,0,0,0,1
90705,guiapenin,,2,0,2,2,0,2,0,0,0,0,1
90707,GranadaCatering,,2,0,2,2,0,2,0,0,0,0,0
90708,BodegaVertijana,,2,0,2,2,0,2,0,0,0,0,0
90709,tiendacontreras,,2,0,2,2,0,2,0,0,0,0,0
90710,ronmontero,,3,0,3,3,0,3,0,0,0,0,0
90711,pilsa360,,3,0,3,3,0,3,0,0,0,0,0
90712,vinosdegranada,,4,0,4,4,0,4,0,0,0,0,0
90714,CarnicasPaquito,,3,0,3,3,0,3,0,0,0,0,0
90715,sanagustingr,,3,0,3,3,0,3,0,0,0,0,6
90716,MercagranadaSA,,3,0,3,3,0,3,0,0,0,0,4
90718,CarolinaBouque,,3,0,3,3,0,3,0,0,0,0,0
90719,GuadixHoy,,2,0,2,2,0,2,0,0,0,0,0
90722,PortalAndalucia,,3,0,3,3,0,3,0,0,0,0,4
90725,Jamonzar,,3,0,3,3,0,3,0,0,0,0,0
90726,cocinaygastro,,2,0,2,2,0,2,0,0,0,0,0
90728,DeMayorCocinero,,4,0,4,4,0,4,0,0,0,0,0
90730,c_luisjavier,,2,0,2,2,0,2,0,0,0,0,0
90734,JamonesEnrique,,2,0,2,2,0,2,0,0,0,0,0
90736,JamonesAbuxarra,,2,0,2,2,0,2,0,0,0,0,0
90737,jamontrevelez,,2,0,2,2,0,2,0,0,0,0,0
90742,SupremoAOVE,,2,0,2,2,0,2,0,0,0,0,0
90743,davidreyeschef,,3,0,3,3,0,3,0,0,0,0,6
90745,VinotecaGR,,4,0,4,4,0,4,0,0,0,0,0
90747,ChefMillesime,,2,0,2,2,0,2,0,0,0,0,0
90749,Gastromarkt,,2,0,2,2,0,2,0,0,0,0,0
90750,NoblezadelSur,,2,0,2,2,0,2,0,0,0,0,0
90751,Carminaenlacoci,,2,0,2,2,0,2,0,0,0,0,0
90754,rest_abantal,,2,0,2,2,0,2,0,0,0,0,0
90762,vinosdomm,,2,0,2,2,0,2,0,0,0,0,0
90764,lossentidos13,,2,0,2,2,0,2,0,0,0,0,0
90765,ElaiaZait,,2,0,2,2,0,2,0,0,0,0,0
90766,iloveaceite,,3,0,3,3,0,3,0,0,0,0,6
90767,AOVESpiritu_Sto,,2,0,2,2,0,2,0,0,0,0,0
90771,Gonzalez_Byass,,3,0,3,3,0,3,0,0,0,0,0
90773,GranadaSabores,,4,0,4,4,0,4,0,0,0,0,0
90774,MataProductos,,3,0,3,3,0,3,0,0,0,0,6
90781,excelen_gourmet,,2,0,2,2,0,2,0,0,0,0,0
90786,AceiteOlivalle,,2,0,2,2,0,2,0,0,0,0,0
90787,CortijolaTorre,,2,0,2,2,0,2,0,0,0,0,0
90790,TabernaVolapie,,3,0,3,3,0,3,0,0,0,0,4
90791,Gin_Rives,,2,0,2,2,0,2,0,0,0,0,6
90792,Luxury_Spain,,2,0,2,2,0,2,0,0,0,0,0
90793,qcom_es,,2,0,2,2,0,2,0,0,0,0,3
90796,evoofans,,2,0,2,2,0,2,0,0,0,0,0
90797,VinosAndalucia,,2,0,2,2,0,2,0,0,0,0,0
90803,CondadodeAlmuza,,2,0,2,2,0,2,0,0,0,0,0
90806,cafesaguayo,,2,0,2,2,0,2,0,0,0,0,0
90810,Extravirgen_,,2,0,2,2,0,2,0,0,0,0,0
90811,comolomio,,3,0,3,3,0,3,0,0,0,0,0
90813,nevadensisjamon,,3,0,3,3,0,3,0,0,0,0,0
90816,Iznaoliva,,3,0,3,3,0,3,0,0,0,0,0
90817,PGAndaluza,,3,0,3,3,0,3,0,0,0,0,0
90818,Manuelganai,,2,0,2,2,0,2,0,0,0,0,0
90825,aceitunasroldan,,3,0,3,3,0,3,0,0,0,0,6
90827,AlvaroArria,,3,0,3,3,0,3,0,0,0,0,0
90828,toroalbala,,2,0,2,2,0,2,0,0,0,0,0
90829,AceitesOlivaES,,3,0,3,3,0,3,0,0,0,0,0
90831,TapasMagazine,,3,0,3,3,0,3,0,0,0,0,3
90834,IbericosGastro,,2,0,2,2,0,2,0,0,0,0,0
90836,FincaMoncloa,,2,0,2,2,0,2,0,0,0,0,0
90838,bodegastiopepe,,3,0,3,3,0,3,0,0,0,0,0
90840,Verema,,3,0,3,3,0,3,0,0,0,0,0
90841,bodegasrobles,,2,0,2,2,0,2,0,0,0,0,0
90843,Arquelladas,,2,0,2,2,0,2,0,0,0,0,0
90844,lugardelvinocom,,3,0,3,3,0,3,0,0,0,0,4
90845,Agro_Magazine,,3,0,3,3,0,3,0,0,0,0,0
90848,GastroMkg,,2,0,2,2,0,2,0,0,0,0,0
90849,GrupoDaniGarcia,,3,0,3,3,0,3,0,0,0,0,0
90850,magazine_sur,,2,0,2,2,0,2,0,0,0,0,0
90851,marbAllStars,,2,0,2,2,0,2,0,0,0,0,0
90855,elcapricho,,5,0,5,5,0,5,0,0,0,0,0
90856,LoftSeleccion,,3,0,3,3,0,3,0,0,0,0,0
90859,CFisioSalud,,4,0,4,4,0,4,0,0,0,0,0
90860,ClubCottonclub,,3,0,3,3,0,3,0,0,0,0,6
90861,GinPuertoIndias,,2,0,2,2,0,2,0,0,0,0,0
90865,Jardindellupulo,,3,0,3,3,0,3,0,0,0,0,0
90866,CervezasCalifa,,3,0,3,3,0,3,0,0,0,0,0
90867,AMilenaLeon,,3,0,3,3,0,3,0,0,0,0,0
90868,cervezasambar,,3,0,3,3,0,3,0,0,0,0,2
90869,Cervezalpujarra,,3,0,3,3,0,3,0,0,0,0,6
90870,SanMiguel,,2,0,2,2,0,2,0,0,0,0,0
90871,tourismogourmet,,2,0,2,2,0,2,0,0,0,0,0
90872,MencantaGranada,,3,0,3,3,0,3,0,0,0,0,4
90873,SpanishFoods2,,2,0,2,2,0,2,0,0,0,0,0
90874,granadapaladar,,4,0,4,4,0,4,0,0,0,0,0
90875,geoturismoweb,,3,0,3,3,0,3,0,0,0,0,0
90876,Enotumismo,,3,0,3,3,0,3,0,0,0,0,0
90877,OCIOGROUP,,3,0,3,3,0,3,0,0,0,0,0
90878,sienteanda,,3,0,3,3,0,3,0,0,0,0,0
90879,VenAndalucia,,2,0,2,2,0,2,0,0,0,0,0
90880,GRdefiesta,,3,0,3,3,0,3,0,0,0,0,6
90881,gastronevada,,2,0,2,2,0,2,0,0,0,0,0
90882,pandenatalio,,3,0,3,3,0,3,0,0,0,0,0
90883,infodondecomer,,2,0,2,2,0,2,0,0,0,0,0
90884,ArteAndalusi,,2,0,2,2,0,2,0,0,0,0,0
90885,Andaluciainves,,3,0,3,3,0,3,0,0,0,0,0
90886,BrianGranada88,,2,0,2,2,0,2,0,0,0,0,0
90887,la_ventera,,2,0,2,2,0,2,0,0,0,0,0
90888,cafesganada,,3,0,3,3,0,3,0,0,0,0,0
90889,vipturismoav,,2,0,2,2,0,2,0,0,0,0,0
90890,GrupoNucesa,,2,0,2,2,0,2,0,0,0,0,0
90891,AumentaGranada,,2,0,2,2,0,2,0,0,0,0,0
90892,CulturaTurism,,2,0,2,2,0,2,0,0,0,0,0
90893,granadaactiva_,,3,0,3,3,0,3,0,0,0,0,0
90894,SoloAventuraEve,,3,0,3,3,0,3,0,0,0,0,0
90895,alandalusexpres,,3,0,3,3,0,3,0,0,0,0,0
90896,Granadaapie,,2,0,2,2,0,2,0,0,0,0,0
90897,leg_and_Card,,2,0,2,2,0,2,0,0,0,0,0
90898,Jamotecadiamant,,2,0,2,2,0,2,0,0,0,0,0
90899,_LifeStyle_es,,2,0,2,2,0,2,0,0,0,0,0
90900,Alameda_eventos,,3,0,3,3,0,3,0,0,0,0,0
90901,wineworldtoursp,,2,0,2,2,0,2,0,0,0,0,0
90902,tierrasinsolita,,3,0,3,3,0,3,0,0,0,0,7
90903,Tarantoscuevas,,2,0,2,2,0,2,0,0,0,0,0
90904,webtaliaCM,,2,0,2,2,0,2,0,0,0,0,0
90905,CriticAlmunecar,,3,0,3,3,0,3,0,0,0,0,0
90906,KasandraLaChina,,2,0,2,2,0,2,0,0,0,0,0
90907,JuventudStaFe,,3,0,3,3,0,3,0,0,0,0,0
90908,GranadaAdentro,,2,0,2,2,0,2,0,0,0,0,0
90909,albaydaasesoria,,2,0,2,2,0,2,0,0,0,0,0
90910,TendenciasLujo,,2,0,2,2,0,2,0,0,0,0,0
90911,MoradamaES,,2,0,2,2,0,2,0,0,0,0,0
90912,RuteJamones,,3,0,3,3,0,3,0,0,0,0,4
90913,MuchoflamencoES,,2,0,2,2,0,2,0,0,0,0,0
90914,GranadaFoodCo,,2,0,2,2,0,2,0,0,0,0,0
90915,eculturayocio,,2,0,2,2,0,2,0,0,0,0,0
90916,granadaactiva,,2,0,2,2,0,2,0,0,0,0,0
90917,Sensacionrural,,2,0,2,2,0,2,0,0,0,0,0
90918,destinosrurales,,3,0,3,3,0,3,0,0,0,0,0
90919,escapadarural,,3,0,3,3,0,3,0,0,0,0,4
90920,pasaporteblog,,3,0,3,3,0,3,0,0,0,0,4
90921,apuntesviajero,,3,0,3,3,0,3,0,0,0,0,2
90922,spainattraction,,2,0,2,2,0,2,0,0,0,0,0
90923,Anda_Tradition,,3,0,3,3,0,3,0,0,0,0,0
90924,GranadaApp,,5,0,5,5,0,5,0,0,0,0,0
90925,MilaHernanCXE,,2,0,2,2,0,2,0,0,0,0,0
90926,granadatourism,,2,0,2,2,0,2,0,0,0,0,0
90927,inforturismo,,2,0,2,2,0,2,0,0,0,0,0
90928,Informa_Turismo,,2,0,2,2,0,2,0,0,0,0,0
90929,FoodAndalucia,,2,0,2,2,0,2,0,0,0,0,0
90930,brechasalariaI,,2,0,2,2,0,2,0,0,0,0,0
90931,presentacionGR,,2,0,2,2,0,2,0,0,0,0,0
90932,Nieveplus,,2,0,2,2,0,2,0,0,0,0,0
90933,ViralesRed,,3,0,3,3,0,3,0,0,0,0,0
90934,cafes_cumbal,,3,0,3,3,0,3,0,0,0,0,0
90935,granada_is,,2,0,2,2,0,2,0,0,0,0,0
90936,piononosantafe,,3,0,3,3,0,3,0,0,0,0,0
90937,TapasinGranada,,2,0,2,2,0,2,0,0,0,0,0
90938,TrendingTapas,,4,0,4,4,0,4,0,0,0,0,0
90939,JavierJordanE,,3,0,3,3,0,3,0,0,0,0,6
90940,grupgsr,,2,0,2,2,0,2,0,0,0,0,0
90945,milrecetas,,2,0,2,2,0,2,0,0,0,0,2
90946,TheSpanishFood,,4,0,4,4,0,4,0,0,0,0,0
90948,GuiaRepsol,,3,0,3,3,0,3,0,0,0,0,4
90952,CocinayVino,,3,0,3,3,0,3,0,0,0,0,0
90953,DGastronomia,,4,0,4,4,0,4,0,0,0,0,0
90954,Gastronomiaycia,,3,0,3,3,0,3,0,0,0,0,0
90955,GastroSER,,4,0,4,4,0,4,0,0,0,0,0
90956,granadablogs,,3,0,3,3,0,3,0,0,0,0,0
90957,twittgrana,,3,0,3,3,0,3,0,0,0,0,4
90958,PaquilloFrdez,,3,0,3,3,0,3,0,0,0,0,0
90959,aavvchana,,4,0,4,4,0,4,0,0,0,0,0
90960,grupo_JAM,,3,0,3,3,0,3,0,0,0,0,0
90961,reymataurino,,2,0,2,2,0,2,0,0,0,0,0
90962,DavidBascon,,3,0,3,3,0,3,0,0,0,0,5
90963,Miriam_Geme,,2,0,2,2,0,2,0,0,0,0,0
90966,Carmeen_RM,,2,0,2,2,0,2,0,0,0,0,6
90967,GranadaTapaTour,,4,0,4,4,0,4,0,0,0,0,0
90968,DeTapasPor,,4,0,4,4,0,4,0,0,0,0,0
90970,IgersGranada,,4,0,4,4,0,4,0,0,0,0,0
90971,semanasantagr,,3,0,3,3,0,3,0,0,0,0,0
90973,GenteViajeraOCR,,4,0,4,4,0,4,0,0,0,0,7
90974,crieajna,,2,0,2,2,0,2,0,0,0,0,0
90977,Patry_herrero,,3,0,3,3,0,3,0,0,0,0,0
90978,aranda_noelia,,2,0,2,2,0,2,0,0,0,0,0
90980,TaniaRubia4,,2,0,2,2,0,2,0,0,0,0,0
90982,caaaaarm13,,2,0,2,2,0,2,0,0,0,0,0
90983,SandraRAlonso,,2,0,2,2,0,2,0,0,0,0,0
90993,Gloecdl,,2,0,2,2,0,2,0,0,0,0,0
90994,azaharacs7,,2,0,2,2,0,2,0,0,0,0,0
90995,CarmenM_2772,,2,0,2,2,0,2,0,0,0,0,0
90999,Belen_n_L,,2,0,2,2,0,2,0,0,0,0,0
91000,beatrizruiz98,,2,0,2,2,0,2,0,0,0,0,0
91003,AnaAlonsoOlmos,,2,0,2,2,0,2,0,0,0,0,0
91006,narfrico,,3,0,3,3,0,3,0,0,0,0,0
91007,AllanNyom,,3,0,3,3,0,3,0,0,0,0,0
91011,gatewaymalta,,3,0,3,3,0,3,0,0,0,0,2
91016,CanellasGuillem,,2,0,2,2,0,2,0,0,0,0,2
91024,Blueroadworld,,4,0,4,4,0,4,0,0,0,0,2
91031,J1DG,,2,0,2,2,0,2,0,0,0,0,2
91061,PlanWatcher_ESC,,3,0,3,3,0,3,0,0,0,0,6
91071,univertia,,2,0,2,2,0,2,0,0,0,0,2
91090,INED21,,3,0,3,3,0,3,0,0,0,0,2
91091,Economistas_IB,,2,0,2,2,0,2,0,0,0,0,2
91098,palmademallorca,,3,0,3,3,0,3,0,0,0,0,2
91099,ajuntpalma,,2,0,2,2,0,2,0,0,0,0,2
91101,CAEB,,2,0,2,2,0,2,0,0,0,0,2
91102,PalmaActiva,,2,0,2,2,0,2,0,0,0,0,2
91106,EHIB1,,2,0,2,2,0,2,0,0,0,0,2
91113,Jorge_Morell,,2,0,2,2,0,2,0,0,0,0,2
91146,j_manera,,2,0,2,2,0,2,0,0,0,0,2
91167,PalmaEnBici,,2,0,2,2,0,2,0,0,0,0,2
91169,EnamoraMallorca,,2,0,2,2,0,2,0,0,0,0,2
91178,diariomallorca,,2,0,2,2,0,2,0,0,0,0,3
91180,palmajove,,2,0,2,2,0,2,0,0,0,0,2
91182,Youthing_es,,2,0,2,2,0,2,0,0,0,0,2
91183,CasasdeSevilla,,3,0,3,3,0,3,0,0,0,0,2
91205,riccardoantelli,,2,0,2,2,0,2,0,0,0,0,2
91206,cris_oliver91,,2,0,2,2,0,2,0,0,0,0,3
91220,viajablog,,4,0,4,4,0,4,0,0,0,0,2
91222,RCD_Mallorca,,2,0,2,2,0,2,0,0,0,0,2
91224,BrabanteCerveza,,2,0,2,2,0,2,0,0,0,0,0
91227,DrinkingRunners,,2,0,2,2,0,2,0,0,0,0,0
91230,BeerRunners_es,,3,0,3,3,0,3,0,0,0,0,0
91241,CapitanAdobo,,2,0,2,2,0,2,0,0,0,0,0
91248,avilatapas,,3,0,3,3,0,3,0,0,0,0,0
91256,conmuchagula,,3,0,3,3,0,3,0,0,0,0,0
91257,BeerGranada,,2,0,2,2,0,2,0,0,0,0,0
91262,10Restaurantes,,3,0,3,3,0,3,0,0,0,0,0
91263,FotoTapa,,2,0,2,2,0,2,0,0,0,0,0
91264,eladerezo,,3,0,3,3,0,3,0,0,0,0,0
91265,ComilonAnonimo,,2,0,2,2,0,2,0,0,0,0,0
91266,PetraVinos,,2,0,2,2,0,2,0,0,0,0,0
91273,TapasBlogs,,3,0,3,3,0,3,0,0,0,0,0
91274,vamos_detapas,,2,0,2,2,0,2,0,0,0,0,0
91275,GrupoSubbetica,,3,0,3,3,0,3,0,0,0,0,0
91276,adelabedano,,2,0,2,2,0,2,0,0,0,0,0
91288,Wuolah,,3,0,3,3,0,3,0,0,0,0,4
91289,VelitGranada,,2,0,2,2,0,2,0,0,0,0,4
91291,MadridTB,,3,0,3,3,0,3,0,0,0,0,4
91292,forumplazaclub,,2,0,2,2,0,2,0,0,0,0,4
91301,ArtesaniaMedina,,3,0,3,3,0,3,0,0,0,0,0
91302,ElMentideroo,,4,0,4,4,0,4,0,0,0,0,4
91303,Offertutti_GRAN,,4,0,4,4,0,4,0,0,0,0,4
91306,Erasmus_Praga,,2,0,2,2,0,2,0,0,0,0,6
91307,ErasmusPride,,3,0,3,3,0,3,0,0,0,0,2
91315,EducacionRDo,,2,0,2,2,0,2,0,0,0,0,4
91316,JuventudRD,,2,0,2,2,0,2,0,0,0,0,2
91317,SantanaGestcom,,2,0,2,2,0,2,0,0,0,0,4
91320,malpica_es,,3,0,3,3,0,3,0,0,0,0,4
91323,Coobis_com,,2,0,2,2,0,2,0,0,0,0,4
91326,Galicia_Mola,,4,0,4,4,0,4,0,0,0,0,4
91336,housepreneurs,,3,0,3,3,0,3,0,0,0,0,4
91337,decadaempleojuv,,3,0,3,3,0,3,0,0,0,0,4
91340,ManpowerGroupES,,3,0,3,3,0,3,0,0,0,0,4
91341,RadioGalega,,2,0,2,2,0,2,0,0,0,0,4
91342,opositargratis,,2,0,2,2,0,2,0,0,0,0,4
91343,oferta_empleo,,3,0,3,3,0,3,0,0,0,0,4
91344,Oposiciones,,3,0,3,3,0,3,0,0,0,0,4
91345,IndeedEspana,,3,0,3,3,0,3,0,0,0,0,4
91347,empleo_es,,3,0,3,3,0,3,0,0,0,0,4
91348,infoposiciones,,3,0,3,3,0,3,0,0,0,0,4
91350,Ocupa2ac,,3,0,3,3,0,3,0,0,0,0,4
91351,UIMPGalicia,,3,0,3,3,0,3,0,0,0,0,6
91352,facademica,,2,0,2,2,0,2,0,0,0,0,4
91353,Empleo_ELPais,,3,0,3,3,0,3,0,0,0,0,4
91355,fmeducatumundo,,3,0,3,3,0,3,0,0,0,0,4
91356,OcioenCoruna,,2,0,2,2,0,2,0,0,0,0,4
91363,eMarceloMacias,,2,0,2,2,0,2,0,0,0,0,4
91383,Europarl_PL,,3,0,3,3,0,3,0,0,0,0,4
91393,hosteleo,,2,0,2,2,0,2,0,0,0,0,4
91394,compostelaberta,,2,0,2,2,0,2,0,0,0,0,4
91395,XulioFerreiro,,2,0,2,2,0,2,0,0,0,0,4
91398,ConcelloCoruna,,3,0,3,3,0,3,0,0,0,0,4
91399,GrowthChamp,,2,0,2,2,0,2,0,0,0,0,4
91400,senaju,,2,0,2,2,0,2,0,0,0,0,2
91404,youthtraining,,2,0,2,2,0,2,0,0,0,0,4
91406,ReDeSoc_LAC,,2,0,2,2,0,2,0,0,0,0,4
91412,MadridJuventud,,2,0,2,2,0,2,0,0,0,0,1
91413,photoespana,,3,0,3,3,0,3,0,0,0,0,4
91416,SusanaCamarero,,3,0,3,3,0,3,0,0,0,0,4
91417,IDebate,,2,0,2,2,0,2,0,0,0,0,4
91418,euroscolaES,,3,0,3,3,0,3,0,0,0,0,4
91425,EspacioJovenYec,,2,0,2,2,0,2,0,0,0,0,4
91432,U_tad,,3,0,3,3,0,3,0,0,0,0,4
91433,dipuALCjuventud,,2,0,2,2,0,2,0,0,0,0,4
91438,espaciojuveesco,,2,0,2,2,0,2,0,0,0,0,4
91439,AlmunecarJoven,,3,0,3,3,0,3,0,0,0,0,6
91451,altaempleo,,3,0,3,3,0,3,0,0,0,0,4
91452,YourwayOFCL,,2,0,2,2,0,2,0,0,0,0,4
91453,ESCatYale,,2,0,2,2,0,2,0,0,0,0,4
91468,acciontrabajo,,2,0,2,2,0,2,0,0,0,0,4
91510,Punto_Xove,,2,0,2,2,0,2,0,0,0,0,4
91511,trabajaracoruna,,2,0,2,2,0,2,0,0,0,0,5
91515,culturactivaSCG,,2,0,2,2,0,2,0,0,0,0,4
91516,culturgal,,2,0,2,2,0,2,0,0,0,0,4
91521,Nocturniacoruna,,2,0,2,2,0,2,0,0,0,0,4
91526,hacemosturismo,,3,0,3,3,0,3,0,0,0,0,4
91545,querotemais,,2,0,2,2,0,2,0,0,0,0,0
91556,RecFormativos,,2,0,2,2,0,2,0,0,0,0,4
91563,SienteGalicia,,2,0,2,2,0,2,0,0,0,0,4
91564,tienenojos,,2,0,2,2,0,2,0,0,0,0,4
91569,xente_emerxente,,2,0,2,2,0,2,0,0,0,0,4
91574,comunidades_com,,2,0,2,2,0,2,0,0,0,0,4
91578,GSHercules283,,2,0,2,2,0,2,0,0,0,0,4
91581,MansPaideia,,2,0,2,2,0,2,0,0,0,0,4
91596,ceidagalicia,,2,0,2,2,0,2,0,0,0,0,4
91601,esmerarte,,2,0,2,2,0,2,0,0,0,0,4
91602,elclubexpress,,3,0,3,3,0,3,0,0,0,0,4
91609,GaliciaTB,,2,0,2,2,0,2,0,0,0,0,4
91611,EscapadaRelax,,2,0,2,2,0,2,0,0,0,0,6
91615,Turvegal,,2,0,2,2,0,2,0,0,0,0,4
91645,fcomcoruna,,3,0,3,3,0,3,0,0,0,0,4
91653,Farodevigo,,3,0,3,3,0,3,0,0,0,0,4
91657,promOferGalicia,,2,0,2,2,0,2,0,0,0,0,4
91659,EoiCorunha,,2,0,2,2,0,2,0,0,0,0,4
91662,ErasmusESE,,3,0,3,3,0,3,0,0,0,0,7
91663,Erasmus_World,,3,0,3,3,0,3,0,0,0,0,4
91664,ErasmusPRECIOSA,,4,0,4,4,0,4,0,0,0,0,4
91666,ejovensantander,,2,0,2,2,0,2,0,0,0,0,4
91670,Adelarendo,,2,0,2,2,0,2,0,0,0,0,4
91671,SantiagoMednDaz,,2,0,2,2,0,2,0,0,0,0,4
91686,tuerka_ovt,,3,0,3,3,0,3,0,0,0,0,5
91687,zezinho,,2,0,2,2,0,2,0,0,0,0,3
91699,amaroferreiro,,4,0,4,4,0,4,0,0,0,0,4
91701,silcerino,,2,0,2,2,0,2,0,0,0,0,4
91717,mkusznierewicz,,2,0,2,2,0,2,0,0,0,0,4
91727,AIPlanguages,,2,0,2,2,0,2,0,0,0,0,4
91729,CMIXCoruna,,2,0,2,2,0,2,0,0,0,0,4
91731,Cultura_Coruna,,2,0,2,2,0,2,0,0,0,0,4
91733,Lingho_abroad,,2,0,2,2,0,2,0,0,0,0,4
91734,europaerestu,,2,0,2,2,0,2,0,0,0,0,0
91735,UDC_Senior,,2,0,2,2,0,2,0,0,0,0,4
91737,roberbodegas,,3,0,3,3,0,3,0,0,0,0,6
91738,eldepor,,2,0,2,2,0,2,0,0,0,0,6
91739,capde11,,4,0,4,4,0,4,0,0,0,0,0
91742,crtvg,,3,0,3,3,0,3,0,0,0,0,4
91744,GALICIANGOLES,,2,0,2,2,0,2,0,0,0,0,4
91746,RobertoVilarTV,,2,0,2,2,0,2,0,0,0,0,4
91747,xmBEIRAS,,2,0,2,2,0,2,0,0,0,0,4
91748,riazororg,,2,0,2,2,0,2,0,0,0,0,2
91749,ELPAISGalicia,,2,0,2,2,0,2,0,0,0,0,4
91750,HockeyclubLICEO,,2,0,2,2,0,2,0,0,0,0,4
91751,RCDeportivo,,3,0,3,3,0,3,0,0,0,0,2
91761,eficiexpress,,2,0,2,2,0,2,0,0,0,0,6
91768,Bailen2008_FS,,2,0,2,2,0,2,0,0,0,0,6
91790,antraja76,,3,0,3,3,0,3,0,0,0,0,6
91798,maquillarseojo,,2,0,2,2,0,2,0,0,0,0,6
91808,superzapato,,2,0,2,2,0,2,0,0,0,0,6
91815,Clarower,,2,0,2,2,0,2,0,0,0,0,6
91822,_DavidNavarro_,,2,0,2,2,0,2,0,0,0,0,6
91828,MesaCoronel,,2,0,2,2,0,2,0,0,0,0,4
91834,TheObjective_es,,3,0,3,3,0,3,0,0,0,0,4
91835,JaviPerezCampos,,2,0,2,2,0,2,0,0,0,0,4
91836,mileniolive,,3,0,3,3,0,3,0,0,0,0,4
91837,doctorgaona,,2,0,2,2,0,2,0,0,0,0,0
91839,ccarballo50,,2,0,2,2,0,2,0,0,0,0,0
91840,PabloFuente,,2,0,2,2,0,2,0,0,0,0,0
91842,becatester,,2,0,2,2,0,2,0,0,0,0,4
91843,deliafdr,,2,0,2,2,0,2,0,0,0,0,4
91844,erreesepymes,,2,0,2,2,0,2,0,0,0,0,4
91845,elindepcom,,2,0,2,2,0,2,0,0,0,0,4
91846,SolucionaMediac,,2,0,2,2,0,2,0,0,0,0,4
91847,MediacionSigl21,,3,0,3,3,0,3,0,0,0,0,0
91848,escribanonavas,,2,0,2,2,0,2,0,0,0,0,4
91849,MediacionJusta,,2,0,2,2,0,2,0,0,0,0,4
91850,nuevarutaempleo,,2,0,2,2,0,2,0,0,0,0,4
91851,a_mediar,,3,0,3,3,0,3,0,0,0,0,4
91852,eimediacion,,2,0,2,2,0,2,0,0,0,0,4
91853,EstoyMotivado,,2,0,2,2,0,2,0,0,0,0,4
91854,benihernandez,,2,0,2,2,0,2,0,0,0,0,6
91855,MinInmaMente,,3,0,3,3,0,3,0,0,0,0,4
91857,Manolo74,,2,0,2,2,0,2,0,0,0,0,4
91859,Jobeeper,,2,0,2,2,0,2,0,0,0,0,4
91860,lacoladelparoES,,3,0,3,3,0,3,0,0,0,0,4
91865,Area_Mujer,,3,0,3,3,0,3,0,0,0,0,4
91866,delejugranada,,3,0,3,3,0,3,0,0,0,0,3
91869,ottoreuss,,2,0,2,2,0,2,0,0,0,0,4
91870,ros_ricardo,,2,0,2,2,0,2,0,0,0,0,4
91873,noquieroserPLS,,3,0,3,3,0,3,0,0,0,0,0
91874,aulafacil,,2,0,2,2,0,2,0,0,0,0,2
91878,ZaplanaFernando,,2,0,2,2,0,2,0,0,0,0,4
91880,invitamegranada,,3,0,3,3,0,3,0,0,0,0,4
91881,bni_espana,,3,0,3,3,0,3,0,0,0,0,0
91882,BNIInnova,,3,0,3,3,0,3,0,0,0,0,6
91884,acoachspain,,2,0,2,2,0,2,0,0,0,0,4
91885,psicologaroldan,,2,0,2,2,0,2,0,0,0,0,4
91886,RosaliaGuardia,,3,0,3,3,0,3,0,0,0,0,4
91888,NeuroBrainHouse,,3,0,3,3,0,3,0,0,0,0,4
91891,Mar_MG_,,3,0,3,3,0,3,0,0,0,0,5
91892,cquesadavilchez,,3,0,3,3,0,3,0,0,0,0,4
91895,mjpololinares,,2,0,2,2,0,2,0,0,0,0,4
91897,adrianheras_,,3,0,3,3,0,3,0,0,0,0,0
91898,PPuenteduraA,,3,0,3,3,0,3,0,0,0,0,0
91901,Pablo__Arribas,,3,0,3,3,0,3,0,0,0,0,4
91902,OptimistaNet,,3,0,3,3,0,3,0,0,0,0,0
91903,antonio_guirao,,2,0,2,2,0,2,0,0,0,0,4
91904,AngelmCoach,,3,0,3,3,0,3,0,0,0,0,4
91905,oratorux,,2,0,2,2,0,2,0,0,0,0,4
91907,schuschny,,2,0,2,2,0,2,0,0,0,0,4
91910,quieroempleo,,3,0,3,3,0,3,0,0,0,0,0
91911,EmpleoMayores50,,2,0,2,2,0,2,0,0,0,0,4
91913,Observatoriodee,,2,0,2,2,0,2,0,0,0,0,0
91914,mranera,,3,0,3,3,0,3,0,0,0,0,4
91915,pazgarde,,2,0,2,2,0,2,0,0,0,0,0
91916,elsapunset,,3,0,3,3,0,3,0,0,0,0,2
91917,MIcarreraLAB,,2,0,2,2,0,2,0,0,0,0,0
91918,manuelgross,,2,0,2,2,0,2,0,0,0,0,4
91919,JuanMartinez,,3,0,3,3,0,3,0,0,0,0,4
91920,smachio,,2,0,2,2,0,2,0,0,0,0,4
91922,Quonsultaria,,2,0,2,2,0,2,0,0,0,0,4
91923,Mexired,,3,0,3,3,0,3,0,0,0,0,4
91924,mujerenconsejos,,3,0,3,3,0,3,0,0,0,0,4
91925,LuCadenas,,2,0,2,2,0,2,0,0,0,0,4
91926,T_Quality,,2,0,2,2,0,2,0,0,0,0,4
91927,OrientacionLab,,2,0,2,2,0,2,0,0,0,0,0
91929,SocialBlaBla,,3,0,3,3,0,3,0,0,0,0,4
91930,MkComunidad,,3,0,3,3,0,3,0,0,0,0,4
91931,ALMANARAGRANADA,,2,0,2,2,0,2,0,0,0,0,4
91932,dondehaytrabajo,,2,0,2,2,0,2,0,0,0,0,0
91933,AlertasdeEmpleo,,3,0,3,3,0,3,0,0,0,0,4
91934,asunblanca,,3,0,3,3,0,3,0,0,0,0,4
91937,everis,,2,0,2,2,0,2,0,0,0,0,4
91938,Raquelespaciorh,,2,0,2,2,0,2,0,0,0,0,0
91939,ArangoCoaching,,2,0,2,2,0,2,0,0,0,0,4
91940,CIL62,,3,0,3,3,0,3,0,0,0,0,4
91941,Exp_empleo,,2,0,2,2,0,2,0,0,0,0,6
91942,talent_tools,,2,0,2,2,0,2,0,0,0,0,4
91944,plpilarr,,2,0,2,2,0,2,0,0,0,0,4
91945,BelenArcones,,3,0,3,3,0,3,0,0,0,0,4
91946,AnaPSpsicologa,,3,0,3,3,0,3,0,0,0,0,4
91947,rociogm,,3,0,3,3,0,3,0,0,0,0,6
91948,Talaentia,,2,0,2,2,0,2,0,0,0,0,4
91949,ZumoDeEmpleo,,2,0,2,2,0,2,0,0,0,0,0
91950,juancbarcelo,,2,0,2,2,0,2,0,0,0,0,4
91952,gracielapardo,,2,0,2,2,0,2,0,0,0,0,4
91953,farodeandalucia,,2,0,2,2,0,2,0,0,0,0,4
91954,mluisagcardell,,2,0,2,2,0,2,0,0,0,0,4
91956,antoniofmacias,,2,0,2,2,0,2,0,0,0,0,4
91957,rafagparrado,,2,0,2,2,0,2,0,0,0,0,4
91958,silviadanzarina,,3,0,3,3,0,3,0,0,0,0,4
91959,aracoeli_sr,,2,0,2,2,0,2,0,0,0,0,4
91960,PACOTAMAYOAV,,3,0,3,3,0,3,0,0,0,0,4
91961,VictorCoach10,,3,0,3,3,0,3,0,0,0,0,4
91962,ZoriPsicologa,,3,0,3,3,0,3,0,0,0,0,5
91963,ebrito,,2,0,2,2,0,2,0,0,0,0,4
91964,pinkslippartyes,,3,0,3,3,0,3,0,0,0,0,4
91965,Buscablogs,,3,0,3,3,0,3,0,0,0,0,4
91966,travelbloggerES,,3,0,3,3,0,3,0,0,0,0,4
91993,luciademedrano,,2,0,2,2,0,2,0,0,0,0,7
91996,IES_AE,,2,0,2,2,0,2,0,0,0,0,7
91997,iestriana,,2,0,2,2,0,2,0,0,0,0,7
92000,palomaFP_,,2,0,2,2,0,2,0,0,0,0,1
92007,CeipLazarillo,,2,0,2,2,0,2,0,0,0,0,4
92015,IESTIERRA_CR,,2,0,2,2,0,2,0,0,0,0,7
92016,MindfulTravel_,,3,0,3,3,0,3,0,0,0,0,7
92023,iestomvalmadrid,,2,0,2,2,0,2,0,0,0,0,1
92027,IES_Mateo,,2,0,2,2,0,2,0,0,0,0,7
92028,IESALFONSOXI,,2,0,2,2,0,2,0,0,0,0,7
92037,ies_grancapitan,,2,0,2,2,0,2,0,0,0,0,7
92038,IESValleDelSol,,2,0,2,2,0,2,0,0,0,0,7
92048,IESVENANCIO,,2,0,2,2,0,2,0,0,0,0,7
92052,iesramonolleros,,2,0,2,2,0,2,0,0,0,0,7
92053,IESMUribarri,,2,0,2,2,0,2,0,0,0,0,7
92054,iesfgb,,2,0,2,2,0,2,0,0,0,0,7
92057,iesP_Bracamonte,,2,0,2,2,0,2,0,0,0,0,7
92063,Aulas_Creativas,,3,0,3,3,0,3,0,0,0,0,7
92077,vivirviajando2,,2,0,2,2,0,2,0,0,0,0,7
92080,lvdclaudia,,4,0,4,4,0,4,0,0,0,0,7
92082,eternoviajerob,,2,0,2,2,0,2,0,0,0,0,7
92095,NengoFlow,,3,0,3,3,0,3,0,0,0,0,7
92101,enarah,,3,0,3,3,0,3,0,0,0,0,7
92102,ElGuisanteVerde,,4,0,4,4,0,4,0,0,0,0,7
92104,TravelInspirers,,4,0,4,4,0,4,0,0,0,0,4
92105,elrincondesele,,3,0,3,3,0,3,0,0,0,0,4
92107,Misviajesporahi,,3,0,3,3,0,3,0,0,0,0,4
92109,mitrajinar,,3,0,3,3,0,3,0,0,0,0,7
92110,guiasviajar,,3,0,3,3,0,3,0,0,0,0,7
92111,hombrequeviaja,,3,0,3,3,0,3,0,0,0,0,7
92112,TravelTours43,,2,0,2,2,0,2,0,0,0,0,7
92113,locosxlosviajes,,3,0,3,3,0,3,0,0,0,0,7
92114,myguiadeviajes,,3,0,3,3,0,3,0,0,0,0,7
92115,aitor_vca,,3,0,3,3,0,3,0,0,0,0,7
92116,Diariodeabordo,,4,0,4,4,0,4,0,0,0,0,4
92117,_Babyboom_,,3,0,3,3,0,3,0,0,0,0,7
92119,mimaletayyo,,3,0,3,3,0,3,0,0,0,0,7
92120,ahoratocaviajar,,3,0,3,3,0,3,0,0,0,0,7
92121,Sinmapa_net,,3,0,3,3,0,3,0,0,0,0,7
92122,LegaTraveler,,3,0,3,3,0,3,0,0,0,0,7
92123,gavetavoladora,,3,0,3,3,0,3,0,0,0,0,7
92124,quierovermundo,,3,0,3,3,0,3,0,0,0,0,7
92125,unmundopara3,,3,0,3,3,0,3,0,0,0,0,4
92126,objetivo_viajar,,3,0,3,3,0,3,0,0,0,0,7
92127,SltCnmg,,4,0,4,4,0,4,0,0,0,0,7
92128,LaMochiladeMama,,3,0,3,3,0,3,0,0,0,0,7
92129,mochilerostv,,2,0,2,2,0,2,0,0,0,0,7
92130,mochileros_org,,3,0,3,3,0,3,0,0,0,0,7
92132,EstudioLondres,,2,0,2,2,0,2,0,0,0,0,4
92142,sabersabores,,2,0,2,2,0,2,0,0,0,0,5
92148,TravelDudes,,3,0,3,3,0,3,0,0,0,0,7
92161,EducacionCan,,3,0,3,3,0,3,0,0,0,0,7
92162,Polnieto,,2,0,2,2,0,2,0,0,0,0,6
92164,MeliaProRewards,,2,0,2,2,0,2,0,0,0,0,7
92174,verlondres,,2,0,2,2,0,2,0,0,0,0,4
92175,pazmentaal,,2,0,2,2,0,2,0,0,0,0,7
92185,educacionenmlg,,2,0,2,2,0,2,0,0,0,0,7
92197,Breifr9,,2,0,2,2,0,2,0,0,0,0,6
92201,mangelrogel,,3,0,3,3,0,3,0,0,0,0,6
92224,IES_IslaDeLeon,,2,0,2,2,0,2,0,0,0,0,7
92252,colegioamigo,,2,0,2,2,0,2,0,0,0,0,7
92264,CPLumbier,,2,0,2,2,0,2,0,0,0,0,7
92291,BitacoraViajera,,2,0,2,2,0,2,0,0,0,0,7
92308,CanelayCanelon,,2,0,2,2,0,2,0,0,0,0,7
92317,aleexequiell,,2,0,2,2,0,2,0,0,0,0,7
92319,IdeasPowered,,3,0,3,3,0,3,0,0,0,0,7
92332,socialmood,,3,0,3,3,0,3,0,0,0,0,7
92339,MallorcaPassion,,2,0,2,2,0,2,0,0,0,0,0
92340,MiguelComeche,,2,0,2,2,0,2,0,0,0,0,7
92353,MedusaTheMM,,2,0,2,2,0,2,0,0,0,0,7
92364,aLexBY11,,3,0,3,3,0,3,0,0,0,0,6
92366,vegetta777,,3,0,3,3,0,3,0,0,0,0,6
92367,bysTaXx,,2,0,2,2,0,2,0,0,0,0,6
92373,WillyrexYT,,3,0,3,3,0,3,0,0,0,0,6
92395,Neon7Daviu,,2,0,2,2,0,2,0,0,0,0,7
92399,BajoelFlexo,,2,0,2,2,0,2,0,0,0,0,2
92400,tusdestinos,,3,0,3,3,0,3,0,0,0,0,7
92401,Espirituviajero,,3,0,3,3,0,3,0,0,0,0,7
92403,UniversidadUCES,,3,0,3,3,0,3,0,0,0,0,7
92404,utditella,,2,0,2,2,0,2,0,0,0,0,7
92409,UdeSA,,2,0,2,2,0,2,0,0,0,0,7
92413,jjbuendia,,2,0,2,2,0,2,0,0,0,0,7
92417,AlfaguaraES,,3,0,3,3,0,3,0,0,0,0,7
92423,SalamandraEd,,3,0,3,3,0,3,0,0,0,0,4
92426,Eponiatowska,,3,0,3,3,0,3,0,0,0,0,6
92427,Planetadelibros,,3,0,3,3,0,3,0,0,0,0,7
92439,MarGomezH,,3,0,3,3,0,3,0,0,0,0,6
92444,festbullmusic,,2,0,2,2,0,2,0,0,0,0,6
92445,eparquiodelgado,,2,0,2,2,0,2,0,0,0,0,4
92451,Lowi_es,,2,0,2,2,0,2,0,0,0,0,6
92452,JordiWild,,3,0,3,3,0,3,0,0,0,0,6
92455,LuisitoComunica,,3,0,3,3,0,3,0,0,0,0,6
92458,montii98,,2,0,2,2,0,2,0,0,0,0,6
92462,LugaresConMagia,,3,0,3,3,0,3,0,0,0,0,6
92463,Vane2713,,2,0,2,2,0,2,0,0,0,0,6
92465,ventureplaces,,2,0,2,2,0,2,0,0,0,0,8
92467,AlejoIgoa,,2,0,2,2,0,2,0,0,0,0,4
92468,irenerusan,,2,0,2,2,0,2,0,0,0,0,6
92469,trapeina,,3,0,3,3,0,3,0,0,0,0,2
92473,IsaacMartn98,,2,0,2,2,0,2,0,0,0,0,6
92474,AHSFX,,2,0,2,2,0,2,0,0,0,0,6
92475,villa_nerea,,2,0,2,2,0,2,0,0,0,0,6
92477,Marta_Alonso_4,,2,0,2,2,0,2,0,0,0,0,6
92479,AlbittaHenares,,2,0,2,2,0,2,0,0,0,0,6
92485,carolinag99_,,2,0,2,2,0,2,0,0,0,0,6
92487,angela_lopezcmb,,2,0,2,2,0,2,0,0,0,0,6
92488,Mjose_cr,,2,0,2,2,0,2,0,0,0,0,6
92489,breselabrese,,2,0,2,2,0,2,0,0,0,0,6
92490,jackgilinsky,,2,0,2,2,0,2,0,0,0,0,6
92491,JuanpaZurita,,2,0,2,2,0,2,0,0,0,0,6
92493,KianLawley,,2,0,2,2,0,2,0,0,0,0,6
92495,ColtonLHaynes,,2,0,2,2,0,2,0,0,0,0,6
92496,MTVteenwolf,,2,0,2,2,0,2,0,0,0,0,2
92498,PrisciHern,,2,0,2,2,0,2,0,0,0,0,6
92508,TTLYTEALA,,2,0,2,2,0,2,0,0,0,0,6
92511,TopesdGama,,4,0,4,4,0,4,0,0,0,0,0
92515,WeeklyChris,,2,0,2,2,0,2,0,0,0,0,6
92516,CrawfordCollins,,2,0,2,2,0,2,0,0,0,0,6
92522,Pagudo,,3,0,3,3,0,3,0,0,0,0,6
92524,EriMc9,,2,0,2,2,0,2,0,0,0,0,6
92530,JuanitoMakande,,3,0,3,3,0,3,0,0,0,0,6
92534,MontoroAinhoa,,3,0,3,3,0,3,0,0,0,0,6
92537,paolaortega_97,,2,0,2,2,0,2,0,0,0,0,6
92538,MichelleJWeb,,2,0,2,2,0,2,0,0,0,0,6
92540,weekendbeachfes,,3,0,3,3,0,3,0,0,0,0,0
92541,MaryOrtegaGonz,,2,0,2,2,0,2,0,0,0,0,6
92542,edgaaar68,,2,0,2,2,0,2,0,0,0,0,6
92547,josejaviier9,,2,0,2,2,0,2,0,0,0,0,6
92549,AngelGarciaSF,,2,0,2,2,0,2,0,0,0,0,6
92552,JDOfficial,,2,0,2,2,0,2,0,0,0,0,6
92555,DiegoBarrueco,,2,0,2,2,0,2,0,0,0,0,2
92559,veronicahermart,,2,0,2,2,0,2,0,0,0,0,6
92560,martaa_camaacho,,2,0,2,2,0,2,0,0,0,0,6
92561,charlieputh,,3,0,3,3,0,3,0,0,0,0,2
92564,AnabelOrtegaGon,,2,0,2,2,0,2,0,0,0,0,6
92572,EdSheeranSpain,,2,0,2,2,0,2,0,0,0,0,5
92576,jose_rodriguz98,,3,0,3,3,0,3,0,0,0,0,6
92578,firmadopormi,,2,0,2,2,0,2,0,0,0,0,6
92579,VistoEnTumblr,,2,0,2,2,0,2,0,0,0,0,6
92580,HayesGrier,,2,0,2,2,0,2,0,0,0,0,6
92581,MattBomer,,2,0,2,2,0,2,0,0,0,0,0
92591,diverbo,,2,0,2,2,0,2,0,0,0,0,1
92592,BiIlionaires,,3,0,3,3,0,3,0,0,0,0,6
92593,SnoopDogg,,3,0,3,3,0,3,0,0,0,0,3
92599,asvpxrocky,,2,0,2,2,0,2,0,0,0,0,2
92605,LiamHemsworth,,2,0,2,2,0,2,0,0,0,0,2
92606,Nashgrier,,2,0,2,2,0,2,0,0,0,0,6
92610,luzmafdez,,2,0,2,2,0,2,0,0,0,0,6
92614,Eliirooblees,,2,0,2,2,0,2,0,0,0,0,6
92615,S4GIS,,2,0,2,2,0,2,0,0,0,0,6
92619,RocioyalbaJ,,2,0,2,2,0,2,0,0,0,0,6
92620,adrirodriguez8,,2,0,2,2,0,2,0,0,0,0,5
92626,RopaDeChicosES,,3,0,3,3,0,3,0,0,0,0,6
92627,RomeoSantosPage,,3,0,3,3,0,3,0,0,0,0,6
92628,DaniNavarro_98,,2,0,2,2,0,2,0,0,0,0,6
92631,Evismile97,,2,0,2,2,0,2,0,0,0,0,6
92634,UrsuRodriguez3,,2,0,2,2,0,2,0,0,0,0,6
92635,MartaLacal,,2,0,2,2,0,2,0,0,0,0,6
92641,IrenitaCuellar,,2,0,2,2,0,2,0,0,0,0,6
92642,RyanLewis,,3,0,3,3,0,3,0,0,0,0,6
92644,j_lorite,,2,0,2,2,0,2,0,0,0,0,6
92647,ClaudiaCuines,,2,0,2,2,0,2,0,0,0,0,6
92648,javiquesada16,,2,0,2,2,0,2,0,0,0,0,6
92649,NereaHerrero17,,2,0,2,2,0,2,0,0,0,0,6
92650,RobertoLM6,,2,0,2,2,0,2,0,0,0,0,6
92652,Sheicp_98,,2,0,2,2,0,2,0,0,0,0,6
92654,Marii_sv,,2,0,2,2,0,2,0,0,0,0,6
92657,Srta_Undostrees,,2,0,2,2,0,2,0,0,0,0,6
92658,luciillabaena,,2,0,2,2,0,2,0,0,0,0,6
92659,justmydreams_,,2,0,2,2,0,2,0,0,0,0,6
92665,LaCreacionDeA,,2,0,2,2,0,2,0,0,0,0,6
92667,ginocoscarella,,2,0,2,2,0,2,0,0,0,0,6
92669,CarmonaJudith,,2,0,2,2,0,2,0,0,0,0,6
92670,IvancitoRuiz9,,2,0,2,2,0,2,0,0,0,0,6
92671,joseluisortiz13,,2,0,2,2,0,2,0,0,0,0,6
92673,Eviitasnchz,,2,0,2,2,0,2,0,0,0,0,6
92677,anitah_serrano,,2,0,2,2,0,2,0,0,0,0,6
92678,sarabooucos,,2,0,2,2,0,2,0,0,0,0,6
92679,merare_,,2,0,2,2,0,2,0,0,0,0,6
92681,AlbiyaCarrasco,,2,0,2,2,0,2,0,0,0,0,6
92684,olgui97,,2,0,2,2,0,2,0,0,0,0,6
92686,luciia1997,,3,0,3,3,0,3,0,0,0,0,0
92688,jtasdnb,,2,0,2,2,0,2,0,0,0,0,6
92689,AnaAlbarral,,2,0,2,2,0,2,0,0,0,0,6
92691,SalomeCamposs,,2,0,2,2,0,2,0,0,0,0,6
92692,alejandrafs12,,2,0,2,2,0,2,0,0,0,0,6
92693,nurialopezzm,,3,0,3,3,0,3,0,0,0,0,6
92696,MariaTraave,,2,0,2,2,0,2,0,0,0,0,6
92697,nataalilopeez7,,2,0,2,2,0,2,0,0,0,0,0
92699,IsmaelCastell,,2,0,2,2,0,2,0,0,0,0,0
92703,Hache_Hache,,3,0,3,3,0,3,0,0,0,0,0
92704,Lop16Victor,,2,0,2,2,0,2,0,0,0,0,6
92705,Solealal,,2,0,2,2,0,2,0,0,0,0,0
92711,SfgSERGIO,,3,0,3,3,0,3,0,0,0,0,0
92714,mondo_sonoro,,3,0,3,3,0,3,0,0,0,0,0
92715,Mateo_Sila,,2,0,2,2,0,2,0,0,0,0,0
92718,OctubreFICH,,3,0,3,3,0,3,0,0,0,0,6
92719,Lenacarrilero,,2,0,2,2,0,2,0,0,0,0,5
92720,reclutamientoES,,3,0,3,3,0,3,0,0,0,0,0
92721,PabloMorenoArag,,2,0,2,2,0,2,0,0,0,0,0
92722,raulberdones,,3,0,3,3,0,3,0,0,0,0,0
92723,AdrianaMoragues,,3,0,3,3,0,3,0,0,0,0,5
92724,jjalmela,,2,0,2,2,0,2,0,0,0,0,0
92726,EspejoPublico,,3,0,3,3,0,3,0,0,0,0,6
92740,anamelg,,3,0,3,3,0,3,0,0,0,0,6
92743,AraMtnezEsteban,,2,0,2,2,0,2,0,0,0,0,4
92750,Ochentame_tve,,3,0,3,3,0,3,0,0,0,0,0
92752,abelcaballero,,2,0,2,2,0,2,0,0,0,0,1
92754,ElGatoLiterato,,2,0,2,2,0,2,0,0,0,0,0
92755,jatirado,,2,0,2,2,0,2,0,0,0,0,0
92758,lepeferoz,,2,0,2,2,0,2,0,0,0,0,6
92759,Dry_Martina,,2,0,2,2,0,2,0,0,0,0,0
92761,BorgesJorgeL,,3,0,3,3,0,3,0,0,0,0,6
92767,MartinGBlanco,,2,0,2,2,0,2,0,0,0,0,0
92770,LGTBNews,,2,0,2,2,0,2,0,0,0,0,6
92771,CGUgijar,,2,0,2,2,0,2,0,0,0,0,0
92772,JLambanM,,3,0,3,3,0,3,0,0,0,0,0
92774,elCreata,,4,0,4,4,0,4,0,0,0,0,0
92775,barbarutxy,,3,0,3,3,0,3,0,0,0,0,0
92777,axellelemaire,,3,0,3,3,0,3,0,0,0,0,1
92779,MurilloAlicia,,2,0,2,2,0,2,0,0,0,0,6
92785,DoceteOmnes,,3,0,3,3,0,3,0,0,0,0,0
92789,Genil492,,2,0,2,2,0,2,0,0,0,0,0
92792,SergioCervera2,,3,0,3,3,0,3,0,0,0,0,6
92794,EsJovenMaracena,,3,0,3,3,0,3,0,0,0,0,0
92799,LeyreValiente,,2,0,2,2,0,2,0,0,0,0,0
92801,juanvinuesa83,,3,0,3,3,0,3,0,0,0,0,0
92806,JavierRuibal,,3,0,3,3,0,3,0,0,0,0,0
92808,antvaye,,2,0,2,2,0,2,0,0,0,0,5
92809,lasdelcine,,3,0,3,3,0,3,0,0,0,0,0
92810,LOQUILLOoficial,,3,0,3,3,0,3,0,0,0,0,0
92813,juanlatorreruiz,,2,0,2,2,0,2,0,0,0,0,0
92814,apuntateuna,,3,0,3,3,0,3,0,0,0,0,6
92816,Glogorus,,3,0,3,3,0,3,0,0,0,0,0
92817,AndaConVigorra,,3,0,3,3,0,3,0,0,0,0,5
92818,VictorLDelgado,,2,0,2,2,0,2,0,0,0,0,0
92827,javier_cazalla,,2,0,2,2,0,2,0,0,0,0,0
92828,eloisansegundo,,2,0,2,2,0,2,0,0,0,0,0
92829,ismael_novo,,3,0,3,3,0,3,0,0,0,0,0
92830,culturamar,,3,0,3,3,0,3,0,0,0,0,0
92833,pmarsupia,,3,0,3,3,0,3,0,0,0,0,5
92834,thedragonchats,,2,0,2,2,0,2,0,0,0,0,0
92835,psoe_fuente,,2,0,2,2,0,2,0,0,0,0,0
92837,NataliadeMolina,,3,0,3,3,0,3,0,0,0,0,0
92840,marina_heredia,,3,0,3,3,0,3,0,0,0,0,0
92841,AnaGamezTapias,,2,0,2,2,0,2,0,0,0,0,0
92842,dadurix,,2,0,2,2,0,2,0,0,0,0,6
92843,ACSomoslaOtra,,2,0,2,2,0,2,0,0,0,0,0
92845,ccyoli,,2,0,2,2,0,2,0,0,0,0,0
92846,Libresyacordes,,3,0,3,3,0,3,0,0,0,0,1
92851,ICOAgr,,2,0,2,2,0,2,0,0,0,0,0
92854,Marabarros7,,3,0,3,3,0,3,0,0,0,0,0
92855,ClariseDumont,,2,0,2,2,0,2,0,0,0,0,0
92858,Joselrom,,3,0,3,3,0,3,0,0,0,0,0
92861,danigpGO,,2,0,2,2,0,2,0,0,0,0,0
92863,juanmacaroteno,,2,0,2,2,0,2,0,0,0,0,0
92866,crequesens,,3,0,3,3,0,3,0,0,0,0,0
92867,fresnedamusic,,3,0,3,3,0,3,0,0,0,0,0
92868,NocturnosInfo,,2,0,2,2,0,2,0,0,0,0,6
92871,ariasmultiverso,,3,0,3,3,0,3,0,0,0,0,0
92872,Arcangel_Flamen,,2,0,2,2,0,2,0,0,0,0,0
92873,aurorademorente,,3,0,3,3,0,3,0,0,0,0,0
92874,soleamorente,,3,0,3,3,0,3,0,0,0,0,0
92875,joaquinaraujo,,2,0,2,2,0,2,0,0,0,0,4
92877,JFLopezAguilar,,3,0,3,3,0,3,0,0,0,0,0
92883,teresabuzo,,2,0,2,2,0,2,0,0,0,0,0
92887,DanielCanadas,,3,0,3,3,0,3,0,0,0,0,6
92888,alejodorowsky,,3,0,3,3,0,3,0,0,0,0,0
92889,esparaeducar,,2,0,2,2,0,2,0,0,0,0,5
92890,JSAColomera,,2,0,2,2,0,2,0,0,0,0,0
92891,Caldecom,,2,0,2,2,0,2,0,0,0,0,0
92902,Adricor_fer,,3,0,3,3,0,3,0,0,0,0,0
92907,ElViaje_Band,,3,0,3,3,0,3,0,0,0,0,0
92912,FBernalP,,2,0,2,2,0,2,0,0,0,0,6
92915,SocialistPrty,,2,0,2,2,0,2,0,0,0,0,0
92920,SusoVazquez_,,2,0,2,2,0,2,0,0,0,0,0
92922,ELRPATRI,,2,0,2,2,0,2,0,0,0,0,0
92923,willmorgan66,,3,0,3,3,0,3,0,0,0,0,1
92933,antgalan,,2,0,2,2,0,2,0,0,0,0,0
92937,VP2112,,3,0,3,3,0,3,0,0,0,0,6
92938,PAC2020,,2,0,2,2,0,2,0,0,0,0,0
92941,davidmartier,,2,0,2,2,0,2,0,0,0,0,4
92943,PaulaOrtiz_,,2,0,2,2,0,2,0,0,0,0,0
92944,GabrielRus,,2,0,2,2,0,2,0,0,0,0,0
92945,mongejj,,3,0,3,3,0,3,0,0,0,0,0
92947,bricotecno,,2,0,2,2,0,2,0,0,0,0,0
92956,YofuiaEGB,,3,0,3,3,0,3,0,0,0,0,0
92963,PabloSMartinez,,2,0,2,2,0,2,0,0,0,0,2
92966,UNRWA,,3,0,3,3,0,3,0,0,0,0,1
92968,franhicar,,2,0,2,2,0,2,0,0,0,0,6
92971,rafaposadas1,,3,0,3,3,0,3,0,0,0,0,0
92972,salagalileo,,3,0,3,3,0,3,0,0,0,0,0
92975,maestroserrat,,2,0,2,2,0,2,0,0,0,0,0
92976,pradobenjamin,,3,0,3,3,0,3,0,0,0,0,0
92977,LaalternativaLa,,2,0,2,2,0,2,0,0,0,0,4
92978,Panchovarona,,3,0,3,3,0,3,0,0,0,0,0
92982,JavierOjeda64,,2,0,2,2,0,2,0,0,0,0,0
92984,pealdebecerro,,2,0,2,2,0,2,0,0,0,0,0
92986,jbarrionuevofdz,,3,0,3,3,0,3,0,0,0,0,0
92988,Noemi_Cruz_M,,3,0,3,3,0,3,0,0,0,0,0
92994,JSAMalaga,,3,0,3,3,0,3,0,0,0,0,4
92998,unfranco14,,2,0,2,2,0,2,0,0,0,0,5
93000,GranadaConPedro,,2,0,2,2,0,2,0,0,0,0,0
93012,mjs_gironde,,2,0,2,2,0,2,0,0,0,0,0
93015,SimonTazi,,2,0,2,2,0,2,0,0,0,0,3
93023,jalocast5,,2,0,2,2,0,2,0,0,0,0,0
93025,FrasesSabina_,,3,0,3,3,0,3,0,0,0,0,0
93028,CADPEA,,2,0,2,2,0,2,0,0,0,0,0
93029,AlbertoPozas,,2,0,2,2,0,2,0,0,0,0,0
93032,AteneoDeGranada,,2,0,2,2,0,2,0,0,0,0,6
93033,mavilapascual,,2,0,2,2,0,2,0,0,0,0,6
93034,Juan_porlen,,2,0,2,2,0,2,0,0,0,0,0
93035,JuanF_PM,,2,0,2,2,0,2,0,0,0,0,0
93037,JsaOtura,,2,0,2,2,0,2,0,0,0,0,6
93039,carloscostela88,,2,0,2,2,0,2,0,0,0,0,6
93042,psoeLGTBgranada,,2,0,2,2,0,2,0,0,0,0,0
93044,alrbuen,,2,0,2,2,0,2,0,0,0,0,0
93045,bluesmangbf,,3,0,3,3,0,3,0,0,0,0,0
93048,JSPalenciana,,2,0,2,2,0,2,0,0,0,0,0
93049,LRwday,,2,0,2,2,0,2,0,0,0,0,0
93051,desiguales,,3,0,3,3,0,3,0,0,0,0,3
93052,_guerrapedro,,2,0,2,2,0,2,0,0,0,0,0
93053,SateliteArco,,2,0,2,2,0,2,0,0,0,0,6
93055,LaSevillana1950,,2,0,2,2,0,2,0,0,0,0,0
93056,marcosderojo,,2,0,2,2,0,2,0,0,0,0,6
93060,Sergio74Bueno,,2,0,2,2,0,2,0,0,0,0,0
93063,kaparrosk,,2,0,2,2,0,2,0,0,0,0,0
93067,Vir_Santaella,,2,0,2,2,0,2,0,0,0,0,0
93068,virgi_ft,,2,0,2,2,0,2,0,0,0,0,0
93069,montabes,,3,0,3,3,0,3,0,0,0,0,0
93070,chestersoc,,2,0,2,2,0,2,0,0,0,0,6
93071,ariza588,,2,0,2,2,0,2,0,0,0,0,6
93072,LGPomares,,2,0,2,2,0,2,0,0,0,0,0
93073,elpidiojsilva,,3,0,3,3,0,3,0,0,0,0,5
93084,davisruiz,,3,0,3,3,0,3,0,0,0,0,4
93085,CarlosBakery,,2,0,2,2,0,2,0,0,0,0,3
93086,afectadosugr,,2,0,2,2,0,2,0,0,0,0,0
93089,gonwaycom,,3,0,3,3,0,3,0,0,0,0,5
93090,juanmagroa,,2,0,2,2,0,2,0,0,0,0,0
93091,Emelina_Fdez,,2,0,2,2,0,2,0,0,0,0,0
93096,Ch_Solidaria,,3,0,3,3,0,3,0,0,0,0,3
93101,jesuscantal,,2,0,2,2,0,2,0,0,0,0,0
93102,plenaccion,,2,0,2,2,0,2,0,0,0,0,0
93103,Lolapalmero,,2,0,2,2,0,2,0,0,0,0,6
93105,fj_alarcon,,2,0,2,2,0,2,0,0,0,0,0
93107,SalvaDV,,2,0,2,2,0,2,0,0,0,0,6
93109,majefv,,2,0,2,2,0,2,0,0,0,0,0
93113,IreSalgado,,2,0,2,2,0,2,0,0,0,0,4
93117,joselevycnn,,2,0,2,2,0,2,0,0,0,0,2
93119,oppenheimera,,3,0,3,3,0,3,0,0,0,0,0
93121,carmenmadridg,,2,0,2,2,0,2,0,0,0,0,6
93122,F_J_Sanchez,,3,0,3,3,0,3,0,0,0,0,0
93123,BelenBarreiro_,,2,0,2,2,0,2,0,0,0,0,0
93125,kikesma,,2,0,2,2,0,2,0,0,0,0,0
93126,FrancisRuizp,,2,0,2,2,0,2,0,0,0,0,0
93128,JSA_Padul,,2,0,2,2,0,2,0,0,0,0,6
93129,Carmona_alcalde,,3,0,3,3,0,3,0,0,0,0,6
93131,franlupigarcia,,2,0,2,2,0,2,0,0,0,0,0
93135,belt_23,,2,0,2,2,0,2,0,0,0,0,0
93143,inesortega15,,2,0,2,2,0,2,0,0,0,0,6
93146,jsa_empleo_gr,,2,0,2,2,0,2,0,0,0,0,0
93153,josemanuelfv,,2,0,2,2,0,2,0,0,0,0,0
93154,Estefania_ML,,2,0,2,2,0,2,0,0,0,0,0
93155,MyriamDRguez,,3,0,3,3,0,3,0,0,0,0,0
93159,JaumedUrgell,,3,0,3,3,0,3,0,0,0,0,0
93160,pablovc89,,2,0,2,2,0,2,0,0,0,0,6
93161,VictoriaPeinado,,4,0,4,4,0,4,0,0,0,0,2
93162,GsusNieto,,2,0,2,2,0,2,0,0,0,0,4
93167,JSAChurriana,,3,0,3,3,0,3,0,0,0,0,0
93169,AnaPerezLuna,,2,0,2,2,0,2,0,0,0,0,0
93170,rubenlodi,,2,0,2,2,0,2,0,0,0,0,2
93171,JSAvegas,,3,0,3,3,0,3,0,0,0,0,0
93173,karguinano,,3,0,3,3,0,3,0,0,0,0,0
93174,juanludepaolis,,3,0,3,3,0,3,0,0,0,0,0
93175,josepjuannaca,,2,0,2,2,0,2,0,0,0,0,0
93177,AntonioMiguelC,,2,0,2,2,0,2,0,0,0,0,5
93182,chefkiwilimon,,3,0,3,3,0,3,0,0,0,0,0
93183,descuentazos_es,,3,0,3,3,0,3,0,0,0,0,0
93185,DignidadyUtopia,,3,0,3,3,0,3,0,0,0,0,0
93187,caniles,,2,0,2,2,0,2,0,0,0,0,0
93188,pm_cas,,2,0,2,2,0,2,0,0,0,0,4
93196,conchacaballer,,3,0,3,3,0,3,0,0,0,0,0
93198,morenobarber,,3,0,3,3,0,3,0,0,0,0,4
93199,putohelicoptero,,2,0,2,2,0,2,0,0,0,0,0
93201,Giovanna_CC90,,2,0,2,2,0,2,0,0,0,0,0
93204,IsabelAriza3,,2,0,2,2,0,2,0,0,0,0,6
93216,partidolibertad,,2,0,2,2,0,2,0,0,0,0,6
93217,ibjove,,2,0,2,2,0,2,0,0,0,0,6
93219,goib,,2,0,2,2,0,2,0,0,0,0,6
93224,Inmi04,,2,0,2,2,0,2,0,0,0,0,6
93227,FranNicolas_G,,2,0,2,2,0,2,0,0,0,0,6
93229,JesusGarvin,,2,0,2,2,0,2,0,0,0,0,6
93230,BrillanteES,,2,0,2,2,0,2,0,0,0,0,6
93240,MiguelLozanoCS,,2,0,2,2,0,2,0,0,0,0,6
93241,jwaltonmusic,,2,0,2,2,0,2,0,0,0,0,6
93246,_Virgin4_,,2,0,2,2,0,2,0,0,0,0,6
93247,GuadalupeGduran,,2,0,2,2,0,2,0,0,0,0,6
93249,Marina_Maraver,,2,0,2,2,0,2,0,0,0,0,6
93252,Almurojas7,,2,0,2,2,0,2,0,0,0,0,6
93253,Irenee_SB,,2,0,2,2,0,2,0,0,0,0,6
93254,thecornergr,,3,0,3,3,0,3,0,0,0,0,6
93257,CristinaBrgs,,3,0,3,3,0,3,0,0,0,0,6
93266,AntonioCBriones,,2,0,2,2,0,2,0,0,0,0,6
93268,F_serendipia,,3,0,3,3,0,3,0,0,0,0,5
93269,mongui21,,3,0,3,3,0,3,0,0,0,0,2
93270,Cristina_CaOs,,2,0,2,2,0,2,0,0,0,0,6
93282,JuliaOrtizz,,2,0,2,2,0,2,0,0,0,0,6
93284,granadindie,,5,0,5,5,0,5,0,0,0,0,6
93289,AradelEspino,,2,0,2,2,0,2,0,0,0,0,6
93290,nuriaact,,2,0,2,2,0,2,0,0,0,0,6
93292,titaclaudi,,2,0,2,2,0,2,0,0,0,0,6
93294,miguel_fdez93,,2,0,2,2,0,2,0,0,0,0,6
93295,mJoseCampos7,,2,0,2,2,0,2,0,0,0,0,6
93299,Piterpam6,,2,0,2,2,0,2,0,0,0,0,6
93308,MariinaDzSn,,2,0,2,2,0,2,0,0,0,0,6
93309,itssirfran,,2,0,2,2,0,2,0,0,0,0,6
93310,MarinaCoki,,2,0,2,2,0,2,0,0,0,0,6
93337,RollingStoneES,,3,0,3,3,0,3,0,0,0,0,6
93354,bigbang_ES,,2,0,2,2,0,2,0,0,0,0,6
93358,RAPSUSKLEI1,,3,0,3,3,0,3,0,0,0,0,6
93362,lechecelta,,2,0,2,2,0,2,0,0,0,0,6
93369,Jesuss_46,,2,0,2,2,0,2,0,0,0,0,6
93370,maurodelonge,,2,0,2,2,0,2,0,0,0,0,6
93373,OfficialCrisDJ,,2,0,2,2,0,2,0,0,0,0,6
93374,FedeGBarrera,,2,0,2,2,0,2,0,0,0,0,6
93377,jesusillo27,,2,0,2,2,0,2,0,0,0,0,6
93380,M_Victoria_Cm,,2,0,2,2,0,2,0,0,0,0,6
93383,jesuscariya,,2,0,2,2,0,2,0,0,0,0,6
93389,miqqenasello,,2,0,2,2,0,2,0,0,0,0,6
93393,cbeltran_yo,,2,0,2,2,0,2,0,0,0,0,6
93395,eva_jimenezc,,2,0,2,2,0,2,0,0,0,0,6
93400,Inmafeel96,,2,0,2,2,0,2,0,0,0,0,6
93402,DisasterGranada,,3,0,3,3,0,3,0,0,0,0,6
93404,pedro_albox,,2,0,2,2,0,2,0,0,0,0,6
93408,DJPROGranada,,4,0,4,4,0,4,0,0,0,0,6
93417,EstefaniaaAvila,,2,0,2,2,0,2,0,0,0,0,6
93422,Alba8gp,,2,0,2,2,0,2,0,0,0,0,6
93429,Rodri2906,,2,0,2,2,0,2,0,0,0,0,6
93430,PensadorKrudo,,2,0,2,2,0,2,0,0,0,0,6
93435,Farmaligoteos,,2,0,2,2,0,2,0,0,0,0,6
93436,Marta_mog6,,2,0,2,2,0,2,0,0,0,0,6
93439,loiagarcia,,4,0,4,4,0,4,0,0,0,0,6
93443,NachitoRAC,,2,0,2,2,0,2,0,0,0,0,6
93445,Disaster_Cadiz,,3,0,3,3,0,3,0,0,0,0,1
93448,La_alborea_pub,,2,0,2,2,0,2,0,0,0,0,6
93451,wtfgranada,,2,0,2,2,0,2,0,0,0,0,6
93454,escorpio_hn,,2,0,2,2,0,2,0,0,0,0,4
93458,AngelVico88,,2,0,2,2,0,2,0,0,0,0,6
93460,raveart_prod,,2,0,2,2,0,2,0,0,0,0,6
93462,Twitsexologa,,4,0,4,4,0,4,0,0,0,0,6
93465,CarnavalCadiz3,,4,0,4,4,0,4,0,0,0,0,6
93467,ripmemesP,,2,0,2,2,0,2,0,0,0,0,6
93497,influencerdecai,,2,0,2,2,0,2,0,0,0,0,6
93514,Chiste,,3,0,3,3,0,3,0,0,0,0,6
93516,ElTopoErudito,,2,0,2,2,0,2,0,0,0,0,1
93517,christiancha,,2,0,2,2,0,2,0,0,0,0,6
93536,teniaquedecirlo,,2,0,2,2,0,2,0,0,0,0,6
93545,Aluminiia,,2,0,2,2,0,2,0,0,0,0,6
93558,preferente,,3,0,3,3,0,3,0,0,0,0,6
93562,Kamasutra_es,,2,0,2,2,0,2,0,0,0,0,5
93581,giselaoficial,,3,0,3,3,0,3,0,0,0,0,6
93582,manutenorio,,4,0,4,4,0,4,0,0,0,0,1
93583,alex_casad,,2,0,2,2,0,2,0,0,0,0,6
93585,Alejandroparre,,2,0,2,2,0,2,0,0,0,0,6
93586,OficialGeno,,2,0,2,2,0,2,0,0,0,0,0
93592,PedroSanchezBC,,2,0,2,2,0,2,0,0,0,0,6
93595,SFDKoficial,,3,0,3,3,0,3,0,0,0,0,5
93600,Ricardvcia,,2,0,2,2,0,2,0,0,0,0,6
93601,Coopitalia,,2,0,2,2,0,2,0,0,0,0,3
93602,CarrefourItalia,,3,0,3,3,0,3,0,0,0,0,3
93603,Piezas750,,4,0,4,4,0,4,0,0,0,0,6
93606,AmarensElise,,3,0,3,3,0,3,0,0,0,0,2
93608,Mpfcadiz,,2,0,2,2,0,2,0,0,0,0,0
93610,AdanJKai,,2,0,2,2,0,2,0,0,0,0,6
93616,UniversalSpain,,3,0,3,3,0,3,0,0,0,0,1
93619,Sharaoficial,,3,0,3,3,0,3,0,0,0,0,0
93625,clinicabaviera,,3,0,3,3,0,3,0,0,0,0,6
93631,ManuelReyesGF,,2,0,2,2,0,2,0,0,0,0,6
93635,Juanje_MartinDJ,,2,0,2,2,0,2,0,0,0,0,6
93637,IvanTroyano,,3,0,3,3,0,3,0,0,0,0,2
93643,mariaisabelAMQS,,3,0,3,3,0,3,0,0,0,0,0
93644,DrBellido,,2,0,2,2,0,2,0,0,0,0,6
93645,Dasoul,,2,0,2,2,0,2,0,0,0,0,6
93646,davide_candeli,,2,0,2,2,0,2,0,0,0,0,6
93647,StageeTirocini,,2,0,2,2,0,2,0,0,0,0,6
93648,BolognaWelcome,,2,0,2,2,0,2,0,0,0,0,6
93649,Doctor1DOC3,,3,0,3,3,0,3,0,0,0,0,6
93651,SonTattoos,,3,0,3,3,0,3,0,0,0,0,5
93660,esthersaezz,,2,0,2,2,0,2,0,0,0,0,6
93668,SoyTuWassap,,2,0,2,2,0,2,0,0,0,0,6
93672,Ballantines_ES,,2,0,2,2,0,2,0,0,0,0,0
93673,juanjo6sevilla,,2,0,2,2,0,2,0,0,0,0,6
93675,Chenoa,,3,0,3,3,0,3,0,0,0,0,6
93681,blackfriday_fm,,2,0,2,2,0,2,0,0,0,0,4
93685,rebelbingoSpain,,3,0,3,3,0,3,0,0,0,0,6
93688,40Andaya,,3,0,3,3,0,3,0,0,0,0,6
93691,DiariodeCuentos,,4,0,4,4,0,4,0,0,0,0,2
93693,LaVozDelCarnava,,2,0,2,2,0,2,0,0,0,0,6
93695,thomasfiss,,2,0,2,2,0,2,0,0,0,0,2
93702,m_entrenamiento,,3,0,3,3,0,3,0,0,0,0,0
93706,paularuizz24,,2,0,2,2,0,2,0,0,0,0,6
93710,HMiguelsanz,,2,0,2,2,0,2,0,0,0,0,6
93718,XusoJones,,4,0,4,4,0,4,0,0,0,0,0
93719,VuitOficial,,2,0,2,2,0,2,0,0,0,0,6
93730,periieleven,,3,0,3,3,0,3,0,0,0,0,6
93735,IvanSorrilla_19,,2,0,2,2,0,2,0,0,0,0,6
93738,borjagalvan,,2,0,2,2,0,2,0,0,0,0,6
93741,LigoteosGranada,,3,0,3,3,0,3,0,0,0,0,6
93742,Mazcvei,,2,0,2,2,0,2,0,0,0,0,6
93745,AitorRT,,2,0,2,2,0,2,0,0,0,0,6
93746,Xriz,,2,0,2,2,0,2,0,0,0,0,6
93749,DjJaviMax,,3,0,3,3,0,3,0,0,0,0,6
93750,lagaleriajerez,,2,0,2,2,0,2,0,0,0,0,6
93752,MiguelGR10Alvar,,3,0,3,3,0,3,0,0,0,0,0
93758,AdrianAvilaOK,,2,0,2,2,0,2,0,0,0,0,6
93760,go_edityourself,,2,0,2,2,0,2,0,0,0,0,6
93763,__chaotic__,,2,0,2,2,0,2,0,0,0,0,6
93765,AlrumboFestival,,2,0,2,2,0,2,0,0,0,0,6
93767,idolkidsesp,,2,0,2,2,0,2,0,0,0,0,6
93768,UgrBaby,,2,0,2,2,0,2,0,0,0,0,6
93775,auroracaballero,,3,0,3,3,0,3,0,0,0,0,6
93777,Cadiz_Digital_,,3,0,3,3,0,3,0,0,0,0,4
93779,La_Omaitas,,2,0,2,2,0,2,0,0,0,0,5
93780,La_Antonias,,3,0,3,3,0,3,0,0,0,0,5
93782,EktorPan,,2,0,2,2,0,2,0,0,0,0,6
93783,andreaainsa16,,2,0,2,2,0,2,0,0,0,0,6
93784,PalomaAR2,,2,0,2,2,0,2,0,0,0,0,3
93791,Emmagz2,,3,0,3,3,0,3,0,0,0,0,6
93799,dviergol,,3,0,3,3,0,3,0,0,0,0,0
93802,tilllatespain,,3,0,3,3,0,3,0,0,0,0,6
93803,AlexGuijoRomero,,2,0,2,2,0,2,0,0,0,0,0
93807,Deporlovers,,3,0,3,3,0,3,0,0,0,0,4
93811,jessica_bueno90,,3,0,3,3,0,3,0,0,0,0,0
93815,AntoniaZape,,2,0,2,2,0,2,0,0,0,0,6
93817,Ventas_Granada,,3,0,3,3,0,3,0,0,0,0,3
93819,jhdezzz5,,2,0,2,2,0,2,0,0,0,0,6
93820,Cerradoconcerto,,3,0,3,3,0,3,0,0,0,0,6
93821,hugosalazar_,,3,0,3,3,0,3,0,0,0,0,6
93822,pepecajaoficial,,3,0,3,3,0,3,0,0,0,0,5
93824,chernaker,,3,0,3,3,0,3,0,0,0,0,6
93830,DiscoGranada10,,4,0,4,4,0,4,0,0,0,0,0
93831,kikedeoro,,2,0,2,2,0,2,0,0,0,0,6
93834,DATOSEXUAL,,2,0,2,2,0,2,0,0,0,0,6
93835,FrancisMotriles,,2,0,2,2,0,2,0,0,0,0,6
93842,WhatsapCaptura_,,2,0,2,2,0,2,0,0,0,0,2
93849,Agustinsantos22,,2,0,2,2,0,2,0,0,0,0,5
93850,canalrgz,,2,0,2,2,0,2,0,0,0,0,6
93851,Srtamariisa,,2,0,2,2,0,2,0,0,0,0,6
93854,mohea1234,,2,0,2,2,0,2,0,0,0,0,6
93863,RubenRunAway,,2,0,2,2,0,2,0,0,0,0,6
93864,Matulla_Music,,2,0,2,2,0,2,0,0,0,0,6
93868,AnitaBtwice,,2,0,2,2,0,2,0,0,0,0,6
93869,gusbravoabreu,,3,0,3,3,0,3,0,0,0,0,6
93875,Fyahbwoy,,3,0,3,3,0,3,0,0,0,0,6
93876,CristianGilDj,,3,0,3,3,0,3,0,0,0,0,0
93877,ElDelColacao,,2,0,2,2,0,2,0,0,0,0,5
93883,luisgalindo_lg,,3,0,3,3,0,3,0,0,0,0,6
93888,lujosabarcelona,,2,0,2,2,0,2,0,0,0,0,0
93892,_CarlosRivera,,3,0,3,3,0,3,0,0,0,0,4
93899,Milenyoo,,4,0,4,4,0,4,0,0,0,0,6
93903,PoeticaAccion_,,3,0,3,3,0,3,0,0,0,0,6
93931,LaurenJauregui,,2,0,2,2,0,2,0,0,0,0,2
93935,APaulafB,,2,0,2,2,0,2,0,0,0,0,6
93940,EleanorJCalder,,3,0,3,3,0,3,0,0,0,0,0
93944,lalibreria_,,2,0,2,2,0,2,0,0,0,0,6
93946,voragineinterna,,2,0,2,2,0,2,0,0,0,0,6
93951,Curiosidades_TM,,3,0,3,3,0,3,0,0,0,0,5
93954,TheRiverDj,,2,0,2,2,0,2,0,0,0,0,6
93957,autoescuelagala,,2,0,2,2,0,2,0,0,0,0,2
93961,Nickelback,,2,0,2,2,0,2,0,0,0,0,3
93980,ElvisaYM,,4,0,4,4,0,4,0,0,0,0,5
93988,mmercedes_duran,,2,0,2,2,0,2,0,0,0,0,0
93989,frandieli,,2,0,2,2,0,2,0,0,0,0,6
93995,Hit_Gamer_Girl,,2,0,2,2,0,2,0,0,0,0,5
94000,Danielendi94,,2,0,2,2,0,2,0,0,0,0,0
94011,simpleplan,,3,0,3,3,0,3,0,0,0,0,3
94016,CarlosParejo,,2,0,2,2,0,2,0,0,0,0,6
94018,Alex_Lequio,,2,0,2,2,0,2,0,0,0,0,6
94023,Sonreiralmundo,,2,0,2,2,0,2,0,0,0,0,6
94027,Pacoquintana7,,2,0,2,2,0,2,0,0,0,0,0
94040,MHistorias,,3,0,3,3,0,3,0,0,0,0,0
94060,benhassel94,,2,0,2,2,0,2,0,0,0,0,6
94062,vanhoick,,4,0,4,4,0,4,0,0,0,0,6
94085,MaikaBarbero,,2,0,2,2,0,2,0,0,0,0,6
94087,GaviotaUMU,,2,0,2,2,0,2,0,0,0,0,4
94108,WeAreNonina,,3,0,3,3,0,3,0,0,0,0,0
94122,RafaBlas_,,2,0,2,2,0,2,0,0,0,0,6
94140,2BACHENFURECIDO,,3,0,3,3,0,3,0,0,0,0,5
94143,larommie,,2,0,2,2,0,2,0,0,0,0,6
94147,sr_andaluz,,2,0,2,2,0,2,0,0,0,0,0
94149,IrresistibleM86,,2,0,2,2,0,2,0,0,0,0,6
94156,Detrassdeti,,2,0,2,2,0,2,0,0,0,0,5
94165,frasesyverdad,,3,0,3,3,0,3,0,0,0,0,6
94173,birdsbeaknews,,3,0,3,3,0,3,0,0,0,0,2
94185,cuentocolectivo,,2,0,2,2,0,2,0,0,0,0,6
94189,CulturaColectiv,,4,0,4,4,0,4,0,0,0,0,6
94220,DaexProd,,2,0,2,2,0,2,0,0,0,0,0
94231,MirelaCofficial,,2,0,2,2,0,2,0,0,0,0,3
94240,MusicTelecinco,,3,0,3,3,0,3,0,0,0,0,6
94241,almudenacid,,3,0,3,3,0,3,0,0,0,0,5
94247,EvanVP,,3,0,3,3,0,3,0,0,0,0,4
94252,labodeguitadesf,,2,0,2,2,0,2,0,0,0,0,6
94269,pmednews,,2,0,2,2,0,2,0,0,0,0,6
94276,MiNotaDeAmor,,4,0,4,4,0,4,0,0,0,0,5
94299,FodsRecords,,2,0,2,2,0,2,0,0,0,0,6
94304,CarlosjeanNews,,2,0,2,2,0,2,0,0,0,0,6
94343,Frases_Pereza,,5,0,5,5,0,5,0,0,0,0,5
94346,portaldemusica,,2,0,2,2,0,2,0,0,0,0,6
94350,UviMo,,2,0,2,2,0,2,0,0,0,0,6
94360,WarnerMusicES,,3,0,3,3,0,3,0,0,0,0,6
94374,EnergySistem,,3,0,3,3,0,3,0,0,0,0,6
94379,juanjorn95,,3,0,3,3,0,3,0,0,0,0,0
94382,carlos_sobera,,3,0,3,3,0,3,0,0,0,0,6
94383,teofilamartinez,,2,0,2,2,0,2,0,0,0,0,0
94388,thaiscg3,,2,0,2,2,0,2,0,0,0,0,6
94392,mariovaquerizo,,2,0,2,2,0,2,0,0,0,0,0
94397,davidolivas,,2,0,2,2,0,2,0,0,0,0,0
94411,GarsonArt,,2,0,2,2,0,2,0,0,0,0,0
94440,Calidandee,,3,0,3,3,0,3,0,0,0,0,3
94441,Tuenti,,2,0,2,2,0,2,0,0,0,0,5
94457,MaskSingerA3,,3,0,3,3,0,3,0,0,0,0,6
94463,MIMISEGURA,,2,0,2,2,0,2,0,0,0,0,0
94466,consumidoresand,,2,0,2,2,0,2,0,0,0,0,0
94468,pedrojmartin,,2,0,2,2,0,2,0,0,0,0,6
94473,PipiEstrada1,,3,0,3,3,0,3,0,0,0,0,4
94476,entradas,,3,0,3,3,0,3,0,0,0,0,6
94477,LiveTheRoof,,3,0,3,3,0,3,0,0,0,0,6
94481,abelhigon,,3,0,3,3,0,3,0,0,0,0,5
94485,LeyendoAmorPuro,,3,0,3,3,0,3,0,0,0,0,6
94499,Raul_Ordonez,,2,0,2,2,0,2,0,0,0,0,0
94505,TicketmasterES,,3,0,3,3,0,3,0,0,0,0,6
94506,Cuddle,,4,0,4,4,0,4,0,0,0,0,5
94514,Ajezierski,,2,0,2,2,0,2,0,0,0,0,6
94521,Ale_Butron,,2,0,2,2,0,2,0,0,0,0,0
94528,ifrasescortas,,3,0,3,3,0,3,0,0,0,0,6
94537,fs0c131y,,2,0,2,2,0,2,0,0,0,0,3
94542,telegram,,3,0,3,3,0,3,0,0,0,0,3
94545,ninjamarketing,,3,0,3,3,0,3,0,0,0,0,3
94546,NinjAcademy,,3,0,3,3,0,3,0,0,0,0,3
94547,Pennamontata,,3,0,3,3,0,3,0,0,0,0,3
94548,valefalci,,2,0,2,2,0,2,0,0,0,0,3
94549,AlePalmulli,,3,0,3,3,0,3,0,0,0,0,3
94550,Ale_Marinero,,2,0,2,2,0,2,0,0,0,0,3
94551,internacionalUM,,3,0,3,3,0,3,0,0,0,0,3
94554,informaticaumu,,2,0,2,2,0,2,0,0,0,0,3
94557,FrancescoCapp1,,2,0,2,2,0,2,0,0,0,0,3
94568,Nyxissimo,,2,0,2,2,0,2,0,0,0,0,3
94573,Julius_ICEsar,,3,0,3,3,0,3,0,0,0,0,3
94578,AlexTataranni,,3,0,3,3,0,3,0,0,0,0,3
94579,levelsio,,2,0,2,2,0,2,0,0,0,0,3
94580,RemoteOK,,2,0,2,2,0,2,0,0,0,0,3
94581,fla_cor_66,,2,0,2,2,0,2,0,0,0,0,3
94582,FabrizioBitetto,,3,0,3,3,0,3,0,0,0,0,3
94583,laura_fulco,,3,0,3,3,0,3,0,0,0,0,3
94588,scamardellaE,,3,0,3,3,0,3,0,0,0,0,3
94589,Emanuello,,3,0,3,3,0,3,0,0,0,0,3
94590,NomadList,,2,0,2,2,0,2,0,0,0,0,3
94593,MarcoCazzola,,3,0,3,3,0,3,0,0,0,0,3
94594,acarlozzo,,3,0,3,3,0,3,0,0,0,0,3
94595,DigitalChampITA,,2,0,2,2,0,2,0,0,0,0,3
94598,paolo_barberis,,2,0,2,2,0,2,0,0,0,0,3
94653,fontanaprorider,,2,0,2,2,0,2,0,0,0,0,3
94654,playing4change,,3,0,3,3,0,3,0,0,0,0,3
94657,paulkalkbrenner,,2,0,2,2,0,2,0,0,0,0,3
94669,realmadridfem,,2,0,2,2,0,2,0,0,0,0,0
94679,Baskonia,,2,0,2,2,0,2,0,0,0,0,5
94681,BqcaBad,,3,0,3,3,0,3,0,0,0,0,6
94682,historicalpixss,,2,0,2,2,0,2,0,0,0,0,5
94683,PerfectlyCaptur,,2,0,2,2,0,2,0,0,0,0,5
94684,ohshitvid,,2,0,2,2,0,2,0,0,0,0,5
94686,CarlosR,,2,0,2,2,0,2,0,0,0,0,5
94687,patryjordan,,3,0,3,3,0,3,0,0,0,0,5
94689,carlosplus,,3,0,3,3,0,3,0,0,0,0,5
94692,forocoches,,3,0,3,3,0,3,0,0,0,0,6
94693,elopi23,,2,0,2,2,0,2,0,0,0,0,5
94695,Spurs_ES,,2,0,2,2,0,2,0,0,0,0,5
94698,socasmc,,2,0,2,2,0,2,0,0,0,0,8
94700,LUISENRIQUE21,,3,0,3,3,0,3,0,0,0,0,5
94705,Guille_Glez_,,2,0,2,2,0,2,0,0,0,0,5
94706,migquintana,,3,0,3,3,0,3,0,0,0,0,5
94710,HoyNoSeSale,,2,0,2,2,0,2,0,0,0,0,5
94717,ligero999,,2,0,2,2,0,2,0,0,0,0,5
94720,sergio_regui,,2,0,2,2,0,2,0,0,0,0,5
94723,ZetsubouGotian,,2,0,2,2,0,2,0,0,0,0,5
94725,footters,,2,0,2,2,0,2,0,0,0,0,5
94728,RafaelEscrig,,2,0,2,2,0,2,0,0,0,0,5
94729,CiviClub,,2,0,2,2,0,2,0,0,0,0,5
94730,JovenCatolica,,2,0,2,2,0,2,0,0,0,0,5
94731,CarolinaMarin,,3,0,3,3,0,3,0,0,0,0,5
94732,asnlofficiel,,2,0,2,2,0,2,0,0,0,0,8
94735,MSI_ES,,3,0,3,3,0,3,0,0,0,0,6
94736,ATRESplayer,,3,0,3,3,0,3,0,0,0,0,0
94739,Carolina_Abril_,,2,0,2,2,0,2,0,0,0,0,6
94740,Estrimo,,2,0,2,2,0,2,0,0,0,0,5
94744,ManCityES,,2,0,2,2,0,2,0,0,0,0,5
94745,ChapecoenseReal,,2,0,2,2,0,2,0,0,0,0,5
94749,AlfonBTA,,2,0,2,2,0,2,0,0,0,0,8
94750,SkoneBigFish,,2,0,2,2,0,2,0,0,0,0,8
94751,COFJaen,,2,0,2,2,0,2,0,0,0,0,5
94754,laotraliga_net,,3,0,3,3,0,3,0,0,0,0,5
94756,DeportesCuatro,,3,0,3,3,0,3,0,0,0,0,0
94757,blues_cazorla,,3,0,3,3,0,3,0,0,0,0,4
94758,mercatosphera,,3,0,3,3,0,3,0,0,0,0,6
94762,bet365_es,,4,0,4,4,0,4,0,0,0,0,4
94763,RaulGonzalez,,3,0,3,3,0,3,0,0,0,0,5
94770,csantaengracia,,3,0,3,3,0,3,0,0,0,0,5
94771,jaume_jlb,,2,0,2,2,0,2,0,0,0,0,5
94772,cfhercules,,2,0,2,2,0,2,0,0,0,0,2
94774,mbakathetruth,,2,0,2,2,0,2,0,0,0,0,8
94775,lorenaglez1711,,2,0,2,2,0,2,0,0,0,0,0
94776,SoyMrFutbol,,3,0,3,3,0,3,0,0,0,0,5
94777,JayceeCarroll,,3,0,3,3,0,3,0,0,0,0,6
94780,Cs_Valverde,,2,0,2,2,0,2,0,0,0,0,5
94787,fifaworldcup_es,,3,0,3,3,0,3,0,0,0,0,2
94789,djverseonline,,2,0,2,2,0,2,0,0,0,0,5
94790,kapo013,,2,0,2,2,0,2,0,0,0,0,5
94791,BabiBlackBull,,2,0,2,2,0,2,0,0,0,0,5
94792,blonstark,,2,0,2,2,0,2,0,0,0,0,5
94798,sgutierrezruiz,,2,0,2,2,0,2,0,0,0,0,6
94800,gonzalorp96,,2,0,2,2,0,2,0,0,0,0,5
94801,Invert_oficial,,2,0,2,2,0,2,0,0,0,0,5
94803,Miguelgarciia10,,3,0,3,3,0,3,0,0,0,0,6
94805,young_marketing,,2,0,2,2,0,2,0,0,0,0,5
94806,isami054,,2,0,2,2,0,2,0,0,0,0,5
94808,FCBayernES,,3,0,3,3,0,3,0,0,0,0,5
94810,_biyin_,,2,0,2,2,0,2,0,0,0,0,6
94812,HistoriaDiceQue,,2,0,2,2,0,2,0,0,0,0,5
94813,GermanGarmendia,,3,0,3,3,0,3,0,0,0,0,6
94818,zerozoneclub,,2,0,2,2,0,2,0,0,0,0,5
94828,CURSISNOVlOS,,2,0,2,2,0,2,0,0,0,0,5
94829,Fabio_Coentrao,,3,0,3,3,0,3,0,0,0,0,8
94830,LoMejorDeVine_,,2,0,2,2,0,2,0,0,0,0,5
94832,cdnumancia,,2,0,2,2,0,2,0,0,0,0,5
94833,RCDEspanyol,,3,0,3,3,0,3,0,0,0,0,5
94834,RCCelta,,3,0,3,3,0,3,0,0,0,0,5
94835,RealZaragoza,,3,0,3,3,0,3,0,0,0,0,5
94836,CAOsasuna,,3,0,3,3,0,3,0,0,0,0,6
94840,97lau,,2,0,2,2,0,2,0,0,0,0,5
94842,Farmaenfurecida,,3,0,3,3,0,3,0,0,0,0,5
94843,colladoberta,,3,0,3,3,0,3,0,0,0,0,5
94847,LoMejorDeTikTok,,2,0,2,2,0,2,0,0,0,0,5
94848,Orgullosofutbol,,2,0,2,2,0,2,0,0,0,0,5
94849,SomeecardES,,3,0,3,3,0,3,0,0,0,0,5
94852,officialpepe,,3,0,3,3,0,3,0,0,0,0,3
94855,Uruguay,,3,0,3,3,0,3,0,0,0,0,5
94856,Lideres_Futbol,,3,0,3,3,0,3,0,0,0,0,6
94857,la_grulla5,,2,0,2,2,0,2,0,0,0,0,5
94858,LluisMascaro,,3,0,3,3,0,3,0,0,0,0,5
94859,PPrendes,,2,0,2,2,0,2,0,0,0,0,5
94860,TuentiES,,2,0,2,2,0,2,0,0,0,0,5
94861,FedJaenFutbol,,2,0,2,2,0,2,0,0,0,0,5
94867,iWhat_The_fuck,,3,0,3,3,0,3,0,0,0,0,5
94869,estebanbarbersh,,3,0,3,3,0,3,0,0,0,0,5
94873,NikolaMirotic33,,2,0,2,2,0,2,0,0,0,0,0
94874,Rianlii,,2,0,2,2,0,2,0,0,0,0,6
94877,BallTekkers,,3,0,3,3,0,3,0,0,0,0,8
94879,cabreadisima_,,2,0,2,2,0,2,0,0,0,0,5
94880,elgetafe,,2,0,2,2,0,2,0,0,0,0,6
94881,Desmo_fut,,2,0,2,2,0,2,0,0,0,0,5
94884,SheId0n,,2,0,2,2,0,2,0,0,0,0,0
94885,__owwww__,,2,0,2,2,0,2,0,0,0,0,5
94886,WhatsApp,,3,0,3,3,0,3,0,0,0,0,3
94887,ambivertido,,2,0,2,2,0,2,0,0,0,0,2
94889,VillarrealCF,,3,0,3,3,0,3,0,0,0,0,2
94890,SeppBlatter,,3,0,3,3,0,3,0,0,0,0,2
94891,EuroLeague,,3,0,3,3,0,3,0,0,0,0,2
94892,METcommunity,,2,0,2,2,0,2,0,0,0,0,5
94900,SergioRodriguez,,3,0,3,3,0,3,0,0,0,0,0
94908,laura_gv22,,3,0,3,3,0,3,0,0,0,0,5
94910,pablolaso,,3,0,3,3,0,3,0,0,0,0,0
94911,MadeInInstagram,,2,0,2,2,0,2,0,0,0,0,5
94915,LuqueJoseA,,3,0,3,3,0,3,0,0,0,0,6
94919,EsAbandonado,,3,0,3,3,0,3,0,0,0,0,5
94922,SoySpider_,,3,0,3,3,0,3,0,0,0,0,4
94932,2Orgullo,,2,0,2,2,0,2,0,0,0,0,6
94935,nachofi1990,,3,0,3,3,0,3,0,0,0,0,5
94940,MilitaresEnCasa,,2,0,2,2,0,2,0,0,0,0,5
94941,AntonioATM_,,2,0,2,2,0,2,0,0,0,0,5
94943,djnanoshow,,3,0,3,3,0,3,0,0,0,0,5
94944,LocoOtro,,3,0,3,3,0,3,0,0,0,0,1
94948,rafvdvaart,,2,0,2,2,0,2,0,0,0,0,2
94951,UnaiEmery_,,2,0,2,2,0,2,0,0,0,0,5
94952,fredhermel,,3,0,3,3,0,3,0,0,0,0,5
94955,_CristianGrey,,2,0,2,2,0,2,0,0,0,0,6
94958,PabloCazorla9,,2,0,2,2,0,2,0,0,0,0,5
94962,MotivacionesF,,3,0,3,3,0,3,0,0,0,0,5
94967,trecet,,2,0,2,2,0,2,0,0,0,0,5
94971,MarioSuarez4,,3,0,3,3,0,3,0,0,0,0,0
94972,thibautcourtois,,3,0,3,3,0,3,0,0,0,0,6
94976,CarmeBarcelo,,4,0,4,4,0,4,0,0,0,0,5
94992,Hattrick,,2,0,2,2,0,2,0,0,0,0,5
94993,GandiaShore,,2,0,2,2,0,2,0,0,0,0,5
94994,melero90,,2,0,2,2,0,2,0,0,0,0,5
94995,Jota_Vent,,2,0,2,2,0,2,0,0,0,0,6
94996,adrian7oficial,,3,0,3,3,0,3,0,0,0,0,0
95002,AytodeCazorla,,2,0,2,2,0,2,0,0,0,0,0
95015,columnazero,,2,0,2,2,0,2,0,0,0,0,0
95019,DavidFerrer87,,3,0,3,3,0,3,0,0,0,0,0
95020,tonifreixa,,2,0,2,2,0,2,0,0,0,0,3
95021,21LVA,,3,0,3,3,0,3,0,0,0,0,5
95027,_NoTieneGracia_,,2,0,2,2,0,2,0,0,0,0,5
95047,chisti29,,3,0,3,3,0,3,0,0,0,0,6
95054,Miguelrp94,,2,0,2,2,0,2,0,0,0,0,5
95056,FSBala,,2,0,2,2,0,2,0,0,0,0,6
95060,SexenioMX,,3,0,3,3,0,3,0,0,0,0,5
95061,AnaViciana,,2,0,2,2,0,2,0,0,0,0,5
95065,AlejandroDelg32,,2,0,2,2,0,2,0,0,0,0,5
95070,manucarreno,,3,0,3,3,0,3,0,0,0,0,5
95076,srbanquero,,2,0,2,2,0,2,0,0,0,0,0
95081,R_Albiol,,4,0,4,4,0,4,0,0,0,0,6
95085,DesmotivacionF,,3,0,3,3,0,3,0,0,0,0,6
95086,ManoloLama1,,2,0,2,2,0,2,0,0,0,0,5
95087,lsgrcbd,,2,0,2,2,0,2,0,0,0,0,0
95101,usainbolt,,3,0,3,3,0,3,0,0,0,0,2
95104,albertocontador,,3,0,3,3,0,3,0,0,0,0,5
95105,santicanizares,,3,0,3,3,0,3,0,0,0,0,2
95106,michaelrobinson,,3,0,3,3,0,3,0,0,0,0,0
95113,CarlChinchilla,,2,0,2,2,0,2,0,0,0,0,5
95125,AnaMorenoBayona,,2,0,2,2,0,2,0,0,0,0,5
95157,LuisaPunzano,,2,0,2,2,0,2,0,0,0,0,5
95173,NachitoTV,,3,0,3,3,0,3,0,0,0,0,5
95174,JDamiann,,2,0,2,2,0,2,0,0,0,0,5
95175,R9Soldado,,3,0,3,3,0,3,0,0,0,0,5
95176,julia_bgo,,2,0,2,2,0,2,0,0,0,0,6
95178,albiya_3,,2,0,2,2,0,2,0,0,0,0,6
95183,Pelifuego_,,2,0,2,2,0,2,0,0,0,0,5
95192,DJPaulyD,,2,0,2,2,0,2,0,0,0,0,5
95210,issp2017,,2,0,2,2,0,2,0,0,0,0,0
95226,karateyalgomas,,2,0,2,2,0,2,0,0,0,0,0
95235,chrishoy,,2,0,2,2,0,2,0,0,0,0,2
95240,Psych_Writer,,2,0,2,2,0,2,0,0,0,0,0
95248,PsychCentral,,2,0,2,2,0,2,0,0,0,0,4
95334,BeaCorrales,,2,0,2,2,0,2,0,0,0,0,5
95344,evusa91,,2,0,2,2,0,2,0,0,0,0,0
95375,Enbienestarp,,2,0,2,2,0,2,0,0,0,0,4
95376,arossell10,,2,0,2,2,0,2,0,0,0,0,0
95377,AGM_Educacion,,2,0,2,2,0,2,0,0,0,0,2
95380,ReinasdelDeport,,2,0,2,2,0,2,0,0,0,0,2
95383,Pirriesgrima,,2,0,2,2,0,2,0,0,0,0,2
95418,becaspodium,,2,0,2,2,0,2,0,0,0,0,6
95430,javierfernandez,,3,0,3,3,0,3,0,0,0,0,0
95436,SoniaaL,,2,0,2,2,0,2,0,0,0,0,0
95439,base_villaverde,,2,0,2,2,0,2,0,0,0,0,0
95465,londoncyclist,,2,0,2,2,0,2,0,0,0,0,0
95471,bikeradar,,2,0,2,2,0,2,0,0,0,0,0
95472,BicyclingMag,,2,0,2,2,0,2,0,0,0,0,7
95474,velonews,,2,0,2,2,0,2,0,0,0,0,0
95475,britishswimming,,2,0,2,2,0,2,0,0,0,0,2
95486,HuechMoka,,3,0,3,3,0,3,0,0,0,0,0
95494,victoria1039fm,,2,0,2,2,0,2,0,0,0,0,0
95496,TourofBritain,,2,0,2,2,0,2,0,0,0,0,0
95498,BritishCycling,,2,0,2,2,0,2,0,0,0,0,0
95499,ReachOutIRL,,2,0,2,2,0,2,0,0,0,0,1
95502,ywirl,,2,0,2,2,0,2,0,0,0,0,0
95503,Foroige,,3,0,3,3,0,3,0,0,0,0,1
95506,unicdc,,3,0,3,3,0,3,0,0,0,0,2
95507,Journal_UN_ONU,,3,0,3,3,0,3,0,0,0,0,2
95509,UNMediaLiaison,,3,0,3,3,0,3,0,0,0,0,0
95514,karineteow,,2,0,2,2,0,2,0,0,0,0,0
95515,newhumanitarian,,2,0,2,2,0,2,0,0,0,0,2
95516,UNCERF,,3,0,3,3,0,3,0,0,0,0,0
95517,reliefweb,,4,0,4,4,0,4,0,0,0,0,2
95518,IWGWomenSport,,2,0,2,2,0,2,0,0,0,0,2
95521,CarolePonchon,,2,0,2,2,0,2,0,0,0,0,0
95523,h_pekkola,,2,0,2,2,0,2,0,0,0,0,0
95526,UWALibrary,,2,0,2,2,0,2,0,0,0,0,0
95527,nevavu,,3,0,3,3,0,3,0,0,0,0,0
95536,SamWallaceTel,,2,0,2,2,0,2,0,0,0,0,2
95537,_PaulHayward,,3,0,3,3,0,3,0,0,0,0,2
95539,DTathletic,,3,0,3,3,0,3,0,0,0,0,2
95540,OllieHolt22,,2,0,2,2,0,2,0,0,0,0,2
95541,DickinsonTimes,,2,0,2,2,0,2,0,0,0,0,2
95543,OliverKay,,2,0,2,2,0,2,0,0,0,0,2
95545,Lawton_Times,,2,0,2,2,0,2,0,0,0,0,2
95546,David_Ornstein,,2,0,2,2,0,2,0,0,0,0,2
95547,henrywinter,,4,0,4,4,0,4,0,0,0,0,2
95548,neilashton_,,3,0,3,3,0,3,0,0,0,0,2
95549,Miguel_Ardanuy,,3,0,3,3,0,3,0,0,0,0,0
95551,SunSport,,2,0,2,2,0,2,0,0,0,0,0
95552,johncrossmirror,,2,0,2,2,0,2,0,0,0,0,2
95553,TheSunFootball,,2,0,2,2,0,2,0,0,0,0,0
95559,EEAMFEDME,,2,0,2,2,0,2,0,0,0,0,0
95560,TeleFootball,,2,0,2,2,0,2,0,0,0,0,0
95563,TelegraphSport,,2,0,2,2,0,2,0,0,0,0,0
95565,guardian_sport,,3,0,3,3,0,3,0,0,0,0,0
95567,BarriPdmx,,2,0,2,2,0,2,0,0,0,0,0
95571,RubenGude,,2,0,2,2,0,2,0,0,0,0,0
95584,voltereta0,,2,0,2,2,0,2,0,0,0,0,0
95585,FisioSportMad,,2,0,2,2,0,2,0,0,0,0,0
95594,infobioquimica,,2,0,2,2,0,2,0,0,0,0,0
95596,carlos_mascias,,2,0,2,2,0,2,0,0,0,0,0
95605,Juegos_EF,,2,0,2,2,0,2,0,0,0,0,5
95608,COLEFGalicia,,2,0,2,2,0,2,0,0,0,0,0
95609,Macias1500,,2,0,2,2,0,2,0,0,0,0,0
95619,HMHOSPITALES,,2,0,2,2,0,2,0,0,0,0,0
95627,YouthSportTrust,,2,0,2,2,0,2,0,0,0,0,2
95639,DeporteAdvisor,,2,0,2,2,0,2,0,0,0,0,0
95642,fcd_uex,,3,0,3,3,0,3,0,0,0,0,5
95644,fedme_es,,3,0,3,3,0,3,0,0,0,0,0
95646,BadmintonESP,,3,0,3,3,0,3,0,0,0,0,5
95648,iusport,,4,0,4,4,0,4,0,0,0,0,0
95652,psastre9,,2,0,2,2,0,2,0,0,0,0,0
95654,mjshrimper,,2,0,2,2,0,2,0,0,0,0,2
95655,Farmaceuticos_,,3,0,3,3,0,3,0,0,0,0,4
95660,mcmartinh,,2,0,2,2,0,2,0,0,0,0,0
95670,Juan_Guti,,2,0,2,2,0,2,0,0,0,0,0
95675,RFECiclismo,,2,0,2,2,0,2,0,0,0,0,0
95679,NoDopingInSport,,2,0,2,2,0,2,0,0,0,0,2
95694,ConsejoCOLEF,,2,0,2,2,0,2,0,0,0,0,0
95698,JLPerezTrivino,,3,0,3,3,0,3,0,0,0,0,0
95704,Cienfuegos90,,2,0,2,2,0,2,0,0,0,0,0
95705,WangConnection,,2,0,2,2,0,2,0,0,0,0,0
95706,EFEyDeporte,,3,0,3,3,0,3,0,0,0,0,0
95710,juanmacorre,,2,0,2,2,0,2,0,0,0,0,0
95713,belencycling,,2,0,2,2,0,2,0,0,0,0,0
95733,AntiDopajeGuate,,2,0,2,2,0,2,0,0,0,0,0
95741,antidopajeven,,2,0,2,2,0,2,0,0,0,0,0
95743,alyelmo,,2,0,2,2,0,2,0,0,0,0,0
95744,bertafolch,,2,0,2,2,0,2,0,0,0,0,0
95745,RFEBS,,2,0,2,2,0,2,0,0,0,0,0
95746,rfeEsgrima,,2,0,2,2,0,2,0,0,0,0,2
95747,RFEGimnasia,,2,0,2,2,0,2,0,0,0,0,0
95750,RFEKarate,,2,0,2,2,0,2,0,0,0,0,0
95751,RFEN_directo,,2,0,2,2,0,2,0,0,0,0,0
95752,FEPyC,,2,0,2,2,0,2,0,0,0,0,0
95757,FESurfing_,,3,0,3,3,0,3,0,0,0,0,1
95758,RFETenis,,2,0,2,2,0,2,0,0,0,0,0
95759,rfedeto,,3,0,3,3,0,3,0,0,0,0,0
95762,atletismoRFEA,,2,0,2,2,0,2,0,0,0,0,5
95767,ukantidoping,,2,0,2,2,0,2,0,0,0,0,2
95771,inefmadrid,,2,0,2,2,0,2,0,0,0,0,0
95772,AEPSAD,,2,0,2,2,0,2,0,0,0,0,0
95775,MarAbad,,2,0,2,2,0,2,0,0,0,0,5
95781,NagoreSuarez,,2,0,2,2,0,2,0,0,0,0,5
95783,LauraRdondo,,2,0,2,2,0,2,0,0,0,0,5
95791,CrystalMethyd,,3,0,3,3,0,3,0,0,0,0,5
95806,Genius,,2,0,2,2,0,2,0,0,0,0,0
95812,scienceshitpost,,2,0,2,2,0,2,0,0,0,0,5
95817,cateterdoblej,,2,0,2,2,0,2,0,0,0,0,5
95819,fateuser,,2,0,2,2,0,2,0,0,0,0,5
95820,manuchao,,3,0,3,3,0,3,0,0,0,0,5
95821,mariapuntoes,,2,0,2,2,0,2,0,0,0,0,5
95824,Arezno,,2,0,2,2,0,2,0,0,0,0,6
95825,lalenguamoderna,,2,0,2,2,0,2,0,0,0,0,5
95827,mpuigdefabregas,,2,0,2,2,0,2,0,0,0,0,5
95829,aliciagmontano,,2,0,2,2,0,2,0,0,0,0,5
95830,almaguionistas,,2,0,2,2,0,2,0,0,0,0,5
95834,TheOnion,,3,0,3,3,0,3,0,0,0,0,2
95839,losbasureros,,2,0,2,2,0,2,0,0,0,0,5
95843,danielguzman,,3,0,3,3,0,3,0,0,0,0,5
95850,Jose_Gamiz,,3,0,3,3,0,3,0,0,0,0,5
95864,becarioenhoth,,2,0,2,2,0,2,0,0,0,0,5
95866,juancarlosmohr,,2,0,2,2,0,2,0,0,0,0,5
95867,Gabriela_Schz,,3,0,3,3,0,3,0,0,0,0,5
95870,fcomunav,,3,0,3,3,0,3,0,0,0,0,5
95877,LunaMetropoli,,3,0,3,3,0,3,0,0,0,0,5
95881,fanetin,,3,0,3,3,0,3,0,0,0,0,6
95882,TheNotoriousMMA,,3,0,3,3,0,3,0,0,0,0,5
95885,Cristobaal23,,2,0,2,2,0,2,0,0,0,0,5
95887,apuente,,2,0,2,2,0,2,0,0,0,0,5
95889,Nataliaa_rc,,2,0,2,2,0,2,0,0,0,0,5
95890,anitaapee,,2,0,2,2,0,2,0,0,0,0,6
95892,ChinaRealTime,,2,0,2,2,0,2,0,0,0,0,2
95895,surianna,,2,0,2,2,0,2,0,0,0,0,5
95896,elpais_gente,,3,0,3,3,0,3,0,0,0,0,5
95903,filmaniakos,,2,0,2,2,0,2,0,0,0,0,6
95907,TaboadaLucia,,2,0,2,2,0,2,0,0,0,0,5
95912,CotilleosUGR,,2,0,2,2,0,2,0,0,0,0,5
95913,Davidit1296,,2,0,2,2,0,2,0,0,0,0,5
95914,Laura_Cervilla,,2,0,2,2,0,2,0,0,0,0,5
95923,Albapfranco,,2,0,2,2,0,2,0,0,0,0,5
95924,mariampe19,,2,0,2,2,0,2,0,0,0,0,5
95925,MaryPelayo26,,2,0,2,2,0,2,0,0,0,0,5
95926,Aymanuemanue,,2,0,2,2,0,2,0,0,0,0,6
95936,LaRessecreto,,2,0,2,2,0,2,0,0,0,0,5
95944,CrapTaxidermy,,2,0,2,2,0,2,0,0,0,0,2
95946,LOSVANDELAY,,2,0,2,2,0,2,0,0,0,0,5
95947,ElAfricanito,,2,0,2,2,0,2,0,0,0,0,5
95949,lwtuaznar,,2,0,2,2,0,2,0,0,0,0,6
95955,ochentaycuatro,,2,0,2,2,0,2,0,0,0,0,5
95956,Online_moda7,,2,0,2,2,0,2,0,0,0,0,5
95957,Thisisnotporn,,2,0,2,2,0,2,0,0,0,0,2
95959,ChavelaVargas,,2,0,2,2,0,2,0,0,0,0,5
95965,efe_material,,3,0,3,3,0,3,0,0,0,0,5
95970,ecobandmusic,,2,0,2,2,0,2,0,0,0,0,3
95974,OhMyPepis,,3,0,3,3,0,3,0,0,0,0,5
95980,molgh,,2,0,2,2,0,2,0,0,0,0,5
95981,UberFacts,,3,0,3,3,0,3,0,0,0,0,5
95998,CarlosLanga,,2,0,2,2,0,2,0,0,0,0,5
96004,topaciofresh,,3,0,3,3,0,3,0,0,0,0,5
96010,QueLeer,,3,0,3,3,0,3,0,0,0,0,5
96024,laflashistoria,,2,0,2,2,0,2,0,0,0,0,5
96050,comoestaelmund0,,3,0,3,3,0,3,0,0,0,0,5
96055,PalmierWatch,,2,0,2,2,0,2,0,0,0,0,5
96056,lyona_ivanova,,2,0,2,2,0,2,0,0,0,0,6
96071,Jordi_Cohen,,2,0,2,2,0,2,0,0,0,0,5
96076,salamusic,,2,0,2,2,0,2,0,0,0,0,5
96083,Garzari,,4,0,4,4,0,4,0,0,0,0,6
96085,JAVIERCAMARA1,,3,0,3,3,0,3,0,0,0,0,4
96114,alexeikurkovski,,2,0,2,2,0,2,0,0,0,0,5
96120,columpioasesino,,3,0,3,3,0,3,0,0,0,0,6
96134,Sabinacanalla,,3,0,3,3,0,3,0,0,0,0,5
96135,xoanycarlos,,2,0,2,2,0,2,0,0,0,0,3
96170,Matttneuf,,2,0,2,2,0,2,0,0,0,0,3
96212,JABBAWOCKEEZ,,2,0,2,2,0,2,0,0,0,0,2
96213,SLQH,,2,0,2,2,0,2,0,0,0,0,5
96214,killersrituals,,4,0,4,4,0,4,0,0,0,0,5
96215,espinof_com,,3,0,3,3,0,3,0,0,0,0,5
96220,PAtlantida,,2,0,2,2,0,2,0,0,0,0,0
96225,MariaHigueras90,,2,0,2,2,0,2,0,0,0,0,0
96236,UgrCampus,,2,0,2,2,0,2,0,0,0,0,0
96248,madresfera,,3,0,3,3,0,3,0,0,0,0,0
96255,AprenderJuntos_,,2,0,2,2,0,2,0,0,0,0,0
96256,vanitatis,,3,0,3,3,0,3,0,0,0,0,0
96257,albamaria_alba,,2,0,2,2,0,2,0,0,0,0,0
96263,Langui_Oficial,,3,0,3,3,0,3,0,0,0,0,0
96265,tomasitooficial,,3,0,3,3,0,3,0,0,0,0,0
96266,Mariaescote,,3,0,3,3,0,3,0,0,0,0,0
96267,yo_dona,,3,0,3,3,0,3,0,0,0,0,0
96269,LaOtraCronica,,2,0,2,2,0,2,0,0,0,0,0
96271,gracia95_,,2,0,2,2,0,2,0,0,0,0,0
96274,cachitos_tve,,2,0,2,2,0,2,0,0,0,0,0
96279,JaisielMS,,2,0,2,2,0,2,0,0,0,0,0
96291,dguerreroramos,,2,0,2,2,0,2,0,0,0,0,0
96302,ciudadanaalsur,,3,0,3,3,0,3,0,0,0,0,0
96305,WebCaa,,4,0,4,4,0,4,0,0,0,0,0
96308,ErnestoSevill17,,2,0,2,2,0,2,0,0,0,0,0
96310,creandoredes,,3,0,3,3,0,3,0,0,0,0,0
96312,TantarasFilm,,2,0,2,2,0,2,0,0,0,0,0
96313,mardodo,,2,0,2,2,0,2,0,0,0,0,0
96315,SpaceIbiza,,3,0,3,3,0,3,0,0,0,0,0
96316,programaplan_A,,2,0,2,2,0,2,0,0,0,0,0
96317,ushuaiaibiza,,3,0,3,3,0,3,0,0,0,0,0
96321,Musicosxlavega,,3,0,3,3,0,3,0,0,0,0,0
96323,newsontuiter,,2,0,2,2,0,2,0,0,0,0,0
96324,covita666,,2,0,2,2,0,2,0,0,0,0,0
96326,HombresG,,2,0,2,2,0,2,0,0,0,0,0
96329,MarceFX,,2,0,2,2,0,2,0,0,0,0,0
96330,JavisocoA,,3,0,3,3,0,3,0,0,0,0,0
96333,PaWeL_Vellido,,2,0,2,2,0,2,0,0,0,0,0
96335,cafeteria_etsie,,3,0,3,3,0,3,0,0,0,0,6
96338,RisketosByRisi,,2,0,2,2,0,2,0,0,0,0,6
96339,SteelSeriesES,,2,0,2,2,0,2,0,0,0,0,6
96340,4Frags,,2,0,2,2,0,2,0,0,0,0,6
96341,playfulbet,,3,0,3,3,0,3,0,0,0,0,6
96345,JUEGOSPS3333,,2,0,2,2,0,2,0,0,0,0,5
96347,activatie,,2,0,2,2,0,2,0,0,0,0,6
96350,YOmaligno,,2,0,2,2,0,2,0,0,0,0,6
96351,Pronosticos_pre,,2,0,2,2,0,2,0,0,0,0,6
96353,Alessio_Tag,,2,0,2,2,0,2,0,0,0,0,3
96354,BuenCholloES,,3,0,3,3,0,3,0,0,0,0,6
96356,FrancisBV_5,,2,0,2,2,0,2,0,0,0,0,3
96357,JovenesAT,,3,0,3,3,0,3,0,0,0,0,6
96367,enviaMaletas,,3,0,3,3,0,3,0,0,0,0,4
96368,InterescuelasIE,,2,0,2,2,0,2,0,0,0,0,6
96374,AlbaGarcia03,,3,0,3,3,0,3,0,0,0,0,6
96375,Copea_Derecho,,3,0,3,3,0,3,0,0,0,0,0
96379,Paopirata,,3,0,3,3,0,3,0,0,0,0,4
96385,masalmeriacom,,2,0,2,2,0,2,0,0,0,0,6
96386,LauPerlis,,2,0,2,2,0,2,0,0,0,0,0
96388,Laura_Cubillana,,2,0,2,2,0,2,0,0,0,0,0
96390,jd_inegioboss,,3,0,3,3,0,3,0,0,0,0,7
96395,Charlesbrau9,,3,0,3,3,0,3,0,0,0,0,6
96399,PlaylaLiga,,2,0,2,2,0,2,0,0,0,0,6
96400,VideosVineENG,,3,0,3,3,0,3,0,0,0,0,6
96403,annabel_mj,,2,0,2,2,0,2,0,0,0,0,6
96405,juanmiii8,,2,0,2,2,0,2,0,0,0,0,6
96406,bat2go,,2,0,2,2,0,2,0,0,0,0,5
96407,gem_almeria,,2,0,2,2,0,2,0,0,0,0,6
96408,Almeria_VAVEL,,2,0,2,2,0,2,0,0,0,0,6
96409,ElenaFarrugia,,2,0,2,2,0,2,0,0,0,0,0
96410,BrbaraRT,,2,0,2,2,0,2,0,0,0,0,0
96411,el_sumario,,2,0,2,2,0,2,0,0,0,0,6
96412,Fichajes_futbol,,3,0,3,3,0,3,0,0,0,0,6
96413,chiquivena,,2,0,2,2,0,2,0,0,0,0,0
96414,M0tivacionesF,,3,0,3,3,0,3,0,0,0,0,6
96415,CaboGataSanJose,,2,0,2,2,0,2,0,0,0,0,6
96416,GranaEnBus,,4,0,4,4,0,4,0,0,0,0,6
96417,cjcarreras57,,2,0,2,2,0,2,0,0,0,0,6
96423,OscarUrendez,,2,0,2,2,0,2,0,0,0,0,6
96424,bearevelles,,2,0,2,2,0,2,0,0,0,0,6
96425,Escobeti,,2,0,2,2,0,2,0,0,0,0,6
96436,eldolardiario,,3,0,3,3,0,3,0,0,0,0,6
96438,AzucarOle,,2,0,2,2,0,2,0,0,0,0,6
96439,AitanaCliment,,3,0,3,3,0,3,0,0,0,0,0
96440,LaNocheJoseMota,,2,0,2,2,0,2,0,0,0,0,6
96441,Colmenero,,3,0,3,3,0,3,0,0,0,0,6
96445,roland_gc,,2,0,2,2,0,2,0,0,0,0,6
96448,Veronica14G,,2,0,2,2,0,2,0,0,0,0,6
96451,Crisgcolorado,,2,0,2,2,0,2,0,0,0,0,6
96455,Alex10_ac,,2,0,2,2,0,2,0,0,0,0,6
96457,ElenaLoPor,,3,0,3,3,0,3,0,0,0,0,6
96459,pien_girl,,3,0,3,3,0,3,0,0,0,0,6
96473,ArtxShop,,3,0,3,3,0,3,0,0,0,0,6
96475,PrivilegeParty1,,5,0,5,5,0,5,0,0,0,0,6
96477,InfoFiestaAlmer,,2,0,2,2,0,2,0,0,0,0,6
96480,andresyko1,,2,0,2,2,0,2,0,0,0,0,6
96482,8Callejon,,2,0,2,2,0,2,0,0,0,0,5
96485,maritjimenezz,,2,0,2,2,0,2,0,0,0,0,6
96487,Deportes_ETSIE,,2,0,2,2,0,2,0,0,0,0,6
96488,Mario_Barranco,,2,0,2,2,0,2,0,0,0,0,6
96489,ana92cervera,,2,0,2,2,0,2,0,0,0,0,6
96501,EduE92,,3,0,3,3,0,3,0,0,0,0,6
96507,niTanTukky,,2,0,2,2,0,2,0,0,0,0,6
96523,ViviMa5,,2,0,2,2,0,2,0,0,0,0,6
96533,StephanieMarces,,2,0,2,2,0,2,0,0,0,0,7
96536,ClubbingBloc,,2,0,2,2,0,2,0,0,0,0,6
96540,snooki,,3,0,3,3,0,3,0,0,0,0,5
96547,AlbaG_G,,3,0,3,3,0,3,0,0,0,0,6
96549,SitaLaura,,2,0,2,2,0,2,0,0,0,0,6
96551,carlitos_j93,,2,0,2,2,0,2,0,0,0,0,2
96553,apalabrados,,2,0,2,2,0,2,0,0,0,0,6
96557,Fran_Glopez,,2,0,2,2,0,2,0,0,0,0,6
96559,madreenfurecida,,3,0,3,3,0,3,0,0,0,0,6
96562,mariinalop,,2,0,2,2,0,2,0,0,0,0,6
96564,EhEhFran,,2,0,2,2,0,2,0,0,0,0,5
96567,AlexMartinDj,,3,0,3,3,0,3,0,0,0,0,6
96569,CurroVerdegay,,3,0,3,3,0,3,0,0,0,0,4
96574,COPEAalmeria,,3,0,3,3,0,3,0,0,0,0,5
96576,RRPPBribon,,2,0,2,2,0,2,0,0,0,0,6
96577,Bribones_Ent,,3,0,3,3,0,3,0,0,0,0,6
96578,PabloSanchez182,,2,0,2,2,0,2,0,0,0,0,6
96580,AlmerEnfurecida,,3,0,3,3,0,3,0,0,0,0,5
96581,cote_gguirao,,2,0,2,2,0,2,0,0,0,0,6
96583,NoeliaCarrin,,3,0,3,3,0,3,0,0,0,0,6
96584,SheilaClavijos,,2,0,2,2,0,2,0,0,0,0,5
96586,suremprex,,2,0,2,2,0,2,0,0,0,0,6
96588,comunioES,,3,0,3,3,0,3,0,0,0,0,5
96593,NachoFdezGzal,,2,0,2,2,0,2,0,0,0,0,6
96595,nurisahin,,3,0,3,3,0,3,0,0,0,0,6
96600,RominaBelluscio,,3,0,3,3,0,3,0,0,0,0,6
96606,MiriamAmat,,3,0,3,3,0,3,0,0,0,0,2
96608,RemeLaImpulsiva,,2,0,2,2,0,2,0,0,0,0,5
96611,mary_latorre,,2,0,2,2,0,2,0,0,0,0,0
96613,Puedepasar_,,3,0,3,3,0,3,0,0,0,0,1
96629,medeapoma,,2,0,2,2,0,2,0,0,0,0,4
96635,GlobalSpotlight,,2,0,2,2,0,2,0,0,0,0,0
96644,soyingridbeck,,2,0,2,2,0,2,0,0,0,0,0
96646,fetcheves,,3,0,3,3,0,3,0,0,0,0,0
96657,LUISANREGLERO,,2,0,2,2,0,2,0,0,0,0,0
96668,malepichot,,2,0,2,2,0,2,0,0,0,0,0
96670,jorgeramosnews,,2,0,2,2,0,2,0,0,0,0,2
96671,RossiAgustinOk,,2,0,2,2,0,2,0,0,0,0,0
96672,abuelasdifusion,,2,0,2,2,0,2,0,0,0,0,0
96673,felipe_sola,,2,0,2,2,0,2,0,0,0,0,0
96674,FilmusDaniel,,2,0,2,2,0,2,0,0,0,0,0
96675,luisnovaresio,,2,0,2,2,0,2,0,0,0,0,0
96676,gcba,,3,0,3,3,0,3,0,0,0,0,2
96677,horaciorlarreta,,2,0,2,2,0,2,0,0,0,0,0
96678,batransito,,2,0,2,2,0,2,0,0,0,0,0
96687,carfergue,,2,0,2,2,0,2,0,0,0,0,0
96689,Rev_Comunicar,,2,0,2,2,0,2,0,0,0,0,0
96690,RevComunicacion,,2,0,2,2,0,2,0,0,0,0,0
96691,IndexComu,,2,0,2,2,0,2,0,0,0,0,0
96692,juanRa_Martin,,3,0,3,3,0,3,0,0,0,0,0
96695,AfricaDirecto,,2,0,2,2,0,2,0,0,0,0,4
96697,GomezFont,,2,0,2,2,0,2,0,0,0,0,0
96700,balletnacional,,2,0,2,2,0,2,0,0,0,0,0
96709,YonyiArenas,,2,0,2,2,0,2,0,0,0,0,3
96710,ecogallego,,2,0,2,2,0,2,0,0,0,0,4
96713,LifeIntemares,,2,0,2,2,0,2,0,0,0,0,4
96715,OlmoCalvo,,2,0,2,2,0,2,0,0,0,0,6
96716,HipHopNacidos,,2,0,2,2,0,2,0,0,0,0,0
96732,EFEverdeCOP,,2,0,2,2,0,2,0,0,0,0,0
96734,juralde,,3,0,3,3,0,3,0,0,0,0,0
96740,alexpuig,,2,0,2,2,0,2,0,0,0,0,0
96747,alfonsomarquezf,,3,0,3,3,0,3,0,0,0,0,6
96749,cibermonfi,,2,0,2,2,0,2,0,0,0,0,0
96761,edversatil,,2,0,2,2,0,2,0,0,0,0,4
96765,AlejandroPedreg,,2,0,2,2,0,2,0,0,0,0,0
96766,viajespasado,,2,0,2,2,0,2,0,0,0,0,0
96773,RaquelLanseros,,2,0,2,2,0,2,0,0,0,0,0
96774,fernandomarias,,2,0,2,2,0,2,0,0,0,0,0
96778,RadioViajera,,2,0,2,2,0,2,0,0,0,0,0
96779,javigomezTV,,2,0,2,2,0,2,0,0,0,0,5
96780,lourdesmaldonad,,2,0,2,2,0,2,0,0,0,0,8
96781,Vero_Zuma,,2,0,2,2,0,2,0,0,0,0,0
96794,Nata297,,2,0,2,2,0,2,0,0,0,0,0
96796,EFEescuela,,2,0,2,2,0,2,0,0,0,0,0
96798,empatuits,,2,0,2,2,0,2,0,0,0,0,0
96802,LaBebeBellota,,2,0,2,2,0,2,0,0,0,0,0
96805,AraMalikian,,3,0,3,3,0,3,0,0,0,0,6
96809,Matoses,,3,0,3,3,0,3,0,0,0,0,0
96810,TragaViajes,,3,0,3,3,0,3,0,0,0,0,0
96811,danikeral,,3,0,3,3,0,3,0,0,0,0,0
96812,viajaelmundo,,2,0,2,2,0,2,0,0,0,0,0
96815,anikovillalba,,2,0,2,2,0,2,0,0,0,0,0
96818,SevillaSwing,,2,0,2,2,0,2,0,0,0,0,0
96819,osisterjazz,,2,0,2,2,0,2,0,0,0,0,0
96821,CafeBerlinMad,,3,0,3,3,0,3,0,0,0,0,0
96822,avillarejo,,2,0,2,2,0,2,0,0,0,0,0
96823,lgarcia,,2,0,2,2,0,2,0,0,0,0,0
96826,iamgreenfield,,2,0,2,2,0,2,0,0,0,0,2
96828,New_GirlTV,,2,0,2,2,0,2,0,0,0,0,6
96829,PK2noticiosos,,2,0,2,2,0,2,0,0,0,0,0
96830,carmelodifazio,,2,0,2,2,0,2,0,0,0,0,0
96831,jjblanquer,,2,0,2,2,0,2,0,0,0,0,0
96833,travel,,3,0,3,3,0,3,0,0,0,0,4
96837,AlabedBana,,3,0,3,3,0,3,0,0,0,0,3
96838,pciudadano,,2,0,2,2,0,2,0,0,0,0,0
96839,academiafirway,,2,0,2,2,0,2,0,0,0,0,5
96840,JRMora,,2,0,2,2,0,2,0,0,0,0,4
96842,_IreneVilla_,,3,0,3,3,0,3,0,0,0,0,5
96847,psfcwb,,2,0,2,2,0,2,0,0,0,0,0
96849,planvex,,3,0,3,3,0,3,0,0,0,0,0
96859,Viajesancecilio,,2,0,2,2,0,2,0,0,0,0,0
96865,CampusEUSA,,3,0,3,3,0,3,0,0,0,0,0
96868,cipocompany,,2,0,2,2,0,2,0,0,0,0,0
96869,muhimu_es,,2,0,2,2,0,2,0,0,0,0,0
96870,co_granada16,,2,0,2,2,0,2,0,0,0,0,0
96871,Salud_Culturas,,2,0,2,2,0,2,0,0,0,0,0
96875,MicasaRevista,,2,0,2,2,0,2,0,0,0,0,0
96876,mipuf,,3,0,3,3,0,3,0,0,0,0,0
96878,JUANGARPMUSIC,,2,0,2,2,0,2,0,0,0,0,0
96879,alvaroSantos,,3,0,3,3,0,3,0,0,0,0,0
96881,liliantintori,,3,0,3,3,0,3,0,0,0,0,5
96882,CentraldeComuni,,3,0,3,3,0,3,0,0,0,0,6
96883,JuntaEx_Cultura,,2,0,2,2,0,2,0,0,0,0,0
96892,PilarCebrian,,2,0,2,2,0,2,0,0,0,0,0
96894,LozanoMabel,,3,0,3,3,0,3,0,0,0,0,0
96896,rojas1977,,2,0,2,2,0,2,0,0,0,0,0
96899,australian_way,,2,0,2,2,0,2,0,0,0,0,7
96906,cabreradavid,,2,0,2,2,0,2,0,0,0,0,5
96911,rosameneses10,,2,0,2,2,0,2,0,0,0,0,4
96912,EmilioMorenatti,,2,0,2,2,0,2,0,0,0,0,0
96915,93metros,,2,0,2,2,0,2,0,0,0,0,0
96916,DavidBeriain,,2,0,2,2,0,2,0,0,0,0,0
96917,javi_tobajas,,2,0,2,2,0,2,0,0,0,0,6
96918,LeticiaAtenas,,2,0,2,2,0,2,0,0,0,0,0
96926,ReutersWorld,,2,0,2,2,0,2,0,0,0,0,0
96939,DavidSotoIT,,2,0,2,2,0,2,0,0,0,0,3
96950,F_de_Flow,,2,0,2,2,0,2,0,0,0,0,6
96953,CHURRUCAANTIQUE,,2,0,2,2,0,2,0,0,0,0,6
96955,nzherald,,2,0,2,2,0,2,0,0,0,0,2
96958,PureNewZealand,,3,0,3,3,0,3,0,0,0,0,7
96960,peygc,,2,0,2,2,0,2,0,0,0,0,1
96963,manuelconde11,,2,0,2,2,0,2,0,0,0,0,0
96964,cpelestudiante,,2,0,2,2,0,2,0,0,0,0,0
96965,startupsmansion,,3,0,3,3,0,3,0,0,0,0,4
96967,DESCUBREBADAJOZ,,2,0,2,2,0,2,0,0,0,0,0
96977,lead_motiv,,2,0,2,2,0,2,0,0,0,0,0
96979,LaMirilla19,,2,0,2,2,0,2,0,0,0,0,0
96980,amovens,,3,0,3,3,0,3,0,0,0,0,5
96983,educagenios,,3,0,3,3,0,3,0,0,0,0,0
96987,davidgarciagil,,2,0,2,2,0,2,0,0,0,0,0
96993,ChatNoirBadajoz,,2,0,2,2,0,2,0,0,0,0,0
97002,MAVazquez22,,2,0,2,2,0,2,0,0,0,0,0
97033,PublicitarioFUU,,2,0,2,2,0,2,0,0,0,0,0
97039,PaulaGaramendi,,2,0,2,2,0,2,0,0,0,0,0
97066,threkk,,2,0,2,2,0,2,0,0,0,0,0
97068,Juanje10Ayala,,2,0,2,2,0,2,0,0,0,0,5
97073,ManuelStefano19,,2,0,2,2,0,2,0,0,0,0,6
97077,domestikaempleo,,3,0,3,3,0,3,0,0,0,0,0
97081,CosasDeCharly,,2,0,2,2,0,2,0,0,0,0,3
97086,JorgeJavierSanz,,2,0,2,2,0,2,0,0,0,0,0
97087,Avirgili,,3,0,3,3,0,3,0,0,0,0,4
97089,lauralofer,,2,0,2,2,0,2,0,0,0,0,0
97094,Cannes_Lions,,3,0,3,3,0,3,0,0,0,0,2
97098,cancorodriguez,,3,0,3,3,0,3,0,0,0,0,0
97103,madewithlof,,2,0,2,2,0,2,0,0,0,0,0
97104,ElSolFestival,,3,0,3,3,0,3,0,0,0,0,0
97106,New_wave_,,2,0,2,2,0,2,0,0,0,0,0
97107,weloveadvert,,3,0,3,3,0,3,0,0,0,0,5
97108,citasfamosasES,,2,0,2,2,0,2,0,0,0,0,0
97113,btob_words,,2,0,2,2,0,2,0,0,0,0,0
97115,MKTINTELLIGENCE,,3,0,3,3,0,3,0,0,0,0,2
97116,ZumoDeMarketing,,2,0,2,2,0,2,0,0,0,0,2
97117,crisleal92,,2,0,2,2,0,2,0,0,0,0,0
97122,JoseLuisEsteo,,2,0,2,2,0,2,0,0,0,0,0
97131,superagencia86,,2,0,2,2,0,2,0,0,0,0,0
97133,FdMONTOYA,,2,0,2,2,0,2,0,0,0,0,0
97137,GreySpain,,3,0,3,3,0,3,0,0,0,0,2
97138,agenciakitchen,,2,0,2,2,0,2,0,0,0,0,0
97139,glojimnez,,2,0,2,2,0,2,0,0,0,0,4
97142,Making_Science_,,3,0,3,3,0,3,0,0,0,0,2
97145,revistactrl,,3,0,3,3,0,3,0,0,0,0,0
97146,BraisMan83,,2,0,2,2,0,2,0,0,0,0,6
97147,NoticiasBadajoz,,2,0,2,2,0,2,0,0,0,0,0
97153,tapasandtweets,,3,0,3,3,0,3,0,0,0,0,0
97154,creativecloud,,3,0,3,3,0,3,0,0,0,0,0
97157,fer_delosrios,,2,0,2,2,0,2,0,0,0,0,0
97171,AnabellaPLN,,2,0,2,2,0,2,0,0,0,0,0
97173,PatriCabezas,,2,0,2,2,0,2,0,0,0,0,3
97179,CreatividadPub,,2,0,2,2,0,2,0,0,0,0,4
97191,Conunpardebotas,,2,0,2,2,0,2,0,0,0,0,0
97192,marinota,,3,0,3,3,0,3,0,0,0,0,4
97197,iriaraxa,,2,0,2,2,0,2,0,0,0,0,0
97198,pitertwitt,,3,0,3,3,0,3,0,0,0,0,0
97199,RafaHeredia,,2,0,2,2,0,2,0,0,0,0,0
97209,mejorteatro,,2,0,2,2,0,2,0,0,0,0,0
97210,CVUEx,,3,0,3,3,0,3,0,0,0,0,5
97214,FNCAgua,,3,0,3,3,0,3,0,0,0,0,6
97216,aguaresiduales,,2,0,2,2,0,2,0,0,0,0,5
97224,Sergio_Oya,,3,0,3,3,0,3,0,0,0,0,6
97227,UAiuaca,,2,0,2,2,0,2,0,0,0,0,6
97228,iambiente,,5,0,5,5,0,5,0,0,0,0,4
97233,degravol,,2,0,2,2,0,2,0,0,0,0,6
97273,susanacast,,3,0,3,3,0,3,0,0,0,0,0
97274,Nutrition_Legal,,2,0,2,2,0,2,0,0,0,0,0
97276,Veronica_GarMo,,2,0,2,2,0,2,0,0,0,0,6
97279,desantiagoro,,3,0,3,3,0,3,0,0,0,0,6
97282,CEUAndalucia,,3,0,3,3,0,3,0,0,0,0,1
97283,AranguezTasia,,2,0,2,2,0,2,0,0,0,0,4
97284,CiberlawyerA,,2,0,2,2,0,2,0,0,0,0,6
97285,prog17retos,,2,0,2,2,0,2,0,0,0,0,6
97286,CeroPlasticos,,2,0,2,2,0,2,0,0,0,0,6
97290,amingorance11,,2,0,2,2,0,2,0,0,0,0,1
97296,CatedraUgr,,2,0,2,2,0,2,0,0,0,0,6
97301,economiadelagua,,2,0,2,2,0,2,0,0,0,0,6
97308,aqualia,,2,0,2,2,0,2,0,0,0,0,6
97318,suezES,,2,0,2,2,0,2,0,0,0,0,6
97322,IMazuecos,,2,0,2,2,0,2,0,0,0,0,6
97338,rafaelamargo,,3,0,3,3,0,3,0,0,0,0,0
97343,sefh_,,2,0,2,2,0,2,0,0,0,0,6
97344,FAlvarezOssorio,,2,0,2,2,0,2,0,0,0,0,0
97348,MdMontanes,,2,0,2,2,0,2,0,0,0,0,6
97353,federcon,,3,0,3,3,0,3,0,0,0,0,6
97363,genperspectiva,,2,0,2,2,0,2,0,0,0,0,6
97364,emmiurq,,2,0,2,2,0,2,0,0,0,0,6
97368,DeustoResearch,,2,0,2,2,0,2,0,0,0,0,6
97369,UNEDDENIA,,2,0,2,2,0,2,0,0,0,0,6
97375,vicgonzalezr,,3,0,3,3,0,3,0,0,0,0,6
97377,_OrtegaVictoria,,2,0,2,2,0,2,0,0,0,0,6
97378,Inidress,,2,0,2,2,0,2,0,0,0,0,6
97379,MazuecoSport,,2,0,2,2,0,2,0,0,0,0,6
97380,LuisCazorlaGS,,2,0,2,2,0,2,0,0,0,0,6
97381,CeutitaAn,,2,0,2,2,0,2,0,0,0,0,6
97383,todojuristas,,2,0,2,2,0,2,0,0,0,0,6
97385,Videodica,,3,0,3,3,0,3,0,0,0,0,6
97388,ObservatorioGE,,2,0,2,2,0,2,0,0,0,0,6
97392,Derechodeporte,,2,0,2,2,0,2,0,0,0,0,6
97399,TalentsPharma,,2,0,2,2,0,2,0,0,0,0,6
97403,bioderecho_eu,,2,0,2,2,0,2,0,0,0,0,6
97405,jmfluque,,2,0,2,2,0,2,0,0,0,0,6
97408,mmgarciacaba,,2,0,2,2,0,2,0,0,0,0,6
97409,JoZurBay,,2,0,2,2,0,2,0,0,0,0,6
97412,psimoneasp,,2,0,2,2,0,2,0,0,0,0,6
97425,javierlatorrem,,2,0,2,2,0,2,0,0,0,0,6
97429,icaib,,2,0,2,2,0,2,0,0,0,0,6
97431,AJAValencia,,3,0,3,3,0,3,0,0,0,0,1
97433,BCNLegalGroup,,2,0,2,2,0,2,0,0,0,0,6
97435,ForoJusticia,,2,0,2,2,0,2,0,0,0,0,6
97439,saludenlared,,3,0,3,3,0,3,0,0,0,0,4
97442,febuma,,2,0,2,2,0,2,0,0,0,0,6
97448,Trabajosextranj,,2,0,2,2,0,2,0,0,0,0,6
97449,adsuara,,2,0,2,2,0,2,0,0,0,0,0
97452,maiteazules,,2,0,2,2,0,2,0,0,0,0,6
97455,davidjessect,,2,0,2,2,0,2,0,0,0,0,6
97456,AsesoriaAna,,2,0,2,2,0,2,0,0,0,0,6
97457,Luislafp,,2,0,2,2,0,2,0,0,0,0,0
97458,jcctudela,,3,0,3,3,0,3,0,0,0,0,6
97461,Salud_Online,,3,0,3,3,0,3,0,0,0,0,4
97462,FrauFra,,2,0,2,2,0,2,0,0,0,0,1
97464,GDomenechP,,2,0,2,2,0,2,0,0,0,0,6
97465,salascarceller1,,2,0,2,2,0,2,0,0,0,0,6
97468,JoaquinGuzmanMV,,2,0,2,2,0,2,0,0,0,0,4
97476,diariofarma,,2,0,2,2,0,2,0,0,0,0,6
97479,moresocial_es,,2,0,2,2,0,2,0,0,0,0,6
97480,Farmaindustria,,2,0,2,2,0,2,0,0,0,0,6
97481,CFarmaceutico,,3,0,3,3,0,3,0,0,0,0,6
97484,iloveclicks,,3,0,3,3,0,3,0,0,0,0,0
97485,LPemprende,,2,0,2,2,0,2,0,0,0,0,6
97486,2aOpJur,,2,0,2,2,0,2,0,0,0,0,6
97487,AbogadoAmigo,,2,0,2,2,0,2,0,0,0,0,6
97488,ArticoSLL,,2,0,2,2,0,2,0,0,0,0,6
97492,jose_acb,,2,0,2,2,0,2,0,0,0,0,6
97494,ETJinfo,,2,0,2,2,0,2,0,0,0,0,6
97495,LTCompliance,,2,0,2,2,0,2,0,0,0,0,6
97498,dlcarballo,,2,0,2,2,0,2,0,0,0,0,6
97499,JAdrianArgente,,2,0,2,2,0,2,0,0,0,0,6
97500,Mariquilla9L,,2,0,2,2,0,2,0,0,0,0,6
97501,CESCO_UCLM,,3,0,3,3,0,3,0,0,0,0,6
97502,delitosI,,2,0,2,2,0,2,0,0,0,0,0
97506,AbogadoenEspana,,2,0,2,2,0,2,0,0,0,0,6
97508,ConsejoGestores,,3,0,3,3,0,3,0,0,0,0,6
97521,anacatalina_g,,2,0,2,2,0,2,0,0,0,0,6
97523,CDigital2015,,2,0,2,2,0,2,0,0,0,0,0
97524,AbogUniversal,,2,0,2,2,0,2,0,0,0,0,6
97525,braulioantunya,,2,0,2,2,0,2,0,0,0,0,6
97527,CarlosCarnicer,,2,0,2,2,0,2,0,0,0,0,6
97528,aguaespejo,,2,0,2,2,0,2,0,0,0,0,6
97531,S_deslactosada,,3,0,3,3,0,3,0,0,0,0,0
97537,marcos_torress,,2,0,2,2,0,2,0,0,0,0,6
97538,PolitologasGR,,2,0,2,2,0,2,0,0,0,0,6
97540,nawianita,,2,0,2,2,0,2,0,0,0,0,6
97541,mell___5,,3,0,3,3,0,3,0,0,0,0,6
97542,hyperbolemag,,3,0,3,3,0,3,0,0,0,0,6
97543,andres_m_o,,3,0,3,3,0,3,0,0,0,0,6
97546,AEJJuristas,,3,0,3,3,0,3,0,0,0,0,6
97548,Eupharlaw,,2,0,2,2,0,2,0,0,0,0,6
97550,LoveTupperModa,,2,0,2,2,0,2,0,0,0,0,6
97552,ucagranada,,2,0,2,2,0,2,0,0,0,0,6
97555,jlorentegrx,,2,0,2,2,0,2,0,0,0,0,6
97559,MutuaAbogacia,,3,0,3,3,0,3,0,0,0,0,6
97560,Abogacia_es_ue,,3,0,3,3,0,3,0,0,0,0,6
97561,M_Angel_Moreno,,2,0,2,2,0,2,0,0,0,0,6
97562,BerbelAbogados,,2,0,2,2,0,2,0,0,0,0,6
97563,Distortiongirl_,,2,0,2,2,0,2,0,0,0,0,6
97567,JoseJaFreer,,2,0,2,2,0,2,0,0,0,0,6
97571,eellak,,2,0,2,2,0,2,0,0,0,0,1
97576,OficialCostanzo,,2,0,2,2,0,2,0,0,0,0,1
97577,watify,,3,0,3,3,0,3,0,0,0,0,1
97579,MaurizioMa,,2,0,2,2,0,2,0,0,0,0,1
97585,Euro_Montessori,,2,0,2,2,0,2,0,0,0,0,1
97590,Curriki,,2,0,2,2,0,2,0,0,0,0,1
97593,JobSearchGB,,3,0,3,3,0,3,0,0,0,0,7
97594,JobSearchDE,,2,0,2,2,0,2,0,0,0,0,7
97595,JobSearchEU,,3,0,3,3,0,3,0,0,0,0,1
97596,EDICOuterHeb,,4,0,4,4,0,4,0,0,0,0,1
97606,_SLU,,3,0,3,3,0,3,0,0,0,0,1
97607,karolinskainst,,3,0,3,3,0,3,0,0,0,0,0
97609,TrelleborgSe,,2,0,2,2,0,2,0,0,0,0,1
97615,sodertorn,,2,0,2,2,0,2,0,0,0,0,4
97617,HogskolanSkovde,,3,0,3,3,0,3,0,0,0,0,1
97620,Akademikerna,,2,0,2,2,0,2,0,0,0,0,1
97633,malardalen_uni,,2,0,2,2,0,2,0,0,0,0,1
97634,University_West,,3,0,3,3,0,3,0,0,0,0,1
97635,Mittuni,,3,0,3,3,0,3,0,0,0,0,1
97636,BTHinformation,,2,0,2,2,0,2,0,0,0,0,1
97637,HogskolanHstd,,3,0,3,3,0,3,0,0,0,0,1
97639,stuff_liu,,2,0,2,2,0,2,0,0,0,0,1
97640,MalmoUniversity,,3,0,3,3,0,3,0,0,0,0,1
97641,malmouni,,3,0,3,3,0,3,0,0,0,0,1
97642,liu_universitet,,3,0,3,3,0,3,0,0,0,0,1
97643,uniofgothenburg,,3,0,3,3,0,3,0,0,0,0,1
97653,DigitalSkillsES,,2,0,2,2,0,2,0,0,0,0,1
97660,janellekorm,,2,0,2,2,0,2,0,0,0,0,1
97662,GiuseppeRaudino,,2,0,2,2,0,2,0,0,0,0,2
97663,edcraiova,,2,0,2,2,0,2,0,0,0,0,1
97671,ESN_IE_Projects,,3,0,3,3,0,3,0,0,0,0,1
97672,figueroba8,,2,0,2,2,0,2,0,0,0,0,3
97674,VBregovac,,3,0,3,3,0,3,0,0,0,0,3
97682,kopelitsa,,3,0,3,3,0,3,0,0,0,0,7
97684,QuentinArmanv,,3,0,3,3,0,3,0,0,0,0,3
97689,Wilmer981,,3,0,3,3,0,3,0,0,0,0,6
97693,paspas23,,2,0,2,2,0,2,0,0,0,0,1
97694,AuroraCominetti,,3,0,3,3,0,3,0,0,0,0,3
97695,AntonShalala,,3,0,3,3,0,3,0,0,0,0,3
97699,romain_basle,,2,0,2,2,0,2,0,0,0,0,1
97700,ForneroLeslie,,2,0,2,2,0,2,0,0,0,0,1
97701,edi_wien,,3,0,3,3,0,3,0,0,0,0,1
97702,EDIC_ERT,,3,0,3,3,0,3,0,0,0,0,1
97704,pde_rwg,,2,0,2,2,0,2,0,0,0,0,1
97708,V_Meletaki,,3,0,3,3,0,3,0,0,0,0,7
97714,cezariuli,,2,0,2,2,0,2,0,0,0,0,1
97715,Alejandra_gp1,,2,0,2,2,0,2,0,0,0,0,1
97716,GeorgeBursuc,,2,0,2,2,0,2,0,0,0,0,1
97717,goncalvestiago,,2,0,2,2,0,2,0,0,0,0,1
97718,geozro,,2,0,2,2,0,2,0,0,0,0,1
97719,SaliGiorgadze,,3,0,3,3,0,3,0,0,0,0,2
97727,StevenBenoit18,,2,0,2,2,0,2,0,0,0,0,1
97731,EDIC_Coslada,,4,0,4,4,0,4,0,0,0,0,1
97733,MaisondelEurope,,4,0,4,4,0,4,0,0,0,0,1
97753,SlideShare,,4,0,4,4,0,4,0,0,0,0,2
97762,ViliamHainz,,2,0,2,2,0,2,0,0,0,0,1
97763,UniAlliance,,3,0,3,3,0,3,0,0,0,0,1
97764,ColinTueck,,2,0,2,2,0,2,0,0,0,0,1
97765,Martin__Unger,,3,0,3,3,0,3,0,0,0,0,1
97766,esnahighered,,3,0,3,3,0,3,0,0,0,0,3
97767,HEDDAhighered,,3,0,3,3,0,3,0,0,0,0,7
97769,natacarbonell,,2,0,2,2,0,2,0,0,0,0,1
97771,S_Cris_,,3,0,3,3,0,3,0,0,0,0,0
97772,lidionotarobert,,2,0,2,2,0,2,0,0,0,0,3
97773,Jorindetimmer,,2,0,2,2,0,2,0,0,0,0,1
97774,yann_dot_me,,2,0,2,2,0,2,0,0,0,0,1
97775,LeslieFarinas,,2,0,2,2,0,2,0,0,0,0,1
97776,just_elenah,,2,0,2,2,0,2,0,0,0,0,1
97777,raluca_ordean,,2,0,2,2,0,2,0,0,0,0,1
97778,EFBrussels,,3,0,3,3,0,3,0,0,0,0,1
97779,edusharing,,2,0,2,2,0,2,0,0,0,0,1
97803,MartaPL92,,2,0,2,2,0,2,0,0,0,0,3
97805,valeriamilli,,2,0,2,2,0,2,0,0,0,0,1
97810,MarcoZeo1,,2,0,2,2,0,2,0,0,0,0,3
97814,emiliojose62,,2,0,2,2,0,2,0,0,0,0,5
97825,EURESCzechRepub,,2,0,2,2,0,2,0,0,0,0,1
97834,OpenupSLO,,2,0,2,2,0,2,0,0,0,0,1
97851,EP_Riga,,2,0,2,2,0,2,0,0,0,0,1
97852,OgnianZlatev,,2,0,2,2,0,2,0,0,0,0,1
97856,EP_Bulgaria,,3,0,3,3,0,3,0,0,0,0,1
97857,ECinBulgaria,,2,0,2,2,0,2,0,0,0,0,1
97858,YFJ_Employment,,2,0,2,2,0,2,0,0,0,0,1
97861,OnlineEd_TCD,,2,0,2,2,0,2,0,0,0,0,1
97865,ECOmooc,,2,0,2,2,0,2,0,0,0,0,4
97866,coursera,,5,0,5,5,0,5,0,0,0,0,8
97867,impacthubzurich,,2,0,2,2,0,2,0,0,0,0,1
97869,EURESNederland,,3,0,3,3,0,3,0,0,0,0,1
97872,EuresMalta,,4,0,4,4,0,4,0,0,0,0,1
97873,OpenUniversity,,3,0,3,3,0,3,0,0,0,0,1
97874,gconole,,2,0,2,2,0,2,0,0,0,0,1
97880,KairosEuropeLtd,,3,0,3,3,0,3,0,0,0,0,1
97888,InfoAMFI,,2,0,2,2,0,2,0,0,0,0,1
97898,Project668,,4,0,4,4,0,4,0,0,0,0,1
97904,JudyFriedberg,,2,0,2,2,0,2,0,0,0,0,1
97905,UoLondon,,2,0,2,2,0,2,0,0,0,0,7
97908,EuroacademiaFr,,3,0,3,3,0,3,0,0,0,0,1
97911,SamorzadPG,,3,0,3,3,0,3,0,0,0,0,1
97914,stypendiaUJ,,2,0,2,2,0,2,0,0,0,0,1
97919,EUkomissio,,2,0,2,2,0,2,0,0,0,0,1
97920,EP_Suomi,,3,0,3,3,0,3,0,0,0,0,1
97921,EP_Eesti,,3,0,3,3,0,3,0,0,0,0,1
97922,EP_Lietuva,,3,0,3,3,0,3,0,0,0,0,1
97927,educamadrid,,2,0,2,2,0,2,0,0,0,0,5
97928,CRIFAcacias,,2,0,2,2,0,2,0,0,0,0,1
97929,worldyoutho,,2,0,2,2,0,2,0,0,0,0,1
97950,OER_Hub,,3,0,3,3,0,3,0,0,0,0,7
97952,LBCulture,,2,0,2,2,0,2,0,0,0,0,1
97954,dlearningEU,,2,0,2,2,0,2,0,0,0,0,1
97955,CEPIS_Europe,,2,0,2,2,0,2,0,0,0,0,1
97956,alexajoyce,,2,0,2,2,0,2,0,0,0,0,1
97958,ict2018eu,,2,0,2,2,0,2,0,0,0,0,1
97961,TalentMatchLDN,,3,0,3,3,0,3,0,0,0,0,1
97964,YoungLondonWork,,2,0,2,2,0,2,0,0,0,0,1
97965,EdWeekTeacher,,3,0,3,3,0,3,0,0,0,0,1
97972,chronicle,,3,0,3,3,0,3,0,0,0,0,1
97977,YouRockJobs,,2,0,2,2,0,2,0,0,0,0,1
97978,ian_cli,,2,0,2,2,0,2,0,0,0,0,1
97979,AllDigitalEU,,2,0,2,2,0,2,0,0,0,0,7
97986,creativeengland,,2,0,2,2,0,2,0,0,0,0,1
97990,CIPD,,3,0,3,3,0,3,0,0,0,0,1
97995,NationalCareers,,3,0,3,3,0,3,0,0,0,0,1
97997,LearningGuild,,2,0,2,2,0,2,0,0,0,0,1
98001,ofqual,,2,0,2,2,0,2,0,0,0,0,1
98005,notgoingtouni,,3,0,3,3,0,3,0,0,0,0,1
98013,Channel4Skills,,2,0,2,2,0,2,0,0,0,0,1
98019,tes,,3,0,3,3,0,3,0,0,0,0,1
98020,elearnindustry,,3,0,3,3,0,3,0,0,0,0,1
98021,LondonYouth,,3,0,3,3,0,3,0,0,0,0,1
98023,eLearngraphic,,2,0,2,2,0,2,0,0,0,0,1
98024,YEUK2012,,2,0,2,2,0,2,0,0,0,0,1
98025,elearningfeeds,,2,0,2,2,0,2,0,0,0,0,1
98026,GetMyFirstJob,,2,0,2,2,0,2,0,0,0,0,1
98027,worldskillsuk,,2,0,2,2,0,2,0,0,0,0,1
98032,ESFAgov,,2,0,2,2,0,2,0,0,0,0,1
98039,EducationScot,,2,0,2,2,0,2,0,0,0,0,1
98047,tele_education,,3,0,3,3,0,3,0,0,0,0,1
98061,Bruneluni,,3,0,3,3,0,3,0,0,0,0,1
98070,JEP_EHD,,3,0,3,3,0,3,0,0,0,0,1
98071,Croatia_hr,,3,0,3,3,0,3,0,0,0,0,1
98072,tvStudenthr,,2,0,2,2,0,2,0,0,0,0,1
98074,FlixBus,,3,0,3,3,0,3,0,0,0,0,1
98075,IrishTimes,,2,0,2,2,0,2,0,0,0,0,6
98076,Independent_ie,,2,0,2,2,0,2,0,0,0,0,6
98077,thejournal_ie,,2,0,2,2,0,2,0,0,0,0,6
98078,rtenews,,3,0,3,3,0,3,0,0,0,0,6
98079,aaroadwatch,,2,0,2,2,0,2,0,0,0,0,6
98081,MetEireann,,2,0,2,2,0,2,0,0,0,0,1
98082,NHC_Atlantic,,2,0,2,2,0,2,0,0,0,0,6
98085,muyhistoria,,2,0,2,2,0,2,0,0,0,0,6
98086,Historiassegund,,2,0,2,2,0,2,0,0,0,0,6
98089,WW2enimagenes,,2,0,2,2,0,2,0,0,0,0,6
98090,Batallasdguerra,,2,0,2,2,0,2,0,0,0,0,6
98102,vice_spain,,3,0,3,3,0,3,0,0,0,0,6
98103,lapodcastfera,,2,0,2,2,0,2,0,0,0,0,6
98107,ivoox,,2,0,2,2,0,2,0,0,0,0,6
98108,RamonFdezEs,,2,0,2,2,0,2,0,0,0,0,6
98109,ICano14,,2,0,2,2,0,2,0,0,0,0,6
98110,CarniceroDavid,,2,0,2,2,0,2,0,0,0,0,6
98111,Jose_Ajero,,2,0,2,2,0,2,0,0,0,0,6
98112,nikolaloncar,,2,0,2,2,0,2,0,0,0,0,6
98116,AntonLofer,,2,0,2,2,0,2,0,0,0,0,6
98117,Rubentonces,,2,0,2,2,0,2,0,0,0,0,6
98119,isaacfcorrales,,2,0,2,2,0,2,0,0,0,0,6
98120,DanteCaro,,2,0,2,2,0,2,0,0,0,0,6
98125,rc5migue,,2,0,2,2,0,2,0,0,0,0,6
98126,Aiinooa7,,2,0,2,2,0,2,0,0,0,0,6
98130,SalimosPorGrana,,5,0,5,5,0,5,0,0,0,0,0
98131,fiestasmaxium,,2,0,2,2,0,2,0,0,0,0,6
98133,MariaMcg_98,,2,0,2,2,0,2,0,0,0,0,6
98137,dunia_1510,,2,0,2,2,0,2,0,0,0,0,6
98139,almogocha,,2,0,2,2,0,2,0,0,0,0,6
98144,VadeShelby,,2,0,2,2,0,2,0,0,0,0,6
98150,AndreaBueno198,,2,0,2,2,0,2,0,0,0,0,6
98152,juliago8,,3,0,3,3,0,3,0,0,0,0,6
98153,DameCarotte,,2,0,2,2,0,2,0,0,0,0,6
98155,IsraFB,,3,0,3,3,0,3,0,0,0,0,6
98162,Pascuall94,,2,0,2,2,0,2,0,0,0,0,6
98164,RafaTramezzini,,4,0,4,4,0,4,0,0,0,0,6
98169,RRPPSGRANADA,,2,0,2,2,0,2,0,0,0,0,6
98170,EntradasGranada,,3,0,3,3,0,3,0,0,0,0,3
98171,ListaSalawow,,2,0,2,2,0,2,0,0,0,0,0
98173,PartyHandGr,,3,0,3,3,0,3,0,0,0,0,3
98174,EventosGrana,,2,0,2,2,0,2,0,0,0,0,6
98175,RealejoCopas,,3,0,3,3,0,3,0,0,0,0,6
98176,PlaymobilClub,,5,0,5,5,0,5,0,0,0,0,6
98177,EngranadosTV,,4,0,4,4,0,4,0,0,0,0,6
98178,PubGRANERO,,4,0,4,4,0,4,0,0,0,0,6
98183,JrrppGra,,3,0,3,3,0,3,0,0,0,0,6
98184,luxuryexp_gr,,3,0,3,3,0,3,0,0,0,0,0
98185,Rrpp_granada_fr,,2,0,2,2,0,2,0,0,0,0,6
98186,Granada__Party,,5,0,5,5,0,5,0,0,0,0,6
98187,PartyGranada,,3,0,3,3,0,3,0,0,0,0,4
98188,ForumTapas,,3,0,3,3,0,3,0,0,0,0,0
98189,GranadaEduardo,,2,0,2,2,0,2,0,0,0,0,6
98190,Tapeo_Granada,,3,0,3,3,0,3,0,0,0,0,6
98192,SalaPrincipe,,2,0,2,2,0,2,0,0,0,0,6
98194,Nochegranada,,3,0,3,3,0,3,0,0,0,0,6
98195,erasmus_granada,,3,0,3,3,0,3,0,0,0,0,6
98196,ErasmusSU,,4,0,4,4,0,4,0,0,0,0,6
98197,ErasmusGrana,,4,0,4,4,0,4,0,0,0,0,6
98205,MesCasaEncarna,,2,0,2,2,0,2,0,0,0,0,5
98212,prodigitales,,2,0,2,2,0,2,0,0,0,0,6
98214,volvocarse,,2,0,2,2,0,2,0,0,0,0,1
98216,frasesdetrading,,2,0,2,2,0,2,0,0,0,0,4
98218,MatiDiazWarrior,,3,0,3,3,0,3,0,0,0,0,5
98219,fernandopoggi,,2,0,2,2,0,2,0,0,0,0,5
98220,JuanMartin_Diaz,,3,0,3,3,0,3,0,0,0,0,5
98235,TurismosDigasa,,2,0,2,2,0,2,0,0,0,0,5
98246,estugrada,,3,0,3,3,0,3,0,0,0,0,0
98249,martinjuanjo,,3,0,3,3,0,3,0,0,0,0,5
98255,decoasports,,2,0,2,2,0,2,0,0,0,0,5
98258,Lukita_Moudrik,,2,0,2,2,0,2,0,0,0,0,6
98260,11alexruiz,,2,0,2,2,0,2,0,0,0,0,5
98261,alvarocepero,,2,0,2,2,0,2,0,0,0,0,5
98264,NeoattackAgency,,3,0,3,3,0,3,0,0,0,0,5
98266,Kiko_Cerezuela,,2,0,2,2,0,2,0,0,0,0,5
98269,mejorespalas,,2,0,2,2,0,2,0,0,0,0,4
98270,padelpatriots,,2,0,2,2,0,2,0,0,0,0,4
98272,TrabajosCCC,,4,0,4,4,0,4,0,0,0,0,0
98274,EurosportTV_ES,,3,0,3,3,0,3,0,0,0,0,0
98276,PadelNetwork,,2,0,2,2,0,2,0,0,0,0,5
98278,CentroAbiertoGR,,4,0,4,4,0,4,0,0,0,0,0
98279,anabelpump,,2,0,2,2,0,2,0,0,0,0,4
98281,LTAPadel,,2,0,2,2,0,2,0,0,0,0,5
98283,Padel_Challenge,,2,0,2,2,0,2,0,0,0,0,5
98284,jimdo_es,,3,0,3,3,0,3,0,0,0,0,5
98287,Aquarius_Esp,,3,0,3,3,0,3,0,0,0,0,5
98290,instapadel_ES,,2,0,2,2,0,2,0,0,0,0,0
98293,Pablomovellan,,2,0,2,2,0,2,0,0,0,0,5
98294,luciamtnezpadel,,2,0,2,2,0,2,0,0,0,0,0
98297,Caro_Gago,,2,0,2,2,0,2,0,0,0,0,5
98298,PadelPremium,,2,0,2,2,0,2,0,0,0,0,0
98299,VismeApp,,2,0,2,2,0,2,0,0,0,0,5
98300,clubelcandado,,2,0,2,2,0,2,0,0,0,0,5
98302,AmatePablo,,4,0,4,4,0,4,0,0,0,0,5
98305,valencia_open,,3,0,3,3,0,3,0,0,0,0,5
98307,Raul_CocaCola,,2,0,2,2,0,2,0,0,0,0,5
98309,AnaJ_CocaCola,,2,0,2,2,0,2,0,0,0,0,0
98312,SergioTacchiniS,,2,0,2,2,0,2,0,0,0,0,5
98313,GabyReca,,2,0,2,2,0,2,0,0,0,0,5
98314,gemmatriay,,2,0,2,2,0,2,0,0,0,0,0
98315,majosalayeto,,2,0,2,2,0,2,0,0,0,0,5
98316,MapiSAlayeto,,3,0,3,3,0,3,0,0,0,0,5
98318,GoProES,,3,0,3,3,0,3,0,0,0,0,5
98327,ctinformacion,,2,0,2,2,0,2,0,0,0,0,0
98328,JuanmaFerrer,,2,0,2,2,0,2,0,0,0,0,5
98329,danimacks,,2,0,2,2,0,2,0,0,0,0,6
98336,JUNtoalDEPORTE,,2,0,2,2,0,2,0,0,0,0,5
98338,OscarBorras,,2,0,2,2,0,2,0,0,0,0,0
98356,Prince_Tennis,,2,0,2,2,0,2,0,0,0,0,2
98358,Dunloptenis_es,,2,0,2,2,0,2,0,0,0,0,5
98365,dappscreative,,4,0,4,4,0,4,0,0,0,0,6
98376,AtmosferaGrana,,4,0,4,4,0,4,0,0,0,0,0
98380,mtemprano,,2,0,2,2,0,2,0,0,0,0,5
98389,PadelClasGranad,,2,0,2,2,0,2,0,0,0,0,5
98390,A_PastorMorales,,2,0,2,2,0,2,0,0,0,0,5
98393,abc_deportes,,2,0,2,2,0,2,0,0,0,0,0
98394,EstJoseValverde,,5,0,5,5,0,5,0,0,0,0,4
98395,SaludEnGranada,,3,0,3,3,0,3,0,0,0,0,0
98396,TiempoenGranada,,3,0,3,3,0,3,0,0,0,0,5
98400,CMFuned,,3,0,3,3,0,3,0,0,0,0,1
98402,FrancisFdez_,,2,0,2,2,0,2,0,0,0,0,5
98407,deportescope,,3,0,3,3,0,3,0,0,0,0,5
98419,arsenismash,,2,0,2,2,0,2,0,0,0,0,0
98428,AngelRuizMunoz,,2,0,2,2,0,2,0,0,0,0,5
98441,adrprez,,2,0,2,2,0,2,0,0,0,0,5
98443,martinsolveig,,3,0,3,3,0,3,0,0,0,0,6
98445,ClubdeCampoJaen,,2,0,2,2,0,2,0,0,0,0,0
98451,miguelrodrigocs,,2,0,2,2,0,2,0,0,0,0,5
98483,carlos_a_n_p,,2,0,2,2,0,2,0,0,0,0,6
98498,andsantamarina,,2,0,2,2,0,2,0,0,0,0,6
98517,Euutp,,3,0,3,3,0,3,0,0,0,0,5
98521,93_hernandez,,3,0,3,3,0,3,0,0,0,0,5
98530,EdudeBustos,,2,0,2,2,0,2,0,0,0,0,0
98534,victoriagracia,,3,0,3,3,0,3,0,0,0,0,5
98535,javierestevezr,,2,0,2,2,0,2,0,0,0,0,6
98536,Rollolove,,2,0,2,2,0,2,0,0,0,0,0
98550,MTorresMolina,,2,0,2,2,0,2,0,0,0,0,0
98566,edumember,,2,0,2,2,0,2,0,0,0,0,5
98581,GalloPadel,,3,0,3,3,0,3,0,0,0,0,5
98582,sergioteniss,,2,0,2,2,0,2,0,0,0,0,5
98584,RRHidalgo,,2,0,2,2,0,2,0,0,0,0,0
98585,migueltojar,,2,0,2,2,0,2,0,0,0,0,5
98591,M_Jaimez,,2,0,2,2,0,2,0,0,0,0,6
98592,FranciLozano,,2,0,2,2,0,2,0,0,0,0,6
98593,mmarjona,,2,0,2,2,0,2,0,0,0,0,0
98594,DeportesDerecho,,3,0,3,3,0,3,0,0,0,0,0
98596,teresamartinb,,2,0,2,2,0,2,0,0,0,0,6
98600,Tecnisello_,,4,0,4,4,0,4,0,0,0,0,0
98601,ElvisBocchetti,,2,0,2,2,0,2,0,0,0,0,6
98604,HLC0,,2,0,2,2,0,2,0,0,0,0,6
98611,tpadel100gr,,2,0,2,2,0,2,0,0,0,0,0
98616,DaniJuanele,,2,0,2,2,0,2,0,0,0,0,6
98617,Make09grx,,2,0,2,2,0,2,0,0,0,0,5
98618,Alvarovarito25,,2,0,2,2,0,2,0,0,0,0,6
98619,casaruralpadel_,,2,0,2,2,0,2,0,0,0,0,0
98622,Guillesanchez03,,3,0,3,3,0,3,0,0,0,0,6
98625,Maricruzgs21,,2,0,2,2,0,2,0,0,0,0,6
98629,nonosev11,,2,0,2,2,0,2,0,0,0,0,6
98633,janigisbert,,2,0,2,2,0,2,0,0,0,0,5
98636,palas_padel,,2,0,2,2,0,2,0,0,0,0,4
98641,RCPoloBarcelona,,2,0,2,2,0,2,0,0,0,0,5
98645,Jorge68_alvarez,,2,0,2,2,0,2,0,0,0,0,5
98647,Javi_Escalante,,2,0,2,2,0,2,0,0,0,0,5
98649,GranadaTP,,4,0,4,4,0,4,0,0,0,0,6
98650,willycastanon,,2,0,2,2,0,2,0,0,0,0,5
98651,Lu1sma,,3,0,3,3,0,3,0,0,0,0,5
98652,MiniOil1,,4,0,4,4,0,4,0,0,0,0,6
98655,mkirilenko,,2,0,2,2,0,2,0,0,0,0,5
98657,ChefDanyAlvarez,,3,0,3,3,0,3,0,0,0,0,0
98658,NBEspanol,,2,0,2,2,0,2,0,0,0,0,5
98659,padelworldpress,,2,0,2,2,0,2,0,0,0,0,5
98661,pattytxu,,2,0,2,2,0,2,0,0,0,0,5
98664,martita_ortega,,3,0,3,3,0,3,0,0,0,0,5
98665,adidas_padel,,3,0,3,3,0,3,0,0,0,0,5
98667,ariadnarandua,,2,0,2,2,0,2,0,0,0,0,5
98671,marketingdeport,,3,0,3,3,0,3,0,0,0,0,5
98672,MktDeportivo,,2,0,2,2,0,2,0,0,0,0,5
98675,JavierZamoraMPD,,2,0,2,2,0,2,0,0,0,0,5
98676,SportsMkForum,,2,0,2,2,0,2,0,0,0,0,5
98677,mk_deportivo,,2,0,2,2,0,2,0,0,0,0,5
98678,antoniolacasa,,2,0,2,2,0,2,0,0,0,0,5
98680,MiguelFCastilla,,2,0,2,2,0,2,0,0,0,0,0
98681,RestVoleaySet,,2,0,2,2,0,2,0,0,0,0,5
98683,martamarreromar,,2,0,2,2,0,2,0,0,0,0,5
98685,GuilleSalatino,,2,0,2,2,0,2,0,0,0,0,2
98701,SunsetPadel,,2,0,2,2,0,2,0,0,0,0,5
98704,COAATCADIZ,,2,0,2,2,0,2,0,0,0,0,5
98706,jonieva,,2,0,2,2,0,2,0,0,0,0,5
98707,VARLIONBRAND,,3,0,3,3,0,3,0,0,0,0,5
98708,padelparatodos,,2,0,2,2,0,2,0,0,0,0,5
98709,HisPadelFrance,,2,0,2,2,0,2,0,0,0,0,5
98715,gonzalezzarzo,,2,0,2,2,0,2,0,0,0,0,0
98716,Padelgood,,2,0,2,2,0,2,0,0,0,0,5
98718,Edujdom,,2,0,2,2,0,2,0,0,0,0,5
98728,clubdecampogr,,3,0,3,3,0,3,0,0,0,0,0
98731,ricuraaaa,,3,0,3,3,0,3,0,0,0,0,6
98735,fisiojimenez,,2,0,2,2,0,2,0,0,0,0,5
98738,soniabrav,,3,0,3,3,0,3,0,0,0,0,3
98739,sedagranada,,2,0,2,2,0,2,0,0,0,0,6
98743,patiplata,,2,0,2,2,0,2,0,0,0,0,0
98746,soniagranada1,,2,0,2,2,0,2,0,0,0,0,6
98747,PadelN,,2,0,2,2,0,2,0,0,0,0,5
98749,davidlopezgar,,2,0,2,2,0,2,0,0,0,0,0
98750,mayee687,,2,0,2,2,0,2,0,0,0,0,5
98758,edgaztelu,,2,0,2,2,0,2,0,0,0,0,0
98768,Rafapv7,,2,0,2,2,0,2,0,0,0,0,5
98769,JuanRicoRuiz,,2,0,2,2,0,2,0,0,0,0,6
98774,Statusbrew,,4,0,4,4,0,4,0,0,0,0,6
98777,padelolimpico,,2,0,2,2,0,2,0,0,0,0,5
98778,GIPHY,,3,0,3,3,0,3,0,0,0,0,0
98781,VideosPadel,,2,0,2,2,0,2,0,0,0,0,5
98790,Canizares1883,,2,0,2,2,0,2,0,0,0,0,0
98795,miguemoya2410,,2,0,2,2,0,2,0,0,0,0,6
98797,elSofaGroup,,2,0,2,2,0,2,0,0,0,0,4
98798,nachohorcajada1,,3,0,3,3,0,3,0,0,0,0,4
98799,LaMafia_rest,,3,0,3,3,0,3,0,0,0,0,2
98801,CampusPadel,,3,0,3,3,0,3,0,0,0,0,0
98802,PadelSportGrana,,2,0,2,2,0,2,0,0,0,0,5
98806,Altiumsport,,2,0,2,2,0,2,0,0,0,0,5
98809,Sport3Granada,,3,0,3,3,0,3,0,0,0,0,0
98810,comercioinsular,,2,0,2,2,0,2,0,0,0,0,5
98817,sofiagarciamora,,2,0,2,2,0,2,0,0,0,0,6
98820,sanyoGutierrez,,3,0,3,3,0,3,0,0,0,0,5
98821,JuaniMieres,,2,0,2,2,0,2,0,0,0,0,5
98825,maxigrabiel,,2,0,2,2,0,2,0,0,0,0,5
98826,pablojoselima,,2,0,2,2,0,2,0,0,0,0,5
98830,aballester1,,2,0,2,2,0,2,0,0,0,0,5
98837,impactotenis,,2,0,2,2,0,2,0,0,0,0,4
98841,OkanaFeather,,3,0,3,3,0,3,0,0,0,0,5
98844,javiredondo94,,2,0,2,2,0,2,0,0,0,0,5
98845,POSTUREO_PADEL,,2,0,2,2,0,2,0,0,0,0,5
98847,davidwestham,,2,0,2,2,0,2,0,0,0,0,5
98849,ferminoqc,,3,0,3,3,0,3,0,0,0,0,6
98850,jcperezmolina,,2,0,2,2,0,2,0,0,0,0,5
98851,padel56,,3,0,3,3,0,3,0,0,0,0,6
98852,ClubsdePadel,,2,0,2,2,0,2,0,0,0,0,5
98853,gmolinag,,2,0,2,2,0,2,0,0,0,0,5
98856,estherlva,,2,0,2,2,0,2,0,0,0,0,5
98857,Sebanerone,,2,0,2,2,0,2,0,0,0,0,5
98862,PRINCE2PROJECT,,3,0,3,3,0,3,0,0,0,0,6
98864,AleeeeSalazar,,2,0,2,2,0,2,0,0,0,0,5
98870,PadelSpain,,2,0,2,2,0,2,0,0,0,0,5
98871,SalondelPadel,,2,0,2,2,0,2,0,0,0,0,5
98876,HEAD_PADEL,,2,0,2,2,0,2,0,0,0,0,5
98879,Petra_Kvitova,,3,0,3,3,0,3,0,0,0,0,2
98883,Villalovesss,,3,0,3,3,0,3,0,0,0,0,0
98889,anasalaslozano,,2,0,2,2,0,2,0,0,0,0,5
98892,PlanetaPadel,,2,0,2,2,0,2,0,0,0,0,5
98894,NelaBrito,,2,0,2,2,0,2,0,0,0,0,5
98896,padelprotour,,2,0,2,2,0,2,0,0,0,0,5
98898,CataTenorio,,2,0,2,2,0,2,0,0,0,0,5
98899,ceciliareiter,,2,0,2,2,0,2,0,0,0,0,5
98900,carlitosurrutia,,2,0,2,2,0,2,0,0,0,0,5
98901,_RosanaRomero_,,2,0,2,2,0,2,0,0,0,0,3
98902,navarrocarolina,,3,0,3,3,0,3,0,0,0,0,5
98903,ATPChampions,,2,0,2,2,0,2,0,0,0,0,7
98906,mhingis,,2,0,2,2,0,2,0,0,0,0,5
98907,TheBorisBecker,,2,0,2,2,0,2,0,0,0,0,5
98908,wikipadelnet,,3,0,3,3,0,3,0,0,0,0,6
98912,paquito_navarro,,3,0,3,3,0,3,0,0,0,0,5
98914,solopadelblog,,2,0,2,2,0,2,0,0,0,0,5
98915,WorldPadelTour,,3,0,3,3,0,3,0,0,0,0,5
98918,Rafael_Plaza,,2,0,2,2,0,2,0,0,0,0,0
98922,strikingly,,2,0,2,2,0,2,0,0,0,0,2
98923,PADELABSOLUTE,,2,0,2,2,0,2,0,0,0,0,5
98925,PadelFan,,2,0,2,2,0,2,0,0,0,0,5
98930,PadelStar,,3,0,3,3,0,3,0,0,0,0,0
98931,FBelasteguin,,3,0,3,3,0,3,0,0,0,0,5
98933,EntrenaPadel,,2,0,2,2,0,2,0,0,0,0,5
98947,gustaviyo96,,2,0,2,2,0,2,0,0,0,0,6
98955,dhantuchova,,2,0,2,2,0,2,0,0,0,0,5
98956,ATPTour_ES,,2,0,2,2,0,2,0,0,0,0,5
98959,MiamiOpen,,2,0,2,2,0,2,0,0,0,0,5
98965,WikiTenis,,2,0,2,2,0,2,0,0,0,0,6
98972,MutuaMadridOpen,,3,0,3,3,0,3,0,0,0,0,5
98976,miguelmunoz_92,,3,0,3,3,0,3,0,0,0,0,6
98977,AcountsBet365,,2,0,2,2,0,2,0,0,0,0,6
98984,BillieJeanKing,,2,0,2,2,0,2,0,0,0,0,2
98986,Martina,,2,0,2,2,0,2,0,0,0,0,2
98995,CurroSegura,,3,0,3,3,0,3,0,0,0,0,0
98996,TennisChannel,,2,0,2,2,0,2,0,0,0,0,5
98997,BNPPARIBASOPEN,,2,0,2,2,0,2,0,0,0,0,5
98998,milosraonic,,2,0,2,2,0,2,0,0,0,0,5
98999,TenisCNALMERIA,,2,0,2,2,0,2,0,0,0,0,5
99005,juancabellTENIS,,2,0,2,2,0,2,0,0,0,0,6
99010,100porcientenis,,2,0,2,2,0,2,0,0,0,0,2
99013,Clijsterskim,,2,0,2,2,0,2,0,0,0,0,2
99014,WTA,,2,0,2,2,0,2,0,0,0,0,2
99016,CopaDavis,,2,0,2,2,0,2,0,0,0,0,2
99019,andyroddick,,2,0,2,2,0,2,0,0,0,0,5
99022,coronapromo,,3,0,3,3,0,3,0,0,0,0,6
99025,livetennis,,2,0,2,2,0,2,0,0,0,0,5
99026,torrejonball,,3,0,3,3,0,3,0,0,0,0,5
99027,padel20,,2,0,2,2,0,2,0,0,0,0,5
99030,lorenzo99,,3,0,3,3,0,3,0,0,0,0,0
99031,RICARDODEDIEGO,,2,0,2,2,0,2,0,0,0,0,5
99033,exacur,,2,0,2,2,0,2,0,0,0,0,4
99046,sx225es,,2,0,2,2,0,2,0,0,0,0,5
99050,ZubiTennis,,2,0,2,2,0,2,0,0,0,0,5
99059,david_menayo,,2,0,2,2,0,2,0,0,0,0,5
99062,Tennis,,2,0,2,2,0,2,0,0,0,0,2
99086,faponline,,2,0,2,2,0,2,0,0,0,0,5
99091,BJKCup,,2,0,2,2,0,2,0,0,0,0,5
99092,Venuseswilliams,,3,0,3,3,0,3,0,0,0,0,3
99093,gidulko,,2,0,2,2,0,2,0,0,0,0,2
99094,DavisCup,,2,0,2,2,0,2,0,0,0,0,5
99098,Charlymoya,,3,0,3,3,0,3,0,0,0,0,0
99106,vika7,,2,0,2,2,0,2,0,0,0,0,5
99109,nalbandiandavid,,2,0,2,2,0,2,0,0,0,0,2
99111,delpotrojuan,,3,0,3,3,0,3,0,0,0,0,5
99112,andy_murray,,3,0,3,3,0,3,0,0,0,0,2
99113,TipsDeporte,,3,0,3,3,0,3,0,0,0,0,6
99114,AlexCorretja74,,2,0,2,2,0,2,0,0,0,0,5
99117,Nikecourt,,2,0,2,2,0,2,0,0,0,0,5
99118,feliciano_lopez,,3,0,3,3,0,3,0,0,0,0,0
99119,AustralianOpen,,3,0,3,3,0,3,0,0,0,0,2
99121,usopen,,2,0,2,2,0,2,0,0,0,0,2
99122,olmedocommunity,,2,0,2,2,0,2,0,0,0,0,0
99136,HostelROOM,,2,0,2,2,0,2,0,0,0,0,1
99143,Adri_rf,,2,0,2,2,0,2,0,0,0,0,1
99152,ESCIupf,,2,0,2,2,0,2,0,0,0,0,1
99154,GoAbroad,,3,0,3,3,0,3,0,0,0,0,1
99159,MaribelLozano2,,2,0,2,2,0,2,0,0,0,0,1
99161,aegeebergamo,,3,0,3,3,0,3,0,0,0,0,1
99163,unifg,,4,0,4,4,0,4,0,0,0,0,1
99165,DrMBarr,,2,0,2,2,0,2,0,0,0,0,1
99171,tcdglobal,,3,0,3,3,0,3,0,0,0,0,1
99174,studentenleven,,2,0,2,2,0,2,0,0,0,0,1
99176,JoepVA,,3,0,3,3,0,3,0,0,0,0,1
99178,GemEvieG,,2,0,2,2,0,2,0,0,0,0,1
99180,rotterdam,,3,0,3,3,0,3,0,0,0,0,1
99182,Migueldelsalva,,2,0,2,2,0,2,0,0,0,0,1
99187,ColIegeStudent,,2,0,2,2,0,2,0,0,0,0,1
99189,sikorskiradek,,3,0,3,3,0,3,0,0,0,0,3
99191,Leskevicius,,2,0,2,2,0,2,0,0,0,0,8
99192,LithuaniaMFA,,3,0,3,3,0,3,0,0,0,0,8
99194,TonyGuoga,,2,0,2,2,0,2,0,0,0,0,8
99195,DonatasMot,,2,0,2,2,0,2,0,0,0,0,8
99214,agh_bis,,2,0,2,2,0,2,0,0,0,0,8
99215,UnionArdennais,,2,0,2,2,0,2,0,0,0,0,8
99221,mdiplo,,2,0,2,2,0,2,0,0,0,0,8
99225,arretsurimages,,2,0,2,2,0,2,0,0,0,0,8
99246,maxOz,,2,0,2,2,0,2,0,0,0,0,8
99248,chaebae,,2,0,2,2,0,2,0,0,0,0,8
99249,DrKysela,,2,0,2,2,0,2,0,0,0,0,8
99250,edaccessible,,2,0,2,2,0,2,0,0,0,0,8
99252,MarshaCollier,,3,0,3,3,0,3,0,0,0,0,8
99305,juancolino,,3,0,3,3,0,3,0,0,0,0,8
99322,AzzopardiJason,,2,0,2,2,0,2,0,0,0,0,8
99328,KarolAquilina,,2,0,2,2,0,2,0,0,0,0,8
99329,GeorgePullicino,,2,0,2,2,0,2,0,0,0,0,8
99331,davidagiusmp,,2,0,2,2,0,2,0,0,0,0,8
99332,charlobonnici,,2,0,2,2,0,2,0,0,0,0,8
99336,kgouder,,2,0,2,2,0,2,0,0,0,0,8
99339,lukbut,,2,0,2,2,0,2,0,0,0,0,8
99340,Stefbalzan,,2,0,2,2,0,2,0,0,0,0,8
99343,Andruwn,,2,0,2,2,0,2,0,0,0,0,8
99344,MeloniFulvio,,2,0,2,2,0,2,0,0,0,0,8
99345,albertcamilleri,,3,0,3,3,0,3,0,0,0,0,8
99350,YentlSpiteri,,2,0,2,2,0,2,0,0,0,0,8
99352,markguru,,2,0,2,2,0,2,0,0,0,0,8
99353,warrensammut,,2,0,2,2,0,2,0,0,0,0,8
99355,lucbronner,,2,0,2,2,0,2,0,0,0,0,8
99364,Mettout,,3,0,3,3,0,3,0,0,0,0,8
99367,johanhufnagel,,3,0,3,3,0,3,0,0,0,0,7
99372,edwyplenel,,3,0,3,3,0,3,0,0,0,0,8
99373,AttardAndrea,,3,0,3,3,0,3,0,0,0,0,1
99403,etienneliebig,,2,0,2,2,0,2,0,0,0,0,8
99452,JL_Vayssiere,,2,0,2,2,0,2,0,0,0,0,8
99470,MineVagantiNGO,,3,0,3,3,0,3,0,0,0,0,8
99478,Alban_Jarry,,2,0,2,2,0,2,0,0,0,0,8
99480,ArnaudRobinet,,2,0,2,2,0,2,0,0,0,0,8
99481,jpmasseret,,2,0,2,2,0,2,0,0,0,0,8
99484,PERLOTOlivier,,2,0,2,2,0,2,0,0,0,0,8
99487,antoinehb,,2,0,2,2,0,2,0,0,0,0,8
99489,fbleuchampagne,,2,0,2,2,0,2,0,0,0,0,8
99491,REIMS_EVENTS,,2,0,2,2,0,2,0,0,0,0,8
99497,VilledeReims,,2,0,2,2,0,2,0,0,0,0,8
99505,inspereims,,2,0,2,2,0,2,0,0,0,0,8
99507,Afilalissan,,2,0,2,2,0,2,0,0,0,0,8
99509,journal_inter,,2,0,2,2,0,2,0,0,0,0,1
99512,JuvenileCrime,,3,0,3,3,0,3,0,0,0,0,8
99523,avrilalexandre,,2,0,2,2,0,2,0,0,0,0,8
99524,lchevalierbdx,,3,0,3,3,0,3,0,0,0,0,1
99525,Ufolep51,,2,0,2,2,0,2,0,0,0,0,8
99526,NManamanni,,2,0,2,2,0,2,0,0,0,0,8
99531,ThierryDemolon,,2,0,2,2,0,2,0,0,0,0,8
99533,MonikaResetar,,3,0,3,3,0,3,0,0,0,0,1
99536,Magdazurowska,,2,0,2,2,0,2,0,0,0,0,2
99540,SeanStokes07,,3,0,3,3,0,3,0,0,0,0,1
99541,rosigur,,3,0,3,3,0,3,0,0,0,0,2
99542,leab_os,,3,0,3,3,0,3,0,0,0,0,2
99543,tsoumas6,,3,0,3,3,0,3,0,0,0,0,1
99544,sodabasi,,3,0,3,3,0,3,0,0,0,0,1
99551,CPHAirports,,2,0,2,2,0,2,0,0,0,0,8
99554,graduateland,,2,0,2,2,0,2,0,0,0,0,1
99563,mividarueda,,3,0,3,3,0,3,0,0,0,0,0
99581,AprenderMejorar,,2,0,2,2,0,2,0,0,0,0,0
99591,Aspergerchile_F,,2,0,2,2,0,2,0,0,0,0,0
99594,elifredes,,2,0,2,2,0,2,0,0,0,0,0
99595,centroiria,,2,0,2,2,0,2,0,0,0,0,0
99596,ApamaAlcobendas,,3,0,3,3,0,3,0,0,0,0,0
99606,AVPCCeuta,,2,0,2,2,0,2,0,0,0,0,0
99609,MDyC_CEUTA,,2,0,2,2,0,2,0,0,0,0,0
99612,CeutaTV,,2,0,2,2,0,2,0,0,0,0,0
99617,InclusionPress,,2,0,2,2,0,2,0,0,0,0,0
99633,FourB_Erasmus,,2,0,2,2,0,2,0,0,0,0,0
99637,tra_social,,2,0,2,2,0,2,0,0,0,0,0
99638,TrabajoSocialTS,,3,0,3,3,0,3,0,0,0,0,0
99641,UnadecadaMil,,2,0,2,2,0,2,0,0,0,0,0
99657,LookVoyages,,4,0,4,4,0,4,0,0,0,0,0
99665,Chester_cuatro,,3,0,3,3,0,3,0,0,0,0,0
99666,VSPserie,,3,0,3,3,0,3,0,0,0,0,5
99674,Lopez20sr,,2,0,2,2,0,2,0,0,0,0,0
99678,BibliaMovil,,3,0,3,3,0,3,0,0,0,0,0
99686,AytoRota,,2,0,2,2,0,2,0,0,0,0,0
99689,TurismodeCeuta,,2,0,2,2,0,2,0,0,0,0,4
99690,RotaAyto,,2,0,2,2,0,2,0,0,0,0,0
99693,pesadillacocina,,3,0,3,3,0,3,0,0,0,0,0
99695,_Ceuta_Melilla,,2,0,2,2,0,2,0,0,0,0,0
99698,ceutaldia,,2,0,2,2,0,2,0,0,0,0,0
99704,ElFarodeCeuta,,2,0,2,2,0,2,0,0,0,0,0
99713,LuisFonsi,,3,0,3,3,0,3,0,0,0,0,0
99771,EdWestwick,,3,0,3,3,0,3,0,0,0,0,2
99772,cwtvd,,2,0,2,2,0,2,0,0,0,0,2
99840,polispol,,2,0,2,2,0,2,0,0,0,0,6
99841,Spoonflower,,2,0,2,2,0,2,0,0,0,0,6
99845,lorenagm7,,2,0,2,2,0,2,0,0,0,0,6
99846,MEDIONIberia,,2,0,2,2,0,2,0,0,0,0,6
99847,quientv,,2,0,2,2,0,2,0,0,0,0,6
99850,Q12Trivia,,2,0,2,2,0,2,0,0,0,0,6
99855,Merche810,,2,0,2,2,0,2,0,0,0,0,6
99860,MonicaGae,,2,0,2,2,0,2,0,0,0,0,6
99865,Auditurus,,2,0,2,2,0,2,0,0,0,0,6
99870,LuciaMGuijarro,,2,0,2,2,0,2,0,0,0,0,6
99872,becamemucho,,2,0,2,2,0,2,0,0,0,0,6
99874,Mira_Digital,,3,0,3,3,0,3,0,0,0,0,0
99875,KBNnextmedia,,2,0,2,2,0,2,0,0,0,0,6
99876,FranReyesGRX,,2,0,2,2,0,2,0,0,0,0,6
99877,LiquenCA,,2,0,2,2,0,2,0,0,0,0,6
99881,ComboComunica,,3,0,3,3,0,3,0,0,0,0,6
99883,Visual_Hub,,2,0,2,2,0,2,0,0,0,0,6
99885,controlesgranad,,3,0,3,3,0,3,0,0,0,0,6
99887,IsaFdez2,,2,0,2,2,0,2,0,0,0,0,6
99888,MariiaMore,,2,0,2,2,0,2,0,0,0,0,6
99891,YeezusZoe,,2,0,2,2,0,2,0,0,0,0,6
99892,alejandramBL,,2,0,2,2,0,2,0,0,0,0,6
99894,Relaxingcup,,3,0,3,3,0,3,0,0,0,0,0
99898,icjd681,,2,0,2,2,0,2,0,0,0,0,6
99899,basketform,,2,0,2,2,0,2,0,0,0,0,0
99902,ambermejo09,,2,0,2,2,0,2,0,0,0,0,6
99903,SergioUR86,,2,0,2,2,0,2,0,0,0,0,6
99904,Gadiiiiii,,2,0,2,2,0,2,0,0,0,0,6
99905,rinasainani,,2,0,2,2,0,2,0,0,0,0,6
99906,helegarvin,,2,0,2,2,0,2,0,0,0,0,6
99910,Bea_fdez8,,2,0,2,2,0,2,0,0,0,0,6
99913,simonetigat,,3,0,3,3,0,3,0,0,0,0,6
99914,cesarc1991,,2,0,2,2,0,2,0,0,0,0,6
99915,mariapina56,,2,0,2,2,0,2,0,0,0,0,6
99916,irenita_sg,,2,0,2,2,0,2,0,0,0,0,6
99917,Laumoyar,,2,0,2,2,0,2,0,0,0,0,6
99919,Anachancla,,2,0,2,2,0,2,0,0,0,0,6
99920,Huesika,,2,0,2,2,0,2,0,0,0,0,6
99922,Marisa_arcos,,2,0,2,2,0,2,0,0,0,0,6
99926,Javiresmedia,,3,0,3,3,0,3,0,0,0,0,6
99927,Rololailola,,2,0,2,2,0,2,0,0,0,0,6
99928,chechilia3,,3,0,3,3,0,3,0,0,0,0,5
99929,celiaglez3,,3,0,3,3,0,3,0,0,0,0,6
99930,Miss_Valverde,,2,0,2,2,0,2,0,0,0,0,6
99931,Lourdesbg15,,4,0,4,4,0,4,0,0,0,0,5
99933,AnaLeyva8,,3,0,3,3,0,3,0,0,0,0,6
99935,Lachicamiau,,2,0,2,2,0,2,0,0,0,0,6
99936,M_padilla92,,2,0,2,2,0,2,0,0,0,0,6
99938,Soundset_band,,2,0,2,2,0,2,0,0,0,0,6
99942,Menchu_u,,2,0,2,2,0,2,0,0,0,0,6
99943,LuciaEntrena,,2,0,2,2,0,2,0,0,0,0,6
99944,Malva_RL,,2,0,2,2,0,2,0,0,0,0,6
99947,jimechan00,,2,0,2,2,0,2,0,0,0,0,6
99948,iMuela_AREK,,3,0,3,3,0,3,0,0,0,0,6
99950,CarmenHinojosa,,2,0,2,2,0,2,0,0,0,0,6
99953,aplindez,,2,0,2,2,0,2,0,0,0,0,5
99957,Rubiinho7,,2,0,2,2,0,2,0,0,0,0,6
99958,Anja_SBLMNL,,2,0,2,2,0,2,0,0,0,0,0
99959,Beatrizroso,,3,0,3,3,0,3,0,0,0,0,0
99960,Barrios_Sole,,4,0,4,4,0,4,0,0,0,0,5
99962,mariarlb,,2,0,2,2,0,2,0,0,0,0,6
99963,Guiye_Moya,,2,0,2,2,0,2,0,0,0,0,6
99966,elesanc,,2,0,2,2,0,2,0,0,0,0,6
99969,Olallita_bubu,,2,0,2,2,0,2,0,0,0,0,6
99971,SamuStaff,,2,0,2,2,0,2,0,0,0,0,6
99972,ElenaMt22,,2,0,2,2,0,2,0,0,0,0,6
99974,DavidJoaqun,,2,0,2,2,0,2,0,0,0,0,6
99976,HelenaBuenoo,,2,0,2,2,0,2,0,0,0,0,2
99982,Anita_amarillo,,2,0,2,2,0,2,0,0,0,0,6
99985,livinglavie_,,4,0,4,4,0,4,0,0,0,0,6
99988,Myworld_Music,,3,0,3,3,0,3,0,0,0,0,6
99992,carlos_siles,,2,0,2,2,0,2,0,0,0,0,6
99993,PilarQue,,2,0,2,2,0,2,0,0,0,0,6
99994,NoeZdeZebra,,2,0,2,2,0,2,0,0,0,0,2
99995,CriisWatermelon,,3,0,3,3,0,3,0,0,0,0,6
99997,MarJaai,,2,0,2,2,0,2,0,0,0,0,6
100001,nachoordin,,2,0,2,2,0,2,0,0,0,0,6
100002,rop_trop,,3,0,3,3,0,3,0,0,0,0,6
100004,Elisabet_gr,,2,0,2,2,0,2,0,0,0,0,6
100006,irsa92,,2,0,2,2,0,2,0,0,0,0,6
100007,RocaAlex,,3,0,3,3,0,3,0,0,0,0,6
100008,albertosb_92,,3,0,3,3,0,3,0,0,0,0,6
100009,Emi_Gr23,,2,0,2,2,0,2,0,0,0,0,0
100015,emeka_photos,,3,0,3,3,0,3,0,0,0,0,6
100016,Uleidiomas,,3,0,3,3,0,3,0,0,0,0,0
100017,PartyHandAlican,,3,0,3,3,0,3,0,0,0,0,0
100018,PartyHandMurcia,,2,0,2,2,0,2,0,0,0,0,0
100022,JavierVargasMa4,,2,0,2,2,0,2,0,0,0,0,0
100023,HospedajeEncina,,3,0,3,3,0,3,0,0,0,0,6
100024,DUOpeluqueros,,2,0,2,2,0,2,0,0,0,0,0
100028,Espresso_G,,2,0,2,2,0,2,0,0,0,0,0
100029,KampaiEventos,,4,0,4,4,0,4,0,0,0,0,0
100030,almudenabulani,,4,0,4,4,0,4,0,0,0,0,0
100031,tartayarte,,3,0,3,3,0,3,0,0,0,0,0
100033,VipsualOptica,,2,0,2,2,0,2,0,0,0,0,0
100034,tifgranada,,3,0,3,3,0,3,0,0,0,0,0
100035,AWAsurfcenter,,2,0,2,2,0,2,0,0,0,0,0
100036,alpuntodesal,,3,0,3,3,0,3,0,0,0,0,0
100040,LosGeraneos,,2,0,2,2,0,2,0,0,0,0,0
100042,asomateagranada,,4,0,4,4,0,4,0,0,0,0,0
100044,FondazioneTIM,,2,0,2,2,0,2,0,0,0,0,3
100052,mafedebaggis,,2,0,2,2,0,2,0,0,0,0,3
100080,CoopsEurope,,2,0,2,2,0,2,0,0,0,0,3
100086,StefaniaPetyx,,2,0,2,2,0,2,0,0,0,0,3
100107,vadoevedo,,2,0,2,2,0,2,0,0,0,0,7
100119,igers_firenze,,2,0,2,2,0,2,0,0,0,0,1
100120,Maremmans,,2,0,2,2,0,2,0,0,0,0,3
100123,adihristova27,,2,0,2,2,0,2,0,0,0,0,6
100124,MintrabajoCol,,2,0,2,2,0,2,0,0,0,0,2
100126,MinHacienda,,2,0,2,2,0,2,0,0,0,0,2
100130,MinEnergiaCo,,2,0,2,2,0,2,0,0,0,0,6
100149,gbongiorno66,,3,0,3,3,0,3,0,0,0,0,3
100155,DaniloToninelli,,2,0,2,2,0,2,0,0,0,0,3
100156,GiuliaGrilloM5S,,2,0,2,2,0,2,0,0,0,0,3
100174,CinziaBancone,,2,0,2,2,0,2,0,0,0,0,2
100175,AlfonsoBonafede,,2,0,2,2,0,2,0,0,0,0,3
100176,Bruschi_P,,2,0,2,2,0,2,0,0,0,0,3
100180,fvccre,,2,0,2,2,0,2,0,0,0,0,1
100188,Zegna,,3,0,3,3,0,3,0,0,0,0,2
100207,paliodisiena,,2,0,2,2,0,2,0,0,0,0,0
100214,MgaAlba,,3,0,3,3,0,3,0,0,0,0,5
100216,igerssiena,,2,0,2,2,0,2,0,0,0,0,1
100217,EnjoySiena,,2,0,2,2,0,2,0,0,0,0,1
100223,karinaCastroWeb,,3,0,3,3,0,3,0,0,0,0,1
100224,jstorres,,2,0,2,2,0,2,0,0,0,0,2
100228,apphil,,2,0,2,2,0,2,0,0,0,0,6
100229,consorziocaes,,2,0,2,2,0,2,0,0,0,0,3
100249,milanarte,,2,0,2,2,0,2,0,0,0,0,3
100255,eborghicom,,2,0,2,2,0,2,0,0,0,0,3
100257,sardautentica,,2,0,2,2,0,2,0,0,0,0,3
100259,BorghiAutentici,,3,0,3,3,0,3,0,0,0,0,3
100260,contrattolavoro,,2,0,2,2,0,2,0,0,0,0,3
100261,illumia,,2,0,2,2,0,2,0,0,0,0,2
100281,SA_Casilina,,2,0,2,2,0,2,0,0,0,0,3
100283,EnteRomaNatura,,2,0,2,2,0,2,0,0,0,0,3
100284,parcodiveio,,2,0,2,2,0,2,0,0,0,0,3
100291,VisitCastelli,,2,0,2,2,0,2,0,0,0,0,3
100304,stepicchi1,,2,0,2,2,0,2,0,0,0,0,3
100324,PoldiPezzoli,,2,0,2,2,0,2,0,0,0,0,3
100331,fondsrr,,3,0,3,3,0,3,0,0,0,0,3
100371,KalaniBallFree,,3,0,3,3,0,3,0,0,0,0,2
100384,davidedattoli,,2,0,2,2,0,2,0,0,0,0,3
100385,davidcasalini,,2,0,2,2,0,2,0,0,0,0,3
100387,GEF_Europe,,2,0,2,2,0,2,0,0,0,0,3
100390,startupnws,,2,0,2,2,0,2,0,0,0,0,3
100397,PerMicroLab,,2,0,2,2,0,2,0,0,0,0,3
100399,MonicaTiberi,,2,0,2,2,0,2,0,0,0,0,3
100404,M5S_Europa,,2,0,2,2,0,2,0,0,0,0,3
100408,Castelfalfi,,2,0,2,2,0,2,0,0,0,0,3
100409,JustKnock_it,,3,0,3,3,0,3,0,0,0,0,3
100410,jobmeeting,,3,0,3,3,0,3,0,0,0,0,3
100411,Jobadvisor,,2,0,2,2,0,2,0,0,0,0,3
100412,lavoroitalia,,3,0,3,3,0,3,0,0,0,0,3
100415,ImpactHubMilano,,3,0,3,3,0,3,0,0,0,0,3
100416,TalentGardenit,,3,0,3,3,0,3,0,0,0,0,3
100417,NanaBiancaItaly,,2,0,2,2,0,2,0,0,0,0,1
100418,SiamoSoci,,2,0,2,2,0,2,0,0,0,0,1
100428,TheCooksCook,,3,0,3,3,0,3,0,0,0,0,2
100431,feedbackorg,,2,0,2,2,0,2,0,0,0,0,3
100438,PPBaretta,,2,0,2,2,0,2,0,0,0,0,3
100439,RobertoReggi,,2,0,2,2,0,2,0,0,0,0,3
100450,Pointsandtravel,,3,0,3,3,0,3,0,0,0,0,7
100453,ChiaraBottini,,2,0,2,2,0,2,0,0,0,0,2
100456,martin_side,,2,0,2,2,0,2,0,0,0,0,3
100460,circleeconomy,,2,0,2,2,0,2,0,0,0,0,2
100467,elisaserafini,,2,0,2,2,0,2,0,0,0,0,3
100469,violalaviola,,2,0,2,2,0,2,0,0,0,0,2
100473,antoniopescape,,2,0,2,2,0,2,0,0,0,0,3
100480,dpixel_vc,,2,0,2,2,0,2,0,0,0,0,2
100481,dgiluz,,2,0,2,2,0,2,0,0,0,0,3
100482,ilbarcamper,,2,0,2,2,0,2,0,0,0,0,2
100494,itachecambia,,2,0,2,2,0,2,0,0,0,0,1
100501,ArandaFormacion,,2,0,2,2,0,2,0,0,0,0,7
100515,mara_carfagna,,3,0,3,3,0,3,0,0,0,0,3
100516,pinapic,,3,0,3,3,0,3,0,0,0,0,3
100531,PortalFruticola,,2,0,2,2,0,2,0,0,0,0,0
100538,casaitaliagov,,2,0,2,2,0,2,0,0,0,0,3
100543,MikesRoadTrip,,2,0,2,2,0,2,0,0,0,0,1
100545,PediciniM5S,,2,0,2,2,0,2,0,0,0,0,3
100546,hughballou,,2,0,2,2,0,2,0,0,0,0,2
100555,tclanguages,,2,0,2,2,0,2,0,0,0,0,3
100574,brinquedos_es,,2,0,2,2,0,2,0,0,0,0,3
100593,getfilming,,2,0,2,2,0,2,0,0,0,0,0
100609,francescabarra,,2,0,2,2,0,2,0,0,0,0,7
100611,AnaCuestaH,,2,0,2,2,0,2,0,0,0,0,0
100621,claudiabe_,,2,0,2,2,0,2,0,0,0,0,4
100626,festmusicanaria,,2,0,2,2,0,2,0,0,0,0,3
100632,AytoLaVictoria,,2,0,2,2,0,2,0,0,0,0,3
100634,AytoSJR,,2,0,2,2,0,2,0,0,0,0,3
100635,LaOrotava,,2,0,2,2,0,2,0,0,0,0,3
100636,adeje,,3,0,3,3,0,3,0,0,0,0,0
100637,AytoArona,,2,0,2,2,0,2,0,0,0,0,3
100638,TurismoArona,,3,0,3,3,0,3,0,0,0,0,0
100639,PoliciaTelde,,2,0,2,2,0,2,0,0,0,0,3
100640,Ayun_Telde,,2,0,2,2,0,2,0,0,0,0,3
100643,AytoGaldar,,2,0,2,2,0,2,0,0,0,0,3
100645,AytodeAguimes,,2,0,2,2,0,2,0,0,0,0,3
100646,AytoFirgas,,2,0,2,2,0,2,0,0,0,0,3
100647,VilladeMoya,,2,0,2,2,0,2,0,0,0,0,3
100651,TeldeCultura,,2,0,2,2,0,2,0,0,0,0,3
100652,PachaGC,,2,0,2,2,0,2,0,0,0,0,3
100653,islas_canarias,,2,0,2,2,0,2,0,0,0,0,3
100665,JMiquelWine,,3,0,3,3,0,3,0,0,0,0,3
100692,lawebdlanzarote,,2,0,2,2,0,2,0,0,0,0,3
100693,LanzarotDeporte,,2,0,2,2,0,2,0,0,0,0,3
100694,Davide_Dada,,2,0,2,2,0,2,0,0,0,0,3
100700,eldiatv,,2,0,2,2,0,2,0,0,0,0,3
100704,edilportale,,2,0,2,2,0,2,0,0,0,0,3
100707,ecoosfera,,2,0,2,2,0,2,0,0,0,0,4
100713,PSOECanarias,,2,0,2,2,0,2,0,0,0,0,3
100714,BermudezSCT,,2,0,2,2,0,2,0,0,0,0,6
100716,coalicion,,2,0,2,2,0,2,0,0,0,0,3
100717,parcan,,2,0,2,2,0,2,0,0,0,0,3
100718,PresiCan,,2,0,2,2,0,2,0,0,0,0,3
100722,TurismoGobCan,,2,0,2,2,0,2,0,0,0,0,3
100728,marcomisi,,2,0,2,2,0,2,0,0,0,0,3
100742,camaratenerife,,3,0,3,3,0,3,0,0,0,0,4
100743,INGVterremoti,,3,0,3,3,0,3,0,0,0,0,3
100744,ci_polla,,3,0,3,3,0,3,0,0,0,0,3
100745,NovartisItalia,,2,0,2,2,0,2,0,0,0,0,3
100747,S_Galimberti,,2,0,2,2,0,2,0,0,0,0,3
100756,Wineup,,2,0,2,2,0,2,0,0,0,0,3
100763,Cosentino_IT,,2,0,2,2,0,2,0,0,0,0,0
100769,fondazionemach,,2,0,2,2,0,2,0,0,0,0,3
100771,progmanifattura,,2,0,2,2,0,2,0,0,0,0,3
100777,Luxuo,,2,0,2,2,0,2,0,0,0,0,2
100778,yvesjean,,2,0,2,2,0,2,0,0,0,0,8
100839,lcscigliano,,2,0,2,2,0,2,0,0,0,0,4
100847,WineFibbiano,,2,0,2,2,0,2,0,0,0,0,3
100848,TgrRaiToscana,,2,0,2,2,0,2,0,0,0,0,3
100856,laprofromano,,2,0,2,2,0,2,0,0,0,0,3
100857,ViviLazio,,2,0,2,2,0,2,0,0,0,0,3
100860,visit_lazio,,3,0,3,3,0,3,0,0,0,0,3
100863,tesoridellazio,,2,0,2,2,0,2,0,0,0,0,3
100864,parcoacquedotti,,2,0,2,2,0,2,0,0,0,0,3
100884,MercedesBenz_IT,,3,0,3,3,0,3,0,0,0,0,3
100910,burtonsnowboard,,3,0,3,3,0,3,0,0,0,0,0
100911,VANS_66,,2,0,2,2,0,2,0,0,0,0,2
100912,redbull,,5,0,5,5,0,5,0,0,0,0,3
100913,oakley,,3,0,3,3,0,3,0,0,0,0,5
100914,ray_ban,,2,0,2,2,0,2,0,0,0,0,2
100915,Persol,,2,0,2,2,0,2,0,0,0,0,2
100925,mattiafeltri,,4,0,4,4,0,4,0,0,0,0,3
100926,emenietti,,2,0,2,2,0,2,0,0,0,0,3
100927,FrancoBechis,,3,0,3,3,0,3,0,0,0,0,3
100928,christianrocca,,3,0,3,3,0,3,0,0,0,0,3
100929,YamamotoNutrit,,2,0,2,2,0,2,0,0,0,0,2
100931,antoniopolito1,,3,0,3,3,0,3,0,0,0,0,3
100936,OsservatoriAgro,,2,0,2,2,0,2,0,0,0,0,3
100938,Turismoromaweb,,3,0,3,3,0,3,0,0,0,0,3
100964,affinitics,,2,0,2,2,0,2,0,0,0,0,3
100969,msdsalute,,2,0,2,2,0,2,0,0,0,0,3
100970,EliLillyItalia,,3,0,3,3,0,3,0,0,0,0,3
100971,silvioderossi,,2,0,2,2,0,2,0,0,0,0,7
100972,LucaTalotta,,2,0,2,2,0,2,0,0,0,0,3
101014,amingardi,,2,0,2,2,0,2,0,0,0,0,3
101015,CarloStagnaro,,2,0,2,2,0,2,0,0,0,0,3
101020,MatrixCanale5,,2,0,2,2,0,2,0,0,0,0,3
101026,blabbocconi,,2,0,2,2,0,2,0,0,0,0,3
101027,Egomnia,,2,0,2,2,0,2,0,0,0,0,3
101028,Zatomas,,3,0,3,3,0,3,0,0,0,0,3
101030,ACupOfBooks,,2,0,2,2,0,2,0,0,0,0,3
101053,sangimignanocom,,2,0,2,2,0,2,0,0,0,0,7
101065,etihad,,3,0,3,3,0,3,0,0,0,0,3
101076,cerebrolesi,,2,0,2,2,0,2,0,0,0,0,3
101077,MySwitzerland_i,,2,0,2,2,0,2,0,0,0,0,3
101080,Virginia_Reggl,,2,0,2,2,0,2,0,0,0,0,3
101085,meddiebaddie,,2,0,2,2,0,2,0,0,0,0,3
101095,ORD_ING_BS,,2,0,2,2,0,2,0,0,0,0,3
101109,snam,,2,0,2,2,0,2,0,0,0,0,3
101137,LatinaAttiva,,2,0,2,2,0,2,0,0,0,0,3
101146,Timonier_,,2,0,2,2,0,2,0,0,0,0,3
101147,MimmoGigliotti,,2,0,2,2,0,2,0,0,0,0,3
101151,elicaspa,,2,0,2,2,0,2,0,0,0,0,3
101180,BMW,,3,0,3,3,0,3,0,0,0,0,2
101183,Morpho,,2,0,2,2,0,2,0,0,0,0,2
101196,molcru,,2,0,2,2,0,2,0,0,0,0,4
101204,RutaClimaCity,,2,0,2,2,0,2,0,0,0,0,4
101223,MorganaTagli,,2,0,2,2,0,2,0,0,0,0,3
101229,joelcomm,,3,0,3,3,0,3,0,0,0,0,2
101236,Cursos_Online__,,3,0,3,3,0,3,0,0,0,0,4
101237,lafede_85,,2,0,2,2,0,2,0,0,0,0,3
101244,segwaytrip,,2,0,2,2,0,2,0,0,0,0,7
101274,CaffeMilani,,2,0,2,2,0,2,0,0,0,0,3
101277,UnoFRAtanti,,2,0,2,2,0,2,0,0,0,0,3
101278,giuseppe_fava,,3,0,3,3,0,3,0,0,0,0,3
101292,UberSoc,,3,0,3,3,0,3,0,0,0,0,2
101294,PhilipBloom,,2,0,2,2,0,2,0,0,0,0,1
101296,twitcam,,3,0,3,3,0,3,0,0,0,0,2
101298,Livestream,,3,0,3,3,0,3,0,0,0,0,3
101300,IBMWatsonMedia,,2,0,2,2,0,2,0,0,0,0,3
101301,VimeoStaff,,2,0,2,2,0,2,0,0,0,0,2
101304,Vimeo,,3,0,3,3,0,3,0,0,0,0,1
101305,Aitor_Caballero,,3,0,3,3,0,3,0,0,0,0,6
101316,marquezbrox,,2,0,2,2,0,2,0,0,0,0,0
101318,Jlpascualpe,,2,0,2,2,0,2,0,0,0,0,4
101321,AntonioVallsR,,2,0,2,2,0,2,0,0,0,0,0
101326,WeCinema,,2,0,2,2,0,2,0,0,0,0,3
101331,CarlaSicuro1,,2,0,2,2,0,2,0,0,0,0,2
101332,Inhispania,,3,0,3,3,0,3,0,0,0,0,1
101358,Geekissimo,,3,0,3,3,0,3,0,0,0,0,3
101368,enoturismotop,,2,0,2,2,0,2,0,0,0,0,1
101370,UIBS,,2,0,2,2,0,2,0,0,0,0,1
101373,MainePointe,,2,0,2,2,0,2,0,0,0,0,2
101379,andreatortelli,,2,0,2,2,0,2,0,0,0,0,3
101392,contentful,,2,0,2,2,0,2,0,0,0,0,2
101406,franaresdj,,3,0,3,3,0,3,0,0,0,0,2
101419,rigos73,,2,0,2,2,0,2,0,0,0,0,3
101420,maxvurro,,2,0,2,2,0,2,0,0,0,0,3
101421,karliekloss,,2,0,2,2,0,2,0,0,0,0,2
101430,ToniGarrn,,2,0,2,2,0,2,0,0,0,0,2
101439,angelcandice,,3,0,3,3,0,3,0,0,0,0,2
101441,Doutzen,,3,0,3,3,0,3,0,0,0,0,0
101442,BeePrinsloo,,2,0,2,2,0,2,0,0,0,0,1
101445,LilyAldridge,,3,0,3,3,0,3,0,0,0,0,1
101452,sytmadrid3,,2,0,2,2,0,2,0,0,0,0,6
101453,sytmadrid5,,2,0,2,2,0,2,0,0,0,0,6
101474,inspiramemadrid,,2,0,2,2,0,2,0,0,0,0,6
101476,Futuridea,,2,0,2,2,0,2,0,0,0,0,1
101486,melobusco,,2,0,2,2,0,2,0,0,0,0,0
101489,vanessa3488,,3,0,3,3,0,3,0,0,0,0,3
101490,MissTouristcom,,2,0,2,2,0,2,0,0,0,0,7
101491,pubbliprogresso,,2,0,2,2,0,2,0,0,0,0,3
101496,CaritasItaliana,,2,0,2,2,0,2,0,0,0,0,1
101497,Acli_nazionali,,2,0,2,2,0,2,0,0,0,0,3
101510,edmondojl,,2,0,2,2,0,2,0,0,0,0,3
101518,DiscoveryItalia,,2,0,2,2,0,2,0,0,0,0,3
101520,NotizieAbruzzo,,2,0,2,2,0,2,0,0,0,0,3
101523,HPE_IT,,2,0,2,2,0,2,0,0,0,0,3
101524,Labbufala,,3,0,3,3,0,3,0,0,0,0,3
101525,opificioprugna,,2,0,2,2,0,2,0,0,0,0,3
101529,VeronicaGenti,,2,0,2,2,0,2,0,0,0,0,3
101534,madridesalterna,,3,0,3,3,0,3,0,0,0,0,0
101540,PaolaToogoodxme,,2,0,2,2,0,2,0,0,0,0,7
101554,Pinucciosono,,2,0,2,2,0,2,0,0,0,0,3
101556,doctorjohndunn,,2,0,2,2,0,2,0,0,0,0,4
101564,MaddalenaCioli,,2,0,2,2,0,2,0,0,0,0,3
101567,Premilcuore_FC,,2,0,2,2,0,2,0,0,0,0,3
101571,sytmadrid13,,2,0,2,2,0,2,0,0,0,0,6
101576,Primalitalia,,2,0,2,2,0,2,0,0,0,0,3
101579,coryleetweets,,2,0,2,2,0,2,0,0,0,0,2
101593,PatriceinMilano,,3,0,3,3,0,3,0,0,0,0,3
101596,Dutchstartupjob,,2,0,2,2,0,2,0,0,0,0,7
101597,etichettiamoci,,3,0,3,3,0,3,0,0,0,0,3
101615,archgmjl,,2,0,2,2,0,2,0,0,0,0,3
101619,Presa_Diretta,,3,0,3,3,0,3,0,0,0,0,3
101623,MartinissSima,,2,0,2,2,0,2,0,0,0,0,3
101632,paola_pilia,,2,0,2,2,0,2,0,0,0,0,3
101633,GiuliaSirigu,,2,0,2,2,0,2,0,0,0,0,3
101634,MartaEcca,,2,0,2,2,0,2,0,0,0,0,3
101635,alecoscino,,2,0,2,2,0,2,0,0,0,0,2
101642,Swanito75,,2,0,2,2,0,2,0,0,0,0,2
101649,makeinindia,,2,0,2,2,0,2,0,0,0,0,2
101656,EnricoVerga,,3,0,3,3,0,3,0,0,0,0,3
101673,EscapingAbroad,,3,0,3,3,0,3,0,0,0,0,2
101677,iafstore,,2,0,2,2,0,2,0,0,0,0,0
101687,CooperativeITA,,2,0,2,2,0,2,0,0,0,0,3
101688,Confcooperativ1,,2,0,2,2,0,2,0,0,0,0,3
101692,RedattoreSocial,,3,0,3,3,0,3,0,0,0,0,3
101693,FedSolidarieta,,2,0,2,2,0,2,0,0,0,0,3
101694,Carlo_Borgomeo,,2,0,2,2,0,2,0,0,0,0,3
101699,Ecosist_CamCom,,2,0,2,2,0,2,0,0,0,0,3
101700,CamCom_gov,,2,0,2,2,0,2,0,0,0,0,7
101703,SAIEfiera,,2,0,2,2,0,2,0,0,0,0,3
101704,ArketipoMag,,2,0,2,2,0,2,0,0,0,0,3
101705,GdArchitettura,,2,0,2,2,0,2,0,0,0,0,3
101709,Edilizianews,,2,0,2,2,0,2,0,0,0,0,3
101712,EdiliziaIT,,3,0,3,3,0,3,0,0,0,0,3
101713,ediliziaitalia,,2,0,2,2,0,2,0,0,0,0,3
101714,GuidaEdilizia,,2,0,2,2,0,2,0,0,0,0,3
101715,24Edilizia,,2,0,2,2,0,2,0,0,0,0,3
101758,sciencegoddess,,2,0,2,2,0,2,0,0,0,0,1
101761,PlanMadrid,,3,0,3,3,0,3,0,0,0,0,1
101768,AvtarRamSingh,,2,0,2,2,0,2,0,0,0,0,3
101774,LelloEsposito5,,2,0,2,2,0,2,0,0,0,0,3
101775,FECIAM_AC,,3,0,3,3,0,3,0,0,0,0,2
101779,IleniaLazzarin,,2,0,2,2,0,2,0,0,0,0,7
101785,eliferracini,,2,0,2,2,0,2,0,0,0,0,2
101787,Francyfioretti,,2,0,2,2,0,2,0,0,0,0,3
101790,farchibugi,,2,0,2,2,0,2,0,0,0,0,3
101806,OssiaLaura,,2,0,2,2,0,2,0,0,0,0,3
101807,iBlulady,,2,0,2,2,0,2,0,0,0,0,2
101810,WTTC,,4,0,4,4,0,4,0,0,0,0,2
101832,LapostrofoAura,,2,0,2,2,0,2,0,0,0,0,2
101836,barbara_895,,2,0,2,2,0,2,0,0,0,0,2
101837,_Luilla_,,2,0,2,2,0,2,0,0,0,0,2
101840,Laretwittarice,,2,0,2,2,0,2,0,0,0,0,3
101856,AlessiaElle,,2,0,2,2,0,2,0,0,0,0,2
101869,AWF_Official,,2,0,2,2,0,2,0,0,0,0,1
101871,EnvDefenseFund,,2,0,2,2,0,2,0,0,0,0,2
101872,SierraClub,,2,0,2,2,0,2,0,0,0,0,1
101884,CornerJob_it,,2,0,2,2,0,2,0,0,0,0,3
101887,teatroKAPITAL,,3,0,3,3,0,3,0,0,0,0,2
101888,LuisAlegreWines,,2,0,2,2,0,2,0,0,0,0,0
101889,EventosFortuny,,2,0,2,2,0,2,0,0,0,0,0
101892,giraldo_ale,,2,0,2,2,0,2,0,0,0,0,3
101913,AgneseSplend,,2,0,2,2,0,2,0,0,0,0,2
101918,roccoscozzarell,,2,0,2,2,0,2,0,0,0,0,2
101921,generaltachin,,2,0,2,2,0,2,0,0,0,0,3
101930,Barneyandco,,2,0,2,2,0,2,0,0,0,0,3
101933,riojanodepura,,3,0,3,3,0,3,0,0,0,0,4
101938,TuttoAforismi,,2,0,2,2,0,2,0,0,0,0,3
101946,journeywonders,,4,0,4,4,0,4,0,0,0,0,7
101948,dexmac221,,2,0,2,2,0,2,0,0,0,0,3
101950,backpackmum1,,3,0,3,3,0,3,0,0,0,0,4
101952,Lascia_Perde,,2,0,2,2,0,2,0,0,0,0,3
101953,IntrepidEscape,,3,0,3,3,0,3,0,0,0,0,4
101987,mattdusk,,3,0,3,3,0,3,0,0,0,0,3
101990,silviagarbe,,2,0,2,2,0,2,0,0,0,0,3
101994,cicciuz09,,2,0,2,2,0,2,0,0,0,0,2
101997,ApunteIndicado,,2,0,2,2,0,2,0,0,0,0,2
101998,elenasantarelli,,3,0,3,3,0,3,0,0,0,0,3
102000,lindsaylohan,,3,0,3,3,0,3,0,0,0,0,2
102001,ParisHilton,,3,0,3,3,0,3,0,0,0,0,2
102002,getbackpacking,,3,0,3,3,0,3,0,0,0,0,7
102004,CarmenConsoli,,3,0,3,3,0,3,0,0,0,0,3
102006,StefanoBollani,,3,0,3,3,0,3,0,0,0,0,3
102009,UmbriaJazz_OFC,,2,0,2,2,0,2,0,0,0,0,3
102010,onlinejazz,,2,0,2,2,0,2,0,0,0,0,3
102019,AlbertHofman72,,2,0,2,2,0,2,0,0,0,0,2
102020,reteimprese,,2,0,2,2,0,2,0,0,0,0,3
102024,CristianHidaIgo,,2,0,2,2,0,2,0,0,0,0,6
102030,AndreaFeczko,,3,0,3,3,0,3,0,0,0,0,7
102031,WanderlustersUK,,3,0,3,3,0,3,0,0,0,0,7
102032,mappingmegan,,3,0,3,3,0,3,0,0,0,0,7
102033,crazyintherain,,2,0,2,2,0,2,0,0,0,0,7
102035,lindsaymc,,2,0,2,2,0,2,0,0,0,0,7
102036,RachelRoams,,3,0,3,3,0,3,0,0,0,0,7
102046,FotoFavolose,,2,0,2,2,0,2,0,0,0,0,3
102052,bitmilano,,3,0,3,3,0,3,0,0,0,0,7
102053,DigitalMarkTu,,3,0,3,3,0,3,0,0,0,0,3
102054,FTourism_JosepE,,3,0,3,3,0,3,0,0,0,0,2
102062,SkodaItalia,,2,0,2,2,0,2,0,0,0,0,7
102069,alquilercanaria,,2,0,2,2,0,2,0,0,0,0,6
102071,LodoValentina,,2,0,2,2,0,2,0,0,0,0,3
102075,BahiazulVillas,,2,0,2,2,0,2,0,0,0,0,6
102086,ukprosurf,,2,0,2,2,0,2,0,0,0,0,1
102101,WWOOF,,3,0,3,3,0,3,0,0,0,0,1
102102,FeniceArde,,2,0,2,2,0,2,0,0,0,0,3
102103,StellaStrala,,2,0,2,2,0,2,0,0,0,0,3
102105,NinaEin,,2,0,2,2,0,2,0,0,0,0,2
102106,GBiamino,,2,0,2,2,0,2,0,0,0,0,2
102119,CordobaCreative,,2,0,2,2,0,2,0,0,0,0,2
102131,KatRinakor,,2,0,2,2,0,2,0,0,0,0,3
102132,GreenComfortPH,,2,0,2,2,0,2,0,0,0,0,3
102145,TecleaTeCrea,,2,0,2,2,0,2,0,0,0,0,0
102152,federicacaladea,,2,0,2,2,0,2,0,0,0,0,2
102153,SchneiderES,,2,0,2,2,0,2,0,0,0,0,6
102154,contraenvidia,,2,0,2,2,0,2,0,0,0,0,6
102167,VP44,,2,0,2,2,0,2,0,0,0,0,1
102172,AmbPower44,,2,0,2,2,0,2,0,0,0,0,1
102181,AUDubai,,3,0,3,3,0,3,0,0,0,0,2
102201,Hip0TEP,,2,0,2,2,0,2,0,0,0,0,6
102212,AnwarGargash,,2,0,2,2,0,2,0,0,0,0,2
102229,nickchatrath,,3,0,3,3,0,3,0,0,0,0,2
102230,bitCAREit,,2,0,2,2,0,2,0,0,0,0,3
102234,XTF_PorTenerife,,2,0,2,2,0,2,0,0,0,0,6
102237,WAAgronomists,,2,0,2,2,0,2,0,0,0,0,3
102266,eddyquemas,,3,0,3,3,0,3,0,0,0,0,4
102274,whitneyEVEport,,2,0,2,2,0,2,0,0,0,0,2
102278,LaurenConrad,,2,0,2,2,0,2,0,0,0,0,2
102281,paisajecanario,,2,0,2,2,0,2,0,0,0,0,0
102284,CasaBotin,,2,0,2,2,0,2,0,0,0,0,4
102286,CaroneTweet,,3,0,3,3,0,3,0,0,0,0,3
102288,SiCameraSocial,,2,0,2,2,0,2,0,0,0,0,3
102291,AuditorioAKraus,,2,0,2,2,0,2,0,0,0,0,3
102293,TeatroPerezGal2,,2,0,2,2,0,2,0,0,0,0,3
102294,112canarias,,2,0,2,2,0,2,0,0,0,0,3
102296,PoliciaLPA,,2,0,2,2,0,2,0,0,0,0,3
102297,Nueva_Canarias,,2,0,2,2,0,2,0,0,0,0,3
102298,GuaguasLPA,,2,0,2,2,0,2,0,0,0,0,3
102299,ProteCivilLPA,,2,0,2,2,0,2,0,0,0,0,3
102300,Juanjocardona_,,2,0,2,2,0,2,0,0,0,0,6
102301,TeatroCuyas,,3,0,3,3,0,3,0,0,0,0,0
102302,GranCanariaJven,,2,0,2,2,0,2,0,0,0,0,3
102304,AyuntamientoLPA,,2,0,2,2,0,2,0,0,0,0,3
102305,LpaCultura,,2,0,2,2,0,2,0,0,0,0,3
102306,QhacerLasPalmas,,2,0,2,2,0,2,0,0,0,0,3
102308,GranCanariaCab,,3,0,3,3,0,3,0,0,0,0,1
102309,Maspalomas,,2,0,2,2,0,2,0,0,0,0,3
102310,LasCanteras,,3,0,3,3,0,3,0,0,0,0,2
102311,LpaVisit,,2,0,2,2,0,2,0,0,0,0,3
102313,7IslasCanarias,,3,0,3,3,0,3,0,0,0,0,0
102316,EmocionesCan,,3,0,3,3,0,3,0,0,0,0,0
102317,turismogc,,2,0,2,2,0,2,0,0,0,0,3
102318,TenerifeInforma,,2,0,2,2,0,2,0,0,0,0,3
102320,webtenerife,,2,0,2,2,0,2,0,0,0,0,3
102321,Tenerife_Ocio,,2,0,2,2,0,2,0,0,0,0,0
102322,costa_adeje,,2,0,2,2,0,2,0,0,0,0,3
102323,VisitTenerifeES,,2,0,2,2,0,2,0,0,0,0,3
102324,IdeasCasas,,2,0,2,2,0,2,0,0,0,0,6
102325,guiaparadecorar,,2,0,2,2,0,2,0,0,0,0,0
102326,CasaOriginal,,2,0,2,2,0,2,0,0,0,0,6
102334,Media_World,,2,0,2,2,0,2,0,0,0,0,3
102340,RobCavalloro,,2,0,2,2,0,2,0,0,0,0,3
102341,eskimon,,3,0,3,3,0,3,0,0,0,0,3
102345,microsoftitalia,,2,0,2,2,0,2,0,0,0,0,3
102347,VodafoneIT,,3,0,3,3,0,3,0,0,0,0,3
102353,arquiservi,,3,0,3,3,0,3,0,0,0,0,6
102355,SamsungItalia,,3,0,3,3,0,3,0,0,0,0,3
102361,QuijoteSolar,,2,0,2,2,0,2,0,0,0,0,3
102363,bpagricolas,,2,0,2,2,0,2,0,0,0,0,3
102364,alternativaver1,,3,0,3,3,0,3,0,0,0,0,6
102366,Energia507,,2,0,2,2,0,2,0,0,0,0,0
102369,carthagebuckley,,3,0,3,3,0,3,0,0,0,0,2
102370,EnergyDrinkRen,,2,0,2,2,0,2,0,0,0,0,1
102371,detectivebogart,,2,0,2,2,0,2,0,0,0,0,3
102372,StrategicSteph,,2,0,2,2,0,2,0,0,0,0,0
102373,joshuanderson,,3,0,3,3,0,3,0,0,0,0,0
102376,wellbelove,,3,0,3,3,0,3,0,0,0,0,7
102378,RobertMAnthony1,,2,0,2,2,0,2,0,0,0,0,2
102380,AliceMartin8,,2,0,2,2,0,2,0,0,0,0,2
102385,invisalign_it,,2,0,2,2,0,2,0,0,0,0,3
102390,ManagersDiary,,4,0,4,4,0,4,0,0,0,0,2
102396,ElMueble,,3,0,3,3,0,3,0,0,0,0,6
102397,ElleDecorationE,,2,0,2,2,0,2,0,0,0,0,0
102398,Nuevo_Estilo,,2,0,2,2,0,2,0,0,0,0,0
102399,casadiez,,3,0,3,3,0,3,0,0,0,0,0
102400,decoestilo,,2,0,2,2,0,2,0,0,0,0,6
102401,decoesfera,,2,0,2,2,0,2,0,0,0,0,6
102409,InterIgual,,2,0,2,2,0,2,0,0,0,0,1
102412,Infoblu_Milano,,3,0,3,3,0,3,0,0,0,0,3
102419,diecimilame,,3,0,3,3,0,3,0,0,0,0,3
102421,ChambersFineArt,,2,0,2,2,0,2,0,0,0,0,0
102422,davide_galanti,,2,0,2,2,0,2,0,0,0,0,3
102423,AvvChierichetti,,2,0,2,2,0,2,0,0,0,0,3
102428,OneKindesign,,2,0,2,2,0,2,0,0,0,0,0
102432,FraGra95,,2,0,2,2,0,2,0,0,0,0,3
102438,micheleemiliano,,2,0,2,2,0,2,0,0,0,0,3
102439,PaoloVerri,,2,0,2,2,0,2,0,0,0,0,2
102441,Carnicasmulas,,2,0,2,2,0,2,0,0,0,0,0
102443,AZ_Jobs_Economy,,2,0,2,2,0,2,0,0,0,0,1
102448,visitarspain,,2,0,2,2,0,2,0,0,0,0,0
102461,Barbarahammer1,,2,0,2,2,0,2,0,0,0,0,2
102462,misSchianto,,2,0,2,2,0,2,0,0,0,0,3
102468,ValentinoRossi,,2,0,2,2,0,2,0,0,0,0,0
102477,dottorgiustizia,,2,0,2,2,0,2,0,0,0,0,3
102479,Giorgiolaporta,,2,0,2,2,0,2,0,0,0,0,3
102483,ocioavila,,2,0,2,2,0,2,0,0,0,0,0
102486,castillayleon,,2,0,2,2,0,2,0,0,0,0,7
102487,tierradesabor,,2,0,2,2,0,2,0,0,0,0,5
102488,CyLesVida,,3,0,3,3,0,3,0,0,0,0,4
102496,egyzia,,2,0,2,2,0,2,0,0,0,0,3
102500,stazzitta,,2,0,2,2,0,2,0,0,0,0,3
102501,pierluigidest,,3,0,3,3,0,3,0,0,0,0,7
102504,italycoach,,3,0,3,3,0,3,0,0,0,0,1
102505,SpanishToMove,,3,0,3,3,0,3,0,0,0,0,4
102508,NatlParkService,,2,0,2,2,0,2,0,0,0,0,3
102509,forestservice,,2,0,2,2,0,2,0,0,0,0,3
102510,USTreasury,,3,0,3,3,0,3,0,0,0,0,3
102512,womenshealth,,2,0,2,2,0,2,0,0,0,0,3
102514,FDArecalls,,2,0,2,2,0,2,0,0,0,0,2
102515,USDAFoodSafety,,2,0,2,2,0,2,0,0,0,0,2
102516,rosaromerocr,,2,0,2,2,0,2,0,0,0,0,6
102517,carmenmaniega,,2,0,2,2,0,2,0,0,0,0,6
102518,martatorrado,,2,0,2,2,0,2,0,0,0,0,6
102524,LucaPalazz0,,2,0,2,2,0,2,0,0,0,0,3
102527,ideaTRE65,,3,0,3,3,0,3,0,0,0,0,3
102529,OrbisTertius3,,3,0,3,3,0,3,0,0,0,0,7
102530,ElisaGraffeo,,2,0,2,2,0,2,0,0,0,0,3
102531,8lalli8,,2,0,2,2,0,2,0,0,0,0,3
102535,Radio_Bike,,2,0,2,2,0,2,0,0,0,0,0
102537,equoevento,,2,0,2,2,0,2,0,0,0,0,3
102538,eciucchi,,3,0,3,3,0,3,0,0,0,0,3
102539,BeatrizEscu,,2,0,2,2,0,2,0,0,0,0,6
102540,dmngo_Bierzo,,2,0,2,2,0,2,0,0,0,0,0
102543,angeluisgonza,,2,0,2,2,0,2,0,0,0,0,6
102544,naturaambiental,,3,0,3,3,0,3,0,0,0,0,4
102547,isaacBIOvega,,2,0,2,2,0,2,0,0,0,0,3
102551,AndreaMblog,,3,0,3,3,0,3,0,0,0,0,3
102553,javier_merino,,2,0,2,2,0,2,0,0,0,0,4
102555,CannovaV,,2,0,2,2,0,2,0,0,0,0,2
102556,OxfamAmerica,,3,0,3,3,0,3,0,0,0,0,3
102557,HHSGov,,2,0,2,2,0,2,0,0,0,0,1
102558,USDA,,3,0,3,3,0,3,0,0,0,0,2
102559,EPA,,2,0,2,2,0,2,0,0,0,0,2
102562,Greenbuild,,2,0,2,2,0,2,0,0,0,0,6
102563,USGBC,,2,0,2,2,0,2,0,0,0,0,3
102570,RevistaQuercus,,3,0,3,3,0,3,0,0,0,0,0
102571,MonteroQuercus,,2,0,2,2,0,2,0,0,0,0,4
102572,eduperero,,2,0,2,2,0,2,0,0,0,0,5
102574,Roberto_R_R,,4,0,4,4,0,4,0,0,0,0,0
102575,ambientologos,,2,0,2,2,0,2,0,0,0,0,6
102576,tu_ambiente,,3,0,3,3,0,3,0,0,0,0,0
102577,EPmedioambiente,,2,0,2,2,0,2,0,0,0,0,4
102578,TecAmbientalMx,,3,0,3,3,0,3,0,0,0,0,4
102579,FMarquezdlr,,2,0,2,2,0,2,0,0,0,0,6
102583,MaraFalconD,,2,0,2,2,0,2,0,0,0,0,6
102584,diarioviajero,,3,0,3,3,0,3,0,0,0,0,2
102586,PazLagoM,,2,0,2,2,0,2,0,0,0,0,6
102589,arredamentoit,,2,0,2,2,0,2,0,0,0,0,3
102593,Architetti_com,,2,0,2,2,0,2,0,0,0,0,3
102594,edilio_it,,2,0,2,2,0,2,0,0,0,0,3
102602,ballenablanca_,,2,0,2,2,0,2,0,0,0,0,4
102609,ConchaBravo,,2,0,2,2,0,2,0,0,0,0,6
102610,nngglarioja,,2,0,2,2,0,2,0,0,0,0,4
102611,LaRiojaPP,,2,0,2,2,0,2,0,0,0,0,4
102612,conrado_escobar,,2,0,2,2,0,2,0,0,0,0,6
102614,CarlosCuevasV,,2,0,2,2,0,2,0,0,0,0,4
102618,gredosdaniel,,2,0,2,2,0,2,0,0,0,0,0
102619,SoloRioja,,3,0,3,3,0,3,0,0,0,0,0
102620,lariojacapital,,2,0,2,2,0,2,0,0,0,0,0
102621,lariojaturismo,,3,0,3,3,0,3,0,0,0,0,4
102624,casaselbulin,,3,0,3,3,0,3,0,0,0,0,7
102626,iacopo_melio,,3,0,3,3,0,3,0,0,0,0,3
102632,MetroNewsItalia,,3,0,3,3,0,3,0,0,0,0,3
102635,gsantambrogio1,,2,0,2,2,0,2,0,0,0,0,3
102637,MassimoGiordani,,3,0,3,3,0,3,0,0,0,0,3
102644,Msia_Pavilion,,3,0,3,3,0,3,0,0,0,0,3
102647,tuitteritalia,,3,0,3,3,0,3,0,0,0,0,1
102651,ExpoSlovenia,,3,0,3,3,0,3,0,0,0,0,3
102654,expoaustria,,2,0,2,2,0,2,0,0,0,0,3
102655,ChileExpoMilan,,3,0,3,3,0,3,0,0,0,0,3
102656,EstoniaExpo2015,,2,0,2,2,0,2,0,0,0,0,3
102657,CZEXPO,,2,0,2,2,0,2,0,0,0,0,3
102658,ExpoPL,,3,0,3,3,0,3,0,0,0,0,3
102659,UKPavilion2020,,3,0,3,3,0,3,0,0,0,0,3
102660,bhpavilion2015,,3,0,3,3,0,3,0,0,0,0,3
102661,LT_EXPO_2015,,3,0,3,3,0,3,0,0,0,0,3
102662,expospain2015,,2,0,2,2,0,2,0,0,0,0,3
102663,RussiaExpo2015,,3,0,3,3,0,3,0,0,0,0,3
102664,FranceExpo2015,,2,0,2,2,0,2,0,0,0,0,3
102665,ThaiExpo2015,,3,0,3,3,0,3,0,0,0,0,3
102666,davideagazzi,,2,0,2,2,0,2,0,0,0,0,3
102670,Collaboriamo,,2,0,2,2,0,2,0,0,0,0,3
102671,ivanapais,,2,0,2,2,0,2,0,0,0,0,3
102674,betapdb,,2,0,2,2,0,2,0,0,0,0,3
102679,SialsolHOME,,2,0,2,2,0,2,0,0,0,0,1
102685,GretaMiliani,,2,0,2,2,0,2,0,0,0,0,3
102686,ilgastronauta,,2,0,2,2,0,2,0,0,0,0,3
102689,ERenovables,,3,0,3,3,0,3,0,0,0,0,4
102692,Expo2015Contact,,3,0,3,3,0,3,0,0,0,0,3
102696,GiardinoRebecca,,3,0,3,3,0,3,0,0,0,0,3
102697,TavoliExpo,,3,0,3,3,0,3,0,0,0,0,3
102698,Expo2015turismo,,3,0,3,3,0,3,0,0,0,0,3
102699,ExpoGate,,3,0,3,3,0,3,0,0,0,0,3
102700,ExpoinCitta,,3,0,3,3,0,3,0,0,0,0,3
102705,SocialGoodKarma,,2,0,2,2,0,2,0,0,0,0,1
102706,DavidKatzPB,,2,0,2,2,0,2,0,0,0,0,2
102708,PlasticBankPHI,,2,0,2,2,0,2,0,0,0,0,1
102709,Thinking4Good,,2,0,2,2,0,2,0,0,0,0,2
102719,NikoRomito,,2,0,2,2,0,2,0,0,0,0,3
102727,Cucina_Italiana,,2,0,2,2,0,2,0,0,0,0,3
102730,scattidigusto,,2,0,2,2,0,2,0,0,0,0,7
102737,ecologiaverde,,3,0,3,3,0,3,0,0,0,0,6
102738,ISMedioambiente,,3,0,3,3,0,3,0,0,0,0,0
102739,Pad_Ita2015,,3,0,3,3,0,3,0,0,0,0,3
102743,Alessia_Bettini,,2,0,2,2,0,2,0,0,0,0,3
102746,rep_firenze,,3,0,3,3,0,3,0,0,0,0,3
102749,BorghiToscana,,3,0,3,3,0,3,0,0,0,0,3
102750,intoscana,,3,0,3,3,0,3,0,0,0,0,3
102751,infofirenze,,3,0,3,3,0,3,0,0,0,0,3
102752,comunefi,,3,0,3,3,0,3,0,0,0,0,3
102756,Piovegovernolad,,3,0,3,3,0,3,0,0,0,0,3
102762,MelsStyles,,3,0,3,3,0,3,0,0,0,0,0
102764,Giulio_Golia,,3,0,3,3,0,3,0,0,0,0,3
102765,agrilameridiana,,2,0,2,2,0,2,0,0,0,0,7
102779,ViaggiOfferte,,2,0,2,2,0,2,0,0,0,0,3
102787,AlessandroZic,,2,0,2,2,0,2,0,0,0,0,3
102791,SurfClubPort,,2,0,2,2,0,2,0,0,0,0,6
102796,PortugueseHome,,3,0,3,3,0,3,0,0,0,0,6
102797,RealJohnRice,,2,0,2,2,0,2,0,0,0,0,6
102801,ArtsteeldiAP,,2,0,2,2,0,2,0,0,0,0,3
102809,Federculture,,2,0,2,2,0,2,0,0,0,0,3
102817,reterurale,,2,0,2,2,0,2,0,0,0,0,3
102819,Disfruting,,2,0,2,2,0,2,0,0,0,0,4
102820,stranezzenelweb,,2,0,2,2,0,2,0,0,0,0,3
102822,FabioPandiscia,,3,0,3,3,0,3,0,0,0,0,3
102827,beCOOLculture,,2,0,2,2,0,2,0,0,0,0,3
102830,_AQOR,,2,0,2,2,0,2,0,0,0,0,6
102833,enpaonlus,,2,0,2,2,0,2,0,0,0,0,3
102835,vivisostenibile,,3,0,3,3,0,3,0,0,0,0,1
102840,NDedizioni,,2,0,2,2,0,2,0,0,0,0,3
102842,Malu_Milano,,2,0,2,2,0,2,0,0,0,0,3
102848,LuoghiDalMondo,,2,0,2,2,0,2,0,0,0,0,3
102849,tuttozampe,,2,0,2,2,0,2,0,0,0,0,2
102860,Altroconsumo,,3,0,3,3,0,3,0,0,0,0,3
102866,judimat,,2,0,2,2,0,2,0,0,0,0,4
102871,l_Aforisma,,2,0,2,2,0,2,0,0,0,0,3
102879,dandad,,2,0,2,2,0,2,0,0,0,0,0
102880,5starportugal,,3,0,3,3,0,3,0,0,0,0,6
102882,designcouncil,,2,0,2,2,0,2,0,0,0,0,0
102883,designlondon,,2,0,2,2,0,2,0,0,0,0,0
102884,TopAforismi,,2,0,2,2,0,2,0,0,0,0,3
102885,ecoazioni,,2,0,2,2,0,2,0,0,0,0,1
102887,IspirazioneZen,,2,0,2,2,0,2,0,0,0,0,3
102889,sostenibilitAct,,2,0,2,2,0,2,0,0,0,0,3
102893,coldiretti,,3,0,3,3,0,3,0,0,0,0,3
102903,JamesDayArt,,3,0,3,3,0,3,0,0,0,0,6
102907,muovity,,2,0,2,2,0,2,0,0,0,0,1
102912,DodoJewels,,2,0,2,2,0,2,0,0,0,0,3
102914,ZHA_News,,2,0,2,2,0,2,0,0,0,0,2
102918,rosybattaglia,,2,0,2,2,0,2,0,0,0,0,3
102932,MotorTrend,,2,0,2,2,0,2,0,0,0,0,2
102934,subaru_usa,,2,0,2,2,0,2,0,0,0,0,2
102940,RegioneMarcheIT,,3,0,3,3,0,3,0,0,0,0,3
102941,federalberghi,,2,0,2,2,0,2,0,0,0,0,3
102942,federturismo,,2,0,2,2,0,2,0,0,0,0,7
102948,NatGeoMagITA,,2,0,2,2,0,2,0,0,0,0,3
102949,SolarIndustry,,2,0,2,2,0,2,0,0,0,0,1
102951,REWorld,,3,0,3,3,0,3,0,0,0,0,1
102952,AWEA,,2,0,2,2,0,2,0,0,0,0,6
102964,donneEuomini,,2,0,2,2,0,2,0,0,0,0,3
102966,SlowTravel_it,,3,0,3,3,0,3,0,0,0,0,1
102967,archforhumanity,,3,0,3,3,0,3,0,0,0,0,1
102968,architects,,2,0,2,2,0,2,0,0,0,0,6
102976,quotidianoweb,,2,0,2,2,0,2,0,0,0,0,3
102977,Basilicata_Tur,,3,0,3,3,0,3,0,0,0,0,3
102979,Ala_Plus_PC,,2,0,2,2,0,2,0,0,0,0,3
102983,Cnaimedia,,2,0,2,2,0,2,0,0,0,0,3
102990,impreseambiente,,2,0,2,2,0,2,0,0,0,0,3
102991,KKLItaliaOnlus,,2,0,2,2,0,2,0,0,0,0,3
102995,altoadige_info,,2,0,2,2,0,2,0,0,0,0,3
102999,NissanUSA,,2,0,2,2,0,2,0,0,0,0,2
103000,mentecritica,,3,0,3,3,0,3,0,0,0,0,3
103003,ultimenotizie,,3,0,3,3,0,3,0,0,0,0,3
103004,Nissan,,2,0,2,2,0,2,0,0,0,0,3
103011,Jeep,,2,0,2,2,0,2,0,0,0,0,3
103015,LandRover,,2,0,2,2,0,2,0,0,0,0,2
103018,Jaguar,,3,0,3,3,0,3,0,0,0,0,2
103019,Audi,,3,0,3,3,0,3,0,0,0,0,0
103020,DucatiMotor,,2,0,2,2,0,2,0,0,0,0,3
103021,agriturtrentino,,2,0,2,2,0,2,0,0,0,0,3
103022,BMWMotorrad,,2,0,2,2,0,2,0,0,0,0,2
103032,ArchReview,,2,0,2,2,0,2,0,0,0,0,4
103033,dolomiti_it,,2,0,2,2,0,2,0,0,0,0,3
103034,campagnamica,,2,0,2,2,0,2,0,0,0,0,3
103037,EIAgov,,2,0,2,2,0,2,0,0,0,0,6
103038,Chiedi_a,,2,0,2,2,0,2,0,0,0,0,3
103043,Puglia_Sounds,,2,0,2,2,0,2,0,0,0,0,3
103044,BeautifulPuglia,,2,0,2,2,0,2,0,0,0,0,1
103045,sistema_puglia,,2,0,2,2,0,2,0,0,0,0,3
103046,RegionePuglia,,3,0,3,3,0,3,0,0,0,0,3
103047,puglia,,2,0,2,2,0,2,0,0,0,0,3
103048,pugliaevents,,2,0,2,2,0,2,0,0,0,0,3
103049,viaggiarepuglia,,3,0,3,3,0,3,0,0,0,0,3
103050,greenbluegedi,,2,0,2,2,0,2,0,0,0,0,3
103051,VisitTrentino,,2,0,2,2,0,2,0,0,0,0,3
103054,valdifassa,,2,0,2,2,0,2,0,0,0,0,3
103055,visitvalsugana,,2,0,2,2,0,2,0,0,0,0,3
103056,visitfiemme,,3,0,3,3,0,3,0,0,0,0,3
103060,GardaTrentino,,2,0,2,2,0,2,0,0,0,0,3
103067,DiscoveryAlps,,2,0,2,2,0,2,0,0,0,0,3
103070,torquepres,,2,0,2,2,0,2,0,0,0,0,7
103076,Heineken_IT,,2,0,2,2,0,2,0,0,0,0,3
103082,Confagricoltura,,2,0,2,2,0,2,0,0,0,0,3
103084,Mipaaf_,,2,0,2,2,0,2,0,0,0,0,3
103089,ElenaMontibui,,2,0,2,2,0,2,0,0,0,0,3
103091,vincpadalinoidv,,2,0,2,2,0,2,0,0,0,0,3
103093,CongareeNPS,,2,0,2,2,0,2,0,0,0,0,2
103095,ParcoGargano,,2,0,2,2,0,2,0,0,0,0,1
103096,myhouseidea,,2,0,2,2,0,2,0,0,0,0,2
103099,lifeintravelita,,3,0,3,3,0,3,0,0,0,0,1
103101,ItalianNotes,,4,0,4,4,0,4,0,0,0,0,7
103105,ParcoDelConero,,2,0,2,2,0,2,0,0,0,0,3
103116,greenbiz_it,,2,0,2,2,0,2,0,0,0,0,3
103117,BMWItalia,,2,0,2,2,0,2,0,0,0,0,3
103119,INTERNIMagazine,,2,0,2,2,0,2,0,0,0,0,3
103120,abitare,,3,0,3,3,0,3,0,0,0,0,3
103123,Klimahouse,,3,0,3,3,0,3,0,0,0,0,3
103124,archiportale,,2,0,2,2,0,2,0,0,0,0,3
103125,ArchitetturaEco,,2,0,2,2,0,2,0,0,0,0,3
103126,insella,,2,0,2,2,0,2,0,0,0,0,3
103127,NPCA,,2,0,2,2,0,2,0,0,0,0,3
103131,CelesteCost,,3,0,3,3,0,3,0,0,0,0,3
103132,oceana,,2,0,2,2,0,2,0,0,0,0,3
103133,parcoappia,,2,0,2,2,0,2,0,0,0,0,3
103138,Innovatec_spa,,2,0,2,2,0,2,0,0,0,0,1
103142,MC_G83,,2,0,2,2,0,2,0,0,0,0,7
103151,VisitAbruzzo_uk,,2,0,2,2,0,2,0,0,0,0,3
103155,ERTourism,,2,0,2,2,0,2,0,0,0,0,7
103156,visit_er,,2,0,2,2,0,2,0,0,0,0,7
103158,turismoER,,2,0,2,2,0,2,0,0,0,0,1
103163,agricolashop,,2,0,2,2,0,2,0,0,0,0,3
103174,SuzukiMotoItaly,,2,0,2,2,0,2,0,0,0,0,7
103175,AlessiaSperosi,,2,0,2,2,0,2,0,0,0,0,3
103197,alfajorenmexico,,2,0,2,2,0,2,0,0,0,0,1
103207,charliemchouse,,2,0,2,2,0,2,0,0,0,0,3
103213,stephencrose,,2,0,2,2,0,2,0,0,0,0,2
103215,fiabonlus,,2,0,2,2,0,2,0,0,0,0,3
103220,SymbolaFondazio,,2,0,2,2,0,2,0,0,0,0,3
103222,bastaCasta,,2,0,2,2,0,2,0,0,0,0,3
103223,simonabonafe,,2,0,2,2,0,2,0,0,0,0,3
103225,ale_moretti,,3,0,3,3,0,3,0,0,0,0,3
103226,SteGiannini,,3,0,3,3,0,3,0,0,0,0,3
103228,mariannamadia,,4,0,4,4,0,4,0,0,0,0,3
103230,smart_Italia,,3,0,3,3,0,3,0,0,0,0,3
103234,abruzzo24ore,,2,0,2,2,0,2,0,0,0,0,3
103236,abruzzoweb,,2,0,2,2,0,2,0,0,0,0,3
103238,visit_abruzzo,,2,0,2,2,0,2,0,0,0,0,3
103239,Regione_Abruzzo,,3,0,3,3,0,3,0,0,0,0,3
103240,paesaggiabruzzo,,2,0,2,2,0,2,0,0,0,0,3
103241,YourAbruzzo,,3,0,3,3,0,3,0,0,0,0,3
103245,greenit_news,,2,0,2,2,0,2,0,0,0,0,3
103249,AlexNeri87,,2,0,2,2,0,2,0,0,0,0,3
103254,nacion,,2,0,2,2,0,2,0,0,0,0,0
103257,Visit_CostaRica,,3,0,3,3,0,3,0,0,0,0,0
103258,lifegate,,2,0,2,2,0,2,0,0,0,0,3
103263,altreconomia,,3,0,3,3,0,3,0,0,0,0,3
103268,ItaloTreno,,3,0,3,3,0,3,0,0,0,0,3
103269,ecosostenibile,,2,0,2,2,0,2,0,0,0,0,3
103270,INGENIOnews,,2,0,2,2,0,2,0,0,0,0,3
103273,KilimangiaroRai,,2,0,2,2,0,2,0,0,0,0,3
103274,liciaanimalie,,2,0,2,2,0,2,0,0,0,0,3
103277,piuturismo,,2,0,2,2,0,2,0,0,0,0,1
103283,My_ValidActor,,3,0,3,3,0,3,0,0,0,0,1
103289,Ecofriends_It,,2,0,2,2,0,2,0,0,0,0,3
103295,vighicarlo,,3,0,3,3,0,3,0,0,0,0,3
103298,EnergyMedFiera,,2,0,2,2,0,2,0,0,0,0,1
103438,claudiovelardi,,2,0,2,2,0,2,0,0,0,0,3
103456,obiettivogreen,,2,0,2,2,0,2,0,0,0,0,3
103494,robdellaseta,,2,0,2,2,0,2,0,0,0,0,3
103495,V_CogliatiDezza,,2,0,2,2,0,2,0,0,0,0,3
103501,massimobray,,3,0,3,3,0,3,0,0,0,0,3
103502,Fondoambiente,,3,0,3,3,0,3,0,0,0,0,3
103506,A_LisaCorrado,,2,0,2,2,0,2,0,0,0,0,3
103508,monicafrassoni,,3,0,3,3,0,3,0,0,0,0,3
103510,toyota_italia,,3,0,3,3,0,3,0,0,0,0,3
103516,ISC_CY,,2,0,2,2,0,2,0,0,0,0,2
103522,Ashton5SOS,,2,0,2,2,0,2,0,0,0,0,2
103523,Calum5SOS,,2,0,2,2,0,2,0,0,0,0,2
103524,katrinken,,2,0,2,2,0,2,0,0,0,0,2
103525,chinasuarez,,3,0,3,3,0,3,0,0,0,0,2
103528,AlexandSierra,,2,0,2,2,0,2,0,0,0,0,2
103530,JosephMorgan,,3,0,3,3,0,3,0,0,0,0,2
103531,CandiceAccola,,3,0,3,3,0,3,0,0,0,0,2
103532,SaraRamirez,,3,0,3,3,0,3,0,0,0,0,2
103533,NYCONLY,,2,0,2,2,0,2,0,0,0,0,2
103534,paulwesley,,3,0,3,3,0,3,0,0,0,0,0
103535,camilluddington,,2,0,2,2,0,2,0,0,0,0,2
103536,sarahdrew,,3,0,3,3,0,3,0,0,0,0,2
103539,iJesseWilliams,,3,0,3,3,0,3,0,0,0,0,2
103541,EllenPompeo,,3,0,3,3,0,3,0,0,0,0,6
103542,PatrickDempsey,,3,0,3,3,0,3,0,0,0,0,6
103546,OfficialGLEEtv,,3,0,3,3,0,3,0,0,0,0,2
103547,DarrenCriss,,3,0,3,3,0,3,0,0,0,0,2
103548,druidDUDE,,2,0,2,2,0,2,0,0,0,0,2
103551,ollymurs,,3,0,3,3,0,3,0,0,0,0,2
103553,Demy_Official,,2,0,2,2,0,2,0,0,0,0,2
103559,Eleni_AlphaTV,,2,0,2,2,0,2,0,0,0,0,2
103565,p_lanzani,,2,0,2,2,0,2,0,0,0,0,2
103566,lalioficial,,3,0,3,3,0,3,0,0,0,0,2
103577,EuropaDeNoche,,2,0,2,2,0,2,0,0,0,0,4
103580,leyre_7,,2,0,2,2,0,2,0,0,0,0,4
103581,EnriqueCalvet,,2,0,2,2,0,2,0,0,0,0,4
103586,UCM_ECONOMICAS,,3,0,3,3,0,3,0,0,0,0,4
103587,ucm_derecho,,2,0,2,2,0,2,0,0,0,0,4
103590,UCM_Europa,,2,0,2,2,0,2,0,0,0,0,4
103591,jefcatalunya,,2,0,2,2,0,2,0,0,0,0,4
103595,GFE_FIRENZE,,2,0,2,2,0,2,0,0,0,0,4
103596,GFE_Pescara,,2,0,2,2,0,2,0,0,0,0,4
103598,BEUMorg,,2,0,2,2,0,2,0,0,0,0,4
103604,AVAPOL,,2,0,2,2,0,2,0,0,0,0,4
103609,aytogetafe,,2,0,2,2,0,2,0,0,0,0,4
103610,CristiaCalle,,2,0,2,2,0,2,0,0,0,0,6
103612,PactforEurope,,3,0,3,3,0,3,0,0,0,0,4
103613,franchigarcia,,2,0,2,2,0,2,0,0,0,0,4
103614,xixote_,,3,0,3,3,0,3,0,0,0,0,4
103623,AlejandroPatino,,2,0,2,2,0,2,0,0,0,0,4
103629,komorebiing,,2,0,2,2,0,2,0,0,0,0,4
103630,OktoberFestLeon,,2,0,2,2,0,2,0,0,0,0,4
103632,SerdeValladolid,,2,0,2,2,0,2,0,0,0,0,4
103633,onlivexperience,,2,0,2,2,0,2,0,0,0,0,4
103638,IAESTE_TLMA,,3,0,3,3,0,3,0,0,0,0,4
103639,purbiola,,2,0,2,2,0,2,0,0,0,0,4
103644,GritoEticoUC3M,,2,0,2,2,0,2,0,0,0,0,4
103645,The_Arenas_7,,2,0,2,2,0,2,0,0,0,0,4
103650,AUM_Nelken,,3,0,3,3,0,3,0,0,0,0,4
103651,DaniLopezRubio,,2,0,2,2,0,2,0,0,0,0,4
103653,lorenzoabadia,,3,0,3,3,0,3,0,0,0,0,4
103655,AlfGomezs,,2,0,2,2,0,2,0,0,0,0,4
103656,soy_teleco,,3,0,3,3,0,3,0,0,0,0,4
103667,UC3MSpotted,,2,0,2,2,0,2,0,0,0,0,3
103672,RuthDomingz,,2,0,2,2,0,2,0,0,0,0,4
103674,M_PilarMoreno,,2,0,2,2,0,2,0,0,0,0,4
103681,todomktpolitic,,2,0,2,2,0,2,0,0,0,0,4
103685,ElHispanam_com,,2,0,2,2,0,2,0,0,0,0,4
103690,alejandroperal,,2,0,2,2,0,2,0,0,0,0,4
103700,anatrescatorce,,2,0,2,2,0,2,0,0,0,0,4
103721,groperiodista,,2,0,2,2,0,2,0,0,0,0,4
103729,mapi1912,,2,0,2,2,0,2,0,0,0,0,4
103734,lauao,,3,0,3,3,0,3,0,0,0,0,4
103743,Alexsc_91,,2,0,2,2,0,2,0,0,0,0,6
103747,maca_puentes,,2,0,2,2,0,2,0,0,0,0,4
103753,MASAEXCELENTE,,2,0,2,2,0,2,0,0,0,0,4
103756,AttacUc3m,,3,0,3,3,0,3,0,0,0,0,4
103757,sobreviveuc3m,,2,0,2,2,0,2,0,0,0,0,4
103765,ofo_ES,,2,0,2,2,0,2,0,0,0,0,6
103772,ROLscience,,2,0,2,2,0,2,0,0,0,0,6
103775,marioescarabajo,,2,0,2,2,0,2,0,0,0,0,6
103776,AlAndalusPhoto,,4,0,4,4,0,4,0,0,0,0,6
103781,cholloaliexpres,,2,0,2,2,0,2,0,0,0,0,5
103782,BuscoUnChollo,,2,0,2,2,0,2,0,0,0,0,6
103784,computerhoy,,3,0,3,3,0,3,0,0,0,0,6
103786,iqugr,,2,0,2,2,0,2,0,0,0,0,6
103788,alcatelmobileES,,3,0,3,3,0,3,0,0,0,0,6
103792,Cepsa,,2,0,2,2,0,2,0,0,0,0,6
103795,firefox,,3,0,3,3,0,3,0,0,0,0,6
103797,Laurita_hr,,2,0,2,2,0,2,0,0,0,0,6
103800,20mDeportes,,2,0,2,2,0,2,0,0,0,0,6
103803,JaviTannhauser,,3,0,3,3,0,3,0,0,0,0,6
103812,QuimiNet,,3,0,3,3,0,3,0,0,0,0,6
103814,ingenierodelmon,,2,0,2,2,0,2,0,0,0,0,6
103815,andreafallen95,,2,0,2,2,0,2,0,0,0,0,6
103821,App_OfThe_Day,,2,0,2,2,0,2,0,0,0,0,6
103825,LauraLeivaRRPP,,2,0,2,2,0,2,0,0,0,0,6
103826,JaimeCosmicLove,,2,0,2,2,0,2,0,0,0,0,6
103834,aidaxr,,2,0,2,2,0,2,0,0,0,0,6
103839,Lydu94,,2,0,2,2,0,2,0,0,0,0,6
103840,NazaJsy,,2,0,2,2,0,2,0,0,0,0,6
103841,CrisPerezRubio,,3,0,3,3,0,3,0,0,0,0,6
103842,Dario_Perezg,,2,0,2,2,0,2,0,0,0,0,6
103849,asjdjasj,,2,0,2,2,0,2,0,0,0,0,6
103855,Isaalwaysmiling,,2,0,2,2,0,2,0,0,0,0,6
103858,carlitos0205,,2,0,2,2,0,2,0,0,0,0,3
103861,ibbsoledad,,2,0,2,2,0,2,0,0,0,0,6
103862,PubDubaiGranada,,3,0,3,3,0,3,0,0,0,0,6
103866,LauraPerSan,,2,0,2,2,0,2,0,0,0,0,6
103871,BeFunkBop,,3,0,3,3,0,3,0,0,0,0,6
103874,YoSoyTuPrima,,2,0,2,2,0,2,0,0,0,0,6
103881,MarisaAfterlife,,2,0,2,2,0,2,0,0,0,0,6
103883,criseltipe,,2,0,2,2,0,2,0,0,0,0,6
103884,SoovilCom,,2,0,2,2,0,2,0,0,0,0,6
103886,DiegoGabirro,,4,0,4,4,0,4,0,0,0,0,6
103889,javitxu2010,,2,0,2,2,0,2,0,0,0,0,6
103890,david_lch,,2,0,2,2,0,2,0,0,0,0,6
103898,adrianrg9,,3,0,3,3,0,3,0,0,0,0,6
103899,missaa1102,,2,0,2,2,0,2,0,0,0,0,6
103900,MartaLazuen,,2,0,2,2,0,2,0,0,0,0,6
103904,Elena_Demelsa,,2,0,2,2,0,2,0,0,0,0,6
103907,AlejanVM,,2,0,2,2,0,2,0,0,0,0,6
103909,AIsabelMC,,2,0,2,2,0,2,0,0,0,0,6
103910,FranVallejo14,,2,0,2,2,0,2,0,0,0,0,6
103911,itsnarak,,2,0,2,2,0,2,0,0,0,0,6
103912,indagandoTV,,2,0,2,2,0,2,0,0,0,0,6
103918,BARRILESUGR,,3,0,3,3,0,3,0,0,0,0,6
103919,BARRILES_IQ_UGR,,3,0,3,3,0,3,0,0,0,0,6
103920,BarrilesUGR1,,3,0,3,3,0,3,0,0,0,0,5
103921,pcactual,,3,0,3,3,0,3,0,0,0,0,6
103922,elandroidelibre,,3,0,3,3,0,3,0,0,0,0,0
103923,RedesTV,,3,0,3,3,0,3,0,0,0,0,4
103927,RubenPadial,,2,0,2,2,0,2,0,0,0,0,6
103928,rosacerrumi,,2,0,2,2,0,2,0,0,0,0,6
103929,VaneHalamadrid,,2,0,2,2,0,2,0,0,0,0,6
103931,Beatriz07513864,,2,0,2,2,0,2,0,0,0,0,6
103934,Diicsynmr_97,,2,0,2,2,0,2,0,0,0,0,6
103943,emprendedores20,,4,0,4,4,0,4,0,0,0,0,0
103944,Cotilleos_UMA,,2,0,2,2,0,2,0,0,0,0,6
103945,hardcorewilldie,,3,0,3,3,0,3,0,0,0,0,0
103948,TeteJunior1,,2,0,2,2,0,2,0,0,0,0,6
103952,santos18600,,2,0,2,2,0,2,0,0,0,0,6
103953,Sand_069,,2,0,2,2,0,2,0,0,0,0,6
103955,d___mp,,3,0,3,3,0,3,0,0,0,0,6
103956,laura_044,,2,0,2,2,0,2,0,0,0,0,6
103957,paatriigoon,,2,0,2,2,0,2,0,0,0,0,6
103958,asesorjlg,,2,0,2,2,0,2,0,0,0,0,6
103960,FranGG98,,2,0,2,2,0,2,0,0,0,0,6
103962,SATJuventud,,3,0,3,3,0,3,0,0,0,0,0
103978,Eulalia_Marin,,2,0,2,2,0,2,0,0,0,0,6
103979,Badillo93,,2,0,2,2,0,2,0,0,0,0,6
103982,GranadaGeoKeda,,3,0,3,3,0,3,0,0,0,0,6
103984,AliAlhazmi,,2,0,2,2,0,2,0,0,0,0,6
103989,lazubia,,2,0,2,2,0,2,0,0,0,0,6
103991,juanmerida11,,2,0,2,2,0,2,0,0,0,0,6
103998,rafacanosantos,,2,0,2,2,0,2,0,0,0,0,6
104000,followrabbit13,,2,0,2,2,0,2,0,0,0,0,4
104001,AntonioGarBueno,,2,0,2,2,0,2,0,0,0,0,5
104004,rvbeng,,2,0,2,2,0,2,0,0,0,0,6
104005,ChocolateMCR,,2,0,2,2,0,2,0,0,0,0,6
104013,CSeguridadsalud,,2,0,2,2,0,2,0,0,0,0,6
104016,lapeceragr,,2,0,2,2,0,2,0,0,0,0,6
104019,jesus99_FS,,2,0,2,2,0,2,0,0,0,0,6
104021,MizzBlondie_,,2,0,2,2,0,2,0,0,0,0,6
104025,MayteReyes4,,2,0,2,2,0,2,0,0,0,0,6
104026,CroqqerES,,2,0,2,2,0,2,0,0,0,0,6
104027,blancaibarrias,,2,0,2,2,0,2,0,0,0,0,6
104029,angelamc_98,,2,0,2,2,0,2,0,0,0,0,6
104031,SolierLopez,,2,0,2,2,0,2,0,0,0,0,6
104035,RemeGarcia_99,,2,0,2,2,0,2,0,0,0,0,6
104039,saruu78,,2,0,2,2,0,2,0,0,0,0,6
104045,PabloOnFire_,,2,0,2,2,0,2,0,0,0,0,6
104054,Rafael58485278,,2,0,2,2,0,2,0,0,0,0,6
104058,InmaGarcia_16,,2,0,2,2,0,2,0,0,0,0,6
104060,afoaeducaciondd,,2,0,2,2,0,2,0,0,0,0,6
104062,basche19,,2,0,2,2,0,2,0,0,0,0,6
104063,Andreea455,,2,0,2,2,0,2,0,0,0,0,6
104064,noelia_ramirezb,,2,0,2,2,0,2,0,0,0,0,6
104076,juaanmrn,,2,0,2,2,0,2,0,0,0,0,6
104078,fjestevez16,,2,0,2,2,0,2,0,0,0,0,6
104079,IRM92_,,2,0,2,2,0,2,0,0,0,0,6
104080,jpcasado_,,2,0,2,2,0,2,0,0,0,0,6
104081,JocelynNoirot,,2,0,2,2,0,2,0,0,0,0,6
104087,discapfis84,,2,0,2,2,0,2,0,0,0,0,6
104088,AlexandraMotek,,2,0,2,2,0,2,0,0,0,0,6
104089,leoncio_andres,,2,0,2,2,0,2,0,0,0,0,6
104090,Sakurasweet,,2,0,2,2,0,2,0,0,0,0,6
104092,FJavierCobo,,2,0,2,2,0,2,0,0,0,0,6
104093,AdolfoLuzardo,,2,0,2,2,0,2,0,0,0,0,6
104094,soymarisaperez,,2,0,2,2,0,2,0,0,0,0,6
104095,davidmunozs17,,2,0,2,2,0,2,0,0,0,0,6
104097,fjgomez10,,2,0,2,2,0,2,0,0,0,0,6
104098,AdGoytia,,2,0,2,2,0,2,0,0,0,0,6
104099,yofrieda,,2,0,2,2,0,2,0,0,0,0,6
104100,UlaBook,,2,0,2,2,0,2,0,0,0,0,6
104101,nataliaortiiiz,,2,0,2,2,0,2,0,0,0,0,6
104102,eutranslaters,,2,0,2,2,0,2,0,0,0,0,6
104105,hhstrawberries,,2,0,2,2,0,2,0,0,0,0,6
104106,elvirapa_,,2,0,2,2,0,2,0,0,0,0,6
104107,MariaPsychopath,,2,0,2,2,0,2,0,0,0,0,6
104108,a_her_c9,,2,0,2,2,0,2,0,0,0,0,6
104109,linkinee,,2,0,2,2,0,2,0,0,0,0,6
104111,DvaliciousCandi,,2,0,2,2,0,2,0,0,0,0,6
104112,JuliaSkupchenko,,2,0,2,2,0,2,0,0,0,0,6
104113,bestkirbyeuwest,,2,0,2,2,0,2,0,0,0,0,6
104114,JaviPoyuo,,3,0,3,3,0,3,0,0,0,0,0
104116,Discotecapp_Ugr,,2,0,2,2,0,2,0,0,0,0,6
104117,Jose07Gallardo,,2,0,2,2,0,2,0,0,0,0,6
104118,GuasYanAlb,,2,0,2,2,0,2,0,0,0,0,6
104119,Enrique_Apostol,,2,0,2,2,0,2,0,0,0,0,6
104120,miguel8blanco,,2,0,2,2,0,2,0,0,0,0,6
104121,oz_dazone,,2,0,2,2,0,2,0,0,0,0,6
104123,alycxanery,,2,0,2,2,0,2,0,0,0,0,6
104124,montalvomanu,,3,0,3,3,0,3,0,0,0,0,6
104126,stevensmendoza,,2,0,2,2,0,2,0,0,0,0,6
104128,v_santelices,,2,0,2,2,0,2,0,0,0,0,6
104129,berika_mtz,,2,0,2,2,0,2,0,0,0,0,6
104133,wimbledonfanesp,,2,0,2,2,0,2,0,0,0,0,6
104134,FactorCarpena,,2,0,2,2,0,2,0,0,0,0,6
104135,RafelCrespiC,,2,0,2,2,0,2,0,0,0,0,6
104136,Leodietista,,2,0,2,2,0,2,0,0,0,0,6
104139,Maricruzlopez82,,2,0,2,2,0,2,0,0,0,0,6
104141,MURCIANO_ANDALU,,2,0,2,2,0,2,0,0,0,0,6
104145,MiguelCampoy6,,2,0,2,2,0,2,0,0,0,0,6
104146,pisosalquilerGR,,2,0,2,2,0,2,0,0,0,0,6
104147,caarmen22_,,2,0,2,2,0,2,0,0,0,0,6
104148,8webES,,2,0,2,2,0,2,0,0,0,0,6
104149,Alejo__0,,2,0,2,2,0,2,0,0,0,0,6
104151,Jejialmalaga,,2,0,2,2,0,2,0,0,0,0,6
104152,EduMarquez3F,,2,0,2,2,0,2,0,0,0,0,6
104153,fgguardiola,,2,0,2,2,0,2,0,0,0,0,6
104156,JonathanMR33,,2,0,2,2,0,2,0,0,0,0,6
104159,Edit_Quaestio,,2,0,2,2,0,2,0,0,0,0,6
104160,lolybec1,,2,0,2,2,0,2,0,0,0,0,6
104166,Angel_L_Hern,,2,0,2,2,0,2,0,0,0,0,6
104167,lectoribus,,2,0,2,2,0,2,0,0,0,0,6
104172,dmolinaf97,,2,0,2,2,0,2,0,0,0,0,6
104175,Cris_Aries98,,2,0,2,2,0,2,0,0,0,0,6
104176,Miriamkikiriki,,2,0,2,2,0,2,0,0,0,0,6
104177,JaimePerez993,,2,0,2,2,0,2,0,0,0,0,6
104183,MigueGrana19,,2,0,2,2,0,2,0,0,0,0,6
104186,ApuntesAndaluci,,3,0,3,3,0,3,0,0,0,0,6
104194,manusanchezbaza,,2,0,2,2,0,2,0,0,0,0,5
104213,pablitosanche,,2,0,2,2,0,2,0,0,0,0,5
104215,valdy27,,2,0,2,2,0,2,0,0,0,0,5
104219,freilica,,2,0,2,2,0,2,0,0,0,0,6
104220,MaraJoverNavarr,,2,0,2,2,0,2,0,0,0,0,1
104227,mari_prls,,2,0,2,2,0,2,0,0,0,0,0
104228,AngelJCisneros,,3,0,3,3,0,3,0,0,0,0,6
104231,PatriziaMaestra,,2,0,2,2,0,2,0,0,0,0,5
104233,ACTIUM_LANGUAGE,,2,0,2,2,0,2,0,0,0,0,1
104234,del0j0,,3,0,3,3,0,3,0,0,0,0,1
104235,bitanton,,3,0,3,3,0,3,0,0,0,0,6
104246,padecirnosotros,,2,0,2,2,0,2,0,0,0,0,6
104260,IGN,,3,0,3,3,0,3,0,0,0,0,6
104262,PlayStation,,4,0,4,4,0,4,0,0,0,0,6
104274,thatgamecompany,,2,0,2,2,0,2,0,0,0,0,6
104276,E3,,3,0,3,3,0,3,0,0,0,0,6
104279,Matthewmatosis,,2,0,2,2,0,2,0,0,0,0,6
104281,CDPROJEKTRED,,2,0,2,2,0,2,0,0,0,0,6
104285,HellyonWhite,,2,0,2,2,0,2,0,0,0,0,6
104291,BlogFinanzasyEc,,2,0,2,2,0,2,0,0,0,0,1
104299,openculture,,3,0,3,3,0,3,0,0,0,0,1
104307,LeMonde_correct,,2,0,2,2,0,2,0,0,0,0,1
104317,learnenglish,,2,0,2,2,0,2,0,0,0,0,1
104318,EcoRennes1,,2,0,2,2,0,2,0,0,0,0,1
104330,CraziestPeoples,,2,0,2,2,0,2,0,0,0,0,1
104379,itsWillyFerrell,,2,0,2,2,0,2,0,0,0,0,1
104389,foalzzz,,2,0,2,2,0,2,0,0,0,0,1
104390,StudentU_UK,,3,0,3,3,0,3,0,0,0,0,1
104391,StudentUniverse,,3,0,3,3,0,3,0,0,0,0,1
104392,simplymeasured,,4,0,4,4,0,4,0,0,0,0,1
104394,ISC_CTU_Prague,,3,0,3,3,0,3,0,0,0,0,1
104395,esnbg,,3,0,3,3,0,3,0,0,0,0,1
104396,APETTI22,,2,0,2,2,0,2,0,0,0,0,1
104401,pepelotas92,,2,0,2,2,0,2,0,0,0,0,1
104410,Menchu38,,2,0,2,2,0,2,0,0,0,0,1
104412,_Cast_La_Mancha,,2,0,2,2,0,2,0,0,0,0,1
104413,CastellaTuiter,,3,0,3,3,0,3,0,0,0,0,5
104419,Maargootaa,,2,0,2,2,0,2,0,0,0,0,5
104421,nerinauta,,2,0,2,2,0,2,0,0,0,0,7
104425,DinaBousselham,,3,0,3,3,0,3,0,0,0,0,5
104434,PacoLuqueG,,3,0,3,3,0,3,0,0,0,0,2
104435,fromkuiperbelt,,2,0,2,2,0,2,0,0,0,0,5
104437,mundoficcion,,2,0,2,2,0,2,0,0,0,0,5
104439,Miguel_An_Roman,,2,0,2,2,0,2,0,0,0,0,5
104441,QuotesJca,,2,0,2,2,0,2,0,0,0,0,5
104447,gorkaotxoa,,2,0,2,2,0,2,0,0,0,0,5
104449,HelenaCondis,,2,0,2,2,0,2,0,0,0,0,5
104451,Chariwi,,2,0,2,2,0,2,0,0,0,0,5
104452,SexualMoodx,,2,0,2,2,0,2,0,0,0,0,5
104453,jmlregalado,,2,0,2,2,0,2,0,0,0,0,5
104514,10SaraD,,2,0,2,2,0,2,0,0,0,0,0
104528,LaFabricaRufian,,2,0,2,2,0,2,0,0,0,0,5
104530,ProgramaDelYuyu,,2,0,2,2,0,2,0,0,0,0,5
104531,bet365,,2,0,2,2,0,2,0,0,0,0,5
104532,BorjaIglesias9,,2,0,2,2,0,2,0,0,0,0,0
104533,ASUS_ib,,2,0,2,2,0,2,0,0,0,0,0
104536,Honor_ES,,3,0,3,3,0,3,0,0,0,0,6
104540,andalugeeks,,2,0,2,2,0,2,0,0,0,0,6
104545,laligatvbar,,3,0,3,3,0,3,0,0,0,0,5
104546,alexclavero81,,2,0,2,2,0,2,0,0,0,0,0
104550,Crespo,,3,0,3,3,0,3,0,0,0,0,2
104551,AGuardado18,,2,0,2,2,0,2,0,0,0,0,5
104553,ACBCOM,,3,0,3,3,0,3,0,0,0,0,5
104564,jpascuaibarrola,,2,0,2,2,0,2,0,0,0,0,5
104565,LaMemoriaRadio,,2,0,2,2,0,2,0,0,0,0,5
104566,izvestia_ru,,2,0,2,2,0,2,0,0,0,0,5
104568,RevistaPanenka,,2,0,2,2,0,2,0,0,0,0,5
104570,PalomadelrioTVE,,2,0,2,2,0,2,0,0,0,0,5
104571,zou_feddal,,2,0,2,2,0,2,0,0,0,0,5
104572,ElDiaDespues,,3,0,3,3,0,3,0,0,0,0,0
104573,MovistarFutbol,,4,0,4,4,0,4,0,0,0,0,5
104574,vamos,,2,0,2,2,0,2,0,0,0,0,5
104577,cabodeplatafest,,2,0,2,2,0,2,0,0,0,0,5
104580,GITE_USAL,,2,0,2,2,0,2,0,0,0,0,5
104581,EducacionUsal,,2,0,2,2,0,2,0,0,0,0,5
104585,I_love_Berlin,,2,0,2,2,0,2,0,0,0,0,2
104588,VentoNacho,,2,0,2,2,0,2,0,0,0,0,5
104589,RiotPropaganda_,,2,0,2,2,0,2,0,0,0,0,5
104590,MrBean,,2,0,2,2,0,2,0,0,0,0,2
104593,DAlighieriSev,,2,0,2,2,0,2,0,0,0,0,5
104594,QSetien,,3,0,3,3,0,3,0,0,0,0,5
104595,7sergioleon,,2,0,2,2,0,2,0,0,0,0,5
104597,pedroveraOyP,,2,0,2,2,0,2,0,0,0,0,6
104600,AngelSubiela,,2,0,2,2,0,2,0,0,0,0,5
104601,NicolasMaduro,,3,0,3,3,0,3,0,0,0,0,0
104602,GranCanariaTur,,2,0,2,2,0,2,0,0,0,0,5
104604,Granadinistas30,,4,0,4,4,0,4,0,0,0,0,5
104605,ManoloMonereo,,2,0,2,2,0,2,0,0,0,0,5
104607,vivagymclubs,,3,0,3,3,0,3,0,0,0,0,0
104609,monicahigueras1,,2,0,2,2,0,2,0,0,0,0,5
104611,andalucistas,,3,0,3,3,0,3,0,0,0,0,0
104616,Coordinadora25S,,2,0,2,2,0,2,0,0,0,0,5
104618,davigallardo,,2,0,2,2,0,2,0,0,0,0,0
104621,Martiitaa92,,2,0,2,2,0,2,0,0,0,0,5
104626,SAT__Granada,,3,0,3,3,0,3,0,0,0,0,0
104627,OnSevilla,,3,0,3,3,0,3,0,0,0,0,0
104628,torredelmarinfo,,3,0,3,3,0,3,0,0,0,0,5
104630,lacamaradelosba,,2,0,2,2,0,2,0,0,0,0,5
104631,SoyLaCalvillo,,2,0,2,2,0,2,0,0,0,0,0
104634,msad_armstrong,,2,0,2,2,0,2,0,0,0,0,6
104635,somosFull,,2,0,2,2,0,2,0,0,0,0,0
104638,waynabox,,3,0,3,3,0,3,0,0,0,0,5
104639,bienvesena2210,,2,0,2,2,0,2,0,0,0,0,5
104642,Ligoteos_UJA,,2,0,2,2,0,2,0,0,0,0,6
104643,XavierDomenechs,,2,0,2,2,0,2,0,0,0,0,5
104645,joaquinarte,,3,0,3,3,0,3,0,0,0,0,5
104653,sevillacentre,,3,0,3,3,0,3,0,0,0,0,1
104659,dani37pacheco,,2,0,2,2,0,2,0,0,0,0,5
104660,FlashScoreES,,2,0,2,2,0,2,0,0,0,0,5
104663,PekkaInversor,,2,0,2,2,0,2,0,0,0,0,5
104667,masterquimica,,2,0,2,2,0,2,0,0,0,0,5
104677,bukaneros92,,2,0,2,2,0,2,0,0,0,0,5
104678,gzapatamadrid,,3,0,3,3,0,3,0,0,0,0,5
104681,fran_bardok,,2,0,2,2,0,2,0,0,0,0,5
104682,unimessina,,4,0,4,4,0,4,0,0,0,0,3
104686,MarbellaAcm,,2,0,2,2,0,2,0,0,0,0,5
104688,Circular_15,,2,0,2,2,0,2,0,0,0,0,5
104693,SoziAlkoholika,,3,0,3,3,0,3,0,0,0,0,2
104700,I__Love__Italy,,3,0,3,3,0,3,0,0,0,0,0
104701,spee_us,,3,0,3,3,0,3,0,0,0,0,5
104703,pascualsergio,,3,0,3,3,0,3,0,0,0,0,5
104704,Aupair_World,,2,0,2,2,0,2,0,0,0,0,5
104708,AprenderG,,3,0,3,3,0,3,0,0,0,0,5
104709,FiestaenSevilla,,2,0,2,2,0,2,0,0,0,0,5
104710,ChespiritoRGB,,3,0,3,3,0,3,0,0,0,0,4
104711,JaleoAndalucia,,3,0,3,3,0,3,0,0,0,0,0
104718,CriissGB,,2,0,2,2,0,2,0,0,0,0,5
104720,GanemosSevilla,,2,0,2,2,0,2,0,0,0,0,0
104730,Amena,,3,0,3,3,0,3,0,0,0,0,0
104735,EnreoSevillano,,2,0,2,2,0,2,0,0,0,0,5
104738,aslandticos,,3,0,3,3,0,3,0,0,0,0,4
104739,PepeMarcasOnlii,,2,0,2,2,0,2,0,0,0,0,6
104743,GenteAlRumbo,,2,0,2,2,0,2,0,0,0,0,5
104750,PodemosSevilla,,2,0,2,2,0,2,0,0,0,0,0
104752,AdriSanMiguel,,2,0,2,2,0,2,0,0,0,0,5
104777,infocontrolSVQ,,2,0,2,2,0,2,0,0,0,0,2
104799,SevillaOcio,,3,0,3,3,0,3,0,0,0,0,0
104812,AltavozEduca,,3,0,3,3,0,3,0,0,0,0,6
104820,DcaValle,,3,0,3,3,0,3,0,0,0,0,5
104828,ToniElSucio,,2,0,2,2,0,2,0,0,0,0,5
104829,ArturoGCampos,,3,0,3,3,0,3,0,0,0,0,5
104872,salapalopalo,,2,0,2,2,0,2,0,0,0,0,5
104879,SaraReyFdez,,2,0,2,2,0,2,0,0,0,0,5
104887,radiomarchena,,2,0,2,2,0,2,0,0,0,0,0
104891,elmundoesnuestr,,2,0,2,2,0,2,0,0,0,0,0
104914,_LaParroquia,,2,0,2,2,0,2,0,0,0,0,5
104918,SevillaPara,,3,0,3,3,0,3,0,0,0,0,4
104938,SabrinaSXX,,2,0,2,2,0,2,0,0,0,0,5
104939,Los_Gritando,,3,0,3,3,0,3,0,0,0,0,2
104961,pbbvmarchena,,2,0,2,2,0,2,0,0,0,0,0
104985,Tatianasnch,,2,0,2,2,0,2,0,0,0,0,6
104986,SevillaActual,,3,0,3,3,0,3,0,0,0,0,0
104991,joserockalcohol,,2,0,2,2,0,2,0,0,0,0,2
105006,elpijodesevilla,,2,0,2,2,0,2,0,0,0,0,0
105009,Capitan_Cobarde,,2,0,2,2,0,2,0,0,0,0,5
105023,LosNarco,,2,0,2,2,0,2,0,0,0,0,5
105027,victormartinluq,,2,0,2,2,0,2,0,0,0,0,0
105038,ConciertosEnSvq,,2,0,2,2,0,2,0,0,0,0,0
105044,FnacSevilla,,2,0,2,2,0,2,0,0,0,0,5
105047,bunburyoficial,,2,0,2,2,0,2,0,0,0,0,4
105110,lavozdemarchena,,2,0,2,2,0,2,0,0,0,0,0
105117,GRAFIMARCH,,2,0,2,2,0,2,0,0,0,0,0
105123,elpelotazocsr,,2,0,2,2,0,2,0,0,0,0,5
105128,losangeles02,,2,0,2,2,0,2,0,0,0,0,0
105130,Manerasdevivir,,3,0,3,3,0,3,0,0,0,0,2
105131,noticiasalb,,2,0,2,2,0,2,0,0,0,0,5
105133,Mojinosescozios,,3,0,3,3,0,3,0,0,0,0,5
105139,rainappsocial,,3,0,3,3,0,3,0,0,0,0,5
105145,BrujulaDeporte,,2,0,2,2,0,2,0,0,0,0,5
105148,PokemonGoNews,,3,0,3,3,0,3,0,0,0,0,6
105158,joseluisn_95,,2,0,2,2,0,2,0,0,0,0,6
105159,MartaAFMariscal,,2,0,2,2,0,2,0,0,0,0,6
105160,SandriMolinero,,2,0,2,2,0,2,0,0,0,0,6
105161,alexis17dcs,,2,0,2,2,0,2,0,0,0,0,6
105163,IC_Datacom,,2,0,2,2,0,2,0,0,0,0,6
105165,marioschz07,,2,0,2,2,0,2,0,0,0,0,6
105167,MattBellamy,,3,0,3,3,0,3,0,0,0,0,6
105169,RamnFernandezg,,2,0,2,2,0,2,0,0,0,0,6
105170,JoseMorenno,,2,0,2,2,0,2,0,0,0,0,6
105171,MarinaGarcia52,,2,0,2,2,0,2,0,0,0,0,6
105172,josepoley7,,2,0,2,2,0,2,0,0,0,0,6
105173,MartaGC_95,,2,0,2,2,0,2,0,0,0,0,6
105174,cristinachaves2,,2,0,2,2,0,2,0,0,0,0,6
105175,paulacg5,,2,0,2,2,0,2,0,0,0,0,6
105179,albi_st,,2,0,2,2,0,2,0,0,0,0,6
105185,LMDOmusic,,3,0,3,3,0,3,0,0,0,0,6
105186,adeshora,,2,0,2,2,0,2,0,0,0,0,6
105187,Nachete516,,2,0,2,2,0,2,0,0,0,0,6
105190,dcodefest,,3,0,3,3,0,3,0,0,0,0,6
105191,BellotLuis,,2,0,2,2,0,2,0,0,0,0,6
105197,LuchitoPez,,2,0,2,2,0,2,0,0,0,0,6
105199,Gasexperiments,,2,0,2,2,0,2,0,0,0,0,6
105201,planodetalle,,2,0,2,2,0,2,0,0,0,0,6
105204,Ale_orti,,2,0,2,2,0,2,0,0,0,0,6
105207,saritagalvez16,,2,0,2,2,0,2,0,0,0,0,6
105208,Antonio__14,,3,0,3,3,0,3,0,0,0,0,6
105211,_ElxaDal,,2,0,2,2,0,2,0,0,0,0,6
105213,ErasmusULB,,2,0,2,2,0,2,0,0,0,0,1
105217,esncanakkale,,2,0,2,2,0,2,0,0,0,0,1
105218,Hogeschool_Gent,,2,0,2,2,0,2,0,0,0,0,1
105219,ArteveldehsGent,,3,0,3,3,0,3,0,0,0,0,1
105221,howest,,2,0,2,2,0,2,0,0,0,0,1
105222,hogeschoolUCLL,,2,0,2,2,0,2,0,0,0,0,1
105223,ehbrussel,,3,0,3,3,0,3,0,0,0,0,1
105225,UCLouvainFUCaM,,2,0,2,2,0,2,0,0,0,0,1
105227,UNamur,,2,0,2,2,0,2,0,0,0,0,1
105228,UniversiteLiege,,4,0,4,4,0,4,0,0,0,0,4
105229,UnivStLouisBxl,,2,0,2,2,0,2,0,0,0,0,1
105230,ESNolympicsMAD,,2,0,2,2,0,2,0,0,0,0,1
105234,IchecBrussels,,2,0,2,2,0,2,0,0,0,0,1
105236,stadleuven,,2,0,2,2,0,2,0,0,0,0,1
105237,oost_vlaanderen,,2,0,2,2,0,2,0,0,0,0,1
105238,vlaams_brabant,,2,0,2,2,0,2,0,0,0,0,1
105239,Stadgent,,2,0,2,2,0,2,0,0,0,0,1
105256,EUinLebanon,,2,0,2,2,0,2,0,0,0,0,1
105259,JanezLenarcic,,2,0,2,2,0,2,0,0,0,0,1
105260,AdinaValean,,2,0,2,2,0,2,0,0,0,0,1
105263,ApostolovaEU,,2,0,2,2,0,2,0,0,0,0,1
105264,Samuel_Zbogar,,2,0,2,2,0,2,0,0,0,0,1
105265,FabriziSem,,2,0,2,2,0,2,0,0,0,0,1
105278,catalangov,,2,0,2,2,0,2,0,0,0,0,2
105280,QUBelfast,,3,0,3,3,0,3,0,0,0,0,1
105284,USUN,,2,0,2,2,0,2,0,0,0,0,2
105292,RusMission_EU,,3,0,3,3,0,3,0,0,0,0,1
105302,errnews,,2,0,2,2,0,2,0,0,0,0,1
105323,ExtSpoxEU,,2,0,2,2,0,2,0,0,0,0,1
105324,DryNet_project,,2,0,2,2,0,2,0,0,0,0,3
105353,socbxl,,3,0,3,3,0,3,0,0,0,0,1
105378,SlovakiaMFA,,2,0,2,2,0,2,0,0,0,0,1
105379,MFAestonia,,3,0,3,3,0,3,0,0,0,0,1
105380,Latvian_MFA,,2,0,2,2,0,2,0,0,0,0,1
105388,idebate_uk,,2,0,2,2,0,2,0,0,0,0,1
105408,carclemar,,2,0,2,2,0,2,0,0,0,0,1
105409,TheNationalNews,,2,0,2,2,0,2,0,0,0,0,2
105413,avast_antivirus,,2,0,2,2,0,2,0,0,0,0,1
105429,KentBSIS,,2,0,2,2,0,2,0,0,0,0,1
105430,gchumanrights,,2,0,2,2,0,2,0,0,0,0,2
105438,RebHarms,,2,0,2,2,0,2,0,0,0,0,1
105453,Ambrosetti_,,2,0,2,2,0,2,0,0,0,0,1
105458,SwissCore,,3,0,3,3,0,3,0,0,0,0,1
105460,QEDBrussels,,2,0,2,2,0,2,0,0,0,0,1
105471,MarkGrayEU,,2,0,2,2,0,2,0,0,0,0,1
105472,EU_Gateway,,2,0,2,2,0,2,0,0,0,0,1
105474,EuropeaEU,,2,0,2,2,0,2,0,0,0,0,3
105483,EuropeDirectCue,,2,0,2,2,0,2,0,0,0,0,1
105488,danutahuebner,,2,0,2,2,0,2,0,0,0,0,1
105492,FoEint,,2,0,2,2,0,2,0,0,0,0,1
105493,DamianoZoffoli,,2,0,2,2,0,2,0,0,0,0,1
105514,allevents_in,,2,0,2,2,0,2,0,0,0,0,7
105521,een4ispo,,2,0,2,2,0,2,0,0,0,0,1
105523,ICT_Europe,,3,0,3,3,0,3,0,0,0,0,1
105524,EENSW_IP,,2,0,2,2,0,2,0,0,0,0,1
105553,M_TellesFreitas,,2,0,2,2,0,2,0,0,0,0,1
105554,FP7_Projects,,2,0,2,2,0,2,0,0,0,0,1
105558,ED_Szczecin,,2,0,2,2,0,2,0,0,0,0,1
105584,AgrofoodEEN,,2,0,2,2,0,2,0,0,0,0,0
105585,EEN_CR,,2,0,2,2,0,2,0,0,0,0,1
105606,een_madrid,,2,0,2,2,0,2,0,0,0,0,0
105608,ED_AndaluciaRur,,2,0,2,2,0,2,0,0,0,0,1
105611,CdeDiscipol,,2,0,2,2,0,2,0,0,0,0,1
105613,AngelikaMlinar,,2,0,2,2,0,2,0,0,0,0,1
105618,MeTooEP,,3,0,3,3,0,3,0,0,0,0,1
105619,ICTSD,,2,0,2,2,0,2,0,0,0,0,1
105622,CIEDClermont63,,2,0,2,2,0,2,0,0,0,0,1
105633,esach_spirit,,2,0,2,2,0,2,0,0,0,0,1
105636,EuropeDirectCs,,2,0,2,2,0,2,0,0,0,0,1
105638,EuropeDirectMlg,,2,0,2,2,0,2,0,0,0,0,1
105639,CDEUnicz,,2,0,2,2,0,2,0,0,0,0,1
105641,europedirectCN,,2,0,2,2,0,2,0,0,0,0,1
105642,europedirectbs,,2,0,2,2,0,2,0,0,0,0,1
105643,EdicSenica,,2,0,2,2,0,2,0,0,0,0,1
105648,EDSlupsk,,2,0,2,2,0,2,0,0,0,0,1
105649,EdicBarletta,,2,0,2,2,0,2,0,0,0,0,1
105650,EDIC_OLT,,2,0,2,2,0,2,0,0,0,0,1
105661,Eventful,,2,0,2,2,0,2,0,0,0,0,7
105662,demsoc,,3,0,3,3,0,3,0,0,0,0,1
105666,ImprontaEtica,,2,0,2,2,0,2,0,0,0,0,1
105678,ERTICO,,2,0,2,2,0,2,0,0,0,0,1
105681,HelsinkiEU,,2,0,2,2,0,2,0,0,0,0,1
105688,eyconservatives,,2,0,2,2,0,2,0,0,0,0,1
105692,MSEurope,,3,0,3,3,0,3,0,0,0,0,1
105696,EuropeDirectVR,,2,0,2,2,0,2,0,0,0,0,1
105703,CguzelTurkuaz,,2,0,2,2,0,2,0,0,0,0,2
105723,EU_group,,2,0,2,2,0,2,0,0,0,0,1
105724,HvA,,3,0,3,3,0,3,0,0,0,0,1
105726,LSEnews,,3,0,3,3,0,3,0,0,0,0,2
105727,AUParis,,3,0,3,3,0,3,0,0,0,0,4
105728,sheffielduni,,3,0,3,3,0,3,0,0,0,0,1
105732,SwissmissionEU,,3,0,3,3,0,3,0,0,0,0,1
105737,StaffsEDIC,,2,0,2,2,0,2,0,0,0,0,1
105754,PEFMEDproject,,2,0,2,2,0,2,0,0,0,0,0
105769,novanexia,,2,0,2,2,0,2,0,0,0,0,8
105770,ItalyatNATO,,2,0,2,2,0,2,0,0,0,0,3
105774,PlayStationEU,,3,0,3,3,0,3,0,0,0,0,2
105780,KreativnaEuropa,,2,0,2,2,0,2,0,0,0,0,1
105788,EPtrainees,,2,0,2,2,0,2,0,0,0,0,1
105854,mySMARTLife_eu,,2,0,2,2,0,2,0,0,0,0,1
105872,ATEE_Brussels,,2,0,2,2,0,2,0,0,0,0,1
105874,MHESME,,2,0,2,2,0,2,0,0,0,0,1
105911,NKEUSrbija,,2,0,2,2,0,2,0,0,0,0,1
105915,EUinfoNS,,2,0,2,2,0,2,0,0,0,0,1
105916,EvropskiPokret,,2,0,2,2,0,2,0,0,0,0,1
105925,eventbrite,,3,0,3,3,0,3,0,0,0,0,0
105928,UNAIDS,,3,0,3,3,0,3,0,0,0,0,1
105937,ChinaDailyEU,,2,0,2,2,0,2,0,0,0,0,1
105938,womensday,,3,0,3,3,0,3,0,0,0,0,7
105947,forfinancewatch,,2,0,2,2,0,2,0,0,0,0,1
105951,G_Voskopoulos,,2,0,2,2,0,2,0,0,0,0,1
105960,Europarl_CS,,3,0,3,3,0,3,0,0,0,0,1
105975,TGEUorg,,2,0,2,2,0,2,0,0,0,0,2
105977,EIUPerspectives,,2,0,2,2,0,2,0,0,0,0,0
105984,ideasfromeurope,,2,0,2,2,0,2,0,0,0,0,1
105987,EdicDo,,2,0,2,2,0,2,0,0,0,0,1
105988,Bulgaria,,2,0,2,2,0,2,0,0,0,0,2
105994,kmkpad,,2,0,2,2,0,2,0,0,0,0,1
105996,AEDEfr,,2,0,2,2,0,2,0,0,0,0,1
106003,oppsforafricans,,2,0,2,2,0,2,0,0,0,0,1
106004,eacdonline,,2,0,2,2,0,2,0,0,0,0,4
106009,CocaCola_EU,,2,0,2,2,0,2,0,0,0,0,1
106014,StPapagianneas,,2,0,2,2,0,2,0,0,0,0,1
106015,anjaduc,,3,0,3,3,0,3,0,0,0,0,1
106023,indaloazul,,2,0,2,2,0,2,0,0,0,0,6
106036,DeisNadia,,2,0,2,2,0,2,0,0,0,0,1
106054,me4eu,,2,0,2,2,0,2,0,0,0,0,1
106057,EUinSA,,2,0,2,2,0,2,0,0,0,0,1
106066,FightExtremism,,2,0,2,2,0,2,0,0,0,0,1
106069,MichaelMarmot,,2,0,2,2,0,2,0,0,0,0,2
106072,Cofferati,,2,0,2,2,0,2,0,0,0,0,1
106088,EU_vitcal,,2,0,2,2,0,2,0,0,0,0,1
106092,NiccoloMilanese,,3,0,3,3,0,3,0,0,0,0,1
106104,WL4EU,,2,0,2,2,0,2,0,0,0,0,1
106118,PAAdvisors,,2,0,2,2,0,2,0,0,0,0,3
106123,NomosCSP,,2,0,2,2,0,2,0,0,0,0,1
106126,paoloalli,,2,0,2,2,0,2,0,0,0,0,3
106134,emsa_europe,,2,0,2,2,0,2,0,0,0,0,1
106138,FEDEMAC_Europe,,2,0,2,2,0,2,0,0,0,0,2
106140,Young_FoEE,,2,0,2,2,0,2,0,0,0,0,1
106150,CDE_UniMacerata,,2,0,2,2,0,2,0,0,0,0,1
106160,little_Brussels,,2,0,2,2,0,2,0,0,0,0,2
106162,flanderstoday,,2,0,2,2,0,2,0,0,0,0,1
106163,flandersnews,,2,0,2,2,0,2,0,0,0,0,2
106164,RadioXEU,,3,0,3,3,0,3,0,0,0,0,2
106165,ExpatBelgium,,2,0,2,2,0,2,0,0,0,0,1
106167,Eesti100,,2,0,2,2,0,2,0,0,0,0,1
106171,Evropax,,2,0,2,2,0,2,0,0,0,0,1
106173,edicreggiocal,,2,0,2,2,0,2,0,0,0,0,1
106174,CDEunimol,,2,0,2,2,0,2,0,0,0,0,1
106175,CdeUnivr,,2,0,2,2,0,2,0,0,0,0,1
106176,CDEUniTeramo,,3,0,3,3,0,3,0,0,0,0,3
106177,CdeUniss,,2,0,2,2,0,2,0,0,0,0,1
106185,zerowasteeurope,,2,0,2,2,0,2,0,0,0,0,1
106186,2EWWR,,2,0,2,2,0,2,0,0,0,0,1
106197,WRicciardi,,3,0,3,3,0,3,0,0,0,0,3
106202,Isa_Adinolfi,,3,0,3,3,0,3,0,0,0,0,3
106209,GEG_org,,2,0,2,2,0,2,0,0,0,0,1
106213,ericajanelee,,3,0,3,3,0,3,0,0,0,0,1
106214,AGCOMunica,,3,0,3,3,0,3,0,0,0,0,3
106217,citoyennes_eur,,3,0,3,3,0,3,0,0,0,0,1
106230,A_WintersteinEC,,2,0,2,2,0,2,0,0,0,0,1
106237,EP_in_MUC,,2,0,2,2,0,2,0,0,0,0,1
106238,EPP_MT,,2,0,2,2,0,2,0,0,0,0,1
106246,SofceJovanovska,,3,0,3,3,0,3,0,0,0,0,1
106250,coeur_europa,,2,0,2,2,0,2,0,0,0,0,1
106252,EpacaEU,,2,0,2,2,0,2,0,0,0,0,1
106271,EULawPol57,,2,0,2,2,0,2,0,0,0,0,1
106275,DOImalta,,2,0,2,2,0,2,0,0,0,0,1
106280,USNATO,,3,0,3,3,0,3,0,0,0,0,2
106283,jameskanter,,2,0,2,2,0,2,0,0,0,0,2
106289,eurohumph,,2,0,2,2,0,2,0,0,0,0,1
106290,IRSchuman_,,2,0,2,2,0,2,0,0,0,0,1
106293,JEFFreiburg,,2,0,2,2,0,2,0,0,0,0,1
106295,MiKarnitschnig,,2,0,2,2,0,2,0,0,0,0,1
106297,FrancoFrattini,,3,0,3,3,0,3,0,0,0,0,3
106299,StollmeyerEU,,2,0,2,2,0,2,0,0,0,0,2
106300,DossierEuropaEU,,2,0,2,2,0,2,0,0,0,0,1
106302,acpYPN,,2,0,2,2,0,2,0,0,0,0,1
106319,ExpatsinBxl,,3,0,3,3,0,3,0,0,0,0,2
106321,BrusselsExpats,,3,0,3,3,0,3,0,0,0,0,2
106322,CityBrussels,,2,0,2,2,0,2,0,0,0,0,1
106326,esn_health,,2,0,2,2,0,2,0,0,0,0,1
106344,IEP_Berlin,,2,0,2,2,0,2,0,0,0,0,1
106346,PatricielloAldo,,2,0,2,2,0,2,0,0,0,0,1
106347,fulviomartuscie,,2,0,2,2,0,2,0,0,0,0,1
106349,EGardini,,2,0,2,2,0,2,0,0,0,0,1
106350,Ale_Mussolini_,,2,0,2,2,0,2,0,0,0,0,1
106353,comilara,,2,0,2,2,0,2,0,0,0,0,1
106356,112_sos,,2,0,2,2,0,2,0,0,0,0,0
106358,sanneweber,,2,0,2,2,0,2,0,0,0,0,1
106359,EmmaMcClarkin,,2,0,2,2,0,2,0,0,0,0,1
106360,GlenisWillmott,,2,0,2,2,0,2,0,0,0,0,1
106361,Jude_KD,,2,0,2,2,0,2,0,0,0,0,1
106362,LindaMcAvanMEP,,2,0,2,2,0,2,0,0,0,0,1
106363,SHKMEP,,2,0,2,2,0,2,0,0,0,0,1
106364,ClareMoodySW,,2,0,2,2,0,2,0,0,0,0,1
106366,MHohlmeier,,2,0,2,2,0,2,0,0,0,0,1
106371,HNPbrussel,,2,0,2,2,0,2,0,0,0,0,1
106375,EleonoraEvi,,2,0,2,2,0,2,0,0,0,0,1
106379,catherinemep,,3,0,3,3,0,3,0,0,0,0,1
106380,EvaKailiMEP,,2,0,2,2,0,2,0,0,0,0,1
106381,SyedKamall,,2,0,2,2,0,2,0,0,0,0,1
106382,ghokmark,,2,0,2,2,0,2,0,0,0,0,1
106384,CeciliaWikstrom,,3,0,3,3,0,3,0,0,0,0,1
106385,NeenaGmep,,2,0,2,2,0,2,0,0,0,0,1
106388,PaulBrannenNE,,2,0,2,2,0,2,0,0,0,0,1
106389,AnnelieseDodds,,2,0,2,2,0,2,0,0,0,0,1
106391,DanielJHannan,,2,0,2,2,0,2,0,0,0,0,1
106392,GreenPartyMolly,,2,0,2,2,0,2,0,0,0,0,1
106393,M_AndersonSF,,2,0,2,2,0,2,0,0,0,0,1
106395,GreenKeithMEP,,2,0,2,2,0,2,0,0,0,0,1
106396,Afzal4Gorton,,2,0,2,2,0,2,0,0,0,0,1
106397,LNBDublin,,3,0,3,3,0,3,0,0,0,0,1
106399,Groote,,2,0,2,2,0,2,0,0,0,0,1
106403,OlgaSehnalova,,2,0,2,2,0,2,0,0,0,0,1
106405,ilhankyuchyuk,,2,0,2,2,0,2,0,0,0,0,1
106406,AnnaMariaCB,,3,0,3,3,0,3,0,0,0,0,1
106415,tfajon,,2,0,2,2,0,2,0,0,0,0,1
106417,caspary,,2,0,2,2,0,2,0,0,0,0,1
106418,Andreas_Schwab,,2,0,2,2,0,2,0,0,0,0,1
106419,schulzeeuropa,,3,0,3,3,0,3,0,0,0,0,1
106422,AxelVossMdEP,,3,0,3,3,0,3,0,0,0,0,1
106424,EUTheurer,,2,0,2,2,0,2,0,0,0,0,1
106426,jo_leinen,,3,0,3,3,0,3,0,0,0,0,1
106429,Europarl_EL,,3,0,3,3,0,3,0,0,0,0,1
106430,Europarl_FI,,2,0,2,2,0,2,0,0,0,0,1
106431,EP_Sverige,,2,0,2,2,0,2,0,0,0,0,1
106435,EurodeskLT,,3,0,3,3,0,3,0,0,0,0,1
106436,EuropeAmiens,,2,0,2,2,0,2,0,0,0,0,1
106438,InsidEU_blog,,2,0,2,2,0,2,0,0,0,0,3
106442,SexyEurope2014,,3,0,3,3,0,3,0,0,0,0,1
106443,EU_Bonn,,2,0,2,2,0,2,0,0,0,0,1
106444,UCLEvents,,3,0,3,3,0,3,0,0,0,0,1
106447,EUenergysavings,,2,0,2,2,0,2,0,0,0,0,1
106450,europe_rhonealp,,3,0,3,3,0,3,0,0,0,0,1
106454,JosephMuscat_JM,,3,0,3,3,0,3,0,0,0,0,3
106456,ICTSD_Puentes,,2,0,2,2,0,2,0,0,0,0,1
106461,KoenDoens,,3,0,3,3,0,3,0,0,0,0,2
106466,StartUpEUAwards,,2,0,2,2,0,2,0,0,0,0,0
106471,EurodeskSverige,,3,0,3,3,0,3,0,0,0,0,1
106472,Policy_Exchange,,2,0,2,2,0,2,0,0,0,0,1
106480,EncompassEurope,,2,0,2,2,0,2,0,0,0,0,1
106481,Rinaldi_David,,2,0,2,2,0,2,0,0,0,0,1
106488,mepassistants,,2,0,2,2,0,2,0,0,0,0,1
106497,isabelleCoustet,,2,0,2,2,0,2,0,0,0,0,1
106500,vickyford,,2,0,2,2,0,2,0,0,0,0,1
106502,PressClubBXLEU,,2,0,2,2,0,2,0,0,0,0,1
106510,Stella_Vaskoudi,,2,0,2,2,0,2,0,0,0,0,1
106511,LiaQuartapelle,,3,0,3,3,0,3,0,0,0,0,3
106513,MarcoPiantini,,2,0,2,2,0,2,0,0,0,0,3
106552,ddalton40,,3,0,3,3,0,3,0,0,0,0,1
106554,USITA_forum,,2,0,2,2,0,2,0,0,0,0,3
106558,EUROCAREBRUSSEL,,2,0,2,2,0,2,0,0,0,0,1
106560,UNDPEU,,2,0,2,2,0,2,0,0,0,0,1
106561,MarianMarinescu,,2,0,2,2,0,2,0,0,0,0,1
106564,IvanaJemelkova,,2,0,2,2,0,2,0,0,0,0,1
106565,ph_lamberts,,2,0,2,2,0,2,0,0,0,0,1
106578,GCU_RIO,,2,0,2,2,0,2,0,0,0,0,1
106582,EurodeskNorway,,4,0,4,4,0,4,0,0,0,0,1
106587,catalunyaeuropa,,2,0,2,2,0,2,0,0,0,0,1
106588,EurodeskBG,,4,0,4,4,0,4,0,0,0,0,1
106590,EurodeskAlaquas,,4,0,4,4,0,4,0,0,0,0,1
106591,EDSsk,,2,0,2,2,0,2,0,0,0,0,1
106599,googleeurope,,3,0,3,3,0,3,0,0,0,0,1
106603,EU_ECHA,,2,0,2,2,0,2,0,0,0,0,1
106605,EFDBrussels,,3,0,3,3,0,3,0,0,0,0,1
106606,BRUZZbe,,2,0,2,2,0,2,0,0,0,0,1
106609,zpz_polbru,,2,0,2,2,0,2,0,0,0,0,1
106616,EURESVeneto,,2,0,2,2,0,2,0,0,0,0,1
106627,SilviaCostaEU,,3,0,3,3,0,3,0,0,0,0,3
106633,JeanLambertLDN,,2,0,2,2,0,2,0,0,0,0,1
106634,EUmakerweek,,2,0,2,2,0,2,0,0,0,0,0
106636,ONEinEU,,2,0,2,2,0,2,0,0,0,0,1
106640,euvisions,,3,0,3,3,0,3,0,0,0,0,3
106660,DominiqueOstyn,,2,0,2,2,0,2,0,0,0,0,1
106661,VRoziere,,2,0,2,2,0,2,0,0,0,0,1
106663,SophieintVeld,,3,0,3,3,0,3,0,0,0,0,1
106664,gabbariele,,2,0,2,2,0,2,0,0,0,0,3
106676,beatrizbecerrab,,3,0,3,3,0,3,0,0,0,0,0
106677,EHRC,,2,0,2,2,0,2,0,0,0,0,1
106679,fadilalaanan,,2,0,2,2,0,2,0,0,0,0,1
106680,Mariearenaps,,2,0,2,2,0,2,0,0,0,0,1
106686,CitiesSummit,,2,0,2,2,0,2,0,0,0,0,1
106689,tsm_blogging,,2,0,2,2,0,2,0,0,0,0,2
106693,AlessiaMorani,,4,0,4,4,0,4,0,0,0,0,3
106698,ihecs,,3,0,3,3,0,3,0,0,0,0,4
106706,HispaVista,,2,0,2,2,0,2,0,0,0,0,1
106710,EUROPEUMPrague,,2,0,2,2,0,2,0,0,0,0,1
106711,UNCDF,,2,0,2,2,0,2,0,0,0,0,3
106712,EFSI_EU,,2,0,2,2,0,2,0,0,0,0,1
106713,NicolaCaputo,,2,0,2,2,0,2,0,0,0,0,1
106715,PaulRuebig,,2,0,2,2,0,2,0,0,0,0,1
106719,C_Stihler,,2,0,2,2,0,2,0,0,0,0,1
106721,dodspeople_eu,,2,0,2,2,0,2,0,0,0,0,1
106723,EdelmanDigital,,2,0,2,2,0,2,0,0,0,0,2
106724,a_jongerius,,2,0,2,2,0,2,0,0,0,0,1
106727,SebMarx,,2,0,2,2,0,2,0,0,0,0,1
106730,MarieCDonnelly,,2,0,2,2,0,2,0,0,0,0,1
106733,IroShamiladze,,2,0,2,2,0,2,0,0,0,0,6
106739,euractivsk,,3,0,3,3,0,3,0,0,0,0,7
106748,KeohaneDan,,3,0,3,3,0,3,0,0,0,0,1
106749,maxdedonato,,2,0,2,2,0,2,0,0,0,0,3
106753,marctarabella,,2,0,2,2,0,2,0,0,0,0,1
106757,SimonBusuttil,,2,0,2,2,0,2,0,0,0,0,1
106759,MarleneMizzi,,2,0,2,2,0,2,0,0,0,0,1
106761,Miriamdalli,,3,0,3,3,0,3,0,0,0,0,1
106765,sustain_cities,,2,0,2,2,0,2,0,0,0,0,1
106769,GarunyaW,,2,0,2,2,0,2,0,0,0,0,1
106779,HuaweiEU,,2,0,2,2,0,2,0,0,0,0,1
106783,UC_Campania,,2,0,2,2,0,2,0,0,0,0,1
106787,UCL_ISR,,2,0,2,2,0,2,0,0,0,0,2
106796,GFENapoli,,2,0,2,2,0,2,0,0,0,0,1
106800,eDiplomat,,2,0,2,2,0,2,0,0,0,0,1
106802,CarmenPeter,,2,0,2,2,0,2,0,0,0,0,1
106808,GlenKCampbell,,2,0,2,2,0,2,0,0,0,0,1
106809,TTCSP,,2,0,2,2,0,2,0,0,0,0,1
106817,IanDuncanHMG,,2,0,2,2,0,2,0,0,0,0,1
106819,lumos,,2,0,2,2,0,2,0,0,0,0,5
106821,Dutchinnovation,,2,0,2,2,0,2,0,0,0,0,1
106825,FOP_Project,,2,0,2,2,0,2,0,0,0,0,1
106832,Europarl_ET,,2,0,2,2,0,2,0,0,0,0,1
106834,Europarl_BG,,3,0,3,3,0,3,0,0,0,0,2
106835,EDIWOfficial,,2,0,2,2,0,2,0,0,0,0,1
106836,undividedeurope,,3,0,3,3,0,3,0,0,0,0,1
106844,ClintonFdn,,3,0,3,3,0,3,0,0,0,0,1
106848,BrusselsInterns,,3,0,3,3,0,3,0,0,0,0,1
106849,ECFRWiderEurope,,3,0,3,3,0,3,0,0,0,0,1
106850,europeansting,,2,0,2,2,0,2,0,0,0,0,1
106854,europanu,,2,0,2,2,0,2,0,0,0,0,1
106860,EUinWroclaw,,3,0,3,3,0,3,0,0,0,0,1
106862,eu2015lu,,2,0,2,2,0,2,0,0,0,0,1
106863,FinnovaEU,,2,0,2,2,0,2,0,0,0,0,0
106864,EdelmanBXL,,2,0,2,2,0,2,0,0,0,0,1
106871,KEAtweets,,2,0,2,2,0,2,0,0,0,0,1
106874,eapcsf,,2,0,2,2,0,2,0,0,0,0,1
106884,esEuropa_,,2,0,2,2,0,2,0,0,0,0,4
106885,JCITHOE,,3,0,3,3,0,3,0,0,0,0,1
106888,yBBregions,,2,0,2,2,0,2,0,0,0,0,1
106891,ChinaEUMission,,3,0,3,3,0,3,0,0,0,0,1
106906,Horizon2020_ire,,2,0,2,2,0,2,0,0,0,0,1
106907,URJCHorizon2020,,3,0,3,3,0,3,0,0,0,0,4
106909,UEenChile,,2,0,2,2,0,2,0,0,0,0,1
106911,JEF_Lorraine,,2,0,2,2,0,2,0,0,0,0,8
106922,RDABacka,,2,0,2,2,0,2,0,0,0,0,1
106924,Standards4EU,,2,0,2,2,0,2,0,0,0,0,1
106925,AutismEurope,,3,0,3,3,0,3,0,0,0,0,1
106928,SP_European,,2,0,2,2,0,2,0,0,0,0,1
106935,COSLAEurope,,2,0,2,2,0,2,0,0,0,0,1
106937,epsotraining,,2,0,2,2,0,2,0,0,0,0,1
106946,MDE_Lyon,,3,0,3,3,0,3,0,0,0,0,3
106952,EUILib,,2,0,2,2,0,2,0,0,0,0,1
106955,UKECC,,2,0,2,2,0,2,0,0,0,0,1
106957,MedCities,,2,0,2,2,0,2,0,0,0,0,1
106960,EUJapanCentre,,2,0,2,2,0,2,0,0,0,0,1
106962,PACEEurope,,3,0,3,3,0,3,0,0,0,0,1
106964,GraspMed,,2,0,2,2,0,2,0,0,0,0,1
106966,edc_eui,,2,0,2,2,0,2,0,0,0,0,1
106969,SynergyEuropean,,2,0,2,2,0,2,0,0,0,0,1
106970,EU_ACE,,2,0,2,2,0,2,0,0,0,0,3
106971,ECCLithuania,,2,0,2,2,0,2,0,0,0,0,1
106972,EUBIC,,3,0,3,3,0,3,0,0,0,0,3
106973,CoEAudioVisual,,3,0,3,3,0,3,0,0,0,0,1
106978,gmiproject,,2,0,2,2,0,2,0,0,0,0,1
106982,BCouncil_Wales,,2,0,2,2,0,2,0,0,0,0,2
106985,jef_kassel,,2,0,2,2,0,2,0,0,0,0,1
106990,PaolaITAEU,,2,0,2,2,0,2,0,0,0,0,1
106991,Europalab,,2,0,2,2,0,2,0,0,0,0,1
106992,e4business,,3,0,3,3,0,3,0,0,0,0,2
106994,emuni,,2,0,2,2,0,2,0,0,0,0,1
106998,EUPLPrize,,3,0,3,3,0,3,0,0,0,0,1
107000,Futuremed_EU,,2,0,2,2,0,2,0,0,0,0,1
107003,ECCGreece,,2,0,2,2,0,2,0,0,0,0,1
107008,AmChamEU_Trade,,2,0,2,2,0,2,0,0,0,0,1
107011,eccireland,,3,0,3,3,0,3,0,0,0,0,1
107013,FondaHippocrene,,3,0,3,3,0,3,0,0,0,0,1
107017,voxeu,,2,0,2,2,0,2,0,0,0,0,1
107020,tnf_webzine,,3,0,3,3,0,3,0,0,0,0,1
107021,CEP_EU,,2,0,2,2,0,2,0,0,0,0,1
107026,WorldGBC_Europe,,2,0,2,2,0,2,0,0,0,0,1
107027,EUSPRYNG,,3,0,3,3,0,3,0,0,0,0,1
107030,MEDPCSProject,,2,0,2,2,0,2,0,0,0,0,1
107031,IrishEmbBelgium,,3,0,3,3,0,3,0,0,0,0,1
107036,FIREMEDproject,,2,0,2,2,0,2,0,0,0,0,1
107038,OlosEurope,,2,0,2,2,0,2,0,0,0,0,1
107044,MngFund,,2,0,2,2,0,2,0,0,0,0,1
107046,impulse_bxl,,2,0,2,2,0,2,0,0,0,0,1
107048,ConfindustriaEU,,2,0,2,2,0,2,0,0,0,0,1
107051,AGENDA_magazine,,2,0,2,2,0,2,0,0,0,0,1
107053,EESC_NAT,,2,0,2,2,0,2,0,0,0,0,1
107054,BCWBrussels,,3,0,3,3,0,3,0,0,0,0,1
107055,EuregionMag,,2,0,2,2,0,2,0,0,0,0,1
107056,Eusydost,,2,0,2,2,0,2,0,0,0,0,1
107057,brusselblogt,,2,0,2,2,0,2,0,0,0,0,1
107063,ehnheart,,2,0,2,2,0,2,0,0,0,0,1
107064,globalhealthacs,,2,0,2,2,0,2,0,0,0,0,1
107065,Chlabam,,3,0,3,3,0,3,0,0,0,0,1
107066,afccre,,2,0,2,2,0,2,0,0,0,0,1
107071,WorkFoundation,,2,0,2,2,0,2,0,0,0,0,1
107073,el_europeista,,2,0,2,2,0,2,0,0,0,0,3
107076,MEPyR,,2,0,2,2,0,2,0,0,0,0,1
107078,ENARFoundation,,2,0,2,2,0,2,0,0,0,0,1
107080,ENAREurope,,2,0,2,2,0,2,0,0,0,0,1
107082,Wise_Europa,,2,0,2,2,0,2,0,0,0,0,1
107083,LGBTIintergroup,,3,0,3,3,0,3,0,0,0,0,2
107089,DlaBiznesu,,2,0,2,2,0,2,0,0,0,0,1
107097,MediaECI,,2,0,2,2,0,2,0,0,0,0,1
107101,ISPDnetwork,,3,0,3,3,0,3,0,0,0,0,1
107103,ScotlandEuropa,,3,0,3,3,0,3,0,0,0,0,1
107106,EPIntergroup_SD,,2,0,2,2,0,2,0,0,0,0,1
107110,UCL_ERIO,,2,0,2,2,0,2,0,0,0,0,1
107111,ESF_news,,2,0,2,2,0,2,0,0,0,0,1
107118,kapulectures,,3,0,3,3,0,3,0,0,0,0,1
107126,diba,,3,0,3,3,0,3,0,0,0,0,1
107136,EU_FARNET,,2,0,2,2,0,2,0,0,0,0,1
107144,netfuturesEU,,2,0,2,2,0,2,0,0,0,0,1
107147,InnoRadarEU,,2,0,2,2,0,2,0,0,0,0,3
107148,DelorsBerlin,,2,0,2,2,0,2,0,0,0,0,1
107149,CCIAEurope,,2,0,2,2,0,2,0,0,0,0,1
107153,IFRI_,,3,0,3,3,0,3,0,0,0,0,1
107154,eunewsit,,2,0,2,2,0,2,0,0,0,0,1
107155,BStBrussels,,2,0,2,2,0,2,0,0,0,0,1
107157,EUconfidential,,3,0,3,3,0,3,0,0,0,0,1
107158,DSI4EU,,2,0,2,2,0,2,0,0,0,0,1
107159,MigrationPolicy,,2,0,2,2,0,2,0,0,0,0,1
107162,davidmartinmep,,2,0,2,2,0,2,0,0,0,0,1
107165,MCFBrussels,,2,0,2,2,0,2,0,0,0,0,1
107166,SusChem,,2,0,2,2,0,2,0,0,0,0,1
107167,CanadaFP,,2,0,2,2,0,2,0,0,0,0,1
107170,cepa,,2,0,2,2,0,2,0,0,0,0,1
107171,Aston_ACE,,3,0,3,3,0,3,0,0,0,0,1
107172,EthiasNL,,2,0,2,2,0,2,0,0,0,0,1
107173,akep_eu,,2,0,2,2,0,2,0,0,0,0,1
107175,teacheracademy,,3,0,3,3,0,3,0,0,0,0,1
107177,CDEufv,,3,0,3,3,0,3,0,0,0,0,1
107178,boell_eu,,2,0,2,2,0,2,0,0,0,0,1
107179,bldiplomatic2,,2,0,2,2,0,2,0,0,0,0,1
107181,EpsoCaseStudy,,3,0,3,3,0,3,0,0,0,0,1
107182,formezEU,,2,0,2,2,0,2,0,0,0,0,1
107183,EPeople24,,2,0,2,2,0,2,0,0,0,0,1
107185,Research_Funds,,2,0,2,2,0,2,0,0,0,0,1
107192,FactcheckEU,,3,0,3,3,0,3,0,0,0,0,1
107196,JEFMarseille,,2,0,2,2,0,2,0,0,0,0,1
107197,SENsynergy,,2,0,2,2,0,2,0,0,0,0,1
107198,CER_railways,,2,0,2,2,0,2,0,0,0,0,1
107199,ECFI2,,2,0,2,2,0,2,0,0,0,0,1
107201,ICAEW_Europe,,2,0,2,2,0,2,0,0,0,0,1
107202,the_young_fdn,,3,0,3,3,0,3,0,0,0,0,1
107205,elearningtags,,2,0,2,2,0,2,0,0,0,0,2
107210,ceiprex,,3,0,3,3,0,3,0,0,0,0,1
107213,JEFpoland,,2,0,2,2,0,2,0,0,0,0,1
107214,UEFSerbia,,2,0,2,2,0,2,0,0,0,0,1
107215,JEFGent,,2,0,2,2,0,2,0,0,0,0,1
107217,FondosEuropeos,,3,0,3,3,0,3,0,0,0,0,1
107218,EuroCitizens,,4,0,4,4,0,4,0,0,0,0,1
107221,GentedeEuropa,,2,0,2,2,0,2,0,0,0,0,1
107223,EUinnovation,,2,0,2,2,0,2,0,0,0,0,1
107224,ETUCE_CSEE,,2,0,2,2,0,2,0,0,0,0,1
107227,YES_Eur,,2,0,2,2,0,2,0,0,0,0,1
107228,UACES,,2,0,2,2,0,2,0,0,0,0,1
107230,EYD2015,,3,0,3,3,0,3,0,0,0,0,1
107231,IEuropeo,,2,0,2,2,0,2,0,0,0,0,4
107232,europagijon,,3,0,3,3,0,3,0,0,0,0,1
107233,europeandaily,,3,0,3,3,0,3,0,0,0,0,1
107235,ETCParis,,2,0,2,2,0,2,0,0,0,0,1
107238,tantaeuropa,,3,0,3,3,0,3,0,0,0,0,1
107239,eiopa_europa_eu,,2,0,2,2,0,2,0,0,0,0,1
107240,EISC_WT,,2,0,2,2,0,2,0,0,0,0,1
107241,entrepriseurope,,3,0,3,3,0,3,0,0,0,0,1
107242,ESMAComms,,2,0,2,2,0,2,0,0,0,0,1
107243,EUSMECentre,,2,0,2,2,0,2,0,0,0,0,1
107247,GfeTorino,,2,0,2,2,0,2,0,0,0,0,1
107248,ECIPE,,2,0,2,2,0,2,0,0,0,0,1
107250,EuropeDirect_CS,,2,0,2,2,0,2,0,0,0,0,1
107252,EENIreland,,3,0,3,3,0,3,0,0,0,0,1
107253,ChemicalsEurope,,3,0,3,3,0,3,0,0,0,0,1
107254,EENOmsk,,3,0,3,3,0,3,0,0,0,0,1
107255,een_sachsen,,3,0,3,3,0,3,0,0,0,0,1
107256,EEN_Latvia,,3,0,3,3,0,3,0,0,0,0,1
107257,EEN_Wales,,3,0,3,3,0,3,0,0,0,0,1
107258,EENLondon,,3,0,3,3,0,3,0,0,0,0,1
107259,EEN_Cork,,3,0,3,3,0,3,0,0,0,0,1
107260,EENSicily,,3,0,3,3,0,3,0,0,0,0,1
107261,EENSouthEast,,3,0,3,3,0,3,0,0,0,0,1
107265,IntDiabetesFed,,2,0,2,2,0,2,0,0,0,0,2
107267,UEGuatemala,,3,0,3,3,0,3,0,0,0,0,1
107268,EgmontInstitute,,3,0,3,3,0,3,0,0,0,0,1
107273,EPOorg,,3,0,3,3,0,3,0,0,0,0,2
107274,The_IPO,,2,0,2,2,0,2,0,0,0,0,2
107278,deliver2030,,2,0,2,2,0,2,0,0,0,0,1
107282,artikel48,,2,0,2,2,0,2,0,0,0,0,1
107285,JEFSwe,,2,0,2,2,0,2,0,0,0,0,1
107286,JEF_th,,2,0,2,2,0,2,0,0,0,0,1
107287,europedouai,,2,0,2,2,0,2,0,0,0,0,1
107288,CIEDReims,,3,0,3,3,0,3,0,0,0,0,1
107289,theeuropean,,3,0,3,3,0,3,0,0,0,0,1
107290,ECNintelligence,,3,0,3,3,0,3,0,0,0,0,0
107291,Euro_Academy,,2,0,2,2,0,2,0,0,0,0,2
107295,EuropesWorld,,3,0,3,3,0,3,0,0,0,0,1
107296,linknovate,,3,0,3,3,0,3,0,0,0,0,0
107300,EDRzeszow,,3,0,3,3,0,3,0,0,0,0,1
107303,BPIE_eu,,2,0,2,2,0,2,0,0,0,0,1
107304,Fedarene,,3,0,3,3,0,3,0,0,0,0,1
107305,abruZZelles,,3,0,3,3,0,3,0,0,0,0,1
107306,iiea,,2,0,2,2,0,2,0,0,0,0,1
107307,EuroScience,,2,0,2,2,0,2,0,0,0,0,1
107308,CoEinBrussels,,3,0,3,3,0,3,0,0,0,0,1
107309,TheCentreEU,,2,0,2,2,0,2,0,0,0,0,1
107310,LVinEU,,2,0,2,2,0,2,0,0,0,0,1
107311,NGOMonEurope,,2,0,2,2,0,2,0,0,0,0,1
107312,ejcnet,,3,0,3,3,0,3,0,0,0,0,1
107313,pejfrance,,3,0,3,3,0,3,0,0,0,0,1
107314,27etc,,2,0,2,2,0,2,0,0,0,0,1
107316,EuclidNetwork,,3,0,3,3,0,3,0,0,0,0,1
107318,PACE_News,,2,0,2,2,0,2,0,0,0,0,1
107319,NSCentre,,3,0,3,3,0,3,0,0,0,0,1
107321,COECongress,,2,0,2,2,0,2,0,0,0,0,1
107322,EU_ManagEnergy,,3,0,3,3,0,3,0,0,0,0,1
107323,EuresearchMarie,,2,0,2,2,0,2,0,0,0,0,1
107330,ConnectingEU,,2,0,2,2,0,2,0,0,0,0,1
107340,edlupt,,3,0,3,3,0,3,0,0,0,0,1
107341,euinkorea,,3,0,3,3,0,3,0,0,0,0,1
107344,energycities,,2,0,2,2,0,2,0,0,0,0,1
107349,sefinruscbc,,2,0,2,2,0,2,0,0,0,0,1
107350,eurosduvillage,,3,0,3,3,0,3,0,0,0,0,1
107351,RoamingEuropean,,3,0,3,3,0,3,0,0,0,0,1
107353,ESTLATRUS_ENPI,,2,0,2,2,0,2,0,0,0,0,1
107354,SEET_scotland,,2,0,2,2,0,2,0,0,0,0,1
107355,EIF4eu,,2,0,2,2,0,2,0,0,0,0,1
107356,expatsblog,,2,0,2,2,0,2,0,0,0,0,3
107362,Asiablog_it,,3,0,3,3,0,3,0,0,0,0,8
107367,captaineuro,,4,0,4,4,0,4,0,0,0,0,1
107370,YouthDynamicsCY,,2,0,2,2,0,2,0,0,0,0,1
107375,JobSearchKuwait,,2,0,2,2,0,2,0,0,0,0,7
107378,WholistiQ,,3,0,3,3,0,3,0,0,0,0,1
107382,moEuropeen06,,2,0,2,2,0,2,0,0,0,0,1
107388,european,,3,0,3,3,0,3,0,0,0,0,1
107389,RouagesAsso,,2,0,2,2,0,2,0,0,0,0,6
107390,umeuropean,,3,0,3,3,0,3,0,0,0,0,1
107392,artpaes,,2,0,2,2,0,2,0,0,0,0,1
107394,ForumEurope,,2,0,2,2,0,2,0,0,0,0,1
107399,Elih_Med,,2,0,2,2,0,2,0,0,0,0,1
107404,CATMEDplatform,,2,0,2,2,0,2,0,0,0,0,1
107406,LondonLabour,,2,0,2,2,0,2,0,0,0,0,1
107407,maryhoneyball,,2,0,2,2,0,2,0,0,0,0,1
107413,YEM_London,,3,0,3,3,0,3,0,0,0,0,1
107414,EUonGoogle,,3,0,3,3,0,3,0,0,0,0,1
107415,mvandenbroeke,,2,0,2,2,0,2,0,0,0,0,1
107420,EULawAndPolicy,,2,0,2,2,0,2,0,0,0,0,1
107422,eurotopics_en,,3,0,3,3,0,3,0,0,0,0,3
107423,eurominorities,,2,0,2,2,0,2,0,0,0,0,1
107424,Cen4EUStudies,,2,0,2,2,0,2,0,0,0,0,7
107425,eaHealthEU,,3,0,3,3,0,3,0,0,0,0,2
107434,AndreaMatiz,,2,0,2,2,0,2,0,0,0,0,1
107435,EuropeanDialoge,,3,0,3,3,0,3,0,0,0,0,1
107437,JRSEurope,,2,0,2,2,0,2,0,0,0,0,1
107438,EUinPL,,3,0,3,3,0,3,0,0,0,0,1
107439,Migreurop,,2,0,2,2,0,2,0,0,0,0,1
107440,RaffaelloNet,,2,0,2,2,0,2,0,0,0,0,1
107441,SEE_Programme,,2,0,2,2,0,2,0,0,0,0,1
107443,UNITEE_Europe,,2,0,2,2,0,2,0,0,0,0,1
107444,COMPAS_oxford,,2,0,2,2,0,2,0,0,0,0,1
107445,APiebalgs,,3,0,3,3,0,3,0,0,0,0,1
107446,BirdLifeEurope,,2,0,2,2,0,2,0,0,0,0,1
107447,bEUcitizen,,2,0,2,2,0,2,0,0,0,0,1
107453,IEEE_TA,,2,0,2,2,0,2,0,0,0,0,1
107455,FrequenceEurope,,2,0,2,2,0,2,0,0,0,0,1
107456,NewDeal4Europe,,2,0,2,2,0,2,0,0,0,0,1
107457,eurotopics_fr,,2,0,2,2,0,2,0,0,0,0,1
107458,ITravailEurope,,3,0,3,3,0,3,0,0,0,0,1
107459,UK_EPP,,2,0,2,2,0,2,0,0,0,0,1
107460,AJE_France,,2,0,2,2,0,2,0,0,0,0,1
107466,SmartCitiesLab,,2,0,2,2,0,2,0,0,0,0,1
107468,EuropeEnImages,,2,0,2,2,0,2,0,0,0,0,1
107469,eurorights,,3,0,3,3,0,3,0,0,0,0,1
107473,letmevoteEU,,3,0,3,3,0,3,0,0,0,0,1
107474,sylvieguillaume,,3,0,3,3,0,3,0,0,0,0,1
107475,pllvibovale,,4,0,4,4,0,4,0,0,0,0,3
107477,EP_Petitions,,3,0,3,3,0,3,0,0,0,0,1
107479,ucceuropa,,2,0,2,2,0,2,0,0,0,0,1
107481,mpmncorse,,4,0,4,4,0,4,0,0,0,0,1
107482,EU_today,,2,0,2,2,0,2,0,0,0,0,7
107483,foeeurope,,4,0,4,4,0,4,0,0,0,0,1
107491,eupatientsforum,,2,0,2,2,0,2,0,0,0,0,1
107495,expathub,,2,0,2,2,0,2,0,0,0,0,7
107496,ExpatFocus,,3,0,3,3,0,3,0,0,0,0,3
107499,EU_Logos,,2,0,2,2,0,2,0,0,0,0,1
107500,europeIN,,4,0,4,4,0,4,0,0,0,0,1
107506,FDAWomen,,2,0,2,2,0,2,0,0,0,0,2
107508,EUfundsRegister,,2,0,2,2,0,2,0,0,0,0,1
107512,Euro_comunica,,2,0,2,2,0,2,0,0,0,0,1
107526,ETUI_org,,2,0,2,2,0,2,0,0,0,0,1
107530,US_FDA,,2,0,2,2,0,2,0,0,0,0,3
107531,UKMisBrussels,,3,0,3,3,0,3,0,0,0,0,1
107535,AffInt,,2,0,2,2,0,2,0,0,0,0,1
107536,ECFRParis,,2,0,2,2,0,2,0,0,0,0,1
107537,ECFRRoma,,2,0,2,2,0,2,0,0,0,0,3
107538,compassforyou,,2,0,2,2,0,2,0,0,0,0,3
107541,digikey,,2,0,2,2,0,2,0,0,0,0,0
107543,beuc,,2,0,2,2,0,2,0,0,0,0,1
107545,labforculture,,2,0,2,2,0,2,0,0,0,0,4
107546,LillyPadEU,,2,0,2,2,0,2,0,0,0,0,1
107549,AytoAviles,,2,0,2,2,0,2,0,0,0,0,4
107551,corporateeurope,,2,0,2,2,0,2,0,0,0,0,1
107556,DeHavillandEU,,2,0,2,2,0,2,0,0,0,0,1
107557,COFACE_EU,,2,0,2,2,0,2,0,0,0,0,1
107558,EndEcocideEU,,2,0,2,2,0,2,0,0,0,0,1
107562,WorldVisionEU,,3,0,3,3,0,3,0,0,0,0,1
107563,RightMixEU,,2,0,2,2,0,2,0,0,0,0,1
107564,IsraelinEU,,2,0,2,2,0,2,0,0,0,0,2
107565,anon_store,,2,0,2,2,0,2,0,0,0,0,2
107567,capacity4dev,,3,0,3,3,0,3,0,0,0,0,1
107569,EUTradeInsights,,2,0,2,2,0,2,0,0,0,0,1
107570,eudevdays,,2,0,2,2,0,2,0,0,0,0,1
107571,EuCyclistsFed,,2,0,2,2,0,2,0,0,0,0,0
107572,PewEurope,,2,0,2,2,0,2,0,0,0,0,1
107575,PlanEU,,2,0,2,2,0,2,0,0,0,0,1
107576,DodsEUM,,2,0,2,2,0,2,0,0,0,0,1
107577,FuturiumEU,,3,0,3,3,0,3,0,0,0,0,1
107579,James7Holland,,2,0,2,2,0,2,0,0,0,0,1
107580,fidh_eu,,2,0,2,2,0,2,0,0,0,0,1
107582,AmChamEU,,2,0,2,2,0,2,0,0,0,0,1
107583,TheEULobby,,4,0,4,4,0,4,0,0,0,0,1
107584,eu_relex,,2,0,2,2,0,2,0,0,0,0,3
107586,CrimeaEU,,2,0,2,2,0,2,0,0,0,0,2
107587,Catalonia_EU,,2,0,2,2,0,2,0,0,0,0,1
107588,LithuaniaInEU,,3,0,3,3,0,3,0,0,0,0,1
107589,SwedeninEU,,3,0,3,3,0,3,0,0,0,0,1
107593,MaastrichtU,,3,0,3,3,0,3,0,0,0,0,1
107594,maasuniversity,,3,0,3,3,0,3,0,0,0,0,1
107602,CollegioUniv_VN,,2,0,2,2,0,2,0,0,0,0,1
107604,StudiFuoriSede,,2,0,2,2,0,2,0,0,0,0,1
107609,StudentiErasmus,,2,0,2,2,0,2,0,0,0,0,1
107610,ErasmusStudents,,3,0,3,3,0,3,0,0,0,0,1
107617,crisinda76,,2,0,2,2,0,2,0,0,0,0,6
107619,MaratonVV,,3,0,3,3,0,3,0,0,0,0,5
107623,albertico1972,,2,0,2,2,0,2,0,0,0,0,6
107627,DjToRi1,,2,0,2,2,0,2,0,0,0,0,0
107631,Amanovi,,3,0,3,3,0,3,0,0,0,0,0
107635,policia33,,2,0,2,2,0,2,0,0,0,0,6
107637,Ginto_lounge,,3,0,3,3,0,3,0,0,0,0,6
107638,CarlosMontyalvo,,3,0,3,3,0,3,0,0,0,0,0
107639,antonioalbolote,,2,0,2,2,0,2,0,0,0,0,0
107642,montyalvo,,3,0,3,3,0,3,0,0,0,0,6
107643,ComunicaAlbolot,,3,0,3,3,0,3,0,0,0,0,0
107644,Ramssel89,,2,0,2,2,0,2,0,0,0,0,6
107655,cristinabosca,,3,0,3,3,0,3,0,0,0,0,4
107665,EnDondeCorrer,,2,0,2,2,0,2,0,0,0,0,6
107666,_r4fun_,,2,0,2,2,0,2,0,0,0,0,6
107670,CorrerMeHa,,2,0,2,2,0,2,0,0,0,0,6
107675,EntreRunners,,2,0,2,2,0,2,0,0,0,0,6
107694,Crossfit_Spain,,2,0,2,2,0,2,0,0,0,0,2
107695,crossfitteros,,2,0,2,2,0,2,0,0,0,0,2
107700,JuanaRepetto,,2,0,2,2,0,2,0,0,0,0,2
107701,Alvarado_MH,,2,0,2,2,0,2,0,0,0,0,5
107704,icon_elpais,,2,0,2,2,0,2,0,0,0,0,0
107712,Rajobos_Oficial,,3,0,3,3,0,3,0,0,0,0,0
107731,caarlossperez_,,2,0,2,2,0,2,0,0,0,0,6
107734,isabel_aguiro,,2,0,2,2,0,2,0,0,0,0,6
107735,Albablueyes,,2,0,2,2,0,2,0,0,0,0,6
107736,Mamarrracha,,2,0,2,2,0,2,0,0,0,0,5
107749,martinmi57,,2,0,2,2,0,2,0,0,0,0,6
107754,jolgemolina,,3,0,3,3,0,3,0,0,0,0,0
107755,BarProvincias,,2,0,2,2,0,2,0,0,0,0,6
107756,jrevelles,,3,0,3,3,0,3,0,0,0,0,6
107759,MariaRamos93,,3,0,3,3,0,3,0,0,0,0,5
107765,jime_andy,,2,0,2,2,0,2,0,0,0,0,6
107766,e17Lori,,2,0,2,2,0,2,0,0,0,0,6
107767,claudiiaizq,,2,0,2,2,0,2,0,0,0,0,8
107769,padillall_in,,2,0,2,2,0,2,0,0,0,0,0
107791,oselu_is,,2,0,2,2,0,2,0,0,0,0,6
107792,Albertorresmu,,3,0,3,3,0,3,0,0,0,0,6
107793,roman_polasky,,2,0,2,2,0,2,0,0,0,0,6
107794,seryimagic,,2,0,2,2,0,2,0,0,0,0,6
107801,isidromgm1,,2,0,2,2,0,2,0,0,0,0,6
107803,paquillo1albolo,,2,0,2,2,0,2,0,0,0,0,6
107804,leyvfab,,2,0,2,2,0,2,0,0,0,0,6
107814,ManuelSBarea,,3,0,3,3,0,3,0,0,0,0,4
107819,MtbCadiar,,2,0,2,2,0,2,0,0,0,0,6
107820,AntGutierrez95,,2,0,2,2,0,2,0,0,0,0,2
107822,lucentumblog,,2,0,2,2,0,2,0,0,0,0,2
107832,DSMadridSaxo,,2,0,2,2,0,2,0,0,0,0,6
107838,pedritoocf,,2,0,2,2,0,2,0,0,0,0,6
107840,marccancio,,2,0,2,2,0,2,0,0,0,0,6
107845,justo_estevez,,2,0,2,2,0,2,0,0,0,0,6
107846,jvargas1970,,4,0,4,4,0,4,0,0,0,0,6
107848,BuenavegaG,,2,0,2,2,0,2,0,0,0,0,0
107854,_pablosski,,2,0,2,2,0,2,0,0,0,0,6
107860,JesusMarquezz,,3,0,3,3,0,3,0,0,0,0,0
107870,deifosport,,2,0,2,2,0,2,0,0,0,0,6
107875,RamonPR13,,2,0,2,2,0,2,0,0,0,0,6
107882,jf_morante,,2,0,2,2,0,2,0,0,0,0,6
107883,manolomolina_11,,2,0,2,2,0,2,0,0,0,0,6
107892,pedroo_MO,,2,0,2,2,0,2,0,0,0,0,6
107897,gallardo_campi,,2,0,2,2,0,2,0,0,0,0,0
107902,clemen_96,,2,0,2,2,0,2,0,0,0,0,6
107906,MoraledaRamon,,2,0,2,2,0,2,0,0,0,0,6
107908,TurismoDiario,,2,0,2,2,0,2,0,0,0,0,6
107909,lm_gestdxtiva,,3,0,3,3,0,3,0,0,0,0,6
107911,jesusruiz_6,,2,0,2,2,0,2,0,0,0,0,6
107916,Sergioox8,,3,0,3,3,0,3,0,0,0,0,6
107920,ThandaArt,,3,0,3,3,0,3,0,0,0,0,6
107922,Juncadiesel,,4,0,4,4,0,4,0,0,0,0,0
107952,asrazaJNS,,2,0,2,2,0,2,0,0,0,0,6
107980,Emilio_Mr_,,2,0,2,2,0,2,0,0,0,0,6
108024,pakozoic,,2,0,2,2,0,2,0,0,0,0,0
108026,AGGascon,,3,0,3,3,0,3,0,0,0,0,6
108046,JuanBa_Rem,,2,0,2,2,0,2,0,0,0,0,1
108056,basicM76,,2,0,2,2,0,2,0,0,0,0,0
108072,EnriqueMancheno,,2,0,2,2,0,2,0,0,0,0,6
108140,fabri_orlandi,,2,0,2,2,0,2,0,0,0,0,5
108161,MartaZenner,,2,0,2,2,0,2,0,0,0,0,0
108168,antoniosg6,,2,0,2,2,0,2,0,0,0,0,5
108303,franpractdeport,,2,0,2,2,0,2,0,0,0,0,0
108311,CrossFit,,2,0,2,2,0,2,0,0,0,0,2
108312,verocoronel,,2,0,2,2,0,2,0,0,0,0,6
108313,djluiscuevas,,2,0,2,2,0,2,0,0,0,0,6
108318,cruisecroft,,2,0,2,2,0,2,0,0,0,0,6
108319,MelaniaSRamos,,2,0,2,2,0,2,0,0,0,0,6
108322,munozselena745,,2,0,2,2,0,2,0,0,0,0,6
108324,perifran,,2,0,2,2,0,2,0,0,0,0,0
108325,Salvado89643868,,2,0,2,2,0,2,0,0,0,0,6
108329,victorperez710,,2,0,2,2,0,2,0,0,0,0,6
108340,Juanfran6453,,3,0,3,3,0,3,0,0,0,0,6
108350,JAVIPALMERO,,2,0,2,2,0,2,0,0,0,0,6
108356,69Heredia,,2,0,2,2,0,2,0,0,0,0,6
108358,lauragijon1,,3,0,3,3,0,3,0,0,0,0,0
108367,Samiraskell7,,2,0,2,2,0,2,0,0,0,0,6
108369,_12sandra,,2,0,2,2,0,2,0,0,0,0,6
108372,AngelPasadas,,2,0,2,2,0,2,0,0,0,0,6
108378,AVPCSANTAFE,,2,0,2,2,0,2,0,0,0,0,6
108379,MiguelitoHuevo,,2,0,2,2,0,2,0,0,0,0,6
108380,antrh79,,3,0,3,3,0,3,0,0,0,0,6
108383,Valdesduran86,,2,0,2,2,0,2,0,0,0,0,6
108384,benavides1975,,2,0,2,2,0,2,0,0,0,0,6
108387,javighermosilla,,2,0,2,2,0,2,0,0,0,0,6
108388,LuismiGarMa,,2,0,2,2,0,2,0,0,0,0,6
108389,l_rubioliebana,,2,0,2,2,0,2,0,0,0,0,6
108390,Fanisuko,,2,0,2,2,0,2,0,0,0,0,3
108393,Neli_mPiernas,,2,0,2,2,0,2,0,0,0,0,6
108394,MTrini_bz,,2,0,2,2,0,2,0,0,0,0,6
108397,jose_Luis_MP,,2,0,2,2,0,2,0,0,0,0,3
108400,pituprim,,2,0,2,2,0,2,0,0,0,0,0
108404,gloribang,,3,0,3,3,0,3,0,0,0,0,6
108405,fsoto7,,2,0,2,2,0,2,0,0,0,0,6
108408,vikitoRia,,2,0,2,2,0,2,0,0,0,0,6
108412,Harpo16,,2,0,2,2,0,2,0,0,0,0,6
108414,DesaliaMusic,,3,0,3,3,0,3,0,0,0,0,6
108415,2muchevents,,2,0,2,2,0,2,0,0,0,0,6
108420,DjYeyo_oficial,,2,0,2,2,0,2,0,0,0,0,2
108423,AlbertSinCorte,,2,0,2,2,0,2,0,0,0,0,6
108426,kuvee_copas,,2,0,2,2,0,2,0,0,0,0,0
108434,flipe_gr,,2,0,2,2,0,2,0,0,0,0,6
108438,Nebirous,,2,0,2,2,0,2,0,0,0,0,6
108440,MissLeslieDay,,3,0,3,3,0,3,0,0,0,0,6
108444,PoleDanceAvanti,,2,0,2,2,0,2,0,0,0,0,6
108446,JRHB84,,2,0,2,2,0,2,0,0,0,0,6
108452,PabloArquellada,,3,0,3,3,0,3,0,0,0,0,0
108455,Anny_89,,2,0,2,2,0,2,0,0,0,0,0
108456,AlyDelgadoMTB,,2,0,2,2,0,2,0,0,0,0,6
108458,Lito_8807,,2,0,2,2,0,2,0,0,0,0,6
108460,Estefi8_,,2,0,2,2,0,2,0,0,0,0,6
108463,PepeTrombonGCF,,2,0,2,2,0,2,0,0,0,0,6
108464,Javiavilespz,,3,0,3,3,0,3,0,0,0,0,6
108465,victoriarap,,2,0,2,2,0,2,0,0,0,0,6
108466,yaribu,,2,0,2,2,0,2,0,0,0,0,0
108470,qnoparelafiesta,,2,0,2,2,0,2,0,0,0,0,0
108471,deivizzwhite,,2,0,2,2,0,2,0,0,0,0,0
108472,GuijarroF,,2,0,2,2,0,2,0,0,0,0,6
108473,meryrms,,3,0,3,3,0,3,0,0,0,0,6
108475,isacidmor95,,2,0,2,2,0,2,0,0,0,0,6
108476,AlbaCP26,,2,0,2,2,0,2,0,0,0,0,0
108477,CuentEnDescanso,,2,0,2,2,0,2,0,0,0,0,6
108479,Beatriz_CR6,,2,0,2,2,0,2,0,0,0,0,6
108482,AlvaroBlazquez_,,2,0,2,2,0,2,0,0,0,0,6
108483,bilalhanjra87,,2,0,2,2,0,2,0,0,0,0,0
108484,Oskargr28,,2,0,2,2,0,2,0,0,0,0,6
108487,CuentaNoexisto1,,2,0,2,2,0,2,0,0,0,0,6
108493,Mapevi0,,2,0,2,2,0,2,0,0,0,0,6
108494,ysamolinatop,,2,0,2,2,0,2,0,0,0,0,6
108495,DianitaArdilaa,,2,0,2,2,0,2,0,0,0,0,6
108498,tonipozosanchez,,3,0,3,3,0,3,0,0,0,0,6
108501,EnriqueGlezBal,,2,0,2,2,0,2,0,0,0,0,0
108505,PLANORIENTACION,,3,0,3,3,0,3,0,0,0,0,6
108508,EntrenaDeporte,,2,0,2,2,0,2,0,0,0,0,6
108512,delcerrojuan,,2,0,2,2,0,2,0,0,0,0,6
108515,CienciadelEntre,,2,0,2,2,0,2,0,0,0,0,6
108520,yamecuido,,2,0,2,2,0,2,0,0,0,0,6
108522,EfeGranada,,3,0,3,3,0,3,0,0,0,0,6
108523,gonzalo_sportiv,,3,0,3,3,0,3,0,0,0,0,0
108552,trasukoma,,2,0,2,2,0,2,0,0,0,0,6
108566,aguilacojaAC2,,2,0,2,2,0,2,0,0,0,0,6
108575,JoanGallardo_,,2,0,2,2,0,2,0,0,0,0,0
108591,MIguelAngel__MG,,3,0,3,3,0,3,0,0,0,0,6
108594,MamenGarzonSile,,2,0,2,2,0,2,0,0,0,0,6
108622,pablogomezgonz4,,2,0,2,2,0,2,0,0,0,0,6
108624,rafalopar,,2,0,2,2,0,2,0,0,0,0,6
108627,gloriaherrero,,2,0,2,2,0,2,0,0,0,0,5
108632,a1berto_ruiz,,3,0,3,3,0,3,0,0,0,0,6
108636,Alvaro_SoyYo,,2,0,2,2,0,2,0,0,0,0,6
108645,cabesworlds,,2,0,2,2,0,2,0,0,0,0,6
108647,ClinicaVYP,,2,0,2,2,0,2,0,0,0,0,0
108651,Deportivia14,,2,0,2,2,0,2,0,0,0,0,6
108655,paoroblesss,,2,0,2,2,0,2,0,0,0,0,6
108656,belisabelis,,3,0,3,3,0,3,0,0,0,0,6
108660,sandrapm88,,3,0,3,3,0,3,0,0,0,0,6
108661,lunitapris,,3,0,3,3,0,3,0,0,0,0,6
108664,raquel_am90,,2,0,2,2,0,2,0,0,0,0,6
108665,Yesus1978,,2,0,2,2,0,2,0,0,0,0,6
108667,juaneras91,,2,0,2,2,0,2,0,0,0,0,3
108668,teachrpelirroja,,3,0,3,3,0,3,0,0,0,0,6
108672,Lhaimy,,2,0,2,2,0,2,0,0,0,0,0
108674,_LoloRuiz,,3,0,3,3,0,3,0,0,0,0,6
108677,FireBodActive,,2,0,2,2,0,2,0,0,0,0,4
108678,Nutricion_ymas,,2,0,2,2,0,2,0,0,0,0,6
108679,currogom,,2,0,2,2,0,2,0,0,0,0,0
108680,ccfashion_by_cc,,2,0,2,2,0,2,0,0,0,0,0
108682,PerezCDaniel,,2,0,2,2,0,2,0,0,0,0,5
108684,LuisBullejos,,3,0,3,3,0,3,0,0,0,0,6
108685,MariaMarLS,,2,0,2,2,0,2,0,0,0,0,6
108687,aguirola9,,2,0,2,2,0,2,0,0,0,0,6
108688,jesusvalerog,,2,0,2,2,0,2,0,0,0,0,6
108689,SportSocialClu6,,3,0,3,3,0,3,0,0,0,0,0
108690,vanesierra93,,4,0,4,4,0,4,0,0,0,0,0
108691,jdiazblanquez,,2,0,2,2,0,2,0,0,0,0,0
108692,Pableineken,,2,0,2,2,0,2,0,0,0,0,6
108696,Fran83navarro,,2,0,2,2,0,2,0,0,0,0,6
108714,Rocio_Arte,,2,0,2,2,0,2,0,0,0,0,0
108715,Carliyos11,,3,0,3,3,0,3,0,0,0,0,6
108716,alvaroporras92,,3,0,3,3,0,3,0,0,0,0,6
108717,NatureCeci,,3,0,3,3,0,3,0,0,0,0,0
108719,AdelaidaOgallar,,2,0,2,2,0,2,0,0,0,0,0
108720,AnaLaraalbaana,,2,0,2,2,0,2,0,0,0,0,6
108721,iElektro_es,,2,0,2,2,0,2,0,0,0,0,6
108722,Marta41186,,3,0,3,3,0,3,0,0,0,0,6
108725,jssdiciembre,,2,0,2,2,0,2,0,0,0,0,0
108726,mazuecos8888,,2,0,2,2,0,2,0,0,0,0,6
108727,MigueSanchez18,,2,0,2,2,0,2,0,0,0,0,6
108729,AlbaLiion,,2,0,2,2,0,2,0,0,0,0,6
108731,PlazaNuevaGr,,2,0,2,2,0,2,0,0,0,0,6
108733,migueh1982,,2,0,2,2,0,2,0,0,0,0,6
108737,DavidChatarrero,,2,0,2,2,0,2,0,0,0,0,4
108738,ArenalGranada,,2,0,2,2,0,2,0,0,0,0,6
108743,marromeraa,,3,0,3,3,0,3,0,0,0,0,3
108747,ElRincondLola,,2,0,2,2,0,2,0,0,0,0,0
108749,vanerompe,,2,0,2,2,0,2,0,0,0,0,0
108752,JaviKstro,,2,0,2,2,0,2,0,0,0,0,6
108757,RoyKersey,,3,0,3,3,0,3,0,0,0,0,2
108758,hitaht4,,2,0,2,2,0,2,0,0,0,0,6
108759,RockandPop_,,2,0,2,2,0,2,0,0,0,0,0
108765,jacinto_martin,,2,0,2,2,0,2,0,0,0,0,6
108766,antoniamuoz1919,,2,0,2,2,0,2,0,0,0,0,6
108770,MarioRamosGu,,2,0,2,2,0,2,0,0,0,0,0
108774,merino257,,3,0,3,3,0,3,0,0,0,0,6
108776,AdriFitRoom,,2,0,2,2,0,2,0,0,0,0,6
108777,NachoAsenjo98,,2,0,2,2,0,2,0,0,0,0,6
108781,SportsGestion,,2,0,2,2,0,2,0,0,0,0,0
108787,El_Motivador_,,2,0,2,2,0,2,0,0,0,0,6
108800,Cisco_EmeV,,2,0,2,2,0,2,0,0,0,0,0
108801,merygyminfo,,2,0,2,2,0,2,0,0,0,0,6
108802,Raquelbcp,,2,0,2,2,0,2,0,0,0,0,6
108804,hacerle,,3,0,3,3,0,3,0,0,0,0,0
108805,Ivan7Fdez,,2,0,2,2,0,2,0,0,0,0,6
108806,Tosii17,,2,0,2,2,0,2,0,0,0,0,6
108808,terapiagranada,,2,0,2,2,0,2,0,0,0,0,1
108809,Jorge15vc,,2,0,2,2,0,2,0,0,0,0,0
108811,aespigaresactor,,2,0,2,2,0,2,0,0,0,0,6
108814,Nekane_Sweet,,3,0,3,3,0,3,0,0,0,0,6
108828,teobasket95,,2,0,2,2,0,2,0,0,0,0,6
108843,rafarobles,,2,0,2,2,0,2,0,0,0,0,2
108845,Marudiobelix,,2,0,2,2,0,2,0,0,0,0,6
108846,davidztm87,,3,0,3,3,0,3,0,0,0,0,6
108848,Proteina_Online,,2,0,2,2,0,2,0,0,0,0,2
108859,ForTwoApp,,3,0,3,3,0,3,0,0,0,0,6
108860,manuelparejo115,,2,0,2,2,0,2,0,0,0,0,6
108863,JuanjoGranada,,4,0,4,4,0,4,0,0,0,0,6
108864,Gil_de_Avalle,,3,0,3,3,0,3,0,0,0,0,0
108865,granadatheater,,3,0,3,3,0,3,0,0,0,0,6
108867,PolaroidClub,,3,0,3,3,0,3,0,0,0,0,6
108868,Ruben_Granada,,2,0,2,2,0,2,0,0,0,0,0
108869,CsystemGRANADA,,3,0,3,3,0,3,0,0,0,0,0
108870,SGranada,,3,0,3,3,0,3,0,0,0,0,0
108874,CristinaMorales,,4,0,4,4,0,4,0,0,0,0,0
108876,DeportenGranada,,3,0,3,3,0,3,0,0,0,0,0
108878,AlboloteDance,,2,0,2,2,0,2,0,0,0,0,6
108879,MAAS_Albolote,,2,0,2,2,0,2,0,0,0,0,6
108880,SolucionaGra,,2,0,2,2,0,2,0,0,0,0,6
108881,zaidingranada,,3,0,3,3,0,3,0,0,0,0,6
108882,MEU_Granada,,3,0,3,3,0,3,0,0,0,0,0
108884,GIE_Granada,,3,0,3,3,0,3,0,0,0,0,0
108885,lalonjagranada,,3,0,3,3,0,3,0,0,0,0,6
108886,RamirezGranada,,3,0,3,3,0,3,0,0,0,0,0
108887,LericaGranada_,,2,0,2,2,0,2,0,0,0,0,6
108888,CDU_Natacion,,3,0,3,3,0,3,0,0,0,0,0
108911,vkhosla,,3,0,3,3,0,3,0,0,0,0,1
108913,JerrySeinfeld,,2,0,2,2,0,2,0,0,0,0,2
108919,IsraeliPM,,2,0,2,2,0,2,0,0,0,0,1
108950,JaroslawKuzniar,,3,0,3,3,0,3,0,0,0,0,1
108955,przemekspider,,2,0,2,2,0,2,0,0,0,0,1
108957,hytrekprosiecka,,2,0,2,2,0,2,0,0,0,0,1
108964,waitbutwhy,,2,0,2,2,0,2,0,0,0,0,1
108965,mgsiegler,,2,0,2,2,0,2,0,0,0,0,1
108966,cdixon,,2,0,2,2,0,2,0,0,0,0,1
108967,bgurley,,3,0,3,3,0,3,0,0,0,0,1
108974,karaswisher,,2,0,2,2,0,2,0,0,0,0,1
108976,mbank_research,,2,0,2,2,0,2,0,0,0,0,1
108977,ev,,4,0,4,4,0,4,0,0,0,0,3
108985,mfa_russia,,3,0,3,3,0,3,0,0,0,0,1
109014,SantanderBankPL,,3,0,3,3,0,3,0,0,0,0,1
109016,kwerb,,2,0,2,2,0,2,0,0,0,0,1
109020,Zlota_44,,2,0,2,2,0,2,0,0,0,0,1
109027,fredwilson,,2,0,2,2,0,2,0,0,0,0,1
109028,msuster,,3,0,3,3,0,3,0,0,0,0,1
109029,davidcohen,,2,0,2,2,0,2,0,0,0,0,1
109030,kleinerperkins,,3,0,3,3,0,3,0,0,0,0,1
109031,DerekjAndersen,,2,0,2,2,0,2,0,0,0,0,8
109102,RickKing16,,2,0,2,2,0,2,0,0,0,0,1
109106,TheStartupTimes,,2,0,2,2,0,2,0,0,0,0,1
109114,MathieuFlex,,2,0,2,2,0,2,0,0,0,0,7
109120,JakubProszynski,,2,0,2,2,0,2,0,0,0,0,3
109122,NathanLatka,,2,0,2,2,0,2,0,0,0,0,1
109123,ThisIsSethsBlog,,3,0,3,3,0,3,0,0,0,0,1
109128,AugmentedX,,3,0,3,3,0,3,0,0,0,0,1
109133,AR_bulletin,,2,0,2,2,0,2,0,0,0,0,1
109134,AugmentedReal,,3,0,3,3,0,3,0,0,0,0,1
109139,oculus,,2,0,2,2,0,2,0,0,0,0,1
109147,ericries,,3,0,3,3,0,3,0,0,0,0,1
109149,airbnb_fr,,3,0,3,3,0,3,0,0,0,0,8
109150,Go2Warsaw,,3,0,3,3,0,3,0,0,0,0,1
109151,AllHandsHearts,,2,0,2,2,0,2,0,0,0,0,1
109152,VolunteerGlobal,,2,0,2,2,0,2,0,0,0,0,1
109156,elliebothwell,,2,0,2,2,0,2,0,0,0,0,1
109157,Whatuni,,3,0,3,3,0,3,0,0,0,0,1
109167,ForbesPolska,,2,0,2,2,0,2,0,0,0,0,1
109170,aegeegolden,,2,0,2,2,0,2,0,0,0,0,1
109171,AEGEE_Leuven,,2,0,2,2,0,2,0,0,0,0,1
109172,aegeebarcelona,,3,0,3,3,0,3,0,0,0,0,1
109173,AegeeParis,,3,0,3,3,0,3,0,0,0,0,1
109174,AegeePalermo,,3,0,3,3,0,3,0,0,0,0,1
109175,WarszawskiRe,,3,0,3,3,0,3,0,0,0,0,1
109176,SITStudyAbroad,,3,0,3,3,0,3,0,0,0,0,1
109177,instudyabroad,,3,0,3,3,0,3,0,0,0,0,7
109178,StudyAbroad101,,3,0,3,3,0,3,0,0,0,0,2
109179,APIabroad,,3,0,3,3,0,3,0,0,0,0,1
109184,CEAstudyabroad,,3,0,3,3,0,3,0,0,0,0,1
109186,lewy_official,,2,0,2,2,0,2,0,0,0,0,1
109187,gazeta_wyborcza,,3,0,3,3,0,3,0,0,0,0,1
109191,ChopinAirport,,3,0,3,3,0,3,0,0,0,0,1
109193,WMI_Airport,,2,0,2,2,0,2,0,0,0,0,1
109196,MetroWarszawa,,3,0,3,3,0,3,0,0,0,0,1
109197,SGGW_Warszawa,,3,0,3,3,0,3,0,0,0,0,1
109199,GazetaStoleczna,,2,0,2,2,0,2,0,0,0,0,1
109204,kulturalnawawa,,3,0,3,3,0,3,0,0,0,0,1
109208,ArtBasel,,2,0,2,2,0,2,0,0,0,0,1
109210,Airbnb_in,,2,0,2,2,0,2,0,0,0,0,1
109211,PayPal,,3,0,3,3,0,3,0,0,0,0,1
109212,artinstitutechi,,2,0,2,2,0,2,0,0,0,0,1
109214,KAYAK,,3,0,3,3,0,3,0,0,0,0,7
109227,Radio_TOK_FM,,3,0,3,3,0,3,0,0,0,0,3
109228,natematpl,,3,0,3,3,0,3,0,0,0,0,2
109229,gazetapl_news,,3,0,3,3,0,3,0,0,0,0,1
109230,NewsweekPolska,,3,0,3,3,0,3,0,0,0,0,3
109231,rzeczpospolita,,3,0,3,3,0,3,0,0,0,0,1
109246,tvnwarszawa,,3,0,3,3,0,3,0,0,0,0,3
109249,Salon,,3,0,3,3,0,3,0,0,0,0,1
109250,warszawa,,3,0,3,3,0,3,0,0,0,0,1
109252,oliviabusiness,,2,0,2,2,0,2,0,0,0,0,2
109294,ICEXReinoUnido,,3,0,3,3,0,3,0,0,0,0,5
109296,BMesaOlea,,2,0,2,2,0,2,0,0,0,0,0
109300,DaniParejo,,2,0,2,2,0,2,0,0,0,0,0
109301,fransanchezv,,2,0,2,2,0,2,0,0,0,0,6
109303,Rafinha,,2,0,2,2,0,2,0,0,0,0,0
109310,BeatrizMLopez,,2,0,2,2,0,2,0,0,0,0,0
109312,nocontextfooty,,2,0,2,2,0,2,0,0,0,0,0
109313,fj_quesada,,3,0,3,3,0,3,0,0,0,0,0
109315,juanchiviris41,,2,0,2,2,0,2,0,0,0,0,0
109316,willyhg94,,2,0,2,2,0,2,0,0,0,0,0
109317,Laura_Meseguer,,2,0,2,2,0,2,0,0,0,0,0
109318,petosagan,,2,0,2,2,0,2,0,0,0,0,2
109320,PuritoRodriguez,,2,0,2,2,0,2,0,0,0,0,5
109321,INEOSGrenadiers,,2,0,2,2,0,2,0,0,0,0,2
109326,ImanolErviti,,2,0,2,2,0,2,0,0,0,0,0
109327,Movistar_Team,,2,0,2,2,0,2,0,0,0,0,0
109330,RobertoHeras,,2,0,2,2,0,2,0,0,0,0,0
109331,ultrasierranev,,5,0,5,5,0,5,0,0,0,0,6
109332,Angela_Brandder,,3,0,3,3,0,3,0,0,0,0,0
109337,babydog_agencia,,2,0,2,2,0,2,0,0,0,0,0
109338,sergioscariolo,,3,0,3,3,0,3,0,0,0,0,0
109339,ClubMktGranada,,4,0,4,4,0,4,0,0,0,0,0
109340,PacoLuisGRX,,3,0,3,3,0,3,0,0,0,0,0
109347,ICEXKazajstan,,2,0,2,2,0,2,0,0,0,0,0
109352,IgnaciodeBenito,,2,0,2,2,0,2,0,0,0,0,0
109353,Ingenia_Digital,,3,0,3,3,0,3,0,0,0,0,0
109354,MJM_Nicky,,2,0,2,2,0,2,0,0,0,0,0
109355,icomputerstore,,2,0,2,2,0,2,0,0,0,0,0
109356,Infowork_iw,,3,0,3,3,0,3,0,0,0,0,6
109358,Fernando1Angulo,,3,0,3,3,0,3,0,0,0,0,0
109360,DeKumQuat,,2,0,2,2,0,2,0,0,0,0,0
109361,Caviar_Blanco,,2,0,2,2,0,2,0,0,0,0,0
109362,IndEspadafor,,2,0,2,2,0,2,0,0,0,0,0
109364,NORDWIK,,3,0,3,3,0,3,0,0,0,0,0
109367,jcortes_44,,2,0,2,2,0,2,0,0,0,0,6
109368,pedrodelgadoweb,,2,0,2,2,0,2,0,0,0,0,5
109369,Gloriasulayr,,2,0,2,2,0,2,0,0,0,0,0
109371,gfilippiBF,,2,0,2,2,0,2,0,0,0,0,0
109373,F1,,4,0,4,4,0,4,0,0,0,0,2
109374,Ciclismoafondo_,,2,0,2,2,0,2,0,0,0,0,0
109377,OpenLanjaron,,4,0,4,4,0,4,0,0,0,0,0
109382,cgijjp,,2,0,2,2,0,2,0,0,0,0,0
109385,sulayrc,,2,0,2,2,0,2,0,0,0,0,0
109386,LudicWine,,2,0,2,2,0,2,0,0,0,0,4
109388,SIMAmedia,,3,0,3,3,0,3,0,0,0,0,6
109392,BBC_TopGear,,2,0,2,2,0,2,0,0,0,0,2
109395,mveraz,,3,0,3,3,0,3,0,0,0,0,6
109396,icontreras79,,2,0,2,2,0,2,0,0,0,0,0
109397,MariadelaORest,,3,0,3,3,0,3,0,0,0,0,0
109398,Frikidoctor,,2,0,2,2,0,2,0,0,0,0,0
109400,HHShkMohd,,3,0,3,3,0,3,0,0,0,0,2
109401,Selene_T,,2,0,2,2,0,2,0,0,0,0,0
109402,lauritapm7,,2,0,2,2,0,2,0,0,0,0,6
109403,RteSanCayetano,,3,0,3,3,0,3,0,0,0,0,0
109404,martinn_oviedo,,2,0,2,2,0,2,0,0,0,0,0
109405,citriconsultor,,3,0,3,3,0,3,0,0,0,0,0
109407,BrainCreativeL,,2,0,2,2,0,2,0,0,0,0,0
109409,manoliher_vega,,2,0,2,2,0,2,0,0,0,0,0
109410,Mlgarcia68,,2,0,2,2,0,2,0,0,0,0,0
109411,omologic,,2,0,2,2,0,2,0,0,0,0,0
109412,iwOScom,,2,0,2,2,0,2,0,0,0,0,0
109419,EnviosLowCost,,2,0,2,2,0,2,0,0,0,0,0
109420,CamaraAlicante,,2,0,2,2,0,2,0,0,0,0,0
109421,AleixEspargaro,,2,0,2,2,0,2,0,0,0,0,0
109422,OTERO_EC,,2,0,2,2,0,2,0,0,0,0,6
109425,MatyFenoy,,2,0,2,2,0,2,0,0,0,0,0
109427,galdonsoftware,,3,0,3,3,0,3,0,0,0,0,0
109429,rocio_burgos,,2,0,2,2,0,2,0,0,0,0,5
109430,sulaikafdez,,2,0,2,2,0,2,0,0,0,0,0
109431,whereisthelimit,,3,0,3,3,0,3,0,0,0,0,4
109432,BSMBikes,,2,0,2,2,0,2,0,0,0,0,0
109434,drbikegranada,,2,0,2,2,0,2,0,0,0,0,0
109436,MariaHerreraMe,,2,0,2,2,0,2,0,0,0,0,0
109437,chrisfroome,,3,0,3,3,0,3,0,0,0,0,2
109439,Specialized_ESP,,3,0,3,3,0,3,0,0,0,0,0
109442,UCI_MTB,,3,0,3,3,0,3,0,0,0,0,2
109443,Jordivinu,,3,0,3,3,0,3,0,0,0,0,6
109444,PolarSpain,,2,0,2,2,0,2,0,0,0,0,0
109445,ShimanoMTB,,2,0,2,2,0,2,0,0,0,0,0
109446,limonpubliycom,,3,0,3,3,0,3,0,0,0,0,0
109447,CCCProTeam,,2,0,2,2,0,2,0,0,0,0,0
109448,TrekSegafredo,,2,0,2,2,0,2,0,0,0,0,0
109449,RideCannondale,,3,0,3,3,0,3,0,0,0,0,2
109450,Bontrager,,2,0,2,2,0,2,0,0,0,0,2
109451,TrekBikes,,3,0,3,3,0,3,0,0,0,0,2
109453,iamspecialized,,3,0,3,3,0,3,0,0,0,0,2
109454,Orbea,,2,0,2,2,0,2,0,0,0,0,0
109456,LopezMunozJC,,2,0,2,2,0,2,0,0,0,0,0
109462,EntrenoDelDia,,2,0,2,2,0,2,0,0,0,0,5
109467,16escalones,,3,0,3,3,0,3,0,0,0,0,0
109469,marcellomemoli,,2,0,2,2,0,2,0,0,0,0,0
109470,BniInnovaGR,,3,0,3,3,0,3,0,0,0,0,0
109474,CamaraLinares,,3,0,3,3,0,3,0,0,0,0,0
109475,CamaraOurense,,2,0,2,2,0,2,0,0,0,0,0
109476,CamaraToledo,,2,0,2,2,0,2,0,0,0,0,4
109477,cero_defectos,,3,0,3,3,0,3,0,0,0,0,0
109478,camaraofcordoba,,2,0,2,2,0,2,0,0,0,0,0
109482,curro_rico,,3,0,3,3,0,3,0,0,0,0,0
109484,camaramiranda,,2,0,2,2,0,2,0,0,0,0,0
109485,Camara_Segovia,,2,0,2,2,0,2,0,0,0,0,0
109486,AlishitaHernan,,3,0,3,3,0,3,0,0,0,0,0
109487,CamaraBriviesca,,2,0,2,2,0,2,0,0,0,0,0
109488,camarasoria,,2,0,2,2,0,2,0,0,0,0,0
109493,GRUPO3Estudios,,3,0,3,3,0,3,0,0,0,0,0
109494,aumenta_digital,,3,0,3,3,0,3,0,0,0,0,0
109496,Siscapp_com,,2,0,2,2,0,2,0,0,0,0,0
109499,granabike,,3,0,3,3,0,3,0,0,0,0,0
109500,OpeopleApp,,2,0,2,2,0,2,0,0,0,0,0
109503,liopardo,,2,0,2,2,0,2,0,0,0,0,0
109504,TaniaGonzalezPs,,3,0,3,3,0,3,0,0,0,0,5
109505,mpediatraonline,,2,0,2,2,0,2,0,0,0,0,0
109506,_vitahealth,,2,0,2,2,0,2,0,0,0,0,0
109510,Tiempo_Mercedes,,2,0,2,2,0,2,0,0,0,0,0
109511,Titofalsalarma,,3,0,3,3,0,3,0,0,0,0,6
109512,FALSALARMA1,,3,0,3,3,0,3,0,0,0,0,6
109513,Juaninacka,,2,0,2,2,0,2,0,0,0,0,6
109514,ZPU,,3,0,3,3,0,3,0,0,0,0,6
109516,MariaLapiedra1,,3,0,3,3,0,3,0,0,0,0,6
109517,Nachomadagascar,,2,0,2,2,0,2,0,0,0,0,0
109518,VWGilauto,,2,0,2,2,0,2,0,0,0,0,6
109519,vigilsa,,2,0,2,2,0,2,0,0,0,0,0
109521,TAGHeuer,,2,0,2,2,0,2,0,0,0,0,0
109524,GrupoEIP,,3,0,3,3,0,3,0,0,0,0,4
109525,kelevrasl,,3,0,3,3,0,3,0,0,0,0,0
109528,jgarbajosa15,,3,0,3,3,0,3,0,0,0,0,6
109530,consejoandaluz,,2,0,2,2,0,2,0,0,0,0,0
109531,spurs,,2,0,2,2,0,2,0,0,0,0,0
109536,foulquierismo,,2,0,2,2,0,2,0,0,0,0,0
109538,FeriaUnibike,,3,0,3,3,0,3,0,0,0,0,0
109540,AppleSupport,,2,0,2,2,0,2,0,0,0,0,1
109542,Noemidemiguel,,2,0,2,2,0,2,0,0,0,0,0
109543,sergiomantecon,,3,0,3,3,0,3,0,0,0,0,0
109544,Victor_Claver,,3,0,3,3,0,3,0,0,0,0,0
109545,colomacarlos,,2,0,2,2,0,2,0,0,0,0,0
109546,GlanadaCF,,2,0,2,2,0,2,0,0,0,0,5
109547,xatakandroid,,3,0,3,3,0,3,0,0,0,0,2
109548,xatakamovil,,3,0,3,3,0,3,0,0,0,0,6
109549,marc_gene,,3,0,3,3,0,3,0,0,0,0,0
109550,InicioMozarabe,,3,0,3,3,0,3,0,0,0,0,0
109551,alertcops,,2,0,2,2,0,2,0,0,0,0,0
109552,davidarroyo71,,3,0,3,3,0,3,0,0,0,0,0
109553,9FelipeReyes,,3,0,3,3,0,3,0,0,0,0,6
109555,ighalojude,,3,0,3,3,0,3,0,0,0,0,0
109557,BeCiclos,,2,0,2,2,0,2,0,0,0,0,0
109558,Ciudad_Esmart,,2,0,2,2,0,2,0,0,0,0,0
109561,akaLITTLEPEPE,,2,0,2,2,0,2,0,0,0,0,6
109564,Squembri,,3,0,3,3,0,3,0,0,0,0,6
109565,cecapandalucia,,3,0,3,3,0,3,0,0,0,0,0
109566,RealPaulWalker,,3,0,3,3,0,3,0,0,0,0,7
109568,fausto158,,3,0,3,3,0,3,0,0,0,0,0
109569,Musicail,,2,0,2,2,0,2,0,0,0,0,0
109571,NBATV,,2,0,2,2,0,2,0,0,0,0,2
109572,nikebasketball,,3,0,3,3,0,3,0,0,0,0,2
109573,ErasmusMilano,,5,0,5,5,0,5,0,0,0,0,1
109575,ErasmusMundus,,4,0,4,4,0,4,0,0,0,0,1
109584,SachaBaronCohen,,2,0,2,2,0,2,0,0,0,0,4
109586,ifilmdavedere,,3,0,3,3,0,3,0,0,0,0,3
109590,ChalecosAmarill,,2,0,2,2,0,2,0,0,0,0,3
109591,tameimpala,,2,0,2,2,0,2,0,0,0,0,5
109593,leleadani,,2,0,2,2,0,2,0,0,0,0,3
109596,PaoloCond,,2,0,2,2,0,2,0,0,0,0,3
109597,ninofrassicaoff,,2,0,2,2,0,2,0,0,0,0,3
109598,HAnnalisaH,,2,0,2,2,0,2,0,0,0,0,3
109602,Casabellaweb,,2,0,2,2,0,2,0,0,0,0,3
109603,ElleDecorItaly,,2,0,2,2,0,2,0,0,0,0,3
109604,creuscher,,2,0,2,2,0,2,0,0,0,0,3
109607,chiaralessi,,2,0,2,2,0,2,0,0,0,0,3
109608,ProfLopalco,,3,0,3,3,0,3,0,0,0,0,3
109610,unfair_play,,2,0,2,2,0,2,0,0,0,0,3
109612,rep_napoli,,3,0,3,3,0,3,0,0,0,0,3
109613,tgr_campania,,3,0,3,3,0,3,0,0,0,0,3
109614,VincenzoDeLuca,,2,0,2,2,0,2,0,0,0,0,3
109615,Reg_Campania,,3,0,3,3,0,3,0,0,0,0,3
109616,Viceitaly,,3,0,3,3,0,3,0,0,0,0,3
109619,TommyStar55,,2,0,2,2,0,2,0,0,0,0,3
109621,PescaraCalcio,,2,0,2,2,0,2,0,0,0,0,3
109622,SassuoloUS,,2,0,2,2,0,2,0,0,0,0,3
109624,1913parmacalcio,,2,0,2,2,0,2,0,0,0,0,3
109625,CagliariCalcio,,3,0,3,3,0,3,0,0,0,0,3
109626,Atalanta_BC,,2,0,2,2,0,2,0,0,0,0,3
109627,HellasVeronaFC,,2,0,2,2,0,2,0,0,0,0,2
109629,CalcioFoggiaoff,,2,0,2,2,0,2,0,0,0,0,1
109630,IntelDoge,,2,0,2,2,0,2,0,0,0,0,3
109632,miss0uri4,,2,0,2,2,0,2,0,0,0,0,3
109636,StefPag82,,2,0,2,2,0,2,0,0,0,0,3
109637,Sportpeoplenet,,2,0,2,2,0,2,0,0,0,0,3
109640,Roberto_Cavalli,,3,0,3,3,0,3,0,0,0,0,3
109641,CHANEL,,3,0,3,3,0,3,0,0,0,0,3
109642,Fendi,,2,0,2,2,0,2,0,0,0,0,3
109643,HassanRouhani,,2,0,2,2,0,2,0,0,0,0,3
109647,alesallusti,,2,0,2,2,0,2,0,0,0,0,3
109648,LegaDilettanti,,2,0,2,2,0,2,0,0,0,0,3
109649,FIGC,,2,0,2,2,0,2,0,0,0,0,3
109652,UEFAcom_it,,2,0,2,2,0,2,0,0,0,0,3
109654,realvarriale,,2,0,2,2,0,2,0,0,0,0,3
109655,NFratoianni,,2,0,2,2,0,2,0,0,0,0,3
109659,Kotiomkin,,2,0,2,2,0,2,0,0,0,0,3
109661,TuttoMercatoWeb,,3,0,3,3,0,3,0,0,0,0,3
109662,cmdotcom,,3,0,3,3,0,3,0,0,0,0,2
109664,VujaBoskov,,3,0,3,3,0,3,0,0,0,0,3
109668,NapoliToday,,2,0,2,2,0,2,0,0,0,0,3
109669,NapoliDaVivere,,2,0,2,2,0,2,0,0,0,0,3
109680,Tsoukalos,,2,0,2,2,0,2,0,0,0,0,2
109681,en_sscnapoli,,2,0,2,2,0,2,0,0,0,0,3
109683,paolocelata,,3,0,3,3,0,3,0,0,0,0,3
109684,fraschianchi,,3,0,3,3,0,3,0,0,0,0,3
109685,MarcoDamilan,,2,0,2,2,0,2,0,0,0,0,3
109688,bncalcio,,2,0,2,2,0,2,0,0,0,0,3
109694,SITE_FRFL,,2,0,2,2,0,2,0,0,0,0,3
109696,ExOpgJesopazzo,,2,0,2,2,0,2,0,0,0,0,3
109697,SITE_CYBER,,2,0,2,2,0,2,0,0,0,0,3
109698,cngeologi,,2,0,2,2,0,2,0,0,0,0,3
109699,OlympicCh_pt,,3,0,3,3,0,3,0,0,0,0,7
109709,antonellodose,,2,0,2,2,0,2,0,0,0,0,3
109713,nicolai_lilin,,2,0,2,2,0,2,0,0,0,0,3
109715,DanBilzerian,,2,0,2,2,0,2,0,0,0,0,2
109716,delinquentweet,,2,0,2,2,0,2,0,0,0,0,3
109720,memedeportes,,3,0,3,3,0,3,0,0,0,0,5
109726,Ruptly,,3,0,3,3,0,3,0,0,0,0,3
109732,thisisinsider,,2,0,2,2,0,2,0,0,0,0,8
109737,diMartedi,,3,0,3,3,0,3,0,0,0,0,3
109739,fabioalisei,,2,0,2,2,0,2,0,0,0,0,3
109744,DSportiva,,2,0,2,2,0,2,0,0,0,0,3
109748,LaGabbiaTw,,3,0,3,3,0,3,0,0,0,0,3
109753,siteintelgroup,,2,0,2,2,0,2,0,0,0,0,3
109755,UNICEF_FR,,2,0,2,2,0,2,0,0,0,0,1
109756,Carloalvino,,3,0,3,3,0,3,0,0,0,0,3
109757,redbullITA,,3,0,3,3,0,3,0,0,0,0,3
109758,Ferrari,,2,0,2,2,0,2,0,0,0,0,3
109760,theblackkeys,,3,0,3,3,0,3,0,0,0,0,3
109761,FojaOfficial,,2,0,2,2,0,2,0,0,0,0,3
109763,lostatosociale,,3,0,3,3,0,3,0,0,0,0,3
109766,Aerosmith,,3,0,3,3,0,3,0,0,0,0,5
109767,BlackSabbath,,3,0,3,3,0,3,0,0,0,0,3
109768,Mannarino,,3,0,3,3,0,3,0,0,0,0,3
109769,ferrarailgrasso,,3,0,3,3,0,3,0,0,0,0,3
109770,fdegregori,,2,0,2,2,0,2,0,0,0,0,3
109771,sudsoundsystem,,2,0,2,2,0,2,0,0,0,0,3
109772,99Posse,,2,0,2,2,0,2,0,0,0,0,3
109773,StefanoFassina,,3,0,3,3,0,3,0,0,0,0,3
109774,SI_sinistra,,3,0,3,3,0,3,0,0,0,0,3
109775,DSantanche,,2,0,2,2,0,2,0,0,0,0,3
109776,renatobrunetta,,2,0,2,2,0,2,0,0,0,0,3
109778,1giornodapecora,,2,0,2,2,0,2,0,0,0,0,3
109780,Roberto_Fico,,2,0,2,2,0,2,0,0,0,0,3
109781,ale_dibattista,,3,0,3,3,0,3,0,0,0,0,3
109782,fcstpauli,,2,0,2,2,0,2,0,0,0,0,3
109783,Ligue1_ENG,,2,0,2,2,0,2,0,0,0,0,3
109785,FA,,3,0,3,3,0,3,0,0,0,0,2
109786,nikefootball,,3,0,3,3,0,3,0,0,0,0,3
109787,EASPORTSFIFA,,4,0,4,4,0,4,0,0,0,0,3
109788,FCBayern,,3,0,3,3,0,3,0,0,0,0,3
109789,Bundesliga_EN,,3,0,3,3,0,3,0,0,0,0,2
109790,BVB,,3,0,3,3,0,3,0,0,0,0,3
109791,acffiorentina,,3,0,3,3,0,3,0,0,0,0,3
109792,GenoaCFC,,2,0,2,2,0,2,0,0,0,0,3
109794,OfficialSSLazio,,2,0,2,2,0,2,0,0,0,0,3
109795,sscnapoliES,,3,0,3,3,0,3,0,0,0,0,3
109796,fabiocannavaro,,3,0,3,3,0,3,0,0,0,0,3
109797,ComuneNapoli,,2,0,2,2,0,2,0,0,0,0,3
109798,rafabenitezweb,,3,0,3,3,0,3,0,0,0,0,2
109799,Pierferdinando,,4,0,4,4,0,4,0,0,0,0,3
109800,dries_mertens14,,3,0,3,3,0,3,0,0,0,0,3
109801,androidworldit,,3,0,3,3,0,3,0,0,0,0,2
109802,Maurizio_Lupi,,3,0,3,3,0,3,0,0,0,0,2
109803,ADeLaurentiis,,3,0,3,3,0,3,0,0,0,0,3
109804,PochoLavezzi,,3,0,3,3,0,3,0,0,0,0,2
109808,J_Haller,,2,0,2,2,0,2,0,0,0,0,6
109811,drf1991,,2,0,2,2,0,2,0,0,0,0,6
109812,FloorJansen_,,2,0,2,2,0,2,0,0,0,0,6
109819,guardian_el_,,2,0,2,2,0,2,0,0,0,0,0
109820,GutierrezRojasL,,2,0,2,2,0,2,0,0,0,0,6
109822,PsiquiatriaOVD,,2,0,2,2,0,2,0,0,0,0,6
109824,psiquiatriacom,,2,0,2,2,0,2,0,0,0,0,6
109830,SauromOficial,,2,0,2,2,0,2,0,0,0,0,6
109833,Anisakii,,2,0,2,2,0,2,0,0,0,0,6
109835,xatakaciencia,,3,0,3,3,0,3,0,0,0,0,6
109843,RamonCajalGrMed,,2,0,2,2,0,2,0,0,0,0,6
109845,yifonsi,,2,0,2,2,0,2,0,0,0,0,6
109847,rullkronox,,2,0,2,2,0,2,0,0,0,0,6
109848,NightwishBand,,2,0,2,2,0,2,0,0,0,0,6
109849,threedaysgrace,,2,0,2,2,0,2,0,0,0,0,6
109850,3doorsdown,,2,0,2,2,0,2,0,0,0,0,3
109851,guiadelocio,,3,0,3,3,0,3,0,0,0,0,6
109852,blogdefarmacia,,3,0,3,3,0,3,0,0,0,0,6
109853,jmbm1912,,2,0,2,2,0,2,0,0,0,0,6
109857,laurita3191,,3,0,3,3,0,3,0,0,0,0,6
109859,Luisaasecas,,2,0,2,2,0,2,0,0,0,0,6
109861,NathanFillion,,3,0,3,3,0,3,0,0,0,0,6
109862,Gonzalo91,,3,0,3,3,0,3,0,0,0,0,6
109864,DrSefi,,2,0,2,2,0,2,0,0,0,0,6
109866,Javi_zurita,,2,0,2,2,0,2,0,0,0,0,6
109870,Photoraised,,5,0,5,5,0,5,0,0,0,0,0
109873,killoduran,,2,0,2,2,0,2,0,0,0,0,0
109875,CuidatuVision,,2,0,2,2,0,2,0,0,0,0,0
109876,FamiliasGranada,,2,0,2,2,0,2,0,0,0,0,0
109877,GranadaLupus,,2,0,2,2,0,2,0,0,0,0,0
109880,Cs_Otura,,2,0,2,2,0,2,0,0,0,0,0
109883,ccoo_vf_ono,,2,0,2,2,0,2,0,0,0,0,0
109887,JUANJOTIEDRA,,2,0,2,2,0,2,0,0,0,0,0
109890,VisionLM,,2,0,2,2,0,2,0,0,0,0,0
109891,CCOO,,2,0,2,2,0,2,0,0,0,0,0
109892,tunadistritougr,,4,0,4,4,0,4,0,0,0,0,0
109893,ArqueologiaUGR,,2,0,2,2,0,2,0,0,0,0,0
109895,Cs_SantaFe,,2,0,2,2,0,2,0,0,0,0,0
109904,PSOEPinosPuente,,3,0,3,3,0,3,0,0,0,0,0
109906,culturahuetor,,4,0,4,4,0,4,0,0,0,0,0
109909,GMSHuetorVega,,3,0,3,3,0,3,0,0,0,0,0
109912,podemHuetorVega,,2,0,2,2,0,2,0,0,0,0,0
109913,CN_Alhambra,,3,0,3,3,0,3,0,0,0,0,0
109914,CDHuetorVega,,2,0,2,2,0,2,0,0,0,0,0
109921,FemeninoLazubia,,2,0,2,2,0,2,0,0,0,0,0
109922,DeportivoLZubia,,2,0,2,2,0,2,0,0,0,0,0
109923,PLLaZubia,,2,0,2,2,0,2,0,0,0,0,0
109924,At_LaZubiaFSF,,2,0,2,2,0,2,0,0,0,0,0
109925,Juventudlazubia,,3,0,3,3,0,3,0,0,0,0,0
109926,HotelLaZubia,,3,0,3,3,0,3,0,0,0,0,0
109927,IULaZubia,,2,0,2,2,0,2,0,0,0,0,0
109929,DeporteAlbolote,,3,0,3,3,0,3,0,0,0,0,0
109930,iualbolote,,2,0,2,2,0,2,0,0,0,0,0
109931,PAdeAlbolote,,2,0,2,2,0,2,0,0,0,0,0
109933,PodemosAlbolote,,2,0,2,2,0,2,0,0,0,0,0
109934,upd_ar,,3,0,3,3,0,3,0,0,0,0,0
109936,Juventudana,,2,0,2,2,0,2,0,0,0,0,0
109937,Fermasa_Armilla,,2,0,2,2,0,2,0,0,0,0,0
109938,E_MusicaArmilla,,4,0,4,4,0,4,0,0,0,0,6
109939,CsArmilla,,2,0,2,2,0,2,0,0,0,0,0
109941,actMaracena,,2,0,2,2,0,2,0,0,0,0,0
109943,BmMaracena,,3,0,3,3,0,3,0,0,0,0,0
109944,PodemosMaracena,,2,0,2,2,0,2,0,0,0,0,0
109945,SDS2016granada,,2,0,2,2,0,2,0,0,0,0,0
109946,DeDespedidaGR,,3,0,3,3,0,3,0,0,0,0,0
109947,DiocGranada,,2,0,2,2,0,2,0,0,0,0,0
109948,IdiomasGranada,,3,0,3,3,0,3,0,0,0,0,0
109949,CosodeGranada,,3,0,3,3,0,3,0,0,0,0,0
109950,Surrexit_Gr,,3,0,3,3,0,3,0,0,0,0,0
109951,SentenciaGR,,3,0,3,3,0,3,0,0,0,0,0
109952,CofradiaSan,,2,0,2,2,0,2,0,0,0,0,0
109954,trillo_albaicin,,3,0,3,3,0,3,0,0,0,0,0
109957,albaicinBarber,,2,0,2,2,0,2,0,0,0,0,0
109958,aixalbaicin,,2,0,2,2,0,2,0,0,0,0,0
109959,canalalbaicin,,2,0,2,2,0,2,0,0,0,0,0
109961,YoigoZaidin,,2,0,2,2,0,2,0,0,0,0,0
109963,aytodezaidin,,2,0,2,2,0,2,0,0,0,0,0
109964,RockZaidin,,2,0,2,2,0,2,0,0,0,0,0
109965,ZaidinCofrade,,3,0,3,3,0,3,0,0,0,0,0
109966,JuanXXIIIZaidin,,2,0,2,2,0,2,0,0,0,0,0
109968,podemoszaidin,,2,0,2,2,0,2,0,0,0,0,0
109969,podemoscullarv,,2,0,2,2,0,2,0,0,0,0,0
109972,ComFemCAlhambra,,2,0,2,2,0,2,0,0,0,0,0
109973,G_J_Alhambra,,4,0,4,4,0,4,0,0,0,0,0
109974,ITAlhambra,,3,0,3,3,0,3,0,0,0,0,0
109975,VySLaAlhambra,,4,0,4,4,0,4,0,0,0,0,0
109976,AlhambraV,,2,0,2,2,0,2,0,0,0,0,0
109980,fscCCOOgranada,,2,0,2,2,0,2,0,0,0,0,0
109983,mrcofraditis,,3,0,3,3,0,3,0,0,0,0,4
109989,de_patitas,,2,0,2,2,0,2,0,0,0,0,7
109990,nosvamosderutic,,2,0,2,2,0,2,0,0,0,0,7
109991,viajesconhumor,,2,0,2,2,0,2,0,0,0,0,7
109992,Recuerdos_Mo,,3,0,3,3,0,3,0,0,0,0,7
109993,mapaymochila_,,3,0,3,3,0,3,0,0,0,0,7
109994,365Sabados,,3,0,3,3,0,3,0,0,0,0,7
109995,policia_ODAC,,2,0,2,2,0,2,0,0,0,0,7
109999,Jen_cm9,,2,0,2,2,0,2,0,0,0,0,7
110012,travelmesoftly,,2,0,2,2,0,2,0,0,0,0,7
110014,hazellubbock,,2,0,2,2,0,2,0,0,0,0,7
110020,101holidays,,2,0,2,2,0,2,0,0,0,0,7
110021,jeremyhead,,2,0,2,2,0,2,0,0,0,0,7
110022,anniebennett,,2,0,2,2,0,2,0,0,0,0,0
110023,imanesdeviaje,,4,0,4,4,0,4,0,0,0,0,7
110024,losacrobatas,,2,0,2,2,0,2,0,0,0,0,7
110028,ViajeKiana,,3,0,3,3,0,3,0,0,0,0,7
110029,viajeconpablo,,2,0,2,2,0,2,0,0,0,0,7
110030,YoViajero_es,,2,0,2,2,0,2,0,0,0,0,6
110034,TuGranViaje,,2,0,2,2,0,2,0,0,0,0,7
110035,elproximoviaje,,3,0,3,3,0,3,0,0,0,0,7
110036,consej_viajero,,3,0,3,3,0,3,0,0,0,0,7
110037,KrrteAndo,,2,0,2,2,0,2,0,0,0,0,7
110040,viajeroscalle,,3,0,3,3,0,3,0,0,0,0,7
110041,MurZielaGa,,2,0,2,2,0,2,0,0,0,0,7
110042,elviajedesofi,,2,0,2,2,0,2,0,0,0,0,7
110043,lagran_escapada,,4,0,4,4,0,4,0,0,0,0,7
110045,ElviajeMehizo,,4,0,4,4,0,4,0,0,0,0,7
110046,VagamundosViaje,,3,0,3,3,0,3,0,0,0,0,7
110067,JimByersTravel,,2,0,2,2,0,2,0,0,0,0,7
110070,TravelReportMX,,3,0,3,3,0,3,0,0,0,0,7
110072,ViajeMapache,,3,0,3,3,0,3,0,0,0,0,7
110073,Mcallan,,2,0,2,2,0,2,0,0,0,0,7
110076,ElMundoOk,,2,0,2,2,0,2,0,0,0,0,7
110077,adventuregirl,,2,0,2,2,0,2,0,0,0,0,7
110078,ViajamosJunto,,3,0,3,3,0,3,0,0,0,0,7
110079,larabrito,,3,0,3,3,0,3,0,0,0,0,7
110080,xixerone_,,3,0,3,3,0,3,0,0,0,0,0
110081,WorldTravelFeet,,3,0,3,3,0,3,0,0,0,0,7
110083,SaraTourduMonde,,3,0,3,3,0,3,0,0,0,0,7
110085,CristinaGlez91,,2,0,2,2,0,2,0,0,0,0,7
110088,demikublog,,3,0,3,3,0,3,0,0,0,0,7
110089,krisporelmundo,,2,0,2,2,0,2,0,0,0,0,7
110090,mariavalverde,,3,0,3,3,0,3,0,0,0,0,5
110091,Granadaespecta,,3,0,3,3,0,3,0,0,0,0,7
110092,GranadaAtraves,,3,0,3,3,0,3,0,0,0,0,7
110095,MrScottEddy,,3,0,3,3,0,3,0,0,0,0,7
110097,TravelSprvisors,,2,0,2,2,0,2,0,0,0,0,7
110098,FoodDrink_Dest,,2,0,2,2,0,2,0,0,0,0,7
110099,FoodDrinkDest,,2,0,2,2,0,2,0,0,0,0,7
110101,eurapart,,3,0,3,3,0,3,0,0,0,0,7
110102,vero4travel,,3,0,3,3,0,3,0,0,0,0,7
110103,Viajerabloggera,,3,0,3,3,0,3,0,0,0,0,7
110104,CostaDeGranada,,3,0,3,3,0,3,0,0,0,0,4
110105,MEETGRANADA,,3,0,3,3,0,3,0,0,0,0,7
110106,Tuitgranada,,2,0,2,2,0,2,0,0,0,0,7
110107,OMDestination,,2,0,2,2,0,2,0,0,0,0,7
110108,mensquaremag,,2,0,2,2,0,2,0,0,0,0,7
110109,atarfemania,,3,0,3,3,0,3,0,0,0,0,6
110110,bitlanguages,,4,0,4,4,0,4,0,0,0,0,7
110113,KathrinSapiha,,2,0,2,2,0,2,0,0,0,0,7
110114,viajeschavetas,,3,0,3,3,0,3,0,0,0,0,4
110116,thewotme_viajes,,3,0,3,3,0,3,0,0,0,0,4
110117,cosasmuy_top,,3,0,3,3,0,3,0,0,0,0,0
110119,buscavuelos,,3,0,3,3,0,3,0,0,0,0,7
110120,viajaralparaiso,,3,0,3,3,0,3,0,0,0,0,7
110121,neweuropetours,,3,0,3,3,0,3,0,0,0,0,5
110122,TURyCLICK,,3,0,3,3,0,3,0,0,0,0,7
110123,VisitaGranadaYA,,3,0,3,3,0,3,0,0,0,0,0
110124,CitySSEspana,,2,0,2,2,0,2,0,0,0,0,0
110125,ensegway,,2,0,2,2,0,2,0,0,0,0,7
110126,iplaygranada,,3,0,3,3,0,3,0,0,0,0,0
110130,ARundreise,,2,0,2,2,0,2,0,0,0,0,0
110132,ventepandalucia,,3,0,3,3,0,3,0,0,0,0,7
110146,AlpujarraenFoto,,3,0,3,3,0,3,0,0,0,0,7
110147,NaniArenas,,3,0,3,3,0,3,0,0,0,0,7
110149,MiViajeXelMundo,,2,0,2,2,0,2,0,0,0,0,4
110150,GRestademoda,,3,0,3,3,0,3,0,0,0,0,7
110151,vivealpujarra,,2,0,2,2,0,2,0,0,0,0,7
110153,GoGranadaSpain,,3,0,3,3,0,3,0,0,0,0,7
110165,notasde1viajero,,2,0,2,2,0,2,0,0,0,0,7
110166,lacosmopolilla,,3,0,3,3,0,3,0,0,0,0,0
110167,Mibauldeblogs,,3,0,3,3,0,3,0,0,0,0,7
110170,5razonesparavis,,2,0,2,2,0,2,0,0,0,0,7
110171,GacelaViajera,,2,0,2,2,0,2,0,0,0,0,7
110176,malamolda,,3,0,3,3,0,3,0,0,0,0,1
110181,eRomanMe,,2,0,2,2,0,2,0,0,0,0,0
110187,AcademiasEC,,3,0,3,3,0,3,0,0,0,0,1
110190,UAM_Economicas,,2,0,2,2,0,2,0,0,0,0,1
110194,AlvaroBlazquezM,,3,0,3,3,0,3,0,0,0,0,3
110208,ExpatChild,,2,0,2,2,0,2,0,0,0,0,1
110210,CriolloSpanish,,3,0,3,3,0,3,0,0,0,0,1
110211,spanishblog,,3,0,3,3,0,3,0,0,0,0,1
110212,FluentUSpanish,,2,0,2,2,0,2,0,0,0,0,1
110215,Spanish4Free1,,2,0,2,2,0,2,0,0,0,0,1
110217,BCNsunlight,,2,0,2,2,0,2,0,0,0,0,1
110219,slatinamerica,,2,0,2,2,0,2,0,0,0,0,1
110220,AmautaSchool,,2,0,2,2,0,2,0,0,0,0,1
110221,ballyclarelangs,,2,0,2,2,0,2,0,0,0,0,1
110224,LearnCyL,,2,0,2,2,0,2,0,0,0,0,1
110225,tenspanish,,3,0,3,3,0,3,0,0,0,0,1
110229,blogdeespanol,,3,0,3,3,0,3,0,0,0,0,1
110230,AprendeconMaria,,3,0,3,3,0,3,0,0,0,0,1
110233,ELEIcursos,,2,0,2,2,0,2,0,0,0,0,1
110234,eledelengua,,3,0,3,3,0,3,0,0,0,0,1
110236,ICToulouse,,3,0,3,3,0,3,0,0,0,0,1
110238,rutascervantes,,2,0,2,2,0,2,0,0,0,0,1
110240,ICPraga,,3,0,3,3,0,3,0,0,0,0,1
110241,Paris_IC,,3,0,3,3,0,3,0,0,0,0,1
110243,IC_Berlin,,3,0,3,3,0,3,0,0,0,0,1
110246,IC_Manila,,3,0,3,3,0,3,0,0,0,0,1
110247,CervantesTokio,,3,0,3,3,0,3,0,0,0,0,1
110251,pyc_revista,,3,0,3,3,0,3,0,0,0,0,1
110252,delearte,,3,0,3,3,0,3,0,0,0,0,1
110253,recursosdele,,3,0,3,3,0,3,0,0,0,0,1
110254,encuentro_ele,,3,0,3,3,0,3,0,0,0,0,1
110255,LACLASEDEELE,,3,0,3,3,0,3,0,0,0,0,1
110259,lolatorres,,2,0,2,2,0,2,0,0,0,0,1
110264,meugercios,,2,0,2,2,0,2,0,0,0,0,1
110266,Marecica,,3,0,3,3,0,3,0,0,0,0,1
110268,ELEdeLeyre,,2,0,2,2,0,2,0,0,0,0,1
110269,franciscorguezr,,2,0,2,2,0,2,0,0,0,0,1
110272,ProfeDe_Espanol,,3,0,3,3,0,3,0,0,0,0,1
110273,APLinguista,,2,0,2,2,0,2,0,0,0,0,1
110274,LapizdeELE,,2,0,2,2,0,2,0,0,0,0,1
110276,federacionele,,6,0,6,6,0,6,0,0,0,0,4
110278,Edelsa,,3,0,3,3,0,3,0,0,0,0,1
110279,Edinumen,,4,0,4,4,0,4,0,0,0,0,1
110280,enclaveele,,4,0,4,4,0,4,0,0,0,0,1
110282,Vamospanish,,2,0,2,2,0,2,0,0,0,0,1
110287,practicaespanol,,3,0,3,3,0,3,0,0,0,0,1
110290,improve_spanish,,2,0,2,2,0,2,0,0,0,0,1
110294,familyaupair,,3,0,3,3,0,3,0,0,0,0,6
110295,MadErasmus,,3,0,3,3,0,3,0,0,0,0,1
110299,MadridTourist,,3,0,3,3,0,3,0,0,0,0,7
110300,TeVeoenMadrid,,4,0,4,4,0,4,0,0,0,0,4
110304,CheapinMadridES,,2,0,2,2,0,2,0,0,0,0,1
110308,TEATROMADRID,,3,0,3,3,0,3,0,0,0,0,1
110315,mar_mejias,,3,0,3,3,0,3,0,0,0,0,1
110320,HablemosApp,,2,0,2,2,0,2,0,0,0,0,1
110328,EnamoradoMadrid,,3,0,3,3,0,3,0,0,0,0,4
110335,educaglobalele,,2,0,2,2,0,2,0,0,0,0,1
110355,BarelBrillante,,2,0,2,2,0,2,0,0,0,0,1
110356,MadridEasy,,4,0,4,4,0,4,0,0,0,0,7
110362,paginaespanol,,2,0,2,2,0,2,0,0,0,0,1
110370,Pronuntia,,2,0,2,2,0,2,0,0,0,0,1
110374,osmarmelo,,2,0,2,2,0,2,0,0,0,0,1
110376,gulozturkkk,,2,0,2,2,0,2,0,0,0,0,1
110381,DarceyCroft,,2,0,2,2,0,2,0,0,0,0,2
110387,_MADtime,,3,0,3,3,0,3,0,0,0,0,1
110391,vagamundo,,4,0,4,4,0,4,0,0,0,0,1
110392,TravelingAnna,,2,0,2,2,0,2,0,0,0,0,1
110393,MicroplanMadrid,,2,0,2,2,0,2,0,0,0,0,1
110400,Makitakesushi,,2,0,2,2,0,2,0,0,0,0,1
110408,akinsolz,,2,0,2,2,0,2,0,0,0,0,4
110409,4L3XT86,,2,0,2,2,0,2,0,0,0,0,4
110414,wallybordas,,2,0,2,2,0,2,0,0,0,0,1
110419,micasainnoffi,,2,0,2,2,0,2,0,0,0,0,1
110422,CES_Cisneros,,2,0,2,2,0,2,0,0,0,0,4
110423,spanishintour,,3,0,3,3,0,3,0,0,0,0,1
110424,Nozza98,,2,0,2,2,0,2,0,0,0,0,4
110425,Guiri_guide,,2,0,2,2,0,2,0,0,0,0,4
110426,MSWDMadrid,,3,0,3,3,0,3,0,0,0,0,4
110427,Lang_Exch_HLV,,2,0,2,2,0,2,0,0,0,0,4
110428,piso_compartido,,2,0,2,2,0,2,0,0,0,0,4
110429,BCSM_es,,3,0,3,3,0,3,0,0,0,0,4
110430,flatmatesapp,,2,0,2,2,0,2,0,0,0,0,4
110431,Internazional_I,,3,0,3,3,0,3,0,0,0,0,4
110432,NewsTankHER,,2,0,2,2,0,2,0,0,0,0,1
110433,BCSM_UPV,,2,0,2,2,0,2,0,0,0,0,4
110434,misssushi,,2,0,2,2,0,2,0,0,0,0,4
110435,O_Schornstein,,2,0,2,2,0,2,0,0,0,0,4
110436,ciffbusiness,,3,0,3,3,0,3,0,0,0,0,1
110438,MadridenRuta,,2,0,2,2,0,2,0,0,0,0,1
110442,LosMadriles,,2,0,2,2,0,2,0,0,0,0,1
110443,_ElRetiro,,2,0,2,2,0,2,0,0,0,0,1
110444,CallejeandoMad,,2,0,2,2,0,2,0,0,0,0,1
110445,Ls_Madriles,,3,0,3,3,0,3,0,0,0,0,4
110449,madrizmola,,2,0,2,2,0,2,0,0,0,0,1
110451,lomejordemadrid,,2,0,2,2,0,2,0,0,0,0,4
110452,RetalesdeMadrid,,2,0,2,2,0,2,0,0,0,0,1
110453,hoyxmadrid,,2,0,2,2,0,2,0,0,0,0,1
110454,dani_ouro,,2,0,2,2,0,2,0,0,0,0,1
110455,UnnaLife_,,3,0,3,3,0,3,0,0,0,0,1
110456,wondertours_,,4,0,4,4,0,4,0,0,0,0,1
110459,Mayres38,,3,0,3,3,0,3,0,0,0,0,1
110461,El_Distrito,,2,0,2,2,0,2,0,0,0,0,1
110465,Actualidad21,,2,0,2,2,0,2,0,0,0,0,1
110467,free_touring,,3,0,3,3,0,3,0,0,0,0,0
110468,ociopormadrid,,3,0,3,3,0,3,0,0,0,0,1
110470,algopasaenmad,,3,0,3,3,0,3,0,0,0,0,1
110471,madridfreeweb,,3,0,3,3,0,3,0,0,0,0,1
110472,diariomadrides,,2,0,2,2,0,2,0,0,0,0,1
110473,buendiaenmadrid,,3,0,3,3,0,3,0,0,0,0,1
110474,espaciomadrides,,3,0,3,3,0,3,0,0,0,0,1
110475,Madridiario,,3,0,3,3,0,3,0,0,0,0,1
110476,Walkingmadrid,,2,0,2,2,0,2,0,0,0,0,1
110477,madridactual,,3,0,3,3,0,3,0,0,0,0,1
110508,LkmnZbag,,2,0,2,2,0,2,0,0,0,0,3
110515,Memq5520,,2,0,2,2,0,2,0,0,0,0,3
110560,iamrobertdobbs,,3,0,3,3,0,3,0,0,0,0,2
110565,LauraDeVocht,,3,0,3,3,0,3,0,0,0,0,2
110587,MntDmnt,,3,0,3,3,0,3,0,0,0,0,1
110596,ata_gur,,2,0,2,2,0,2,0,0,0,0,1
110598,HallCati,,2,0,2,2,0,2,0,0,0,0,1
110604,serhatgndz,,2,0,2,2,0,2,0,0,0,0,1
110617,ReggieBush,,2,0,2,2,0,2,0,0,0,0,2
110620,MoosePeterson,,2,0,2,2,0,2,0,0,0,0,2
110626,SecretaryJewell,,2,0,2,2,0,2,0,0,0,0,2
110629,DPhotographer,,3,0,3,3,0,3,0,0,0,0,2
110630,carrieunderwood,,2,0,2,2,0,2,0,0,0,0,2
110633,fstoppers,,2,0,2,2,0,2,0,0,0,0,2
110640,ShawnMichaels,,2,0,2,2,0,2,0,0,0,0,2
110642,NASCARONFOX,,2,0,2,2,0,2,0,0,0,0,2
110647,MettaWorld37,,2,0,2,2,0,2,0,0,0,0,2
110648,foofighters,,3,0,3,3,0,3,0,0,0,0,2
110649,nflnetwork,,2,0,2,2,0,2,0,0,0,0,2
110651,mikethemiz,,2,0,2,2,0,2,0,0,0,0,2
110652,TheRealEve,,2,0,2,2,0,2,0,0,0,0,2
110655,CSI_CBS,,2,0,2,2,0,2,0,0,0,0,2
110656,GolfDigest,,2,0,2,2,0,2,0,0,0,0,2
110657,lensculture,,2,0,2,2,0,2,0,0,0,0,2
110662,StarringRico,,2,0,2,2,0,2,0,0,0,0,2
110664,ESPN_Esports,,2,0,2,2,0,2,0,0,0,0,2
110665,IEM,,3,0,3,3,0,3,0,0,0,0,2
110669,JaredLeto,,3,0,3,3,0,3,0,0,0,0,4
110672,WWEDanielBryan,,2,0,2,2,0,2,0,0,0,0,2
110680,GettyReportage,,2,0,2,2,0,2,0,0,0,0,2
110687,Linkingstudents,,2,0,2,2,0,2,0,0,0,0,2
110693,GlasgowMuseums,,2,0,2,2,0,2,0,0,0,0,2
110698,ScotRail,,2,0,2,2,0,2,0,0,0,0,2
110704,michkeegan,,2,0,2,2,0,2,0,0,0,0,2
110705,BBCScotlandNews,,2,0,2,2,0,2,0,0,0,0,2
110706,hollywills,,2,0,2,2,0,2,0,0,0,0,2
110707,jackwhitehall,,3,0,3,3,0,3,0,0,0,0,2
110709,antanddec,,3,0,3,3,0,3,0,0,0,0,2
110710,JeremyClarkson,,3,0,3,3,0,3,0,0,0,0,2
110714,kevinbridges86,,2,0,2,2,0,2,0,0,0,0,2
110715,Lord_Sugar,,3,0,3,3,0,3,0,0,0,0,2
110720,AlexSalmond,,2,0,2,2,0,2,0,0,0,0,2
110721,wossy,,3,0,3,3,0,3,0,0,0,0,2
110722,GlasgowCC,,2,0,2,2,0,2,0,0,0,0,2
110724,Fearnecotton,,3,0,3,3,0,3,0,0,0,0,2
110725,jimmycarr,,3,0,3,3,0,3,0,0,0,0,2
110735,googlearts,,3,0,3,3,0,3,0,0,0,0,2
110738,azaruski,,2,0,2,2,0,2,0,0,0,0,6
110751,orientandujar,,2,0,2,2,0,2,0,0,0,0,5
110754,krispamparo,,2,0,2,2,0,2,0,0,0,0,5
110770,EDUCAPLAY,,2,0,2,2,0,2,0,0,0,0,5
110778,aventurasaber,,2,0,2,2,0,2,0,0,0,0,5
110780,_Sirolopez_,,2,0,2,2,0,2,0,0,0,0,0
110787,scratch,,3,0,3,3,0,3,0,0,0,0,5
110788,RossellimacEDU,,2,0,2,2,0,2,0,0,0,0,5
110800,MovistarCine,,3,0,3,3,0,3,0,0,0,0,5
110804,profeDPardino,,2,0,2,2,0,2,0,0,0,0,5
110805,leeres,,3,0,3,3,0,3,0,0,0,0,5
110807,csifeducacion,,2,0,2,2,0,2,0,0,0,0,5
110809,EscuelasXClima,,2,0,2,2,0,2,0,0,0,0,5
110810,Maestra_enfu,,2,0,2,2,0,2,0,0,0,0,5
110813,zacatrus,,2,0,2,2,0,2,0,0,0,0,0
110816,VickyRosell,,3,0,3,3,0,3,0,0,0,0,5
110818,FLLSpain,,2,0,2,2,0,2,0,0,0,0,5
110825,genially_es,,3,0,3,3,0,3,0,0,0,0,5
110826,MovistarPlus,,3,0,3,3,0,3,0,0,0,0,5
110827,AlmudenaGrandes,,2,0,2,2,0,2,0,0,0,0,5
110832,LibroAbierto_BE,,2,0,2,2,0,2,0,0,0,0,5
110833,tonisolano,,2,0,2,2,0,2,0,0,0,0,5
110834,dasava,,3,0,3,3,0,3,0,0,0,0,0
110835,Kaotiko_BCN,,2,0,2,2,0,2,0,0,0,0,5
110836,SatanBecario,,2,0,2,2,0,2,0,0,0,0,5
110838,Profundiza,,2,0,2,2,0,2,0,0,0,0,5
110839,FlyWithLEVEL,,3,0,3,3,0,3,0,0,0,0,2
110841,buttercri,,2,0,2,2,0,2,0,0,0,0,0
110844,Jugandoenpareja,,2,0,2,2,0,2,0,0,0,0,5
110845,AulaMentor_sede,,2,0,2,2,0,2,0,0,0,0,4
110846,protestona1,,3,0,3,3,0,3,0,0,0,0,5
110848,misviajeslowcos,,2,0,2,2,0,2,0,0,0,0,5
110849,AyudaMaestros,,2,0,2,2,0,2,0,0,0,0,5
110850,mollisters,,3,0,3,3,0,3,0,0,0,0,6
110851,Strambotic,,2,0,2,2,0,2,0,0,0,0,0
110854,campusunicaja,,2,0,2,2,0,2,0,0,0,0,5
110856,ticketea,,3,0,3,3,0,3,0,0,0,0,5
110858,Evocador,,2,0,2,2,0,2,0,0,0,0,5
110859,MareaGranate,,3,0,3,3,0,3,0,0,0,0,5
110861,DolceGustoES,,2,0,2,2,0,2,0,0,0,0,0
110862,EnComu_Podem,,2,0,2,2,0,2,0,0,0,0,5
110864,Smartickmetodo,,2,0,2,2,0,2,0,0,0,0,5
110865,Julio_Rodr_,,3,0,3,3,0,3,0,0,0,0,5
110868,diegogg,,3,0,3,3,0,3,0,0,0,0,6
110872,Matador_ES,,2,0,2,2,0,2,0,0,0,0,5
110873,VoluntarioMundo,,2,0,2,2,0,2,0,0,0,0,5
110876,IberiaPromos,,4,0,4,4,0,4,0,0,0,0,6
110877,OliverTrip1,,3,0,3,3,0,3,0,0,0,0,0
110881,ElViajeroFisgon,,3,0,3,3,0,3,0,0,0,0,5
110882,MejorVuelo,,3,0,3,3,0,3,0,0,0,0,5
110883,GuiaLowCost,,3,0,3,3,0,3,0,0,0,0,5
110885,Tulnfancia,,2,0,2,2,0,2,0,0,0,0,5
110886,bcnencomu,,2,0,2,2,0,2,0,0,0,0,5
110887,Tremending,,3,0,3,3,0,3,0,0,0,0,5
110890,serranojoseluis,,3,0,3,3,0,3,0,0,0,0,0
110892,carlosbardem,,3,0,3,3,0,3,0,0,0,0,5
110894,plan_voluntario,,2,0,2,2,0,2,0,0,0,0,5
110896,MiguelUrban,,3,0,3,3,0,3,0,0,0,0,5
110901,verne,,3,0,3,3,0,3,0,0,0,0,5
110903,luisalegrezahon,,2,0,2,2,0,2,0,0,0,0,5
110906,crystalfighters,,2,0,2,2,0,2,0,0,0,0,5
110908,EuroPodemos,,2,0,2,2,0,2,0,0,0,0,0
110910,PodemosEduca,,2,0,2,2,0,2,0,0,0,0,0
110911,lazaropatti,,3,0,3,3,0,3,0,0,0,0,5
110914,LolaPodemos,,3,0,3,3,0,3,0,0,0,0,0
110915,Raul22_vlc,,2,0,2,2,0,2,0,0,0,0,5
110917,CreaInnovaEduca,,2,0,2,2,0,2,0,0,0,0,5
110920,Isatable_,,3,0,3,3,0,3,0,0,0,0,6
110922,VictorSegovia__,,3,0,3,3,0,3,0,0,0,0,5
110923,BeeaRguezM,,2,0,2,2,0,2,0,0,0,0,5
110925,CDelPaso,,2,0,2,2,0,2,0,0,0,0,5
110932,espee_95,,3,0,3,3,0,3,0,0,0,0,6
110933,SaraGamiz,,2,0,2,2,0,2,0,0,0,0,5
110934,plpalabra,,3,0,3,3,0,3,0,0,0,0,5
110935,anabdl22,,2,0,2,2,0,2,0,0,0,0,5
110936,96Sheylaa,,2,0,2,2,0,2,0,0,0,0,5
110937,Fran_Porcel,,2,0,2,2,0,2,0,0,0,0,5
110938,NachoJusticia,,2,0,2,2,0,2,0,0,0,0,5
110942,lydia_Esthe,,2,0,2,2,0,2,0,0,0,0,5
110945,vladygalvez,,2,0,2,2,0,2,0,0,0,0,5
110946,pilarmfg,,3,0,3,3,0,3,0,0,0,0,6
110947,Juan_Jimenez_,,2,0,2,2,0,2,0,0,0,0,5
110948,Marcelo25894,,2,0,2,2,0,2,0,0,0,0,5
110950,StevenBnC,,2,0,2,2,0,2,0,0,0,0,5
110951,MJPinga,,2,0,2,2,0,2,0,0,0,0,5
110954,nullpointer_tic,,2,0,2,2,0,2,0,0,0,0,5
110955,forges,,3,0,3,3,0,3,0,0,0,0,5
110959,YouTubeEspanol,,3,0,3,3,0,3,0,0,0,0,5
110960,androides,,3,0,3,3,0,3,0,0,0,0,0
110962,TelecoEnfurece,,2,0,2,2,0,2,0,0,0,0,6
110963,DuocUC_INT,,3,0,3,3,0,3,0,0,0,0,1
110974,Marrastef,,3,0,3,3,0,3,0,0,0,0,1
110975,LukeStabile13,,3,0,3,3,0,3,0,0,0,0,3
110983,turiskopio,,3,0,3,3,0,3,0,0,0,0,4
110987,AlbertoBosque3,,2,0,2,2,0,2,0,0,0,0,0
110992,SERhistoria,,2,0,2,2,0,2,0,0,0,0,2
110995,CarmencuevasELE,,3,0,3,3,0,3,0,0,0,0,1
111004,Granada_Tours,,2,0,2,2,0,2,0,0,0,0,0
111010,cineturismo_es,,2,0,2,2,0,2,0,0,0,0,0
111011,hermanosnaranjo,,2,0,2,2,0,2,0,0,0,0,6
111017,surrealitybytes,,2,0,2,2,0,2,0,0,0,0,1
111018,ExamsAndalucia,,3,0,3,3,0,3,0,0,0,0,4
111033,jmalbelda,,3,0,3,3,0,3,0,0,0,0,0
111034,GranadaBridal,,3,0,3,3,0,3,0,0,0,0,0
111036,tstraducciones,,2,0,2,2,0,2,0,0,0,0,3
111043,granadasecreta,,2,0,2,2,0,2,0,0,0,0,6
111048,Santiag37365399,,2,0,2,2,0,2,0,0,0,0,0
111053,EdicionesDauro,,2,0,2,2,0,2,0,0,0,0,0
111054,EdisurM,,2,0,2,2,0,2,0,0,0,0,0
111055,gem_puertas,,2,0,2,2,0,2,0,0,0,0,0
111056,LoreenaTorres,,2,0,2,2,0,2,0,0,0,0,0
111060,ma_martin,,2,0,2,2,0,2,0,0,0,0,3
111061,bloguers_net,,3,0,3,3,0,3,0,0,0,0,5
111065,Educanal_es,,2,0,2,2,0,2,0,0,0,0,0
111077,Ignacio13Gil,,2,0,2,2,0,2,0,0,0,0,0
111081,DadosdeLaplace,,3,0,3,3,0,3,0,0,0,0,4
111089,isaaccabrera86,,2,0,2,2,0,2,0,0,0,0,0
111092,carmen_pacheco,,2,0,2,2,0,2,0,0,0,0,4
111093,Patchgirl,,2,0,2,2,0,2,0,0,0,0,4
111100,YuvTv,,2,0,2,2,0,2,0,0,0,0,0
111101,alba_luna_,,2,0,2,2,0,2,0,0,0,0,5
111102,eleceinfo,,3,0,3,3,0,3,0,0,0,0,6
111103,poli_lorca,,2,0,2,2,0,2,0,0,0,0,6
111105,littlebritainG,,2,0,2,2,0,2,0,0,0,0,0
111110,_kevinlim,,2,0,2,2,0,2,0,0,0,0,0
111115,DiasDeCine,,3,0,3,3,0,3,0,0,0,0,0
111117,apartamentosmar,,2,0,2,2,0,2,0,0,0,0,6
111120,Travelmath,,3,0,3,3,0,3,0,0,0,0,2
111121,GFuturogranada,,2,0,2,2,0,2,0,0,0,0,4
111128,andogalia,,2,0,2,2,0,2,0,0,0,0,6
111129,frandimar,,2,0,2,2,0,2,0,0,0,0,6
111133,magmacultura,,2,0,2,2,0,2,0,0,0,0,4
111136,aschapire,,2,0,2,2,0,2,0,0,0,0,2
111137,GranaBox,,2,0,2,2,0,2,0,0,0,0,0
111139,mverparacreer,,2,0,2,2,0,2,0,0,0,0,4
111143,Ayto_Salar,,2,0,2,2,0,2,0,0,0,0,0
111144,VillaSalar,,2,0,2,2,0,2,0,0,0,0,0
111146,AcademiaEAC,,2,0,2,2,0,2,0,0,0,0,6
111147,ikelington,,3,0,3,3,0,3,0,0,0,0,0
111151,Acad_Salvador,,2,0,2,2,0,2,0,0,0,0,0
111152,AcademiaIPAO,,2,0,2,2,0,2,0,0,0,0,4
111158,apartmentos,,2,0,2,2,0,2,0,0,0,0,0
111159,ClaritasGranada,,2,0,2,2,0,2,0,0,0,0,0
111160,joseantego,,2,0,2,2,0,2,0,0,0,0,4
111163,creActivos_ugr,,2,0,2,2,0,2,0,0,0,0,0
111166,GranadaYuzin,,3,0,3,3,0,3,0,0,0,0,6
111167,MidCenturyCinem,,2,0,2,2,0,2,0,0,0,0,5
111174,estrellabolivi,,2,0,2,2,0,2,0,0,0,0,0
111177,Lg_on_the_Move,,2,0,2,2,0,2,0,0,0,0,1
111178,Multi_Ling_Mat,,2,0,2,2,0,2,0,0,0,0,1
111180,emilio_delrio,,3,0,3,3,0,3,0,0,0,0,6
111183,Impres_TVE,,2,0,2,2,0,2,0,0,0,0,0
111188,templodebod,,2,0,2,2,0,2,0,0,0,0,2
111195,RevistaLOA,,2,0,2,2,0,2,0,0,0,0,0
111200,galveztaroncher,,3,0,3,3,0,3,0,0,0,0,0
111207,Inma_Cuevas,,2,0,2,2,0,2,0,0,0,0,2
111211,gp_pulipaka,,3,0,3,3,0,3,0,0,0,0,3
111216,Abel_Ros,,2,0,2,2,0,2,0,0,0,0,6
111218,Berco_do_Mundo,,2,0,2,2,0,2,0,0,0,0,2
111229,OlivieriDino,,2,0,2,2,0,2,0,0,0,0,3
111230,uniFrance,,2,0,2,2,0,2,0,0,0,0,0
111237,Sempatika_emr,,3,0,3,3,0,3,0,0,0,0,0
111238,Sempatiza,,3,0,3,3,0,3,0,0,0,0,0
111240,granadadirect,,2,0,2,2,0,2,0,0,0,0,0
111242,carloscf1919,,2,0,2,2,0,2,0,0,0,0,0
111244,CambridgeEngSP,,3,0,3,3,0,3,0,0,0,0,4
111245,iMeMiNe,,2,0,2,2,0,2,0,0,0,0,5
111258,CineMadrigal,,2,0,2,2,0,2,0,0,0,0,1
111259,FutureLearn,,4,0,4,4,0,4,0,0,0,0,1
111262,TopTravelCR,,2,0,2,2,0,2,0,0,0,0,0
111263,GranadaTukTuk,,2,0,2,2,0,2,0,0,0,0,0
111267,CesarCrequesens,,3,0,3,3,0,3,0,0,0,0,0
111271,coelloabogados,,2,0,2,2,0,2,0,0,0,0,0
111275,QueGranada,,3,0,3,3,0,3,0,0,0,0,0
111279,Loja2Reinos2,,3,0,3,3,0,3,0,0,0,0,6
111282,loja365es,,2,0,2,2,0,2,0,0,0,0,6
111284,GRturismoyocio,,2,0,2,2,0,2,0,0,0,0,0
111285,GretaAssoc,,2,0,2,2,0,2,0,0,0,0,0
111288,DavidTorresOrtn,,2,0,2,2,0,2,0,0,0,0,0
111291,Letralia,,2,0,2,2,0,2,0,0,0,0,2
111292,revistadeletras,,3,0,3,3,0,3,0,0,0,0,1
111293,ContraEscritura,,2,0,2,2,0,2,0,0,0,0,6
111298,lenademolina,,2,0,2,2,0,2,0,0,0,0,0
111300,agenciaalhamar,,2,0,2,2,0,2,0,0,0,0,0
111301,EsMONTALBAN,,3,0,3,3,0,3,0,0,0,0,0
111308,tapearengranada,,2,0,2,2,0,2,0,0,0,0,0
111309,AntoniLaraRamos,,2,0,2,2,0,2,0,0,0,0,0
111319,MkteroNocturno,,3,0,3,3,0,3,0,0,0,0,4
111320,novumeventos,,3,0,3,3,0,3,0,0,0,0,0
111321,GranadaEsMKT,,3,0,3,3,0,3,0,0,0,0,0
111323,nytimeses,,3,0,3,3,0,3,0,0,0,0,2
111327,wdunlap,,3,0,3,3,0,3,0,0,0,0,7
111329,Viajaenfamilia,,2,0,2,2,0,2,0,0,0,0,0
111332,VictoriaPlaya,,3,0,3,3,0,3,0,0,0,0,0
111333,multireferidos,,2,0,2,2,0,2,0,0,0,0,0
111337,rainylondon,,3,0,3,3,0,3,0,0,0,0,5
111342,PatiOrtografico,,2,0,2,2,0,2,0,0,0,0,5
111344,eintagmitpepa,,2,0,2,2,0,2,0,0,0,0,4
111346,LabZubia,,3,0,3,3,0,3,0,0,0,0,0
111353,facchinjose,,3,0,3,3,0,3,0,0,0,0,0
111356,pacmosanch,,2,0,2,2,0,2,0,0,0,0,4
111357,Cometatravel,,2,0,2,2,0,2,0,0,0,0,0
111359,LosPueblosmbe,,3,0,3,3,0,3,0,0,0,0,3
111362,CAMedinaAzahara,,2,0,2,2,0,2,0,0,0,0,0
111365,CICMoclin,,2,0,2,2,0,2,0,0,0,0,0
111369,VerCordoba,,2,0,2,2,0,2,0,0,0,0,6
111370,MencantaCordoba,,3,0,3,3,0,3,0,0,0,0,0
111372,ecabanilla,,2,0,2,2,0,2,0,0,0,0,0
111375,PaseoporCordoba,,2,0,2,2,0,2,0,0,0,0,0
111378,marioriorda,,2,0,2,2,0,2,0,0,0,0,0
111383,SecretoDruidas,,2,0,2,2,0,2,0,0,0,0,5
111384,EoiGranada,,2,0,2,2,0,2,0,0,0,0,0
111385,EncarnitaMolero,,2,0,2,2,0,2,0,0,0,0,6
111386,_yavuzatalay,,2,0,2,2,0,2,0,0,0,0,3
111387,taniaizquierdo_,,2,0,2,2,0,2,0,0,0,0,0
111389,CEVDETKAVLAK,,2,0,2,2,0,2,0,0,0,0,8
111390,firatinblogu,,3,0,3,3,0,3,0,0,0,0,3
111392,mamenflow,,2,0,2,2,0,2,0,0,0,0,5
111393,hotelbecquer_,,2,0,2,2,0,2,0,0,0,0,0
111394,Bilalisgoren,,3,0,3,3,0,3,0,0,0,0,3
111398,alperaltun,,2,0,2,2,0,2,0,0,0,0,1
111400,CambridgeUPELT,,2,0,2,2,0,2,0,0,0,0,4
111402,iconfuciougr,,3,0,3,3,0,3,0,0,0,0,5
111406,RinconesGranada,,2,0,2,2,0,2,0,0,0,0,0
111408,ProZcom,,3,0,3,3,0,3,0,0,0,0,2
111409,Grammarly,,3,0,3,3,0,3,0,0,0,0,1
111414,MicroteatroGr,,2,0,2,2,0,2,0,0,0,0,0
111417,AdnanKavustur,,2,0,2,2,0,2,0,0,0,0,8
111418,Granadalook,,2,0,2,2,0,2,0,0,0,0,0
111419,PlayTeatro,,2,0,2,2,0,2,0,0,0,0,0
111420,ManuelRevilla57,,3,0,3,3,0,3,0,0,0,0,0
111421,boqueronamalaga,,3,0,3,3,0,3,0,0,0,0,0
111422,estefanialcai,,2,0,2,2,0,2,0,0,0,0,0
111430,MariaJoseRuizF2,,2,0,2,2,0,2,0,0,0,0,0
111433,elGranaino29,,3,0,3,3,0,3,0,0,0,0,0
111440,CapitanLysander,,3,0,3,3,0,3,0,0,0,0,6
111442,Hserna9,,2,0,2,2,0,2,0,0,0,0,0
111443,BlasDeLezo00,,2,0,2,2,0,2,0,0,0,0,0
111444,davutgoksu,,2,0,2,2,0,2,0,0,0,0,3
111452,dijital_mecra,,3,0,3,3,0,3,0,0,0,0,3
111453,uzunkokcan,,3,0,3,3,0,3,0,0,0,0,3
111463,inglescondiana,,2,0,2,2,0,2,0,0,0,0,4
111468,secretOlivo,,3,0,3,3,0,3,0,0,0,0,0
111470,HOTELELCURRO,,2,0,2,2,0,2,0,0,0,0,0
111474,SPENDINgranada,,2,0,2,2,0,2,0,0,0,0,0
111475,traductor24,,2,0,2,2,0,2,0,0,0,0,0
111478,inesvilla97,,2,0,2,2,0,2,0,0,0,0,0
111481,mySTILUS,,2,0,2,2,0,2,0,0,0,0,5
111482,CalamoyCran,,3,0,3,3,0,3,0,0,0,0,5
111483,Kaizen_Studios,,2,0,2,2,0,2,0,0,0,0,0
111489,azoteortograf,,2,0,2,2,0,2,0,0,0,0,5
111492,Alelapenya,,3,0,3,3,0,3,0,0,0,0,5
111495,Carmenable,,2,0,2,2,0,2,0,0,0,0,0
111497,cristinasoria08,,2,0,2,2,0,2,0,0,0,0,0
111501,con_peques,,2,0,2,2,0,2,0,0,0,0,4
111502,RosaHerSal,,2,0,2,2,0,2,0,0,0,0,0
111503,Marga_rr,,2,0,2,2,0,2,0,0,0,0,4
111505,loliolmos,,2,0,2,2,0,2,0,0,0,0,0
111507,HassaneTraveler,,3,0,3,3,0,3,0,0,0,0,0
111510,yolanditadecai,,2,0,2,2,0,2,0,0,0,0,0
111511,GRAVITEFestival,,3,0,3,3,0,3,0,0,0,0,6
111519,centro_guerrero,,4,0,4,4,0,4,0,0,0,0,0
111524,rikwalters,,2,0,2,2,0,2,0,0,0,0,0
111533,Mividaconmigo,,2,0,2,2,0,2,0,0,0,0,1
111534,granagastro,,3,0,3,3,0,3,0,0,0,0,0
111546,CortijoMarques,,2,0,2,2,0,2,0,0,0,0,0
111549,ProponTeatro,,3,0,3,3,0,3,0,0,0,0,0
111559,AngyMarin15,,3,0,3,3,0,3,0,0,0,0,6
111561,_ImpresionIT,,2,0,2,2,0,2,0,0,0,0,6
111562,philologistUGR,,2,0,2,2,0,2,0,0,0,0,0
111568,LibrosEnCitas,,2,0,2,2,0,2,0,0,0,0,0
111569,Loretacanepa,,2,0,2,2,0,2,0,0,0,0,4
111571,social_design,,2,0,2,2,0,2,0,0,0,0,0
111572,AtSinuhe,,2,0,2,2,0,2,0,0,0,0,0
111581,_SmartIT,,2,0,2,2,0,2,0,0,0,0,6
111583,lafactoriacrea,,2,0,2,2,0,2,0,0,0,0,6
111590,GemmaSuarez_,,2,0,2,2,0,2,0,0,0,0,0
111593,PalacioStaInes,,2,0,2,2,0,2,0,0,0,0,0
111594,CortijodeCanata,,3,0,3,3,0,3,0,0,0,0,0
111595,vocemmus,,2,0,2,2,0,2,0,0,0,0,0
111596,paradigma_media,,2,0,2,2,0,2,0,0,0,0,5
111600,juanOlez,,2,0,2,2,0,2,0,0,0,0,0
111605,distritoagencia,,2,0,2,2,0,2,0,0,0,0,1
111608,_IndustriaTI,,2,0,2,2,0,2,0,0,0,0,6
111610,rafaeldejorge,,2,0,2,2,0,2,0,0,0,0,1
111615,GranadaToursPie,,2,0,2,2,0,2,0,0,0,0,0
111616,Museo_Turismo,,2,0,2,2,0,2,0,0,0,0,0
111618,Juan_UnDestino,,2,0,2,2,0,2,0,0,0,0,1
111620,agustin13,,2,0,2,2,0,2,0,0,0,0,0
111625,holafly_com,,2,0,2,2,0,2,0,0,0,0,1
111633,DDZAYLAR_autor,,2,0,2,2,0,2,0,0,0,0,6
111635,_IoT_IT,,2,0,2,2,0,2,0,0,0,0,6
111638,ruyelcid,,2,0,2,2,0,2,0,0,0,0,0
111643,atenasgranada,,3,0,3,3,0,3,0,0,0,0,0
111644,manel_ferrando,,2,0,2,2,0,2,0,0,0,0,0
111652,legarraga,,2,0,2,2,0,2,0,0,0,0,3
111657,kinoruizgr,,2,0,2,2,0,2,0,0,0,0,0
111667,timleffel,,2,0,2,2,0,2,0,0,0,0,7
111668,NachoHerce,,2,0,2,2,0,2,0,0,0,0,0
111672,Marta_rrz,,2,0,2,2,0,2,0,0,0,0,6
111673,RoyalCroTours,,2,0,2,2,0,2,0,0,0,0,7
111681,viajoyexisto,,2,0,2,2,0,2,0,0,0,0,7
111682,aureliofj,,3,0,3,3,0,3,0,0,0,0,0
111687,MarilynGld,,2,0,2,2,0,2,0,0,0,0,0
111691,granainoerrante,,2,0,2,2,0,2,0,0,0,0,0
111695,SrtaGualda,,2,0,2,2,0,2,0,0,0,0,0
111696,_EmpresaIT,,2,0,2,2,0,2,0,0,0,0,6
111708,AndaluciaEx,,2,0,2,2,0,2,0,0,0,0,0
111709,turismojaen,,3,0,3,3,0,3,0,0,0,0,0
111711,isabelvargasl,,2,0,2,2,0,2,0,0,0,0,0
111712,sientelorural,,2,0,2,2,0,2,0,0,0,0,0
111715,aunclicaventura,,2,0,2,2,0,2,0,0,0,0,0
111716,Es_Ximo,,2,0,2,2,0,2,0,0,0,0,0
111721,lauratravel,,2,0,2,2,0,2,0,0,0,0,7
111723,CarmenAnaVR,,2,0,2,2,0,2,0,0,0,0,1
111725,_SecurityIT,,3,0,3,3,0,3,0,0,0,0,6
111729,AmigosdeAlhama,,2,0,2,2,0,2,0,0,0,0,0
111742,juanc_medina,,2,0,2,2,0,2,0,0,0,0,0
111745,CovidNoticias,,2,0,2,2,0,2,0,0,0,0,0
111756,PopularesPadul,,2,0,2,2,0,2,0,0,0,0,0
111759,MjKnom,,2,0,2,2,0,2,0,0,0,0,0
111771,common_ms,,2,0,2,2,0,2,0,0,0,0,6
111774,Viajeroindalo,,3,0,3,3,0,3,0,0,0,0,0
111778,booking_houses,,3,0,3,3,0,3,0,0,0,0,4
111779,CuevasAlJatib,,2,0,2,2,0,2,0,0,0,0,0
111784,Fuentelorquiana,,3,0,3,3,0,3,0,0,0,0,0
111788,marielamaitane,,2,0,2,2,0,2,0,0,0,0,4
111790,MauricioJaramil,,2,0,2,2,0,2,0,0,0,0,2
111794,Historia2punto0,,2,0,2,2,0,2,0,0,0,0,2
111795,ElViajeroRural,,2,0,2,2,0,2,0,0,0,0,6
111800,trad_carbaes,,2,0,2,2,0,2,0,0,0,0,4
111803,VickiArkoff,,3,0,3,3,0,3,0,0,0,0,0
111804,Geekeniero,,2,0,2,2,0,2,0,0,0,0,6
111806,ComercialesEnRe,,2,0,2,2,0,2,0,0,0,0,3
111816,ES_AtoutFrance,,2,0,2,2,0,2,0,0,0,0,4
111828,workana,,2,0,2,2,0,2,0,0,0,0,0
111833,MujeresTech,,2,0,2,2,0,2,0,0,0,0,0
111836,Atraccion70,,2,0,2,2,0,2,0,0,0,0,6
111842,losfilologos,,2,0,2,2,0,2,0,0,0,0,1
111843,AngryPhiLOLgist,,2,0,2,2,0,2,0,0,0,0,6
111846,CCLaVeronica,,2,0,2,2,0,2,0,0,0,0,6
111849,Dataprius,,2,0,2,2,0,2,0,0,0,0,6
111851,globalgamejam,,2,0,2,2,0,2,0,0,0,0,1
111855,LittleMorgan_,,2,0,2,2,0,2,0,0,0,0,0
111856,idayvueltablog,,3,0,3,3,0,3,0,0,0,0,0
111857,loviota,,2,0,2,2,0,2,0,0,0,0,6
111858,hblfran,,2,0,2,2,0,2,0,0,0,0,4
111859,gpm0970,,3,0,3,3,0,3,0,0,0,0,0
111860,VolvoCarHoy_es,,3,0,3,3,0,3,0,0,0,0,0
111861,GemelosdeGrana,,3,0,3,3,0,3,0,0,0,0,0
111864,prensaseo_com,,2,0,2,2,0,2,0,0,0,0,6
111868,puntorojolibros,,3,0,3,3,0,3,0,0,0,0,0
111884,energiavitalmax,,2,0,2,2,0,2,0,0,0,0,5
111886,Carambo73,,3,0,3,3,0,3,0,0,0,0,0
111889,ForoNaranjaEs,,2,0,2,2,0,2,0,0,0,0,0
111890,Discoverthe_New,,2,0,2,2,0,2,0,0,0,0,6
111891,Rosenshnouf,,3,0,3,3,0,3,0,0,0,0,2
111897,lahuertadelcura,,2,0,2,2,0,2,0,0,0,0,0
111902,Mundoidiomas,,2,0,2,2,0,2,0,0,0,0,0
111904,Esc_Enoturismo,,2,0,2,2,0,2,0,0,0,0,1
111905,inlinguaGranada,,2,0,2,2,0,2,0,0,0,0,0
111907,jordigamell,,2,0,2,2,0,2,0,0,0,0,0
111908,CarmenJcJ,,2,0,2,2,0,2,0,0,0,0,0
111913,Lib_Mujeres,,2,0,2,2,0,2,0,0,0,0,4
111914,juanantcardenas,,4,0,4,4,0,4,0,0,0,0,0
111915,MOlvidadas,,2,0,2,2,0,2,0,0,0,0,4
111917,CeciliaGuemes,,2,0,2,2,0,2,0,0,0,0,4
111919,GDRAltiplano,,3,0,3,3,0,3,0,0,0,0,0
111924,soypilawer,,3,0,3,3,0,3,0,0,0,0,0
111928,DulantoVeronica,,2,0,2,2,0,2,0,0,0,0,0
111930,clasicasIEDA,,2,0,2,2,0,2,0,0,0,0,2
111933,ATAltiplano,,2,0,2,2,0,2,0,0,0,0,0
111936,AnaMoralesR,,2,0,2,2,0,2,0,0,0,0,0
111939,farodelajument,,2,0,2,2,0,2,0,0,0,0,0
111940,MabelCajal,,3,0,3,3,0,3,0,0,0,0,0
111941,_marketinglive,,2,0,2,2,0,2,0,0,0,0,0
111942,dondeestabas,,2,0,2,2,0,2,0,0,0,0,5
111954,pythonbot_,,2,0,2,2,0,2,0,0,0,0,3
111955,ganardinero_web,,2,0,2,2,0,2,0,0,0,0,6
111959,juanromera7,,3,0,3,3,0,3,0,0,0,0,0
111960,torreromilla,,2,0,2,2,0,2,0,0,0,0,0
111961,CogetuMochila_,,2,0,2,2,0,2,0,0,0,0,0
111962,mandomando,,2,0,2,2,0,2,0,0,0,0,5
111966,HzonteParalelo,,2,0,2,2,0,2,0,0,0,0,4
111967,Margaviaja,,2,0,2,2,0,2,0,0,0,0,7
111972,elandivar,,3,0,3,3,0,3,0,0,0,0,2
111981,inmaletas,,2,0,2,2,0,2,0,0,0,0,7
111985,myfunnydrone,,2,0,2,2,0,2,0,0,0,0,0
111986,Brendasanlop,,2,0,2,2,0,2,0,0,0,0,4
111989,barabesjaen,,2,0,2,2,0,2,0,0,0,0,0
111990,Angela9Duran,,2,0,2,2,0,2,0,0,0,0,0
111992,DonSergioAlonso,,2,0,2,2,0,2,0,0,0,0,0
111993,Maevigar,,2,0,2,2,0,2,0,0,0,0,0
112000,valenzuelaBeer,,2,0,2,2,0,2,0,0,0,0,6
112006,ana_zapatillas,,3,0,3,3,0,3,0,0,0,0,7
112011,ARamadan_DE,,2,0,2,2,0,2,0,0,0,0,0
112014,canalempresas,,2,0,2,2,0,2,0,0,0,0,6
112019,diverrisa,,2,0,2,2,0,2,0,0,0,0,0
112029,CCAlmanzora,,2,0,2,2,0,2,0,0,0,0,0
112033,patricia_curty,,2,0,2,2,0,2,0,0,0,0,0
112034,Viajesyestilo,,2,0,2,2,0,2,0,0,0,0,0
112043,akangas_,,3,0,3,3,0,3,0,0,0,0,0
112045,organizotuviaje,,2,0,2,2,0,2,0,0,0,0,0
112048,castillo_lachar,,2,0,2,2,0,2,0,0,0,0,0
112055,coitta_aagit,,2,0,2,2,0,2,0,0,0,0,4
112058,MiguelAG_ITDM,,2,0,2,2,0,2,0,0,0,0,0
112066,visitformentera,,3,0,3,3,0,3,0,0,0,0,2
112069,PazRousseau,,3,0,3,3,0,3,0,0,0,0,0
112080,WlSHARS,,2,0,2,2,0,2,0,0,0,0,0
112082,eldestinomastop,,2,0,2,2,0,2,0,0,0,0,0
112086,danieddo,,3,0,3,3,0,3,0,0,0,0,0
112094,HombreCubo,,2,0,2,2,0,2,0,0,0,0,0
112098,wisibilizalas,,2,0,2,2,0,2,0,0,0,0,0
112099,mlean_labs,,2,0,2,2,0,2,0,0,0,0,8
112100,alozalv,,2,0,2,2,0,2,0,0,0,0,8
112102,Makova_,,3,0,3,3,0,3,0,0,0,0,0
112103,encantorural,,3,0,3,3,0,3,0,0,0,0,0
112107,Mansioniturbe,,2,0,2,2,0,2,0,0,0,0,0
112109,ADCM_Abogada,,2,0,2,2,0,2,0,0,0,0,0
112110,SevillaAlcazar,,2,0,2,2,0,2,0,0,0,0,1
112115,Vayacruceros,,2,0,2,2,0,2,0,0,0,0,0
112116,Viajando_blog,,4,0,4,4,0,4,0,0,0,0,0
112117,bvcontentart,,2,0,2,2,0,2,0,0,0,0,0
112118,MMarmolinaroja,,2,0,2,2,0,2,0,0,0,0,6
112120,dianamiaus,,2,0,2,2,0,2,0,0,0,0,4
112124,DavidPortelaH,,2,0,2,2,0,2,0,0,0,0,1
112126,turismo_vasco,,2,0,2,2,0,2,0,0,0,0,1
112128,CentroPortillo,,2,0,2,2,0,2,0,0,0,0,0
112129,Mongolia976,,2,0,2,2,0,2,0,0,0,0,7
112131,AhoraComunica2,,2,0,2,2,0,2,0,0,0,0,0
112132,niguelas_,,2,0,2,2,0,2,0,0,0,0,0
112135,TheLecrinValley,,2,0,2,2,0,2,0,0,0,0,0
112136,mercerinasia,,2,0,2,2,0,2,0,0,0,0,2
112140,acultura_loja,,2,0,2,2,0,2,0,0,0,0,0
112146,fgallardo,,3,0,3,3,0,3,0,0,0,0,4
112155,GranadaTertulia,,2,0,2,2,0,2,0,0,0,0,0
112161,jaimeotero_,,2,0,2,2,0,2,0,0,0,0,0
112162,wyldfamtravel,,2,0,2,2,0,2,0,0,0,0,0
112164,GranadaMisterIn,,2,0,2,2,0,2,0,0,0,0,0
112166,sendero_sur,,3,0,3,3,0,3,0,0,0,0,0
112168,CA_DOLMENESATQ,,2,0,2,2,0,2,0,0,0,0,0
112170,BelenJiMa,,2,0,2,2,0,2,0,0,0,0,4
112174,IlexAndalucia,,3,0,3,3,0,3,0,0,0,0,5
112175,UNEDAbierta,,2,0,2,2,0,2,0,0,0,0,4
112178,MolinosdePadul,,2,0,2,2,0,2,0,0,0,0,0
112179,LaMamutPadul,,2,0,2,2,0,2,0,0,0,0,0
112180,viajarlocura,,2,0,2,2,0,2,0,0,0,0,7
112182,Asesores_RyR,,2,0,2,2,0,2,0,0,0,0,6
112189,LaSogaCultural,,2,0,2,2,0,2,0,0,0,0,0
112192,dany_matu,,2,0,2,2,0,2,0,0,0,0,0
112195,unaideaunviaje,,3,0,3,3,0,3,0,0,0,0,0
112197,MatildeTalavera,,2,0,2,2,0,2,0,0,0,0,0
112201,TurismoMonachil,,2,0,2,2,0,2,0,0,0,0,0
112206,BeatrizLizana,,3,0,3,3,0,3,0,0,0,0,0
112209,PacoPeramos,,2,0,2,2,0,2,0,0,0,0,0
112211,AcadGIS,,2,0,2,2,0,2,0,0,0,0,0
112212,NuriaCSopena,,2,0,2,2,0,2,0,0,0,0,4
112216,AsunAsuntiteres,,2,0,2,2,0,2,0,0,0,0,0
112218,rogerdooley,,2,0,2,2,0,2,0,0,0,0,3
112224,surfingplanet,,4,0,4,4,0,4,0,0,0,0,7
112230,joanblanchc,,3,0,3,3,0,3,0,0,0,0,0
112232,AndaluciBelleza,,2,0,2,2,0,2,0,0,0,0,0
112239,ATQaTuCorazon,,4,0,4,4,0,4,0,0,0,0,0
112240,TorcalAntequera,,2,0,2,2,0,2,0,0,0,0,4
112244,TourismTrends17,,2,0,2,2,0,2,0,0,0,0,0
112245,AEPTURISMO,,3,0,3,3,0,3,0,0,0,0,0
112248,RVEDIPRESS,,3,0,3,3,0,3,0,0,0,0,6
112250,NumTendencias,,2,0,2,2,0,2,0,0,0,0,0
112252,hermankasper,,2,0,2,2,0,2,0,0,0,0,7
112253,davidbarreda_db,,2,0,2,2,0,2,0,0,0,0,4
112254,adrianngels,,2,0,2,2,0,2,0,0,0,0,4
112255,FundacionGabo,,2,0,2,2,0,2,0,0,0,0,4
112257,JordiPuente,,2,0,2,2,0,2,0,0,0,0,4
112259,mevuelveslorca,,2,0,2,2,0,2,0,0,0,0,0
112260,Colombia,,3,0,3,3,0,3,0,0,0,0,7
112261,turastronomico,,2,0,2,2,0,2,0,0,0,0,0
112263,javiersalgadode,,3,0,3,3,0,3,0,0,0,0,6
112264,Dirigentes,,3,0,3,3,0,3,0,0,0,0,4
112268,exprimeviajes,,2,0,2,2,0,2,0,0,0,0,7
112269,GLaraLopez,,2,0,2,2,0,2,0,0,0,0,0
112270,LanjaronMira,,2,0,2,2,0,2,0,0,0,0,0
112273,comics_vertice,,2,0,2,2,0,2,0,0,0,0,0
112282,entrelenguasays,,2,0,2,2,0,2,0,0,0,0,0
112286,SuAventura,,2,0,2,2,0,2,0,0,0,0,0
112289,SPAirdos,,2,0,2,2,0,2,0,0,0,0,0
112290,MamaMiSol,,3,0,3,3,0,3,0,0,0,0,4
112291,nodestinations,,2,0,2,2,0,2,0,0,0,0,7
112292,Iraqesque,,2,0,2,2,0,2,0,0,0,0,7
112293,guidescanner,,2,0,2,2,0,2,0,0,0,0,6
112294,andaluciademoda,,2,0,2,2,0,2,0,0,0,0,0
112299,morenatour,,2,0,2,2,0,2,0,0,0,0,0
112301,InnovacionFP,,2,0,2,2,0,2,0,0,0,0,4
112303,SevillaTourism,,2,0,2,2,0,2,0,0,0,0,1
112306,MalakiWorld,,2,0,2,2,0,2,0,0,0,0,0
112308,mojimra,,2,0,2,2,0,2,0,0,0,0,0
112309,MIKITRAVEL,,2,0,2,2,0,2,0,0,0,0,0
112321,TriatlonLand,,2,0,2,2,0,2,0,0,0,0,0
112327,marbellista,,2,0,2,2,0,2,0,0,0,0,0
112330,Granada140,,3,0,3,3,0,3,0,0,0,0,0
112337,ebe,,3,0,3,3,0,3,0,0,0,0,4
112338,gcrespomclennan,,2,0,2,2,0,2,0,0,0,0,6
112344,alfarmada,,2,0,2,2,0,2,0,0,0,0,6
112348,PhraseMatesCN,,2,0,2,2,0,2,0,0,0,0,4
112352,EnUnaMochila,,2,0,2,2,0,2,0,0,0,0,0
112359,huellascon37pie,,3,0,3,3,0,3,0,0,0,0,7
112362,orientaedu,,2,0,2,2,0,2,0,0,0,0,4
112363,JuanraGil1,,3,0,3,3,0,3,0,0,0,0,0
112367,MurrayNewlands,,3,0,3,3,0,3,0,0,0,0,0
112369,laura_olias,,3,0,3,3,0,3,0,0,0,0,1
112370,_biwi_,,2,0,2,2,0,2,0,0,0,0,1
112373,LanzaderaGr,,3,0,3,3,0,3,0,0,0,0,6
112375,Novalo_LS,,2,0,2,2,0,2,0,0,0,0,0
112379,MLMdeDiamantes,,2,0,2,2,0,2,0,0,0,0,0
112380,edwina_,,2,0,2,2,0,2,0,0,0,0,0
112383,RevistaQTRAVEL,,3,0,3,3,0,3,0,0,0,0,4
112384,abcviajes_com,,2,0,2,2,0,2,0,0,0,0,0
112388,travelaccessibl,,3,0,3,3,0,3,0,0,0,0,0
112391,AlhdeGranBnB,,2,0,2,2,0,2,0,0,0,0,0
112400,mar0309om,,3,0,3,3,0,3,0,0,0,0,6
112404,granadasincity,,2,0,2,2,0,2,0,0,0,0,0
112409,MuchaFotografia,,3,0,3,3,0,3,0,0,0,0,0
112410,GettyImages,,3,0,3,3,0,3,0,0,0,0,2
112415,HRCS_Group,,2,0,2,2,0,2,0,0,0,0,6
112416,TrabajoGranada,,3,0,3,3,0,3,0,0,0,0,0
112417,AlSurDelTiempo,,2,0,2,2,0,2,0,0,0,0,0
112421,GranadasDeChina,,2,0,2,2,0,2,0,0,0,0,0
112430,Sobry_prensa,,2,0,2,2,0,2,0,0,0,0,2
112431,cialvaro,,3,0,3,3,0,3,0,0,0,0,4
112432,kindtraveler,,2,0,2,2,0,2,0,0,0,0,1
112433,AgenciaSEOGr,,3,0,3,3,0,3,0,0,0,0,0
112440,LeyendasRockFes,,2,0,2,2,0,2,0,0,0,0,2
112441,renatapereiraTV,,2,0,2,2,0,2,0,0,0,0,7
112442,InfanteDeLara,,3,0,3,3,0,3,0,0,0,0,0
112448,BalnearioGraena,,2,0,2,2,0,2,0,0,0,0,0
112451,aparcayvuela,,2,0,2,2,0,2,0,0,0,0,0
112455,ana_expreso,,2,0,2,2,0,2,0,0,0,0,0
112456,hotelespoqueira,,2,0,2,2,0,2,0,0,0,0,0
112457,guiasnevadensis,,2,0,2,2,0,2,0,0,0,0,0
112458,SaltaRios,,2,0,2,2,0,2,0,0,0,0,0
112459,SmartFly_es,,2,0,2,2,0,2,0,0,0,0,0
112461,SeniorManager,,3,0,3,3,0,3,0,0,0,0,0
112462,NachodelaCierva,,3,0,3,3,0,3,0,0,0,0,0
112463,batadeguatine,,2,0,2,2,0,2,0,0,0,0,0
112464,miuel196400,,2,0,2,2,0,2,0,0,0,0,0
112467,VivirParaViajar,,2,0,2,2,0,2,0,0,0,0,0
112469,Cuevasalmagruz,,2,0,2,2,0,2,0,0,0,0,0
112470,cdiem_today,,2,0,2,2,0,2,0,0,0,0,0
112471,ITUser_ITDM,,2,0,2,2,0,2,0,0,0,0,6
112474,PlanetaDunia,,3,0,3,3,0,3,0,0,0,0,0
112476,elliodeabi,,2,0,2,2,0,2,0,0,0,0,0
112477,muley_travel,,2,0,2,2,0,2,0,0,0,0,0
112478,SecretosGranada,,3,0,3,3,0,3,0,0,0,0,0
112480,NorteparaNorte,,2,0,2,2,0,2,0,0,0,0,0
112482,ES_FranceFR,,5,0,5,5,0,5,0,0,0,0,1
112485,CalderoViajero,,3,0,3,3,0,3,0,0,0,0,0
112486,itxaP,,2,0,2,2,0,2,0,0,0,0,2
112492,elcondefr,,2,0,2,2,0,2,0,0,0,0,1
112494,francesenlasopa,,2,0,2,2,0,2,0,0,0,0,6
112495,Missbackstage0,,2,0,2,2,0,2,0,0,0,0,0
112497,milcamins,,2,0,2,2,0,2,0,0,0,0,6
112502,PilarDelToroRes,,3,0,3,3,0,3,0,0,0,0,0
112504,CentroWudang,,2,0,2,2,0,2,0,0,0,0,0
112511,letrabreve,,2,0,2,2,0,2,0,0,0,0,0
112517,inglesirlanda_,,3,0,3,3,0,3,0,0,0,0,4
112525,COETUR,,2,0,2,2,0,2,0,0,0,0,0
112526,trailcalfer,,3,0,3,3,0,3,0,0,0,0,0
112528,jgrandesviajes,,2,0,2,2,0,2,0,0,0,0,5
112530,miguelhotero,,3,0,3,3,0,3,0,0,0,0,2
112533,MargeLoz,,2,0,2,2,0,2,0,0,0,0,7
112536,mobincube_es,,2,0,2,2,0,2,0,0,0,0,0
112540,RoomMateHotels,,3,0,3,3,0,3,0,0,0,0,4
112542,GESTACSL,,3,0,3,3,0,3,0,0,0,0,0
112543,lab_emotion,,2,0,2,2,0,2,0,0,0,0,0
112544,SixtoArias,,3,0,3,3,0,3,0,0,0,0,0
112547,esteesmiplan,,2,0,2,2,0,2,0,0,0,0,0
112548,anamaria19891,,2,0,2,2,0,2,0,0,0,0,0
112555,MG_HilandoRedes,,3,0,3,3,0,3,0,0,0,0,2
112557,tilomotion,,3,0,3,3,0,3,0,0,0,0,0
112558,buzondeuri,,3,0,3,3,0,3,0,0,0,0,0
112559,spheramundus,,2,0,2,2,0,2,0,0,0,0,0
112561,barloscarmenes,,3,0,3,3,0,3,0,0,0,0,0
112563,expresbohemia,,2,0,2,2,0,2,0,0,0,0,0
112564,viajesturiste,,2,0,2,2,0,2,0,0,0,0,0
112568,psoejun,,3,0,3,3,0,3,0,0,0,0,4
112574,radios_es,,2,0,2,2,0,2,0,0,0,0,0
112576,ConEsnupi,,2,0,2,2,0,2,0,0,0,0,0
112577,gatetothefuture,,3,0,3,3,0,3,0,0,0,0,0
112582,AmigosDeLectura,,3,0,3,3,0,3,0,0,0,0,0
112586,lauratejerina,,2,0,2,2,0,2,0,0,0,0,7
112588,destinoguadix,,2,0,2,2,0,2,0,0,0,0,0
112589,PubPeaton,,3,0,3,3,0,3,0,0,0,0,0
112590,RevistaZoomGran,,3,0,3,3,0,3,0,0,0,0,0
112591,ViajesGondomar,,2,0,2,2,0,2,0,0,0,0,6
112593,cristinacoach,,2,0,2,2,0,2,0,0,0,0,4
112596,mediterraneasl,,2,0,2,2,0,2,0,0,0,0,0
112599,Meloko_Art,,3,0,3,3,0,3,0,0,0,0,6
112605,jaas_org_es,,2,0,2,2,0,2,0,0,0,0,0
112607,Daniel_Iglesias,,3,0,3,3,0,3,0,0,0,0,1
112611,EspaiViajero_,,3,0,3,3,0,3,0,0,0,0,0
112619,Soluntia,,2,0,2,2,0,2,0,0,0,0,0
112621,wearemanifiesto,,2,0,2,2,0,2,0,0,0,0,2
112624,jesusdelacruzol,,3,0,3,3,0,3,0,0,0,0,0
112625,infoholabooking,,2,0,2,2,0,2,0,0,0,0,0
112626,bydenisse_,,3,0,3,3,0,3,0,0,0,0,0
112634,anadandoguerra,,2,0,2,2,0,2,0,0,0,0,5
112635,ViajaporEspana,,4,0,4,4,0,4,0,0,0,0,0
112637,In_Nomine_,,2,0,2,2,0,2,0,0,0,0,0
112638,PaginaConPagina,,2,0,2,2,0,2,0,0,0,0,0
112639,luisfernandez,,3,0,3,3,0,3,0,0,0,0,4
112644,coEmperatriz,,2,0,2,2,0,2,0,0,0,0,0
112645,FFJMAG,,2,0,2,2,0,2,0,0,0,0,0
112650,Granadacb,,3,0,3,3,0,3,0,0,0,0,0
112651,fercla,,2,0,2,2,0,2,0,0,0,0,0
112654,morrissey,,3,0,3,3,0,3,0,0,0,0,4
112655,aprendechino,,2,0,2,2,0,2,0,0,0,0,5
112656,_matiasacosta_,,2,0,2,2,0,2,0,0,0,0,0
112659,GoNOMAD,,2,0,2,2,0,2,0,0,0,0,7
112664,AIREdeTURISMO,,2,0,2,2,0,2,0,0,0,0,0
112665,fiestadelvino_,,2,0,2,2,0,2,0,0,0,0,4
112666,AlhamaTravel,,2,0,2,2,0,2,0,0,0,0,0
112668,pedrontheroad,,2,0,2,2,0,2,0,0,0,0,6
112670,arabeluj,,2,0,2,2,0,2,0,0,0,0,6
112673,gratiskindle,,2,0,2,2,0,2,0,0,0,0,0
112676,SMTurismoEs,,2,0,2,2,0,2,0,0,0,0,0
112677,webuniongranada,,2,0,2,2,0,2,0,0,0,0,0
112679,Smuda_Berlin,,2,0,2,2,0,2,0,0,0,0,6
112680,Equipajedemano_,,2,0,2,2,0,2,0,0,0,0,7
112682,PilatesPIO,,3,0,3,3,0,3,0,0,0,0,0
112683,europeoviajero,,3,0,3,3,0,3,0,0,0,0,0
112685,campa_alpujarra,,4,0,4,4,0,4,0,0,0,0,0
112686,Andaltura,,2,0,2,2,0,2,0,0,0,0,0
112691,VentouraApp,,2,0,2,2,0,2,0,0,0,0,1
112697,RevistaSoyCariB,,3,0,3,3,0,3,0,0,0,0,7
112698,JessicaFria,,2,0,2,2,0,2,0,0,0,0,5
112701,ITReseller_ITDM,,2,0,2,2,0,2,0,0,0,0,6
112704,EscuelaUE,,3,0,3,3,0,3,0,0,0,0,4
112705,LoveandRoad,,2,0,2,2,0,2,0,0,0,0,7
112709,JRMelara_ITDM,,3,0,3,3,0,3,0,0,0,0,0
112711,mamadediaynoche,,2,0,2,2,0,2,0,0,0,0,4
112712,elviajedelu,,3,0,3,3,0,3,0,0,0,0,0
112716,AraceliBlancoC,,2,0,2,2,0,2,0,0,0,0,0
112718,madrestresadas,,3,0,3,3,0,3,0,0,0,0,0
112726,cafelasvegaszgz,,2,0,2,2,0,2,0,0,0,0,0
112727,globalhelpswap,,2,0,2,2,0,2,0,0,0,0,2
112728,Trotamundos___,,4,0,4,4,0,4,0,0,0,0,4
112734,cubicacreative,,2,0,2,2,0,2,0,0,0,0,0
112736,albertofilologi,,2,0,2,2,0,2,0,0,0,0,0
112738,HostalVeneciaGo,,3,0,3,3,0,3,0,0,0,0,0
112739,101empresas,,2,0,2,2,0,2,0,0,0,0,0
112740,txusdiego,,2,0,2,2,0,2,0,0,0,0,4
112741,marianna_pineda,,2,0,2,2,0,2,0,0,0,0,0
112742,cartujadeburgos,,2,0,2,2,0,2,0,0,0,0,0
112744,pexposito,,2,0,2,2,0,2,0,0,0,0,0
112749,IETURISTICOS,,4,0,4,4,0,4,0,0,0,0,0
112751,JesusMadurga,,3,0,3,3,0,3,0,0,0,0,0
112754,acnabellan,,2,0,2,2,0,2,0,0,0,0,0
112755,gf_estilistas,,3,0,3,3,0,3,0,0,0,0,0
112760,cgcolin,,2,0,2,2,0,2,0,0,0,0,0
112763,LetrasBreves,,2,0,2,2,0,2,0,0,0,0,2
112767,ResPilarDelToro,,3,0,3,3,0,3,0,0,0,0,5
112772,MartinMeisterG,,3,0,3,3,0,3,0,0,0,0,0
112774,3goffice,,2,0,2,2,0,2,0,0,0,0,6
112779,Tapean2Granada,,2,0,2,2,0,2,0,0,0,0,0
112783,bohemiajazzcafe,,3,0,3,3,0,3,0,0,0,0,0
112784,luispwadley,,2,0,2,2,0,2,0,0,0,0,0
112786,juandamarinpala,,2,0,2,2,0,2,0,0,0,0,0
112788,Crisnaveda,,3,0,3,3,0,3,0,0,0,0,0
112789,VaughanMac,,2,0,2,2,0,2,0,0,0,0,7
112792,trenmesaAVE,,3,0,3,3,0,3,0,0,0,0,0
112793,GrupoDoctor,,2,0,2,2,0,2,0,0,0,0,0
112798,souvemerche,,2,0,2,2,0,2,0,0,0,0,0
112799,SelloTurismoFam,,4,0,4,4,0,4,0,0,0,0,6
112800,Viajarhijos,,5,0,5,5,0,5,0,0,0,0,0
112809,cristobalpract,,2,0,2,2,0,2,0,0,0,0,6
112811,nxtstopwhoknows,,2,0,2,2,0,2,0,0,0,0,7
112813,RandyH60,,2,0,2,2,0,2,0,0,0,0,7
112814,glynlewiswebman,,2,0,2,2,0,2,0,0,0,0,2
112815,TheBBDirectory,,2,0,2,2,0,2,0,0,0,0,4
112818,radiovagabond,,2,0,2,2,0,2,0,0,0,0,1
112821,mclanfranconi,,2,0,2,2,0,2,0,0,0,0,2
112829,BestBitsWorld,,2,0,2,2,0,2,0,0,0,0,7
112830,sergiovinay,,3,0,3,3,0,3,0,0,0,0,0
112831,sextaplanta,,2,0,2,2,0,2,0,0,0,0,0
112832,Travel_Dazzle,,2,0,2,2,0,2,0,0,0,0,7
112835,MiYoCreativo,,2,0,2,2,0,2,0,0,0,0,0
112836,agorafssl,,2,0,2,2,0,2,0,0,0,0,5
112841,LlorensP,,2,0,2,2,0,2,0,0,0,0,0
112842,Air_Wander,,3,0,3,3,0,3,0,0,0,0,4
112846,goloviarte,,2,0,2,2,0,2,0,0,0,0,2
112851,LiveShareTravel,,3,0,3,3,0,3,0,0,0,0,7
112852,michaelturtle,,2,0,2,2,0,2,0,0,0,0,1
112853,tonyrgl87,,2,0,2,2,0,2,0,0,0,0,0
112854,travelsmap,,2,0,2,2,0,2,0,0,0,0,7
112856,GohaiEnsemble,,4,0,4,4,0,4,0,0,0,0,0
112857,FelipePuertas1,,2,0,2,2,0,2,0,0,0,0,0
112858,molinosgra,,3,0,3,3,0,3,0,0,0,0,0
112859,CafeFutbolGrana,,3,0,3,3,0,3,0,0,0,0,0
112860,GuadixEsTurismo,,2,0,2,2,0,2,0,0,0,0,0
112861,Jorgecanetes,,2,0,2,2,0,2,0,0,0,0,0
112864,ChocolatesSN,,4,0,4,4,0,4,0,0,0,0,0
112871,PrivateTeacher,,2,0,2,2,0,2,0,0,0,0,2
112876,Santiago_Sanz_L,,4,0,4,4,0,4,0,0,0,0,6
112877,chris_suta,,2,0,2,2,0,2,0,0,0,0,5
112881,HumanoEliot,,2,0,2,2,0,2,0,0,0,0,0
112889,ricardeador,,2,0,2,2,0,2,0,0,0,0,0
112891,amagrosa,,3,0,3,3,0,3,0,0,0,0,0
112892,xavi_ok,,2,0,2,2,0,2,0,0,0,0,0
112893,ideefacto,,2,0,2,2,0,2,0,0,0,0,6
112895,_samumorris,,2,0,2,2,0,2,0,0,0,0,0
112896,DesafioLAB,,3,0,3,3,0,3,0,0,0,0,6
112897,pgarzonjoyeros,,3,0,3,3,0,3,0,0,0,0,0
112898,sergiosainza,,3,0,3,3,0,3,0,0,0,0,6
112902,ElaineLear,,2,0,2,2,0,2,0,0,0,0,0
112903,padresdesevilla,,2,0,2,2,0,2,0,0,0,0,4
112905,manadaluparia,,2,0,2,2,0,2,0,0,0,0,6
112911,Granadaxelmundo,,3,0,3,3,0,3,0,0,0,0,4
112915,JulianFGomezG,,2,0,2,2,0,2,0,0,0,0,0
112917,miviajar,,2,0,2,2,0,2,0,0,0,0,0
112918,ffmcardoso,,2,0,2,2,0,2,0,0,0,0,2
112922,Elarteviajar,,2,0,2,2,0,2,0,0,0,0,0
112924,BureauMedellin,,2,0,2,2,0,2,0,0,0,0,0
112926,Medellin_Travel,,2,0,2,2,0,2,0,0,0,0,7
112927,colombiatravels,,2,0,2,2,0,2,0,0,0,0,0
112931,manerasde_vivir,,4,0,4,4,0,4,0,0,0,0,4
112936,GoAwesomePlaces,,2,0,2,2,0,2,0,0,0,0,2
112940,PViajeros,,3,0,3,3,0,3,0,0,0,0,4
112944,Jucarrama,,2,0,2,2,0,2,0,0,0,0,0
112946,albaricoques1,,3,0,3,3,0,3,0,0,0,0,0
112947,humoresvarios,,2,0,2,2,0,2,0,0,0,0,6
112948,jazorer,,3,0,3,3,0,3,0,0,0,0,0
112949,r_travel,,3,0,3,3,0,3,0,0,0,0,1
112950,tourismconcern,,3,0,3,3,0,3,0,0,0,0,1
112951,azastyleoficial,,2,0,2,2,0,2,0,0,0,0,0
112952,LicenciadoJapO,,2,0,2,2,0,2,0,0,0,0,0
112953,Intelitur,,3,0,3,3,0,3,0,0,0,0,0
112954,SpainBloggers,,2,0,2,2,0,2,0,0,0,0,0
112957,chatinho_soy,,2,0,2,2,0,2,0,0,0,0,0
112958,esecica,,2,0,2,2,0,2,0,0,0,0,0
112960,Fjdealmeria39,,2,0,2,2,0,2,0,0,0,0,0
112961,LaMegaGR,,4,0,4,4,0,4,0,0,0,0,0
112964,amata_es,,2,0,2,2,0,2,0,0,0,0,0
112971,Guiasgranada,,3,0,3,3,0,3,0,0,0,0,0
112974,kachete,,2,0,2,2,0,2,0,0,0,0,0
112977,EnriqueGaltier,,2,0,2,2,0,2,0,0,0,0,6
112978,SantiSantmo,,2,0,2,2,0,2,0,0,0,0,0
112982,cmviaje,,3,0,3,3,0,3,0,0,0,0,0
112983,jmnllena,,3,0,3,3,0,3,0,0,0,0,0
112984,ComeryViajar2,,3,0,3,3,0,3,0,0,0,0,0
112986,diskoupon,,2,0,2,2,0,2,0,0,0,0,0
112987,Nefer_Nefer,,3,0,3,3,0,3,0,0,0,0,0
112988,axel_torn,,2,0,2,2,0,2,0,0,0,0,0
112991,Nur_Gimenez,,3,0,3,3,0,3,0,0,0,0,0
112993,Veganas2020,,3,0,3,3,0,3,0,0,0,0,0
112994,escapate1,,3,0,3,3,0,3,0,0,0,0,0
112995,JaimeNitram,,2,0,2,2,0,2,0,0,0,0,0
113000,DreamPlanGoNow,,2,0,2,2,0,2,0,0,0,0,1
113003,ATube_english,,3,0,3,3,0,3,0,0,0,0,1
113004,M_escenenbois,,2,0,2,2,0,2,0,0,0,0,0
113005,n_miwa,,2,0,2,2,0,2,0,0,0,0,0
113007,tokitan,,2,0,2,2,0,2,0,0,0,0,0
113008,encarnilopezr,,2,0,2,2,0,2,0,0,0,0,0
113014,DigitalTurismo,,3,0,3,3,0,3,0,0,0,0,0
113015,Manuesbri,,2,0,2,2,0,2,0,0,0,0,0
113016,FLAMENKITOCOM,,3,0,3,3,0,3,0,0,0,0,6
113017,WildJunket,,4,0,4,4,0,4,0,0,0,0,7
113019,MyMadnessWeb,,4,0,4,4,0,4,0,0,0,0,0
113021,marketertop,,3,0,3,3,0,3,0,0,0,0,2
113022,TerraBarGr,,4,0,4,4,0,4,0,0,0,0,0
113023,triphon,,3,0,3,3,0,3,0,0,0,0,0
113024,dondepuedocompr,,2,0,2,2,0,2,0,0,0,0,7
113026,DrGonzoR,,2,0,2,2,0,2,0,0,0,0,2
113029,BKEFotoModels,,3,0,3,3,0,3,0,0,0,0,0
113031,destinogranada,,3,0,3,3,0,3,0,0,0,0,0
113035,luismitrinidad,,3,0,3,3,0,3,0,0,0,0,0
113037,RoberttiGamarra,,2,0,2,2,0,2,0,0,0,0,0
113040,RomeroAmparo,,3,0,3,3,0,3,0,0,0,0,6
113041,FlashSnowTrip,,4,0,4,4,0,4,0,0,0,0,0
113044,ecr_turismo,,2,0,2,2,0,2,0,0,0,0,0
113045,juanjolopez,,2,0,2,2,0,2,0,0,0,0,0
113046,jlcordoba,,3,0,3,3,0,3,0,0,0,0,0
113049,JoseNeoAttack,,2,0,2,2,0,2,0,0,0,0,0
113050,Cultura__,,2,0,2,2,0,2,0,0,0,0,0
113051,JaimeSanchis,,2,0,2,2,0,2,0,0,0,0,2
113053,ReputacionTuris,,3,0,3,3,0,3,0,0,0,0,0
113054,OMAUmalaga,,2,0,2,2,0,2,0,0,0,0,4
113056,DominguezdeHaro,,2,0,2,2,0,2,0,0,0,0,0
113057,manubl_cloud,,2,0,2,2,0,2,0,0,0,0,0
113059,VivianneALab,,3,0,3,3,0,3,0,0,0,0,0
113060,orientta,,2,0,2,2,0,2,0,0,0,0,0
113061,sararosalesb,,2,0,2,2,0,2,0,0,0,0,0
113063,Locatour,,2,0,2,2,0,2,0,0,0,0,7
113067,museosacromonte,,3,0,3,3,0,3,0,0,0,0,0
113069,MAKUTEROS,,3,0,3,3,0,3,0,0,0,0,4
113070,trotamundoes,,2,0,2,2,0,2,0,0,0,0,0
113072,javir_cloud,,2,0,2,2,0,2,0,0,0,0,0
113077,AETCadiz,,3,0,3,3,0,3,0,0,0,0,5
113079,ElenaRoCar,,3,0,3,3,0,3,0,0,0,0,0
113080,alandahotelmarb,,2,0,2,2,0,2,0,0,0,0,0
113081,zaidmo,,2,0,2,2,0,2,0,0,0,0,7
113086,nittocuellar,,2,0,2,2,0,2,0,0,0,0,0
113087,TravelBlogueras,,3,0,3,3,0,3,0,0,0,0,0
113089,MamandoComVe,,4,0,4,4,0,4,0,0,0,0,0
113090,LineaHorizonte,,2,0,2,2,0,2,0,0,0,0,0
113091,miguelemociona,,2,0,2,2,0,2,0,0,0,0,6
113092,joseluisblas,,2,0,2,2,0,2,0,0,0,0,0
113094,Estapormama,,4,0,4,4,0,4,0,0,0,0,0
113096,CarmenDLCuevas,,3,0,3,3,0,3,0,0,0,0,4
113100,TBEXevents,,2,0,2,2,0,2,0,0,0,0,7
113101,RamaOro,,3,0,3,3,0,3,0,0,0,0,6
113102,chemacaballero,,2,0,2,2,0,2,0,0,0,0,0
113105,turismozone,,2,0,2,2,0,2,0,0,0,0,0
113106,jfcdrr,,3,0,3,3,0,3,0,0,0,0,6
113111,STI_travel,,3,0,3,3,0,3,0,0,0,0,1
113113,Coolmon2009,,3,0,3,3,0,3,0,0,0,0,6
113116,Vanvolandovoy,,2,0,2,2,0,2,0,0,0,0,0
113117,bleid248,,2,0,2,2,0,2,0,0,0,0,0
113118,Amparo_bt,,2,0,2,2,0,2,0,0,0,0,6
113119,gzcasas,,3,0,3,3,0,3,0,0,0,0,4
113127,pepawellington,,2,0,2,2,0,2,0,0,0,0,0
113131,albertommoral,,3,0,3,3,0,3,0,0,0,0,0
113132,AsesoraGastro,,2,0,2,2,0,2,0,0,0,0,0
113133,cdperiodismo,,3,0,3,3,0,3,0,0,0,0,0
113136,ViajaArgento,,2,0,2,2,0,2,0,0,0,0,0
113142,tecnico_turismo,,2,0,2,2,0,2,0,0,0,0,4
113159,jlgualix,,2,0,2,2,0,2,0,0,0,0,0
113160,360TRAVEL,,2,0,2,2,0,2,0,0,0,0,0
113163,cmoralesgo,,2,0,2,2,0,2,0,0,0,0,2
113164,viajares,,3,0,3,3,0,3,0,0,0,0,2
113165,JMateosdePorras,,2,0,2,2,0,2,0,0,0,0,0
113167,JavierMazorra,,3,0,3,3,0,3,0,0,0,0,0
113170,Lugalenki,,2,0,2,2,0,2,0,0,0,0,0
113173,VirroBorja,,3,0,3,3,0,3,0,0,0,0,0
113174,pedrogarma,,3,0,3,3,0,3,0,0,0,0,0
113176,periodisticos,,3,0,3,3,0,3,0,0,0,0,4
113177,vicentemmolina,,2,0,2,2,0,2,0,0,0,0,2
113178,learnspanish4lf,,2,0,2,2,0,2,0,0,0,0,1
113179,franmaop,,3,0,3,3,0,3,0,0,0,0,0
113180,Capacityes,,4,0,4,4,0,4,0,0,0,0,0
113181,palzaga,,3,0,3,3,0,3,0,0,0,0,0
113184,e_ort,,2,0,2,2,0,2,0,0,0,0,0
113186,rodriguezruibal,,2,0,2,2,0,2,0,0,0,0,0
113187,TrabajaGranada,,2,0,2,2,0,2,0,0,0,0,0
113188,trailtravel2020,,2,0,2,2,0,2,0,0,0,0,0
113189,CN_Granada,,3,0,3,3,0,3,0,0,0,0,0
113192,MiguelLedhesma,,3,0,3,3,0,3,0,0,0,0,6
113193,PeriodistasTur,,2,0,2,2,0,2,0,0,0,0,0
113194,AlbertoLuque5,,2,0,2,2,0,2,0,0,0,0,4
113195,zenalmor,,2,0,2,2,0,2,0,0,0,0,0
113196,losviajesdemilu,,2,0,2,2,0,2,0,0,0,0,0
113197,rubengarciaes,,2,0,2,2,0,2,0,0,0,0,0
113199,mariasalazar97,,3,0,3,3,0,3,0,0,0,0,0
113200,AlanDaitch,,3,0,3,3,0,3,0,0,0,0,4
113206,Loftinmobiliari,,2,0,2,2,0,2,0,0,0,0,0
113207,ManriqueDz,,2,0,2,2,0,2,0,0,0,0,4
113208,gemagarrido,,3,0,3,3,0,3,0,0,0,0,0
113209,martauldh95,,2,0,2,2,0,2,0,0,0,0,6
113210,sierranevadasur,,4,0,4,4,0,4,0,0,0,0,0
113211,KiskoRRute,,2,0,2,2,0,2,0,0,0,0,0
113212,turismotivados,,2,0,2,2,0,2,0,0,0,0,0
113216,JaramilloRuthMa,,2,0,2,2,0,2,0,0,0,0,0
113217,EmilioCuencaM,,2,0,2,2,0,2,0,0,0,0,0
113219,astratrans,,2,0,2,2,0,2,0,0,0,0,0
113220,ParolearTradu,,3,0,3,3,0,3,0,0,0,0,5
113222,webempresa20,,3,0,3,3,0,3,0,0,0,0,4
113223,victorodfar,,2,0,2,2,0,2,0,0,0,0,6
113224,mariabretong,,3,0,3,3,0,3,0,0,0,0,2
113227,SergiReboredo,,3,0,3,3,0,3,0,0,0,0,4
113228,SHERPANDIPITY,,2,0,2,2,0,2,0,0,0,0,0
113231,expoalhambra,,2,0,2,2,0,2,0,0,0,0,0
113239,smediagr,,5,0,5,5,0,5,0,0,0,0,6
113242,CasaTagomago,,2,0,2,2,0,2,0,0,0,0,0
113251,vueltaalmundoES,,6,0,6,6,0,6,0,0,0,0,4
113253,granfjsh,,2,0,2,2,0,2,0,0,0,0,4
113256,beefluent,,3,0,3,3,0,3,0,0,0,0,7
113258,AlbertoAlcocer,,3,0,3,3,0,3,0,0,0,0,0
113261,CarolAlcaniz,,2,0,2,2,0,2,0,0,0,0,2
113262,pilarmontesluna,,3,0,3,3,0,3,0,0,0,0,2
113263,Tony_buendia,,2,0,2,2,0,2,0,0,0,0,0
113269,javier_hdez,,2,0,2,2,0,2,0,0,0,0,0
113270,DanLaneri,,2,0,2,2,0,2,0,0,0,0,0
113271,ClaraDegue,,2,0,2,2,0,2,0,0,0,0,6
113272,SpanishFlavours,,3,0,3,3,0,3,0,0,0,0,0
113273,dondenosvamos,,2,0,2,2,0,2,0,0,0,0,4
113277,jaozgz,,4,0,4,4,0,4,0,0,0,0,4
113278,BibdelTraductor,,3,0,3,3,0,3,0,0,0,0,5
113279,albertommolina,,2,0,2,2,0,2,0,0,0,0,0
113280,agcasti,,2,0,2,2,0,2,0,0,0,0,0
113281,RutaWIrving,,2,0,2,2,0,2,0,0,0,0,0
113287,MiguelABenavent,,2,0,2,2,0,2,0,0,0,0,0
113289,oscarglezm,,3,0,3,3,0,3,0,0,0,0,7
113290,IoSonoValeriaCM,,2,0,2,2,0,2,0,0,0,0,0
113292,VictorArandaLeo,,2,0,2,2,0,2,0,0,0,0,0
113293,julian20101,,2,0,2,2,0,2,0,0,0,0,0
113294,lugarzen,,2,0,2,2,0,2,0,0,0,0,0
113301,blogpocket,,3,0,3,3,0,3,0,0,0,0,0
113303,DesmarcateYa,,2,0,2,2,0,2,0,0,0,0,0
113306,jarodriguez71,,3,0,3,3,0,3,0,0,0,0,0
113307,infonieve,,3,0,3,3,0,3,0,0,0,0,4
113310,nievealquiler,,2,0,2,2,0,2,0,0,0,0,0
113313,EnriqueLZN,,2,0,2,2,0,2,0,0,0,0,6
113314,sertumore,,3,0,3,3,0,3,0,0,0,0,4
113315,E_Canale,,3,0,3,3,0,3,0,0,0,0,0
113318,agucg,,3,0,3,3,0,3,0,0,0,0,0
113320,tama_rf,,2,0,2,2,0,2,0,0,0,0,0
113321,_JavierCano_,,3,0,3,3,0,3,0,0,0,0,0
113322,vergeles69,,3,0,3,3,0,3,0,0,0,0,0
113323,comunicatur,,3,0,3,3,0,3,0,0,0,0,2
113324,bodylasergrana,,3,0,3,3,0,3,0,0,0,0,0
113328,PauMompo,,2,0,2,2,0,2,0,0,0,0,0
113336,MosaicoIdiomas,,2,0,2,2,0,2,0,0,0,0,6
113341,MiryamLucena,,2,0,2,2,0,2,0,0,0,0,6
113342,ThinkTur,,3,0,3,3,0,3,0,0,0,0,0
113345,carmen2513,,3,0,3,3,0,3,0,0,0,0,0
113346,AlhambraEnFotos,,3,0,3,3,0,3,0,0,0,0,0
113349,forosdeviajes,,2,0,2,2,0,2,0,0,0,0,6
113350,Elena67,,2,0,2,2,0,2,0,0,0,0,0
113351,GiovannyCastrom,,2,0,2,2,0,2,0,0,0,0,2
113354,davidmerinas,,2,0,2,2,0,2,0,0,0,0,2
113355,Amparomorato,,2,0,2,2,0,2,0,0,0,0,6
113358,MoTUR_es,,2,0,2,2,0,2,0,0,0,0,0
113359,amuda,,2,0,2,2,0,2,0,0,0,0,0
113361,Iaurarodriguez,,2,0,2,2,0,2,0,0,0,0,0
113362,gregoriotoribio,,3,0,3,3,0,3,0,0,0,0,0
113363,d_asiaticos,,3,0,3,3,0,3,0,0,0,0,6
113364,destinoactuales,,4,0,4,4,0,4,0,0,0,0,2
113365,VeranosCorral,,3,0,3,3,0,3,0,0,0,0,0
113368,LuisLlamas,,2,0,2,2,0,2,0,0,0,0,2
113370,ctrabajo,,3,0,3,3,0,3,0,0,0,0,0
113371,AlexMSeo,,2,0,2,2,0,2,0,0,0,0,2
113375,manubl_,,2,0,2,2,0,2,0,0,0,0,0
113376,AndresOrgaz,,2,0,2,2,0,2,0,0,0,0,4
113378,Yovijob,,2,0,2,2,0,2,0,0,0,0,0
113379,PabellondlArtes,,3,0,3,3,0,3,0,0,0,0,0
113381,LeikoLeo,,2,0,2,2,0,2,0,0,0,0,0
113382,ENTURNA1,,2,0,2,2,0,2,0,0,0,0,4
113384,mmMonterrubio,,2,0,2,2,0,2,0,0,0,0,6
113389,buscojobs_es,,4,0,4,4,0,4,0,0,0,0,0
113394,anafrmarin,,3,0,3,3,0,3,0,0,0,0,6
113398,javifer22,,3,0,3,3,0,3,0,0,0,0,0
113402,Burston10,,2,0,2,2,0,2,0,0,0,0,0
113405,Cosalo,,2,0,2,2,0,2,0,0,0,0,0
113406,BerthaParedesM,,2,0,2,2,0,2,0,0,0,0,0
113407,JBLoliOchoa,,2,0,2,2,0,2,0,0,0,0,6
113414,Chinalati,,3,0,3,3,0,3,0,0,0,0,4
113415,seoonoser,,2,0,2,2,0,2,0,0,0,0,0
113416,AntonioJHF,,3,0,3,3,0,3,0,0,0,0,4
113421,makaralu,,3,0,3,3,0,3,0,0,0,0,0
113422,Valtiviajes,,2,0,2,2,0,2,0,0,0,0,0
113425,jpalonsor,,3,0,3,3,0,3,0,0,0,0,2
113426,MartucaFG,,2,0,2,2,0,2,0,0,0,0,0
113427,ccgnu,,3,0,3,3,0,3,0,0,0,0,0
113428,edutebar,,3,0,3,3,0,3,0,0,0,0,0
113430,FotoEscalera,,3,0,3,3,0,3,0,0,0,0,0
113433,CanariaPepa,,2,0,2,2,0,2,0,0,0,0,6
113436,FGarciaLorca27,,3,0,3,3,0,3,0,0,0,0,0
113437,Israel_Garcia,,2,0,2,2,0,2,0,0,0,0,2
113438,alozana,,3,0,3,3,0,3,0,0,0,0,0
113439,AlAndalusActiva,,3,0,3,3,0,3,0,0,0,0,0
113440,MAarcoavila,,3,0,3,3,0,3,0,0,0,0,6
113441,nuriaparrondoj,,3,0,3,3,0,3,0,0,0,0,6
113442,AndalsurTours,,3,0,3,3,0,3,0,0,0,0,0
113443,es_sierranevada,,3,0,3,3,0,3,0,0,0,0,0
113446,NextTurismo,,3,0,3,3,0,3,0,0,0,0,4
113447,MORADAMAE,,2,0,2,2,0,2,0,0,0,0,0
113452,cardueab,,2,0,2,2,0,2,0,0,0,0,4
113453,TravelxTimes,,3,0,3,3,0,3,0,0,0,0,4
113454,cristinaturismo,,2,0,2,2,0,2,0,0,0,0,0
113458,TravelInsiderM,,2,0,2,2,0,2,0,0,0,0,7
113460,Dominique_BT,,2,0,2,2,0,2,0,0,0,0,6
113461,David_Rengel_B,,2,0,2,2,0,2,0,0,0,0,6
113462,InmaLopez__,,2,0,2,2,0,2,0,0,0,0,0
113464,DeliriumGranada,,2,0,2,2,0,2,0,0,0,0,0
113466,alacayom,,3,0,3,3,0,3,0,0,0,0,5
113467,Albayzina,,3,0,3,3,0,3,0,0,0,0,0
113468,mariumagr,,3,0,3,3,0,3,0,0,0,0,6
113471,ZMontse_Curiel,,2,0,2,2,0,2,0,0,0,0,0
113472,esaccesibleapp,,2,0,2,2,0,2,0,0,0,0,0
113475,GVAinvattur,,2,0,2,2,0,2,0,0,0,0,0
113477,SilviaGramenet,,2,0,2,2,0,2,0,0,0,0,0
113481,jotadejugo,,3,0,3,3,0,3,0,0,0,0,4
113482,club_mba,,3,0,3,3,0,3,0,0,0,0,4
113483,pasaportenews,,3,0,3,3,0,3,0,0,0,0,0
113485,marcoTSITSELIS,,2,0,2,2,0,2,0,0,0,0,0
113486,luisespadafor,,2,0,2,2,0,2,0,0,0,0,0
113490,PROCOLOMBIACO,,2,0,2,2,0,2,0,0,0,0,2
113491,colombia_travel,,3,0,3,3,0,3,0,0,0,0,7
113492,ejoana,,3,0,3,3,0,3,0,0,0,0,0
113493,mary__louise_,,2,0,2,2,0,2,0,0,0,0,0
113495,ActitudSocial,,2,0,2,2,0,2,0,0,0,0,6
113497,turismogestion,,3,0,3,3,0,3,0,0,0,0,4
113498,Comunidad_AEDH,,2,0,2,2,0,2,0,0,0,0,8
113502,sentir_granada,,5,0,5,5,0,5,0,0,0,0,0
113503,treidit,,3,0,3,3,0,3,0,0,0,0,0
113505,BriGallegoCoin,,4,0,4,4,0,4,0,0,0,0,0
113509,amarinas,,2,0,2,2,0,2,0,0,0,0,0
113512,arsispain,,2,0,2,2,0,2,0,0,0,0,0
113515,asociacionpatch,,3,0,3,3,0,3,0,0,0,0,6
113516,jacarballar,,3,0,3,3,0,3,0,0,0,0,4
113518,AntonioArteaga_,,2,0,2,2,0,2,0,0,0,0,0
113519,TradebyTravel,,2,0,2,2,0,2,0,0,0,0,0
113521,LorenzoSolis,,2,0,2,2,0,2,0,0,0,0,0
113526,Yoyyoga,,2,0,2,2,0,2,0,0,0,0,0
113527,buhogastrobar,,2,0,2,2,0,2,0,0,0,0,0
113529,paradosnews,,3,0,3,3,0,3,0,0,0,0,1
113530,Isabel_sb,,2,0,2,2,0,2,0,0,0,0,0
113531,ClubAgencias,,3,0,3,3,0,3,0,0,0,0,0
113532,VictorGanan,,2,0,2,2,0,2,0,0,0,0,0
113540,encantodehotel,,2,0,2,2,0,2,0,0,0,0,0
113541,GeekOcio,,2,0,2,2,0,2,0,0,0,0,0
113542,La_Senia_Natura,,2,0,2,2,0,2,0,0,0,0,0
113543,Silvirs,,3,0,3,3,0,3,0,0,0,0,4
113545,bleisehangen,,2,0,2,2,0,2,0,0,0,0,4
113546,mauriciopriego,,2,0,2,2,0,2,0,0,0,0,2
113548,JavierPar23,,2,0,2,2,0,2,0,0,0,0,0
113549,AsiatikkA,,2,0,2,2,0,2,0,0,0,0,0
113552,TecnicoGRX,,3,0,3,3,0,3,0,0,0,0,0
113553,PortaldeTailand,,2,0,2,2,0,2,0,0,0,0,0
113558,Bea_Daf,,2,0,2,2,0,2,0,0,0,0,6
113559,nacho_velasco,,2,0,2,2,0,2,0,0,0,0,6
113561,brujulea,,4,0,4,4,0,4,0,0,0,0,1
113563,Tourism_Review,,3,0,3,3,0,3,0,0,0,0,0
113565,jaumemarin,,3,0,3,3,0,3,0,0,0,0,2
113566,zigoraldama,,2,0,2,2,0,2,0,0,0,0,0
113568,rvillanuevarios,,3,0,3,3,0,3,0,0,0,0,0
113570,RutaDelCalifato,,2,0,2,2,0,2,0,0,0,0,0
113571,Muselogasgranad,,2,0,2,2,0,2,0,0,0,0,0
113572,SerafinGomez,,3,0,3,3,0,3,0,0,0,0,2
113573,Lalaau_Com,,3,0,3,3,0,3,0,0,0,0,6
113574,Carloshosteltur,,2,0,2,2,0,2,0,0,0,0,0
113582,_BuscarEmpleo,,3,0,3,3,0,3,0,0,0,0,2
113584,jcdelarco,,2,0,2,2,0,2,0,0,0,0,4
113586,erasmocheckin,,2,0,2,2,0,2,0,0,0,0,0
113588,migarfer,,2,0,2,2,0,2,0,0,0,0,0
113596,Fotonazos,,3,0,3,3,0,3,0,0,0,0,4
113601,conmochila,,4,0,4,4,0,4,0,0,0,0,4
113603,erodrigo,,3,0,3,3,0,3,0,0,0,0,4
113605,Lichidoncel,,2,0,2,2,0,2,0,0,0,0,2
113606,lpoderdlamirada,,3,0,3,3,0,3,0,0,0,0,0
113608,kennethdavid,,2,0,2,2,0,2,0,0,0,0,1
113610,TueventoGranada,,2,0,2,2,0,2,0,0,0,0,5
113615,zanguanga,,2,0,2,2,0,2,0,0,0,0,0
113616,etham,,2,0,2,2,0,2,0,0,0,0,0
113617,marioschumacher,,3,0,3,3,0,3,0,0,0,0,0
113619,candironda,,2,0,2,2,0,2,0,0,0,0,0
113621,carlosdelafe,,2,0,2,2,0,2,0,0,0,0,0
113622,Bici_Electrica,,2,0,2,2,0,2,0,0,0,0,0
113623,ManuelJAmate,,3,0,3,3,0,3,0,0,0,0,0
113624,BlogtripEs,,2,0,2,2,0,2,0,0,0,0,0
113628,Luca_Bocci,,2,0,2,2,0,2,0,0,0,0,0
113629,juanbolmed,,2,0,2,2,0,2,0,0,0,0,0
113630,GuerrillaSMM,,2,0,2,2,0,2,0,0,0,0,0
113631,AnacapriHotel,,3,0,3,3,0,3,0,0,0,0,4
113632,landahlauts,,3,0,3,3,0,3,0,0,0,0,0
113635,empleojun,,3,0,3,3,0,3,0,0,0,0,0
113636,blogadesk,,3,0,3,3,0,3,0,0,0,0,0
113638,erasmolopez,,2,0,2,2,0,2,0,0,0,0,0
113639,Ernestisimo2003,,2,0,2,2,0,2,0,0,0,0,0
113640,aalvarezSM,,2,0,2,2,0,2,0,0,0,0,0
113642,isagrx,,2,0,2,2,0,2,0,0,0,0,0
113644,TaviCalvete,,2,0,2,2,0,2,0,0,0,0,0
113649,gminayolopez,,3,0,3,3,0,3,0,0,0,0,0
113651,Turismo_Com_Val,,2,0,2,2,0,2,0,0,0,0,0
113654,arturitoito,,2,0,2,2,0,2,0,0,0,0,0
113655,DianaZreik,,2,0,2,2,0,2,0,0,0,0,0
113657,yoymimochila,,2,0,2,2,0,2,0,0,0,0,0
113663,EquivalenzaGr,,3,0,3,3,0,3,0,0,0,0,0
113664,autural,,2,0,2,2,0,2,0,0,0,0,4
113665,SMMGranada,,2,0,2,2,0,2,0,0,0,0,0
113666,inesdrake,,2,0,2,2,0,2,0,0,0,0,0
113667,Turispain,,3,0,3,3,0,3,0,0,0,0,0
113668,Isturformacion,,2,0,2,2,0,2,0,0,0,0,0
113669,trendytwitt,,2,0,2,2,0,2,0,0,0,0,0
113670,elestadofallido,,2,0,2,2,0,2,0,0,0,0,0
113674,Autoruano,,3,0,3,3,0,3,0,0,0,0,0
113675,Canodehesa,,2,0,2,2,0,2,0,0,0,0,2
113679,AlteaBaptistax,,2,0,2,2,0,2,0,0,0,0,0
113680,JavierNavarro,,2,0,2,2,0,2,0,0,0,0,0
113681,tutaxiengranada,,4,0,4,4,0,4,0,0,0,0,0
113682,onigiridejamon,,3,0,3,3,0,3,0,0,0,0,0
113683,aliciapermiso,,4,0,4,4,0,4,0,0,0,0,0
113684,Yani2711bv,,2,0,2,2,0,2,0,0,0,0,0
113685,MReyesRamon,,2,0,2,2,0,2,0,0,0,0,4
113689,Catalorural,,2,0,2,2,0,2,0,0,0,0,4
113691,Eventualia,,4,0,4,4,0,4,0,0,0,0,0
113700,hugomorenomv3,,3,0,3,3,0,3,0,0,0,0,2
113701,creaciononline,,2,0,2,2,0,2,0,0,0,0,0
113703,SERAXX,,2,0,2,2,0,2,0,0,0,0,4
113704,raulnm1,,2,0,2,2,0,2,0,0,0,0,4
113705,OscarDS,,3,0,3,3,0,3,0,0,0,0,4
113707,pablogpintado,,5,0,5,5,0,5,0,0,0,0,0
113709,CelestinoMz,,2,0,2,2,0,2,0,0,0,0,4
113711,j_martos,,2,0,2,2,0,2,0,0,0,0,0
113713,FermasaFeria,,3,0,3,3,0,3,0,0,0,0,0
113714,InternTourism,,3,0,3,3,0,3,0,0,0,0,1
113715,quierouncurro,,2,0,2,2,0,2,0,0,0,0,0
113716,ysRamonMLM1,,2,0,2,2,0,2,0,0,0,0,6
113717,mayseky,,3,0,3,3,0,3,0,0,0,0,0
113720,AlmusafirGR,,2,0,2,2,0,2,0,0,0,0,0
113728,GranadaSolidari,,2,0,2,2,0,2,0,0,0,0,0
113731,Entrelente,,4,0,4,4,0,4,0,0,0,0,0
113732,BienalMilenio,,2,0,2,2,0,2,0,0,0,0,0
113733,alberbook,,2,0,2,2,0,2,0,0,0,0,0
113734,jfelixsanchez,,2,0,2,2,0,2,0,0,0,0,6
113735,gusscaliani,,2,0,2,2,0,2,0,0,0,0,0
113737,Manuelrh,,2,0,2,2,0,2,0,0,0,0,0
113738,ClickGranada,,3,0,3,3,0,3,0,0,0,0,0
113739,GranadaSeMueve,,3,0,3,3,0,3,0,0,0,0,0
113740,BertilioHerrera,,2,0,2,2,0,2,0,0,0,0,0
113741,intakito,,2,0,2,2,0,2,0,0,0,0,0
113743,VFermoselle,,2,0,2,2,0,2,0,0,0,0,2
113745,Vanessa_rit,,2,0,2,2,0,2,0,0,0,0,0
113746,Granada_Online,,2,0,2,2,0,2,0,0,0,0,0
113750,juanveravico,,3,0,3,3,0,3,0,0,0,0,0
113751,guadalu72,,2,0,2,2,0,2,0,0,0,0,0
113752,escueladechino,,3,0,3,3,0,3,0,0,0,0,0
113753,ApisCookies,,2,0,2,2,0,2,0,0,0,0,0
113754,enesierranevada,,3,0,3,3,0,3,0,0,0,0,0
113756,somosamb,,2,0,2,2,0,2,0,0,0,0,6
113758,patu_romero,,3,0,3,3,0,3,0,0,0,0,0
113760,todoMark,,2,0,2,2,0,2,0,0,0,0,4
113763,Jose_Maor,,2,0,2,2,0,2,0,0,0,0,4
113766,javiermoreno,,2,0,2,2,0,2,0,0,0,0,0
113768,BYMC,,3,0,3,3,0,3,0,0,0,0,0
113769,AlhamarTurismo,,2,0,2,2,0,2,0,0,0,0,0
113770,Laboralnews,,4,0,4,4,0,4,0,0,0,0,1
113772,twitgranada,,3,0,3,3,0,3,0,0,0,0,0
113781,lloretdemar,,2,0,2,2,0,2,0,0,0,0,7
113785,carmenbloguer,,2,0,2,2,0,2,0,0,0,0,0
113787,oliverserrano,,2,0,2,2,0,2,0,0,0,0,4
113793,fpjuliovisconti,,2,0,2,2,0,2,0,0,0,0,0
113798,guadixycomarcaa,,3,0,3,3,0,3,0,0,0,0,0
113800,miguelthepooh,,2,0,2,2,0,2,0,0,0,0,4
113803,HOTELES20,,2,0,2,2,0,2,0,0,0,0,0
113804,BGIrene,,2,0,2,2,0,2,0,0,0,0,0
113805,gerbraja,,2,0,2,2,0,2,0,0,0,0,0
113808,Lambmother,,3,0,3,3,0,3,0,0,0,0,6
113809,expertur,,2,0,2,2,0,2,0,0,0,0,0
113811,fermunizt2,,2,0,2,2,0,2,0,0,0,0,0
113813,AlejoMarulandaa,,2,0,2,2,0,2,0,0,0,0,4
113814,lead_rabbit,,2,0,2,2,0,2,0,0,0,0,0
113815,JuanCMejiaLlano,,3,0,3,3,0,3,0,0,0,0,0
113816,granadatravel,,2,0,2,2,0,2,0,0,0,0,0
113817,calvaradorivera,,3,0,3,3,0,3,0,0,0,0,0
113818,juanmerodio,,3,0,3,3,0,3,0,0,0,0,0
113819,kenblanchard,,3,0,3,3,0,3,0,0,0,0,1
113821,sierranevada_,,3,0,3,3,0,3,0,0,0,0,0
113822,fiturtech,,2,0,2,2,0,2,0,0,0,0,0
113823,clara_soler,,3,0,3,3,0,3,0,0,0,0,4
113824,Turijobs,,3,0,3,3,0,3,0,0,0,0,0
113825,KERALAgr,,2,0,2,2,0,2,0,0,0,0,0
113826,areaturistica,,3,0,3,3,0,3,0,0,0,0,0
113827,Jose_Manuel_Gal,,2,0,2,2,0,2,0,0,0,0,0
113830,touristeye_es,,4,0,4,4,0,4,0,0,0,0,4
113834,raquel_munoz,,2,0,2,2,0,2,0,0,0,0,4
113835,somosrhtv,,2,0,2,2,0,2,0,0,0,0,0
113836,agustilopez,,2,0,2,2,0,2,0,0,0,0,4
113837,OctavioRegalado,,3,0,3,3,0,3,0,0,0,0,0
113841,RealizaNano,,2,0,2,2,0,2,0,0,0,0,0
113842,verdaderoequipo,,4,0,4,4,0,4,0,0,0,0,0
113846,visitaguadix,,2,0,2,2,0,2,0,0,0,0,0
113848,virgendegracia,,2,0,2,2,0,2,0,0,0,0,0
113849,GuadixaMas,,2,0,2,2,0,2,0,0,0,0,0
113850,silkenconcordia,,2,0,2,2,0,2,0,0,0,0,0
113851,guadixamano,,2,0,2,2,0,2,0,0,0,0,0
113852,LAUXAVIAJES,,3,0,3,3,0,3,0,0,0,0,0
113853,Alberto_Gonzale,,2,0,2,2,0,2,0,0,0,0,0
113854,suspirodelmoro,,2,0,2,2,0,2,0,0,0,0,0
113855,de_granada,,3,0,3,3,0,3,0,0,0,0,0
113857,NHHotels,,3,0,3,3,0,3,0,0,0,0,8
113858,granared,,3,0,3,3,0,3,0,0,0,0,4
113860,JavierLaChica,,2,0,2,2,0,2,0,0,0,0,0
113861,mavaldecasas,,2,0,2,2,0,2,0,0,0,0,0
113863,ideal_es,,4,0,4,4,0,4,0,0,0,0,0
113864,nachorgr,,2,0,2,2,0,2,0,0,0,0,6
113866,CasaCapitel,,3,0,3,3,0,3,0,0,0,0,0
113867,desc_granada,,2,0,2,2,0,2,0,0,0,0,0
113868,promoturismo,,4,0,4,4,0,4,0,0,0,0,2
113869,empleo_granada,,3,0,3,3,0,3,0,0,0,0,0
113870,internetyturism,,3,0,3,3,0,3,0,0,0,0,0
113871,BUZZturistic,,2,0,2,2,0,2,0,0,0,0,4
113872,fanturistic,,3,0,3,3,0,3,0,0,0,0,2
113873,rociojl,,3,0,3,3,0,3,0,0,0,0,0
113875,turismo20,,2,0,2,2,0,2,0,0,0,0,0
113876,RutasySenderos,,3,0,3,3,0,3,0,0,0,0,0
113877,chumberacuevas,,2,0,2,2,0,2,0,0,0,0,0
113881,danieldonag,,2,0,2,2,0,2,0,0,0,0,6
113883,Ester_merro,,2,0,2,2,0,2,0,0,0,0,0
113887,_Carlos_Luna,,2,0,2,2,0,2,0,0,0,0,6
113889,LaChanaEnLucha,,3,0,3,3,0,3,0,0,0,0,0
113890,alejandr0fv,,2,0,2,2,0,2,0,0,0,0,6
113892,kiskasssss,,3,0,3,3,0,3,0,0,0,0,6
113893,sergiotuitero,,2,0,2,2,0,2,0,0,0,0,6
113894,ivaanbs5,,3,0,3,3,0,3,0,0,0,0,3
113895,Tu_Extasis_,,2,0,2,2,0,2,0,0,0,0,6
113900,Err_Afterlife7,,3,0,3,3,0,3,0,0,0,0,6
113905,juan96aguilar,,2,0,2,2,0,2,0,0,0,0,6
113907,karenanduiz,,2,0,2,2,0,2,0,0,0,0,6
113908,JaviQuirantes11,,2,0,2,2,0,2,0,0,0,0,6
113910,ainoavj52,,2,0,2,2,0,2,0,0,0,0,6
113913,Andressf96,,2,0,2,2,0,2,0,0,0,0,6
113914,Carmen_023,,2,0,2,2,0,2,0,0,0,0,6
113917,chandel_mr,,2,0,2,2,0,2,0,0,0,0,6
113920,PauNmbrsfrm,,3,0,3,3,0,3,0,0,0,0,6
113921,damiM8,,2,0,2,2,0,2,0,0,0,0,6
113922,davidsquanchy,,3,0,3,3,0,3,0,0,0,0,6
113923,Pilargtv,,2,0,2,2,0,2,0,0,0,0,6
113929,marinacssn,,3,0,3,3,0,3,0,0,0,0,6
113937,alvarotik,,2,0,2,2,0,2,0,0,0,0,6
113948,anabel8ro,,2,0,2,2,0,2,0,0,0,0,6
113951,FranArke4,,2,0,2,2,0,2,0,0,0,0,6
113954,Ms10Pablo,,2,0,2,2,0,2,0,0,0,0,6
113964,alexcar_95,,3,0,3,3,0,3,0,0,0,0,6
113965,jero_roma,,2,0,2,2,0,2,0,0,0,0,6
113968,jg9granada,,2,0,2,2,0,2,0,0,0,0,6
113969,claraMpelaez,,2,0,2,2,0,2,0,0,0,0,6
113970,sebacarter1,,2,0,2,2,0,2,0,0,0,0,6
113973,DanielBD_,,2,0,2,2,0,2,0,0,0,0,6
113976,aliyasMB,,3,0,3,3,0,3,0,0,0,0,6
113977,AndreaLopez_17,,2,0,2,2,0,2,0,0,0,0,6
113978,JoseA_Murcia,,2,0,2,2,0,2,0,0,0,0,6
113980,danielgmaldonad,,3,0,3,3,0,3,0,0,0,0,0
113981,HotelReinaCrist,,4,0,4,4,0,4,0,0,0,0,0
113982,Maciahotels,,3,0,3,3,0,3,0,0,0,0,6
113983,EntornoG,,2,0,2,2,0,2,0,0,0,0,6
113986,GranadaQue,,2,0,2,2,0,2,0,0,0,0,6
113987,franrusso,,2,0,2,2,0,2,0,0,0,0,6
113990,franbutano,,2,0,2,2,0,2,0,0,0,0,0
113999,Liazor7,,3,0,3,3,0,3,0,0,0,0,6
114001,InyourfaceES,,3,0,3,3,0,3,0,0,0,0,6
114002,RaquelMedina68,,2,0,2,2,0,2,0,0,0,0,6
114006,mariagl1220,,2,0,2,2,0,2,0,0,0,0,6
114009,angelapv3,,2,0,2,2,0,2,0,0,0,0,6
114010,MariaCuriel_,,3,0,3,3,0,3,0,0,0,0,6
114011,AngelMengibar,,3,0,3,3,0,3,0,0,0,0,6
114013,sergio_prieto3,,3,0,3,3,0,3,0,0,0,0,6
114014,Xisco_gp,,2,0,2,2,0,2,0,0,0,0,6
114015,MariaShadowsL,,2,0,2,2,0,2,0,0,0,0,6
114018,TejoAmezcua,,2,0,2,2,0,2,0,0,0,0,6
114019,emeg_e,,2,0,2,2,0,2,0,0,0,0,6
114021,MasterOfTuppers,,2,0,2,2,0,2,0,0,0,0,6
114022,Erica_Delgado_,,2,0,2,2,0,2,0,0,0,0,0
114023,m_yolanda_g,,2,0,2,2,0,2,0,0,0,0,6
114024,Rafa_jimenez7,,3,0,3,3,0,3,0,0,0,0,6
114029,ml_fran33,,3,0,3,3,0,3,0,0,0,0,6
114031,anitacontrerasB,,2,0,2,2,0,2,0,0,0,0,6
114033,pedroperez90,,4,0,4,4,0,4,0,0,0,0,6
114034,guille_ros,,2,0,2,2,0,2,0,0,0,0,6
114035,franfermusica,,4,0,4,4,0,4,0,0,0,0,6
114036,magarridoromero,,3,0,3,3,0,3,0,0,0,0,6
114037,mmmanue,,2,0,2,2,0,2,0,0,0,0,2
114040,JuanjoRengel,,3,0,3,3,0,3,0,0,0,0,6
114042,chollistas,,2,0,2,2,0,2,0,0,0,0,5
114045,parrillimarcelo,,3,0,3,3,0,3,0,0,0,0,0
114046,GardenPlaza5,,4,0,4,4,0,4,0,0,0,0,0
114047,CineFilmsBlog,,2,0,2,2,0,2,0,0,0,0,0
114049,QuePostureo,,2,0,2,2,0,2,0,0,0,0,0
114053,SomosVecinoas,,3,0,3,3,0,3,0,0,0,0,0
114057,kitkatspain,,2,0,2,2,0,2,0,0,0,0,0
114058,jimatazgz,,3,0,3,3,0,3,0,0,0,0,1
114062,lahordaxD,,3,0,3,3,0,3,0,0,0,0,0
114066,OleocampoSCA,,2,0,2,2,0,2,0,0,0,0,0
114069,RevistaOlimerca,,2,0,2,2,0,2,0,0,0,0,0
114072,SolerRomero,,2,0,2,2,0,2,0,0,0,0,0
114074,EsenciaDeOlivo,,2,0,2,2,0,2,0,0,0,0,0
114076,OleoRevista,,2,0,2,2,0,2,0,0,0,0,0
114077,WorldOliveOil,,2,0,2,2,0,2,0,0,0,0,0
114078,pradolivo_baeza,,2,0,2,2,0,2,0,0,0,0,0
114081,OrOliveSur,,2,0,2,2,0,2,0,0,0,0,0
114084,acguadalimar,,2,0,2,2,0,2,0,0,0,0,0
114087,CasaCurroosuna,,2,0,2,2,0,2,0,0,0,0,0
114090,citoliva,,3,0,3,3,0,3,0,0,0,0,0
114095,picualia,,2,0,2,2,0,2,0,0,0,0,0
114096,corona_spain,,3,0,3,3,0,3,0,0,0,0,0
114099,ClubVips,,2,0,2,2,0,2,0,0,0,0,0
114101,PabloMoAlboran,,3,0,3,3,0,3,0,0,0,0,3
114106,espetorresb,,2,0,2,2,0,2,0,0,0,0,0
114108,carmelargarzon,,3,0,3,3,0,3,0,0,0,0,0
114109,Cp2019CS,,3,0,3,3,0,3,0,0,0,0,0
114122,Coronadeolivo,,3,0,3,3,0,3,0,0,0,0,4
114123,oleoestepa,,2,0,2,2,0,2,0,0,0,0,0
114125,AOVEJaen,,2,0,2,2,0,2,0,0,0,0,0
114138,AceitesDOBaena,,2,0,2,2,0,2,0,0,0,0,0
114146,Aceites2B,,2,0,2,2,0,2,0,0,0,0,0
114151,AceiteGalan,,2,0,2,2,0,2,0,0,0,0,0
114152,almasubbetica,,2,0,2,2,0,2,0,0,0,0,0
114153,orodeldesierto,,2,0,2,2,0,2,0,0,0,0,0
114155,CanCompanyoCat,,2,0,2,2,0,2,0,0,0,0,0
114156,AceitesElOlivo,,2,0,2,2,0,2,0,0,0,0,0
114157,aceitedesegura,,2,0,2,2,0,2,0,0,0,0,0
114158,OlivarDeSegura,,3,0,3,3,0,3,0,0,0,0,0
114159,DOVirgenExtra,,2,0,2,2,0,2,0,0,0,0,0
114160,cincolivas_com,,2,0,2,2,0,2,0,0,0,0,0
114163,AceiteDOBaena,,2,0,2,2,0,2,0,0,0,0,0
114165,MelgarejoVirgin,,2,0,2,2,0,2,0,0,0,0,0
114173,AceitesVallejo,,2,0,2,2,0,2,0,0,0,0,0
114174,AceitesHeraldo,,2,0,2,2,0,2,0,0,0,0,0
114177,escueladeaceite,,2,0,2,2,0,2,0,0,0,0,0
114178,AceiteTabernas,,2,0,2,2,0,2,0,0,0,0,0
114179,TiendadelAceite,,2,0,2,2,0,2,0,0,0,0,0
114180,AceitesLaMaja,,2,0,2,2,0,2,0,0,0,0,0
114181,aceitespadilla,,2,0,2,2,0,2,0,0,0,0,0
114182,miniaceites,,2,0,2,2,0,2,0,0,0,0,0
114184,Olivarero,,3,0,3,3,0,3,0,0,0,0,0
114185,AceitesOlivaESP,,2,0,2,2,0,2,0,0,0,0,0
114191,daniAlbondon,,3,0,3,3,0,3,0,0,0,0,0
114195,alpujarrahistor,,2,0,2,2,0,2,0,0,0,0,0
114196,Alpujarra_Holid,,2,0,2,2,0,2,0,0,0,0,0
114197,alpujarras_eu,,2,0,2,2,0,2,0,0,0,0,6
114198,R_S_Alpujarra,,2,0,2,2,0,2,0,0,0,0,0
114201,CampingLaroles,,2,0,2,2,0,2,0,0,0,0,0
114202,AlpujarrasRural,,2,0,2,2,0,2,0,0,0,0,0
114203,hecho_alpujarra,,2,0,2,2,0,2,0,0,0,0,0
114205,AlpujarradeGran,,2,0,2,2,0,2,0,0,0,0,0
114206,ALPUJARRASCOUK,,2,0,2,2,0,2,0,0,0,0,0
114207,mialpujarra,,2,0,2,2,0,2,0,0,0,0,0
114208,THEOPULUS,,3,0,3,3,0,3,0,0,0,0,0
114212,AlpujarraRepubl,,2,0,2,2,0,2,0,0,0,0,0
114214,CasaCherin,,2,0,2,2,0,2,0,0,0,0,0
114215,ElGalloNivar,,3,0,3,3,0,3,0,0,0,0,0
114216,VinoDeGranada,,2,0,2,2,0,2,0,0,0,0,0
114218,heraldoes,,3,0,3,3,0,3,0,0,0,0,2
114219,TownGamePlay,,2,0,2,2,0,2,0,0,0,0,0
114221,recetasarabes,,3,0,3,3,0,3,0,0,0,0,0
114223,cocina_es,,3,0,3,3,0,3,0,0,0,0,0
114225,ComidaIncreible,,2,0,2,2,0,2,0,0,0,0,0
114226,ARTEM_KLYUSHIN,,2,0,2,2,0,2,0,0,0,0,2
114227,Elect_Hernandez,,3,0,3,3,0,3,0,0,0,0,6
114233,MaRya_,,3,0,3,3,0,3,0,0,0,0,6
114234,danigreck,,3,0,3,3,0,3,0,0,0,0,1
114235,MiriamGlezRecio,,3,0,3,3,0,3,0,0,0,0,1
114237,SmartCampusUMA,,2,0,2,2,0,2,0,0,0,0,6
114238,VanesaRodriguez,,2,0,2,2,0,2,0,0,0,0,6
114241,ameyfe,,2,0,2,2,0,2,0,0,0,0,6
114242,BarrosoNoelia,,2,0,2,2,0,2,0,0,0,0,6
114247,PepeDamianRS,,2,0,2,2,0,2,0,0,0,0,6
114248,MOGuerreroPerez,,2,0,2,2,0,2,0,0,0,0,6
114253,ResiTrinitarias,,2,0,2,2,0,2,0,0,0,0,6
114260,Cof_Estudiantes,,2,0,2,2,0,2,0,0,0,0,6
114261,RaulBerg_,,2,0,2,2,0,2,0,0,0,0,6
114263,cristiruizz,,2,0,2,2,0,2,0,0,0,0,6
114265,AndroidUGR,,3,0,3,3,0,3,0,0,0,0,6
114267,fernan669,,2,0,2,2,0,2,0,0,0,0,1
114269,iamBrandonTV,,2,0,2,2,0,2,0,0,0,0,6
114270,erasmuspocos,,4,0,4,4,0,4,0,0,0,0,4
114272,Celiaph,,3,0,3,3,0,3,0,0,0,0,4
114273,hobby_consolas,,3,0,3,3,0,3,0,0,0,0,6
114274,ArdaTuran,,3,0,3,3,0,3,0,0,0,0,6
114275,adslzone,,3,0,3,3,0,3,0,0,0,0,6
114277,Analoppez13,,2,0,2,2,0,2,0,0,0,0,6
114279,GoldenVictoryVF,,2,0,2,2,0,2,0,0,0,0,6
114280,Chamn2000,,2,0,2,2,0,2,0,0,0,0,6
114285,Anunciate_GTC,,2,0,2,2,0,2,0,0,0,0,6
114288,LorenaRojasGu,,2,0,2,2,0,2,0,0,0,0,6
114290,SilviaDoblas,,2,0,2,2,0,2,0,0,0,0,6
114357,JofranEventos,,3,0,3,3,0,3,0,0,0,0,6
114359,Ismaelclares,,3,0,3,3,0,3,0,0,0,0,6
114361,dossier_oculto,,2,0,2,2,0,2,0,0,0,0,6
114365,luisfferre,,2,0,2,2,0,2,0,0,0,0,6
114367,RebeldeProd,,2,0,2,2,0,2,0,0,0,0,6
114371,Planes_D_juerga,,3,0,3,3,0,3,0,0,0,0,6
114384,AtcoMonachil,,2,0,2,2,0,2,0,0,0,0,6
114388,Lucy_QG,,2,0,2,2,0,2,0,0,0,0,6
114392,JeanSimonDJ,,2,0,2,2,0,2,0,0,0,0,0
114394,Tashkiva,,2,0,2,2,0,2,0,0,0,0,6
114396,unraticode,,2,0,2,2,0,2,0,0,0,0,6
114397,somosreychico,,2,0,2,2,0,2,0,0,0,0,6
114398,conmaquillaje,,2,0,2,2,0,2,0,0,0,0,6
114400,joseangel97,,3,0,3,3,0,3,0,0,0,0,6
114401,ManuLopezLPF,,3,0,3,3,0,3,0,0,0,0,0
114403,GinesGonzalez_,,2,0,2,2,0,2,0,0,0,0,0
114404,entrebellas,,3,0,3,3,0,3,0,0,0,0,2
114405,KanasurOficial,,3,0,3,3,0,3,0,0,0,0,0
114434,mariolph,,2,0,2,2,0,2,0,0,0,0,5
114435,jaabellan,,2,0,2,2,0,2,0,0,0,0,6
114445,Salvado26161020,,2,0,2,2,0,2,0,0,0,0,6
114446,Estefania_SaAz,,2,0,2,2,0,2,0,0,0,0,6
114452,IntegrateMedia,,2,0,2,2,0,2,0,0,0,0,6
114453,academiatsis,,3,0,3,3,0,3,0,0,0,0,6
114459,LitasGL85,,2,0,2,2,0,2,0,0,0,0,6
114465,JkinMora,,2,0,2,2,0,2,0,0,0,0,6
114469,baltrion,,2,0,2,2,0,2,0,0,0,0,0
114479,kartu1998,,2,0,2,2,0,2,0,0,0,0,6
114482,grecaji,,2,0,2,2,0,2,0,0,0,0,6
114485,gelatoseduzione,,2,0,2,2,0,2,0,0,0,0,0
114487,NegociosJUN,,3,0,3,3,0,3,0,0,0,0,2
114488,charlybalboa,,4,0,4,4,0,4,0,0,0,0,5
114489,juansalazzar,,2,0,2,2,0,2,0,0,0,0,6
114490,angiemargo,,2,0,2,2,0,2,0,0,0,0,6
114491,jbta13,,2,0,2,2,0,2,0,0,0,0,6
114492,JesusQuero,,2,0,2,2,0,2,0,0,0,0,6
114495,Fotografia_MA,,2,0,2,2,0,2,0,0,0,0,6
114496,AzaharaHdez,,2,0,2,2,0,2,0,0,0,0,6
114498,paconono,,3,0,3,3,0,3,0,0,0,0,6
114499,grupoluna1958,,3,0,3,3,0,3,0,0,0,0,6
114500,PizzeriaDesi,,3,0,3,3,0,3,0,0,0,0,5
114504,TakemeSushi,,3,0,3,3,0,3,0,0,0,0,6
114505,Tempointerioris,,3,0,3,3,0,3,0,0,0,0,6
114506,puentezuelas43,,2,0,2,2,0,2,0,0,0,0,6
114507,barLEONgranada,,4,0,4,4,0,4,0,0,0,0,1
114510,demiurgo_es,,2,0,2,2,0,2,0,0,0,0,6
114514,dani_stlls,,2,0,2,2,0,2,0,0,0,0,0
114516,Bluestudioweb,,3,0,3,3,0,3,0,0,0,0,6
114517,antoniodperz,,2,0,2,2,0,2,0,0,0,0,6
114520,Paco_Valparaiso,,2,0,2,2,0,2,0,0,0,0,6
114525,CarmenGeaDj,,2,0,2,2,0,2,0,0,0,0,6
114526,djaarz,,2,0,2,2,0,2,0,0,0,0,6
114528,proyectoespuma,,3,0,3,3,0,3,0,0,0,0,0
114529,eltransistorgr,,3,0,3,3,0,3,0,0,0,0,6
114531,GranadaCenter,,2,0,2,2,0,2,0,0,0,0,6
114532,AireProduccion,,2,0,2,2,0,2,0,0,0,0,6
114534,PeteSouza44,,2,0,2,2,0,2,0,0,0,0,6
114536,Telerama,,3,0,3,3,0,3,0,0,0,0,6
114539,torrentepep,,3,0,3,3,0,3,0,0,0,0,6
114548,NoeliaMartinGr,,3,0,3,3,0,3,0,0,0,0,6
114560,SorteosDeporte,,2,0,2,2,0,2,0,0,0,0,6
114568,horaciocruzdj,,2,0,2,2,0,2,0,0,0,0,6
114573,Paris15Malaga,,3,0,3,3,0,3,0,0,0,0,6
114574,originalpepo,,2,0,2,2,0,2,0,0,0,0,6
114575,cant_infinita,,2,0,2,2,0,2,0,0,0,0,4
114588,EsterExposiito_,,2,0,2,2,0,2,0,0,0,0,6
114590,LoQueEllasSaben,,3,0,3,3,0,3,0,0,0,0,6
114591,MiniFrasesES,,3,0,3,3,0,3,0,0,0,0,6
114594,sandrarchilla,,2,0,2,2,0,2,0,0,0,0,6
114596,pilicrim,,2,0,2,2,0,2,0,0,0,0,6
114602,Bgo85,,3,0,3,3,0,3,0,0,0,0,6
114603,enbocadetodosgr,,2,0,2,2,0,2,0,0,0,0,0
114609,TheLoretos,,2,0,2,2,0,2,0,0,0,0,6
114610,rubio8,,2,0,2,2,0,2,0,0,0,0,6
114617,Blaanca18,,2,0,2,2,0,2,0,0,0,0,6
114619,juanfraan_99,,2,0,2,2,0,2,0,0,0,0,6
114625,carolina_msoria,,3,0,3,3,0,3,0,0,0,0,4
114633,79Juanma,,2,0,2,2,0,2,0,0,0,0,6
114634,LuisMiguelAlbor,,3,0,3,3,0,3,0,0,0,0,6
114638,NynaGR,,3,0,3,3,0,3,0,0,0,0,6
114639,ACarmonaOficial,,3,0,3,3,0,3,0,0,0,0,6
114646,The_MCR_Studios,,2,0,2,2,0,2,0,0,0,0,6
114652,maruxainab,,3,0,3,3,0,3,0,0,0,0,4
114735,Info_Adventia,,2,0,2,2,0,2,0,0,0,0,4
114743,CRSASALAMANCA,,3,0,3,3,0,3,0,0,0,0,6
114746,EvensiEspanol,,3,0,3,3,0,3,0,0,0,0,6
114747,EvaSalamanca,,3,0,3,3,0,3,0,0,0,0,4
114750,cnmediaproject,,3,0,3,3,0,3,0,0,0,0,1
114751,CDT,,2,0,2,2,0,2,0,0,0,0,1
114752,ReutersChina,,3,0,3,3,0,3,0,0,0,0,1
114753,ftchina,,2,0,2,2,0,2,0,0,0,0,3
114761,flareaudio,,2,0,2,2,0,2,0,0,0,0,1
114766,acasadaslinguas,,2,0,2,2,0,2,0,0,0,0,4
114768,Salamancatodo,,3,0,3,3,0,3,0,0,0,0,4
114775,salamanca_wo,,2,0,2,2,0,2,0,0,0,0,2
114782,FacylFestival,,3,0,3,3,0,3,0,0,0,0,4
114783,casaconchas,,3,0,3,3,0,3,0,0,0,0,4
114784,EmpleoyPersonas,,3,0,3,3,0,3,0,0,0,0,4
114786,louisetourret,,2,0,2,2,0,2,0,0,0,0,4
114787,Legendremilie,,2,0,2,2,0,2,0,0,0,0,4
114788,McMissir,,3,0,3,3,0,3,0,0,0,0,1
114789,LCedelle,,2,0,2,2,0,2,0,0,0,0,4
114790,AJEduc,,2,0,2,2,0,2,0,0,0,0,4
114791,sophiedetarle,,3,0,3,3,0,3,0,0,0,0,1
114792,TrendyLetudiant,,2,0,2,2,0,2,0,0,0,0,1
114793,salamancartehis,,3,0,3,3,0,3,0,0,0,0,4
114796,educations,,3,0,3,3,0,3,0,0,0,0,7
114797,LeMondeEduc,,3,0,3,3,0,3,0,0,0,0,1
114798,AEFeduc,,2,0,2,2,0,2,0,0,0,0,1
114799,vousnousils,,3,0,3,3,0,3,0,0,0,0,8
114800,CahiersPedago,,2,0,2,2,0,2,0,0,0,0,1
114801,reseau_canope,,2,0,2,2,0,2,0,0,0,0,1
114802,astroimper,,2,0,2,2,0,2,0,0,0,0,6
114803,MariaCIUSAL,,3,0,3,3,0,3,0,0,0,0,4
114804,SalamancaTM,,3,0,3,3,0,3,0,0,0,0,4
114805,erasmusalamanca,,3,0,3,3,0,3,0,0,0,0,4
114807,Grimal2010,,2,0,2,2,0,2,0,0,0,0,4
114808,unosamigosdepar,,2,0,2,2,0,2,0,0,0,0,0
114810,VIAJESY_TURISMO,,3,0,3,3,0,3,0,0,0,0,0
114811,SalamancaMovil,,3,0,3,3,0,3,0,0,0,0,4
114814,LeCnam,,2,0,2,2,0,2,0,0,0,0,4
114818,Turismo_Salaman,,2,0,2,2,0,2,0,0,0,0,4
114820,Salamancalia,,3,0,3,3,0,3,0,0,0,0,4
114821,salamancacomer,,3,0,3,3,0,3,0,0,0,0,4
114822,salamanca_news,,3,0,3,3,0,3,0,0,0,0,1
114823,MasSalamancaWeb,,3,0,3,3,0,3,0,0,0,0,4
114824,MSalCha,,3,0,3,3,0,3,0,0,0,0,4
114825,camsalamanca,,3,0,3,3,0,3,0,0,0,0,4
114826,MiPaseoxelMundo,,4,0,4,4,0,4,0,0,0,0,4
114827,magiaenelcamino,,2,0,2,2,0,2,0,0,0,0,0
114828,ViajerosV,,3,0,3,3,0,3,0,0,0,0,2
114829,blog_vivir,,3,0,3,3,0,3,0,0,0,0,4
114834,e_b_alternativo,,2,0,2,2,0,2,0,0,0,0,4
114838,ConasiCocina,,2,0,2,2,0,2,0,0,0,0,4
114843,EcoAgricultor,,3,0,3,3,0,3,0,0,0,0,0
114844,biocultura,,2,0,2,2,0,2,0,0,0,0,4
114847,DeViajeMundo,,3,0,3,3,0,3,0,0,0,0,0
114848,iauissa,,2,0,2,2,0,2,0,0,0,0,1
114849,IAUBasin,,2,0,2,2,0,2,0,0,0,0,8
114851,IAUintoffice,,2,0,2,2,0,2,0,0,0,0,4
114854,esenparis,,2,0,2,2,0,2,0,0,0,0,4
114856,puntoEss,,2,0,2,2,0,2,0,0,0,0,4
114858,Carlos_HernMad,,2,0,2,2,0,2,0,0,0,0,4
114859,MariajeGomez,,2,0,2,2,0,2,0,0,0,0,1
114860,etudiantdetours,,2,0,2,2,0,2,0,0,0,0,1
114861,RuanErasmus41,,2,0,2,2,0,2,0,0,0,0,7
114862,Erasmus,,3,0,3,3,0,3,0,0,0,0,4
114863,daveerasmus,,3,0,3,3,0,3,0,0,0,0,3
114864,Jexweber,,2,0,2,2,0,2,0,0,0,0,4
114865,JobsSalamanca,,3,0,3,3,0,3,0,0,0,0,4
114866,s24horas,,3,0,3,3,0,3,0,0,0,0,4
114867,BarrioOesteZOES,,3,0,3,3,0,3,0,0,0,0,4
114868,SAC_Usal,,3,0,3,3,0,3,0,0,0,0,4
114869,SERSalamanca,,3,0,3,3,0,3,0,0,0,0,4
114870,atrapalo,,3,0,3,3,0,3,0,0,0,0,2
114871,eDreams,,3,0,3,3,0,3,0,0,0,0,4
114872,SALmagazine_es,,2,0,2,2,0,2,0,0,0,0,4
114874,etheriamagazine,,3,0,3,3,0,3,0,0,0,0,4
114875,LonelyPlanetESP,,3,0,3,3,0,3,0,0,0,0,0
114876,salamanca_viva,,3,0,3,3,0,3,0,0,0,0,4
114878,EFE_CyL,,2,0,2,2,0,2,0,0,0,0,4
114880,turisalamanca,,3,0,3,3,0,3,0,0,0,0,4
114881,DGratisSalamanc,,3,0,3,3,0,3,0,0,0,0,4
114882,SalamancaVivela,,3,0,3,3,0,3,0,0,0,0,4
114885,MeravigliaBlog,,2,0,2,2,0,2,0,0,0,0,4
114886,GreeterExp,,2,0,2,2,0,2,0,0,0,0,4
114887,GuiasTravel,,3,0,3,3,0,3,0,0,0,0,7
114888,LibretaViajera,,4,0,4,4,0,4,0,0,0,0,0
114889,PiedraNazarena,,3,0,3,3,0,3,0,0,0,0,1
114890,Toothpick_Guide,,3,0,3,3,0,3,0,0,0,0,4
114891,Nosolodeviajes,,3,0,3,3,0,3,0,0,0,0,4
114895,Viajaporlibre,,3,0,3,3,0,3,0,0,0,0,4
114896,SArtvALDIA,,3,0,3,3,0,3,0,0,0,0,1
114897,charrolandia,,3,0,3,3,0,3,0,0,0,0,4
114898,jcyl,,3,0,3,3,0,3,0,0,0,0,4
114900,aytoSalamanca,,3,0,3,3,0,3,0,0,0,0,4
114901,cyltv,,3,0,3,3,0,3,0,0,0,0,4
114902,verquehacer,,3,0,3,3,0,3,0,0,0,0,4
114903,leeryviajar,,2,0,2,2,0,2,0,0,0,0,0
114904,viajerosblog,,3,0,3,3,0,3,0,0,0,0,7
114905,SienteCyL,,2,0,2,2,0,2,0,0,0,0,4
114906,TeresaJubileo,,2,0,2,2,0,2,0,0,0,0,1
114907,BlogTeresa,,2,0,2,2,0,2,0,0,0,0,1
114908,DestinoCyL,,3,0,3,3,0,3,0,0,0,0,4
114909,STJ500,,2,0,2,2,0,2,0,0,0,0,1
114910,etudiantsFR,,3,0,3,3,0,3,0,0,0,0,4
114913,espaceprepas,,2,0,2,2,0,2,0,0,0,0,1
114915,studyrama,,3,0,3,3,0,3,0,0,0,0,8
114916,blogdeviajes,,3,0,3,3,0,3,0,0,0,0,4
114918,turismomania_es,,3,0,3,3,0,3,0,0,0,0,4
114919,CourseinSpanish,,3,0,3,3,0,3,0,0,0,0,1
114920,CBSALAMANCA,,2,0,2,2,0,2,0,0,0,0,4
114922,Centrobritanic,,2,0,2,2,0,2,0,0,0,0,4
114925,_Javitos_,,3,0,3,3,0,3,0,0,0,0,4
114926,Salamancadotcom,,3,0,3,3,0,3,0,0,0,0,4
114927,turismsalamanca,,3,0,3,3,0,3,0,0,0,0,4
114928,soytxemaleon,,2,0,2,2,0,2,0,0,0,0,4
114930,ztukacom,,2,0,2,2,0,2,0,0,0,0,4
114932,elpaisaguilar,,3,0,3,3,0,3,0,0,0,0,0
114933,Turismap,,3,0,3,3,0,3,0,0,0,0,4
114934,CieraDebarge138,,2,0,2,2,0,2,0,0,0,0,6
114935,redrural_es,,2,0,2,2,0,2,0,0,0,0,4
114939,IRurales,,2,0,2,2,0,2,0,0,0,0,4
114940,voyainternet,,2,0,2,2,0,2,0,0,0,0,4
114941,VueloDirecto,,4,0,4,4,0,4,0,0,0,0,4
114942,MundoTuristico,,3,0,3,3,0,3,0,0,0,0,4
114943,Iberiarural,,3,0,3,3,0,3,0,0,0,0,4
114944,TuriMexico,,2,0,2,2,0,2,0,0,0,0,4
114945,cronicaviajera,,3,0,3,3,0,3,0,0,0,0,4
114946,SpioUsal,,3,0,3,3,0,3,0,0,0,0,4
114947,viajalo,,3,0,3,3,0,3,0,0,0,0,0
114948,rutasporelmundo,,2,0,2,2,0,2,0,0,0,0,4
114949,RinconesDelMund,,2,0,2,2,0,2,0,0,0,0,4
114950,rutadonquijote,,2,0,2,2,0,2,0,0,0,0,5
114951,Alcoholviajes,,2,0,2,2,0,2,0,0,0,0,4
114952,destinoespana,,2,0,2,2,0,2,0,0,0,0,4
114953,rspymes,,2,0,2,2,0,2,0,0,0,0,4
114955,mansiontwit,,3,0,3,3,0,3,0,0,0,0,6
114956,mi_maleta,,2,0,2,2,0,2,0,0,0,0,4
114959,passiontravels,,2,0,2,2,0,2,0,0,0,0,4
114960,viajesofertas,,4,0,4,4,0,4,0,0,0,0,0
114961,liligo_ES,,2,0,2,2,0,2,0,0,0,0,4
114965,quitavaca,,2,0,2,2,0,2,0,0,0,0,4
114968,NikoCastellano,,2,0,2,2,0,2,0,0,0,0,4
114970,planetaontour,,2,0,2,2,0,2,0,0,0,0,4
114971,spainCenter,,2,0,2,2,0,2,0,0,0,0,0
114972,ithotelero,,3,0,3,3,0,3,0,0,0,0,4
114974,disponible2017,,2,0,2,2,0,2,0,0,0,0,4
114975,clubrural,,3,0,3,3,0,3,0,0,0,0,1
114977,stefaniapezzopa,,3,0,3,3,0,3,0,0,0,0,3
114978,GiovanniLegnini,,2,0,2,2,0,2,0,0,0,0,3
114984,RosatoAlessio,,2,0,2,2,0,2,0,0,0,0,3
114985,celestinosimone,,3,0,3,3,0,3,0,0,0,0,3
114986,Roccoebbasta,,3,0,3,3,0,3,0,0,0,0,3
114988,potere_alpopolo,,3,0,3,3,0,3,0,0,0,0,3
114993,AndreaOrlandosp,,3,0,3,3,0,3,0,0,0,0,3
114999,Guidus,,2,0,2,2,0,2,0,0,0,0,3
115001,andreabarzagli2,,3,0,3,3,0,3,0,0,0,0,3
115002,FraBonomo,,3,0,3,3,0,3,0,0,0,0,3
115003,AlbertinoJanko,,2,0,2,2,0,2,0,0,0,0,3
115020,pozziss,,2,0,2,2,0,2,0,0,0,0,1
115038,DamianBulira,,2,0,2,2,0,2,0,0,0,0,1
115039,mskrabb,,2,0,2,2,0,2,0,0,0,0,1
115043,jedemenge,,2,0,2,2,0,2,0,0,0,0,1
115045,axilo14,,2,0,2,2,0,2,0,0,0,0,3
115047,MarkusGastinger,,2,0,2,2,0,2,0,0,0,0,3
115048,AlessandraLieto,,3,0,3,3,0,3,0,0,0,0,3
115051,sergiopipitone,,2,0,2,2,0,2,0,0,0,0,3
115060,Dadywee,,3,0,3,3,0,3,0,0,0,0,3
115061,pierre_frauman,,2,0,2,2,0,2,0,0,0,0,3
115065,LorenzoCampini,,3,0,3,3,0,3,0,0,0,0,1
115068,michelecucuzza,,2,0,2,2,0,2,0,0,0,0,3
115070,GiuseppeRossi22,,3,0,3,3,0,3,0,0,0,0,3
115072,Cuadrado,,3,0,3,3,0,3,0,0,0,0,3
115075,Sabatini,,2,0,2,2,0,2,0,0,0,0,3
115076,juventusfces,,2,0,2,2,0,2,0,0,0,0,3
115079,ProvinciaTeramo,,2,0,2,2,0,2,0,0,0,0,3
115081,Balzani_F,,2,0,2,2,0,2,0,0,0,0,3
115083,marcoscanu,,3,0,3,3,0,3,0,0,0,0,1
115085,Gol,,3,0,3,3,0,3,0,0,0,0,0
115086,gmarinoni1978,,3,0,3,3,0,3,0,0,0,0,3
115087,aurcer90,,3,0,3,3,0,3,0,0,0,0,3
115092,emmedibi,,2,0,2,2,0,2,0,0,0,0,3
115095,Stefano_SDF,,3,0,3,3,0,3,0,0,0,0,3
115096,TillaSansone,,2,0,2,2,0,2,0,0,0,0,3
115100,flaveler,,3,0,3,3,0,3,0,0,0,0,6
115101,renzofilippo,,3,0,3,3,0,3,0,0,0,0,3
115103,Eviliano84,,3,0,3,3,0,3,0,0,0,0,3
115104,riccardosamore,,3,0,3,3,0,3,0,0,0,0,1
115105,DanielPoldo,,3,0,3,3,0,3,0,0,0,0,3
115106,markuzzodeboss,,2,0,2,2,0,2,0,0,0,0,3
115107,DomeMurgi,,3,0,3,3,0,3,0,0,0,0,3
115108,ElenaMaiolino,,3,0,3,3,0,3,0,0,0,0,1
115111,padron_godo,,3,0,3,3,0,3,0,0,0,0,3
115112,luchicam,,2,0,2,2,0,2,0,0,0,0,2
115115,MartinaGarino,,2,0,2,2,0,2,0,0,0,0,3
115119,MauroIcardi,,2,0,2,2,0,2,0,0,0,0,3
115121,ilMartino_it,,2,0,2,2,0,2,0,0,0,0,3
115122,nihadap,,2,0,2,2,0,2,0,0,0,0,1
115123,AleleLobello,,3,0,3,3,0,3,0,0,0,0,3
115124,GuglieMigliori,,3,0,3,3,0,3,0,0,0,0,6
115125,BBassotti,,3,0,3,3,0,3,0,0,0,0,3
115127,laragambacorta,,2,0,2,2,0,2,0,0,0,0,3
115128,giannicuperlo,,3,0,3,3,0,3,0,0,0,0,3
115129,CiccioAiello,,3,0,3,3,0,3,0,0,0,0,3
115130,Il_Centro,,3,0,3,3,0,3,0,0,0,0,3
115133,DaniaSpinosi,,2,0,2,2,0,2,0,0,0,0,3
115134,giozorzoli,,3,0,3,3,0,3,0,0,0,0,3
115138,VeltroniWalter,,3,0,3,3,0,3,0,0,0,0,3
115144,BoKrkic,,2,0,2,2,0,2,0,0,0,0,3
115147,_Pedro17_,,3,0,3,3,0,3,0,0,0,0,0
115149,marrone39,,3,0,3,3,0,3,0,0,0,0,3
115150,annelaurebonnet,,2,0,2,2,0,2,0,0,0,0,3
115152,VincentKompany,,3,0,3,3,0,3,0,0,0,0,3
115153,pepigno7,,2,0,2,2,0,2,0,0,0,0,3
115154,Asabob20,,2,0,2,2,0,2,0,0,0,0,3
115155,MirkoVucinic,,3,0,3,3,0,3,0,0,0,0,3
115157,alenkaseredova,,2,0,2,2,0,2,0,0,0,0,2
115158,lorenzoinsigne,,2,0,2,2,0,2,0,0,0,0,3
115164,DalilaNesca,,3,0,3,3,0,3,0,0,0,0,3
115167,PdMilano,,2,0,2,2,0,2,0,0,0,0,3
115168,StefanoBoeri,,3,0,3,3,0,3,0,0,0,0,3
115170,fpizzul,,2,0,2,2,0,2,0,0,0,0,3
115173,rep_milano,,3,0,3,3,0,3,0,0,0,0,3
115175,a_padellaro,,2,0,2,2,0,2,0,0,0,0,3
115176,ocbexpress,,2,0,2,2,0,2,0,0,0,0,3
115177,uambrosoli,,4,0,4,4,0,4,0,0,0,0,3
115178,andreavianel,,2,0,2,2,0,2,0,0,0,0,3
115179,matteobordone,,3,0,3,3,0,3,0,0,0,0,3
115180,bmanfellotto,,2,0,2,2,0,2,0,0,0,0,3
115182,FrancescaTe,,2,0,2,2,0,2,0,0,0,0,3
115184,fabriziobarca,,3,0,3,3,0,3,0,0,0,0,3
115185,EvaWildRagazzac,,2,0,2,2,0,2,0,0,0,0,3
115189,giorgio_gori,,3,0,3,3,0,3,0,0,0,0,3
115190,MarcoSvenLR,,3,0,3,3,0,3,0,0,0,0,6
115191,EttoreLavorato,,4,0,4,4,0,4,0,0,0,0,3
115192,UniTeramo,,4,0,4,4,0,4,0,0,0,0,3
115194,GianmatteoFratt,,2,0,2,2,0,2,0,0,0,0,3
115203,PeppePisa,,3,0,3,3,0,3,0,0,0,0,3
115204,LaCittaTeramo,,2,0,2,2,0,2,0,0,0,0,3
115206,AleAntinelli,,2,0,2,2,0,2,0,0,0,0,3
115208,ilaria_damico,,3,0,3,3,0,3,0,0,0,0,3
115209,CiccioReggio,,3,0,3,3,0,3,0,0,0,0,3
115210,ilona_jazz,,3,0,3,3,0,3,0,0,0,0,3
115213,marcocuzzocrea,,3,0,3,3,0,3,0,0,0,0,3
115214,superMautrix,,2,0,2,2,0,2,0,0,0,0,3
115216,turrismo,,2,0,2,2,0,2,0,0,0,0,3
115218,cordobecita,,3,0,3,3,0,3,0,0,0,0,3
115231,olivercallan,,2,0,2,2,0,2,0,0,0,0,1
115239,HappeningsIRE,,2,0,2,2,0,2,0,0,0,0,1
115247,spanishsabores,,2,0,2,2,0,2,0,0,0,0,7
115248,SpainLinked,,2,0,2,2,0,2,0,0,0,0,0
115249,sunshinesiestas,,3,0,3,3,0,3,0,0,0,0,0
115251,suesharpe1,,2,0,2,2,0,2,0,0,0,0,1
115252,MoneySaverSpain,,2,0,2,2,0,2,0,0,0,0,0
115258,RuiCostaCyclist,,3,0,3,3,0,3,0,0,0,0,7
115259,BcomngSevillana,,2,0,2,2,0,2,0,0,0,0,0
115261,VisitDublin,,3,0,3,3,0,3,0,0,0,0,0
115262,DublinTown,,3,0,3,3,0,3,0,0,0,0,1
115268,mehdirhasan,,2,0,2,2,0,2,0,0,0,0,0
115269,NewStatesman,,2,0,2,2,0,2,0,0,0,0,0
115271,lucykellaway,,3,0,3,3,0,3,0,0,0,0,3
115293,danariely,,2,0,2,2,0,2,0,0,0,0,0
115297,DermotTodayFM,,2,0,2,2,0,2,0,0,0,0,1
115300,mediaguardian,,3,0,3,3,0,3,0,0,0,0,2
115310,innocent,,2,0,2,2,0,2,0,0,0,0,1
115313,SpainStartupHub,,2,0,2,2,0,2,0,0,0,0,4
115317,QueenKennDra,,2,0,2,2,0,2,0,0,0,0,2
115319,larabellomusica,,2,0,2,2,0,2,0,0,0,0,0
115320,granadakeys,,2,0,2,2,0,2,0,0,0,0,0
115321,kierstenrowland,,3,0,3,3,0,3,0,0,0,0,6
115322,HotCosta,,2,0,2,2,0,2,0,0,0,0,0
115323,natashanlp,,2,0,2,2,0,2,0,0,0,0,0
115325,richwricardo,,2,0,2,2,0,2,0,0,0,0,0
115327,expattelly,,2,0,2,2,0,2,0,0,0,0,0
115328,ElCirculoBar,,2,0,2,2,0,2,0,0,0,0,0
115329,casachocolate6,,2,0,2,2,0,2,0,0,0,0,0
115330,VidaGranada,,2,0,2,2,0,2,0,0,0,0,0
115332,tancredipalmeri,,3,0,3,3,0,3,0,0,0,0,2
115338,Marcotti,,2,0,2,2,0,2,0,0,0,0,2
115340,The_IPA,,3,0,3,3,0,3,0,0,0,0,2
115352,luciavalbuena3,,2,0,2,2,0,2,0,0,0,0,2
115357,tertuliandaluza,,2,0,2,2,0,2,0,0,0,0,0
115358,iresport,,2,0,2,2,0,2,0,0,0,0,2
115362,EsperanzaDDR,,2,0,2,2,0,2,0,0,0,0,0
115363,cerveceva,,3,0,3,3,0,3,0,0,0,0,0
115364,guardianopinion,,2,0,2,2,0,2,0,0,0,0,0
115365,irishpolyglot,,2,0,2,2,0,2,0,0,0,0,0
115367,TotesyAmigos,,2,0,2,2,0,2,0,0,0,0,6
115373,Expatica,,2,0,2,2,0,2,0,0,0,0,0
115374,LauraCuestaCano,,2,0,2,2,0,2,0,0,0,0,0
115377,TheBig_Sam,,2,0,2,2,0,2,0,0,0,0,2
115384,jscharrenberg,,2,0,2,2,0,2,0,0,0,0,7
115385,jeremys,,3,0,3,3,0,3,0,0,0,0,0
115388,felixlopez,,2,0,2,2,0,2,0,0,0,0,0
115389,juanpamarketer,,2,0,2,2,0,2,0,0,0,0,2
115393,IRISguide,,2,0,2,2,0,2,0,0,0,0,0
115394,MigginsPies,,2,0,2,2,0,2,0,0,0,0,4
115395,ilrnspanish,,2,0,2,2,0,2,0,0,0,0,0
115397,antoniomoreno__,,2,0,2,2,0,2,0,0,0,0,0
115399,SMSMalaga,,2,0,2,2,0,2,0,0,0,0,2
115400,GazpachoMonk,,2,0,2,2,0,2,0,0,0,0,0
115403,BlogExpat,,3,0,3,3,0,3,0,0,0,0,3
115405,typspan,,2,0,2,2,0,2,0,0,0,0,1
115406,ayay_Juli,,2,0,2,2,0,2,0,0,0,0,0
115410,jesusmaroto,,3,0,3,3,0,3,0,0,0,0,0
115412,elouisehartley,,2,0,2,2,0,2,0,0,0,0,6
115413,tikinaylor,,2,0,2,2,0,2,0,0,0,0,0
115419,Books4Spain,,2,0,2,2,0,2,0,0,0,0,0
115425,atasteofspain,,3,0,3,3,0,3,0,0,0,0,0
115426,grahunt,,2,0,2,2,0,2,0,0,0,0,0
115428,cyclingweekly,,3,0,3,3,0,3,0,0,0,0,0
115433,antonioarres,,3,0,3,3,0,3,0,0,0,0,6
115434,nicholasroche,,2,0,2,2,0,2,0,0,0,0,0
115438,Zofia_C,,2,0,2,2,0,2,0,0,0,0,0
115439,blogaboutspain,,2,0,2,2,0,2,0,0,0,0,0
115440,cortijoopazo,,2,0,2,2,0,2,0,0,0,0,0
115447,MyGuideMarbella,,2,0,2,2,0,2,0,0,0,0,0
115448,SpanishPolice,,2,0,2,2,0,2,0,0,0,0,0
115450,DWGranada,,2,0,2,2,0,2,0,0,0,0,0
115452,CostaDelSolLife,,2,0,2,2,0,2,0,0,0,0,0
115453,insidetravellab,,3,0,3,3,0,3,0,0,0,0,7
115456,justinaldridge,,2,0,2,2,0,2,0,0,0,0,0
115458,placementfindrs,,2,0,2,2,0,2,0,0,0,0,0
115459,myspain,,2,0,2,2,0,2,0,0,0,0,6
115460,nicchick,,2,0,2,2,0,2,0,0,0,0,1
115463,TelegraphExpat,,3,0,3,3,0,3,0,0,0,0,3
115466,easylifespain,,2,0,2,2,0,2,0,0,0,0,0
115468,Jemima_Khan,,2,0,2,2,0,2,0,0,0,0,2
115471,secondhandspain,,2,0,2,2,0,2,0,0,0,0,0
115475,hhkaos,,4,0,4,4,0,4,0,0,0,0,0
115476,manuelabat,,2,0,2,2,0,2,0,0,0,0,0
115477,Fco_Martinez,,3,0,3,3,0,3,0,0,0,0,0
115478,Mar,,2,0,2,2,0,2,0,0,0,0,6
115482,Monika_Es,,2,0,2,2,0,2,0,0,0,0,0
115483,luisrull,,4,0,4,4,0,4,0,0,0,0,0
115484,TuAndalucia10,,2,0,2,2,0,2,0,0,0,0,0
115485,XplorandGranada,,3,0,3,3,0,3,0,0,0,0,0
115486,ZagatTravel,,4,0,4,4,0,4,0,0,0,0,7
115487,fodorstravel,,3,0,3,3,0,3,0,0,0,0,7
115488,exectweets,,3,0,3,3,0,3,0,0,0,0,1
115489,Freakonomics,,2,0,2,2,0,2,0,0,0,0,2
115490,SpainSEA,,3,0,3,3,0,3,0,0,0,0,1
115491,SpanishShopper,,2,0,2,2,0,2,0,0,0,0,0
115492,andaluciaguide,,3,0,3,3,0,3,0,0,0,0,0
115493,palomafts,,3,0,3,3,0,3,0,0,0,0,2
115501,dmarchaIdeal,,2,0,2,2,0,2,0,0,0,0,0
115503,LaPaisajista,,2,0,2,2,0,2,0,0,0,0,0
115505,aminapallares,,3,0,3,3,0,3,0,0,0,0,0
115507,southernspain,,2,0,2,2,0,2,0,0,0,0,0
115510,mlmania,,2,0,2,2,0,2,0,0,0,0,0
115511,Victoriamdq,,4,0,4,4,0,4,0,0,0,0,0
115515,buyingcity,,2,0,2,2,0,2,0,0,0,0,0
115518,GoApril,,2,0,2,2,0,2,0,0,0,0,0
115519,ariannahuff,,3,0,3,3,0,3,0,0,0,0,3
115520,ThinkSpain,,2,0,2,2,0,2,0,0,0,0,0
115521,elpaisinenglish,,4,0,4,4,0,4,0,0,0,0,4
115523,tweetmarbella,,2,0,2,2,0,2,0,0,0,0,0
115524,Granada_metroo,,3,0,3,3,0,3,0,0,0,0,0
115526,GuardianBooks,,5,0,5,5,0,5,0,0,0,0,1
115527,closemarketing,,2,0,2,2,0,2,0,0,0,0,0
115528,AllAbroadSpain,,2,0,2,2,0,2,0,0,0,0,0
115529,JMG24Life,,2,0,2,2,0,2,0,0,0,0,0
115532,RondaSpain,,2,0,2,2,0,2,0,0,0,0,0
115535,BiciPubli,,3,0,3,3,0,3,0,0,0,0,0
115539,CookinginSpain,,2,0,2,2,0,2,0,0,0,0,0
115540,Seville_Writer,,2,0,2,2,0,2,0,0,0,0,0
115545,andaluciadirect,,4,0,4,4,0,4,0,0,0,0,0
115546,FamilyInSpain,,3,0,3,3,0,3,0,0,0,0,1
115550,TotallySpain,,3,0,3,3,0,3,0,0,0,0,0
115556,mkarmen,,3,0,3,3,0,3,0,0,0,0,0
115557,cntraveller,,4,0,4,4,0,4,0,0,0,0,1
115559,GreatestQuotes,,3,0,3,3,0,3,0,0,0,0,4
115568,thisisspain,,3,0,3,3,0,3,0,0,0,0,1
115569,gilestremlett,,2,0,2,2,0,2,0,0,0,0,0
115570,elcantordejazz,,2,0,2,2,0,2,0,0,0,0,0
115571,VivaLasTapas,,2,0,2,2,0,2,0,0,0,0,0
115573,WhyGoSpain,,2,0,2,2,0,2,0,0,0,0,6
115574,Granada_Golf,,3,0,3,3,0,3,0,0,0,0,0
115575,fredshively,,2,0,2,2,0,2,0,0,0,0,0
115576,Groupon_Granada,,3,0,3,3,0,3,0,0,0,0,0
115577,conor_pope,,2,0,2,2,0,2,0,0,0,0,1
115578,benzo8,,3,0,3,3,0,3,0,0,0,0,0
115579,lolacamisetas,,3,0,3,3,0,3,0,0,0,0,0
115580,granadaguy,,2,0,2,2,0,2,0,0,0,0,6
115582,Juandesalinas,,3,0,3,3,0,3,0,0,0,0,0
115584,Spain_Travel_,,2,0,2,2,0,2,0,0,0,0,7
115586,gospain,,2,0,2,2,0,2,0,0,0,0,0
115587,myrthelE,,2,0,2,2,0,2,0,0,0,0,2
115588,cbgranada,,2,0,2,2,0,2,0,0,0,0,0
115589,ProductoGranada,,3,0,3,3,0,3,0,0,0,0,0
115590,Rambutanhostel,,3,0,3,3,0,3,0,0,0,0,0
115591,granadadoaba,,4,0,4,4,0,4,0,0,0,0,0
115592,AlejaGranada,,2,0,2,2,0,2,0,0,0,0,0
115601,frugaltraveler,,3,0,3,3,0,3,0,0,0,0,7
115602,travelbargains,,2,0,2,2,0,2,0,0,0,0,2
115603,notfortourists,,3,0,3,3,0,3,0,0,0,0,7
115604,vagabondish,,3,0,3,3,0,3,0,0,0,0,1
115653,ClashRoyale,,2,0,2,2,0,2,0,0,0,0,7
115671,YoloAventuras,,2,0,2,2,0,2,0,0,0,0,7
115706,pegameunviaje,,2,0,2,2,0,2,0,0,0,0,7
115741,ChangeTR,,2,0,2,2,0,2,0,0,0,0,1
115757,Cs_Campello,,2,0,2,2,0,2,0,0,0,0,4
115758,CsAlbatera,,3,0,3,3,0,3,0,0,0,0,4
115759,Cs_Elda,,2,0,2,2,0,2,0,0,0,0,4
115760,Cs_Alboraya,,2,0,2,2,0,2,0,0,0,0,4
115761,CsTorrent,,2,0,2,2,0,2,0,0,0,0,4
115762,CsPaiporta,,2,0,2,2,0,2,0,0,0,0,4
115775,Victorpenalver,,2,0,2,2,0,2,0,0,0,0,4
115783,CiutadansCs,,3,0,3,3,0,3,0,0,0,0,4
115785,almudenanegro,,2,0,2,2,0,2,0,0,0,0,4
115786,EunicSpain,,2,0,2,2,0,2,0,0,0,0,4
115792,NancySavall,,2,0,2,2,0,2,0,0,0,0,4
115801,JoseMaPalomares,,2,0,2,2,0,2,0,0,0,0,4
115805,CarlosSantiagoC,,2,0,2,2,0,2,0,0,0,0,4
115806,TRS_Spain,,2,0,2,2,0,2,0,0,0,0,4
115808,Nacholcr,,2,0,2,2,0,2,0,0,0,0,4
115809,AlbertoGg_88,,2,0,2,2,0,2,0,0,0,0,4
115810,SOICARTAGENA,,2,0,2,2,0,2,0,0,0,0,4
115812,merimeijow,,2,0,2,2,0,2,0,0,0,0,4
115815,irim_renovetec,,2,0,2,2,0,2,0,0,0,0,4
115823,revista_maxim,,2,0,2,2,0,2,0,0,0,0,4
115824,EresInteligente,,3,0,3,3,0,3,0,0,0,0,4
115838,proempleoing,,2,0,2,2,0,2,0,0,0,0,4
115840,AUGEUPM,,2,0,2,2,0,2,0,0,0,0,4
115845,Emprende_UPCT,,4,0,4,4,0,4,0,0,0,0,4
115846,DEETSII_UPCT,,2,0,2,2,0,2,0,0,0,0,4
115847,casadestupct,,4,0,4,4,0,4,0,0,0,0,4
115848,COETICOR,,2,0,2,2,0,2,0,0,0,0,4
115849,Ingeniariak,,2,0,2,2,0,2,0,0,0,0,4
115850,Estructurando,,3,0,3,3,0,3,0,0,0,0,4
115851,MagoSeneka,,2,0,2,2,0,2,0,0,0,0,4
115852,JoseAMdeejay,,2,0,2,2,0,2,0,0,0,0,4
115853,Comunidance40,,3,0,3,3,0,3,0,0,0,0,2
115858,AlvaroNegredo9,,3,0,3,3,0,3,0,0,0,0,4
115859,DelegacionEICM,,3,0,3,3,0,3,0,0,0,0,4
115860,Fachasoletano,,2,0,2,2,0,2,0,0,0,0,4
115863,Ing_Civ,,2,0,2,2,0,2,0,0,0,0,4
115865,IngenieroResaca,,3,0,3,3,0,3,0,0,0,0,4
115873,OfertasUniVLC,,3,0,3,3,0,3,0,0,0,0,4
115876,SHOWTEK,,3,0,3,3,0,3,0,0,0,0,4
115879,KPBofficial,,3,0,3,3,0,3,0,0,0,0,3
115880,Robinho,,2,0,2,2,0,2,0,0,0,0,4
115882,ingenieroLector,,2,0,2,2,0,2,0,0,0,0,4
115883,NavarroAlmudena,,3,0,3,3,0,3,0,0,0,0,4
115904,amogandia,,4,0,4,4,0,4,0,0,0,0,2
115905,felixolivaresdj,,2,0,2,2,0,2,0,0,0,0,4
115909,thezombiekids,,3,0,3,3,0,3,0,0,0,0,4
115916,IngenierosFFUUU,,3,0,3,3,0,3,0,0,0,0,6
115921,PabloBat,,2,0,2,2,0,2,0,0,0,0,4
115922,a3formula1,,3,0,3,3,0,3,0,0,0,0,4
115932,LycamobileES,,2,0,2,2,0,2,0,0,0,0,1
115941,RomRadio,,2,0,2,2,0,2,0,0,0,0,4
115942,licor43_es,,2,0,2,2,0,2,0,0,0,0,4
115945,EspacioJovenCT,,2,0,2,2,0,2,0,0,0,0,4
115954,AMoyaBayo,,2,0,2,2,0,2,0,0,0,0,6
115960,empresaupct,,3,0,3,3,0,3,0,0,0,0,4
115961,DELFCCE,,2,0,2,2,0,2,0,0,0,0,4
115963,CYIS_org,,2,0,2,2,0,2,0,0,0,0,1
115964,eYouth2014,,3,0,3,3,0,3,0,0,0,0,1
115966,alviinaalametsa,,2,0,2,2,0,2,0,0,0,0,3
115968,GeorgeKCharonis,,3,0,3,3,0,3,0,0,0,0,1
115969,UNMGCY,,2,0,2,2,0,2,0,0,0,0,1
115975,laimis001,,4,0,4,4,0,4,0,0,0,0,1
115996,Leargas_Eli,,2,0,2,2,0,2,0,0,0,0,1
116012,europassIE,,2,0,2,2,0,2,0,0,0,0,1
116013,euroguidanceIE,,2,0,2,2,0,2,0,0,0,0,1
116029,BalticSeaYouth,,2,0,2,2,0,2,0,0,0,0,1
116043,AcademieNE,,2,0,2,2,0,2,0,0,0,0,8
116045,othmar_karas,,2,0,2,2,0,2,0,0,0,0,1
116047,mladiinfo,,4,0,4,4,0,4,0,0,0,0,1
116061,OChastel,,2,0,2,2,0,2,0,0,0,0,2
116064,katarinabarley,,2,0,2,2,0,2,0,0,0,0,1
116065,Kympouropoulos,,2,0,2,2,0,2,0,0,0,0,1
116067,woelken,,2,0,2,2,0,2,0,0,0,0,1
116100,metropolerennes,,2,0,2,2,0,2,0,0,0,0,1
116102,EUvsVirus,,2,0,2,2,0,2,0,0,0,0,1
116103,DutchMFA,,2,0,2,2,0,2,0,0,0,0,1
116104,forum_groningen,,2,0,2,2,0,2,0,0,0,0,2
116107,ProDemos,,2,0,2,2,0,2,0,0,0,0,1
116112,antonis_kourras,,2,0,2,2,0,2,0,0,0,0,1
116113,salima_yenbou,,2,0,2,2,0,2,0,0,0,0,1
116133,Kathimerini_gr,,3,0,3,3,0,3,0,0,0,0,2
116149,ColombeCS,,2,0,2,2,0,2,0,0,0,0,1
116150,Michael_Mos,,2,0,2,2,0,2,0,0,0,0,1
116155,GuyRyder,,2,0,2,2,0,2,0,0,0,0,1
116156,univ_lyon2,,3,0,3,3,0,3,0,0,0,0,1
116157,Jaccede,,4,0,4,4,0,4,0,0,0,0,1
116160,StrasEtudiants,,3,0,3,3,0,3,0,0,0,0,1
116165,asso_concordia,,2,0,2,2,0,2,0,0,0,0,1
116172,JJEduOcean,,2,0,2,2,0,2,0,0,0,0,1
116192,ofaj_dfjw,,3,0,3,3,0,3,0,0,0,0,1
116195,dennis_hgv,,3,0,3,3,0,3,0,0,0,0,1
116198,rglopezjuarez,,2,0,2,2,0,2,0,0,0,0,1
116200,paulinegessant,,3,0,3,3,0,3,0,0,0,0,1
116202,amiensforyouth,,2,0,2,2,0,2,0,0,0,0,1
116203,MarianiJS,,2,0,2,2,0,2,0,0,0,0,1
116218,iwill_campaign,,2,0,2,2,0,2,0,0,0,0,1
116220,VladaRH,,2,0,2,2,0,2,0,0,0,0,1
116222,Rafferrando,,2,0,2,2,0,2,0,0,0,0,1
116223,IPSForg,,2,0,2,2,0,2,0,0,0,0,1
116226,NCGEGuidance,,2,0,2,2,0,2,0,0,0,0,1
116228,VSI_Ireland,,2,0,2,2,0,2,0,0,0,0,0
116234,civis_eu,,2,0,2,2,0,2,0,0,0,0,1
116237,g_civico,,2,0,2,2,0,2,0,0,0,0,1
116240,TheGirlGen,,2,0,2,2,0,2,0,0,0,0,2
116245,loredanadicsi,,3,0,3,3,0,3,0,0,0,0,1
116266,TiaLoukkola,,2,0,2,2,0,2,0,0,0,0,1
116267,cijvaldoise,,2,0,2,2,0,2,0,0,0,0,4
116268,milosris,,2,0,2,2,0,2,0,0,0,0,1
116273,Territoire_Gouv,,2,0,2,2,0,2,0,0,0,0,8
116284,Solidarites_Int,,2,0,2,2,0,2,0,0,0,0,1
116286,galway2020,,2,0,2,2,0,2,0,0,0,0,1
116294,UEenMexico,,3,0,3,3,0,3,0,0,0,0,1
116302,pistesolidaires,,2,0,2,2,0,2,0,0,0,0,3
116308,mvi_ngo,,3,0,3,3,0,3,0,0,0,0,3
116311,darkomarko,,2,0,2,2,0,2,0,0,0,0,1
116312,MrGaryPaterson,,2,0,2,2,0,2,0,0,0,0,1
116315,eurodesksi,,3,0,3,3,0,3,0,0,0,0,1
116317,EurodeskPolska,,2,0,2,2,0,2,0,0,0,0,1
116324,moas_eu,,2,0,2,2,0,2,0,0,0,0,1
116327,raulde,,3,0,3,3,0,3,0,0,0,0,1
116328,AnnikaSaarikko,,2,0,2,2,0,2,0,0,0,0,1
116329,food_youth,,2,0,2,2,0,2,0,0,0,0,1
116341,Astiberri,,2,0,2,2,0,2,0,0,0,0,6
116343,SOLASFET,,2,0,2,2,0,2,0,0,0,0,1
116363,UoS_IntOpps,,3,0,3,3,0,3,0,0,0,0,7
116373,NatSkjaldgaard,,3,0,3,3,0,3,0,0,0,0,1
116376,IAESTE,,3,0,3,3,0,3,0,0,0,0,1
116382,EuropeansPod,,2,0,2,2,0,2,0,0,0,0,1
116386,QuentinAries,,2,0,2,2,0,2,0,0,0,0,1
116398,CantabriaCampus,,3,0,3,3,0,3,0,0,0,0,4
116403,AarhusUni,,3,0,3,3,0,3,0,0,0,0,1
116409,juniorsassos,,2,0,2,2,0,2,0,0,0,0,1
116411,Eurodesk_RAS,,2,0,2,2,0,2,0,0,0,0,1
116421,Fontana3Lorenzo,,2,0,2,2,0,2,0,0,0,0,3
116422,Youthnet_Hellas,,4,0,4,4,0,4,0,0,0,0,1
116423,makrystath,,3,0,3,3,0,3,0,0,0,0,1
116429,saltowebsite,,2,0,2,2,0,2,0,0,0,0,1
116430,SALTOinclusion,,3,0,3,3,0,3,0,0,0,0,1
116444,ruxapanda,,3,0,3,3,0,3,0,0,0,0,1
116447,BordersofAdv,,2,0,2,2,0,2,0,0,0,0,7
116448,TimetoChange,,2,0,2,2,0,2,0,0,0,0,4
116451,VickyFlipFlop,,2,0,2,2,0,2,0,0,0,0,7
116452,traveldaveuk,,2,0,2,2,0,2,0,0,0,0,1
116454,WanderlustChloe,,2,0,2,2,0,2,0,0,0,0,1
116456,ECFEuroVelo,,2,0,2,2,0,2,0,0,0,0,1
116457,NECSTouR,,3,0,3,3,0,3,0,0,0,0,7
116459,euroventure,,2,0,2,2,0,2,0,0,0,0,1
116463,free_equal,,2,0,2,2,0,2,0,0,0,0,2
116465,OnTheMoveOTM,,3,0,3,3,0,3,0,0,0,0,1
116490,YouRfuture_YF,,2,0,2,2,0,2,0,0,0,0,3
116492,ShibuCheruvelil,,2,0,2,2,0,2,0,0,0,0,1
116496,GraziaCannarsa,,2,0,2,2,0,2,0,0,0,0,1
116502,EUROYOPOL,,2,0,2,2,0,2,0,0,0,0,1
116505,FRSEdukacji,,3,0,3,3,0,3,0,0,0,0,1
116508,TheDigitalHub,,2,0,2,2,0,2,0,0,0,0,1
116513,msoleto,,2,0,2,2,0,2,0,0,0,0,4
116514,DebatingMH,,2,0,2,2,0,2,0,0,0,0,1
116516,FromWork2Work,,2,0,2,2,0,2,0,0,0,0,1
116517,DFOIW2W,,2,0,2,2,0,2,0,0,0,0,1
116523,Unis_Wales,,2,0,2,2,0,2,0,0,0,0,7
116525,Prospects,,2,0,2,2,0,2,0,0,0,0,1
116526,UKYA_live,,3,0,3,3,0,3,0,0,0,0,1
116528,YouthScotland,,2,0,2,2,0,2,0,0,0,0,1
116536,segoviajoven,,2,0,2,2,0,2,0,0,0,0,1
116546,CarolineGruyter,,2,0,2,2,0,2,0,0,0,0,1
116552,EuroopaKomisjon,,2,0,2,2,0,2,0,0,0,0,1
116562,arberiani,,2,0,2,2,0,2,0,0,0,0,1
116573,Journal_FR_ETR,,2,0,2,2,0,2,0,0,0,0,1
116581,AntwMgtSchool,,2,0,2,2,0,2,0,0,0,0,1
116584,AAzoulay,,3,0,3,3,0,3,0,0,0,0,1
116588,orgneolaias,,2,0,2,2,0,2,0,0,0,0,1
116589,UCYOfficial,,2,0,2,2,0,2,0,0,0,0,1
116593,MalinSimu,,2,0,2,2,0,2,0,0,0,0,1
116594,Virgiov,,2,0,2,2,0,2,0,0,0,0,1
116604,kulturweit,,2,0,2,2,0,2,0,0,0,0,1
116611,BeingExample,,2,0,2,2,0,2,0,0,0,0,1
116620,esyngr,,3,0,3,3,0,3,0,0,0,0,1
116621,IYNForg,,2,0,2,2,0,2,0,0,0,0,1
116622,wagggsworld,,2,0,2,2,0,2,0,0,0,0,1
116625,NMSmkd,,2,0,2,2,0,2,0,0,0,0,1
116627,mmh_cyn,,2,0,2,2,0,2,0,0,0,0,1
116632,MIJARC_Europe,,2,0,2,2,0,2,0,0,0,0,1
116634,JEUNEorg,,2,0,2,2,0,2,0,0,0,0,1
116637,opens2019,,2,0,2,2,0,2,0,0,0,0,1
116646,DHorizons,,3,0,3,3,0,3,0,0,0,0,1
116652,Lambsdorff,,3,0,3,3,0,3,0,0,0,0,1
116658,BakerLuke,,2,0,2,2,0,2,0,0,0,0,1
116660,EuropeOnTrack,,3,0,3,3,0,3,0,0,0,0,1
116663,vanderbellen,,2,0,2,2,0,2,0,0,0,0,1
116664,AntjeRothemund,,4,0,4,4,0,4,0,0,0,0,1
116668,MagdiBirtha,,3,0,3,3,0,3,0,0,0,0,1
116670,istvan_ujhelyi,,2,0,2,2,0,2,0,0,0,0,1
116679,UNIC_ENG,,3,0,3,3,0,3,0,0,0,0,1
116680,LeclercqEU,,2,0,2,2,0,2,0,0,0,0,1
116683,EUaccesstourism,,3,0,3,3,0,3,0,0,0,0,1
116686,EurodeskCroatia,,2,0,2,2,0,2,0,0,0,0,1
116692,HollyFarrell3,,2,0,2,2,0,2,0,0,0,0,1
116695,goetheinstitut,,3,0,3,3,0,3,0,0,0,0,1
116699,Lilly,,2,0,2,2,0,2,0,0,0,0,2
116713,SMuresan,,2,0,2,2,0,2,0,0,0,0,1
116720,Dyr_Erasmus,,2,0,2,2,0,2,0,0,0,0,1
116721,HelgaTruepel,,3,0,3,3,0,3,0,0,0,0,1
116738,dplmCY,,2,0,2,2,0,2,0,0,0,0,1
116740,GiusDeMarco,,2,0,2,2,0,2,0,0,0,0,1
116742,WindseekerAtSea,,2,0,2,2,0,2,0,0,0,0,1
116743,NoraFurlong,,2,0,2,2,0,2,0,0,0,0,1
116745,francediplo_de,,2,0,2,2,0,2,0,0,0,0,1
116747,uk_naric,,2,0,2,2,0,2,0,0,0,0,1
116752,kamiloulis,,3,0,3,3,0,3,0,0,0,0,1
116761,eucorps_UK,,3,0,3,3,0,3,0,0,0,0,1
116765,ErasmusPlusGR,,2,0,2,2,0,2,0,0,0,0,1
116771,KerstiKaljulaid,,3,0,3,3,0,3,0,0,0,0,1
116772,ArchimedesEE,,2,0,2,2,0,2,0,0,0,0,1
116773,UFM_MIN,,2,0,2,2,0,2,0,0,0,0,1
116774,dzs_cz,,2,0,2,2,0,2,0,0,0,0,1
116775,JINTvzw,,2,0,2,2,0,2,0,0,0,0,1
116776,Le_BIJ,,2,0,2,2,0,2,0,0,0,0,2
116777,AncaCovaliu,,2,0,2,2,0,2,0,0,0,0,1
116783,unilj,,2,0,2,2,0,2,0,0,0,0,4
116791,VirginTrains,,2,0,2,2,0,2,0,0,0,0,2
116792,DannyRajaUK,,2,0,2,2,0,2,0,0,0,0,1
116816,medlinska,,3,0,3,3,0,3,0,0,0,0,1
116818,jayathmadw,,2,0,2,2,0,2,0,0,0,0,1
116819,msojdrova,,2,0,2,2,0,2,0,0,0,0,1
116832,campus_magazin,,2,0,2,2,0,2,0,0,0,0,1
116843,leoniemartin90,,4,0,4,4,0,4,0,0,0,0,1
116847,potard_marguot,,2,0,2,2,0,2,0,0,0,0,1
116859,LivaVikmane,,3,0,3,3,0,3,0,0,0,0,1
116871,davidneuber,,2,0,2,2,0,2,0,0,0,0,1
116872,ICCities,,2,0,2,2,0,2,0,0,0,0,1
116873,EuropeWatchdog,,3,0,3,3,0,3,0,0,0,0,1
116886,Pietervschie,,2,0,2,2,0,2,0,0,0,0,1
116887,GazteARTEan,,2,0,2,2,0,2,0,0,0,0,4
116888,drifupv,,2,0,2,2,0,2,0,0,0,0,1
116891,AlexWitzleben,,2,0,2,2,0,2,0,0,0,0,1
116893,PatricijaSulin,,2,0,2,2,0,2,0,0,0,0,1
116901,ClimatAlliance,,2,0,2,2,0,2,0,0,0,0,1
116903,worldscouting,,2,0,2,2,0,2,0,0,0,0,0
116904,Eurail,,3,0,3,3,0,3,0,0,0,0,7
116905,McGuinnessEU,,3,0,3,3,0,3,0,0,0,0,1
116927,raising_peace,,3,0,3,3,0,3,0,0,0,0,1
116928,NikitaSanaullah,,2,0,2,2,0,2,0,0,0,0,1
116929,RekaSalamon,,2,0,2,2,0,2,0,0,0,0,1
116930,Aflatoun,,2,0,2,2,0,2,0,0,0,0,1
116931,zeamac,,3,0,3,3,0,3,0,0,0,0,1
116948,RitaJonusaite,,2,0,2,2,0,2,0,0,0,0,1
116950,AminaJMohammed,,2,0,2,2,0,2,0,0,0,0,1
116952,mllemarionamtl,,2,0,2,2,0,2,0,0,0,0,1
116953,BoykoBorissov,,2,0,2,2,0,2,0,0,0,0,1
116955,UnaClarke,,2,0,2,2,0,2,0,0,0,0,1
116959,seyiakiwowo,,3,0,3,3,0,3,0,0,0,0,1
116960,Liam_Beattie,,3,0,3,3,0,3,0,0,0,0,1
116984,Louisemac,,2,0,2,2,0,2,0,0,0,0,1
116987,RL_Valcarcel,,3,0,3,3,0,3,0,0,0,0,0
116988,Leila_Ghandi,,2,0,2,2,0,2,0,0,0,0,1
116992,VoltEuropa,,3,0,3,3,0,3,0,0,0,0,1
116998,MaRegionSud,,3,0,3,3,0,3,0,0,0,0,1
117003,ClaireVersini,,2,0,2,2,0,2,0,0,0,0,8
117009,vverrydt,,2,0,2,2,0,2,0,0,0,0,1
117013,tgrregioneuropa,,3,0,3,3,0,3,0,0,0,0,3
117014,MGermovsek,,4,0,4,4,0,4,0,0,0,0,1
117021,IcomOfficiel,,2,0,2,2,0,2,0,0,0,0,1
117023,AnnaMVolpe,,2,0,2,2,0,2,0,0,0,0,1
117024,hepidi,,2,0,2,2,0,2,0,0,0,0,1
117027,VHoffmannEU,,3,0,3,3,0,3,0,0,0,0,1
117033,scouts,,2,0,2,2,0,2,0,0,0,0,2
117034,CSVnet,,2,0,2,2,0,2,0,0,0,0,3
117041,timmermansniels,,2,0,2,2,0,2,0,0,0,0,1
117044,AntoValmorbida,,3,0,3,3,0,3,0,0,0,0,1
117047,FDVLjubljana,,2,0,2,2,0,2,0,0,0,0,1
117049,StudentSurveyIE,,2,0,2,2,0,2,0,0,0,0,1
117054,agitpops,,3,0,3,3,0,3,0,0,0,0,1
117058,redicnet,,2,0,2,2,0,2,0,0,0,0,4
117059,Arcistrauss,,2,0,2,2,0,2,0,0,0,0,1
117060,IDANETWO,,3,0,3,3,0,3,0,0,0,0,1
117063,gerardofortuna,,2,0,2,2,0,2,0,0,0,0,3
117069,vladaRS,,3,0,3,3,0,3,0,0,0,0,1
117070,PISM_Poland,,3,0,3,3,0,3,0,0,0,0,3
117073,VisegradFund,,2,0,2,2,0,2,0,0,0,0,1
117076,itstimwhite,,2,0,2,2,0,2,0,0,0,0,1
117083,VolunteeringCEV,,3,0,3,3,0,3,0,0,0,0,1
117084,youngeuromove,,3,0,3,3,0,3,0,0,0,0,1
117086,Pluralplus,,2,0,2,2,0,2,0,0,0,0,1
117087,UNAOC,,2,0,2,2,0,2,0,0,0,0,1
117095,emanuelmaringer,,3,0,3,3,0,3,0,0,0,0,1
117096,olniz,,2,0,2,2,0,2,0,0,0,0,2
117110,RYCOwb,,2,0,2,2,0,2,0,0,0,0,1
117113,AliceGreschkow,,3,0,3,3,0,3,0,0,0,0,2
117116,PavelEmilian,,2,0,2,2,0,2,0,0,0,0,1
117117,researchyouth,,3,0,3,3,0,3,0,0,0,0,1
117120,GianlucaSgueo,,2,0,2,2,0,2,0,0,0,0,1
117121,fia,,3,0,3,3,0,3,0,0,0,0,0
117136,nadiacomaneci10,,2,0,2,2,0,2,0,0,0,0,2
117141,srdeleiras,,2,0,2,2,0,2,0,0,0,0,6
117159,eop_aegee,,2,0,2,2,0,2,0,0,0,0,1
117161,JanRaymaekers,,2,0,2,2,0,2,0,0,0,0,1
117162,YouthWorker,,2,0,2,2,0,2,0,0,0,0,1
117164,bojandejanic,,4,0,4,4,0,4,0,0,0,0,1
117166,TDM2000Int,,2,0,2,2,0,2,0,0,0,0,1
117168,marianna_gee,,3,0,3,3,0,3,0,0,0,0,1
117169,kristenaigro,,4,0,4,4,0,4,0,0,0,0,1
117170,Steph_Beecroft,,3,0,3,3,0,3,0,0,0,0,1
117182,Thess2014,,3,0,3,3,0,3,0,0,0,0,1
117185,_EuropeanValues,,2,0,2,2,0,2,0,0,0,0,1
117197,stefadamantidis,,2,0,2,2,0,2,0,0,0,0,1
117198,quinocololo,,2,0,2,2,0,2,0,0,0,0,0
117204,ivanrodig,,2,0,2,2,0,2,0,0,0,0,0
117207,ChildPressORG,,2,0,2,2,0,2,0,0,0,0,1
117209,mariapalladino,,2,0,2,2,0,2,0,0,0,0,1
117210,HEInnovate,,2,0,2,2,0,2,0,0,0,0,1
117215,YoungMindsUK,,2,0,2,2,0,2,0,0,0,0,1
117216,ChildrensComm,,3,0,3,3,0,3,0,0,0,0,1
117222,DuffyValerie,,4,0,4,4,0,4,0,0,0,0,1
117226,PierrePayanFr,,2,0,2,2,0,2,0,0,0,0,1
117231,UniPassau,,3,0,3,3,0,3,0,0,0,0,1
117234,c_manci,,2,0,2,2,0,2,0,0,0,0,3
117261,EuropeAccess,,2,0,2,2,0,2,0,0,0,0,1
117271,UNAExchange,,2,0,2,2,0,2,0,0,0,0,1
117275,Helena_Council,,2,0,2,2,0,2,0,0,0,0,1
117282,fabian_web,,3,0,3,3,0,3,0,0,0,0,1
117288,HumanityStrong,,2,0,2,2,0,2,0,0,0,0,1
117290,Charlotte_Cymru,,2,0,2,2,0,2,0,0,0,0,1
117292,CWVYS,,2,0,2,2,0,2,0,0,0,0,1
117299,janvanhee1,,3,0,3,3,0,3,0,0,0,0,1
117306,RobRe62,,2,0,2,2,0,2,0,0,0,0,3
117310,larsloekke,,2,0,2,2,0,2,0,0,0,0,1
117312,CyMOECpress,,2,0,2,2,0,2,0,0,0,0,1
117314,girlvsglobe,,2,0,2,2,0,2,0,0,0,0,7
117315,EuroAltea,,2,0,2,2,0,2,0,0,0,0,1
117322,WWF_YOUng,,2,0,2,2,0,2,0,0,0,0,1
117339,aor_4,,2,0,2,2,0,2,0,0,0,0,1
117340,wbogensberger,,2,0,2,2,0,2,0,0,0,0,1
117344,BalkanInsight,,2,0,2,2,0,2,0,0,0,0,1
117349,LMusetan,,2,0,2,2,0,2,0,0,0,0,1
117364,RobertaMetsola,,3,0,3,3,0,3,0,0,0,0,1
117366,ElliKoestinger,,2,0,2,2,0,2,0,0,0,0,1
117379,Imanyofficiel,,2,0,2,2,0,2,0,0,0,0,2
117392,thaendel,,2,0,2,2,0,2,0,0,0,0,1
117393,niamhnichuilinn,,2,0,2,2,0,2,0,0,0,0,1
117397,Forum_Mladih,,2,0,2,2,0,2,0,0,0,0,1
117398,NouraBerrouba,,2,0,2,2,0,2,0,0,0,0,1
117399,SpecOlympicsEU,,2,0,2,2,0,2,0,0,0,0,3
117401,Vicitis,,2,0,2,2,0,2,0,0,0,0,1
117404,Chiara_Bellani,,2,0,2,2,0,2,0,0,0,0,1
117409,CeciPassaniti,,2,0,2,2,0,2,0,0,0,0,3
117416,laramastrogiova,,2,0,2,2,0,2,0,0,0,0,1
117422,infogiovaniroma,,3,0,3,3,0,3,0,0,0,0,3
117423,E_IR,,3,0,3,3,0,3,0,0,0,0,1
117424,EMSA_LISBON,,2,0,2,2,0,2,0,0,0,0,7
117425,volunteerworld,,2,0,2,2,0,2,0,0,0,0,1
117426,youthfulcities,,2,0,2,2,0,2,0,0,0,0,1
117430,YouthService,,4,0,4,4,0,4,0,0,0,0,1
117433,TeacherPrize,,2,0,2,2,0,2,0,0,0,0,2
117439,ReichertsM,,2,0,2,2,0,2,0,0,0,0,1
117440,marco_snoek,,2,0,2,2,0,2,0,0,0,0,1
117443,simonapronckute,,4,0,4,4,0,4,0,0,0,0,1
117446,YouthAssembly,,4,0,4,4,0,4,0,0,0,0,1
117452,antsilvamendes3,,2,0,2,2,0,2,0,0,0,0,1
117456,EYWC2015,,3,0,3,3,0,3,0,0,0,0,1
117458,inadanova,,2,0,2,2,0,2,0,0,0,0,1
117460,lilite5,,2,0,2,2,0,2,0,0,0,0,1
117462,borgton,,3,0,3,3,0,3,0,0,0,0,1
117463,Pabriks,,2,0,2,2,0,2,0,0,0,0,1
117464,jcmarcourt,,2,0,2,2,0,2,0,0,0,0,2
117466,PrashantSsinghs,,2,0,2,2,0,2,0,0,0,0,1
117467,eubih,,2,0,2,2,0,2,0,0,0,0,1
117471,AhmadAlhendawi,,3,0,3,3,0,3,0,0,0,0,1
117472,EYMD,,3,0,3,3,0,3,0,0,0,0,1
117473,TheMixUK,,3,0,3,3,0,3,0,0,0,0,2
117474,ChooseYouth,,2,0,2,2,0,2,0,0,0,0,1
117475,theirnews,,3,0,3,3,0,3,0,0,0,0,1
117476,AFSAI,,3,0,3,3,0,3,0,0,0,0,3
117477,Hannes_Swoboda,,2,0,2,2,0,2,0,0,0,0,1
117478,Aspire_int,,3,0,3,3,0,3,0,0,0,0,1
117479,eurogen_y,,3,0,3,3,0,3,0,0,0,0,1
117481,IOST13,,2,0,2,2,0,2,0,0,0,0,1
117482,Mediaraven,,2,0,2,2,0,2,0,0,0,0,1
117483,NetworkSIRIUS,,3,0,3,3,0,3,0,0,0,0,7
117484,juventud_mora,,2,0,2,2,0,2,0,0,0,0,1
117486,OURSPACE_EU,,2,0,2,2,0,2,0,0,0,0,2
117487,eidp,,3,0,3,3,0,3,0,0,0,0,1
117488,YouthMediaA,,3,0,3,3,0,3,0,0,0,0,1
117489,pack_doris,,3,0,3,3,0,3,0,0,0,0,1
117490,FitzgeraldFrncs,,2,0,2,2,0,2,0,0,0,0,1
117492,youthweek_it,,2,0,2,2,0,2,0,0,0,0,1
117494,LoGill,,2,0,2,2,0,2,0,0,0,0,1
117495,natyouthagency,,3,0,3,3,0,3,0,0,0,0,1
117497,redesURJC,,2,0,2,2,0,2,0,0,0,0,1
117499,GGNeasGenias,,3,0,3,3,0,3,0,0,0,0,1
117500,EurodeskOL,,3,0,3,3,0,3,0,0,0,0,1
117504,letzi83,,3,0,3,3,0,3,0,0,0,0,3
117506,euxtra,,3,0,3,3,0,3,0,0,0,0,1
117507,NeelieKroesEU,,3,0,3,3,0,3,0,0,0,0,1
117508,marie_strati,,2,0,2,2,0,2,0,0,0,0,1
117509,aidesarrollo,,2,0,2,2,0,2,0,0,0,0,4
117513,Valiente_Ana,,2,0,2,2,0,2,0,0,0,0,1
117515,Centro14,,2,0,2,2,0,2,0,0,0,0,1
117518,eurodesksk,,2,0,2,2,0,2,0,0,0,0,1
117519,eurodeskmt,,3,0,3,3,0,3,0,0,0,0,1
117521,EUFstyrkir,,3,0,3,3,0,3,0,0,0,0,1
117522,IJABev,,3,0,3,3,0,3,0,0,0,0,1
117523,EurodeskCyprus,,4,0,4,4,0,4,0,0,0,0,1
117526,Yazmiraytu,,2,0,2,2,0,2,0,0,0,0,0
117527,centrolorca,,2,0,2,2,0,2,0,0,0,0,0
117536,ECCultura,,2,0,2,2,0,2,0,0,0,0,0
117537,eldiarioCultura,,2,0,2,2,0,2,0,0,0,0,0
117538,elmundocultura,,2,0,2,2,0,2,0,0,0,0,0
117539,reformacultura,,2,0,2,2,0,2,0,0,0,0,0
117540,EXITEXPRESS,,2,0,2,2,0,2,0,0,0,0,0
117541,culturaenserie,,2,0,2,2,0,2,0,0,0,0,0
117542,fueradeserie,,3,0,3,3,0,3,0,0,0,0,0
117543,AlbertConCorona,,3,0,3,3,0,3,0,0,0,0,0
117551,lauraprib,,2,0,2,2,0,2,0,0,0,0,0
117556,ArturoLealRuiz,,2,0,2,2,0,2,0,0,0,0,0
117559,UtoposGranada,,2,0,2,2,0,2,0,0,0,0,0
117560,asoKiseki,,2,0,2,2,0,2,0,0,0,0,0
117562,elegeren,,3,0,3,3,0,3,0,0,0,0,0
117563,mjgarzon1,,2,0,2,2,0,2,0,0,0,0,0
117565,GD_musical,,3,0,3,3,0,3,0,0,0,0,0
117569,Suescudero,,2,0,2,2,0,2,0,0,0,0,5
117570,gkonecta,,2,0,2,2,0,2,0,0,0,0,5
117581,Languages_UEA,,3,0,3,3,0,3,0,0,0,0,1
117587,aldeireaj,,2,0,2,2,0,2,0,0,0,0,5
117588,IberlabE,,2,0,2,2,0,2,0,0,0,0,5
117613,AulaDelMarUGR,,2,0,2,2,0,2,0,0,0,0,5
117616,NMachayesttr,,2,0,2,2,0,2,0,0,0,0,1
117618,Marine_Uldry,,2,0,2,2,0,2,0,0,0,0,1
117622,AoifePrice,,2,0,2,2,0,2,0,0,0,0,1
117625,RebeccaPorter_,,2,0,2,2,0,2,0,0,0,0,1
117640,armhak2003,,2,0,2,2,0,2,0,0,0,0,1
117650,lilijenbladh,,2,0,2,2,0,2,0,0,0,0,1
117654,Y_mentalhealth,,2,0,2,2,0,2,0,0,0,0,1
117655,ElenaRatoi,,2,0,2,2,0,2,0,0,0,0,1
117656,QUB_DRN,,2,0,2,2,0,2,0,0,0,0,1
117657,g_jacquinot,,2,0,2,2,0,2,0,0,0,0,1
117658,NCILAdvocacy,,2,0,2,2,0,2,0,0,0,0,1
117659,nymph__,,2,0,2,2,0,2,0,0,0,0,1
117660,sulkhancharge,,3,0,3,3,0,3,0,0,0,0,1
117663,judithheumann,,2,0,2,2,0,2,0,0,0,0,1
117664,keri_gray,,2,0,2,2,0,2,0,0,0,0,1
117665,gvhove,,2,0,2,2,0,2,0,0,0,0,1
117667,rodas89,,2,0,2,2,0,2,0,0,0,0,1
117672,lukamedia,,2,0,2,2,0,2,0,0,0,0,1
117673,AFNCCF,,2,0,2,2,0,2,0,0,0,0,1
117674,lastlemon01,,2,0,2,2,0,2,0,0,0,0,1
117675,MrJW18,,3,0,3,3,0,3,0,0,0,0,2
117676,GlobalHE,,3,0,3,3,0,3,0,0,0,0,1
117677,ramy81,,2,0,2,2,0,2,0,0,0,0,1
117680,WYSETC,,3,0,3,3,0,3,0,0,0,0,7
117682,CHEPS_UT,,2,0,2,2,0,2,0,0,0,0,1
117684,CatchTheseWords,,2,0,2,2,0,2,0,0,0,0,1
117685,CarineMarzin,,2,0,2,2,0,2,0,0,0,0,1
117686,USI_Equality,,3,0,3,3,0,3,0,0,0,0,1
117689,Harmonica26,,3,0,3,3,0,3,0,0,0,0,1
117690,hoeyannie,,3,0,3,3,0,3,0,0,0,0,1
117691,IADTSU,,2,0,2,2,0,2,0,0,0,0,1
117692,WITSU_,,2,0,2,2,0,2,0,0,0,0,1
117693,KatieNovakUDL,,2,0,2,2,0,2,0,0,0,0,1
117694,LJMU,,3,0,3,3,0,3,0,0,0,0,1
117695,LiverpoolHopeUK,,3,0,3,3,0,3,0,0,0,0,1
117696,NoHateIreland,,2,0,2,2,0,2,0,0,0,0,1
117698,GRTcaptioning,,2,0,2,2,0,2,0,0,0,0,1
117702,UoLStudents,,2,0,2,2,0,2,0,0,0,0,1
117703,LeedsUniUnion,,3,0,3,3,0,3,0,0,0,0,1
117704,CDSLeeds,,2,0,2,2,0,2,0,0,0,0,1
117706,JillianvT,,2,0,2,2,0,2,0,0,0,0,1
117707,LeahFBurch,,2,0,2,2,0,2,0,0,0,0,1
117708,emmadragon,,2,0,2,2,0,2,0,0,0,0,1
117710,GLOBI_inclusion,,2,0,2,2,0,2,0,0,0,0,1
117712,ChibirdArt,,2,0,2,2,0,2,0,0,0,0,1
117718,rivberman,,2,0,2,2,0,2,0,0,0,0,1
117719,LockwoodEM,,2,0,2,2,0,2,0,0,0,0,1
117722,JJacobieSTTR,,2,0,2,2,0,2,0,0,0,0,1
117726,ILOPubs,,2,0,2,2,0,2,0,0,0,0,1
117727,MARIHE_Mundus,,2,0,2,2,0,2,0,0,0,0,1
117728,NaixelXO,,2,0,2,2,0,2,0,0,0,0,1
117729,Ita_to,,2,0,2,2,0,2,0,0,0,0,1
117734,nerdwillis,,2,0,2,2,0,2,0,0,0,0,1
117736,gomesrui,,2,0,2,2,0,2,0,0,0,0,1
117742,Dries,,2,0,2,2,0,2,0,0,0,0,1
117744,Tamassors,,2,0,2,2,0,2,0,0,0,0,1
117748,ACCLiverpool,,2,0,2,2,0,2,0,0,0,0,0
117749,AngharadBeckett,,2,0,2,2,0,2,0,0,0,0,1
117751,TheScholarSheep,,2,0,2,2,0,2,0,0,0,0,1
117755,PACE_Equality,,2,0,2,2,0,2,0,0,0,0,1
117756,valiesje,,2,0,2,2,0,2,0,0,0,0,1
117757,SpyndiOfficial,,2,0,2,2,0,2,0,0,0,0,1
117760,UniversityWeb,,2,0,2,2,0,2,0,0,0,0,1
117764,GoOverseas,,3,0,3,3,0,3,0,0,0,0,1
117765,EUROCLIO,,2,0,2,2,0,2,0,0,0,0,1
117769,MediadorAnd,,2,0,2,2,0,2,0,0,0,0,1
117770,funkratt_se,,2,0,2,2,0,2,0,0,0,0,1
117772,H_Bettsworth,,2,0,2,2,0,2,0,0,0,0,3
117774,UlrikeLunacek,,3,0,3,3,0,3,0,0,0,0,1
117776,ForumEA,,3,0,3,3,0,3,0,0,0,0,1
117778,Queerulantin,,2,0,2,2,0,2,0,0,0,0,1
117781,Disability_LT,,2,0,2,2,0,2,0,0,0,0,1
117782,AlexisKashar,,2,0,2,2,0,2,0,0,0,0,1
117783,WeAreInvictus,,2,0,2,2,0,2,0,0,0,0,1
117784,InvictusOrlando,,2,0,2,2,0,2,0,0,0,0,1
117786,think_inclusive,,2,0,2,2,0,2,0,0,0,0,1
117787,MariaLillieroth,,2,0,2,2,0,2,0,0,0,0,1
117788,EFOESZ,,2,0,2,2,0,2,0,0,0,0,1
117789,EnableMagazine,,2,0,2,2,0,2,0,0,0,0,1
117790,DisabledWorld,,2,0,2,2,0,2,0,0,0,0,1
117791,ablemag,,2,0,2,2,0,2,0,0,0,0,1
117792,bbcouch,,2,0,2,2,0,2,0,0,0,0,1
117793,DisRightsUK,,2,0,2,2,0,2,0,0,0,0,1
117794,alexmoledo,,2,0,2,2,0,2,0,0,0,0,1
117795,mabacher,,2,0,2,2,0,2,0,0,0,0,1
117797,naomi_jacobs,,2,0,2,2,0,2,0,0,0,0,1
117801,CIDIaccess,,2,0,2,2,0,2,0,0,0,0,1
117802,DenisMukwege,,2,0,2,2,0,2,0,0,0,0,1
117803,EmilyRYates,,2,0,2,2,0,2,0,0,0,0,1
117804,UNDESASocial,,2,0,2,2,0,2,0,0,0,0,1
117805,TAGIUNI,,2,0,2,2,0,2,0,0,0,0,7
117816,Health4Youth,,3,0,3,3,0,3,0,0,0,0,1
117817,youthagora,,3,0,3,3,0,3,0,0,0,0,1
117818,IYCupdates,,2,0,2,2,0,2,0,0,0,0,1
117819,WCY_2014,,3,0,3,3,0,3,0,0,0,0,2
117820,ncwdyouth_iel,,2,0,2,2,0,2,0,0,0,0,1
117821,YouthSecBlog,,3,0,3,3,0,3,0,0,0,0,2
117823,UNFPAyouth,,2,0,2,2,0,2,0,0,0,0,1
117828,MStromsvag,,3,0,3,3,0,3,0,0,0,0,1
117829,teocomet,,2,0,2,2,0,2,0,0,0,0,1
117832,ataxiascot,,2,0,2,2,0,2,0,0,0,0,1
117834,LadyLasholina,,3,0,3,3,0,3,0,0,0,0,1
117835,SarahFarni,,3,0,3,3,0,3,0,0,0,0,1
117838,EPDHDb,,2,0,2,2,0,2,0,0,0,0,1
117839,giovannigruni,,3,0,3,3,0,3,0,0,0,0,4
117840,USICD,,2,0,2,2,0,2,0,0,0,0,1
117846,AnnaGumbau,,3,0,3,3,0,3,0,0,0,0,6
117847,NuriaEspasandin,,2,0,2,2,0,2,0,0,0,0,4
117848,Emma_Mirgain,,3,0,3,3,0,3,0,0,0,0,3
117849,AsieduEdmund,,2,0,2,2,0,2,0,0,0,0,1
117852,ucd_global,,3,0,3,3,0,3,0,0,0,0,1
117853,askUCD,,2,0,2,2,0,2,0,0,0,0,1
117854,ifsbh,,2,0,2,2,0,2,0,0,0,0,1
117856,TheUSI,,4,0,4,4,0,4,0,0,0,0,1
117857,DiversityRM,,2,0,2,2,0,2,0,0,0,0,1
117858,RokPrim,,3,0,3,3,0,3,0,0,0,0,2
117860,KirstyLiddiard1,,2,0,2,2,0,2,0,0,0,0,1
117861,DrOliverLewis,,2,0,2,2,0,2,0,0,0,0,1
117869,Tinnaros,,2,0,2,2,0,2,0,0,0,0,1
117871,ilivinggreece,,2,0,2,2,0,2,0,0,0,0,1
117872,marbob32,,2,0,2,2,0,2,0,0,0,0,1
117876,gizempelin,,2,0,2,2,0,2,0,0,0,0,1
117879,transportforall,,2,0,2,2,0,2,0,0,0,0,1
117881,sebnem_kenis,,2,0,2,2,0,2,0,0,0,0,2
117882,Dropmenot1,,2,0,2,2,0,2,0,0,0,0,1
117883,marciobarcelos,,2,0,2,2,0,2,0,0,0,0,1
117885,johnmooressu,,2,0,2,2,0,2,0,0,0,0,1
117886,NCDJ_ASU,,2,0,2,2,0,2,0,0,0,0,1
117888,social_charter,,2,0,2,2,0,2,0,0,0,0,1
117889,EuropeanAccess,,2,0,2,2,0,2,0,0,0,0,1
117890,Tweetinggoddess,,2,0,2,2,0,2,0,0,0,0,1
117892,sisofrida,,2,0,2,2,0,2,0,0,0,0,1
117895,AfricaYouthVAS,,2,0,2,2,0,2,0,0,0,0,1
117901,lbpreston,,2,0,2,2,0,2,0,0,0,0,1
117903,LimestonAtelier,,2,0,2,2,0,2,0,0,0,0,1
117904,VelaCanada,,2,0,2,2,0,2,0,0,0,0,1
117908,goconstance,,2,0,2,2,0,2,0,0,0,0,1
117909,LeaKThompson,,2,0,2,2,0,2,0,0,0,0,1
117910,GKritics,,2,0,2,2,0,2,0,0,0,0,1
117911,MACooperPhD,,2,0,2,2,0,2,0,0,0,0,1
117912,Lizzy_Weiss,,2,0,2,2,0,2,0,0,0,0,1
117913,IndreGu,,2,0,2,2,0,2,0,0,0,0,6
117914,EQUASS_Europe,,2,0,2,2,0,2,0,0,0,0,1
117917,ecorysuk,,3,0,3,3,0,3,0,0,0,0,1
117925,mattbergman14,,2,0,2,2,0,2,0,0,0,0,1
117926,BrookesPubCo,,2,0,2,2,0,2,0,0,0,0,1
117929,min_d_j,,2,0,2,2,0,2,0,0,0,0,1
117933,UDL_OnCampus,,2,0,2,2,0,2,0,0,0,0,1
117934,JulianneLagadec,,2,0,2,2,0,2,0,0,0,0,8
117936,YEPPEUROPE,,2,0,2,2,0,2,0,0,0,0,1
117940,BarclaysAccess,,2,0,2,2,0,2,0,0,0,0,1
117942,paddyhennelly,,2,0,2,2,0,2,0,0,0,0,1
117943,LizGehrke,,3,0,3,3,0,3,0,0,0,0,1
117944,KluczkaOla,,3,0,3,3,0,3,0,0,0,0,1
117945,hananbihi,,2,0,2,2,0,2,0,0,0,0,1
117946,tabufem,,2,0,2,2,0,2,0,0,0,0,1
117947,Embla_Agusts,,2,0,2,2,0,2,0,0,0,0,1
117948,mina_tolu,,2,0,2,2,0,2,0,0,0,0,1
117951,LiriKopaci,,2,0,2,2,0,2,0,0,0,0,1
117952,IHEPTweets,,2,0,2,2,0,2,0,0,0,0,1
117954,JaninaArsenjeva,,2,0,2,2,0,2,0,0,0,0,1
117956,LeonieWatson,,2,0,2,2,0,2,0,0,0,0,1
117959,BrianMSeaman,,2,0,2,2,0,2,0,0,0,0,1
117962,katieleclerc,,2,0,2,2,0,2,0,0,0,0,2
117963,VanessaMarano,,2,0,2,2,0,2,0,0,0,0,1
117967,inclusiened,,2,0,2,2,0,2,0,0,0,0,1
117969,simogiarratano,,2,0,2,2,0,2,0,0,0,0,1
117971,MSFTaccess,,2,0,2,2,0,2,0,0,0,0,1
117972,ValidityNGO,,2,0,2,2,0,2,0,0,0,0,1
117973,GAATES_GAN,,2,0,2,2,0,2,0,0,0,0,1
117975,e_lisney,,2,0,2,2,0,2,0,0,0,0,1
117976,ALLFIEUK,,2,0,2,2,0,2,0,0,0,0,1
117977,LJMUSociology,,2,0,2,2,0,2,0,0,0,0,1
117979,AccessAbleUK,,2,0,2,2,0,2,0,0,0,0,1
117980,AccessibleMedia,,2,0,2,2,0,2,0,0,0,0,1
117981,nateevans,,2,0,2,2,0,2,0,0,0,0,1
117982,SebastianMFA,,2,0,2,2,0,2,0,0,0,0,1
117983,MarleneJGlobal,,2,0,2,2,0,2,0,0,0,0,1
117986,KaiserFlorian,,3,0,3,3,0,3,0,0,0,0,1
117987,DisabilityFed,,3,0,3,3,0,3,0,0,0,0,1
117988,InclusionIre,,2,0,2,2,0,2,0,0,0,0,1
117990,NUIGCDLP,,2,0,2,2,0,2,0,0,0,0,1
117991,P_Gooding,,2,0,2,2,0,2,0,0,0,0,1
117992,NUIGLaw,,2,0,2,2,0,2,0,0,0,0,1
117993,teambobert,,2,0,2,2,0,2,0,0,0,0,1
117994,KLemmensKrug,,2,0,2,2,0,2,0,0,0,0,1
117995,tjoshaughnessy,,2,0,2,2,0,2,0,0,0,0,1
117996,LoroGal,,3,0,3,3,0,3,0,0,0,0,1
117997,IMundell,,3,0,3,3,0,3,0,0,0,0,2
117998,CorentinHurte,,4,0,4,4,0,4,0,0,0,0,8
117999,MeiLanFM,,2,0,2,2,0,2,0,0,0,0,1
118000,ErzsebetFoldesi,,2,0,2,2,0,2,0,0,0,0,1
118001,dbenzai,,3,0,3,3,0,3,0,0,0,0,1
118002,Alex_Hannema,,3,0,3,3,0,3,0,0,0,0,1
118003,InclusionLondon,,2,0,2,2,0,2,0,0,0,0,1
118004,Jen_Carlsson,,3,0,3,3,0,3,0,0,0,0,3
118005,academics_com,,2,0,2,2,0,2,0,0,0,0,1
118006,GalwaySea2Sky,,2,0,2,2,0,2,0,0,0,0,1
118007,CarolineBinc,,2,0,2,2,0,2,0,0,0,0,1
118008,Access_Angels,,2,0,2,2,0,2,0,0,0,0,1
118009,HyperMoncsi,,2,0,2,2,0,2,0,0,0,0,1
118010,eSSENTIa11y,,2,0,2,2,0,2,0,0,0,0,1
118011,J_L_E,,2,0,2,2,0,2,0,0,0,0,1
118012,jenkinsjacqui,,2,0,2,2,0,2,0,0,0,0,1
118013,a11yInMuseums,,2,0,2,2,0,2,0,0,0,0,1
118014,antoniamakri,,3,0,3,3,0,3,0,0,0,0,1
118015,ivicsicsbori,,2,0,2,2,0,2,0,0,0,0,1
118016,JDisSoc,,2,0,2,2,0,2,0,0,0,0,1
118017,irmavsl,,2,0,2,2,0,2,0,0,0,0,1
118018,handicaparbeid,,2,0,2,2,0,2,0,0,0,0,1
118019,TEDYouth,,3,0,3,3,0,3,0,0,0,0,1
118020,CAE_info,,2,0,2,2,0,2,0,0,0,0,1
118021,DesignforAllFd,,2,0,2,2,0,2,0,0,0,0,1
118022,NADP_UK,,2,0,2,2,0,2,0,0,0,0,1
118023,JamieBolling,,2,0,2,2,0,2,0,0,0,0,1
118024,traudia,,2,0,2,2,0,2,0,0,0,0,1
118025,GGall90,,2,0,2,2,0,2,0,0,0,0,1
118026,KatieTraining,,2,0,2,2,0,2,0,0,0,0,1
118027,UDL_Center,,2,0,2,2,0,2,0,0,0,0,1
118028,AccessibleExits,,2,0,2,2,0,2,0,0,0,0,1
118029,k_runswick_cole,,2,0,2,2,0,2,0,0,0,0,1
118030,OTProfBeth131,,2,0,2,2,0,2,0,0,0,0,1
118031,TommyShakes,,2,0,2,2,0,2,0,0,0,0,1
118032,BBurnsEDU,,2,0,2,2,0,2,0,0,0,0,1
118033,SABTVSeries,,2,0,2,2,0,2,0,0,0,0,1
118034,cieestudyabroad,,3,0,3,3,0,3,0,0,0,0,1
118035,riacheyne,,2,0,2,2,0,2,0,0,0,0,1
118036,ErinMoriartyH,,2,0,2,2,0,2,0,0,0,0,1
118037,Inclusive_Class,,2,0,2,2,0,2,0,0,0,0,1
118038,markmleach,,2,0,2,2,0,2,0,0,0,0,1
118039,Wonkhe,,3,0,3,3,0,3,0,0,0,0,1
118040,Diversityukjobs,,2,0,2,2,0,2,0,0,0,0,1
118041,MadUnis_org,,2,0,2,2,0,2,0,0,0,0,1
118042,leecm363,,2,0,2,2,0,2,0,0,0,0,1
118043,PaulGibson_HRC,,2,0,2,2,0,2,0,0,0,0,1
118044,PattiDudek,,2,0,2,2,0,2,0,0,0,0,1
118045,DSRdam,,2,0,2,2,0,2,0,0,0,0,1
118046,mostblueish,,2,0,2,2,0,2,0,0,0,0,1
118047,jordosh,,2,0,2,2,0,2,0,0,0,0,1
118048,Accessible_Info,,2,0,2,2,0,2,0,0,0,0,1
118049,GiseleEvrard,,2,0,2,2,0,2,0,0,0,0,1
118050,armoland,,2,0,2,2,0,2,0,0,0,0,1
118051,taimla_siiri,,2,0,2,2,0,2,0,0,0,0,1
118052,EuroCelt,,3,0,3,3,0,3,0,0,0,0,1
118053,gina_ebner,,3,0,3,3,0,3,0,0,0,0,1
118054,CEEKTechnology,,2,0,2,2,0,2,0,0,0,0,1
118055,Tina_Mulcahy,,2,0,2,2,0,2,0,0,0,0,1
118056,EEANorwayGrants,,3,0,3,3,0,3,0,0,0,0,1
118057,RyanLane1123,,2,0,2,2,0,2,0,0,0,0,1
118058,vick08,,2,0,2,2,0,2,0,0,0,0,1
118059,sloandr,,2,0,2,2,0,2,0,0,0,0,1
118060,P_Vandeweerd,,2,0,2,2,0,2,0,0,0,0,1
118061,GreggBeratan,,2,0,2,2,0,2,0,0,0,0,1
118062,McNhlapo,,2,0,2,2,0,2,0,0,0,0,1
118063,IsNoPrincess,,2,0,2,2,0,2,0,0,0,0,1
118064,sabinedenis,,2,0,2,2,0,2,0,0,0,0,1
118065,iljaceline,,3,0,3,3,0,3,0,0,0,0,7
118066,ZsuzsaKondor,,2,0,2,2,0,2,0,0,0,0,1
118070,MarkAWilcock,,2,0,2,2,0,2,0,0,0,0,1
118072,TimothyRowies,,2,0,2,2,0,2,0,0,0,0,1
118074,RNIB,,2,0,2,2,0,2,0,0,0,0,2
118075,tomkeller,,2,0,2,2,0,2,0,0,0,0,1
118078,MyAccessibleEU,,2,0,2,2,0,2,0,0,0,0,1
118079,eilionoirflynn,,2,0,2,2,0,2,0,0,0,0,1
118080,AlbaGonzalezAG,,2,0,2,2,0,2,0,0,0,0,1
118081,ndalto,,2,0,2,2,0,2,0,0,0,0,1
118082,equineteurope,,2,0,2,2,0,2,0,0,0,0,1
118083,DiverseLearners,,2,0,2,2,0,2,0,0,0,0,1
118086,SvendsenMarit,,2,0,2,2,0,2,0,0,0,0,1
118087,ElinorJLO,,2,0,2,2,0,2,0,0,0,0,1
118088,universell_no,,2,0,2,2,0,2,0,0,0,0,1
118089,tedcoine,,2,0,2,2,0,2,0,0,0,0,7
118091,dasa_koribanic,,3,0,3,3,0,3,0,0,0,0,1
118092,ElizaPopper,,2,0,2,2,0,2,0,0,0,0,1
118093,TwitterA11y,,2,0,2,2,0,2,0,0,0,0,1
118094,KarinaMuse,,2,0,2,2,0,2,0,0,0,0,1
118096,DRPI_global,,2,0,2,2,0,2,0,0,0,0,1
118097,rebecca_15,,2,0,2,2,0,2,0,0,0,0,1
118098,RjMitte,,2,0,2,2,0,2,0,0,0,0,2
118099,AccessIconPro,,2,0,2,2,0,2,0,0,0,0,1
118102,catherinenaugh,,2,0,2,2,0,2,0,0,0,0,1
118103,Pantou_tourism,,2,0,2,2,0,2,0,0,0,0,1
118105,robaust81,,2,0,2,2,0,2,0,0,0,0,1
118106,DominicOrr,,3,0,3,3,0,3,0,0,0,0,1
118112,OnafhankelijkL,,2,0,2,2,0,2,0,0,0,0,1
118113,IHE2014,,3,0,3,3,0,3,0,0,0,0,1
118114,MobilityINTL,,2,0,2,2,0,2,0,0,0,0,1
118115,efhoh,,2,0,2,2,0,2,0,0,0,0,1
118116,DamienMcclean,,2,0,2,2,0,2,0,0,0,0,1
118117,MiroGriffiths,,2,0,2,2,0,2,0,0,0,0,1
118118,FFovet,,2,0,2,2,0,2,0,0,0,0,1
118120,LeenThienpondt,,2,0,2,2,0,2,0,0,0,0,1
118121,aheadireland,,4,0,4,4,0,4,0,0,0,0,1
118122,wheelmap,,2,0,2,2,0,2,0,0,0,0,1
118123,incluD_ed,,2,0,2,2,0,2,0,0,0,0,1
118124,TimGhilain,,2,0,2,2,0,2,0,0,0,0,1
118125,SchererPatricia,,2,0,2,2,0,2,0,0,0,0,1
118126,ZeroProjectorg,,2,0,2,2,0,2,0,0,0,0,1
118127,LZelderloo,,2,0,2,2,0,2,0,0,0,0,1
118128,CAST_UDL,,2,0,2,2,0,2,0,0,0,0,1
118129,DavidRose_CAST,,2,0,2,2,0,2,0,0,0,0,1
118130,RathVivian,,2,0,2,2,0,2,0,0,0,0,1
118131,ndawards,,2,0,2,2,0,2,0,0,0,0,1
118132,PL4SD,,2,0,2,2,0,2,0,0,0,0,1
118133,AccessHE,,2,0,2,2,0,2,0,0,0,0,1
118134,diversityabroad,,3,0,3,3,0,3,0,0,0,0,1
118135,AengusOMaolain,,3,0,3,3,0,3,0,0,0,0,1
118136,DanGoodley,,2,0,2,2,0,2,0,0,0,0,1
118137,shudisability,,2,0,2,2,0,2,0,0,0,0,1
118138,TheEAIR,,2,0,2,2,0,2,0,0,0,0,1
118139,NadsCanDoClarke,,2,0,2,2,0,2,0,0,0,0,1
118140,evareinab,,2,0,2,2,0,2,0,0,0,0,1
118141,EANAccess,,2,0,2,2,0,2,0,0,0,0,1
118142,AXSChat,,2,0,2,2,0,2,0,0,0,0,1
118143,InvesttEU,,2,0,2,2,0,2,0,0,0,0,1
118144,GilmanProgram,,3,0,3,3,0,3,0,0,0,0,1
118145,AimeeMullins,,2,0,2,2,0,2,0,0,0,0,1
118146,JnthnHndrckx,,2,0,2,2,0,2,0,0,0,0,1
118147,conoraon,,2,0,2,2,0,2,0,0,0,0,1
118148,CampusEuropae,,3,0,3,3,0,3,0,0,0,0,1
118150,lanush202,,2,0,2,2,0,2,0,0,0,0,1
118151,AleksandraSurla,,2,0,2,2,0,2,0,0,0,0,1
118152,CarolineMcTweet,,2,0,2,2,0,2,0,0,0,0,1
118153,Conor77,,3,0,3,3,0,3,0,0,0,0,7
118154,msmaryquirke,,2,0,2,2,0,2,0,0,0,0,1
118155,toddles23,,4,0,4,4,0,4,0,0,0,0,1
118169,France24_en,,3,0,3,3,0,3,0,0,0,0,8
118206,stephanegeneste,,2,0,2,2,0,2,0,0,0,0,8
118227,RaphaelleRL,,2,0,2,2,0,2,0,0,0,0,8
118251,GabrielleSiry,,2,0,2,2,0,2,0,0,0,0,8
118260,asso_jetsdencre,,2,0,2,2,0,2,0,0,0,0,8
118271,PorcherThomas,,2,0,2,2,0,2,0,0,0,0,8
118280,LDLC,,2,0,2,2,0,2,0,0,0,0,8
118281,olivierveran,,2,0,2,2,0,2,0,0,0,0,8
118286,clemovitch,,3,0,3,3,0,3,0,0,0,0,8
118287,UsulduFutur,,2,0,2,2,0,2,0,0,0,0,8
118297,leJDD,,2,0,2,2,0,2,0,0,0,0,8
118327,LCP,,3,0,3,3,0,3,0,0,0,0,8
118369,Francois_Ruffin,,2,0,2,2,0,2,0,0,0,0,8
118370,ParisPasRose,,2,0,2,2,0,2,0,0,0,0,8
118466,IanBrossat,,2,0,2,2,0,2,0,0,0,0,8
118467,michelgellyp,,3,0,3,3,0,3,0,0,0,0,8
118505,NicoleFerroniZe,,2,0,2,2,0,2,0,0,0,0,8
118506,Charlineaparis,,2,0,2,2,0,2,0,0,0,0,8
118509,GMeurice,,2,0,2,2,0,2,0,0,0,0,8
118513,SLeFoll,,2,0,2,2,0,2,0,0,0,0,8
118539,RNihoul,,2,0,2,2,0,2,0,0,0,0,8
118553,AssasAllies,,2,0,2,2,0,2,0,0,0,0,1
118558,LieUtopie,,2,0,2,2,0,2,0,0,0,0,8
118561,LiFrenchlation,,2,0,2,2,0,2,0,0,0,0,1
118566,Ju_Guillot,,2,0,2,2,0,2,0,0,0,0,1
118569,JSamson76,,2,0,2,2,0,2,0,0,0,0,1
118571,fleurpellerin,,3,0,3,3,0,3,0,0,0,0,8
118574,Clt_VoyagesSncf,,3,0,3,3,0,3,0,0,0,0,8
118578,RATPgroup,,2,0,2,2,0,2,0,0,0,0,8
118587,IrlEmbParis,,3,0,3,3,0,3,0,0,0,0,8
118598,YoanPom,,2,0,2,2,0,2,0,0,0,0,8
118603,airlivenet,,2,0,2,2,0,2,0,0,0,0,8
118607,prefpolice,,2,0,2,2,0,2,0,0,0,0,4
118610,ENA_fr,,3,0,3,3,0,3,0,0,0,0,8
118621,flightradar24,,3,0,3,3,0,3,0,0,0,0,3
118628,JJUrvoas,,2,0,2,2,0,2,0,0,0,0,8
118641,fabricearfi,,2,0,2,2,0,2,0,0,0,0,8
118650,valtrier,,2,0,2,2,0,2,0,0,0,0,8
118660,BertrandDelanoe,,2,0,2,2,0,2,0,0,0,0,8
118667,Isabellegachet,,2,0,2,2,0,2,0,0,0,0,1
118677,TempleRun,,2,0,2,2,0,2,0,0,0,0,8
118682,Cedric_RS,,2,0,2,2,0,2,0,0,0,0,1
118684,lePANDAlicra,,2,0,2,2,0,2,0,0,0,0,8
118687,ElMagoPop,,2,0,2,2,0,2,0,0,0,0,6
118690,Crisss_RG,,2,0,2,2,0,2,0,0,0,0,6
118693,maiidii92,,2,0,2,2,0,2,0,0,0,0,6
118696,SrMesas,,2,0,2,2,0,2,0,0,0,0,6
118701,david_vg91,,2,0,2,2,0,2,0,0,0,0,6
118703,frasesdisneysp,,2,0,2,2,0,2,0,0,0,0,6
118704,ArmandoRDVG,,2,0,2,2,0,2,0,0,0,0,6
118716,Monica_Espejo,,2,0,2,2,0,2,0,0,0,0,6
118720,PaolaBCT,,2,0,2,2,0,2,0,0,0,0,6
118721,Rociiiyo,,2,0,2,2,0,2,0,0,0,0,6
118723,Juanjis_14,,2,0,2,2,0,2,0,0,0,0,6
118725,Rakel_SG,,2,0,2,2,0,2,0,0,0,0,6
118727,j_rivas8,,2,0,2,2,0,2,0,0,0,0,6
118730,Carlos_sn91,,2,0,2,2,0,2,0,0,0,0,6
118732,AntonioOcana91,,3,0,3,3,0,3,0,0,0,0,6
118733,Javifish,,3,0,3,3,0,3,0,0,0,0,6
118736,NahedTrilori,,3,0,3,3,0,3,0,0,0,0,6
118737,petalomas,,2,0,2,2,0,2,0,0,0,0,6
118744,rossydpalma,,3,0,3,3,0,3,0,0,0,0,0
118745,AgustinAlmo,,2,0,2,2,0,2,0,0,0,0,0
118753,HarakiriBeach,,2,0,2,2,0,2,0,0,0,0,0
118754,balcondelaluna,,3,0,3,3,0,3,0,0,0,0,0
118758,raul_gzv,,3,0,3,3,0,3,0,0,0,0,0
118760,estudio221b,,2,0,2,2,0,2,0,0,0,0,0
118763,BeerSpaSpain,,2,0,2,2,0,2,0,0,0,0,0
118764,QueMeInviten,,3,0,3,3,0,3,0,0,0,0,6
118768,megustamargaux,,2,0,2,2,0,2,0,0,0,0,0
118774,InfoPlayaTorre,,2,0,2,2,0,2,0,0,0,0,0
118776,MPC_management,,2,0,2,2,0,2,0,0,0,0,6
118783,La_Parata,,3,0,3,3,0,3,0,0,0,0,0
118786,Alberto_Casado,,3,0,3,3,0,3,0,0,0,0,6
118789,Javierhernanz,,2,0,2,2,0,2,0,0,0,0,4
118791,SunAndSnowFest,,3,0,3,3,0,3,0,0,0,0,1
118793,yetiblack,,2,0,2,2,0,2,0,0,0,0,0
118795,MuerdoMusica,,3,0,3,3,0,3,0,0,0,0,0
118796,linncortes,,2,0,2,2,0,2,0,0,0,0,0
118805,LaBarracaCanta,,2,0,2,2,0,2,0,0,0,0,0
118806,oscagranada,,2,0,2,2,0,2,0,0,0,0,0
118809,guitarrafestgr,,2,0,2,2,0,2,0,0,0,0,0
118811,AkashaCultura,,2,0,2,2,0,2,0,0,0,0,0
118812,AnitaSolerOlmos,,2,0,2,2,0,2,0,0,0,0,0
118816,yosoyraulbernal,,3,0,3,3,0,3,0,0,0,0,0
118817,carlosbravo,,4,0,4,4,0,4,0,0,0,0,4
118818,EscuelaESESA,,3,0,3,3,0,3,0,0,0,0,4
118820,MalagaEntradas,,2,0,2,2,0,2,0,0,0,0,0
118822,granadacostaes,,2,0,2,2,0,2,0,0,0,0,0
118823,LaComissaria,,2,0,2,2,0,2,0,0,0,0,0
118827,la_ampliadora,,3,0,3,3,0,3,0,0,0,0,0
118829,igloogranada,,2,0,2,2,0,2,0,0,0,0,0
118830,APVGranada,,2,0,2,2,0,2,0,0,0,0,0
118833,CarmencitaCalav,,3,0,3,3,0,3,0,0,0,0,6
118835,EIFManolete,,2,0,2,2,0,2,0,0,0,0,0
118837,miguelcampello_,,2,0,2,2,0,2,0,0,0,0,0
118838,DoctorWatson_,,3,0,3,3,0,3,0,0,0,0,0
118839,el_cuartel,,2,0,2,2,0,2,0,0,0,0,0
118840,Ideanto,,3,0,3,3,0,3,0,0,0,0,0
118842,RedPassengerGR,,2,0,2,2,0,2,0,0,0,0,0
118843,RockONgranada,,3,0,3,3,0,3,0,0,0,0,0
118845,Camp_alfaguara,,2,0,2,2,0,2,0,0,0,0,0
118846,RutasXGranada,,2,0,2,2,0,2,0,0,0,0,0
118847,BBHotelsSpain,,4,0,4,4,0,4,0,0,0,0,6
118848,_Laduermevela_,,2,0,2,2,0,2,0,0,0,0,0
118849,PromoLabDeArte,,2,0,2,2,0,2,0,0,0,0,0
118854,AbadiaSacromont,,3,0,3,3,0,3,0,0,0,0,0
118855,multialhambra,,2,0,2,2,0,2,0,0,0,0,0
118861,los80rock,,2,0,2,2,0,2,0,0,0,0,0
118863,casapaco1978,,2,0,2,2,0,2,0,0,0,0,0
118864,papaupagranada,,2,0,2,2,0,2,0,0,0,0,0
118865,TabernaJJ,,3,0,3,3,0,3,0,0,0,0,0
118869,GRX_winterfest,,2,0,2,2,0,2,0,0,0,0,0
118870,Sonde3Prod,,2,0,2,2,0,2,0,0,0,0,0
118873,LALOLAGRANADA1,,2,0,2,2,0,2,0,0,0,0,0
118879,rafaarinyo,,2,0,2,2,0,2,0,0,0,0,0
118883,LosFeos_Teatro,,2,0,2,2,0,2,0,0,0,0,0
118884,BrioAfin,,2,0,2,2,0,2,0,0,0,0,0
118885,redentradas,,2,0,2,2,0,2,0,0,0,0,0
118886,MattKingGrx,,2,0,2,2,0,2,0,0,0,0,0
118887,NuriaRicoNuria,,2,0,2,2,0,2,0,0,0,0,0
118888,latanagranada,,3,0,3,3,0,3,0,0,0,0,6
118891,GonzaloCappa,,2,0,2,2,0,2,0,0,0,0,0
118892,JessFabric,,2,0,2,2,0,2,0,0,0,0,0
118894,chorrohumo1,,3,0,3,3,0,3,0,0,0,0,0
118896,heiples,,2,0,2,2,0,2,0,0,0,0,0
118897,caneando,,2,0,2,2,0,2,0,0,0,0,0
118898,HarryUp,,2,0,2,2,0,2,0,0,0,0,6
118900,laclase_media,,2,0,2,2,0,2,0,0,0,0,0
118901,RadioRaudive,,2,0,2,2,0,2,0,0,0,0,0
118905,VentaElGallo,,3,0,3,3,0,3,0,0,0,0,0
118906,gominsky,,2,0,2,2,0,2,0,0,0,0,4
118907,Trepatmusica,,3,0,3,3,0,3,0,0,0,0,6
118908,carmouna,,3,0,3,3,0,3,0,0,0,0,8
118909,GibMusicFest,,2,0,2,2,0,2,0,0,0,0,5
118910,RubenCortada,,3,0,3,3,0,3,0,0,0,0,6
118911,jemgorgory,,2,0,2,2,0,2,0,0,0,0,0
118916,antonioleiva81,,2,0,2,2,0,2,0,0,0,0,0
118917,JulioFragaC,,2,0,2,2,0,2,0,0,0,0,0
118919,ceronoventayuno,,3,0,3,3,0,3,0,0,0,0,0
118920,JAGG091,,3,0,3,3,0,3,0,0,0,0,0
118921,Lalavaud,,2,0,2,2,0,2,0,0,0,0,2
118924,TENtv,,3,0,3,3,0,3,0,0,0,0,5
118925,JoseBonaparteJB,,2,0,2,2,0,2,0,0,0,0,0
118927,albertocaffeina,,2,0,2,2,0,2,0,0,0,0,0
118929,ParapandaEcoRoc,,3,0,3,3,0,3,0,0,0,0,0
118931,olgacuadrado,,2,0,2,2,0,2,0,0,0,0,6
118932,molo_cebrian,,2,0,2,2,0,2,0,0,0,0,0
118933,NaveRock,,2,0,2,2,0,2,0,0,0,0,0
118934,mercadeopop,,2,0,2,2,0,2,0,0,0,0,0
118935,alta_fidelidad,,2,0,2,2,0,2,0,0,0,0,2
118936,epmusica,,3,0,3,3,0,3,0,0,0,0,0
118937,culturaocio,,2,0,2,2,0,2,0,0,0,0,0
118939,CarlosSubter,,2,0,2,2,0,2,0,0,0,0,0
118941,fatimamelia,,2,0,2,2,0,2,0,0,0,0,6
118942,SRALVAREZMUSICO,,2,0,2,2,0,2,0,0,0,0,0
118943,PacoNeuman,,2,0,2,2,0,2,0,0,0,0,0
118944,AlbolotourVyE,,2,0,2,2,0,2,0,0,0,0,0
118946,fiarte,,3,0,3,3,0,3,0,0,0,0,0
118949,KarmaROVA,,3,0,3,3,0,3,0,0,0,0,4
118952,princemola,,2,0,2,2,0,2,0,0,0,0,0
118955,RaksFantasy,,2,0,2,2,0,2,0,0,0,0,0
118964,FestivalGigante,,2,0,2,2,0,2,0,0,0,0,0
118966,RadarEstudios,,2,0,2,2,0,2,0,0,0,0,6
118967,LaIguanaClub,,2,0,2,2,0,2,0,0,0,0,5
118968,LaFabricaVigo,,2,0,2,2,0,2,0,0,0,0,5
118969,pepeCantero10,,3,0,3,3,0,3,0,0,0,0,0
118970,HookManagement,,2,0,2,2,0,2,0,0,0,0,0
118971,Budweiser_es,,3,0,3,3,0,3,0,0,0,0,0
118972,prmsinfronteras,,2,0,2,2,0,2,0,0,0,0,0
118976,RonRitual,,3,0,3,3,0,3,0,0,0,0,4
118979,WRG_SZ,,2,0,2,2,0,2,0,0,0,0,0
118980,SurvivalZombie,,2,0,2,2,0,2,0,0,0,0,0
118982,INosolopc,,3,0,3,3,0,3,0,0,0,0,5
118984,ManoloBuendia,,2,0,2,2,0,2,0,0,0,0,0
118985,ColoniaHerrera,,2,0,2,2,0,2,0,0,0,0,0
118986,Tentacionexxx,,2,0,2,2,0,2,0,0,0,0,0
118987,ArqueoTrip,,3,0,3,3,0,3,0,0,0,0,0
118988,cuestiondmedios,,2,0,2,2,0,2,0,0,0,0,6
118992,dulcecostagr,,2,0,2,2,0,2,0,0,0,0,0
118995,papalagimoda,,2,0,2,2,0,2,0,0,0,0,0
118996,PalomaSBoficial,,2,0,2,2,0,2,0,0,0,0,0
118997,ChamballRoyal,,2,0,2,2,0,2,0,0,0,0,0
119000,materialrev,,3,0,3,3,0,3,0,0,0,0,0
119001,laleonademaria,,4,0,4,4,0,4,0,0,0,0,0
119003,CarlosRadiation,,2,0,2,2,0,2,0,0,0,0,6
119007,Susanavargastw,,3,0,3,3,0,3,0,0,0,0,0
119008,AlhambrayCia,,3,0,3,3,0,3,0,0,0,0,0
119009,MaripiRobles,,3,0,3,3,0,3,0,0,0,0,0
119017,arco_marietta,,2,0,2,2,0,2,0,0,0,0,0
119019,ebrovision,,3,0,3,3,0,3,0,0,0,0,0
119022,contempopranea,,3,0,3,3,0,3,0,0,0,0,4
119024,PalmfestCrew,,3,0,3,3,0,3,0,0,0,0,4
119025,SonarFestival,,5,0,5,5,0,5,0,0,0,0,1
119026,PulpopFestival,,3,0,3,3,0,3,0,0,0,0,0
119027,OjeandoFestival,,3,0,3,3,0,3,0,0,0,0,7
119031,lasttourint,,3,0,3,3,0,3,0,0,0,0,0
119033,DoctorMusicTuit,,2,0,2,2,0,2,0,0,0,0,2
119035,planetevents,,3,0,3,3,0,3,0,0,0,0,4
119036,Rlm_es,,2,0,2,2,0,2,0,0,0,0,0
119037,ElClubdeGuapo,,2,0,2,2,0,2,0,0,0,0,6
119038,MoParamosBar,,3,0,3,3,0,3,0,0,0,0,0
119040,salaprince_gr,,3,0,3,3,0,3,0,0,0,0,0
119042,paquibarrosogr1,,2,0,2,2,0,2,0,0,0,0,0
119044,Presentia_MF,,2,0,2,2,0,2,0,0,0,0,0
119046,48EnCorto,,3,0,3,3,0,3,0,0,0,0,0
119052,Redetejas,,2,0,2,2,0,2,0,0,0,0,0
119054,CosasQHacenBum,,2,0,2,2,0,2,0,0,0,0,6
119055,entresuenos2015,,2,0,2,2,0,2,0,0,0,0,0
119056,FilmSymphony,,3,0,3,3,0,3,0,0,0,0,1
119057,barajasagustin,,2,0,2,2,0,2,0,0,0,0,0
119064,PabloLiteratura,,3,0,3,3,0,3,0,0,0,0,6
119067,VagonBar,,2,0,2,2,0,2,0,0,0,0,0
119069,KikoVeneno,,2,0,2,2,0,2,0,0,0,0,0
119071,salvareinachuki,,3,0,3,3,0,3,0,0,0,0,0
119075,Bio_Muller,,2,0,2,2,0,2,0,0,0,0,0
119079,SolBeachHouse,,3,0,3,3,0,3,0,0,0,0,6
119081,JuevesMusicales,,2,0,2,2,0,2,0,0,0,0,0
119082,vufalobanda,,2,0,2,2,0,2,0,0,0,0,0
119090,VinilavBismark,,3,0,3,3,0,3,0,0,0,0,0
119091,sarabaras,,3,0,3,3,0,3,0,0,0,0,5
119092,RITMOfestival,,3,0,3,3,0,3,0,0,0,0,0
119097,GrupoBaronRojo,,2,0,2,2,0,2,0,0,0,0,2
119101,MesonJR,,2,0,2,2,0,2,0,0,0,0,5
119102,LolaBourne,,2,0,2,2,0,2,0,0,0,0,0
119103,FotosensibleGr,,3,0,3,3,0,3,0,0,0,0,0
119106,OrquestaJOSE,,2,0,2,2,0,2,0,0,0,0,0
119107,Camina_Granada,,3,0,3,3,0,3,0,0,0,0,0
119109,guadalupeplata,,2,0,2,2,0,2,0,0,0,0,0
119110,CubosandRoll,,3,0,3,3,0,3,0,0,0,0,0
119111,Volcanmusica,,2,0,2,2,0,2,0,0,0,0,0
119115,muvifestgr,,2,0,2,2,0,2,0,0,0,0,0
119116,disenoGRX,,3,0,3,3,0,3,0,0,0,0,0
119117,oscargiron__,,2,0,2,2,0,2,0,0,0,0,0
119120,pulsarpublicida,,3,0,3,3,0,3,0,0,0,0,0
119122,MyogiKonline,,3,0,3,3,0,3,0,0,0,0,6
119123,hotelboabdil,,2,0,2,2,0,2,0,0,0,0,0
119124,bardobaldo,,2,0,2,2,0,2,0,0,0,0,5
119127,puertanazari,,3,0,3,3,0,3,0,0,0,0,0
119128,MasKMusicaProd,,2,0,2,2,0,2,0,0,0,0,6
119129,cateringibagar,,3,0,3,3,0,3,0,0,0,0,6
119130,festivalillo,,3,0,3,3,0,3,0,0,0,0,0
119131,cafeteriaElDoce,,2,0,2,2,0,2,0,0,0,0,0
119132,PacoBurgosRock,,3,0,3,3,0,3,0,0,0,0,6
119133,LaZubiacultura,,3,0,3,3,0,3,0,0,0,0,0
119134,circumgranada,,2,0,2,2,0,2,0,0,0,0,0
119137,decadafm,,2,0,2,2,0,2,0,0,0,0,0
119138,DECADA_FM,,2,0,2,2,0,2,0,0,0,0,0
119139,ElUkelele,,2,0,2,2,0,2,0,0,0,0,0
119140,salasporfavor,,3,0,3,3,0,3,0,0,0,0,0
119143,Cafe_Quijano,,2,0,2,2,0,2,0,0,0,0,0
119144,superdespedidas,,2,0,2,2,0,2,0,0,0,0,0
119146,matarratones,,3,0,3,3,0,3,0,0,0,0,0
119147,Los_Esclavos,,3,0,3,3,0,3,0,0,0,0,0
119148,JaraM_Flor,,2,0,2,2,0,2,0,0,0,0,6
119149,Agua_KT,,2,0,2,2,0,2,0,0,0,0,0
119152,ArtDecoGr,,2,0,2,2,0,2,0,0,0,0,0
119154,doblasgr,,2,0,2,2,0,2,0,0,0,0,0
119156,gabbaheyescuela,,3,0,3,3,0,3,0,0,0,0,0
119157,_musimaster,,3,0,3,3,0,3,0,0,0,0,6
119158,GeokedaGranada,,2,0,2,2,0,2,0,0,0,0,5
119161,miguelinegrx,,2,0,2,2,0,2,0,0,0,0,6
119163,Sietemasuno_,,2,0,2,2,0,2,0,0,0,0,0
119164,FuzzyChain,,2,0,2,2,0,2,0,0,0,0,0
119165,bar_eloju,,3,0,3,3,0,3,0,0,0,0,0
119166,bodegamil300,,2,0,2,2,0,2,0,0,0,0,6
119168,sexplacegr,,2,0,2,2,0,2,0,0,0,0,0
119169,licaonteatro,,2,0,2,2,0,2,0,0,0,0,0
119170,jorgeluengo,,3,0,3,3,0,3,0,0,0,0,0
119171,afrodisiaclub,,3,0,3,3,0,3,0,0,0,0,0
119173,deejeo,,2,0,2,2,0,2,0,0,0,0,0
119175,BigBandAtarfe,,2,0,2,2,0,2,0,0,0,0,0
119176,jczapaterias,,2,0,2,2,0,2,0,0,0,0,0
119177,Lyckashop,,3,0,3,3,0,3,0,0,0,0,0
119179,puntoTgranada,,2,0,2,2,0,2,0,0,0,0,6
119182,Carbonellsg,,4,0,4,4,0,4,0,0,0,0,0
119187,ComiccaFest,,3,0,3,3,0,3,0,0,0,0,5
119188,psicologosagora,,2,0,2,2,0,2,0,0,0,0,0
119189,mileniumgallery,,2,0,2,2,0,2,0,0,0,0,0
119193,LaPalabraTeatro,,3,0,3,3,0,3,0,0,0,0,6
119196,ProyectoGRIETA,,3,0,3,3,0,3,0,0,0,0,0
119197,Molotov_Jukebox,,2,0,2,2,0,2,0,0,0,0,5
119198,CMAAlmunecar,,3,0,3,3,0,3,0,0,0,0,0
119199,JoseicoArimatea,,2,0,2,2,0,2,0,0,0,0,1
119200,RosanaOficial,,3,0,3,3,0,3,0,0,0,0,2
119202,MarlangoOficial,,3,0,3,3,0,3,0,0,0,0,0
119203,serpientenegrx,,2,0,2,2,0,2,0,0,0,0,6
119204,LaHemeroteca,,3,0,3,3,0,3,0,0,0,0,6
119206,FiestaDelCine,,3,0,3,3,0,3,0,0,0,0,6
119208,MarquesaLa,,3,0,3,3,0,3,0,0,0,0,0
119209,gominoleando,,3,0,3,3,0,3,0,0,0,0,0
119211,KelevraForm,,2,0,2,2,0,2,0,0,0,0,6
119212,theholeshow,,2,0,2,2,0,2,0,0,0,0,0
119214,LosMisElMusical,,2,0,2,2,0,2,0,0,0,0,0
119215,centrodramatico,,3,0,3,3,0,3,0,0,0,0,4
119216,lolisfer_f,,2,0,2,2,0,2,0,0,0,0,0
119217,pub_zeppelin,,2,0,2,2,0,2,0,0,0,0,0
119218,IliberFlorentia,,3,0,3,3,0,3,0,0,0,0,0
119219,artegranaino,,3,0,3,3,0,3,0,0,0,0,0
119221,yllanaoficial,,2,0,2,2,0,2,0,0,0,0,0
119223,subterraneagrx,,2,0,2,2,0,2,0,0,0,0,6
119225,UniversoMorente,,3,0,3,3,0,3,0,0,0,0,6
119226,18nudos,,2,0,2,2,0,2,0,0,0,0,0
119228,Laberinthob,,2,0,2,2,0,2,0,0,0,0,6
119229,MonaFest,,2,0,2,2,0,2,0,0,0,0,0
119231,LosSabineros,,3,0,3,3,0,3,0,0,0,0,6
119234,FestivalAlhama,,3,0,3,3,0,3,0,0,0,0,6
119235,LaEstupendaAE,,3,0,3,3,0,3,0,0,0,0,0
119236,Jesus_Hidalgo85,,2,0,2,2,0,2,0,0,0,0,4
119239,sinkinduo,,2,0,2,2,0,2,0,0,0,0,0
119240,SunemSalobrena,,2,0,2,2,0,2,0,0,0,0,0
119241,Hoyo19Motril,,2,0,2,2,0,2,0,0,0,0,0
119243,VivaSuecia,,2,0,2,2,0,2,0,0,0,0,0
119244,guitarracordoba,,2,0,2,2,0,2,0,0,0,0,0
119248,JaimePlaya,,3,0,3,3,0,3,0,0,0,0,6
119249,FrikingGranada,,2,0,2,2,0,2,0,0,0,0,0
119250,mimediacole,,2,0,2,2,0,2,0,0,0,0,0
119253,101sunfestival,,2,0,2,2,0,2,0,0,0,0,5
119254,npastorioficial,,3,0,3,3,0,3,0,0,0,0,0
119256,TABIZARRO,,3,0,3,3,0,3,0,0,0,0,0
119257,DavidBLaVoz,,3,0,3,3,0,3,0,0,0,0,2
119259,JoseLindes,,2,0,2,2,0,2,0,0,0,0,0
119260,FestivalCircada,,2,0,2,2,0,2,0,0,0,0,0
119261,Pelazoh,,3,0,3,3,0,3,0,0,0,0,6
119262,SantaFedeGR,,2,0,2,2,0,2,0,0,0,0,6
119264,TiposGranada,,3,0,3,3,0,3,0,0,0,0,0
119269,jacoboserra,,2,0,2,2,0,2,0,0,0,0,0
119273,VadepizzaGRX,,2,0,2,2,0,2,0,0,0,0,5
119274,Lifirst_ES,,3,0,3,3,0,3,0,0,0,0,0
119276,Sergi0Contreras,,3,0,3,3,0,3,0,0,0,0,2
119283,granadawhiteXP,,3,0,3,3,0,3,0,0,0,0,0
119286,SunnydayGranada,,3,0,3,3,0,3,0,0,0,0,0
119287,MorganBritosSL,,2,0,2,2,0,2,0,0,0,0,0
119288,ponybravo,,2,0,2,2,0,2,0,0,0,0,0
119289,nopal_el,,2,0,2,2,0,2,0,0,0,0,0
119290,JamonPop,,2,0,2,2,0,2,0,0,0,0,0
119291,MonteTerror,,2,0,2,2,0,2,0,0,0,0,0
119292,antonio_gm360,,3,0,3,3,0,3,0,0,0,0,0
119293,desampa64,,2,0,2,2,0,2,0,0,0,0,6
119295,ernieproduccion,,3,0,3,3,0,3,0,0,0,0,0
119297,Coque_Malla,,2,0,2,2,0,2,0,0,0,0,0
119299,VirginiaDiazR3,,3,0,3,3,0,3,0,0,0,0,0
119301,somodevilla51,,2,0,2,2,0,2,0,0,0,0,0
119302,LaBandaAparte_,,3,0,3,3,0,3,0,0,0,0,0
119303,xoellopez,,2,0,2,2,0,2,0,0,0,0,5
119304,EscarabajosLos,,2,0,2,2,0,2,0,0,0,0,0
119305,MasMorente,,2,0,2,2,0,2,0,0,0,0,0
119306,HisteriaInnokua,,2,0,2,2,0,2,0,0,0,0,6
119310,Subterfugerec,,3,0,3,3,0,3,0,0,0,0,0
119311,SexMuseumRock,,2,0,2,2,0,2,0,0,0,0,0
119312,LaWeekendListGr,,3,0,3,3,0,3,0,0,0,0,0
119313,thearizonababy,,3,0,3,3,0,3,0,0,0,0,0
119314,corizonas,,2,0,2,2,0,2,0,0,0,0,0
119315,loscoronas,,2,0,2,2,0,2,0,0,0,0,0
119317,elenagarcia90,,2,0,2,2,0,2,0,0,0,0,5
119321,Grupo_Mundo,,2,0,2,2,0,2,0,0,0,0,0
119322,manuelferron,,3,0,3,3,0,3,0,0,0,0,0
119325,ArielRotOficial,,2,0,2,2,0,2,0,0,0,0,0
119326,VaivenCirco,,2,0,2,2,0,2,0,0,0,0,0
119327,JI_Lapido,,3,0,3,3,0,3,0,0,0,0,0
119328,MClanRock,,2,0,2,2,0,2,0,0,0,0,0
119330,Super8Klub,,2,0,2,2,0,2,0,0,0,0,0
119332,aitorpalomo,,2,0,2,2,0,2,0,0,0,0,6
119334,Velvet_Factory,,3,0,3,3,0,3,0,0,0,0,0
119337,LaOrientalte,,3,0,3,3,0,3,0,0,0,0,6
119339,MafoPajaro,,2,0,2,2,0,2,0,0,0,0,0
119340,arteness,,3,0,3,3,0,3,0,0,0,0,0
119342,TdeTeatre,,2,0,2,2,0,2,0,0,0,0,0
119344,DavidBowieReal,,2,0,2,2,0,2,0,0,0,0,0
119346,abeiztegui46,,2,0,2,2,0,2,0,0,0,0,0
119347,JesRivAma,,3,0,3,3,0,3,0,0,0,0,6
119348,BotonRoom,,2,0,2,2,0,2,0,0,0,0,6
119349,pinoexquisito,,3,0,3,3,0,3,0,0,0,0,3
119350,fresccogranada,,3,0,3,3,0,3,0,0,0,0,0
119351,nenadaconte,,3,0,3,3,0,3,0,0,0,0,2
119353,hocuspocusfest,,3,0,3,3,0,3,0,0,0,0,0
119355,MHNLOfficial,,2,0,2,2,0,2,0,0,0,0,0
119356,SatVirginia,,2,0,2,2,0,2,0,0,0,0,0
119357,BISAGRA_,,2,0,2,2,0,2,0,0,0,0,0
119359,surtribemusic,,2,0,2,2,0,2,0,0,0,0,6
119361,vsanchezgalvez,,2,0,2,2,0,2,0,0,0,0,0
119363,Rafa1Villena,,3,0,3,3,0,3,0,0,0,0,0
119365,GuiaEsther,,2,0,2,2,0,2,0,0,0,0,0
119367,Humorvitreo,,2,0,2,2,0,2,0,0,0,0,0
119368,agenciaevents,,2,0,2,2,0,2,0,0,0,0,0
119370,pal_condesgabia,,3,0,3,3,0,3,0,0,0,0,4
119372,soyjulieta21,,2,0,2,2,0,2,0,0,0,0,0
119374,LolitasCloset,,3,0,3,3,0,3,0,0,0,0,0
119375,Spyro_Music,,3,0,3,3,0,3,0,0,0,0,6
119379,clubpatinamos,,3,0,3,3,0,3,0,0,0,0,6
119380,GuiaGOMurcia,,2,0,2,2,0,2,0,0,0,0,0
119382,ELASTICPARTY,,2,0,2,2,0,2,0,0,0,0,0
119383,LosPortazos,,2,0,2,2,0,2,0,0,0,0,0
119387,dongonzalo_dj,,3,0,3,3,0,3,0,0,0,0,0
119388,antonioluque70,,2,0,2,2,0,2,0,0,0,0,0
119389,enClaveDolce,,2,0,2,2,0,2,0,0,0,0,0
119391,disc_melgamusic,,3,0,3,3,0,3,0,0,0,0,0
119392,MVillalonCFO,,2,0,2,2,0,2,0,0,0,0,6
119393,alfredomeyers,,4,0,4,4,0,4,0,0,0,0,0
119394,TeterayKiwi,,3,0,3,3,0,3,0,0,0,0,0
119395,albmargal,,3,0,3,3,0,3,0,0,0,0,6
119396,LimboStarrMad,,2,0,2,2,0,2,0,0,0,0,6
119398,manzalopez,,2,0,2,2,0,2,0,0,0,0,6
119399,alfonsogrx,,2,0,2,2,0,2,0,0,0,0,6
119400,MusicalGuima,,4,0,4,4,0,4,0,0,0,0,2
119402,tallerdideas,,2,0,2,2,0,2,0,0,0,0,6
119403,Ellos,,2,0,2,2,0,2,0,0,0,0,0
119404,GuilleMostaza,,2,0,2,2,0,2,0,0,0,0,5
119405,PiromanoTeatro,,3,0,3,3,0,3,0,0,0,0,0
119406,wildpunkoficial,,3,0,3,3,0,3,0,0,0,0,0
119407,caravansar,,3,0,3,3,0,3,0,0,0,0,0
119409,FARASHAFLAMENCA,,2,0,2,2,0,2,0,0,0,0,0
119412,rootsound,,3,0,3,3,0,3,0,0,0,0,0
119413,enriquenovi,,3,0,3,3,0,3,0,0,0,0,0
119415,SPoulidor,,2,0,2,2,0,2,0,0,0,0,0
119416,empleogranada1,,3,0,3,3,0,3,0,0,0,0,0
119417,NEUMANmusic,,3,0,3,3,0,3,0,0,0,0,0
119418,Paco_Aranda_ES,,2,0,2,2,0,2,0,0,0,0,0
119419,December_Prod,,2,0,2,2,0,2,0,0,0,0,0
119420,ElBrujo_es,,2,0,2,2,0,2,0,0,0,0,0
119421,JeroRomero,,2,0,2,2,0,2,0,0,0,0,0
119422,iloveyoupenny,,3,0,3,3,0,3,0,0,0,0,0
119424,wity05,,2,0,2,2,0,2,0,0,0,0,0
119426,VladimirTzekov,,3,0,3,3,0,3,0,0,0,0,0
119427,lya_Musica,,2,0,2,2,0,2,0,0,0,0,0
119428,ROKEN_Instintos,,3,0,3,3,0,3,0,0,0,0,0
119429,TSpringFestival,,2,0,2,2,0,2,0,0,0,0,0
119430,MBCometa,,3,0,3,3,0,3,0,0,0,0,0
119432,Alfonsoccgarcia,,2,0,2,2,0,2,0,0,0,0,0
119433,GranadaJazzClub,,2,0,2,2,0,2,0,0,0,0,0
119434,BriefingBop,,3,0,3,3,0,3,0,0,0,0,0
119435,EntradasGO,,3,0,3,3,0,3,0,0,0,0,0
119436,ElTransistor1,,2,0,2,2,0,2,0,0,0,0,0
119438,emeDJ,,2,0,2,2,0,2,0,0,0,0,0
119439,silvia_lou,,3,0,3,3,0,3,0,0,0,0,0
119440,FugitivoSwing,,2,0,2,2,0,2,0,0,0,0,6
119442,girandoporsalas,,3,0,3,3,0,3,0,0,0,0,0
119445,Samuinboots,,3,0,3,3,0,3,0,0,0,0,0
119448,GuiaGOAlicante,,3,0,3,3,0,3,0,0,0,0,0
119450,Prod_Peligrosas,,2,0,2,2,0,2,0,0,0,0,2
119451,analogicamusic,,3,0,3,3,0,3,0,0,0,0,0
119452,clararuizmolina,,3,0,3,3,0,3,0,0,0,0,0
119453,Reggiesanchez8,,2,0,2,2,0,2,0,0,0,0,6
119454,GESolynieve,,3,0,3,3,0,3,0,0,0,0,0
119455,Elenaiser,,2,0,2,2,0,2,0,0,0,0,0
119456,PajaroJack,,3,0,3,3,0,3,0,0,0,0,0
119457,ItStyleGranada,,2,0,2,2,0,2,0,0,0,0,0
119458,romacho_com,,2,0,2,2,0,2,0,0,0,0,0
119459,ACOM_Granada,,2,0,2,2,0,2,0,0,0,0,6
119460,granadabrisbane,,2,0,2,2,0,2,0,0,0,0,0
119461,MrJoseRosales,,3,0,3,3,0,3,0,0,0,0,0
119462,FloroFlores83,,2,0,2,2,0,2,0,0,0,0,0
119463,RelojGranada,,3,0,3,3,0,3,0,0,0,0,0
119464,CristinaRRPP,,2,0,2,2,0,2,0,0,0,0,0
119465,ninonaproduce,,2,0,2,2,0,2,0,0,0,0,0
119466,PinkHouseMgmt,,3,0,3,3,0,3,0,0,0,0,4
119467,creperiegranada,,3,0,3,3,0,3,0,0,0,0,4
119468,e_ssence_2019,,2,0,2,2,0,2,0,0,0,0,2
119469,grammatase,,2,0,2,2,0,2,0,0,0,0,0
119470,PapyreGrammata,,2,0,2,2,0,2,0,0,0,0,0
119473,auroraurora_,,3,0,3,3,0,3,0,0,0,0,0
119475,LivetheroofGRN,,3,0,3,3,0,3,0,0,0,0,6
119476,ALM_entumovil,,3,0,3,3,0,3,0,0,0,0,0
119477,fforfiesta,,3,0,3,3,0,3,0,0,0,0,0
119479,Trashtucada,,2,0,2,2,0,2,0,0,0,0,0
119481,Espectmanager,,3,0,3,3,0,3,0,0,0,0,0
119482,promomaskmusica,,2,0,2,2,0,2,0,0,0,0,0
119483,bsierraelvira,,3,0,3,3,0,3,0,0,0,0,0
119484,VITASTHETIC,,2,0,2,2,0,2,0,0,0,0,0
119485,Hoteles_Porcel,,3,0,3,3,0,3,0,0,0,0,0
119486,Elvstago,,2,0,2,2,0,2,0,0,0,0,0
119487,GrupoApache,,3,0,3,3,0,3,0,0,0,0,0
119488,LazaroR17,,2,0,2,2,0,2,0,0,0,0,6
119491,TomasAtarfe,,3,0,3,3,0,3,0,0,0,0,6
119493,film_music_fest,,2,0,2,2,0,2,0,0,0,0,0
119494,CanaveralFest,,3,0,3,3,0,3,0,0,0,0,0
119495,javisoliSL,,2,0,2,2,0,2,0,0,0,0,0
119496,_QuintaAvenida,,3,0,3,3,0,3,0,0,0,0,6
119497,LamariOficial,,2,0,2,2,0,2,0,0,0,0,0
119498,alejoedea,,3,0,3,3,0,3,0,0,0,0,0
119499,AsociacionLZ,,3,0,3,3,0,3,0,0,0,0,0
119501,SergioCortesGR,,2,0,2,2,0,2,0,0,0,0,0
119505,_Pasio_,,2,0,2,2,0,2,0,0,0,0,0
119506,Mordiscomusic,,3,0,3,3,0,3,0,0,0,0,0
119508,FallaAr,,2,0,2,2,0,2,0,0,0,0,0
119509,es_eventos,,2,0,2,2,0,2,0,0,0,0,0
119510,PLASTICFM,,3,0,3,3,0,3,0,0,0,0,6
119511,FERIAGANGAS_Gr,,2,0,2,2,0,2,0,0,0,0,0
119512,Ana_Torroja,,3,0,3,3,0,3,0,0,0,0,2
119513,vertigoestival,,3,0,3,3,0,3,0,0,0,0,6
119514,dixigrafismo,,2,0,2,2,0,2,0,0,0,0,0
119516,kedin,,3,0,3,3,0,3,0,0,0,0,4
119517,steveaoki,,3,0,3,3,0,3,0,0,0,0,6
119518,LuisLarrodera,,3,0,3,3,0,3,0,0,0,0,5
119519,DuquesaClubbing,,3,0,3,3,0,3,0,0,0,0,0
119520,VenimosdeVuelta,,2,0,2,2,0,2,0,0,0,0,0
119521,Elimperdibletv,,2,0,2,2,0,2,0,0,0,0,0
119522,DryTapasCocktai,,2,0,2,2,0,2,0,0,0,0,0
119523,danicantos5,,2,0,2,2,0,2,0,0,0,0,0
119524,caugranada,,3,0,3,3,0,3,0,0,0,0,0
119525,slunacom,,2,0,2,2,0,2,0,0,0,0,0
119526,checopolaco,,2,0,2,2,0,2,0,0,0,0,0
119528,DjRobertMorr,,2,0,2,2,0,2,0,0,0,0,0
119530,hellanmo,,2,0,2,2,0,2,0,0,0,0,6
119533,GoValencia,,2,0,2,2,0,2,0,0,0,0,0
119534,LaGuiaGOSevilla,,2,0,2,2,0,2,0,0,0,0,4
119535,dialogosGR,,2,0,2,2,0,2,0,0,0,0,0
119536,AgoraGranada,,2,0,2,2,0,2,0,0,0,0,0
119538,TorreHueca,,2,0,2,2,0,2,0,0,0,0,0
119539,libreriaagapea,,3,0,3,3,0,3,0,0,0,0,0
119540,_nokeo,,2,0,2,2,0,2,0,0,0,0,0
119543,iCachurro,,3,0,3,3,0,3,0,0,0,0,0
119544,ViajarGranada,,2,0,2,2,0,2,0,0,0,0,0
119545,granada_cf,,3,0,3,3,0,3,0,0,0,0,0
119546,Lukorcom,,2,0,2,2,0,2,0,0,0,0,0
119548,guzmanear,,3,0,3,3,0,3,0,0,0,0,0
119549,antoniozujar,,3,0,3,3,0,3,0,0,0,0,6
119550,moi_58,,2,0,2,2,0,2,0,0,0,0,0
119551,GrByteFestival,,2,0,2,2,0,2,0,0,0,0,0
119552,AYREcafemojitos,,4,0,4,4,0,4,0,0,0,0,0
119554,COPEAplazadetor,,3,0,3,3,0,3,0,0,0,0,0
119555,Trazalia,,3,0,3,3,0,3,0,0,0,0,0
119556,Ecobio,,2,0,2,2,0,2,0,0,0,0,0
119557,Decofisur,,3,0,3,3,0,3,0,0,0,0,6
119558,GuerreroLau,,3,0,3,3,0,3,0,0,0,0,6
119559,ZumoMarketing,,2,0,2,2,0,2,0,0,0,0,0
119560,juguetesyplacer,,3,0,3,3,0,3,0,0,0,0,6
119562,SONDENADIE,,3,0,3,3,0,3,0,0,0,0,0
119563,phervas,,2,0,2,2,0,2,0,0,0,0,0
119565,aniMADtion,,3,0,3,3,0,3,0,0,0,0,0
119567,jagelado,,3,0,3,3,0,3,0,0,0,0,0
119569,AngelUnBosque,,2,0,2,2,0,2,0,0,0,0,0
119570,lustson,,2,0,2,2,0,2,0,0,0,0,0
119573,idobarganes,,2,0,2,2,0,2,0,0,0,0,0
119574,Jmartinreporter,,3,0,3,3,0,3,0,0,0,0,0
119575,Rossellimac,,3,0,3,3,0,3,0,0,0,0,4
119576,GUMGR,,4,0,4,4,0,4,0,0,0,0,4
119577,soportujar73,,3,0,3,3,0,3,0,0,0,0,6
119578,_Jesus_Martinez,,2,0,2,2,0,2,0,0,0,0,0
119579,leynar,,2,0,2,2,0,2,0,0,0,0,6
119580,BarrancoOscuro,,2,0,2,2,0,2,0,0,0,0,0
119581,Ana_Padial,,2,0,2,2,0,2,0,0,0,0,0
119582,antoniomaranon,,2,0,2,2,0,2,0,0,0,0,0
119583,AngelMiguel_es,,3,0,3,3,0,3,0,0,0,0,3
119584,influenZia_net,,2,0,2,2,0,2,0,0,0,0,0
119585,sevillafeSt,,3,0,3,3,0,3,0,0,0,0,0
119587,eventos4D,,3,0,3,3,0,3,0,0,0,0,0
119589,Envidiagranada,,2,0,2,2,0,2,0,0,0,0,0
119590,LauraCienfuegos,,3,0,3,3,0,3,0,0,0,0,0
119591,Los_Pilotos,,3,0,3,3,0,3,0,0,0,0,0
119592,LaPerchaPub,,3,0,3,3,0,3,0,0,0,0,0
119593,Mundokurioso,,3,0,3,3,0,3,0,0,0,0,3
119595,AzulCelesteComu,,3,0,3,3,0,3,0,0,0,0,0
119596,300puntos,,2,0,2,2,0,2,0,0,0,0,0
119598,Kinneticka,,2,0,2,2,0,2,0,0,0,0,0
119599,Cris_RH,,2,0,2,2,0,2,0,0,0,0,0
119600,curroaguilera,,3,0,3,3,0,3,0,0,0,0,0
119608,molalla,,2,0,2,2,0,2,0,0,0,0,6
119609,elemedios,,4,0,4,4,0,4,0,0,0,0,0
119610,conpptorres,,3,0,3,3,0,3,0,0,0,0,0
119611,Kioskoymas,,2,0,2,2,0,2,0,0,0,0,3
119612,aavere,,2,0,2,2,0,2,0,0,0,0,0
119613,ValeroChurriana,,3,0,3,3,0,3,0,0,0,0,6
119614,davidsarria,,3,0,3,3,0,3,0,0,0,0,0
119615,vivoensingular,,3,0,3,3,0,3,0,0,0,0,6
119616,jandronb,,2,0,2,2,0,2,0,0,0,0,6
119617,OchoTelevision,,3,0,3,3,0,3,0,0,0,0,6
119619,caniferus,,4,0,4,4,0,4,0,0,0,0,0
119622,pinypondjs,,2,0,2,2,0,2,0,0,0,0,0
119623,ElefantRecords,,3,0,3,3,0,3,0,0,0,0,0
119624,scannerfm,,2,0,2,2,0,2,0,0,0,0,0
119625,rockdelux,,3,0,3,3,0,3,0,0,0,0,0
119626,jenesaispop,,3,0,3,3,0,3,0,0,0,0,2
119629,altiplarural,,2,0,2,2,0,2,0,0,0,0,0
119630,ememolinaz,,2,0,2,2,0,2,0,0,0,0,0
119632,SantiSevilla,,4,0,4,4,0,4,0,0,0,0,0
119633,1001Medios,,4,0,4,4,0,4,0,0,0,0,4
119634,GafasAmarillas,,3,0,3,3,0,3,0,0,0,0,0
119635,Eskorzo,,3,0,3,3,0,3,0,0,0,0,5
119636,retablillo,,4,0,4,4,0,4,0,0,0,0,0
119639,Alifa,,2,0,2,2,0,2,0,0,0,0,0
119640,RSC_Granada,,2,0,2,2,0,2,0,0,0,0,0
119641,perroraro,,3,0,3,3,0,3,0,0,0,0,0
119642,toulousebanda,,2,0,2,2,0,2,0,0,0,0,0
119643,LaGuiaGoPonteve,,2,0,2,2,0,2,0,0,0,0,6
119646,MusicZine_es,,2,0,2,2,0,2,0,0,0,0,6
119647,FunClubSevilla,,2,0,2,2,0,2,0,0,0,0,0
119648,alemeyers,,4,0,4,4,0,4,0,0,0,0,0
119649,noni_meyers,,4,0,4,4,0,4,0,0,0,0,0
119650,milivingroom,,3,0,3,3,0,3,0,0,0,0,0
119651,AcampaSevilla,,2,0,2,2,0,2,0,0,0,0,0
119652,Natamartini,,3,0,3,3,0,3,0,0,0,0,0
119653,crisjimru,,3,0,3,3,0,3,0,0,0,0,0
119656,sargentocritico,,3,0,3,3,0,3,0,0,0,0,0
119657,acampadasol,,2,0,2,2,0,2,0,0,0,0,2
119658,Nauzesda,,2,0,2,2,0,2,0,0,0,0,0
119659,FliqueLaMob,,3,0,3,3,0,3,0,0,0,0,0
119660,latejedoraGC,,2,0,2,2,0,2,0,0,0,0,0
119661,RosaTorresRuiz,,2,0,2,2,0,2,0,0,0,0,0
119665,B_Anton,,3,0,3,3,0,3,0,0,0,0,4
119667,rafaelruizc,,2,0,2,2,0,2,0,0,0,0,0
119668,ruben_mqz,,2,0,2,2,0,2,0,0,0,0,0
119669,manuelcillero,,2,0,2,2,0,2,0,0,0,0,0
119671,gabycastellanos,,3,0,3,3,0,3,0,0,0,0,0
119672,angelsquembri,,2,0,2,2,0,2,0,0,0,0,0
119673,BeatrizMPP,,3,0,3,3,0,3,0,0,0,0,0
119674,artes_escenicas,,2,0,2,2,0,2,0,0,0,0,0
119675,juanolalla,,2,0,2,2,0,2,0,0,0,0,0
119676,Alejandradcs,,3,0,3,3,0,3,0,0,0,0,0
119677,JoseAntonio1982,,2,0,2,2,0,2,0,0,0,0,0
119678,rubendivall,,2,0,2,2,0,2,0,0,0,0,0
119679,Avantclub,,2,0,2,2,0,2,0,0,0,0,0
119680,rubenbuendia_,,2,0,2,2,0,2,0,0,0,0,0
119681,nihillo,,2,0,2,2,0,2,0,0,0,0,0
119682,tomresina,,2,0,2,2,0,2,0,0,0,0,2
119683,valgreens,,2,0,2,2,0,2,0,0,0,0,0
119685,miguel_shin,,3,0,3,3,0,3,0,0,0,0,0
119686,fjcuenca,,3,0,3,3,0,3,0,0,0,0,0
119687,jagvalverde,,3,0,3,3,0,3,0,0,0,0,0
119688,nflamel,,2,0,2,2,0,2,0,0,0,0,0
119689,fraguelsrock,,3,0,3,3,0,3,0,0,0,0,0
119690,creados,,3,0,3,3,0,3,0,0,0,0,0
119691,Butterfly_Marta,,3,0,3,3,0,3,0,0,0,0,0
119692,raul_lucena,,3,0,3,3,0,3,0,0,0,0,0
119693,joseluisgonsan,,2,0,2,2,0,2,0,0,0,0,6
119694,neuronashop,,2,0,2,2,0,2,0,0,0,0,0
119695,granadarestaura,,2,0,2,2,0,2,0,0,0,0,0
119696,miguelpedregosa,,2,0,2,2,0,2,0,0,0,0,6
119697,bodyformeES,,3,0,3,3,0,3,0,0,0,0,0
119698,nazaries,,2,0,2,2,0,2,0,0,0,0,0
119699,Juanpopp,,3,0,3,3,0,3,0,0,0,0,0
119700,Granada_info,,2,0,2,2,0,2,0,0,0,0,0
119701,Manuel_Mateos,,3,0,3,3,0,3,0,0,0,0,0
119702,escuelacomphoto,,2,0,2,2,0,2,0,0,0,0,0
119703,frantorres,,3,0,3,3,0,3,0,0,0,0,0
119704,juanti,,2,0,2,2,0,2,0,0,0,0,0
119705,IntWegow,,3,0,3,3,0,3,0,0,0,0,5
119706,granadapeople,,2,0,2,2,0,2,0,0,0,0,0
119707,salasugarpop,,2,0,2,2,0,2,0,0,0,0,0
119708,PremiosMax,,3,0,3,3,0,3,0,0,0,0,0
119710,DenverGr,,2,0,2,2,0,2,0,0,0,0,0
119711,Riff_Raff_Ent,,2,0,2,2,0,2,0,0,0,0,6
119712,agmgranada,,3,0,3,3,0,3,0,0,0,0,0
119714,Riffmusic,,2,0,2,2,0,2,0,0,0,0,0
119715,TatiGranada,,2,0,2,2,0,2,0,0,0,0,2
119716,granada,,3,0,3,3,0,3,0,0,0,0,6
119717,TPTantonia,,2,0,2,2,0,2,0,0,0,0,0
119718,SueterGr,,4,0,4,4,0,4,0,0,0,0,6
119719,granadawireless,,2,0,2,2,0,2,0,0,0,0,0
119720,vuelosdesdeGRX,,2,0,2,2,0,2,0,0,0,0,0
119723,jeremypiven,,2,0,2,2,0,2,0,0,0,0,5
119724,bobsaget,,2,0,2,2,0,2,0,0,0,0,3
119732,christinawunder,,2,0,2,2,0,2,0,0,0,0,2
119734,LondonRealTV,,2,0,2,2,0,2,0,0,0,0,2
119736,PressSec,,2,0,2,2,0,2,0,0,0,0,2
119737,lftwworldwide,,2,0,2,2,0,2,0,0,0,0,2
119743,Stylianou_EU,,2,0,2,2,0,2,0,0,0,0,2
119753,m_plucienniczak,,2,0,2,2,0,2,0,0,0,0,1
119754,EUyouthprize,,2,0,2,2,0,2,0,0,0,0,2
119758,mrpablo_p,,2,0,2,2,0,2,0,0,0,0,1
119759,TimMcPhieEU,,2,0,2,2,0,2,0,0,0,0,2
119763,MagicMagid,,2,0,2,2,0,2,0,0,0,0,2
119765,msmtcr,,3,0,3,3,0,3,0,0,0,0,2
119766,RahulChoudaha,,2,0,2,2,0,2,0,0,0,0,2
119779,bexoconnor,,3,0,3,3,0,3,0,0,0,0,1
119781,juanrg26,,2,0,2,2,0,2,0,0,0,0,1
119789,TransferWise,,2,0,2,2,0,2,0,0,0,0,2
119791,LenkaSiva,,2,0,2,2,0,2,0,0,0,0,1
119795,BiljanaBorzan,,2,0,2,2,0,2,0,0,0,0,2
119800,mrgergostefan,,2,0,2,2,0,2,0,0,0,0,2
119801,dmnso,,2,0,2,2,0,2,0,0,0,0,1
119804,sallykohn,,2,0,2,2,0,2,0,0,0,0,2
119815,CitizensFNDN,,2,0,2,2,0,2,0,0,0,0,2
119829,shanedawson,,2,0,2,2,0,2,0,0,0,0,2
119832,BeatLe90,,3,0,3,3,0,3,0,0,0,0,3
119840,JeffreeStar,,2,0,2,2,0,2,0,0,0,0,2
119841,xboonman,,3,0,3,3,0,3,0,0,0,0,1
119842,MarjutJalkanen,,2,0,2,2,0,2,0,0,0,0,1
119849,LeapSummitZg,,2,0,2,2,0,2,0,0,0,0,1
119851,Mdlabajova,,3,0,3,3,0,3,0,0,0,0,1
119858,lukamodric10,,2,0,2,2,0,2,0,0,0,0,0
119862,Flickr,,3,0,3,3,0,3,0,0,0,0,2
119863,Snapchat,,4,0,4,4,0,4,0,0,0,0,1
119872,tweetsauce,,2,0,2,2,0,2,0,0,0,0,2
119882,croatia_ig,,2,0,2,2,0,2,0,0,0,0,2
119887,rickygervais,,4,0,4,4,0,4,0,0,0,0,2
119889,god,,2,0,2,2,0,2,0,0,0,0,2
119890,willdarbyshire,,2,0,2,2,0,2,0,0,0,0,2
119892,Just1WayTicket,,3,0,3,3,0,3,0,0,0,0,4
119893,chaseTHEdonkey,,2,0,2,2,0,2,0,0,0,0,2
119908,FleurDeForce,,2,0,2,2,0,2,0,0,0,0,2
119910,li0nsmane,,2,0,2,2,0,2,0,0,0,0,2
119913,blanka_vlasic,,2,0,2,2,0,2,0,0,0,0,2
119915,JordinSparks,,2,0,2,2,0,2,0,0,0,0,2
119917,gracehelbig,,2,0,2,2,0,2,0,0,0,0,2
119919,Rio2016,,3,0,3,3,0,3,0,0,0,0,2
119921,reddit,,3,0,3,3,0,3,0,0,0,0,2
119927,stevebooker,,2,0,2,2,0,2,0,0,0,0,2
119928,funforlouis,,2,0,2,2,0,2,0,0,0,0,2
119929,MirandaSings,,2,0,2,2,0,2,0,0,0,0,2
119930,MrBenBrown,,2,0,2,2,0,2,0,0,0,0,2
119935,Joe_Sugg,,3,0,3,3,0,3,0,0,0,0,2
119936,FullyRaw,,2,0,2,2,0,2,0,0,0,0,7
119937,SeanEllis,,4,0,4,4,0,4,0,0,0,0,2
119938,CW_TheFlash,,2,0,2,2,0,2,0,0,0,0,2
119939,MrJamesMay,,2,0,2,2,0,2,0,0,0,0,2
119940,RichardHammond,,3,0,3,3,0,3,0,0,0,0,3
119952,JohnNewmanMusic,,2,0,2,2,0,2,0,0,0,0,1
119955,EsteeLalonde,,2,0,2,2,0,2,0,0,0,0,2
119958,kandeejohnson,,2,0,2,2,0,2,0,0,0,0,2
119959,NikkiPhillippi,,2,0,2,2,0,2,0,0,0,0,2
119962,ijustine,,2,0,2,2,0,2,0,0,0,0,8
119963,harto,,2,0,2,2,0,2,0,0,0,0,2
119964,CoreyVidal,,2,0,2,2,0,2,0,0,0,0,2
119967,SawyerHartman,,2,0,2,2,0,2,0,0,0,0,2
119976,LouisePentland,,3,0,3,3,0,3,0,0,0,0,2
119980,CharlesTrippy,,2,0,2,2,0,2,0,0,0,0,2
119987,Pixiwoo,,2,0,2,2,0,2,0,0,0,0,2
119989,Pixiwoos,,2,0,2,2,0,2,0,0,0,0,2
119992,RebelWilson,,2,0,2,2,0,2,0,0,0,0,2
119994,JimChapman,,2,0,2,2,0,2,0,0,0,0,2
120003,TanyaBurr,,2,0,2,2,0,2,0,0,0,0,2
120004,Chris_Kendall_,,2,0,2,2,0,2,0,0,0,0,2
120006,MeredithFoster,,2,0,2,2,0,2,0,0,0,0,2
120010,UrbanDecay,,3,0,3,3,0,3,0,0,0,0,2
120021,piersmorgan,,3,0,3,3,0,3,0,0,0,0,2
120022,AlliSpeed,,2,0,2,2,0,2,0,0,0,0,2
120024,TomDaley1994,,2,0,2,2,0,2,0,0,0,0,4
120026,AmazingPhil,,3,0,3,3,0,3,0,0,0,0,0
120027,justinchon,,2,0,2,2,0,2,0,0,0,0,2
120028,cocorocha,,2,0,2,2,0,2,0,0,0,0,2
120037,CarrieHFletcher,,2,0,2,2,0,2,0,0,0,0,2
120041,youngthegiant,,2,0,2,2,0,2,0,0,0,0,2
120047,danielhowell,,3,0,3,3,0,3,0,0,0,0,0
120057,kickthepj,,2,0,2,2,0,2,0,0,0,0,2
120058,MarcusButler,,2,0,2,2,0,2,0,0,0,0,2
120059,AlfieDeyes,,3,0,3,3,0,3,0,0,0,0,2
120066,ingridnilsen,,2,0,2,2,0,2,0,0,0,0,2
120067,lookbook,,2,0,2,2,0,2,0,0,0,0,2
120069,imjennim,,2,0,2,2,0,2,0,0,0,0,2
120076,HarryShumJr,,2,0,2,2,0,2,0,0,0,0,0
120082,MichellePhan,,2,0,2,2,0,2,0,0,0,0,2
120083,TheRealRyanHiga,,2,0,2,2,0,2,0,0,0,0,2
120084,KimmiSmiles,,2,0,2,2,0,2,0,0,0,0,2
120088,coollike,,2,0,2,2,0,2,0,0,0,0,2
120090,kellanlutz,,2,0,2,2,0,2,0,0,0,0,2
120091,adamlambert,,3,0,3,3,0,3,0,0,0,0,2
120104,BBCScotland,,2,0,2,2,0,2,0,0,0,0,1
120105,BBCRadioScot,,2,0,2,2,0,2,0,0,0,0,1
120123,UofGAsbs,,2,0,2,2,0,2,0,0,0,0,1
120148,UofG_Alumni,,2,0,2,2,0,2,0,0,0,0,1
120149,UofGLiving,,2,0,2,2,0,2,0,0,0,0,6
120170,HeriotWattUni,,2,0,2,2,0,2,0,0,0,0,1
120173,UofGCareers,,2,0,2,2,0,2,0,0,0,0,1
120177,scotgov,,3,0,3,3,0,3,0,0,0,0,1
120189,rjhm25,,2,0,2,2,0,2,0,0,0,0,1
120196,UofGNews,,2,0,2,2,0,2,0,0,0,0,1
120198,UofGSport,,2,0,2,2,0,2,0,0,0,0,1
120214,GUUnion,,2,0,2,2,0,2,0,0,0,0,1
120216,GSofA,,2,0,2,2,0,2,0,0,0,0,1
120217,gusrc,,2,0,2,2,0,2,0,0,0,0,1
120223,DonSimonESP,,2,0,2,2,0,2,0,0,0,0,3
120224,ElPozoAlimenta,,3,0,3,3,0,3,0,0,0,0,4
120226,UPYDAlicante,,2,0,2,2,0,2,0,0,0,0,0
120230,Postureamos,,2,0,2,2,0,2,0,0,0,0,0
120232,YoungCracks,,2,0,2,2,0,2,0,0,0,0,1
120233,ManoloMolinaSor,,2,0,2,2,0,2,0,0,0,0,0
120235,Publicidad507,,2,0,2,2,0,2,0,0,0,0,0
120240,inversionesolin,,2,0,2,2,0,2,0,0,0,0,6
120257,ccncondomina,,3,0,3,3,0,3,0,0,0,0,0
120287,museo_energia,,2,0,2,2,0,2,0,0,0,0,6
120292,Ruralmac,,2,0,2,2,0,2,0,0,0,0,0
120294,elmundociencia,,2,0,2,2,0,2,0,0,0,0,2
120305,fran_andrades,,3,0,3,3,0,3,0,0,0,0,6
120312,colacao,,2,0,2,2,0,2,0,0,0,0,4
120316,Raulenlaplaya,,2,0,2,2,0,2,0,0,0,0,0
120345,Picolabis,,2,0,2,2,0,2,0,0,0,0,0
120347,Ecogrinbi_Esp,,2,0,2,2,0,2,0,0,0,0,0
120362,lovingmurcia,,2,0,2,2,0,2,0,0,0,0,0
120364,DiegoMartinOfic,,2,0,2,2,0,2,0,0,0,0,0
120370,de3en3murcia,,2,0,2,2,0,2,0,0,0,0,6
120371,MurcianaRegion,,2,0,2,2,0,2,0,0,0,0,0
120390,TodoEmergencias,,3,0,3,3,0,3,0,0,0,0,0
120391,SalaRem,,2,0,2,2,0,2,0,0,0,0,0
120394,SalaMusikMurcia,,2,0,2,2,0,2,0,0,0,0,0
120406,SocorristaPro,,2,0,2,2,0,2,0,0,0,0,0
120412,ChicaNBA,,2,0,2,2,0,2,0,0,0,0,6
120417,EmergenciasAnd,,2,0,2,2,0,2,0,0,0,0,0
120426,Digital_Online_,,2,0,2,2,0,2,0,0,0,0,6
120428,CircoPiruleto,,2,0,2,2,0,2,0,0,0,0,4
120433,DrOz,,3,0,3,3,0,3,0,0,0,0,2
120443,RockCircus77,,2,0,2,2,0,2,0,0,0,0,2
120444,RDiamanti,,2,0,2,2,0,2,0,0,0,0,2
120454,Tico_Bingo,,2,0,2,2,0,2,0,0,0,0,6
120460,manuelestratega,,3,0,3,3,0,3,0,0,0,0,6
120465,elenasolanob,,2,0,2,2,0,2,0,0,0,0,0
120471,SrTwitteero,,2,0,2,2,0,2,0,0,0,0,6
120472,PIConsultoresg,,2,0,2,2,0,2,0,0,0,0,2
120473,laboralistamlg,,2,0,2,2,0,2,0,0,0,0,0
120474,Area_legal,,3,0,3,3,0,3,0,0,0,0,0
120477,TCMantenimiento,,2,0,2,2,0,2,0,0,0,0,0
120478,martinescarlosp,,2,0,2,2,0,2,0,0,0,0,0
120483,LilaBlogger,,3,0,3,3,0,3,0,0,0,0,0
120484,rcastillomurill,,2,0,2,2,0,2,0,0,0,0,0
120485,limpianatural,,3,0,3,3,0,3,0,0,0,0,4
120486,helpy_es,,4,0,4,4,0,4,0,0,0,0,7
120487,villalpardo_com,,2,0,2,2,0,2,0,0,0,0,0
120495,talentoyvision,,2,0,2,2,0,2,0,0,0,0,0
120503,ysongatitos,,2,0,2,2,0,2,0,0,0,0,6
120505,gafasmasbaratas,,2,0,2,2,0,2,0,0,0,0,0
120510,foroalfa,,3,0,3,3,0,3,0,0,0,0,3
120516,AnnaEstellaM,,2,0,2,2,0,2,0,0,0,0,0
120517,GDLabs_,,2,0,2,2,0,2,0,0,0,0,0
120519,yurritagastrono,,2,0,2,2,0,2,0,0,0,0,4
120529,verobrunati,,2,0,2,2,0,2,0,0,0,0,2
120541,UPyDBarcelona,,2,0,2,2,0,2,0,0,0,0,0
120548,BroadwayBCN,,2,0,2,2,0,2,0,0,0,0,2
120551,trabajobcn,,2,0,2,2,0,2,0,0,0,0,0
120553,IdepBarcelona,,2,0,2,2,0,2,0,0,0,0,2
120554,ESDi_Barcelona,,2,0,2,2,0,2,0,0,0,0,4
120556,LapsusBarcelona,,2,0,2,2,0,2,0,0,0,0,0
120559,Custo_Barcelona,,3,0,3,3,0,3,0,0,0,0,0
120560,beteve,,2,0,2,2,0,2,0,0,0,0,2
120561,pasaenbcn,,2,0,2,2,0,2,0,0,0,0,7
120563,lecoolbarcelona,,2,0,2,2,0,2,0,0,0,0,2
120565,PAH_BCN,,2,0,2,2,0,2,0,0,0,0,5
120566,AdrianoCorreia6,,2,0,2,2,0,2,0,0,0,0,0
120567,SMWBarcelona,,2,0,2,2,0,2,0,0,0,0,2
120568,ConsulMexBCN,,2,0,2,2,0,2,0,0,0,0,4
120569,hillsongbcn,,2,0,2,2,0,2,0,0,0,0,2
120572,Ocio_Barna,,2,0,2,2,0,2,0,0,0,0,0
120573,InOutBCN,,2,0,2,2,0,2,0,0,0,0,4
120577,PyBCN,,2,0,2,2,0,2,0,0,0,0,8
120579,barcelona_cat,,3,0,3,3,0,3,0,0,0,0,1
120580,__Barca__,,2,0,2,2,0,2,0,0,0,0,2
120581,BAR_elGOL,,2,0,2,2,0,2,0,0,0,0,2
120583,AbsolutBCN,,3,0,3,3,0,3,0,0,0,0,4
120584,UOCmadrid,,2,0,2,2,0,2,0,0,0,0,4
120589,aprensamadrid,,3,0,3,3,0,3,0,0,0,0,4
120595,SalirporMadrid1,,2,0,2,2,0,2,0,0,0,0,2
120596,aparejadoresmad,,2,0,2,2,0,2,0,0,0,0,4
120599,PostureoMadrid,,3,0,3,3,0,3,0,0,0,0,0
120600,MyMadrid_RM,,2,0,2,2,0,2,0,0,0,0,0
120603,HOSTALPERSAL,,2,0,2,2,0,2,0,0,0,0,0
120608,HailoMadrid,,2,0,2,2,0,2,0,0,0,0,0
120610,RadioMadrid,,3,0,3,3,0,3,0,0,0,0,4
120611,MadridSports_,,2,0,2,2,0,2,0,0,0,0,5
120612,EPMadrid,,4,0,4,4,0,4,0,0,0,0,4
120613,atleticomadrid,,3,0,3,3,0,3,0,0,0,0,6
120614,enbicipormadrid,,2,0,2,2,0,2,0,0,0,0,4
120621,LasVentas,,3,0,3,3,0,3,0,0,0,0,0
120622,MadridCapital,,2,0,2,2,0,2,0,0,0,0,0
120623,MalagaEnMadrid,,2,0,2,2,0,2,0,0,0,0,0
120627,AEMET_Madrid,,2,0,2,2,0,2,0,0,0,0,4
120629,AbsolutMADRID,,3,0,3,3,0,3,0,0,0,0,1
120638,ActibiciVlc,,2,0,2,2,0,2,0,0,0,0,6
120643,av,,2,0,2,2,0,2,0,0,0,0,0
120644,sifco,,2,0,2,2,0,2,0,0,0,0,0
120645,CIEsNO,,2,0,2,2,0,2,0,0,0,0,0
120647,acampadavlc,,2,0,2,2,0,2,0,0,0,0,0
120649,miguelcocchiola,,2,0,2,2,0,2,0,0,0,0,0
120650,valenciacity_es,,3,0,3,3,0,3,0,0,0,0,1
120651,valenciaenbici,,2,0,2,2,0,2,0,0,0,0,0
120652,_cristianvalen,,2,0,2,2,0,2,0,0,0,0,0
120653,ABC_CValenciana,,2,0,2,2,0,2,0,0,0,0,0
120655,LocaFmValencia,,2,0,2,2,0,2,0,0,0,0,0
120657,JorgeValencia,,2,0,2,2,0,2,0,0,0,0,0
120658,AprovechaVal,,2,0,2,2,0,2,0,0,0,0,0
120659,CtoValencia,,3,0,3,3,0,3,0,0,0,0,4
120660,eduardoesteve,,2,0,2,2,0,2,0,0,0,0,0
120661,ciberchenet,,2,0,2,2,0,2,0,0,0,0,0
120662,valenciacf_en,,2,0,2,2,0,2,0,0,0,0,0
120663,ivanhelguera1,,2,0,2,2,0,2,0,0,0,0,0
120664,joyvalencia,,2,0,2,2,0,2,0,0,0,0,0
120665,afernandez70,,2,0,2,2,0,2,0,0,0,0,0
120666,CNNValencia,,2,0,2,2,0,2,0,0,0,0,0
120667,Chori1708,,2,0,2,2,0,2,0,0,0,0,0
120668,Miravalenciacom,,3,0,3,3,0,3,0,0,0,0,1
120669,Of_ValenciaTG,,2,0,2,2,0,2,0,0,0,0,0
120671,jose_gaya,,2,0,2,2,0,2,0,0,0,0,0
120672,JotaMario_FC,,2,0,2,2,0,2,0,0,0,0,0
120673,CircuitValencia,,2,0,2,2,0,2,0,0,0,0,0
120676,VCF_Femenino,,3,0,3,3,0,3,0,0,0,0,1
120678,alc_valencia,,2,0,2,2,0,2,0,0,0,0,0
120679,Radioesport914,,2,0,2,2,0,2,0,0,0,0,0
120680,Valenciaturismo,,3,0,3,3,0,3,0,0,0,0,1
120681,paco93alcacer,,3,0,3,3,0,3,0,0,0,0,5
120686,comoju,,3,0,3,3,0,3,0,0,0,0,0
120687,VAL_elGOL,,2,0,2,2,0,2,0,0,0,0,0
120688,Valencia__CF,,3,0,3,3,0,3,0,0,0,0,1
120689,AbsolutValencia,,3,0,3,3,0,3,0,0,0,0,1
120694,TORODEALBACETE,,2,0,2,2,0,2,0,0,0,0,0
120695,Cs_AlbaceteCdad,,2,0,2,2,0,2,0,0,0,0,0
120698,AlbaceteFeriaes,,2,0,2,2,0,2,0,0,0,0,0
120700,AlbaceteTeVe,,2,0,2,2,0,2,0,0,0,0,0
120703,CampusAlbacete,,3,0,3,3,0,3,0,0,0,0,4
120704,APORAlbacete,,2,0,2,2,0,2,0,0,0,0,0
120705,esRadioAlbacete,,2,0,2,2,0,2,0,0,0,0,0
120711,PostureoAb,,2,0,2,2,0,2,0,0,0,0,0
120719,Feria_AB,,2,0,2,2,0,2,0,0,0,0,0
120720,albacetebp,,2,0,2,2,0,2,0,0,0,0,0
120725,Albacete_enfure,,2,0,2,2,0,2,0,0,0,0,0
120726,AlbaceteAbierto,,2,0,2,2,0,2,0,0,0,0,5
120729,pulido_24,,2,0,2,2,0,2,0,0,0,0,2
120732,RadioAlbacete,,2,0,2,2,0,2,0,0,0,0,5
120733,vivealbacete,,2,0,2,2,0,2,0,0,0,0,0
120734,TribunaAlbacete,,2,0,2,2,0,2,0,0,0,0,0
120735,turismoalbacete,,3,0,3,3,0,3,0,0,0,0,0
120736,MasAlbacete,,2,0,2,2,0,2,0,0,0,0,0
120739,PoliciaAlbacete,,2,0,2,2,0,2,0,0,0,0,5
120740,masquealba,,2,0,2,2,0,2,0,0,0,0,0
120741,ElDigitalAB,,2,0,2,2,0,2,0,0,0,0,0
120742,albacete,,3,0,3,3,0,3,0,0,0,0,0
120743,QuePasaenAB,,3,0,3,3,0,3,0,0,0,0,0
120744,FesTVal,,2,0,2,2,0,2,0,0,0,0,0
120767,HermeneusWorld,,3,0,3,3,0,3,0,0,0,0,4
120770,RankingMadrid,,2,0,2,2,0,2,0,0,0,0,6
120786,CruzCiegos,,2,0,2,2,0,2,0,0,0,0,0
120788,ExprimeCadiz,,4,0,4,4,0,4,0,0,0,0,5
120792,Irazulag,,2,0,2,2,0,2,0,0,0,0,6
120794,pegalajarinfo,,3,0,3,3,0,3,0,0,0,0,0
120796,quederap,,2,0,2,2,0,2,0,0,0,0,0
120799,Cursos_Malaga,,2,0,2,2,0,2,0,0,0,0,0
120804,EsJavierAgudelo,,2,0,2,2,0,2,0,0,0,0,6
120806,prensaVelefique,,2,0,2,2,0,2,0,0,0,0,0
120809,JaenInconformis,,2,0,2,2,0,2,0,0,0,0,0
120925,Almacencofrade,,2,0,2,2,0,2,0,0,0,0,0
120960,AlmacenTopChef,,2,0,2,2,0,2,0,0,0,0,0
120975,plandecompra,,2,0,2,2,0,2,0,0,0,0,0
120980,IRSenEspanol,,2,0,2,2,0,2,0,0,0,0,0
120983,AlmacenSilvana,,2,0,2,2,0,2,0,0,0,0,0
121039,NaranjasOrtega,,2,0,2,2,0,2,0,0,0,0,6
121050,kas,,2,0,2,2,0,2,0,0,0,0,0
121057,SoyLadyCorrales,,2,0,2,2,0,2,0,0,0,0,6
121071,LaArroba,,2,0,2,2,0,2,0,0,0,0,4
121078,pacolonso,,2,0,2,2,0,2,0,0,0,0,0
121079,NaranjasBOLLO,,3,0,3,3,0,3,0,0,0,0,0
121081,naranja,,2,0,2,2,0,2,0,0,0,0,2
121106,bollofruits,,2,0,2,2,0,2,0,0,0,0,0
121107,frutasangela,,2,0,2,2,0,2,0,0,0,0,0
121111,FHALMERIA,,2,0,2,2,0,2,0,0,0,0,0
121125,Noticierotextil,,2,0,2,2,0,2,0,0,0,0,0
121131,cirugialmeria,,2,0,2,2,0,2,0,0,0,0,0
121140,UDAlmeriaDirect,,2,0,2,2,0,2,0,0,0,0,0
121141,MejorandAlmeria,,2,0,2,2,0,2,0,0,0,0,0
121145,ComerEnAlmeria,,3,0,3,3,0,3,0,0,0,0,0
121146,Rocio_Almeria90,,2,0,2,2,0,2,0,0,0,0,0
121147,AlmeriaGestion,,3,0,3,3,0,3,0,0,0,0,0
121149,ElAsadorAlmeria,,2,0,2,2,0,2,0,0,0,0,0
121153,jesus_almeria,,2,0,2,2,0,2,0,0,0,0,0
121154,VubarAlmeria,,2,0,2,2,0,2,0,0,0,0,0
121155,BisbAlmeriaGDL,,2,0,2,2,0,2,0,0,0,0,0
121156,UnikaFM_Radio,,3,0,3,3,0,3,0,0,0,0,2
121157,Mc_reif,,3,0,3,3,0,3,0,0,0,0,0
121160,prao_AL,,3,0,3,3,0,3,0,0,0,0,0
121161,SATSE_Almeria,,2,0,2,2,0,2,0,0,0,0,0
121163,aleas_almeria,,2,0,2,2,0,2,0,0,0,0,0
121165,ChiccoAlmeria,,2,0,2,2,0,2,0,0,0,0,0
121166,RadioTaxAlmeria,,2,0,2,2,0,2,0,0,0,0,0
121167,ecbodepo,,3,0,3,3,0,3,0,0,0,0,0
121168,diocesisalmeria,,3,0,3,3,0,3,0,0,0,0,0
121169,TorosenAlmeria,,3,0,3,3,0,3,0,0,0,0,0
121170,perdon_almeria,,3,0,3,3,0,3,0,0,0,0,0
121171,hdadrocioalm,,3,0,3,3,0,3,0,0,0,0,0
121172,Caridad_Almeria,,3,0,3,3,0,3,0,0,0,0,0
121173,SilencioAlmeria,,2,0,2,2,0,2,0,0,0,0,0
121174,CjAlmeria,,4,0,4,4,0,4,0,0,0,0,0
121175,Cuellar24,,2,0,2,2,0,2,0,0,0,0,0
121177,Clasica_Almeria,,3,0,3,3,0,3,0,0,0,0,0
121178,PSOEAlmeria,,3,0,3,3,0,3,0,0,0,0,0
121179,dyoalmeria,,4,0,4,4,0,4,0,0,0,0,0
121180,AlmeriaVAVEL,,2,0,2,2,0,2,0,0,0,0,0
121181,Deleikum,,3,0,3,3,0,3,0,0,0,0,0
121182,AlmeriaPostureo,,4,0,4,4,0,4,0,0,0,0,0
121184,almeriaconsanz,,3,0,3,3,0,3,0,0,0,0,0
121185,PoliAlmeria,,2,0,2,2,0,2,0,0,0,0,0
121186,DeAlmeriayOle,,4,0,4,4,0,4,0,0,0,0,5
121187,Mer_barranco,,2,0,2,2,0,2,0,0,0,0,0
121188,PlanetaDemosFes,,2,0,2,2,0,2,0,0,0,0,6
121202,SalaMamboJaen,,3,0,3,3,0,3,0,0,0,0,5
121203,xeroni34,,2,0,2,2,0,2,0,0,0,0,0
121204,jaen_city,,2,0,2,2,0,2,0,0,0,0,0
121205,juanespejo_jaen,,2,0,2,2,0,2,0,0,0,0,0
121210,RincondelCostal,,2,0,2,2,0,2,0,0,0,0,0
121211,jaen_empresas,,2,0,2,2,0,2,0,0,0,0,0
121212,PubSalypimienta,,2,0,2,2,0,2,0,0,0,0,6
121213,TunadeJaen,,3,0,3,3,0,3,0,0,0,0,0
121214,PadelIndoorJaen,,2,0,2,2,0,2,0,0,0,0,0
121219,SmartCityJaen,,3,0,3,3,0,3,0,0,0,0,2
121220,EnfermeriaJaen,,4,0,4,4,0,4,0,0,0,0,4
121221,disfrutajaen,,4,0,4,4,0,4,0,0,0,0,1
121222,Saludand_Jaen,,2,0,2,2,0,2,0,0,0,0,0
121225,CatedralJaen,,2,0,2,2,0,2,0,0,0,0,0
121227,PSOEdeJAEN,,2,0,2,2,0,2,0,0,0,0,2
121228,SantaCenaJaen,,2,0,2,2,0,2,0,0,0,0,0
121229,lugaresmiticos,,3,0,3,3,0,3,0,0,0,0,0
121230,AmEstrellaJaen,,2,0,2,2,0,2,0,0,0,0,2
121231,pp_jaen,,3,0,3,3,0,3,0,0,0,0,0
121232,JaviJaen,,2,0,2,2,0,2,0,0,0,0,0
121234,OlivarSostenibl,,3,0,3,3,0,3,0,0,0,0,0
121236,AngelaGranada,,2,0,2,2,0,2,0,0,0,0,2
121237,UltrasGranada,,4,0,4,4,0,4,0,0,0,0,0
121239,jsagr,,3,0,3,3,0,3,0,0,0,0,0
121240,SparkGranada,,3,0,3,3,0,3,0,0,0,0,0
121241,GranadaJaen,,2,0,2,2,0,2,0,0,0,0,0
121242,CasasGranada_es,,4,0,4,4,0,4,0,0,0,0,0
121243,6ceroGRANADA,,4,0,4,4,0,4,0,0,0,0,0
121245,itvwxGranada,,4,0,4,4,0,4,0,0,0,0,0
121246,bandagranada,,6,0,6,6,0,6,0,0,0,0,1
121248,KikiFutFifa,,3,0,3,3,0,3,0,0,0,0,0
121249,DoctoraFernanda,,2,0,2,2,0,2,0,0,0,0,0
121251,Hyundaigranada,,3,0,3,3,0,3,0,0,0,0,0
121252,granadaselche,,3,0,3,3,0,3,0,0,0,0,0
121253,isabelgranada21,,4,0,4,4,0,4,0,0,0,0,0
121254,JulietaGranada,,3,0,3,3,0,3,0,0,0,0,0
121256,EquoMlgCiudad,,3,0,3,3,0,3,0,0,0,0,0
121257,J_Baptista81,,2,0,2,2,0,2,0,0,0,0,0
121258,Malaga_Centro,,3,0,3,3,0,3,0,0,0,0,0
121259,Malaga_Nostra,,2,0,2,2,0,2,0,0,0,0,0
121260,enc_ciencia,,2,0,2,2,0,2,0,0,0,0,6
121263,ugtmalaga,,2,0,2,2,0,2,0,0,0,0,0
121267,frentebokeron86,,2,0,2,2,0,2,0,0,0,0,0
121269,EmancipateMLG,,2,0,2,2,0,2,0,0,0,0,0
121270,tramitesmalaga,,2,0,2,2,0,2,0,0,0,0,2
121271,CuponOle,,2,0,2,2,0,2,0,0,0,0,0
121272,Malaga_Party2,,2,0,2,2,0,2,0,0,0,0,6
121276,HEPATITIS_C_MLG,,2,0,2,2,0,2,0,0,0,0,0
121279,7TVMalaga,,2,0,2,2,0,2,0,0,0,0,4
121281,radionica,,2,0,2,2,0,2,0,0,0,0,0
121282,Oferplan_SUR,,2,0,2,2,0,2,0,0,0,0,0
121283,TurismoVelezMLG,,2,0,2,2,0,2,0,0,0,0,0
121284,UJCEMalaga,,2,0,2,2,0,2,0,0,0,0,0
121285,AuxiliadoraMLG,,2,0,2,2,0,2,0,0,0,0,0
121287,ClubRugbyMalaga,,3,0,3,3,0,3,0,0,0,0,1
121288,MalagaSmartCity,,2,0,2,2,0,2,0,0,0,0,6
121289,AEMET_Malaga,,2,0,2,2,0,2,0,0,0,0,0
121290,viva_malaga,,2,0,2,2,0,2,0,0,0,0,0
121291,CCTTVictoriamlg,,2,0,2,2,0,2,0,0,0,0,0
121292,sinfonicamalaga,,3,0,3,3,0,3,0,0,0,0,0
121293,ComunistasMLG,,2,0,2,2,0,2,0,0,0,0,0
121294,RadioMarcaMLG,,3,0,3,3,0,3,0,0,0,0,3
121296,Javilopd35,,2,0,2,2,0,2,0,0,0,0,1
121297,whitefestivalma,,2,0,2,2,0,2,0,0,0,0,6
121298,bmESPERANZA,,2,0,2,2,0,2,0,0,0,0,0
121299,protemalaga,,2,0,2,2,0,2,0,0,0,0,0
121300,CsMalaga,,3,0,3,3,0,3,0,0,0,0,5
121301,MalagaEP,,2,0,2,2,0,2,0,0,0,0,0
121302,Historia_Malaga,,2,0,2,2,0,2,0,0,0,0,0
121303,TwistoriadelMLG,,2,0,2,2,0,2,0,0,0,0,0
121304,MalagaCF_en,,3,0,3,3,0,3,0,0,0,0,3
121309,7_Palabras,,2,0,2,2,0,2,0,0,0,0,0
121312,Orientadorweb,,3,0,3,3,0,3,0,0,0,0,0
121313,hoyensevilla,,3,0,3,3,0,3,0,0,0,0,4
121317,Hotels_Sevilla,,3,0,3,3,0,3,0,0,0,0,0
121319,FallaEnSevilla,,2,0,2,2,0,2,0,0,0,0,5
121320,CLIC_IH,,3,0,3,3,0,3,0,0,0,0,1
121322,AHS_sevilla,,3,0,3,3,0,3,0,0,0,0,1
121323,LaSevillaCofrad,,2,0,2,2,0,2,0,0,0,0,0
121326,hastalamuerte,,2,0,2,2,0,2,0,0,0,0,0
121328,SEV_GOL_digital,,2,0,2,2,0,2,0,0,0,0,6
121330,coca_sevilla,,2,0,2,2,0,2,0,0,0,0,0
121333,Joaquin_Sevilla,,2,0,2,2,0,2,0,0,0,0,0
121334,SarusSevilla,,2,0,2,2,0,2,0,0,0,0,1
121335,CateSevilla,,3,0,3,3,0,3,0,0,0,0,0
121336,BlogueroSevilla,,3,0,3,3,0,3,0,0,0,0,0
121337,aeropuertoSVQ,,2,0,2,2,0,2,0,0,0,0,4
121338,Ocio_en_Sevilla,,3,0,3,3,0,3,0,0,0,0,0
121341,Poblanski,,2,0,2,2,0,2,0,0,0,0,0
121345,DRY_Cordoba,,2,0,2,2,0,2,0,0,0,0,5
121346,Cesarfight4life,,2,0,2,2,0,2,0,0,0,0,2
121367,GI_Cordoba,,2,0,2,2,0,2,0,0,0,0,1
121369,jpuscordoba,,2,0,2,2,0,2,0,0,0,0,0
121372,cultura_cordoba,,2,0,2,2,0,2,0,0,0,0,6
121373,Teleagenda,,2,0,2,2,0,2,0,0,0,0,0
121375,ElDoce,,2,0,2,2,0,2,0,0,0,0,0
121378,SabyLACORDOBA,,2,0,2,2,0,2,0,0,0,0,0
121381,BelgranoCordoba,,2,0,2,2,0,2,0,0,0,0,0
121382,ximenacordoba,,2,0,2,2,0,2,0,0,0,0,0
121389,estrellalevante,,3,0,3,3,0,3,0,0,0,0,6
121394,Gurusblog,,3,0,3,3,0,3,0,0,0,0,0
121400,emilio_moro,,2,0,2,2,0,2,0,0,0,0,0
121401,BodegasCampillo,,2,0,2,2,0,2,0,0,0,0,0
121404,altanzabodegas,,2,0,2,2,0,2,0,0,0,0,0
121408,BodegasBeronia,,2,0,2,2,0,2,0,0,0,0,0
121424,comporespana,,2,0,2,2,0,2,0,0,0,0,0
121435,SportFans_,,2,0,2,2,0,2,0,0,0,0,5
121438,Rock_Press,,2,0,2,2,0,2,0,0,0,0,5
121442,miestrado,,2,0,2,2,0,2,0,0,0,0,0
121444,GadgetsCalidad,,2,0,2,2,0,2,0,0,0,0,4
121449,multimediamx_,,2,0,2,2,0,2,0,0,0,0,6
121450,CarmotubeTV,,3,0,3,3,0,3,0,0,0,0,0
121454,SoyCristianRey,,2,0,2,2,0,2,0,0,0,0,6
121468,FerroHernando,,2,0,2,2,0,2,0,0,0,0,0
121469,DeividRules,,2,0,2,2,0,2,0,0,0,0,0
121475,GastronomiaPma,,2,0,2,2,0,2,0,0,0,0,0
121478,lamallorquina20,,2,0,2,2,0,2,0,0,0,0,0
121487,MeditaenCadiz,,2,0,2,2,0,2,0,0,0,0,0
121499,anuoraguilar,,2,0,2,2,0,2,0,0,0,0,0
121501,thermasdegrinon,,2,0,2,2,0,2,0,0,0,0,0
121512,SetPay,,3,0,3,3,0,3,0,0,0,0,6
121515,callelaurel_,,2,0,2,2,0,2,0,0,0,0,0
121516,dukasnote,,2,0,2,2,0,2,0,0,0,0,0
121524,ortiz_romera,,2,0,2,2,0,2,0,0,0,0,0
121531,More23742022,,2,0,2,2,0,2,0,0,0,0,0
121534,MBaye9Niang,,3,0,3,3,0,3,0,0,0,0,0
121537,Pele,,3,0,3,3,0,3,0,0,0,0,2
121539,beckenbauer,,3,0,3,3,0,3,0,0,0,0,1
121542,Oficial_RC3,,3,0,3,3,0,3,0,0,0,0,0
121543,TheRealSalgado,,2,0,2,2,0,2,0,0,0,0,0
121548,RaulDeTomas9,,2,0,2,2,0,2,0,0,0,0,5
121551,AlexFdez8,,2,0,2,2,0,2,0,0,0,0,0
121552,92pacheco,,2,0,2,2,0,2,0,0,0,0,0
121553,HectorMorenoh,,2,0,2,2,0,2,0,0,0,0,0
121554,Cheryshev,,3,0,3,3,0,3,0,0,0,0,5
121555,KikoCasilla13,,2,0,2,2,0,2,0,0,0,0,5
121556,OficialGio,,2,0,2,2,0,2,0,0,0,0,2
121557,martinio98,,3,0,3,3,0,3,0,0,0,0,0
121558,Casemiro,,3,0,3,3,0,3,0,0,0,0,5
121560,vueltayvueltaRN,,2,0,2,2,0,2,0,0,0,0,1
121562,RestauranteCafe,,2,0,2,2,0,2,0,0,0,0,4
121564,RestaurantesCom,,3,0,3,3,0,3,0,0,0,0,8
121565,Etxanobe,,2,0,2,2,0,2,0,0,0,0,3
121566,FreshPlaza_es,,3,0,3,3,0,3,0,0,0,0,7
121568,KAICIID,,2,0,2,2,0,2,0,0,0,0,0
121570,LuciaJimenezTV,,2,0,2,2,0,2,0,0,0,0,0
121575,rodrigogiorgeta,,2,0,2,2,0,2,0,0,0,0,0
121579,350,,2,0,2,2,0,2,0,0,0,0,1
121585,soyelestratega,,2,0,2,2,0,2,0,0,0,0,4
121587,EstiloMarques,,2,0,2,2,0,2,0,0,0,0,0
121591,vicEESum,,2,0,2,2,0,2,0,0,0,0,0
121594,eBayNewsroom,,2,0,2,2,0,2,0,0,0,0,0
121596,eBay,,2,0,2,2,0,2,0,0,0,0,0
121598,Discover,,2,0,2,2,0,2,0,0,0,0,0
121599,jesusdelaosa,,2,0,2,2,0,2,0,0,0,0,4
121605,BofA_News,,2,0,2,2,0,2,0,0,0,0,2
121607,Citi,,2,0,2,2,0,2,0,0,0,0,0
121608,Citibank,,2,0,2,2,0,2,0,0,0,0,1
121609,BarclaysUK,,2,0,2,2,0,2,0,0,0,0,2
121611,CreditSuisse,,2,0,2,2,0,2,0,0,0,0,1
121615,laurentgarnier,,2,0,2,2,0,2,0,0,0,0,6
121622,LocuraGrana,,2,0,2,2,0,2,0,0,0,0,0
121623,Lacasitos,,3,0,3,3,0,3,0,0,0,0,6
121624,TheGoodBurger,,3,0,3,3,0,3,0,0,0,0,7
121625,Malibu_ES,,3,0,3,3,0,3,0,0,0,0,1
121626,popitas,,2,0,2,2,0,2,0,0,0,0,0
121628,Donettes,,2,0,2,2,0,2,0,0,0,0,1
121630,chocolatesvalor,,3,0,3,3,0,3,0,0,0,0,4
121631,vickyfoods,,3,0,3,3,0,3,0,0,0,0,4
121632,Condislife,,2,0,2,2,0,2,0,0,0,0,6
121633,caprabo,,2,0,2,2,0,2,0,0,0,0,0
121634,Restaliagrupo,,2,0,2,2,0,2,0,0,0,0,0
121635,smooy,,3,0,3,3,0,3,0,0,0,0,4
121637,christiandve,,2,0,2,2,0,2,0,0,0,0,6
121651,terefeat,,2,0,2,2,0,2,0,0,0,0,2
121652,TE_GranEmpresa,,3,0,3,3,0,3,0,0,0,0,1
121655,CapitolEmpresa,,2,0,2,2,0,2,0,0,0,0,0
121662,Pemex,,2,0,2,2,0,2,0,0,0,0,2
121670,mieceuc3m,,2,0,2,2,0,2,0,0,0,0,4
121673,DeporteyEmpresa,,2,0,2,2,0,2,0,0,0,0,0
121674,danielamyca,,3,0,3,3,0,3,0,0,0,0,2
121676,empresaespana,,3,0,3,3,0,3,0,0,0,0,0
121681,EmpresaUE,,2,0,2,2,0,2,0,0,0,0,4
121684,Guerrilla_SMM,,2,0,2,2,0,2,0,0,0,0,0
121687,TuEmpresaEnUSA,,2,0,2,2,0,2,0,0,0,0,2
121690,empresaolimpica,,2,0,2,2,0,2,0,0,0,0,0
121693,empresa,,2,0,2,2,0,2,0,0,0,0,0
121694,maria_bc_2020,,3,0,3,3,0,3,0,0,0,0,0
121695,crearmiempresa,,2,0,2,2,0,2,0,0,0,0,0
121696,creativa_works,,3,0,3,3,0,3,0,0,0,0,0
121701,empresa_pyme,,3,0,3,3,0,3,0,0,0,0,0
121702,tuempresa,,2,0,2,2,0,2,0,0,0,0,4
121704,CaroCruzEmpresa,,2,0,2,2,0,2,0,0,0,0,0
121705,EmpresasPolar,,3,0,3,3,0,3,0,0,0,0,0
121752,Birra_Birrae,,2,0,2,2,0,2,0,0,0,0,0
121764,IBWT,,2,0,2,2,0,2,0,0,0,0,0
121765,LaBuenaCerveza,,2,0,2,2,0,2,0,0,0,0,0
121769,BriBriFruits,,2,0,2,2,0,2,0,0,0,0,0
121774,ComicsUniversal,,2,0,2,2,0,2,0,0,0,0,0
121802,AthleticdBilbao,,2,0,2,2,0,2,0,0,0,0,0
121803,AEI,,2,0,2,2,0,2,0,0,0,0,1
121812,JustineGreening,,2,0,2,2,0,2,0,0,0,0,2
121819,RuthDavidsonMSP,,2,0,2,2,0,2,0,0,0,0,1
121821,ConservasAbu,,2,0,2,2,0,2,0,0,0,0,0
121824,salanort,,2,0,2,2,0,2,0,0,0,0,0
121838,Cineenconserva,,2,0,2,2,0,2,0,0,0,0,0
121851,con_chanquete,,2,0,2,2,0,2,0,0,0,0,0
121867,argan_aceite,,2,0,2,2,0,2,0,0,0,0,1
121893,ImpExpAceiteOli,,3,0,3,3,0,3,0,0,0,0,0
121897,RciclandoAceite,,2,0,2,2,0,2,0,0,0,0,0
121903,Fruristeria,,2,0,2,2,0,2,0,0,0,0,0
121908,FruitAttraction,,3,0,3,3,0,3,0,0,0,0,0
121927,RevistaMercados,,2,0,2,2,0,2,0,0,0,0,0
121932,Frutasfoix,,2,0,2,2,0,2,0,0,0,0,0
121934,pinkberryperu,,2,0,2,2,0,2,0,0,0,0,2
121939,NiSeNiQue,,2,0,2,2,0,2,0,0,0,0,6
121952,FrutasEscandell,,2,0,2,2,0,2,0,0,0,0,0
121955,frutasolivar,,2,0,2,2,0,2,0,0,0,0,0
121957,frutasmonge,,3,0,3,3,0,3,0,0,0,0,0
121961,FrutasBruno,,2,0,2,2,0,2,0,0,0,0,0
121963,fTROPS,,3,0,3,3,0,3,0,0,0,0,0
121967,MarcoASolis,,2,0,2,2,0,2,0,0,0,0,2
121982,webdelfutbol,,2,0,2,2,0,2,0,0,0,0,0
121987,ideuniversidad,,2,0,2,2,0,2,0,0,0,0,6
121993,futbolfanof,,2,0,2,2,0,2,0,0,0,0,2
122000,futboltactico,,3,0,3,3,0,3,0,0,0,0,6
122003,ArteDelFutbol,,3,0,3,3,0,3,0,0,0,0,6
122004,Futbol_MiVida,,2,0,2,2,0,2,0,0,0,0,0
122006,FutbolIntellect,,2,0,2,2,0,2,0,0,0,0,0
122008,NotiFutbol,,2,0,2,2,0,2,0,0,0,0,0
122009,FerCevallosF,,2,0,2,2,0,2,0,0,0,0,0
122010,TacticaDeFutbol,,2,0,2,2,0,2,0,0,0,0,0
122011,BullyingFutbol,,2,0,2,2,0,2,0,0,0,0,0
122013,CuriosodeFutbol,,2,0,2,2,0,2,0,0,0,0,0
122014,fpt_argentina,,2,0,2,2,0,2,0,0,0,0,0
122015,DiarioFutbol_mx,,3,0,3,3,0,3,0,0,0,0,6
122017,Cacho_tw,,2,0,2,2,0,2,0,0,0,0,6
122018,DanubioFC,,3,0,3,3,0,3,0,0,0,0,0
122020,ExpressFutbol_,,2,0,2,2,0,2,0,0,0,0,6
122022,FichajeGoleador,,2,0,2,2,0,2,0,0,0,0,0
122023,Futbool_Fotos,,2,0,2,2,0,2,0,0,0,0,6
122026,DiegoForlan7,,4,0,4,4,0,4,0,0,0,0,2
122027,futbolmahou,,2,0,2,2,0,2,0,0,0,0,0
122028,futbol,,2,0,2,2,0,2,0,0,0,0,6
122029,AytoCortesFront,,2,0,2,2,0,2,0,0,0,0,0
122031,danielgaeta,,2,0,2,2,0,2,0,0,0,0,0
122036,sansecomunica,,2,0,2,2,0,2,0,0,0,0,0
122049,Esther_Gomez_M,,2,0,2,2,0,2,0,0,0,0,6
122050,inurrieta,,2,0,2,2,0,2,0,0,0,0,6
122060,ayuntamientoibi,,2,0,2,2,0,2,0,0,0,0,0
122061,AytodeLoeches,,2,0,2,2,0,2,0,0,0,0,0
122062,aytopajara,,2,0,2,2,0,2,0,0,0,0,3
122064,Ayto_Cartama,,2,0,2,2,0,2,0,0,0,0,1
122069,aytodegerena,,2,0,2,2,0,2,0,0,0,0,0
122071,Ayto_Morata,,2,0,2,2,0,2,0,0,0,0,6
122074,segovia_es,,2,0,2,2,0,2,0,0,0,0,1
122076,CarmonaAyto,,2,0,2,2,0,2,0,0,0,0,0
122082,DecideMadrid,,2,0,2,2,0,2,0,0,0,0,0
122083,Ayto_Avila,,2,0,2,2,0,2,0,0,0,0,6
122087,toledoayto,,3,0,3,3,0,3,0,0,0,0,4
122090,AyuntaMerida,,2,0,2,2,0,2,0,0,0,0,4
122091,PueblaAyto,,2,0,2,2,0,2,0,0,0,0,0
122132,froetmurcia,,2,0,2,2,0,2,0,0,0,0,0
122139,MuIndustria40,,2,0,2,2,0,2,0,0,0,0,6
122145,UPyDMolinadeSeg,,2,0,2,2,0,2,0,0,0,0,0
122153,juventudmolina,,2,0,2,2,0,2,0,0,0,0,1
122160,taxi_molina,,2,0,2,2,0,2,0,0,0,0,6
122161,deportado4443,,2,0,2,2,0,2,0,0,0,0,0
122165,CsMolinaSegura,,2,0,2,2,0,2,0,0,0,0,0
122183,Alicante_Design,,2,0,2,2,0,2,0,0,0,0,0
122185,htrabajoalicant,,2,0,2,2,0,2,0,0,0,0,0
122187,SofiaAlicante,,2,0,2,2,0,2,0,0,0,0,0
122188,rmalicante,,2,0,2,2,0,2,0,0,0,0,0
122194,DiariodAlicante,,2,0,2,2,0,2,0,0,0,0,0
122200,TacoBellSpain,,3,0,3,3,0,3,0,0,0,0,1
122201,iniciador_ALC,,2,0,2,2,0,2,0,0,0,0,0
122203,MACAAlicante,,2,0,2,2,0,2,0,0,0,0,0
122205,maytevs,,2,0,2,2,0,2,0,0,0,0,0
122209,RUA_Alicante,,2,0,2,2,0,2,0,0,0,0,0
122212,SedeAlicante_UA,,2,0,2,2,0,2,0,0,0,0,4
122221,meliaalicante,,2,0,2,2,0,2,0,0,0,0,0
122224,AlicanteOut,,2,0,2,2,0,2,0,0,0,0,0
122226,PSPV_Alacant,,2,0,2,2,0,2,0,0,0,0,0
122227,AlicantePress,,2,0,2,2,0,2,0,0,0,0,0
122229,ALC_Airport,,2,0,2,2,0,2,0,0,0,0,0
122233,NochesAlicante,,2,0,2,2,0,2,0,0,0,0,6
122234,alicanteayto,,2,0,2,2,0,2,0,0,0,0,0
122236,Ocio_Alicante,,3,0,3,3,0,3,0,0,0,0,0
122237,gentedealicante,,2,0,2,2,0,2,0,0,0,0,0
122238,dipuAlicante,,2,0,2,2,0,2,0,0,0,0,0
122240,Badstuber,,2,0,2,2,0,2,0,0,0,0,2
122241,XS_11official,,3,0,3,3,0,3,0,0,0,0,2
122242,David_Alaba,,3,0,3,3,0,3,0,0,0,0,2
122243,R13_official,,3,0,3,3,0,3,0,0,0,0,2
122246,dante_bonfim,,3,0,3,3,0,3,0,0,0,0,2
122247,paulinhop8,,2,0,2,2,0,2,0,0,0,0,2
122248,fernandinho,,2,0,2,2,0,2,0,0,0,0,5
122249,Rami7oficial,,3,0,3,3,0,3,0,0,0,0,6
122250,BufetePerezPozo,,2,0,2,2,0,2,0,0,0,0,0
122251,willianborges88,,3,0,3,3,0,3,0,0,0,0,6
122252,filipeluis,,3,0,3,3,0,3,0,0,0,0,0
122253,oscar8,,3,0,3,3,0,3,0,0,0,0,0
122254,TheRealAC3,,3,0,3,3,0,3,0,0,0,0,0
122255,CesarAzpi,,3,0,3,3,0,3,0,0,0,0,6
122257,GaryJCahill,,3,0,3,3,0,3,0,0,0,0,6
122261,Andre_Schuerrle,,3,0,3,3,0,3,0,0,0,0,6
122263,BSchweinsteiger,,3,0,3,3,0,3,0,0,0,0,2
122264,esmuellert_,,3,0,3,3,0,3,0,0,0,0,5
122265,MarioGoetze,,4,0,4,4,0,4,0,0,0,0,2
122266,JeromeBoateng,,3,0,3,3,0,3,0,0,0,0,2
122277,EuroQualifiers,,2,0,2,2,0,2,0,0,0,0,3
122293,ASEDAS_ORG,,2,0,2,2,0,2,0,0,0,0,0
122304,SMignolet,,2,0,2,2,0,2,0,0,0,0,5
122305,DecydeViaAsesor,,2,0,2,2,0,2,0,0,0,0,2
122309,AlacantiTv,,2,0,2,2,0,2,0,0,0,0,0
122310,elmundoalc,,2,0,2,2,0,2,0,0,0,0,0
122311,COPEAlicante,,2,0,2,2,0,2,0,0,0,0,0
122312,ABC_Alicante,,2,0,2,2,0,2,0,0,0,0,0
122313,Slugline_es,,2,0,2,2,0,2,0,0,0,0,0
122314,alicante_s,,2,0,2,2,0,2,0,0,0,0,0
122317,ccgranvia,,2,0,2,2,0,2,0,0,0,0,0
122322,gallinablanca,,3,0,3,3,0,3,0,0,0,0,0
122328,margrandio,,2,0,2,2,0,2,0,0,0,0,4
122335,DiegoAviles_,,2,0,2,2,0,2,0,0,0,0,0
122339,Cs_Murcia,,2,0,2,2,0,2,0,0,0,0,0
122342,JMMovilla,,2,0,2,2,0,2,0,0,0,0,5
122345,COTS_Murcia,,2,0,2,2,0,2,0,0,0,0,4
122357,AsociacinMurcia,,3,0,3,3,0,3,0,0,0,0,0
122358,dipMurcia,,2,0,2,2,0,2,0,0,0,0,0
122373,TSJMurcia,,2,0,2,2,0,2,0,0,0,0,0
122374,abc_murcia,,2,0,2,2,0,2,0,0,0,0,0
122375,JaviMGomez,,2,0,2,2,0,2,0,0,0,0,0
122376,teatrocircomur,,2,0,2,2,0,2,0,0,0,0,4
122377,Joey7Barton,,2,0,2,2,0,2,0,0,0,0,2
122378,fifacom_es,,3,0,3,3,0,3,0,0,0,0,0
122380,LigadeCampeones,,2,0,2,2,0,2,0,0,0,0,0
122381,RobbieSavage8,,2,0,2,2,0,2,0,0,0,0,2
122386,PhilJones4,,3,0,3,3,0,3,0,0,0,0,2
122387,Fellaini,,3,0,3,3,0,3,0,0,0,0,2
122389,SergiSamper,,2,0,2,2,0,2,0,0,0,0,2
122390,sandroramirez9,,2,0,2,2,0,2,0,0,0,0,5
122392,Havana7_ES,,2,0,2,2,0,2,0,0,0,0,0
122393,TwitterNews,,3,0,3,3,0,3,0,0,0,0,7
122394,TwitterFashion,,2,0,2,2,0,2,0,0,0,0,2
122395,PPCatalunya,,2,0,2,2,0,2,0,0,0,0,0
122396,RadioMARCA,,3,0,3,3,0,3,0,0,0,0,3
122397,Los40Classic,,3,0,3,3,0,3,0,0,0,0,2
122398,Radiole_oficial,,3,0,3,3,0,3,0,0,0,0,0
122399,anablanco_tve,,3,0,3,3,0,3,0,0,0,0,1
122400,ExpositoCOPE,,3,0,3,3,0,3,0,0,0,0,5
122401,interviu,,2,0,2,2,0,2,0,0,0,0,5
122402,GlamourSpain,,4,0,4,4,0,4,0,0,0,0,2
122403,telva,,3,0,3,3,0,3,0,0,0,0,0
122404,cuore,,3,0,3,3,0,3,0,0,0,0,1
122405,UDLP_Oficial,,3,0,3,3,0,3,0,0,0,0,6
122406,RealSporting,,3,0,3,3,0,3,0,0,0,0,2
122407,laralvarezg,,3,0,3,3,0,3,0,0,0,0,2
122409,ArturoValls,,3,0,3,3,0,3,0,0,0,0,0
122410,Fuentes_Manel,,3,0,3,3,0,3,0,0,0,0,0
122411,juanhormiguero,,2,0,2,2,0,2,0,0,0,0,0
122412,Calle13,,2,0,2,2,0,2,0,0,0,0,0
122413,SweetCalifornia,,2,0,2,2,0,2,0,0,0,0,0
122415,edicionesiruela,,2,0,2,2,0,2,0,0,0,0,4
122417,AnaLocking,,2,0,2,2,0,2,0,0,0,0,0
122418,Roberto_Verino,,3,0,3,3,0,3,0,0,0,0,0
122420,andres_sarda,,2,0,2,2,0,2,0,0,0,0,0
122421,salvameoficial,,3,0,3,3,0,3,0,0,0,0,5
122422,SyC,,3,0,3,3,0,3,0,0,0,0,0
122423,VelvetOficial,,3,0,3,3,0,3,0,0,0,0,5
122424,NegrosConAtaud,,2,0,2,2,0,2,0,0,0,0,0
122425,figurinepanini,,2,0,2,2,0,2,0,0,0,0,3
122426,OfficialEl92,,3,0,3,3,0,3,0,0,0,0,3
122427,azzurri,,5,0,5,5,0,5,0,0,0,0,3
122428,esdavids,,2,0,2,2,0,2,0,0,0,0,2
122429,OfficialMonto,,3,0,3,3,0,3,0,0,0,0,3
122430,JoleonLescott,,3,0,3,3,0,3,0,0,0,0,2
122443,siemdejong,,2,0,2,2,0,2,0,0,0,0,2
122447,MR11ok,,3,0,3,3,0,3,0,0,0,0,2
122448,Javi_Pastore,,2,0,2,2,0,2,0,0,0,0,2
122451,OptaJean,,2,0,2,2,0,2,0,0,0,0,2
122452,pablo_zabaleta,,3,0,3,3,0,3,0,0,0,0,2
122453,PSG_espanol,,2,0,2,2,0,2,0,0,0,0,0
122459,ECavaniOfficial,,3,0,3,3,0,3,0,0,0,0,3
122465,AFCAjax,,2,0,2,2,0,2,0,0,0,0,6
122466,camilozuniga18,,3,0,3,3,0,3,0,0,0,0,3
122467,D_Ospina1,,2,0,2,2,0,2,0,0,0,0,3
122474,YCabayeofficiel,,3,0,3,3,0,3,0,0,0,0,2
122476,pumafootball,,3,0,3,3,0,3,0,0,0,0,3
122477,GervinhOfficial,,3,0,3,3,0,3,0,0,0,0,3
122480,Podolski10,,3,0,3,3,0,3,0,0,0,0,2
122481,2MONTOYA,,2,0,2,2,0,2,0,0,0,0,2
122485,FCBhoquei,,2,0,2,2,0,2,0,0,0,0,3
122486,FCBfutbolsala,,2,0,2,2,0,2,0,0,0,0,3
122489,FCBPenyes,,2,0,2,2,0,2,0,0,0,0,3
122490,FCBmasia,,2,0,2,2,0,2,0,0,0,0,2
122494,thomasvermaelen,,2,0,2,2,0,2,0,0,0,0,2
122495,FCBbasket,,2,0,2,2,0,2,0,0,0,0,2
122496,mterstegen1,,2,0,2,2,0,2,0,0,0,0,2
122498,Juangerr,,2,0,2,2,0,2,0,0,0,0,5
122499,DjValdiTv,,3,0,3,3,0,3,0,0,0,0,6
122500,Cs_Alicante,,2,0,2,2,0,2,0,0,0,0,0
122502,radioalicante,,2,0,2,2,0,2,0,0,0,0,0
122503,informacion_es,,2,0,2,2,0,2,0,0,0,0,0
122509,BrujulaOndaCero,,2,0,2,2,0,2,0,0,0,0,0
122510,gloria_serra,,2,0,2,2,0,2,0,0,0,0,8
122511,PabloZalba,,3,0,3,3,0,3,0,0,0,0,4
122512,helenaresano,,2,0,2,2,0,2,0,0,0,0,4
122513,EqInvestigacion,,2,0,2,2,0,2,0,0,0,0,0
122514,KMESSocialTV,,2,0,2,2,0,2,0,0,0,0,0
122515,laSextaColumna,,2,0,2,2,0,2,0,0,0,0,6
122516,MVTARDE,,3,0,3,3,0,3,0,0,0,0,0
122517,AHRodicio,,2,0,2,2,0,2,0,0,0,0,5
122518,Avivir,,3,0,3,3,0,3,0,0,0,0,0
122519,A_Valenzuela,,3,0,3,3,0,3,0,0,0,0,0
122521,Pdemocratacat,,3,0,3,3,0,3,0,0,0,0,0
122522,AS_Manolete,,3,0,3,3,0,3,0,0,0,0,0
122523,Palop1,,2,0,2,2,0,2,0,0,0,0,2
122524,Ronaldo,,2,0,2,2,0,2,0,0,0,0,0
122525,DavidLuiz_4,,3,0,3,3,0,3,0,0,0,0,2
122526,EAbidalOfficial,,2,0,2,2,0,2,0,0,0,0,2
122527,aguerosergiokun,,3,0,3,3,0,3,0,0,0,0,0
122528,melchormiralles,,2,0,2,2,0,2,0,0,0,0,0
122530,pacoviudes,,2,0,2,2,0,2,0,0,0,0,6
122533,NinaSenicar,,3,0,3,3,0,3,0,0,0,0,3
122534,NargiFederica,,3,0,3,3,0,3,0,0,0,0,3
122535,Giorgia_Palmas,,3,0,3,3,0,3,0,0,0,0,3
122536,lamaddyb,,2,0,2,2,0,2,0,0,0,0,3
122566,chunkymark,,2,0,2,2,0,2,0,0,0,0,2
122593,DannyDeVito,,2,0,2,2,0,2,0,0,0,0,1
122646,NHSuk,,3,0,3,3,0,3,0,0,0,0,2
122649,BBCr4today,,2,0,2,2,0,2,0,0,0,0,2
122654,KFF,,2,0,2,2,0,2,0,0,0,0,2
122707,HongKongTourism,,2,0,2,2,0,2,0,0,0,0,2
122713,discoverhk,,3,0,3,3,0,3,0,0,0,0,2
122716,alfonslopeztena,,2,0,2,2,0,2,0,0,0,0,5
122725,laurentbaheux,,2,0,2,2,0,2,0,0,0,0,2
122731,SoBeOrganized,,2,0,2,2,0,2,0,0,0,0,2
122732,krishgm,,2,0,2,2,0,2,0,0,0,0,2
122734,Peston,,2,0,2,2,0,2,0,0,0,0,2
122735,briansolis,,3,0,3,3,0,3,0,0,0,0,2
122736,danzarrella,,2,0,2,2,0,2,0,0,0,0,2
122737,adamsconsulting,,2,0,2,2,0,2,0,0,0,0,2
122764,CordeiroRick,,3,0,3,3,0,3,0,0,0,0,2
122782,bmsnews,,2,0,2,2,0,2,0,0,0,0,2
122787,Nick_Offerman,,2,0,2,2,0,2,0,0,0,0,2
122788,mradamscott,,2,0,2,2,0,2,0,0,0,0,2
122804,OctoberJones,,2,0,2,2,0,2,0,0,0,0,2
122805,AntiJokeCat,,2,0,2,2,0,2,0,0,0,0,2
122809,PigeonJon,,2,0,2,2,0,2,0,0,0,0,2
122810,WeirdHorse,,3,0,3,3,0,3,0,0,0,0,2
122813,Mo_Farah,,2,0,2,2,0,2,0,0,0,0,2
122815,SarahKSilverman,,3,0,3,3,0,3,0,0,0,0,2
122817,EnJaenEs,,3,0,3,3,0,3,0,0,0,0,5
122818,QuejasJaen,,3,0,3,3,0,3,0,0,0,0,2
122819,JaenNow,,3,0,3,3,0,3,0,0,0,0,2
122839,DavidCantone,,2,0,2,2,0,2,0,0,0,0,2
122840,jsmartos,,3,0,3,3,0,3,0,0,0,0,6
122849,scotrefcouncil,,2,0,2,2,0,2,0,0,0,0,2
122850,refugeecouncil,,2,0,2,2,0,2,0,0,0,0,2
122856,monicats,,2,0,2,2,0,2,0,0,0,0,2
122859,Baddiel,,2,0,2,2,0,2,0,0,0,0,2
122864,ForTheMany2020,,2,0,2,2,0,2,0,0,0,0,2
122871,SpeakyLanguages,,3,0,3,3,0,3,0,0,0,0,1
122880,SimonManleyFCDO,,2,0,2,2,0,2,0,0,0,0,2
122884,RufusHound,,3,0,3,3,0,3,0,0,0,0,2
122885,NHSMillion,,2,0,2,2,0,2,0,0,0,0,2
122888,daraobriain,,2,0,2,2,0,2,0,0,0,0,2
122889,BillBailey,,2,0,2,2,0,2,0,0,0,0,2
122894,AmnestyUK,,3,0,3,3,0,3,0,0,0,0,2
122897,PeoplesNHS,,2,0,2,2,0,2,0,0,0,0,2
122912,MasterChefUK,,2,0,2,2,0,2,0,0,0,0,0
122917,UsingEnglish,,2,0,2,2,0,2,0,0,0,0,2
122918,creandoriqueza1,,2,0,2,2,0,2,0,0,0,0,2
122921,inlinguaMadrid,,2,0,2,2,0,2,0,0,0,0,2
122970,TrinityC_L,,2,0,2,2,0,2,0,0,0,0,2
122974,OUPELTGlobal,,3,0,3,3,0,3,0,0,0,0,2
122979,convexchange,,2,0,2,2,0,2,0,0,0,0,4
122993,fionamau,,2,0,2,2,0,2,0,0,0,0,2
122995,Marisa_C,,2,0,2,2,0,2,0,0,0,0,2
122999,TCLSpain,,3,0,3,3,0,3,0,0,0,0,2
123010,DeviantArt,,3,0,3,3,0,3,0,0,0,0,0
123020,AIGAdesign,,3,0,3,3,0,3,0,0,0,0,2
123037,rustyrockets,,3,0,3,3,0,3,0,0,0,0,2
123055,DarrenKavinoky,,3,0,3,3,0,3,0,0,0,0,0
123070,ChatKitchen,,2,0,2,2,0,2,0,0,0,0,0
123077,kosma003,,2,0,2,2,0,2,0,0,0,0,0
123080,robtswthrayguns,,2,0,2,2,0,2,0,0,0,0,3
123085,Erasmus_Alcala,,3,0,3,3,0,3,0,0,0,0,1
123099,cognacproperty,,2,0,2,2,0,2,0,0,0,0,0
123100,poitoucharentes,,2,0,2,2,0,2,0,0,0,0,0
123113,FranceVoyage,,3,0,3,3,0,3,0,0,0,0,0
123116,FR_FranceFR,,3,0,3,3,0,3,0,0,0,0,0
123125,trevimoran,,2,0,2,2,0,2,0,0,0,0,0
123126,RickyPDillon,,2,0,2,2,0,2,0,0,0,0,0
123129,1st4FrenchProp,,2,0,2,2,0,2,0,0,0,0,0
123153,jeffsteiner,,2,0,2,2,0,2,0,0,0,0,0
123160,HistoiredeFr,,2,0,2,2,0,2,0,0,0,0,0
123162,FranceForum,,2,0,2,2,0,2,0,0,0,0,0
123186,jobinternabroad,,2,0,2,2,0,2,0,0,0,0,0
123190,GroupamaFDJ,,2,0,2,2,0,2,0,0,0,0,0
123212,helpfrance,,2,0,2,2,0,2,0,0,0,0,0
123217,expatfrance,,2,0,2,2,0,2,0,0,0,0,3
123219,LivingFrance,,2,0,2,2,0,2,0,0,0,0,0
123221,Francemagazine,,2,0,2,2,0,2,0,0,0,0,0
123235,PhilippeGilbert,,2,0,2,2,0,2,0,0,0,0,0
123246,EvansCycles,,2,0,2,2,0,2,0,0,0,0,0
123249,CycleRecycleUK,,2,0,2,2,0,2,0,0,0,0,0
123263,UK_FranceFR,,3,0,3,3,0,3,0,0,0,0,0
123266,1ookmumnohands,,2,0,2,2,0,2,0,0,0,0,0
123275,pelotonmagazine,,2,0,2,2,0,2,0,0,0,0,0
123280,peopleforbikes,,3,0,3,3,0,3,0,0,0,0,0
123282,Chain__Reaction,,2,0,2,2,0,2,0,0,0,0,0
123283,VeloUK,,2,0,2,2,0,2,0,0,0,0,0
123286,TelegraphTravel,,3,0,3,3,0,3,0,0,0,0,1
123287,Cyclingnewsfeed,,2,0,2,2,0,2,0,0,0,0,0
123289,francophilia,,2,0,2,2,0,2,0,0,0,0,0
123290,thisfrenchlife,,2,0,2,2,0,2,0,0,0,0,0
123308,TurVillaviciosa,,2,0,2,2,0,2,0,0,0,0,1
123310,TPAnoticias,,2,0,2,2,0,2,0,0,0,0,1
123313,aytoviedo,,3,0,3,3,0,3,0,0,0,0,1
123315,DeboSuponerQue,,3,0,3,3,0,3,0,0,0,0,2
123316,plusviral,,2,0,2,2,0,2,0,0,0,0,2
123317,VictorEmeceh,,2,0,2,2,0,2,0,0,0,0,2
123318,Only4iu,,2,0,2,2,0,2,0,0,0,0,2
123320,incoherencia_,,2,0,2,2,0,2,0,0,0,0,2
123325,lossabaticos,,2,0,2,2,0,2,0,0,0,0,2
123332,PostureoJovenes,,2,0,2,2,0,2,0,0,0,0,2
123336,PostureoMedico,,2,0,2,2,0,2,0,0,0,0,5
123337,Thrones_Memes,,3,0,3,3,0,3,0,0,0,0,2
123340,nachoviale,,2,0,2,2,0,2,0,0,0,0,2
123342,SpotifySpain,,3,0,3,3,0,3,0,0,0,0,2
123343,NIVEAMEN_ES,,2,0,2,2,0,2,0,0,0,0,2
123346,DFB_Team,,3,0,3,3,0,3,0,0,0,0,2
123350,faznet,,2,0,2,2,0,2,0,0,0,0,2
123353,ColGritaGol,,2,0,2,2,0,2,0,0,0,0,2
123354,ReporterZDF,,2,0,2,2,0,2,0,0,0,0,2
123356,TUDNMEX,,2,0,2,2,0,2,0,0,0,0,2
123357,SPIEGEL_EIL,,2,0,2,2,0,2,0,0,0,0,2
123366,tazgezwitscher,,2,0,2,2,0,2,0,0,0,0,2
123369,f95,,2,0,2,2,0,2,0,0,0,0,2
123371,FOXDeportes,,2,0,2,2,0,2,0,0,0,0,2
123373,AztecaDeportes,,2,0,2,2,0,2,0,0,0,0,2
123379,Lil_Henstridge,,2,0,2,2,0,2,0,0,0,0,3
123381,AADaddario,,2,0,2,2,0,2,0,0,0,0,3
123382,juliannehough,,2,0,2,2,0,2,0,0,0,0,3
123425,ElPenitente,,2,0,2,2,0,2,0,0,0,0,0
123427,HuelvaTodai,,2,0,2,2,0,2,0,0,0,0,2
123430,Kaizeneditores,,3,0,3,3,0,3,0,0,0,0,0
123434,feriadeIcaballo,,2,0,2,2,0,2,0,0,0,0,0
123435,EmpleoSevillano,,2,0,2,2,0,2,0,0,0,0,0
123436,MaariaLaara,,2,0,2,2,0,2,0,0,0,0,0
123437,pilatestrainin1,,2,0,2,2,0,2,0,0,0,0,0
123438,CrossFitSR,,2,0,2,2,0,2,0,0,0,0,0
123440,MueblesTyG,,2,0,2,2,0,2,0,0,0,0,0
123443,DigitalPixelhu,,2,0,2,2,0,2,0,0,0,0,0
123444,elcajonflamenco,,3,0,3,3,0,3,0,0,0,0,0
123447,PPSantos_S,,2,0,2,2,0,2,0,0,0,0,0
123459,allandalucia,,2,0,2,2,0,2,0,0,0,0,0
123460,abccordoba,,3,0,3,3,0,3,0,0,0,0,0
123463,ajspinola,,3,0,3,3,0,3,0,0,0,0,0
123465,Miramar_CC,,2,0,2,2,0,2,0,0,0,0,0
123468,telecarnaval,,2,0,2,2,0,2,0,0,0,0,0
123472,VleoJaen,,3,0,3,3,0,3,0,0,0,0,0
123475,OferplanAlmeria,,2,0,2,2,0,2,0,0,0,0,0
123482,clubbisbalmeria,,2,0,2,2,0,2,0,0,0,0,0
123483,almeriapp,,2,0,2,2,0,2,0,0,0,0,0
123484,PadelSphera,,2,0,2,2,0,2,0,0,0,0,0
123485,iualmeriaprov,,2,0,2,2,0,2,0,0,0,0,0
123488,CadizTotal,,2,0,2,2,0,2,0,0,0,0,4
123489,CadizViva,,2,0,2,2,0,2,0,0,0,0,4
123491,QueverenCadiz,,2,0,2,2,0,2,0,0,0,0,0
123495,CostaCadiz_,,2,0,2,2,0,2,0,0,0,0,5
123502,CsCadiz_Prov,,3,0,3,3,0,3,0,0,0,0,0
123509,COGITICadiz,,2,0,2,2,0,2,0,0,0,0,0
123511,CadizMeteo,,2,0,2,2,0,2,0,0,0,0,0
123512,FlamencoCadiz,,3,0,3,3,0,3,0,0,0,0,0
123520,PartyHandJaen,,3,0,3,3,0,3,0,0,0,0,0
123521,RvistaTodoJaen,,2,0,2,2,0,2,0,0,0,0,0
123522,DestinoJaen,,3,0,3,3,0,3,0,0,0,0,0
123527,TeleprensaJaen,,3,0,3,3,0,3,0,0,0,0,0
123528,Cs_Jaen,,3,0,3,3,0,3,0,0,0,0,0
123529,UnedJaen,,2,0,2,2,0,2,0,0,0,0,0
123530,encuentrajaen,,3,0,3,3,0,3,0,0,0,0,0
123533,toroslamerced,,2,0,2,2,0,2,0,0,0,0,0
123541,Cs_Huelva,,2,0,2,2,0,2,0,0,0,0,0
123548,esRadioHuelva,,2,0,2,2,0,2,0,0,0,0,0
123551,EsgrimaHuelva,,2,0,2,2,0,2,0,0,0,0,2
123554,PasionEnHuelva,,2,0,2,2,0,2,0,0,0,0,0
123557,mandalamirador,,2,0,2,2,0,2,0,0,0,0,2
123559,PorHuelva,,2,0,2,2,0,2,0,0,0,0,0
123563,UGTHuelva,,2,0,2,2,0,2,0,0,0,0,0
123567,CsHuelva_Prov,,2,0,2,2,0,2,0,0,0,0,0
123571,CofHuelva,,2,0,2,2,0,2,0,0,0,0,0
123572,huelvaHOYcom,,2,0,2,2,0,2,0,0,0,0,0
123573,LaMirtaHuelva,,2,0,2,2,0,2,0,0,0,0,6
123574,3CaidasHuelva,,2,0,2,2,0,2,0,0,0,0,0
123575,PAH_Huelva,,2,0,2,2,0,2,0,0,0,0,0
123577,lahuelvacateta,,2,0,2,2,0,2,0,0,0,0,0
123579,DiarioHuelva,,4,0,4,4,0,4,0,0,0,0,6
123580,huelva_info,,3,0,3,3,0,3,0,0,0,0,2
123585,jjmulero,,2,0,2,2,0,2,0,0,0,0,0
123587,YogaMalaga,,2,0,2,2,0,2,0,0,0,0,0
123590,ColEcoMalaga,,2,0,2,2,0,2,0,0,0,0,0
123592,GAJ_Malaga,,3,0,3,3,0,3,0,0,0,0,1
123593,taxieva,,3,0,3,3,0,3,0,0,0,0,0
123594,empleoenmalaga,,2,0,2,2,0,2,0,0,0,0,0
123595,FecomaMalaga,,3,0,3,3,0,3,0,0,0,0,0
123597,SomosMayoria_MA,,2,0,2,2,0,2,0,0,0,0,0
123598,malagaplaza,,3,0,3,3,0,3,0,0,0,0,0
123599,DiocesisMalaga,,2,0,2,2,0,2,0,0,0,0,0
123601,elmundomalaga,,2,0,2,2,0,2,0,0,0,0,0
123602,AlorenaDeMalaga,,3,0,3,3,0,3,0,0,0,0,0
123603,PSOEmalaga,,2,0,2,2,0,2,0,0,0,0,0
123607,Verano2014Svq,,3,0,3,3,0,3,0,0,0,0,0
123611,BodasDSevilla,,3,0,3,3,0,3,0,0,0,0,0
123615,sevilla_ciudad,,2,0,2,2,0,2,0,0,0,0,0
123634,andaluciaecolog,,3,0,3,3,0,3,0,0,0,0,2
123636,ajsalvador70,,3,0,3,3,0,3,0,0,0,0,0
123638,stl_andalucia,,2,0,2,2,0,2,0,0,0,0,0
123639,Fotos_Andalucia,,2,0,2,2,0,2,0,0,0,0,0
123641,AndaluciaActiva,,2,0,2,2,0,2,0,0,0,0,4
123643,SEMESAndalucia,,2,0,2,2,0,2,0,0,0,0,0
123644,andaluciacocina,,3,0,3,3,0,3,0,0,0,0,2
123645,AndBikeRace,,3,0,3,3,0,3,0,0,0,0,2
123646,_Andalucia,,3,0,3,3,0,3,0,0,0,0,0
123653,TabernaCarre,,4,0,4,4,0,4,0,0,0,0,0
123655,AireDeGranada,,2,0,2,2,0,2,0,0,0,0,0
123656,DiscotecasSpain,,2,0,2,2,0,2,0,0,0,0,0
123657,Temploflamenco,,3,0,3,3,0,3,0,0,0,0,0
123658,RomanticGourmet,,3,0,3,3,0,3,0,0,0,0,0
123661,trajesflamencos,,2,0,2,2,0,2,0,0,0,0,1
123662,ATube_Italia,,2,0,2,2,0,2,0,0,0,0,0
123666,LaSedaGranada,,3,0,3,3,0,3,0,0,0,0,0
123671,MedioambienteM,,2,0,2,2,0,2,0,0,0,0,0
123673,LaBiciVerde,,2,0,2,2,0,2,0,0,0,0,0
123676,enBicivoy,,2,0,2,2,0,2,0,0,0,0,0
123678,altrabajoenbici,,2,0,2,2,0,2,0,0,0,0,0
123679,mejorenbici,,2,0,2,2,0,2,0,0,0,0,0
123680,Empleo_ETT,,2,0,2,2,0,2,0,0,0,0,0
123685,arturomoranIV,,2,0,2,2,0,2,0,0,0,0,0
123687,alelaoo,,3,0,3,3,0,3,0,0,0,0,0
123695,ladyapelaez,,2,0,2,2,0,2,0,0,0,0,0
123696,javi4586,,2,0,2,2,0,2,0,0,0,0,0
123700,MasQueCasas,,2,0,2,2,0,2,0,0,0,0,0
123710,venusbello,,2,0,2,2,0,2,0,0,0,0,0
123737,inma248,,2,0,2,2,0,2,0,0,0,0,0
123739,BarbaritaM1992,,2,0,2,2,0,2,0,0,0,0,0
123740,bfontedei,,3,0,3,3,0,3,0,0,0,0,0
123744,pmp50,,2,0,2,2,0,2,0,0,0,0,0
123745,IssyFu,,3,0,3,3,0,3,0,0,0,0,0
123746,10rejon,,2,0,2,2,0,2,0,0,0,0,0
123748,tdelah,,2,0,2,2,0,2,0,0,0,0,0
123749,jach8granada,,2,0,2,2,0,2,0,0,0,0,0
123754,amparitoquerida,,2,0,2,2,0,2,0,0,0,0,0
123755,juanrdelacalle,,2,0,2,2,0,2,0,0,0,0,0
123756,jaymzmotril1985,,2,0,2,2,0,2,0,0,0,0,0
123757,Uve_gr,,2,0,2,2,0,2,0,0,0,0,0
123764,viguez2007,,2,0,2,2,0,2,0,0,0,0,0
123771,juan141297,,2,0,2,2,0,2,0,0,0,0,0
123784,gonzaloL_12,,2,0,2,2,0,2,0,0,0,0,0
123791,sergiolp493,,2,0,2,2,0,2,0,0,0,0,0
123793,Esauliyo_M,,2,0,2,2,0,2,0,0,0,0,0
123796,Albardrgz96,,2,0,2,2,0,2,0,0,0,0,0
123803,ComboForma,,3,0,3,3,0,3,0,0,0,0,0
123804,mjsegura,,3,0,3,3,0,3,0,0,0,0,0
123817,arrebatoficial,,2,0,2,2,0,2,0,0,0,0,0
123818,activasur,,2,0,2,2,0,2,0,0,0,0,0
123820,SingAlong_es,,2,0,2,2,0,2,0,0,0,0,0
123821,LaTropaProduce,,2,0,2,2,0,2,0,0,0,0,0
123822,vodafonegranada,,2,0,2,2,0,2,0,0,0,0,0
123823,imayine_com,,3,0,3,3,0,3,0,0,0,0,0
123824,luciapediatra,,2,0,2,2,0,2,0,0,0,0,4
123825,AcimoRest,,2,0,2,2,0,2,0,0,0,0,0
123834,Jacobo_lc,,2,0,2,2,0,2,0,0,0,0,0
123842,makroESP,,2,0,2,2,0,2,0,0,0,0,0
123844,Promotora600,,2,0,2,2,0,2,0,0,0,0,0
123848,rubeniglesiasof,,3,0,3,3,0,3,0,0,0,0,0
123850,ZumodeGranada,,3,0,3,3,0,3,0,0,0,0,0
123852,sanchezarevalo,,3,0,3,3,0,3,0,0,0,0,0
123853,lafarmaciahoy,,2,0,2,2,0,2,0,0,0,0,4
123854,revistaCCCC,,2,0,2,2,0,2,0,0,0,0,0
123855,pacotous,,3,0,3,3,0,3,0,0,0,0,0
123856,_CarmenRuiz,,3,0,3,3,0,3,0,0,0,0,6
123858,InmaCuestaWeb,,3,0,3,3,0,3,0,0,0,0,0
123865,PatryOcana,,2,0,2,2,0,2,0,0,0,0,0
123869,Belros,,3,0,3,3,0,3,0,0,0,0,0
123871,jrnnaroje2,,3,0,3,3,0,3,0,0,0,0,6
123877,ledandgo,,2,0,2,2,0,2,0,0,0,0,0
123879,JAVIERCALIN,,3,0,3,3,0,3,0,0,0,0,0
123880,ErikaArenas,,2,0,2,2,0,2,0,0,0,0,0
123885,PARFOIS_,,2,0,2,2,0,2,0,0,0,0,0
123886,rymconsultora,,4,0,4,4,0,4,0,0,0,0,0
123889,RaulM_G,,2,0,2,2,0,2,0,0,0,0,0
123891,Radian_GI,,2,0,2,2,0,2,0,0,0,0,0
123892,elperogranaino,,3,0,3,3,0,3,0,0,0,0,0
123893,Granadaclick,,3,0,3,3,0,3,0,0,0,0,0
123896,BakeryGranada,,4,0,4,4,0,4,0,0,0,0,0
123897,Greart76,,2,0,2,2,0,2,0,0,0,0,0
123901,LaserCuatro,,3,0,3,3,0,3,0,0,0,0,6
123910,Cristirr1987,,2,0,2,2,0,2,0,0,0,0,0
123911,veronica_dg,,3,0,3,3,0,3,0,0,0,0,0
123916,eleniyacasaubon,,2,0,2,2,0,2,0,0,0,0,0
123917,Jose75s,,2,0,2,2,0,2,0,0,0,0,0
123918,abogadogranada,,3,0,3,3,0,3,0,0,0,0,0
123919,juanfran1693,,2,0,2,2,0,2,0,0,0,0,0
123921,socaiv77,,3,0,3,3,0,3,0,0,0,0,0
123922,portalmerceria,,3,0,3,3,0,3,0,0,0,0,0
123923,agente_viajes,,2,0,2,2,0,2,0,0,0,0,0
123927,mgragera24,,2,0,2,2,0,2,0,0,0,0,0
123929,escobedochanel5,,2,0,2,2,0,2,0,0,0,0,0
123931,edurnesanchez,,3,0,3,3,0,3,0,0,0,0,0
123936,mariand_19,,2,0,2,2,0,2,0,0,0,0,6
123942,PresenciaT,,3,0,3,3,0,3,0,0,0,0,6
123944,InmaPlata93,,2,0,2,2,0,2,0,0,0,0,0
123945,hi_paqui,,2,0,2,2,0,2,0,0,0,0,0
123950,PosiblenGranada,,2,0,2,2,0,2,0,0,0,0,0
123951,halconalegre,,2,0,2,2,0,2,0,0,0,0,0
123953,anaabeliya,,3,0,3,3,0,3,0,0,0,0,0
123957,valerego5,,2,0,2,2,0,2,0,0,0,0,0
123958,edu_gcf,,2,0,2,2,0,2,0,0,0,0,0
123960,deivi_hc,,3,0,3,3,0,3,0,0,0,0,6
123961,AsemfaGranada,,2,0,2,2,0,2,0,0,0,0,0
123963,AJ_Pelaez1,,2,0,2,2,0,2,0,0,0,0,0
123967,_Andrea_Jimenez,,3,0,3,3,0,3,0,0,0,0,0
123969,angela_martin30,,2,0,2,2,0,2,0,0,0,0,0
123970,matiusurquiza,,2,0,2,2,0,2,0,0,0,0,0
123971,fuen132,,2,0,2,2,0,2,0,0,0,0,0
123972,bravodiaz28,,2,0,2,2,0,2,0,0,0,0,0
123975,chikiparad,,2,0,2,2,0,2,0,0,0,0,0
123976,ImagiUniversos,,2,0,2,2,0,2,0,0,0,0,0
123979,MartaMtz1,,2,0,2,2,0,2,0,0,0,0,6
123982,pikachudeep,,3,0,3,3,0,3,0,0,0,0,4
123983,Youryearinspain,,2,0,2,2,0,2,0,0,0,0,0
123985,motorpasion,,2,0,2,2,0,2,0,0,0,0,0
123989,maripi379,,2,0,2,2,0,2,0,0,0,0,0
123992,STintoreria,,3,0,3,3,0,3,0,0,0,0,0
123993,Perseida_,,3,0,3,3,0,3,0,0,0,0,0
123995,laplazaagua,,2,0,2,2,0,2,0,0,0,0,0
123996,vibrafaccion,,2,0,2,2,0,2,0,0,0,0,0
123997,RestaurantesINF,,3,0,3,3,0,3,0,0,0,0,0
123999,LoveLiveDates,,3,0,3,3,0,3,0,0,0,0,0
124001,MesonBanoFrio,,3,0,3,3,0,3,0,0,0,0,0
124003,despedidasLG,,3,0,3,3,0,3,0,0,0,0,0
124004,jvillaes,,2,0,2,2,0,2,0,0,0,0,0
124005,DespedidasGR,,3,0,3,3,0,3,0,0,0,0,0
124006,EstherMH90,,2,0,2,2,0,2,0,0,0,0,6
124007,ConMenu,,3,0,3,3,0,3,0,0,0,0,0
124008,gracifernadez,,2,0,2,2,0,2,0,0,0,0,0
124010,CarboniDamm,,2,0,2,2,0,2,0,0,0,0,0
124012,SaetayCobre,,2,0,2,2,0,2,0,0,0,0,6
124015,MasonesGR,,3,0,3,3,0,3,0,0,0,0,4
124016,comidacantabra,,2,0,2,2,0,2,0,0,0,0,0
124017,Carloto_,,2,0,2,2,0,2,0,0,0,0,0
124019,Sarapincula,,3,0,3,3,0,3,0,0,0,0,0
124026,caricaputto,,2,0,2,2,0,2,0,0,0,0,0
124027,JoseMGciAmezcua,,2,0,2,2,0,2,0,0,0,0,0
124030,BuenSaborLocal,,3,0,3,3,0,3,0,0,0,0,0
124031,elcampanario__,,3,0,3,3,0,3,0,0,0,0,0
124033,LetrillasdeLolo,,2,0,2,2,0,2,0,0,0,0,0
124034,AmisuraLuxury,,3,0,3,3,0,3,0,0,0,0,0
124037,Blanquiimp,,2,0,2,2,0,2,0,0,0,0,0
124038,_MeryGarciia,,3,0,3,3,0,3,0,0,0,0,0
124039,adelaCF,,2,0,2,2,0,2,0,0,0,0,0
124044,AVintageGranada,,2,0,2,2,0,2,0,0,0,0,0
124048,LaZuGuia,,2,0,2,2,0,2,0,0,0,0,6
124050,Aullidos,,2,0,2,2,0,2,0,0,0,0,0
124051,Kinepolis,,3,0,3,3,0,3,0,0,0,0,2
124053,tartas_vado,,2,0,2,2,0,2,0,0,0,0,0
124056,CantinaMariachi,,2,0,2,2,0,2,0,0,0,0,0
124059,ABCPuntoRadio,,2,0,2,2,0,2,0,0,0,0,0
124063,maribelilla_gb,,3,0,3,3,0,3,0,0,0,0,0
124065,pacopulianas,,2,0,2,2,0,2,0,0,0,0,6
124067,carlosrodelas72,,2,0,2,2,0,2,0,0,0,0,0
124068,makamo_es,,2,0,2,2,0,2,0,0,0,0,0
124069,mimografico,,3,0,3,3,0,3,0,0,0,0,0
124070,molicinco,,2,0,2,2,0,2,0,0,0,0,0
124071,Spotifyjobs,,2,0,2,2,0,2,0,0,0,0,2
124072,SoundCloudJobs,,2,0,2,2,0,2,0,0,0,0,2
124075,GameSpot,,3,0,3,3,0,3,0,0,0,0,2
124076,Ubisoft,,3,0,3,3,0,3,0,0,0,0,2
124078,Lumia,,3,0,3,3,0,3,0,0,0,0,2
124079,RockstarGames,,3,0,3,3,0,3,0,0,0,0,2
124080,Bungie,,3,0,3,3,0,3,0,0,0,0,6
124081,majornelson,,2,0,2,2,0,2,0,0,0,0,2
124082,Xbox,,3,0,3,3,0,3,0,0,0,0,2
124121,japan_pulse,,2,0,2,2,0,2,0,0,0,0,1
124124,TimeOutTokyo,,3,0,3,3,0,3,0,0,0,0,0
124130,japansociety,,3,0,3,3,0,3,0,0,0,0,2
124135,The_Japan_News,,3,0,3,3,0,3,0,0,0,0,1
124136,JPN_PMO,,2,0,2,2,0,2,0,0,0,0,2
124138,JapanToday,,2,0,2,2,0,2,0,0,0,0,1
124140,RomErasmus,,4,0,4,4,0,4,0,0,0,0,7
124146,Giulia_Eremita,,3,0,3,3,0,3,0,0,0,0,7
124147,sergiocagol,,2,0,2,2,0,2,0,0,0,0,7
124148,robertamilano,,2,0,2,2,0,2,0,0,0,0,7
124151,buytourism,,4,0,4,4,0,4,0,0,0,0,7
124153,ilturista_info,,4,0,4,4,0,4,0,0,0,0,7
124154,MieleIT,,2,0,2,2,0,2,0,0,0,0,2
124155,thetravelnewsit,,2,0,2,2,0,2,0,0,0,0,7
124156,Easyviaggio,,2,0,2,2,0,2,0,0,0,0,7
124157,TipoEasy,,3,0,3,3,0,3,0,0,0,0,2
124161,eatalyroma,,2,0,2,2,0,2,0,0,0,0,3
124162,ArfioMarchini1,,2,0,2,2,0,2,0,0,0,0,3
124163,24viaggi,,4,0,4,4,0,4,0,0,0,0,7
124165,laura_dominici,,3,0,3,3,0,3,0,0,0,0,7
124168,Ioamofi,,2,0,2,2,0,2,0,0,0,0,3
124169,corrierefirenze,,3,0,3,3,0,3,0,0,0,0,3
124170,DarioNardella,,3,0,3,3,0,3,0,0,0,0,3
124172,teladoiofirenze,,2,0,2,2,0,2,0,0,0,0,3
124174,ANSA_ViaggiART,,4,0,4,4,0,4,0,0,0,0,7
124177,AuditoriumPdM,,2,0,2,2,0,2,0,0,0,0,3
124178,pla_baldax,,2,0,2,2,0,2,0,0,0,0,3
124179,AnsaRomaLazio,,2,0,2,2,0,2,0,0,0,0,3
124183,Trend_Sett,,3,0,3,3,0,3,0,0,0,0,7
124186,ZetemaCultura,,2,0,2,2,0,2,0,0,0,0,3
124191,primomaggioroma,,2,0,2,2,0,2,0,0,0,0,3
124194,romadailynews,,2,0,2,2,0,2,0,0,0,0,1
124196,roma_e_roma,,2,0,2,2,0,2,0,0,0,0,3
124198,webintravelmag,,2,0,2,2,0,2,0,0,0,0,7
124202,RomaCapitaleNW,,2,0,2,2,0,2,0,0,0,0,2
124203,RainyMood,,2,0,2,2,0,2,0,0,0,0,0
124208,mirandalambert,,2,0,2,2,0,2,0,0,0,0,2
124210,StadiodellaRoma,,2,0,2,2,0,2,0,0,0,0,2
124211,rivamesta,,3,0,3,3,0,3,0,0,0,0,3
124213,RomaRadio,,2,0,2,2,0,2,0,0,0,0,2
124214,RudiGarcia,,3,0,3,3,0,3,0,0,0,0,2
124216,SaraEmotionally,,2,0,2,2,0,2,0,0,0,0,3
124226,oltre_noi,,2,0,2,2,0,2,0,0,0,0,3
124227,NonSoloAvverbi,,2,0,2,2,0,2,0,0,0,0,3
124241,emotionsmag,,2,0,2,2,0,2,0,0,0,0,7
124245,FairyFriend13,,2,0,2,2,0,2,0,0,0,0,2
124275,calcrutchlow,,2,0,2,2,0,2,0,0,0,0,3
124300,WorldSBK,,2,0,2,2,0,2,0,0,0,0,0
124323,jeffjarvis,,2,0,2,2,0,2,0,0,0,0,7
124326,travelitalia,,4,0,4,4,0,4,0,0,0,0,7
124328,TURISMOit,,3,0,3,3,0,3,0,0,0,0,7
124329,iGrandiViaggi,,2,0,2,2,0,2,0,0,0,0,7
124332,motoguzziclub,,2,0,2,2,0,2,0,0,0,0,4
124333,BestTours_it,,3,0,3,3,0,3,0,0,0,0,7
124338,ideexviaggiare,,3,0,3,3,0,3,0,0,0,0,7
124339,xtiandela,,2,0,2,2,0,2,0,0,0,0,2
124344,viaggievacanze,,3,0,3,3,0,3,0,0,0,0,7
124345,lol_travel,,3,0,3,3,0,3,0,0,0,0,7
124346,ViaggiElefante,,3,0,3,3,0,3,0,0,0,0,7
124348,InViaggi,,3,0,3,3,0,3,0,0,0,0,7
124350,Markollen,,2,0,2,2,0,2,0,0,0,0,7
124359,EdenViaggi,,2,0,2,2,0,2,0,0,0,0,7
124363,Kia_Worldwide,,3,0,3,3,0,3,0,0,0,0,0
124373,KiaItalia,,2,0,2,2,0,2,0,0,0,0,3
124377,BlogHer,,2,0,2,2,0,2,0,0,0,0,0
124379,HondaAutoItalia,,3,0,3,3,0,3,0,0,0,0,2
124391,forditalia,,3,0,3,3,0,3,0,0,0,0,3
124397,AudiIT,,2,0,2,2,0,2,0,0,0,0,3
124400,Volkswagen_IT,,2,0,2,2,0,2,0,0,0,0,3
124403,SEATItalia,,2,0,2,2,0,2,0,0,0,0,3
124420,Nissanitalia,,2,0,2,2,0,2,0,0,0,0,3
124421,daciaitalia,,2,0,2,2,0,2,0,0,0,0,7
124424,renaultitalia,,2,0,2,2,0,2,0,0,0,0,7
124428,citroenitalia,,2,0,2,2,0,2,0,0,0,0,7
124430,peugeotitalia,,2,0,2,2,0,2,0,0,0,0,7
124452,m4gny,,2,0,2,2,0,2,0,0,0,0,2
124454,robgere,,2,0,2,2,0,2,0,0,0,0,2
124455,IlFuGigiBi,,2,0,2,2,0,2,0,0,0,0,2
124456,dbric511,,2,0,2,2,0,2,0,0,0,0,3
124457,Masse78,,2,0,2,2,0,2,0,0,0,0,3
124459,andreasaccomani,,2,0,2,2,0,2,0,0,0,0,3
124462,Totonno1980,,2,0,2,2,0,2,0,0,0,0,2
124480,TheBSTravelers,,2,0,2,2,0,2,0,0,0,0,7
124486,Lilistravelplan,,2,0,2,2,0,2,0,0,0,0,7
124492,bcn_exp,,2,0,2,2,0,2,0,0,0,0,7
124494,TravelMemes,,2,0,2,2,0,2,0,0,0,0,7
124502,HolidayMatch,,2,0,2,2,0,2,0,0,0,0,7
124504,MamasTravelTips,,2,0,2,2,0,2,0,0,0,0,7
124516,triily_com,,2,0,2,2,0,2,0,0,0,0,7
124524,backpackingbuds,,2,0,2,2,0,2,0,0,0,0,7
124525,lemurinviaggio,,2,0,2,2,0,2,0,0,0,0,7
124535,InspiringThinkn,,2,0,2,2,0,2,0,0,0,0,2
124542,BarriosdeMadrid,,2,0,2,2,0,2,0,0,0,0,7
124551,WeAreTennisITA,,2,0,2,2,0,2,0,0,0,0,2
124568,presstours,,2,0,2,2,0,2,0,0,0,0,7
124571,CCTseecity,,2,0,2,2,0,2,0,0,0,0,7
124576,scorcidimondo,,2,0,2,2,0,2,0,0,0,0,7
124582,CRBasilicata,,2,0,2,2,0,2,0,0,0,0,3
124584,regbasilicata,,2,0,2,2,0,2,0,0,0,0,3
124592,Trmtv,,2,0,2,2,0,2,0,0,0,0,1
124595,AllyBrooke,,2,0,2,2,0,2,0,0,0,0,2
124596,AnsaBasilicata,,2,0,2,2,0,2,0,0,0,0,1
124598,harleydavidson,,2,0,2,2,0,2,0,0,0,0,2
124599,LaGazzettaWeb,,3,0,3,3,0,3,0,0,0,0,3
124600,goBariNews,,2,0,2,2,0,2,0,0,0,0,2
124602,SagreinPuglia,,2,0,2,2,0,2,0,0,0,0,3
124603,rep_bari,,2,0,2,2,0,2,0,0,0,0,3
124606,viaggimarilore,,2,0,2,2,0,2,0,0,0,0,7
124610,Salentoit,,2,0,2,2,0,2,0,0,0,0,3
124611,Quoti_Puglia,,3,0,3,3,0,3,0,0,0,0,3
124615,travelmassive,,3,0,3,3,0,3,0,0,0,0,7
124632,StartMiUp,,2,0,2,2,0,2,0,0,0,0,7
124641,emituitt,,2,0,2,2,0,2,0,0,0,0,3
124643,FrankVirzi,,2,0,2,2,0,2,0,0,0,0,3
124649,AndreaLiberi,,2,0,2,2,0,2,0,0,0,0,2
124650,RetweettoTutti,,2,0,2,2,0,2,0,0,0,0,2
124651,RETWITTATORc,,2,0,2,2,0,2,0,0,0,0,2
124652,TiFollow0,,2,0,2,2,0,2,0,0,0,0,2
124653,AntoPieralant,,2,0,2,2,0,2,0,0,0,0,7
124657,carlamorabito13,,2,0,2,2,0,2,0,0,0,0,3
124658,FedeleAmico,,2,0,2,2,0,2,0,0,0,0,2
124659,ioretweet,,2,0,2,2,0,2,0,0,0,0,7
124660,Ritwittandoci,,2,0,2,2,0,2,0,0,0,0,2
124663,ritwittatrice,,2,0,2,2,0,2,0,0,0,0,2
124664,RetwittoilTop,,2,0,2,2,0,2,0,0,0,0,7
124665,TiFollowoio,,2,0,2,2,0,2,0,0,0,0,2
124666,Tasarimhanee,,3,0,3,3,0,3,0,0,0,0,3
124667,tiritwittoio,,2,0,2,2,0,2,0,0,0,0,7
124668,PADREPlO,,2,0,2,2,0,2,0,0,0,0,3
124669,ReTweet_Star,,3,0,3,3,0,3,0,0,0,0,3
124670,NonLaSai,,4,0,4,4,0,4,0,0,0,0,3
124671,re_assoluto,,2,0,2,2,0,2,0,0,0,0,7
124673,giure99,,2,0,2,2,0,2,0,0,0,0,7
124675,FASTWEBHelp,,3,0,3,3,0,3,0,0,0,0,3
124676,androidiani,,3,0,3,3,0,3,0,0,0,0,2
124683,Vendommerda,,3,0,3,3,0,3,0,0,0,0,3
124684,Ftzj,,2,0,2,2,0,2,0,0,0,0,3
124685,albertosorge,,2,0,2,2,0,2,0,0,0,0,3
124686,AcidoLattico11,,2,0,2,2,0,2,0,0,0,0,3
124687,MaxMangione,,2,0,2,2,0,2,0,0,0,0,3
124688,robuovo,,2,0,2,2,0,2,0,0,0,0,2
124689,IlBomma,,2,0,2,2,0,2,0,0,0,0,3
124690,bon1z,,2,0,2,2,0,2,0,0,0,0,2
124691,mr_takki,,2,0,2,2,0,2,0,0,0,0,2
124692,Zziagenio78,,3,0,3,3,0,3,0,0,0,0,3
124693,mesmeri,,2,0,2,2,0,2,0,0,0,0,3
124694,Alessandro_Lesa,,2,0,2,2,0,2,0,0,0,0,3
124695,EgoGiornalista,,2,0,2,2,0,2,0,0,0,0,3
124696,guidofruscoloni,,3,0,3,3,0,3,0,0,0,0,3
124697,andreapoles79,,2,0,2,2,0,2,0,0,0,0,3
124698,Gilda35,,2,0,2,2,0,2,0,0,0,0,3
124699,MauroDech,,3,0,3,3,0,3,0,0,0,0,3
124700,istintomaximo,,2,0,2,2,0,2,0,0,0,0,3
124701,umoremaligno,,3,0,3,3,0,3,0,0,0,0,3
124702,Microsatira,,4,0,4,4,0,4,0,0,0,0,3
124703,VentoTagliente,,2,0,2,2,0,2,0,0,0,0,3
124704,Comeprincipe,,2,0,2,2,0,2,0,0,0,0,3
124705,ItsCetty,,2,0,2,2,0,2,0,0,0,0,3
124706,matteograndi,,2,0,2,2,0,2,0,0,0,0,3
124707,GesuRedentore,,2,0,2,2,0,2,0,0,0,0,1
124708,SanPietroePaolo,,3,0,3,3,0,3,0,0,0,0,1
124729,eboet7,,2,0,2,2,0,2,0,0,0,0,2
124733,RerumRomanarum,,2,0,2,2,0,2,0,0,0,0,3
124737,407Dank,,2,0,2,2,0,2,0,0,0,0,2
124738,VeraVonMonika,,2,0,2,2,0,2,0,0,0,0,2
124739,StarChild_2001,,2,0,2,2,0,2,0,0,0,0,2
124740,fitness_enlinea,,2,0,2,2,0,2,0,0,0,0,2
124749,paoloigna1,,3,0,3,3,0,3,0,0,0,0,3
124755,SweetFreeBooks,,2,0,2,2,0,2,0,0,0,0,2
124758,Know,,2,0,2,2,0,2,0,0,0,0,6
124838,crescentegus,,2,0,2,2,0,2,0,0,0,0,4
124846,TheComedyHumor,,2,0,2,2,0,2,0,0,0,0,2
124847,Laughbook,,3,0,3,3,0,3,0,0,0,0,2
124860,iamsrk,,3,0,3,3,0,3,0,0,0,0,2
124886,Design_Week,,2,0,2,2,0,2,0,0,0,0,0
124921,LoSparaCazzate,,2,0,2,2,0,2,0,0,0,0,3
124927,darioloc81,,2,0,2,2,0,2,0,0,0,0,7
124958,danilo_ricci,,2,0,2,2,0,2,0,0,0,0,3
124960,PolakPotrafi333,,2,0,2,2,0,2,0,0,0,0,3
124970,Be_Road,,2,0,2,2,0,2,0,0,0,0,7
124980,toshi_it,,2,0,2,2,0,2,0,0,0,0,1
124981,nicky_no_shoes,,2,0,2,2,0,2,0,0,0,0,7
124999,eurotrip,,4,0,4,4,0,4,0,0,0,0,7
125000,serenapuosi,,3,0,3,3,0,3,0,0,0,0,1
125036,JuanGarary17,,2,0,2,2,0,2,0,0,0,0,0
125077,RossiGianFranco,,2,0,2,2,0,2,0,0,0,0,7
125081,sara_izzi,,3,0,3,3,0,3,0,0,0,0,7
125090,MedvedevRussia,,2,0,2,2,0,2,0,0,0,0,2
125091,perecerda,,2,0,2,2,0,2,0,0,0,0,2
125092,SacriSimo,,3,0,3,3,0,3,0,0,0,0,7
125099,sustrademondo,,2,0,2,2,0,2,0,0,0,0,7
125103,GOYAsFriends,,2,0,2,2,0,2,0,0,0,0,2
125112,1JoseLuisSM,,2,0,2,2,0,2,0,0,0,0,0
125121,Reinah_Morena,,2,0,2,2,0,2,0,0,0,0,2
125136,MicrosoftStore,,3,0,3,3,0,3,0,0,0,0,2
125158,samuellaurent,,2,0,2,2,0,2,0,0,0,0,1
125160,iSaloniofficial,,3,0,3,3,0,3,0,0,0,0,3
125167,5umm,,2,0,2,2,0,2,0,0,0,0,2
125215,ArnaudPgr,,2,0,2,2,0,2,0,0,0,0,7
125218,yandex,,2,0,2,2,0,2,0,0,0,0,2
125219,fuorisalone,,2,0,2,2,0,2,0,0,0,0,3
125220,Visit_Japan,,4,0,4,4,0,4,0,0,0,0,6
125221,japan,,2,0,2,2,0,2,0,0,0,0,4
125229,ViaggiAtlantide,,2,0,2,2,0,2,0,0,0,0,7
125231,WanderTheMap,,2,0,2,2,0,2,0,0,0,0,7
125234,TravelQuot,,2,0,2,2,0,2,0,0,0,0,7
125235,allaricercablog,,3,0,3,3,0,3,0,0,0,0,7
125239,lagenziaviaggi,,2,0,2,2,0,2,0,0,0,0,7
125240,GvLive,,4,0,4,4,0,4,0,0,0,0,7
125242,Decoracion_IN,,2,0,2,2,0,2,0,0,0,0,6
125245,eminchilli,,2,0,2,2,0,2,0,0,0,0,3
125246,decoracion2,,2,0,2,2,0,2,0,0,0,0,6
125248,decoracionideas,,2,0,2,2,0,2,0,0,0,0,0
125251,ttgitalia,,3,0,3,3,0,3,0,0,0,0,7
125252,DaisyLouTrain,,2,0,2,2,0,2,0,0,0,0,6
125254,decoideas,,2,0,2,2,0,2,0,0,0,0,6
125260,decoracion,,2,0,2,2,0,2,0,0,0,0,6
125264,BuzzInRome,,3,0,3,3,0,3,0,0,0,0,7
125265,gmcguireinrome,,2,0,2,2,0,2,0,0,0,0,3
125266,LazioExplorer,,2,0,2,2,0,2,0,0,0,0,3
125270,BrowsingRome,,2,0,2,2,0,2,0,0,0,0,3
125274,HeartRome,,2,0,2,2,0,2,0,0,0,0,3
125281,TwitterMovies,,3,0,3,3,0,3,0,0,0,0,2
125282,operadeparis,,3,0,3,3,0,3,0,0,0,0,7
125283,PalaisdeTokyo,,2,0,2,2,0,2,0,0,0,0,1
125284,humanite_fr,,2,0,2,2,0,2,0,0,0,0,8
125327,EatingEurope,,2,0,2,2,0,2,0,0,0,0,7
125331,FreedomtogoLV,,2,0,2,2,0,2,0,0,0,0,1
125332,polakidis,,2,0,2,2,0,2,0,0,0,0,7
125370,TheLifeDiaries,,2,0,2,2,0,2,0,0,0,0,2
125380,LizAu87,,2,0,2,2,0,2,0,0,0,0,7
125382,LOYALFAN1,,2,0,2,2,0,2,0,0,0,0,0
125383,RTFB909,,2,0,2,2,0,2,0,0,0,0,2
125391,memesullaluna,,2,0,2,2,0,2,0,0,0,0,7
125392,ViaggiaMondo,,2,0,2,2,0,2,0,0,0,0,7
125423,travelWebTV,,2,0,2,2,0,2,0,0,0,0,7
125431,ViaggiLC,,3,0,3,3,0,3,0,0,0,0,7
125432,goyotocho64,,2,0,2,2,0,2,0,0,0,0,3
125434,WildbillKid,,2,0,2,2,0,2,0,0,0,0,2
125456,Luna1177,,2,0,2,2,0,2,0,0,0,0,2
125457,eDreams_it,,2,0,2,2,0,2,0,0,0,0,1
125460,SaraCiolini,,2,0,2,2,0,2,0,0,0,0,0
125466,Dollhouse,,3,0,3,3,0,3,0,0,0,0,2
125480,SSscoop475,,2,0,2,2,0,2,0,0,0,0,2
125490,travelwitharik1,,2,0,2,2,0,2,0,0,0,0,7
125495,AlinaDal_F,,2,0,2,2,0,2,0,0,0,0,3
125498,GlobeRovers,,2,0,2,2,0,2,0,0,0,0,7
125501,JacknJillTravel,,2,0,2,2,0,2,0,0,0,0,7
125502,TravelWithAMate,,2,0,2,2,0,2,0,0,0,0,7
125503,Gadling,,3,0,3,3,0,3,0,0,0,0,7
125504,1girlwhotravels,,2,0,2,2,0,2,0,0,0,0,7
125506,TravelsTales,,3,0,3,3,0,3,0,0,0,0,7
125507,LiveTravelling,,5,0,5,5,0,5,0,0,0,0,7
125508,LPMagUK,,2,0,2,2,0,2,0,0,0,0,0
125521,RomaSparita,,2,0,2,2,0,2,0,0,0,0,3
125529,grandlyon,,2,0,2,2,0,2,0,0,0,0,8
125540,5haser,,2,0,2,2,0,2,0,0,0,0,2
125557,francescaturchi,,4,0,4,4,0,4,0,0,0,0,7
125558,AforAdvocate,,2,0,2,2,0,2,0,0,0,0,2
125560,traveligy,,4,0,4,4,0,4,0,0,0,0,7
125563,OnTheGo2013,,2,0,2,2,0,2,0,0,0,0,7
125568,inguaribile,,2,0,2,2,0,2,0,0,0,0,7
125571,TravelwitBender,,4,0,4,4,0,4,0,0,0,0,7
125572,gordyandpaula,,2,0,2,2,0,2,0,0,0,0,7
125578,whatdoesntsuck_,,2,0,2,2,0,2,0,0,0,0,7
125579,TransiberiaIT,,2,0,2,2,0,2,0,0,0,0,7
125581,travelloapp,,3,0,3,3,0,3,0,0,0,0,7
125584,MescalinaBlog,,2,0,2,2,0,2,0,0,0,0,7
125591,DiquaDila,,2,0,2,2,0,2,0,0,0,0,1
125598,Blondetrotter1,,2,0,2,2,0,2,0,0,0,0,7
125602,visitareBCN,,2,0,2,2,0,2,0,0,0,0,7
125603,DlaminiZuma,,2,0,2,2,0,2,0,0,0,0,2
125604,MargheNick,,2,0,2,2,0,2,0,0,0,0,7
125608,nigrizia,,3,0,3,3,0,3,0,0,0,0,3
125609,AU_PSD,,3,0,3,3,0,3,0,0,0,0,1
125614,wir_IT_school,,2,0,2,2,0,2,0,0,0,0,7
125617,lavoceinfo,,3,0,3,3,0,3,0,0,0,0,3
125618,voxafrica,,3,0,3,3,0,3,0,0,0,0,1
125645,giruland2016,,2,0,2,2,0,2,0,0,0,0,7
125647,serdargoknur,,2,0,2,2,0,2,0,0,0,0,3
125648,bimbieviaggi,,3,0,3,3,0,3,0,0,0,0,7
125650,almalah1411,,2,0,2,2,0,2,0,0,0,0,3
125653,simonilla23,,3,0,3,3,0,3,0,0,0,0,7
125670,WainomiTravel,,2,0,2,2,0,2,0,0,0,0,7
125671,mesupistravels,,3,0,3,3,0,3,0,0,0,0,7
125676,JenaC2,,2,0,2,2,0,2,0,0,0,0,3
125678,Earthviaggi,,3,0,3,3,0,3,0,0,0,0,7
125682,MarionSpekker,,2,0,2,2,0,2,0,0,0,0,3
125683,ClaudiaShanta,,3,0,3,3,0,3,0,0,0,0,7
125691,Tizzi81B,,2,0,2,2,0,2,0,0,0,0,7
125706,Gate_309,,2,0,2,2,0,2,0,0,0,0,7
125714,MalloryOnTravel,,4,0,4,4,0,4,0,0,0,0,7
125727,AICCONnonprofit,,2,0,2,2,0,2,0,0,0,0,7
125728,Editormanque,,2,0,2,2,0,2,0,0,0,0,7
125730,orsini70,,3,0,3,3,0,3,0,0,0,0,3
125731,travellerpost,,2,0,2,2,0,2,0,0,0,0,7
125732,FondSodalitas,,2,0,2,2,0,2,0,0,0,0,7
125733,paoloventuri100,,2,0,2,2,0,2,0,0,0,0,1
125740,istbrunoleoni,,2,0,2,2,0,2,0,0,0,0,7
125741,sulromanzo,,2,0,2,2,0,2,0,0,0,0,7
125743,Stoleggendo,,2,0,2,2,0,2,0,0,0,0,7
125747,cartellopoli,,2,0,2,2,0,2,0,0,0,0,3
125748,amantilibri,,2,0,2,2,0,2,0,0,0,0,7
125749,bastacartelloni,,2,0,2,2,0,2,0,0,0,0,3
125750,corradopassera,,3,0,3,3,0,3,0,0,0,0,3
125751,CLetteraria,,2,0,2,2,0,2,0,0,0,0,7
125752,RiprendRoma,,2,0,2,2,0,2,0,0,0,0,3
125753,RomaPulita,,2,0,2,2,0,2,0,0,0,0,3
125754,Retake_Roma,,2,0,2,2,0,2,0,0,0,0,3
125758,giornaledellArt,,2,0,2,2,0,2,0,0,0,0,3
125759,FlySWISS,,3,0,3,3,0,3,0,0,0,0,7
125832,OnlyLyon,,3,0,3,3,0,3,0,0,0,0,8
125837,EuroDisneyEN,,2,0,2,2,0,2,0,0,0,0,2
125842,EvolutionTravel,,3,0,3,3,0,3,0,0,0,0,7
125843,HostelLiving,,2,0,2,2,0,2,0,0,0,0,7
125844,TwitterDE,,3,0,3,3,0,3,0,0,0,0,1
125847,TwitterKorea,,2,0,2,2,0,2,0,0,0,0,2
125850,Irlandando,,2,0,2,2,0,2,0,0,0,0,1
125851,VisitGreecegr,,3,0,3,3,0,3,0,0,0,0,1
125854,TurismoIrlanda,,2,0,2,2,0,2,0,0,0,0,7
125859,LuxTravelDiary,,4,0,4,4,0,4,0,0,0,0,7
125862,iLoveMarche,,3,0,3,3,0,3,0,0,0,0,3
125863,MarcheTourismN,,3,0,3,3,0,3,0,0,0,0,3
125865,Italia,,4,0,4,4,0,4,0,0,0,0,7
125869,tripiteasy,,2,0,2,2,0,2,0,0,0,0,1
125870,DMondo20,,2,0,2,2,0,2,0,0,0,0,7
125875,EatalyIT,,3,0,3,3,0,3,0,0,0,0,3
125877,solotravelit,,2,0,2,2,0,2,0,0,0,0,7
125879,viaggioinbici,,4,0,4,4,0,4,0,0,0,0,7
125881,silviaceriegi,,3,0,3,3,0,3,0,0,0,0,1
125882,mayayoi,,4,0,4,4,0,4,0,0,0,0,7
125883,miportovia,,4,0,4,4,0,4,0,0,0,0,7
125884,viachesiva,,4,0,4,4,0,4,0,0,0,0,7
125885,TheGretaEscape,,2,0,2,2,0,2,0,0,0,0,3
125887,VNCassetto,,4,0,4,4,0,4,0,0,0,0,7
125888,Tripvillage,,2,0,2,2,0,2,0,0,0,0,7
125889,ablondearound,,2,0,2,2,0,2,0,0,0,0,7
125892,guendastravels,,2,0,2,2,0,2,0,0,0,0,7
125919,fotostrasse,,3,0,3,3,0,3,0,0,0,0,7
125926,LuxeTiffany,,2,0,2,2,0,2,0,0,0,0,2
125928,OneTwoFrida,,2,0,2,2,0,2,0,0,0,0,7
125930,LuxuryTAmag,,4,0,4,4,0,4,0,0,0,0,2
125931,LuxuryTravelmag,,4,0,4,4,0,4,0,0,0,0,2
125936,wikiHow,,2,0,2,2,0,2,0,0,0,0,2
125939,raccontidiviagg,,2,0,2,2,0,2,0,0,0,0,7
125943,TomorrowWorld,,3,0,3,3,0,3,0,0,0,0,2
125948,Mondovagando,,2,0,2,2,0,2,0,0,0,0,7
125949,ViaggidiMonique,,3,0,3,3,0,3,0,0,0,0,7
125951,viaggiafrica,,2,0,2,2,0,2,0,0,0,0,7
125952,senonviaggi,,2,0,2,2,0,2,0,0,0,0,7
125954,ultra,,4,0,4,4,0,4,0,0,0,0,2
125957,coachella,,3,0,3,3,0,3,0,0,0,0,1
125958,lollapalooza,,2,0,2,2,0,2,0,0,0,0,7
125959,VisitBrasil,,2,0,2,2,0,2,0,0,0,0,6
125961,bitacora_it,,2,0,2,2,0,2,0,0,0,0,7
125962,martinasgorlon,,2,0,2,2,0,2,0,0,0,0,7
125964,dominguezja,,3,0,3,3,0,3,0,0,0,0,0
125965,orsanelcarro,,2,0,2,2,0,2,0,0,0,0,7
125966,ViaggiandoSimpa,,4,0,4,4,0,4,0,0,0,0,7
125967,flaviaricciuti,,2,0,2,2,0,2,0,0,0,0,7
125968,inogniviaggio,,3,0,3,3,0,3,0,0,0,0,7
125969,EzioMrLifestyle,,4,0,4,4,0,4,0,0,0,0,7
125970,elianalbelloni,,2,0,2,2,0,2,0,0,0,0,3
125971,nbtsviaggi,,2,0,2,2,0,2,0,0,0,0,3
125985,alinomilan,,2,0,2,2,0,2,0,0,0,0,3
125987,simonespetia,,2,0,2,2,0,2,0,0,0,0,3
125988,innovlab,,3,0,3,3,0,3,0,0,0,0,1
125989,prinet2000,,2,0,2,2,0,2,0,0,0,0,7
125990,CarmeloCutuliTW,,2,0,2,2,0,2,0,0,0,0,7
125991,LeonardMilan,,2,0,2,2,0,2,0,0,0,0,3
125992,Startupbusiness,,3,0,3,3,0,3,0,0,0,0,1
125993,damiano_sestyle,,2,0,2,2,0,2,0,0,0,0,7
125994,enrico_sestyle,,2,0,2,2,0,2,0,0,0,0,3
125995,EconomyUp,,3,0,3,3,0,3,0,0,0,0,1
125996,Cla_Gagliardini,,2,0,2,2,0,2,0,0,0,0,3
125997,davidallegranti,,2,0,2,2,0,2,0,0,0,0,3
125999,davidelico,,2,0,2,2,0,2,0,0,0,0,3
126000,RudyBandiera,,2,0,2,2,0,2,0,0,0,0,3
126003,skande,,3,0,3,3,0,3,0,0,0,0,3
126004,rudyfc,,2,0,2,2,0,2,0,0,0,0,3
126005,ProgettoCREW,,2,0,2,2,0,2,0,0,0,0,7
126006,mariolavia,,2,0,2,2,0,2,0,0,0,0,3
126007,techgarage,,2,0,2,2,0,2,0,0,0,0,7
126009,mattial,,2,0,2,2,0,2,0,0,0,0,3
126010,stequad,,2,0,2,2,0,2,0,0,0,0,3
126011,timwcap,,3,0,3,3,0,3,0,0,0,0,1
126012,Luca2D,,2,0,2,2,0,2,0,0,0,0,3
126013,salvomizzi,,2,0,2,2,0,2,0,0,0,0,3
126016,rdonadon,,3,0,3,3,0,3,0,0,0,0,4
126017,stefanomaggi,,2,0,2,2,0,2,0,0,0,0,3
126018,chefuturo,,3,0,3,3,0,3,0,0,0,0,3
126019,hfarmspa,,3,0,3,3,0,3,0,0,0,0,4
126020,wearesocialit,,3,0,3,3,0,3,0,0,0,0,3
126025,timestravel,,3,0,3,3,0,3,0,0,0,0,7
126028,MamasUncutQA,,2,0,2,2,0,2,0,0,0,0,7
126029,TheWeirdWorld,,3,0,3,3,0,3,0,0,0,0,2
126030,planturista_it,,2,0,2,2,0,2,0,0,0,0,0
126032,ViaggideiRospi,,2,0,2,2,0,2,0,0,0,0,7
126033,viaggiolibera,,4,0,4,4,0,4,0,0,0,0,7
126034,ViaggiaredaSoli,,3,0,3,3,0,3,0,0,0,0,7
126039,exploretravel1,,4,0,4,4,0,4,0,0,0,0,7
126040,VoceDelVerboPar,,2,0,2,2,0,2,0,0,0,0,7
126045,CheeseTraveller,,2,0,2,2,0,2,0,0,0,0,7
126047,LuxuryTravel77,,2,0,2,2,0,2,0,0,0,0,7
126048,ValentinaCappio,,2,0,2,2,0,2,0,0,0,0,7
126049,VirginAmerica,,4,0,4,4,0,4,0,0,0,0,7
126050,JetBlue,,4,0,4,4,0,4,0,0,0,0,7
126051,SouthwestAir,,3,0,3,3,0,3,0,0,0,0,7
126052,GiorniRubati,,3,0,3,3,0,3,0,0,0,0,7
126054,Checkin_blog,,2,0,2,2,0,2,0,0,0,0,7
126055,AmericanAir,,4,0,4,4,0,4,0,0,0,0,7
126057,Giovyfh,,3,0,3,3,0,3,0,0,0,0,1
126059,KLM,,4,0,4,4,0,4,0,0,0,0,2
126060,VLCIT,,4,0,4,4,0,4,0,0,0,0,7
126061,airfrance,,3,0,3,3,0,3,0,0,0,0,7
126062,ReporterViaggi,,4,0,4,4,0,4,0,0,0,0,7
126063,BoucleVoyageuse,,2,0,2,2,0,2,0,0,0,0,7
126064,Giannilostorto,,2,0,2,2,0,2,0,0,0,0,3
126065,globeblogueurs,,2,0,2,2,0,2,0,0,0,0,7
126067,VoyageAvecNous,,2,0,2,2,0,2,0,0,0,0,7
126070,vadrouilleurs,,2,0,2,2,0,2,0,0,0,0,7
126071,Unsacsurledos,,2,0,2,2,0,2,0,0,0,0,7
126072,karolinapatryk,,3,0,3,3,0,3,0,0,0,0,7
126073,dovesciare,,2,0,2,2,0,2,0,0,0,0,7
126075,insidersabroad,,2,0,2,2,0,2,0,0,0,0,7
126076,WorldofExpats,,2,0,2,2,0,2,0,0,0,0,7
126078,NonSoloTuristi,,4,0,4,4,0,4,0,0,0,0,7
126080,Blog_di_Viaggi,,4,0,4,4,0,4,0,0,0,0,7
126081,Silviademick,,2,0,2,2,0,2,0,0,0,0,7
126082,iltuopnmondo,,2,0,2,2,0,2,0,0,0,0,7
126083,Morocco,,2,0,2,2,0,2,0,0,0,0,7
126086,AllThingTravel,,2,0,2,2,0,2,0,0,0,0,7
126088,GreenChallenge_,,2,0,2,2,0,2,0,0,0,0,3
126089,IcRicci,,2,0,2,2,0,2,0,0,0,0,3
126090,adayinrome,,3,0,3,3,0,3,0,0,0,0,7
126091,BonAppetour,,3,0,3,3,0,3,0,0,0,0,7
126092,FGio16,,3,0,3,3,0,3,0,0,0,0,3
126093,TravelToBlank,,2,0,2,2,0,2,0,0,0,0,7
126097,erasmuslife_it,,3,0,3,3,0,3,0,0,0,0,4
126098,erasmuslife_,,3,0,3,3,0,3,0,0,0,0,2
126099,erasmuslife1,,2,0,2,2,0,2,0,0,0,0,4
126100,rorymark,,2,0,2,2,0,2,0,0,0,0,4
126102,Erasmuslife,,2,0,2,2,0,2,0,0,0,0,4
126103,GlobalYorkUK,,2,0,2,2,0,2,0,0,0,0,1
126114,ErasmusUnion,,2,0,2,2,0,2,0,0,0,0,7
126116,TwitterFood,,2,0,2,2,0,2,0,0,0,0,3
126117,womeng,,2,0,2,2,0,2,0,0,0,0,3
126118,TwitterWomen,,2,0,2,2,0,2,0,0,0,0,3
126119,TwitterOpen,,3,0,3,3,0,3,0,0,0,0,2
126120,OfficialRadja,,3,0,3,3,0,3,0,0,0,0,3
126122,FAI_delRoma,,2,0,2,2,0,2,0,0,0,0,3
126123,HeathrowAirport,,3,0,3,3,0,3,0,0,0,0,2
126124,romaapiedi,,2,0,2,2,0,2,0,0,0,0,3
126126,FotoDiRoma,,2,0,2,2,0,2,0,0,0,0,3
126129,irintronauti,,2,0,2,2,0,2,0,0,0,0,7
126130,STN_Airport,,2,0,2,2,0,2,0,0,0,0,2
126132,LDNLutonAirport,,3,0,3,3,0,3,0,0,0,0,2
126133,manairport,,2,0,2,2,0,2,0,0,0,0,1
126135,girovagate,,4,0,4,4,0,4,0,0,0,0,7
126136,SOU_Airport,,2,0,2,2,0,2,0,0,0,0,2
126138,ViaggioinA,,2,0,2,2,0,2,0,0,0,0,0
126140,bhx_official,,2,0,2,2,0,2,0,0,0,0,2
126141,LPL_Airport,,2,0,2,2,0,2,0,0,0,0,3
126142,Hostelworld_IT,,2,0,2,2,0,2,0,0,0,0,7
126144,viaggiovero,,4,0,4,4,0,4,0,0,0,0,7
126148,giggi_gram,,2,0,2,2,0,2,0,0,0,0,3
126149,SaiCheARoma,,2,0,2,2,0,2,0,0,0,0,3
126150,_DigitalIndia,,2,0,2,2,0,2,0,0,0,0,2
126151,romaierioggi,,2,0,2,2,0,2,0,0,0,0,3
126159,bambiniCLV,,2,0,2,2,0,2,0,0,0,0,3
126160,TripsInTheWorld,,2,0,2,2,0,2,0,0,0,0,7
126161,GTKappa,,2,0,2,2,0,2,0,0,0,0,7
126163,YouAreMyGuide,,3,0,3,3,0,3,0,0,0,0,7
126164,trippando,,4,0,4,4,0,4,0,0,0,0,7
126165,wanderlustitaly,,2,0,2,2,0,2,0,0,0,0,7
126168,TrastevereRM,,2,0,2,2,0,2,0,0,0,0,7
126169,ViaggiareLibera,,4,0,4,4,0,4,0,0,0,0,7
126175,CoffeeCocktail,,2,0,2,2,0,2,0,0,0,0,2
126190,warmcheaptrips,,2,0,2,2,0,2,0,0,0,0,7
126191,AbsensumExp,,2,0,2,2,0,2,0,0,0,0,7
126192,InterNationsorg,,3,0,3,3,0,3,0,0,0,0,4
126240,JulioONieto,,2,0,2,2,0,2,0,0,0,0,0
126243,AeroportidiRoma,,2,0,2,2,0,2,0,0,0,0,2
126245,viaggevolmente,,2,0,2,2,0,2,0,0,0,0,7
126246,MarcoCantamessa,,2,0,2,2,0,2,0,0,0,0,3
126251,profdalimonte,,3,0,3,3,0,3,0,0,0,0,3
126253,GlbetrotterGrls,,3,0,3,3,0,3,0,0,0,0,7
126254,pilotguidestv,,2,0,2,2,0,2,0,0,0,0,7
126261,LapizNomada,,2,0,2,2,0,2,0,0,0,0,7
126262,edithhuntink,,2,0,2,2,0,2,0,0,0,0,7
126263,LifeliciousBlog,,2,0,2,2,0,2,0,0,0,0,7
126270,travelloverblog,,2,0,2,2,0,2,0,0,0,0,7
126275,dilettacaponi,,2,0,2,2,0,2,0,0,0,0,7
126278,Mr_goodtravel,,2,0,2,2,0,2,0,0,0,0,7
126279,inviaggiodasola,,3,0,3,3,0,3,0,0,0,0,7
126282,travelliAMO,,2,0,2,2,0,2,0,0,0,0,7
126283,mangiaviaggiama,,2,0,2,2,0,2,0,0,0,0,7
126284,viacolviaggio,,2,0,2,2,0,2,0,0,0,0,7
126290,cristinapasin,,2,0,2,2,0,2,0,0,0,0,7
126291,SphimmsTrip,,2,0,2,2,0,2,0,0,0,0,7
126292,Infoturismiamo,,4,0,4,4,0,4,0,0,0,0,7
126293,ViajeroPeligro,,2,0,2,2,0,2,0,0,0,0,0
126296,polly674,,4,0,4,4,0,4,0,0,0,0,7
126297,claudiagarage,,3,0,3,3,0,3,0,0,0,0,7
126301,pizzo_76,,2,0,2,2,0,2,0,0,0,0,7
126307,83saretta,,4,0,4,4,0,4,0,0,0,0,7
126309,vologratis,,4,0,4,4,0,4,0,0,0,0,7
126310,TravelBloggerZA,,2,0,2,2,0,2,0,0,0,0,7
126311,viaggiaescopri,,4,0,4,4,0,4,0,0,0,0,7
126312,federchicca,,4,0,4,4,0,4,0,0,0,0,7
126313,NaticnlaValigia,,2,0,2,2,0,2,0,0,0,0,7
126319,t2iscarl_vr,,2,0,2,2,0,2,0,0,0,0,3
126322,AdeccoItalia,,3,0,3,3,0,3,0,0,0,0,3
126325,AEGEEVERONA,,2,0,2,2,0,2,0,0,0,0,3
126328,HellasLive,,2,0,2,2,0,2,0,0,0,0,3
126331,Asso_ValIda,,3,0,3,3,0,3,0,0,0,0,3
126332,hellofooditalia,,2,0,2,2,0,2,0,0,0,0,3
126333,DonaConAmore,,3,0,3,3,0,3,0,0,0,0,3
126335,valeromanzi,,2,0,2,2,0,2,0,0,0,0,3
126337,ilGentIV,,2,0,2,2,0,2,0,0,0,0,1
126344,manuelclic,,3,0,3,3,0,3,0,0,0,0,0
126345,AsambleaRealejo,,2,0,2,2,0,2,0,0,0,0,0
126346,IZARGranada,,3,0,3,3,0,3,0,0,0,0,0
126347,AbogadasenRed,,3,0,3,3,0,3,0,0,0,0,0
126349,JerGranada,,3,0,3,3,0,3,0,0,0,0,0
126351,latrama_asoc,,2,0,2,2,0,2,0,0,0,0,0
126352,PNL112_Granada,,2,0,2,2,0,2,0,0,0,0,0
126355,vamosgranadaofi,,2,0,2,2,0,2,0,0,0,0,0
126359,bsquero,,2,0,2,2,0,2,0,0,0,0,0
126360,Yayoflautas_Gr,,4,0,4,4,0,4,0,0,0,0,0
126361,NestorAndalucia,,2,0,2,2,0,2,0,0,0,0,0
126362,GEAlaCorrala,,2,0,2,2,0,2,0,0,0,0,0
126364,PahGranada,,2,0,2,2,0,2,0,0,0,0,0
126365,RentaBasicaGr,,2,0,2,2,0,2,0,0,0,0,0
126366,Marcha22MGr,,3,0,3,3,0,3,0,0,0,0,0
126367,CNTEnseGranada,,2,0,2,2,0,2,0,0,0,0,0
126370,UP_Granada,,2,0,2,2,0,2,0,0,0,0,0
126373,StopdesahucioGr,,3,0,3,3,0,3,0,0,0,0,0
126375,ArcoIrisLGBTI,,2,0,2,2,0,2,0,0,0,0,0
126376,cgtaytogranada,,2,0,2,2,0,2,0,0,0,0,0
126377,Granadaantifa,,2,0,2,2,0,2,0,0,0,0,0
126378,NacAnda_Granada,,2,0,2,2,0,2,0,0,0,0,0
126381,Artetempus,,2,0,2,2,0,2,0,0,0,0,0
126397,chiarelettere,,3,0,3,3,0,3,0,0,0,0,3
126407,efultimatebreak,,2,0,2,2,0,2,0,0,0,0,2
126415,nubes_viajeras,,2,0,2,2,0,2,0,0,0,0,7
126422,davidmxcanada,,2,0,2,2,0,2,0,0,0,0,7
126433,Buzzoole,,2,0,2,2,0,2,0,0,0,0,3
126443,travelappeal,,2,0,2,2,0,2,0,0,0,0,3
126455,alvientooo,,3,0,3,3,0,3,0,0,0,0,6
126480,tom_bourlet,,2,0,2,2,0,2,0,0,0,0,7
126501,GapYearCamps,,2,0,2,2,0,2,0,0,0,0,2
126517,rnrtravel_,,2,0,2,2,0,2,0,0,0,0,7
126537,hoodmapsapp,,2,0,2,2,0,2,0,0,0,0,2
126553,nomadicboys,,2,0,2,2,0,2,0,0,0,0,7
126572,jayneytravels,,2,0,2,2,0,2,0,0,0,0,7
126573,AlyssaRamos,,2,0,2,2,0,2,0,0,0,0,0
126635,TurismoItaliaNw,,2,0,2,2,0,2,0,0,0,0,7
126650,TravelMedia_ie,,2,0,2,2,0,2,0,0,0,0,7
126661,PodiumTO,,2,0,2,2,0,2,0,0,0,0,7
126689,tirol,,2,0,2,2,0,2,0,0,0,0,1
126691,TripsWithTykes,,2,0,2,2,0,2,0,0,0,0,1
126698,splithostel,,2,0,2,2,0,2,0,0,0,0,7
126723,esterliquori,,2,0,2,2,0,2,0,0,0,0,3
126726,RickGriffin,,2,0,2,2,0,2,0,0,0,0,7
126742,ilfestival,,2,0,2,2,0,2,0,0,0,0,3
126743,MONSTRAVEL,,2,0,2,2,0,2,0,0,0,0,0
126748,viejaqueviaja,,2,0,2,2,0,2,0,0,0,0,7
126773,HotUKFestivals,,2,0,2,2,0,2,0,0,0,0,2
126778,carolafmoores,,2,0,2,2,0,2,0,0,0,0,0
126786,KaliTravel,,2,0,2,2,0,2,0,0,0,0,7
126788,RogerWiklund,,2,0,2,2,0,2,0,0,0,0,7
126797,simlewis,,2,0,2,2,0,2,0,0,0,0,7
126813,alex_gagliano,,2,0,2,2,0,2,0,0,0,0,0
126849,Vagabond3Live,,2,0,2,2,0,2,0,0,0,0,7
126863,cestchristine,,2,0,2,2,0,2,0,0,0,0,7
126880,lavidadeviaje,,3,0,3,3,0,3,0,0,0,0,7
126910,SchadenJake,,2,0,2,2,0,2,0,0,0,0,8
126915,skift,,2,0,2,2,0,2,0,0,0,0,7
126923,feetuphostels,,2,0,2,2,0,2,0,0,0,0,7
126927,viaggilink,,2,0,2,2,0,2,0,0,0,0,1
126932,avventurosara,,2,0,2,2,0,2,0,0,0,0,7
126979,anto81nio,,2,0,2,2,0,2,0,0,0,0,3
126987,martyna_world,,2,0,2,2,0,2,0,0,0,0,3
126998,brumottistar,,2,0,2,2,0,2,0,0,0,0,2
127014,TravelDailyNews,,2,0,2,2,0,2,0,0,0,0,1
127035,boilerroomtv,,2,0,2,2,0,2,0,0,0,0,6
127039,bb_hostel_bali,,2,0,2,2,0,2,0,0,0,0,7
127044,THostel,,2,0,2,2,0,2,0,0,0,0,7
127049,SimoneCosimi,,3,0,3,3,0,3,0,0,0,0,3
127054,nuestranutricio,,2,0,2,2,0,2,0,0,0,0,0
127055,travelsyk,,2,0,2,2,0,2,0,0,0,0,0
127063,TravelPast50,,2,0,2,2,0,2,0,0,0,0,0
127095,UoBWomensFC,,2,0,2,2,0,2,0,0,0,0,2
127120,Suitcases2,,2,0,2,2,0,2,0,0,0,0,7
127134,Erasmus_me,,3,0,3,3,0,3,0,0,0,0,4
127135,erasmusprague,,3,0,3,3,0,3,0,0,0,0,2
127136,ErasmusPorto,,3,0,3,3,0,3,0,0,0,0,8
127137,EPOG_EMJMD,,3,0,3,3,0,3,0,0,0,0,7
127138,ErasmusExp,,3,0,3,3,0,3,0,0,0,0,1
127139,unipait,,3,0,3,3,0,3,0,0,0,0,1
127140,Universita_it,,3,0,3,3,0,3,0,0,0,0,4
127141,IER_Recruiting,,3,0,3,3,0,3,0,0,0,0,7
127142,AccessEuropeNet,,2,0,2,2,0,2,0,0,0,0,7
127143,studentifuori,,3,0,3,3,0,3,0,0,0,0,3
127144,UniversItaly,,3,0,3,3,0,3,0,0,0,0,4
127145,ErasmusPlus_You,,2,0,2,2,0,2,0,0,0,0,4
127146,ErasmusNCL,,3,0,3,3,0,3,0,0,0,0,0
127147,theerasmusbcn,,2,0,2,2,0,2,0,0,0,0,0
127148,bcnerasmus,,3,0,3,3,0,3,0,0,0,0,7
127149,Erasmus_USOC,,3,0,3,3,0,3,0,0,0,0,7
127150,ErasmusFlatBcn,,3,0,3,3,0,3,0,0,0,0,7
127151,erasmus_greats,,2,0,2,2,0,2,0,0,0,0,4
127152,Erasmus_TC,,3,0,3,3,0,3,0,0,0,0,2
127153,FestaErasmus,,3,0,3,3,0,3,0,0,0,0,2
127154,likeeurope,,3,0,3,3,0,3,0,0,0,0,1
127155,iKnowToGo,,2,0,2,2,0,2,0,0,0,0,7
127167,travel2next,,2,0,2,2,0,2,0,0,0,0,2
127168,SweetTMakes3,,2,0,2,2,0,2,0,0,0,0,0
127198,Brendanvanson,,2,0,2,2,0,2,0,0,0,0,7
127201,Border_Lass,,2,0,2,2,0,2,0,0,0,0,1
127211,GStudentVillage,,3,0,3,3,0,3,0,0,0,0,1
127213,SkyeTravels,,2,0,2,2,0,2,0,0,0,0,1
127240,hispanico_pl,,2,0,2,2,0,2,0,0,0,0,4
127241,TraveloholikPL,,2,0,2,2,0,2,0,0,0,0,1
127265,SurfnSunshine,,3,0,3,3,0,3,0,0,0,0,7
127266,viajar_vivir,,3,0,3,3,0,3,0,0,0,0,7
127285,Italia_USA_CAN,,2,0,2,2,0,2,0,0,0,0,3
127296,Reisbijbel,,2,0,2,2,0,2,0,0,0,0,6
127300,briannawiens,,2,0,2,2,0,2,0,0,0,0,2
127302,MyAntonellaBlog,,2,0,2,2,0,2,0,0,0,0,3
127304,maccasherifi,,2,0,2,2,0,2,0,0,0,0,2
127306,Eryka_Kosta,,2,0,2,2,0,2,0,0,0,0,2
127309,RickZullo1,,2,0,2,2,0,2,0,0,0,0,3
127316,nunziacillo,,2,0,2,2,0,2,0,0,0,0,1
127325,IlarysGrill,,2,0,2,2,0,2,0,0,0,0,3
127333,RaccontiMarche,,3,0,3,3,0,3,0,0,0,0,3
127335,Iabicus,,2,0,2,2,0,2,0,0,0,0,3
127348,bloggirl_it,,2,0,2,2,0,2,0,0,0,0,3
127356,StoryMondo,,2,0,2,2,0,2,0,0,0,0,0
127405,NataliaHatalska,,2,0,2,2,0,2,0,0,0,0,1
127414,BlaBlaCarPL,,2,0,2,2,0,2,0,0,0,0,4
127433,KujawPomorskie,,2,0,2,2,0,2,0,0,0,0,1
127455,tasteawayPL,,2,0,2,2,0,2,0,0,0,0,7
127470,TweetAOgniCosto,,2,0,2,2,0,2,0,0,0,0,3
127474,LetsPartyRome,,2,0,2,2,0,2,0,0,0,0,7
127477,BackpackerTrips,,2,0,2,2,0,2,0,0,0,0,7
127479,Travelwriticus,,2,0,2,2,0,2,0,0,0,0,7
127491,burgerabroad,,2,0,2,2,0,2,0,0,0,0,1
127496,hostelbench,,2,0,2,2,0,2,0,0,0,0,7
127515,LeggeRob,,3,0,3,3,0,3,0,0,0,0,7
127516,StokeTravel,,2,0,2,2,0,2,0,0,0,0,7
127526,StudyAbroadAPTS,,2,0,2,2,0,2,0,0,0,0,7
127528,everycountryint,,2,0,2,2,0,2,0,0,0,0,2
127547,BlBrTravel,,2,0,2,2,0,2,0,0,0,0,7
127574,kieronandlewis,,2,0,2,2,0,2,0,0,0,0,6
127591,nomtwee,,2,0,2,2,0,2,0,0,0,0,8
127593,Monde_du_Voyage,,2,0,2,2,0,2,0,0,0,0,7
127638,DanMochileiro,,2,0,2,2,0,2,0,0,0,0,7
127642,theblondeabroad,,2,0,2,2,0,2,0,0,0,0,1
127659,BaobabExp,,3,0,3,3,0,3,0,0,0,0,3
127660,mattgdavison,,2,0,2,2,0,2,0,0,0,0,0
127668,HowToGoAbroad,,2,0,2,2,0,2,0,0,0,0,1
127670,packsandbunks,,2,0,2,2,0,2,0,0,0,0,7
127684,dellimellow,,2,0,2,2,0,2,0,0,0,0,3
127695,AileenAdalid,,2,0,2,2,0,2,0,0,0,0,2
127698,Higheredme,,2,0,2,2,0,2,0,0,0,0,1
127699,CrystalCastaway,,2,0,2,2,0,2,0,0,0,0,7
127710,CouchsurfingITA,,2,0,2,2,0,2,0,0,0,0,3
127722,lonelytraveller,,2,0,2,2,0,2,0,0,0,0,7
127724,igersBologna,,2,0,2,2,0,2,0,0,0,0,1
127740,vacanzedelanima,,2,0,2,2,0,2,0,0,0,0,2
127747,Student,,2,0,2,2,0,2,0,0,0,0,7
127752,Travelllll,,2,0,2,2,0,2,0,0,0,0,7
127756,wistapp,,2,0,2,2,0,2,0,0,0,0,2
127765,SophieOfNorway,,2,0,2,2,0,2,0,0,0,0,0
127774,kim_i_mott,,2,0,2,2,0,2,0,0,0,0,7
127780,paul_steele,,3,0,3,3,0,3,0,0,0,0,7
127783,TravelnKids,,2,0,2,2,0,2,0,0,0,0,7
127786,FuturistHarald,,3,0,3,3,0,3,0,0,0,0,7
127795,Moscerina,,2,0,2,2,0,2,0,0,0,0,3
127804,Estaentumundo,,2,0,2,2,0,2,0,0,0,0,4
127805,michaeltieso,,2,0,2,2,0,2,0,0,0,0,7
127808,s_canaves,,3,0,3,3,0,3,0,0,0,0,2
127810,DevourMadrid,,2,0,2,2,0,2,0,0,0,0,1
127822,CanvasOfLight,,3,0,3,3,0,3,0,0,0,0,6
127825,kevinlukemay,,2,0,2,2,0,2,0,0,0,0,7
127828,davidsbeenhere,,2,0,2,2,0,2,0,0,0,0,0
127832,ENIT_italia,,2,0,2,2,0,2,0,0,0,0,3
127834,Andarilho_Mundo,,2,0,2,2,0,2,0,0,0,0,7
127835,encargahoy,,2,0,2,2,0,2,0,0,0,0,7
127837,piggybackrideAZ,,3,0,3,3,0,3,0,0,0,0,7
127851,GoSeeWrite,,2,0,2,2,0,2,0,0,0,0,7
127864,HumanCompanyOff,,3,0,3,3,0,3,0,0,0,0,7
127867,hostel_reviews,,2,0,2,2,0,2,0,0,0,0,7
127868,Stayokay,,2,0,2,2,0,2,0,0,0,0,1
127871,studenttravelpl,,2,0,2,2,0,2,0,0,0,0,1
127875,pamelasendee,,2,0,2,2,0,2,0,0,0,0,7
127885,Invasion,,3,0,3,3,0,3,0,0,0,0,6
127904,BongiornoFede,,2,0,2,2,0,2,0,0,0,0,4
127908,Easyvoyage,,2,0,2,2,0,2,0,0,0,0,0
127909,blogviajadas,,2,0,2,2,0,2,0,0,0,0,7
127941,Abrokenbackpack,,2,0,2,2,0,2,0,0,0,0,7
127942,Hostelman,,3,0,3,3,0,3,0,0,0,0,1
127951,Sihpromatum,,2,0,2,2,0,2,0,0,0,0,7
127956,GenGoTravel,,2,0,2,2,0,2,0,0,0,0,7
127958,IsabellesTravel,,3,0,3,3,0,3,0,0,0,0,7
127959,LuxuryTravelMom,,2,0,2,2,0,2,0,0,0,0,7
127970,MyExpatJob,,2,0,2,2,0,2,0,0,0,0,4
127976,ivoyages,,3,0,3,3,0,3,0,0,0,0,7
127985,CristianBonetto,,2,0,2,2,0,2,0,0,0,0,3
127988,macciottina,,2,0,2,2,0,2,0,0,0,0,3
128002,difkindoftravel,,2,0,2,2,0,2,0,0,0,0,3
128017,traveleira,,2,0,2,2,0,2,0,0,0,0,7
128025,paulabendfeldt,,3,0,3,3,0,3,0,0,0,0,7
128037,ausflashpacker,,2,0,2,2,0,2,0,0,0,0,7
128049,TravelDW,,2,0,2,2,0,2,0,0,0,0,1
128056,YaronBurgin,,2,0,2,2,0,2,0,0,0,0,1
128059,makernlab,,2,0,2,2,0,2,0,0,0,0,3
128072,must_travel,,3,0,3,3,0,3,0,0,0,0,7
128075,PrecisaViajar,,2,0,2,2,0,2,0,0,0,0,7
128077,rodandoomundo,,2,0,2,2,0,2,0,0,0,0,7
128078,EuVoudeMochila,,2,0,2,2,0,2,0,0,0,0,7
128079,diademochileiro,,2,0,2,2,0,2,0,0,0,0,7
128082,lidispinola,,2,0,2,2,0,2,0,0,0,0,7
128083,duduafora,,2,0,2,2,0,2,0,0,0,0,7
128084,NerdsViajantes,,2,0,2,2,0,2,0,0,0,0,7
128085,viajando_mundo,,2,0,2,2,0,2,0,0,0,0,7
128086,blogviajao,,2,0,2,2,0,2,0,0,0,0,7
128087,intripBR,,2,0,2,2,0,2,0,0,0,0,7
128091,RBBViagem,,2,0,2,2,0,2,0,0,0,0,7
128104,viagememcena,,2,0,2,2,0,2,0,0,0,0,7
128117,Work_Hol_Ire,,2,0,2,2,0,2,0,0,0,0,1
128118,davisjourneys,,2,0,2,2,0,2,0,0,0,0,7
128124,viajeros_com,,2,0,2,2,0,2,0,0,0,0,0
128130,riminiwellness,,2,0,2,2,0,2,0,0,0,0,0
128131,divergenttravel,,2,0,2,2,0,2,0,0,0,0,4
128137,RunFleurRun,,2,0,2,2,0,2,0,0,0,0,0
128145,Avenlylntravel,,3,0,3,3,0,3,0,0,0,0,7
128146,Workaway,,3,0,3,3,0,3,0,0,0,0,1
128161,NevEndingVoyage,,3,0,3,3,0,3,0,0,0,0,7
128169,ViaggieSogni,,2,0,2,2,0,2,0,0,0,0,3
128177,MySOdotCom,,3,0,3,3,0,3,0,0,0,0,0
128183,MnSinclair,,2,0,2,2,0,2,0,0,0,0,2
128190,bigwsmallp,,2,0,2,2,0,2,0,0,0,0,7
128198,ABritSoutherner,,2,0,2,2,0,2,0,0,0,0,7
128202,mapiactravel,,2,0,2,2,0,2,0,0,0,0,0
128206,mytravelpeer,,2,0,2,2,0,2,0,0,0,0,1
128215,LuxTravelExpert,,2,0,2,2,0,2,0,0,0,0,1
128216,Hedesaber,,3,0,3,3,0,3,0,0,0,0,2
128225,DomenicoMelpign,,2,0,2,2,0,2,0,0,0,0,7
128232,carmenlroberts,,2,0,2,2,0,2,0,0,0,0,7
128234,alastairmck,,2,0,2,2,0,2,0,0,0,0,7
128237,theaussienomad,,2,0,2,2,0,2,0,0,0,0,7
128241,hombrelobo,,2,0,2,2,0,2,0,0,0,0,4
128245,ShannonRTW,,2,0,2,2,0,2,0,0,0,0,7
128250,gostudywork,,2,0,2,2,0,2,0,0,0,0,1
128253,bellavitatrav,,2,0,2,2,0,2,0,0,0,0,3
128257,SlowVeganTravel,,2,0,2,2,0,2,0,0,0,0,7
128259,OurJourneyAway,,2,0,2,2,0,2,0,0,0,0,1
128271,jetsetterjobs,,2,0,2,2,0,2,0,0,0,0,1
128289,LalaViajera,,3,0,3,3,0,3,0,0,0,0,0
128291,OneikaTraveller,,2,0,2,2,0,2,0,0,0,0,7
128292,Social_Traveler,,2,0,2,2,0,2,0,0,0,0,7
128302,Agnesstramp,,2,0,2,2,0,2,0,0,0,0,7
128304,TUIUK,,2,0,2,2,0,2,0,0,0,0,0
128307,lafillevoyage,,2,0,2,2,0,2,0,0,0,0,7
128310,Hostelgeeks,,3,0,3,3,0,3,0,0,0,0,7
128318,hiptraveler,,2,0,2,2,0,2,0,0,0,0,7
128324,360meridianos,,2,0,2,2,0,2,0,0,0,0,7
128333,TravelCatsBlog,,3,0,3,3,0,3,0,0,0,0,7
128341,goKonrad,,2,0,2,2,0,2,0,0,0,0,7
128345,expat_blog,,3,0,3,3,0,3,0,0,0,0,3
128349,survivingitaly,,2,0,2,2,0,2,0,0,0,0,3
128350,LaDolceVita4Me,,2,0,2,2,0,2,0,0,0,0,3
128353,hostel,,3,0,3,3,0,3,0,0,0,0,7
128361,compassunibo,,3,0,3,3,0,3,0,0,0,0,5
128364,VontadeDeViajar,,2,0,2,2,0,2,0,0,0,0,7
128365,turismoemroma,,2,0,2,2,0,2,0,0,0,0,7
128368,ThisLifeinTrips,,3,0,3,3,0,3,0,0,0,0,7
128371,foxnomad,,2,0,2,2,0,2,0,0,0,0,7
128373,davidfarley,,2,0,2,2,0,2,0,0,0,0,7
128374,WanderingEarl,,2,0,2,2,0,2,0,0,0,0,7
128377,backpackerbrock,,2,0,2,2,0,2,0,0,0,0,7
128379,Rage_the_Wich,,2,0,2,2,0,2,0,0,0,0,1
128382,JenniferMiner,,2,0,2,2,0,2,0,0,0,0,7
128383,LolaAkinmade,,2,0,2,2,0,2,0,0,0,0,7
128384,travelcanucks,,2,0,2,2,0,2,0,0,0,0,7
128385,atg_nl,,2,0,2,2,0,2,0,0,0,0,1
128386,StoryTravelers,,2,0,2,2,0,2,0,0,0,0,1
128387,agentcikay,,3,0,3,3,0,3,0,0,0,0,7
128390,worldofwlust,,2,0,2,2,0,2,0,0,0,0,7
128391,IgersEmRomagna,,2,0,2,2,0,2,0,0,0,0,1
128395,cardcultura,,2,0,2,2,0,2,0,0,0,0,2
128396,rep_bologna,,3,0,3,3,0,3,0,0,0,0,2
128402,whyinitaly,,2,0,2,2,0,2,0,0,0,0,1
128414,wandering_will,,2,0,2,2,0,2,0,0,0,0,2
128418,travelabouts,,2,0,2,2,0,2,0,0,0,0,7
128420,giovazoom,,2,0,2,2,0,2,0,0,0,0,1
128422,infogioBologna,,2,0,2,2,0,2,0,0,0,0,7
128431,Journeywoman,,2,0,2,2,0,2,0,0,0,0,7
128432,MsTravelingPant,,2,0,2,2,0,2,0,0,0,0,7
128433,chicatravels,,2,0,2,2,0,2,0,0,0,0,7
128438,cooksipgo,,2,0,2,2,0,2,0,0,0,0,7
128439,culturalitaly,,2,0,2,2,0,2,0,0,0,0,1
128442,greengraeme,,2,0,2,2,0,2,0,0,0,0,1
128446,AngieAway,,2,0,2,2,0,2,0,0,0,0,7
128448,viaggiovagando,,3,0,3,3,0,3,0,0,0,0,7
128449,ITB_Berlin,,3,0,3,3,0,3,0,0,0,0,7
128450,thetravelchica,,2,0,2,2,0,2,0,0,0,0,2
128451,BeMyTravelMuse,,2,0,2,2,0,2,0,0,0,0,7
128456,BurlesqueOnline,,2,0,2,2,0,2,0,0,0,0,0
128459,DangerousBiz,,2,0,2,2,0,2,0,0,0,0,7
128460,eriksmithdotcom,,2,0,2,2,0,2,0,0,0,0,7
128462,misviajesysensa,,3,0,3,3,0,3,0,0,0,0,4
128465,mundoalavuelta,,3,0,3,3,0,3,0,0,0,0,7
128467,mispiesviajeros,,2,0,2,2,0,2,0,0,0,0,7
128468,DiariosdViaje,,3,0,3,3,0,3,0,0,0,0,6
128469,NLmundoperdido,,2,0,2,2,0,2,0,0,0,0,0
128470,blogsdeviajeros,,3,0,3,3,0,3,0,0,0,0,0
128472,ameseros,,3,0,3,3,0,3,0,0,0,0,7
128473,JustinLaurenXO,,2,0,2,2,0,2,0,0,0,0,7
128477,_codeveronica,,3,0,3,3,0,3,0,0,0,0,7
128478,LosviajesdeMary,,3,0,3,3,0,3,0,0,0,0,4
128480,bethanylooi,,2,0,2,2,0,2,0,0,0,0,7
128485,joaoleitao,,2,0,2,2,0,2,0,0,0,0,7
128490,Heartofvagabond,,2,0,2,2,0,2,0,0,0,0,1
128500,viajeporelmundo,,4,0,4,4,0,4,0,0,0,0,4
128503,miblogdeviajes,,3,0,3,3,0,3,0,0,0,0,2
128514,katieparla,,3,0,3,3,0,3,0,0,0,0,3
128520,euromochileros,,2,0,2,2,0,2,0,0,0,0,6
128523,MyTravelAffairs,,3,0,3,3,0,3,0,0,0,0,2
128529,GeoTravellers,,2,0,2,2,0,2,0,0,0,0,7
128532,BackstreetNomad,,2,0,2,2,0,2,0,0,0,0,7
128533,NicoleTravelBug,,2,0,2,2,0,2,0,0,0,0,7
128534,hjortur,,2,0,2,2,0,2,0,0,0,0,1
128535,roniweiss,,2,0,2,2,0,2,0,0,0,0,7
128538,LowCostEuropa,,3,0,3,3,0,3,0,0,0,0,4
128540,GiraTravel,,2,0,2,2,0,2,0,0,0,0,1
128541,Passport_Liz,,2,0,2,2,0,2,0,0,0,0,7
128543,Musixmatch,,2,0,2,2,0,2,0,0,0,0,7
128549,touritalynow,,2,0,2,2,0,2,0,0,0,0,1
128551,Claudiabia,,2,0,2,2,0,2,0,0,0,0,7
128554,m_cacciottolo,,2,0,2,2,0,2,0,0,0,0,1
128557,80worldjobs,,2,0,2,2,0,2,0,0,0,0,2
128567,Bairdtravels,,2,0,2,2,0,2,0,0,0,0,7
128573,yTravelBlog,,2,0,2,2,0,2,0,0,0,0,7
128574,spottedbylocals,,2,0,2,2,0,2,0,0,0,0,4
128575,Milanodabere_it,,2,0,2,2,0,2,0,0,0,0,1
128576,comunicami,,3,0,3,3,0,3,0,0,0,0,1
128577,PaperRaft_,,3,0,3,3,0,3,0,0,0,0,7
128578,MarcheTourismEN,,3,0,3,3,0,3,0,0,0,0,3
128583,YoungAdventures,,3,0,3,3,0,3,0,0,0,0,7
128585,Drewbinsky,,2,0,2,2,0,2,0,0,0,0,7
128586,KirstenAlana,,2,0,2,2,0,2,0,0,0,0,7
128588,Globellers,,2,0,2,2,0,2,0,0,0,0,7
128589,moonflower_blog,,3,0,3,3,0,3,0,0,0,0,7
128590,departureboard,,2,0,2,2,0,2,0,0,0,0,7
128592,PLUSPrague,,2,0,2,2,0,2,0,0,0,0,7
128593,candicewalsh,,2,0,2,2,0,2,0,0,0,0,7
128594,HowToEnjoyITALY,,2,0,2,2,0,2,0,0,0,0,4
128596,MOCHILEANDOLO,,2,0,2,2,0,2,0,0,0,0,4
128603,TravelBreakLife,,2,0,2,2,0,2,0,0,0,0,7
128605,turkishtravel,,2,0,2,2,0,2,0,0,0,0,7
128606,brookeschoenman,,2,0,2,2,0,2,0,0,0,0,7
128607,GoatsOnTheRoad,,2,0,2,2,0,2,0,0,0,0,7
128613,wanderingon_bn,,2,0,2,2,0,2,0,0,0,0,2
128614,VagabondQuest,,2,0,2,2,0,2,0,0,0,0,7
128616,helloiamruben,,4,0,4,4,0,4,0,0,0,0,7
128617,livingdreamrtw,,3,0,3,3,0,3,0,0,0,0,7
128618,travelingted,,3,0,3,3,0,3,0,0,0,0,7
128620,sylviahchannel,,3,0,3,3,0,3,0,0,0,0,7
128621,FondazioneIU,,2,0,2,2,0,2,0,0,0,0,2
128625,FedericoMinori,,2,0,2,2,0,2,0,0,0,0,1
128631,abackpackerstal,,2,0,2,2,0,2,0,0,0,0,7
128633,Deliciousitaly,,2,0,2,2,0,2,0,0,0,0,1
128635,giuliog,,2,0,2,2,0,2,0,0,0,0,7
128642,2016Guide,,2,0,2,2,0,2,0,0,0,0,1
128644,elliottdotorg,,2,0,2,2,0,2,0,0,0,0,7
128646,rhaetischebahn,,2,0,2,2,0,2,0,0,0,0,1
128650,Reserve123,,2,0,2,2,0,2,0,0,0,0,0
128656,erikafrancola,,2,0,2,2,0,2,0,0,0,0,0
128662,bolognainside,,2,0,2,2,0,2,0,0,0,0,7
128677,OverYonderlust,,2,0,2,2,0,2,0,0,0,0,7
128681,WarsawPubCrawl,,2,0,2,2,0,2,0,0,0,0,7
128683,Milaonasmaos,,2,0,2,2,0,2,0,0,0,0,7
128692,NCarvalheiro,,2,0,2,2,0,2,0,0,0,0,7
128699,MusicCityPubCra,,2,0,2,2,0,2,0,0,0,0,7
128703,SOVoyageurs,,2,0,2,2,0,2,0,0,0,0,7
128706,JeffTitelius,,2,0,2,2,0,2,0,0,0,0,7
128708,travelquill,,2,0,2,2,0,2,0,0,0,0,7
128710,gastama,,2,0,2,2,0,2,0,0,0,0,8
128715,ExpertVagabond,,2,0,2,2,0,2,0,0,0,0,1
128717,woodlandherbal,,2,0,2,2,0,2,0,0,0,0,7
128721,NomadicSamuel,,2,0,2,2,0,2,0,0,0,0,0
128725,italyfrominside,,2,0,2,2,0,2,0,0,0,0,3
128727,umarket,,3,0,3,3,0,3,0,0,0,0,7
128729,legalnomads,,4,0,4,4,0,4,0,0,0,0,7
128731,momondo,,2,0,2,2,0,2,0,0,0,0,7
128732,adventurouskate,,2,0,2,2,0,2,0,0,0,0,7
128735,blogtrip,,2,0,2,2,0,2,0,0,0,0,7
128736,Worldpackers,,2,0,2,2,0,2,0,0,0,0,1
128740,TourdumondeFR,,2,0,2,2,0,2,0,0,0,0,7
128741,WeirsWorld4,,2,0,2,2,0,2,0,0,0,0,7
128742,iviajero,,3,0,3,3,0,3,0,0,0,0,2
128748,opinaviajes,,2,0,2,2,0,2,0,0,0,0,0
128749,HaveSippy,,2,0,2,2,0,2,0,0,0,0,7
128750,britishberliner,,2,0,2,2,0,2,0,0,0,0,1
128753,YouthExpo2015,,3,0,3,3,0,3,0,0,0,0,7
128754,RaiExpo,,3,0,3,3,0,3,0,0,0,0,3
128760,ODUabroad,,3,0,3,3,0,3,0,0,0,0,2
128761,ridingbike123,,2,0,2,2,0,2,0,0,0,0,7
128762,ttustudyabroad,,3,0,3,3,0,3,0,0,0,0,1
128767,UWPlattevilleEA,,2,0,2,2,0,2,0,0,0,0,1
128769,GustolabInst,,2,0,2,2,0,2,0,0,0,0,6
128775,gianlucaneri,,3,0,3,3,0,3,0,0,0,0,3
128777,tsms_marketing,,3,0,3,3,0,3,0,0,0,0,7
128779,TinyTravelLady,,2,0,2,2,0,2,0,0,0,0,0
128780,TravisandCalli,,2,0,2,2,0,2,0,0,0,0,7
128782,TTGMedia,,2,0,2,2,0,2,0,0,0,0,0
128788,CollegeTourist,,3,0,3,3,0,3,0,0,0,0,7
128792,RFR_Travel,,2,0,2,2,0,2,0,0,0,0,1
128797,giovanni_arata,,2,0,2,2,0,2,0,0,0,0,7
128798,HeckticTravels,,2,0,2,2,0,2,0,0,0,0,7
128799,InspirngTrvlrs,,2,0,2,2,0,2,0,0,0,0,7
128800,ottsworld,,2,0,2,2,0,2,0,0,0,0,7
128801,OrdinaryTravelr,,2,0,2,2,0,2,0,0,0,0,7
128806,dicadadri,,2,0,2,2,0,2,0,0,0,0,7
128809,juliadimon,,2,0,2,2,0,2,0,0,0,0,7
128810,Laurel_Robbins,,3,0,3,3,0,3,0,0,0,0,7
128811,jeanettekramer,,2,0,2,2,0,2,0,0,0,0,4
128812,hostelfy_me,,2,0,2,2,0,2,0,0,0,0,7
128816,WondWand,,3,0,3,3,0,3,0,0,0,0,7
128818,archive_mag,,3,0,3,3,0,3,0,0,0,0,7
128820,igersroma,,2,0,2,2,0,2,0,0,0,0,3
128821,igersItalia,,3,0,3,3,0,3,0,0,0,0,1
128825,ItalianTalks,,2,0,2,2,0,2,0,0,0,0,3
128826,BeersandBeans,,2,0,2,2,0,2,0,0,0,0,7
128829,AprendizViajant,,2,0,2,2,0,2,0,0,0,0,7
128833,arttravelkaren,,2,0,2,2,0,2,0,0,0,0,7
128834,turomaquia,,2,0,2,2,0,2,0,0,0,0,7
128837,blogterritorios,,2,0,2,2,0,2,0,0,0,0,7
128842,technomade,,3,0,3,3,0,3,0,0,0,0,7
128843,AliAdventures7,,2,0,2,2,0,2,0,0,0,0,7
128844,cafeviagem,,2,0,2,2,0,2,0,0,0,0,7
128850,velvetescape,,2,0,2,2,0,2,0,0,0,0,2
128851,SoMeTourism,,2,0,2,2,0,2,0,0,0,0,1
128857,LanoraMueller,,3,0,3,3,0,3,0,0,0,0,7
128861,Homestaycom,,3,0,3,3,0,3,0,0,0,0,7
128862,GetYourGuide,,2,0,2,2,0,2,0,0,0,0,6
128865,WorldPubCrawl,,2,0,2,2,0,2,0,0,0,0,7
128868,TravelinFools,,2,0,2,2,0,2,0,0,0,0,7
128870,VadoViaApp,,2,0,2,2,0,2,0,0,0,0,7
128871,TMShowcase,,2,0,2,2,0,2,0,0,0,0,7
128881,BlogViaggiatore,,2,0,2,2,0,2,0,0,0,0,7
128885,DestinationsMag,,3,0,3,3,0,3,0,0,0,0,7
128886,jrridinger,,3,0,3,3,0,3,0,0,0,0,2
128888,planetviaggi,,2,0,2,2,0,2,0,0,0,0,7
128893,wegotwo,,2,0,2,2,0,2,0,0,0,0,7
128896,HostelDoctor,,2,0,2,2,0,2,0,0,0,0,7
128897,viaggiare_,,2,0,2,2,0,2,0,0,0,0,7
128898,viaggiare_low_c,,2,0,2,2,0,2,0,0,0,0,7
128899,GuideDuRoutard,,2,0,2,2,0,2,0,0,0,0,7
128902,goaroundeurope,,2,0,2,2,0,2,0,0,0,0,7
128908,bakpakguide,,2,0,2,2,0,2,0,0,0,0,7
128911,LoveYouthTravel,,2,0,2,2,0,2,0,0,0,0,1
128913,ComViaggiatori,,2,0,2,2,0,2,0,0,0,0,7
128915,bysimonpetersen,,2,0,2,2,0,2,0,0,0,0,1
128918,Travelogged,,2,0,2,2,0,2,0,0,0,0,7
128920,thehostelite,,3,0,3,3,0,3,0,0,0,0,7
128921,fulltravelit,,2,0,2,2,0,2,0,0,0,0,1
128932,catshostels,,2,0,2,2,0,2,0,0,0,0,7
128933,TheCircusBerlin,,2,0,2,2,0,2,0,0,0,0,7
128934,thehubhostel,,2,0,2,2,0,2,0,0,0,0,7
128935,HostelVienna,,2,0,2,2,0,2,0,0,0,0,7
128936,travelsofadam,,2,0,2,2,0,2,0,0,0,0,1
128940,TravMonkey,,2,0,2,2,0,2,0,0,0,0,7
128943,RachelMarie247,,2,0,2,2,0,2,0,0,0,0,7
128944,NIUStudyAbroad,,3,0,3,3,0,3,0,0,0,0,2
128946,BackpacknTravel,,3,0,3,3,0,3,0,0,0,0,7
128950,theroamantics,,2,0,2,2,0,2,0,0,0,0,7
128951,TravelLessons,,2,0,2,2,0,2,0,0,0,0,7
128952,MyFunkyTravel,,2,0,2,2,0,2,0,0,0,0,7
128953,unexpectedATL,,2,0,2,2,0,2,0,0,0,0,7
128967,BackpackerStuff,,2,0,2,2,0,2,0,0,0,0,7
128969,RickSteves,,2,0,2,2,0,2,0,0,0,0,7
128970,villahostels,,2,0,2,2,0,2,0,0,0,0,1
128974,Tripatini,,2,0,2,2,0,2,0,0,0,0,7
128975,HostelsInEurope,,3,0,3,3,0,3,0,0,0,0,7
128976,29travels,,2,0,2,2,0,2,0,0,0,0,7
128978,CurieuseVoyage,,2,0,2,2,0,2,0,0,0,0,7
128980,BAbackpacker,,2,0,2,2,0,2,0,0,0,0,7
128981,hostelmancini,,2,0,2,2,0,2,0,0,0,0,3
128983,whereisjenny,,2,0,2,2,0,2,0,0,0,0,7
128985,GapGuruOfficial,,2,0,2,2,0,2,0,0,0,0,1
128988,WorkingTravellr,,2,0,2,2,0,2,0,0,0,0,1
128989,VolunteerForevr,,2,0,2,2,0,2,0,0,0,0,1
128990,PommieTravels,,2,0,2,2,0,2,0,0,0,0,7
128991,misstravels,,2,0,2,2,0,2,0,0,0,0,7
128993,TheWrldWanderer,,3,0,3,3,0,3,0,0,0,0,7
128996,CailinONeil,,2,0,2,2,0,2,0,0,0,0,7
128998,party_hostels,,2,0,2,2,0,2,0,0,0,0,7
128999,1step2theleft,,2,0,2,2,0,2,0,0,0,0,7
129000,LandLopers,,2,0,2,2,0,2,0,0,0,0,2
129002,Sexyfuntraveler,,2,0,2,2,0,2,0,0,0,0,7
129005,BoltBus,,2,0,2,2,0,2,0,0,0,0,0
129006,DaveDTC,,3,0,3,3,0,3,0,0,0,0,7
129010,backpackeratlas,,2,0,2,2,0,2,0,0,0,0,7
129017,ChrisGrayFaust,,2,0,2,2,0,2,0,0,0,0,7
129018,don_george,,2,0,2,2,0,2,0,0,0,0,7
129019,nomadicchick,,2,0,2,2,0,2,0,0,0,0,7
129021,ericvdijk,,2,0,2,2,0,2,0,0,0,0,7
129022,travelaholics,,2,0,2,2,0,2,0,0,0,0,7
129023,JohnnyJet,,3,0,3,3,0,3,0,0,0,0,7
129025,jenleo,,2,0,2,2,0,2,0,0,0,0,7
129027,TravelYourself,,2,0,2,2,0,2,0,0,0,0,7
129028,Hostel_Traveler,,2,0,2,2,0,2,0,0,0,0,7
129029,holeinthedonut,,2,0,2,2,0,2,0,0,0,0,7
129031,ArmitageHarper,,2,0,2,2,0,2,0,0,0,0,7
129032,aDylanLowe,,2,0,2,2,0,2,0,0,0,0,7
129037,karasw,,2,0,2,2,0,2,0,0,0,0,7
129038,GotSaga,,3,0,3,3,0,3,0,0,0,0,7
129039,TravelWriting,,2,0,2,2,0,2,0,0,0,0,7
129041,lilmsitchyfeet,,2,0,2,2,0,2,0,0,0,0,7
129044,nomadbiba,,2,0,2,2,0,2,0,0,0,0,0
129045,SuuperG,,2,0,2,2,0,2,0,0,0,0,3
129049,StudyAbroadUWA,,2,0,2,2,0,2,0,0,0,0,2
129053,UARKstudyabroad,,3,0,3,3,0,3,0,0,0,0,1
129058,bptraveller,,3,0,3,3,0,3,0,0,0,0,7
129060,TravelAgentMag,,3,0,3,3,0,3,0,0,0,0,2
129061,WhyWaitWorld,,2,0,2,2,0,2,0,0,0,0,7
129062,Walks,,3,0,3,3,0,3,0,0,0,0,7
129067,LoveStudyAbroad,,3,0,3,3,0,3,0,0,0,0,1
129077,WhyGo,,2,0,2,2,0,2,0,0,0,0,7
129080,saiprograms,,2,0,2,2,0,2,0,0,0,0,1
129081,CETStudyAbroad,,2,0,2,2,0,2,0,0,0,0,1
129082,SelectFlorence,,3,0,3,3,0,3,0,0,0,0,1
129083,CIMBAItaly,,2,0,2,2,0,2,0,0,0,0,1
129089,ISA_experience,,3,0,3,3,0,3,0,0,0,0,1
129090,StudyWYSE,,2,0,2,2,0,2,0,0,0,0,1
129091,gseabroad,,2,0,2,2,0,2,0,0,0,0,1
129093,FriendlyPlanet,,2,0,2,2,0,2,0,0,0,0,0
129102,bus2alps,,2,0,2,2,0,2,0,0,0,0,7
129104,budgetplaces,,3,0,3,3,0,3,0,0,0,0,0
129105,OstelloBello,,2,0,2,2,0,2,0,0,0,0,7
129110,riminipubcrawl,,3,0,3,3,0,3,0,0,0,0,3
129111,AmateurTraveler,,2,0,2,2,0,2,0,0,0,0,7
129117,volunteerabroad,,2,0,2,2,0,2,0,0,0,0,3
129122,STATravel_UK,,3,0,3,3,0,3,0,0,0,0,2
129124,travellr,,2,0,2,2,0,2,0,0,0,0,2
129125,Blogontravel,,2,0,2,2,0,2,0,0,0,0,0
129130,solotraveler,,3,0,3,3,0,3,0,0,0,0,7
129132,TravelDesigned,,2,0,2,2,0,2,0,0,0,0,7
129146,schusterhausl,,2,0,2,2,0,2,0,0,0,0,0
129153,BudgetTraveller,,3,0,3,3,0,3,0,0,0,0,7
129159,MelangeTravel,,3,0,3,3,0,3,0,0,0,0,7
129161,gapyeardotcom,,3,0,3,3,0,3,0,0,0,0,1
129162,voyagesetc,,2,0,2,2,0,2,0,0,0,0,7
129165,egopubcrawl,,2,0,2,2,0,2,0,0,0,0,7
129175,spainhostels,,2,0,2,2,0,2,0,0,0,0,0
129183,coolcapitals,,2,0,2,2,0,2,0,0,0,0,1
129189,stefanoepifani,,2,0,2,2,0,2,0,0,0,0,7
129191,TNT_DownUnder,,2,0,2,2,0,2,0,0,0,0,7
129202,TravelMuse,,2,0,2,2,0,2,0,0,0,0,7
129203,rtwdave,,2,0,2,2,0,2,0,0,0,0,7
129207,kabulhostelbcn,,2,0,2,2,0,2,0,0,0,0,2
129208,VisitEuropeCity,,2,0,2,2,0,2,0,0,0,0,1
129210,AbrahamHostels,,3,0,3,3,0,3,0,0,0,0,7
129212,FrankfurtHostel,,2,0,2,2,0,2,0,0,0,0,7
129220,Solarbackpack,,2,0,2,2,0,2,0,0,0,0,1
129222,Backpax,,2,0,2,2,0,2,0,0,0,0,7
129228,Fundraiser_Jobs,,2,0,2,2,0,2,0,0,0,0,3
129250,Reisgraag_nl,,2,0,2,2,0,2,0,0,0,0,6
129252,SURFSPOTNL,,2,0,2,2,0,2,0,0,0,0,2
129258,benpatrick90069,,3,0,3,3,0,3,0,0,0,0,7
129260,IndyTravel,,3,0,3,3,0,3,0,0,0,0,1
129261,lonelyplanetfr,,3,0,3,3,0,3,0,0,0,0,7
129263,andyjarosz,,2,0,2,2,0,2,0,0,0,0,7
129266,Wanderluster,,2,0,2,2,0,2,0,0,0,0,7
129267,GoSaraBeth,,2,0,2,2,0,2,0,0,0,0,7
129270,OnlyInItaly,,3,0,3,3,0,3,0,0,0,0,3
129271,ItalyTravel,,2,0,2,2,0,2,0,0,0,0,1
129294,KatieHammel,,2,0,2,2,0,2,0,0,0,0,7
129295,Jugendherberge,,2,0,2,2,0,2,0,0,0,0,7
129302,Wearewebhands,,2,0,2,2,0,2,0,0,0,0,7
129303,AlexBerger,,2,0,2,2,0,2,0,0,0,0,7
129305,Gomio,,2,0,2,2,0,2,0,0,0,0,7
129307,hostels247,,2,0,2,2,0,2,0,0,0,0,7
129308,xebidy,,2,0,2,2,0,2,0,0,0,0,7
129315,HostelBookersPT,,3,0,3,3,0,3,0,0,0,0,7
129317,backpacklife,,2,0,2,2,0,2,0,0,0,0,1
129321,StanfordsTravel,,2,0,2,2,0,2,0,0,0,0,4
129334,HQHostels,,2,0,2,2,0,2,0,0,0,0,7
129342,luckydshostel,,2,0,2,2,0,2,0,0,0,0,7
129349,jazzgarmisch,,2,0,2,2,0,2,0,0,0,0,7
129350,ARoadRetraveled,,2,0,2,2,0,2,0,0,0,0,2
129352,Jongerenblog,,2,0,2,2,0,2,0,0,0,0,1
129355,studentenbond,,3,0,3,3,0,3,0,0,0,0,1
129356,hanze,,3,0,3,3,0,3,0,0,0,0,1
129358,NHL_Hogeschool,,2,0,2,2,0,2,0,0,0,0,1
129359,zuyd,,3,0,3,3,0,3,0,0,0,0,1
129360,Saxion,,3,0,3,3,0,3,0,0,0,0,1
129361,Fontys,,3,0,3,3,0,3,0,0,0,0,1
129363,hogeschooltio,,3,0,3,3,0,3,0,0,0,0,1
129364,Stenden,,3,0,3,3,0,3,0,0,0,0,1
129365,bredauas,,3,0,3,3,0,3,0,0,0,0,1
129368,HZeeland,,2,0,2,2,0,2,0,0,0,0,1
129370,Dizkartes,,2,0,2,2,0,2,0,0,0,0,2
129373,backpacking,,2,0,2,2,0,2,0,0,0,0,7
129374,BackpackerMag,,3,0,3,3,0,3,0,0,0,0,7
129380,iescape,,2,0,2,2,0,2,0,0,0,0,7
129383,laradunston,,2,0,2,2,0,2,0,0,0,0,7
129386,VoyagesSncf_UK,,3,0,3,3,0,3,0,0,0,0,7
129387,eurocheapo,,2,0,2,2,0,2,0,0,0,0,7
129388,Marilyn_Res,,2,0,2,2,0,2,0,0,0,0,7
129389,paesionline,,2,0,2,2,0,2,0,0,0,0,7
129395,lorenridinger,,3,0,3,3,0,3,0,0,0,0,2
129398,ApproachGuides,,2,0,2,2,0,2,0,0,0,0,7
129403,soultravelers3,,2,0,2,2,0,2,0,0,0,0,7
129406,gmboccanera,,2,0,2,2,0,2,0,0,0,0,7
129413,WYSEWorkAbroad,,2,0,2,2,0,2,0,0,0,0,6
129414,WYSTC,,3,0,3,3,0,3,0,0,0,0,7
129415,nuvoleweb,,2,0,2,2,0,2,0,0,0,0,1
129417,remi_thomas,,3,0,3,3,0,3,0,0,0,0,1
129418,Yparticipate,,2,0,2,2,0,2,0,0,0,0,1
129423,Tripadvisoruk,,3,0,3,3,0,3,0,0,0,0,7
129433,Hotelslive,,2,0,2,2,0,2,0,0,0,0,7
129441,atoutfranceukpr,,2,0,2,2,0,2,0,0,0,0,7
129460,p_brady,,2,0,2,2,0,2,0,0,0,0,7
129461,WheresAndrew,,2,0,2,2,0,2,0,0,0,0,7
129471,52perfectdays,,3,0,3,3,0,3,0,0,0,0,0
129490,almostfearless,,2,0,2,2,0,2,0,0,0,0,7
129508,moscowhostel,,2,0,2,2,0,2,0,0,0,0,7
129527,HostelStockholm,,2,0,2,2,0,2,0,0,0,0,7
129529,thefortyork,,2,0,2,2,0,2,0,0,0,0,7
129541,HostalNuevamenT,,2,0,2,2,0,2,0,0,0,0,0
129565,Hg2,,2,0,2,2,0,2,0,0,0,0,7
129566,reidontravel,,3,0,3,3,0,3,0,0,0,0,7
129567,MoonGuides,,2,0,2,2,0,2,0,0,0,0,0
129568,tripfilms,,2,0,2,2,0,2,0,0,0,0,7
129571,Jaunted,,3,0,3,3,0,3,0,0,0,0,2
129572,tinkertowners,,2,0,2,2,0,2,0,0,0,0,7
129574,wanderlustmag,,2,0,2,2,0,2,0,0,0,0,0
129575,worldhum,,2,0,2,2,0,2,0,0,0,0,7
129578,RMWhitaker,,2,0,2,2,0,2,0,0,0,0,7
129579,WorldNomads,,2,0,2,2,0,2,0,0,0,0,7
129580,travelmail,,3,0,3,3,0,3,0,0,0,0,7
129589,contikiuk,,3,0,3,3,0,3,0,0,0,0,2
129595,Intrepid_Travel,,2,0,2,2,0,2,0,0,0,0,7
129598,gadventures,,3,0,3,3,0,3,0,0,0,0,0
129601,TravelBugTara,,2,0,2,2,0,2,0,0,0,0,7
129611,ScienceguideNL,,3,0,3,3,0,3,0,0,0,0,1
129612,IcaresCareer,,2,0,2,2,0,2,0,0,0,0,2
129613,europeancampus,,3,0,3,3,0,3,0,0,0,0,2
129614,agmistanbul,,2,0,2,2,0,2,0,0,0,0,1
129616,Erasmate,,2,0,2,2,0,2,0,0,0,0,1
129618,YouthActivism,,2,0,2,2,0,2,0,0,0,0,7
129620,ExodusTravels,,2,0,2,2,0,2,0,0,0,0,0
129621,ILOVETOUR,,2,0,2,2,0,2,0,0,0,0,2
129627,JHBerlin,,2,0,2,2,0,2,0,0,0,0,1
129631,Groupon_Rimini,,2,0,2,2,0,2,0,0,0,0,3
129633,traghetti_ferry,,2,0,2,2,0,2,0,0,0,0,0
129634,donatellapavone,,2,0,2,2,0,2,0,0,0,0,7
129648,tunehotelsUK,,2,0,2,2,0,2,0,0,0,0,2
129676,citystay_hostel,,2,0,2,2,0,2,0,0,0,0,7
129694,BackpackersRUS,,2,0,2,2,0,2,0,0,0,0,7
129703,HINewYork,,2,0,2,2,0,2,0,0,0,0,7
129718,Dubcitypubcrawl,,2,0,2,2,0,2,0,0,0,0,7
129725,hostelofthesun,,2,0,2,2,0,2,0,0,0,0,7
129734,chocolatehostel,,2,0,2,2,0,2,0,0,0,0,7
129745,DownUnderTeam,,3,0,3,3,0,3,0,0,0,0,2
129749,Hostalmajuy,,2,0,2,2,0,2,0,0,0,0,0
129755,backpackforever,,2,0,2,2,0,2,0,0,0,0,7
129762,hostelmate,,2,0,2,2,0,2,0,0,0,0,7
129773,WayHostelMadrid,,2,0,2,2,0,2,0,0,0,0,6
129776,HostelPrague,,2,0,2,2,0,2,0,0,0,0,2
129777,OffTrackPlanet,,2,0,2,2,0,2,0,0,0,0,1
129779,KinlayHouseCork,,2,0,2,2,0,2,0,0,0,0,7
129782,RunawayJuno,,2,0,2,2,0,2,0,0,0,0,7
129797,S_FamousHostels,,2,0,2,2,0,2,0,0,0,0,7
129800,SirTobys,,2,0,2,2,0,2,0,0,0,0,3
129805,AsWeTravel,,2,0,2,2,0,2,0,0,0,0,1
129806,PeterSGreenberg,,3,0,3,3,0,3,0,0,0,0,7
129807,AAA_Travel,,3,0,3,3,0,3,0,0,0,0,7
129809,BAHIATURISMO,,2,0,2,2,0,2,0,0,0,0,0
129821,nomadicmatt,,4,0,4,4,0,4,0,0,0,0,7
129826,offtoeurope,,2,0,2,2,0,2,0,0,0,0,1
129835,LodgingSlovakia,,2,0,2,2,0,2,0,0,0,0,1
129848,oasishostels,,2,0,2,2,0,2,0,0,0,0,1
129867,hostelmilodon,,2,0,2,2,0,2,0,0,0,0,0
129875,getawayhostel,,2,0,2,2,0,2,0,0,0,0,7
129884,casaazulhostel,,2,0,2,2,0,2,0,0,0,0,7
129885,chelagarto,,2,0,2,2,0,2,0,0,0,0,7
129898,homehostelsvlc,,2,0,2,2,0,2,0,0,0,0,7
129899,indiehostelsuk,,2,0,2,2,0,2,0,0,0,0,7
129901,DiPietroAnt,,3,0,3,3,0,3,0,0,0,0,3
129902,airfarewatchdog,,3,0,3,3,0,3,0,0,0,0,7
129903,PerrinPassport,,2,0,2,2,0,2,0,0,0,0,2
129920,tremendoviaje,,3,0,3,3,0,3,0,0,0,0,2
129924,TravelBlggr,,4,0,4,4,0,4,0,0,0,0,7
129934,BonitoHostel,,2,0,2,2,0,2,0,0,0,0,7
129957,hiWpg,,2,0,2,2,0,2,0,0,0,0,7
129959,HostelsWW,,3,0,3,3,0,3,0,0,0,0,7
129960,origamilighting,,2,0,2,2,0,2,0,0,0,0,4
129961,RockyPoopernick,,2,0,2,2,0,2,0,0,0,0,7
129964,HostelElfaSuizo,,2,0,2,2,0,2,0,0,0,0,0
129967,Hostelitaly,,2,0,2,2,0,2,0,0,0,0,7
129977,studenttraveler,,2,0,2,2,0,2,0,0,0,0,7
129980,ManiTese,,2,0,2,2,0,2,0,0,0,0,3
129982,ostelli,,2,0,2,2,0,2,0,0,0,0,7
130000,goldcoasthostel,,2,0,2,2,0,2,0,0,0,0,7
130005,POMELOHOSTEL,,2,0,2,2,0,2,0,0,0,0,7
130011,runawayjane,,3,0,3,3,0,3,0,0,0,0,1
130017,traveldeals,,2,0,2,2,0,2,0,0,0,0,2
130018,Zagat,,3,0,3,3,0,3,0,0,0,0,2
130019,Travelzoo,,4,0,4,4,0,4,0,0,0,0,7
130020,hosteltimes,,2,0,2,2,0,2,0,0,0,0,7
130023,hostelireland,,2,0,2,2,0,2,0,0,0,0,7
130037,BedBreakfast2,,2,0,2,2,0,2,0,0,0,0,0
130042,EverywhereTrip,,3,0,3,3,0,3,0,0,0,0,7
130044,quickhostels,,2,0,2,2,0,2,0,0,0,0,7
130046,StayWYSE,,2,0,2,2,0,2,0,0,0,0,7
130056,whereivebeen,,3,0,3,3,0,3,0,0,0,0,7
130068,Travelzoo_UK,,2,0,2,2,0,2,0,0,0,0,2
130071,YearOutGroupOrg,,2,0,2,2,0,2,0,0,0,0,1
130072,tntmagazine,,3,0,3,3,0,3,0,0,0,0,7
130074,Fanatics,,2,0,2,2,0,2,0,0,0,0,2
130079,colourlovers,,3,0,3,3,0,3,0,0,0,0,2
130081,letsgotravel,,2,0,2,2,0,2,0,0,0,0,7
130083,STA_Travel,,2,0,2,2,0,2,0,0,0,0,7
130087,BackpackersNews,,2,0,2,2,0,2,0,0,0,0,7
130089,dhrcom,,2,0,2,2,0,2,0,0,0,0,0
130094,VIPBackpackers,,2,0,2,2,0,2,0,0,0,0,7
130101,nomadicnotes,,2,0,2,2,0,2,0,0,0,0,7
130109,mosquitohostel,,3,0,3,3,0,3,0,0,0,0,7
130120,Xpackers,,2,0,2,2,0,2,0,0,0,0,7
130150,tours4fun,,2,0,2,2,0,2,0,0,0,0,7
130152,penthousebp,,2,0,2,2,0,2,0,0,0,0,7
130154,thinkingnomads,,2,0,2,2,0,2,0,0,0,0,7
130163,kimcheekorea,,2,0,2,2,0,2,0,0,0,0,7
130164,IllotHotels,,2,0,2,2,0,2,0,0,0,0,0
130165,LaughlinRigby,,2,0,2,2,0,2,0,0,0,0,0
130166,KAYROSHOSTELS,,2,0,2,2,0,2,0,0,0,0,0
130168,gomadnomad,,2,0,2,2,0,2,0,0,0,0,7
130169,EquityHostels,,3,0,3,3,0,3,0,0,0,0,7
130173,ICEHOTEL_Sweden,,2,0,2,2,0,2,0,0,0,0,1
130180,VirtualTourist_,,2,0,2,2,0,2,0,0,0,0,0
130183,SocMediaTravel,,2,0,2,2,0,2,0,0,0,0,0
130184,Travel_Bee,,2,0,2,2,0,2,0,0,0,0,7
130193,hostelvideos,,2,0,2,2,0,2,0,0,0,0,7
130194,hostelbrasil,,2,0,2,2,0,2,0,0,0,0,0
130195,ArtRochHostel,,2,0,2,2,0,2,0,0,0,0,7
130201,CapitalHostels,,2,0,2,2,0,2,0,0,0,0,7
130205,velvetrimini,,2,0,2,2,0,2,0,0,0,0,3
130206,HostelBookers,,3,0,3,3,0,3,0,0,0,0,7
130207,RoughGuides,,4,0,4,4,0,4,0,0,0,0,1
130209,enjoyGermany,,3,0,3,3,0,3,0,0,0,0,1
130211,statravelAU,,2,0,2,2,0,2,0,0,0,0,7
130212,travel_domains,,2,0,2,2,0,2,0,0,0,0,2
130215,theplanetd,,5,0,5,5,0,5,0,0,0,0,7
130220,indietravel,,2,0,2,2,0,2,0,0,0,0,7
130221,BradtGuides,,3,0,3,3,0,3,0,0,0,0,7
130224,TrekTravel,,2,0,2,2,0,2,0,0,0,0,7
130225,travelsquire,,3,0,3,3,0,3,0,0,0,0,2
130234,ExpLoire_News,,2,0,2,2,0,2,0,0,0,0,7
130240,ABCNewsTravel,,3,0,3,3,0,3,0,0,0,0,1
130241,TheTravelTart,,2,0,2,2,0,2,0,0,0,0,7
130242,davidg_tw,,2,0,2,2,0,2,0,0,0,0,7
130244,travel_forum,,2,0,2,2,0,2,0,0,0,0,7
130245,TravelChatForum,,2,0,2,2,0,2,0,0,0,0,7
130248,EcoGreenTravel,,2,0,2,2,0,2,0,0,0,0,7
130249,journeyPod,,2,0,2,2,0,2,0,0,0,0,7
130250,GetATravelDeal,,2,0,2,2,0,2,0,0,0,0,7
130251,BestTravelPics,,2,0,2,2,0,2,0,0,0,0,1
130253,ukseries,,3,0,3,3,0,3,0,0,0,0,4
130254,greentravel,,3,0,3,3,0,3,0,0,0,0,7
130255,NYTTravelShow,,2,0,2,2,0,2,0,0,0,0,7
130256,latimestravel,,4,0,4,4,0,4,0,0,0,0,1
130257,WeBlogtheWorld,,3,0,3,3,0,3,0,0,0,0,7
130258,BeHostels,,2,0,2,2,0,2,0,0,0,0,7
130266,famoushostels,,3,0,3,3,0,3,0,0,0,0,7
130270,visitjourneys,,2,0,2,2,0,2,0,0,0,0,7
130272,nesthostels,,3,0,3,3,0,3,0,0,0,0,7
130275,CelticHostels,,2,0,2,2,0,2,0,0,0,0,7
130277,OurHostels,,2,0,2,2,0,2,0,0,0,0,7
130280,BarnaclesHostel,,3,0,3,3,0,3,0,0,0,0,7
130281,AskGenerator,,3,0,3,3,0,3,0,0,0,0,7
130282,basebackpackers,,2,0,2,2,0,2,0,0,0,0,7
130289,santjordihostel,,2,0,2,2,0,2,0,0,0,0,7
130293,HIUSA,,2,0,2,2,0,2,0,0,0,0,7
130296,Hostelworldplc,,3,0,3,3,0,3,0,0,0,0,4
130304,realbenidorm,,2,0,2,2,0,2,0,0,0,0,0
130311,gafv70,,2,0,2,2,0,2,0,0,0,0,0
130312,igloohostel,,3,0,3,3,0,3,0,0,0,0,0
130313,hostelmarketing,,2,0,2,2,0,2,0,0,0,0,7
130314,TheHostelLife,,3,0,3,3,0,3,0,0,0,0,7
130316,Clinkhostels,,2,0,2,2,0,2,0,0,0,0,7
130317,Ringhostel,,2,0,2,2,0,2,0,0,0,0,7
130318,TheHostelBear,,2,0,2,2,0,2,0,0,0,0,7
130320,HostelsTV,,2,0,2,2,0,2,0,0,0,0,7
130321,hosteljobs,,2,0,2,2,0,2,0,0,0,0,7
130322,Thehostelworker,,3,0,3,3,0,3,0,0,0,0,7
130323,thehostelchef,,2,0,2,2,0,2,0,0,0,0,7
130326,hostel_catania,,2,0,2,2,0,2,0,0,0,0,0
130327,gatraval,,2,0,2,2,0,2,0,0,0,0,7
130329,corvinpoint,,2,0,2,2,0,2,0,0,0,0,0
130332,hostelhero,,2,0,2,2,0,2,0,0,0,0,7
130335,HostelDante,,2,0,2,2,0,2,0,0,0,0,7
130338,NapoleonHostel,,2,0,2,2,0,2,0,0,0,0,7
130343,UinnBerlin,,2,0,2,2,0,2,0,0,0,0,7
130344,hosteltevere,,2,0,2,2,0,2,0,0,0,0,7
130350,krumlovhostel,,2,0,2,2,0,2,0,0,0,0,7
130352,DTLA360,,2,0,2,2,0,2,0,0,0,0,7
130357,Tripbase,,2,0,2,2,0,2,0,0,0,0,7
130361,santiagovision,,2,0,2,2,0,2,0,0,0,0,0
130364,ikangaroo,,2,0,2,2,0,2,0,0,0,0,7
130365,stchostels,,3,0,3,3,0,3,0,0,0,0,7
130366,HostelsClub,,3,0,3,3,0,3,0,0,0,0,7
130367,TravMediaUSA,,2,0,2,2,0,2,0,0,0,0,7
130371,Travel_Answers,,2,0,2,2,0,2,0,0,0,0,7
130372,statravelUS,,4,0,4,4,0,4,0,0,0,0,7
130373,envoyhostel,,2,0,2,2,0,2,0,0,0,0,7
130376,praguehostels,,2,0,2,2,0,2,0,0,0,0,7
130377,hosteltrail,,2,0,2,2,0,2,0,0,0,0,7
130378,HostelsofNaples,,2,0,2,2,0,2,0,0,0,0,7
130379,cubhost,,2,0,2,2,0,2,0,0,0,0,7
130381,cocoricodisco,,2,0,2,2,0,2,0,0,0,0,3
130383,gapyear,,4,0,4,4,0,4,0,0,0,0,4
130387,capecodhostels,,2,0,2,2,0,2,0,0,0,0,7
130388,ecohostels,,2,0,2,2,0,2,0,0,0,0,7
130390,hostelblogs,,3,0,3,3,0,3,0,0,0,0,4
130392,livinginitaly,,2,0,2,2,0,2,0,0,0,0,1
130393,ItaliaNEWS,,3,0,3,3,0,3,0,0,0,0,3
130394,flyingpighostel,,3,0,3,3,0,3,0,0,0,0,7
130395,Sleepzone,,2,0,2,2,0,2,0,0,0,0,1
130396,urbany_hostels,,2,0,2,2,0,2,0,0,0,0,7
130397,nomadsworld,,2,0,2,2,0,2,0,0,0,0,7
130398,hostels_com,,3,0,3,3,0,3,0,0,0,0,7
130399,jazzhostels,,3,0,3,3,0,3,0,0,0,0,7
130400,joshhostels,,2,0,2,2,0,2,0,0,0,0,7
130403,Alex_hostels,,2,0,2,2,0,2,0,0,0,0,7
130404,RowantreeHostel,,2,0,2,2,0,2,0,0,0,0,7
130406,Snoozleshostel,,3,0,3,3,0,3,0,0,0,0,4
130407,hattershostels,,2,0,2,2,0,2,0,0,0,0,1
130409,Ada_ITW,,2,0,2,2,0,2,0,0,0,0,2
130416,SFMOMA,,2,0,2,2,0,2,0,0,0,0,2
130417,AMNH,,3,0,3,3,0,3,0,0,0,0,1
130418,modernoba,,2,0,2,2,0,2,0,0,0,0,2
130420,MuseoMACBA,,2,0,2,2,0,2,0,0,0,0,2
130421,TheCinegogue,,2,0,2,2,0,2,0,0,0,0,2
130422,MITMuseum,,2,0,2,2,0,2,0,0,0,0,2
130423,LACMA,,2,0,2,2,0,2,0,0,0,0,2
130426,ForoPenal,,3,0,3,3,0,3,0,0,0,0,2
130427,_Provea,,3,0,3,3,0,3,0,0,0,0,2
130428,gloriamarcu,,2,0,2,2,0,2,0,0,0,0,2
130430,YolandaLaguna_,,2,0,2,2,0,2,0,0,0,0,2
130431,FreddyGuevaraC,,2,0,2,2,0,2,0,0,0,0,2
130433,ALGODIFERENTE,,2,0,2,2,0,2,0,0,0,0,4
130434,feagc,,2,0,2,2,0,2,0,0,0,0,2
130435,ignandez,,2,0,2,2,0,2,0,0,0,0,2
130438,FEVAP,,2,0,2,2,0,2,0,0,0,0,2
130442,BrandMe,,2,0,2,2,0,2,0,0,0,0,2
130445,artsy,,4,0,4,4,0,4,0,0,0,0,6
130449,DLaraF,,2,0,2,2,0,2,0,0,0,0,2
130455,CCDmx,,2,0,2,2,0,2,0,0,0,0,2
130457,jotaypunto,,3,0,3,3,0,3,0,0,0,0,4
130460,redhistoria,,2,0,2,2,0,2,0,0,0,0,2
130466,IndieFilmHustle,,2,0,2,2,0,2,0,0,0,0,2
130467,gencinexin,,2,0,2,2,0,2,0,0,0,0,2
130470,Pixelatl,,2,0,2,2,0,2,0,0,0,0,2
130471,vivoplaynet,,2,0,2,2,0,2,0,0,0,0,2
130473,lacriaturacreat,,4,0,4,4,0,4,0,0,0,0,6
130484,Marketingland,,3,0,3,3,0,3,0,0,0,0,2
130488,GoogleTrends,,2,0,2,2,0,2,0,0,0,0,8
130489,InboundCycle,,2,0,2,2,0,2,0,0,0,0,2
130495,EnFilme,,2,0,2,2,0,2,0,0,0,0,2
130499,FilmarketHub,,2,0,2,2,0,2,0,0,0,0,2
130501,elcultural,,4,0,4,4,0,4,0,0,0,0,0
130504,ARTEcreative,,3,0,3,3,0,3,0,0,0,0,4
130517,RMTF,,2,0,2,2,0,2,0,0,0,0,4
130518,animum3d,,2,0,2,2,0,2,0,0,0,0,0
130519,EMOTE_Branding,,2,0,2,2,0,2,0,0,0,0,2
130520,Marcaporhombro,,2,0,2,2,0,2,0,0,0,0,2
130523,culturplaza,,2,0,2,2,0,2,0,0,0,0,2
130526,R3Dmx,,2,0,2,2,0,2,0,0,0,0,2
130540,EfectoCocuyo,,3,0,3,3,0,3,0,0,0,0,2
130543,BoingBoing,,3,0,3,3,0,3,0,0,0,0,2
130560,Campaignmag,,2,0,2,2,0,2,0,0,0,0,7
130561,CampaignMedia,,2,0,2,2,0,2,0,0,0,0,7
130562,CampaignTechUK,,3,0,3,3,0,3,0,0,0,0,7
130563,MarketingWeekEd,,3,0,3,3,0,3,0,0,0,0,7
130564,va_isid,,2,0,2,2,0,2,0,0,0,0,2
130571,enlaucab,,3,0,3,3,0,3,0,0,0,0,1
130576,sandopen,,2,0,2,2,0,2,0,0,0,0,0
130578,40fakes,,2,0,2,2,0,2,0,0,0,0,0
130588,glopdesign,,3,0,3,3,0,3,0,0,0,0,4
130601,chbrandt,,2,0,2,2,0,2,0,0,0,0,2
130605,museotamayo,,3,0,3,3,0,3,0,0,0,0,2
130622,Branzai_,,2,0,2,2,0,2,0,0,0,0,2
130623,Wayra,,2,0,2,2,0,2,0,0,0,0,2
130624,veBritish,,2,0,2,2,0,2,0,0,0,0,1
130625,Behance,,3,0,3,3,0,3,0,0,0,0,2
130626,HuffPostTech,,3,0,3,3,0,3,0,0,0,0,2
130627,Papel_EM,,2,0,2,2,0,2,0,0,0,0,2
130629,HubSpotEspanol,,2,0,2,2,0,2,0,0,0,0,7
130632,creativitymag,,3,0,3,3,0,3,0,0,0,0,7
130633,adage,,4,0,4,4,0,4,0,0,0,0,2
130634,Econsultancy,,4,0,4,4,0,4,0,0,0,0,2
130635,eMarketer,,3,0,3,3,0,3,0,0,0,0,7
130637,BloxieSchool,,2,0,2,2,0,2,0,0,0,0,2
130639,CampaignBrands,,3,0,3,3,0,3,0,0,0,0,7
130641,TheDrum,,2,0,2,2,0,2,0,0,0,0,7
130661,Farmahorrove,,2,0,2,2,0,2,0,0,0,0,2
130662,LocatelVzla,,3,0,3,3,0,3,0,0,0,0,0
130665,Farmatodo,,3,0,3,3,0,3,0,0,0,0,0
130666,Farmacia_SAAS,,2,0,2,2,0,2,0,0,0,0,2
130667,LocatelVzla_ATC,,2,0,2,2,0,2,0,0,0,0,2
130668,nace_network,,2,0,2,2,0,2,0,0,0,0,2
130672,HansHatch,,3,0,3,3,0,3,0,0,0,0,4
130683,Gran_Cine,,2,0,2,2,0,2,0,0,0,0,2
130687,futureofmuseums,,2,0,2,2,0,2,0,0,0,0,2
130690,MuseumSelfieDay,,2,0,2,2,0,2,0,0,0,0,0
130698,hramosallup,,2,0,2,2,0,2,0,0,0,0,2
130700,engadget,,4,0,4,4,0,4,0,0,0,0,0
130708,Startups_Geek,,2,0,2,2,0,2,0,0,0,0,6
130709,cultivasaludsl,,3,0,3,3,0,3,0,0,0,0,0
130712,ExploCreativa,,2,0,2,2,0,2,0,0,0,0,2
130717,HBOLAT,,2,0,2,2,0,2,0,0,0,0,2
130723,mmtorreslopez,,2,0,2,2,0,2,0,0,0,0,2
130728,VzlaCompetitiva,,2,0,2,2,0,2,0,0,0,0,2
130729,ConcursoIdeas,,2,0,2,2,0,2,0,0,0,0,0
130733,innova2,,2,0,2,2,0,2,0,0,0,0,5
130734,Marta_Reche,,2,0,2,2,0,2,0,0,0,0,2
130739,GlenGilmore,,3,0,3,3,0,3,0,0,0,0,2
130740,GochaSuper,,2,0,2,2,0,2,0,0,0,0,2
130742,GranAngulaRedes,,2,0,2,2,0,2,0,0,0,0,2
130750,ivssoficial,,2,0,2,2,0,2,0,0,0,0,2
130752,EneVenezuela,,2,0,2,2,0,2,0,0,0,0,2
130770,JuanRequesens,,2,0,2,2,0,2,0,0,0,0,2
130771,NituPerez,,2,0,2,2,0,2,0,0,0,0,2
130778,laguiadecaracas,,2,0,2,2,0,2,0,0,0,0,2
130779,CCulturalBOD,,2,0,2,2,0,2,0,0,0,0,2
130780,CculturalChacao,,2,0,2,2,0,2,0,0,0,0,2
130782,cuervoarte,,3,0,3,3,0,3,0,0,0,0,7
130785,FacuArteULA,,3,0,3,3,0,3,0,0,0,0,4
130786,altran_es,,2,0,2,2,0,2,0,0,0,0,6
130789,ulaarte,,2,0,2,2,0,2,0,0,0,0,4
130790,WillyMcKey,,2,0,2,2,0,2,0,0,0,0,2
130792,ramonramon,,2,0,2,2,0,2,0,0,0,0,0
130794,MiAbueloPintor,,3,0,3,3,0,3,0,0,0,0,2
130795,todo_arte_es,,3,0,3,3,0,3,0,0,0,0,0
130796,proyectoawarts,,3,0,3,3,0,3,0,0,0,0,0
130797,kicobautista,,2,0,2,2,0,2,0,0,0,0,2
130800,datanalisis,,2,0,2,2,0,2,0,0,0,0,2
130808,StackSocial,,3,0,3,3,0,3,0,0,0,0,2
130809,CreativeBloq,,2,0,2,2,0,2,0,0,0,0,0
130811,thayspenalver,,2,0,2,2,0,2,0,0,0,0,2
130814,Econometrica,,2,0,2,2,0,2,0,0,0,0,2
130815,ecoanalitica,,2,0,2,2,0,2,0,0,0,0,2
130816,rociosanmiguel,,2,0,2,2,0,2,0,0,0,0,2
130817,palmapedroa,,2,0,2,2,0,2,0,0,0,0,2
130818,CEDICE,,2,0,2,2,0,2,0,0,0,0,2
130819,garciabanchs,,2,0,2,2,0,2,0,0,0,0,2
130822,hoyquehay,,2,0,2,2,0,2,0,0,0,0,2
130831,StartupsArg,,2,0,2,2,0,2,0,0,0,0,7
130834,GI_Chile,,2,0,2,2,0,2,0,0,0,0,2
130839,ernestogbusta,,3,0,3,3,0,3,0,0,0,0,2
130840,MovistarCentre,,3,0,3,3,0,3,0,0,0,0,4
130856,EduAcevedo_,,3,0,3,3,0,3,0,0,0,0,4
130861,elmundomovil,,3,0,3,3,0,3,0,0,0,0,4
130863,blugraphic,,2,0,2,2,0,2,0,0,0,0,8
130864,OfertasUniBCN,,3,0,3,3,0,3,0,0,0,0,1
130875,ipresidencial,,2,0,2,2,0,2,0,0,0,0,2
130877,jesuscasique1,,2,0,2,2,0,2,0,0,0,0,2
130885,pedroluisflores,,2,0,2,2,0,2,0,0,0,0,2
130886,FMCENTER,,3,0,3,3,0,3,0,0,0,0,2
130888,napoleonbravo,,2,0,2,2,0,2,0,0,0,0,2
130889,AlbertoRavell,,2,0,2,2,0,2,0,0,0,0,2
130894,unaiamenabar,,2,0,2,2,0,2,0,0,0,0,2
130902,Juliococo,,2,0,2,2,0,2,0,0,0,0,2
130903,carlosvecchio,,2,0,2,2,0,2,0,0,0,0,2
130906,webnotitarde,,2,0,2,2,0,2,0,0,0,0,2
130908,delsasolorzano,,2,0,2,2,0,2,0,0,0,0,2
130910,aveledounidad,,2,0,2,2,0,2,0,0,0,0,2
130911,Gral_Vivas_P,,2,0,2,2,0,2,0,0,0,0,2
130913,eliaspino,,2,0,2,2,0,2,0,0,0,0,2
130915,elcitizen,,2,0,2,2,0,2,0,0,0,0,2
130916,MariaCorinaYA,,3,0,3,3,0,3,0,0,0,0,2
130917,Mmorin_informa,,2,0,2,2,0,2,0,0,0,0,2
130918,JuanAndresMejia,,3,0,3,3,0,3,0,0,0,0,0
130919,HimiobSantome,,3,0,3,3,0,3,0,0,0,0,2
130924,soyfdelrincon,,3,0,3,3,0,3,0,0,0,0,2
130925,gculturalUB,,3,0,3,3,0,3,0,0,0,0,1
130927,SocialCultura,,2,0,2,2,0,2,0,0,0,0,2
130931,SportScienceES,,2,0,2,2,0,2,0,0,0,0,0
130932,Runeco,,2,0,2,2,0,2,0,0,0,0,0
130934,DrakharStudio,,2,0,2,2,0,2,0,0,0,0,4
130945,HectorParraga_,,3,0,3,3,0,3,0,0,0,0,4
130946,Marketing_SMO,,3,0,3,3,0,3,0,0,0,0,6
130947,EDUARDODIGITAL,,3,0,3,3,0,3,0,0,0,0,4
130953,TAB_ES,,2,0,2,2,0,2,0,0,0,0,0
130954,NutriMetabolic,,2,0,2,2,0,2,0,0,0,0,0
130955,realidad_b,,2,0,2,2,0,2,0,0,0,0,6
130959,ArquitecturaVzl,,2,0,2,2,0,2,0,0,0,0,2
130960,VoeGOLoficial,,3,0,3,3,0,3,0,0,0,0,7
130961,cdelasmusas,,2,0,2,2,0,2,0,0,0,0,4
130965,MigrarEsCultura,,2,0,2,2,0,2,0,0,0,0,0
130966,AyudaMovistarVe,,2,0,2,2,0,2,0,0,0,0,2
130967,MuseumID,,2,0,2,2,0,2,0,0,0,0,2
130971,Un_Tal_Poe,,2,0,2,2,0,2,0,0,0,0,6
130973,saatchi_gallery,,3,0,3,3,0,3,0,0,0,0,2
130974,manishvora18,,2,0,2,2,0,2,0,0,0,0,2
130975,ArtinGeneral,,2,0,2,2,0,2,0,0,0,0,2
130982,FAPUV,,2,0,2,2,0,2,0,0,0,0,4
130984,hammer_museum,,2,0,2,2,0,2,0,0,0,0,2
130988,NYArtBeat,,2,0,2,2,0,2,0,0,0,0,2
130992,museuciencies,,2,0,2,2,0,2,0,0,0,0,2
130993,_LatamDigital,,2,0,2,2,0,2,0,0,0,0,2
130994,MoMAPS1,,3,0,3,3,0,3,0,0,0,0,4
130998,vangoghmuseum,,3,0,3,3,0,3,0,0,0,0,0
130999,HPTX_Apple,,3,0,3,3,0,3,0,0,0,0,6
131001,EMPSpainNews,,2,0,2,2,0,2,0,0,0,0,2
131003,iPadizate,,2,0,2,2,0,2,0,0,0,0,2
131006,museomalba,,3,0,3,3,0,3,0,0,0,0,2
131011,laureanomar,,2,0,2,2,0,2,0,0,0,0,2
131013,ArmasAbrahan,,2,0,2,2,0,2,0,0,0,0,2
131015,SoySaludable,,3,0,3,3,0,3,0,0,0,0,2
131016,NutricionActiva,,2,0,2,2,0,2,0,0,0,0,2
131017,EstandoEnForma,,3,0,3,3,0,3,0,0,0,0,0
131020,SaschaFitness,,3,0,3,3,0,3,0,0,0,0,0
131024,DigiLivingUC3M,,2,0,2,2,0,2,0,0,0,0,4
131026,GrupoDIRCOM,,3,0,3,3,0,3,0,0,0,0,2
131027,sundde_ve,,2,0,2,2,0,2,0,0,0,0,2
131028,PTecnicaUNTREF,,2,0,2,2,0,2,0,0,0,0,2
131030,IESA,,3,0,3,3,0,3,0,0,0,0,2
131031,UNTREF,,2,0,2,2,0,2,0,0,0,0,2
131034,BcodeVenezuela,,2,0,2,2,0,2,0,0,0,0,2
131035,intel,,3,0,3,3,0,3,0,0,0,0,2
131042,CusiFit,,3,0,3,3,0,3,0,0,0,0,0
131045,CarolaBriceno,,2,0,2,2,0,2,0,0,0,0,0
131048,LAConviasa,,2,0,2,2,0,2,0,0,0,0,2
131050,cuauhmedina,,2,0,2,2,0,2,0,0,0,0,2
131051,josepplana,,2,0,2,2,0,2,0,0,0,0,0
131054,foundthings,,2,0,2,2,0,2,0,0,0,0,2
131055,CulturaES_VE,,2,0,2,2,0,2,0,0,0,0,2
131058,videoCVon,,2,0,2,2,0,2,0,0,0,0,2
131059,esfera_iphone,,2,0,2,2,0,2,0,0,0,0,2
131060,nytimesarts,,3,0,3,3,0,3,0,0,0,0,0
131061,Cultura18,,2,0,2,2,0,2,0,0,0,0,0
131062,WEIL_caricatura,,2,0,2,2,0,2,0,0,0,0,2
131063,VicenteDz,,2,0,2,2,0,2,0,0,0,0,2
131072,AplicAndroid,,3,0,3,3,0,3,0,0,0,0,0
131077,MuseodeAspe,,2,0,2,2,0,2,0,0,0,0,2
131078,MuseumForAll,,2,0,2,2,0,2,0,0,0,0,1
131082,gvames,,2,0,2,2,0,2,0,0,0,0,0
131085,HotelesCom,,3,0,3,3,0,3,0,0,0,0,4
131086,profesorbriceno,,2,0,2,2,0,2,0,0,0,0,2
131088,MercantilBanco,,2,0,2,2,0,2,0,0,0,0,2
131092,LucioQuincioC,,2,0,2,2,0,2,0,0,0,0,2
131093,luisvicenteleon,,2,0,2,2,0,2,0,0,0,0,2
131095,feriacasaarte,,2,0,2,2,0,2,0,0,0,0,0
131096,brunoruiznicoli,,2,0,2,2,0,2,0,0,0,0,0
131097,JMElmoCalleja,,2,0,2,2,0,2,0,0,0,0,2
131098,ABC_Cultural,,3,0,3,3,0,3,0,0,0,0,1
131100,aulaCM,,3,0,3,3,0,3,0,0,0,0,2
131105,ibermuseos,,3,0,3,3,0,3,0,0,0,0,4
131110,plataforma_pac,,2,0,2,2,0,2,0,0,0,0,2
131118,elenaruas,,2,0,2,2,0,2,0,0,0,0,0
131123,LiceusSL,,2,0,2,2,0,2,0,0,0,0,4
131124,revistadearteAP,,2,0,2,2,0,2,0,0,0,0,0
131129,museweb,,3,0,3,3,0,3,0,0,0,0,2
131133,mapadelasartes,,2,0,2,2,0,2,0,0,0,0,2
131139,Artepinturaygen,,2,0,2,2,0,2,0,0,0,0,2
131144,clarincom,,3,0,3,3,0,3,0,0,0,0,2
131146,AlexHinojo,,2,0,2,2,0,2,0,0,0,0,7
131147,MGC_UC3M,,4,0,4,4,0,4,0,0,0,0,4
131148,newmuseum,,3,0,3,3,0,3,0,0,0,0,2
131149,NuevaMuseologia,,3,0,3,3,0,3,0,0,0,0,0
131150,ArsMagazine,,3,0,3,3,0,3,0,0,0,0,0
131152,MuseumPlanning,,2,0,2,2,0,2,0,0,0,0,2
131153,GVArestaura,,2,0,2,2,0,2,0,0,0,0,2
131154,museoimaginario,,2,0,2,2,0,2,0,0,0,0,4
131156,NatGeoChannel,,3,0,3,3,0,3,0,0,0,0,2
131159,CidadedaCultura,,3,0,3,3,0,3,0,0,0,0,5
131160,revistaenie,,2,0,2,2,0,2,0,0,0,0,2
131161,danielromanonet,,2,0,2,2,0,2,0,0,0,0,0
131168,museoes,,2,0,2,2,0,2,0,0,0,0,2
131173,laserairlines,,2,0,2,2,0,2,0,0,0,0,2
131174,IAIM_VE,,2,0,2,2,0,2,0,0,0,0,2
131175,CochinoPop,,2,0,2,2,0,2,0,0,0,0,2
131178,MovistarVe,,3,0,3,3,0,3,0,0,0,0,3
131179,revistadearte,,3,0,3,3,0,3,0,0,0,0,0
131180,ErikaDLV,,2,0,2,2,0,2,0,0,0,0,2
131189,raymacaricatura,,2,0,2,2,0,2,0,0,0,0,2
131190,museummedia,,2,0,2,2,0,2,0,0,0,0,2
131195,goetheccs,,3,0,3,3,0,3,0,0,0,0,2
131198,agalleryartists,,2,0,2,2,0,2,0,0,0,0,4
131199,SamuelHBurke,,3,0,3,3,0,3,0,0,0,0,2
131202,enclavedearte,,2,0,2,2,0,2,0,0,0,0,0
131204,MuseumNext,,3,0,3,3,0,3,0,0,0,0,2
131206,Variety_Film,,2,0,2,2,0,2,0,0,0,0,2
131208,trasnochocult,,2,0,2,2,0,2,0,0,0,0,2
131209,elmuseologo,,2,0,2,2,0,2,0,0,0,0,2
131210,arteymercado,,3,0,3,3,0,3,0,0,0,0,0
131211,artecontexto,,3,0,3,3,0,3,0,0,0,0,0
131212,Rclavesdearte,,2,0,2,2,0,2,0,0,0,0,4
131218,brooklynmuseum,,2,0,2,2,0,2,0,0,0,0,2
131219,masdearte,,3,0,3,3,0,3,0,0,0,0,2
131220,hipermedula,,3,0,3,3,0,3,0,0,0,0,4
131233,camilayelarte,,2,0,2,2,0,2,0,0,0,0,2
131235,ArteInformado,,3,0,3,3,0,3,0,0,0,0,0
131240,labatliarespon,,3,0,3,3,0,3,0,0,0,0,4
131243,canal_iphone,,2,0,2,2,0,2,0,0,0,0,2
131247,MuseoMAPR,,2,0,2,2,0,2,0,0,0,0,4
131250,wa_status,,2,0,2,2,0,2,0,0,0,0,5
131254,TerritorioMuseo,,2,0,2,2,0,2,0,0,0,0,4
131255,pitchfork,,3,0,3,3,0,3,0,0,0,0,3
131259,thinkepi,,2,0,2,2,0,2,0,0,0,0,2
131261,valendeviaje,,2,0,2,2,0,2,0,0,0,0,2
131263,Creativesuite,,2,0,2,2,0,2,0,0,0,0,2
131264,artsmetrics,,2,0,2,2,0,2,0,0,0,0,2
131265,eldadodelarte,,2,0,2,2,0,2,0,0,0,0,2
131266,articaonline,,2,0,2,2,0,2,0,0,0,0,0
131278,frasesdioss,,2,0,2,2,0,2,0,0,0,0,2
131279,El_Mostacho,,2,0,2,2,0,2,0,0,0,0,2
131280,ProgramarFacil,,3,0,3,3,0,3,0,0,0,0,6
131281,bigthink,,2,0,2,2,0,2,0,0,0,0,2
131282,cristalab,,2,0,2,2,0,2,0,0,0,0,2
131288,Zapata_zos,,2,0,2,2,0,2,0,0,0,0,2
131289,DiscoveryLA,,2,0,2,2,0,2,0,0,0,0,7
131290,LuisChataing,,2,0,2,2,0,2,0,0,0,0,2
131293,fayerwayer,,3,0,3,3,0,3,0,0,0,0,6
131300,cmrondon,,2,0,2,2,0,2,0,0,0,0,2
131303,rectoradoula,,3,0,3,3,0,3,0,0,0,0,5
131306,atomtravel,,2,0,2,2,0,2,0,0,0,0,0
131310,100porcientoING,,2,0,2,2,0,2,0,0,0,0,4
131311,ChiguireBipolar,,2,0,2,2,0,2,0,0,0,0,2
131314,PearlJam,,3,0,3,3,0,3,0,0,0,0,2
131324,MIBAlumni,,2,0,2,2,0,2,0,0,0,0,3
131380,CAPITALRADIOB,,2,0,2,2,0,2,0,0,0,0,4
131386,weareknittersES,,3,0,3,3,0,3,0,0,0,0,4
131392,JustLandlords,,2,0,2,2,0,2,0,0,0,0,1
131410,eileentso,,2,0,2,2,0,2,0,0,0,0,2
131421,ABAEnglish,,3,0,3,3,0,3,0,0,0,0,4
131430,paddycosgrave,,2,0,2,2,0,2,0,0,0,0,4
131436,Wendys,,2,0,2,2,0,2,0,0,0,0,0
131440,travisk,,2,0,2,2,0,2,0,0,0,0,2
131466,Zity,,2,0,2,2,0,2,0,0,0,0,6
131468,zaibatsu,,3,0,3,3,0,3,0,0,0,0,2
131469,startupstowers,,2,0,2,2,0,2,0,0,0,0,2
131478,siliconrepublic,,3,0,3,3,0,3,0,0,0,0,8
131486,AnuskiSB,,2,0,2,2,0,2,0,0,0,0,2
131499,theremote_life,,2,0,2,2,0,2,0,0,0,0,2
131503,remotersnet,,2,0,2,2,0,2,0,0,0,0,8
131504,GSMA,,2,0,2,2,0,2,0,0,0,0,2
131514,trulia,,2,0,2,2,0,2,0,0,0,0,7
131515,zillow,,2,0,2,2,0,2,0,0,0,0,3
131516,Angloinfo,,2,0,2,2,0,2,0,0,0,0,1
131517,ChemaNieto,,2,0,2,2,0,2,0,0,0,0,4
131535,IlCommPorro,,2,0,2,2,0,2,0,0,0,0,2
131543,davepeck,,2,0,2,2,0,2,0,0,0,0,0
131546,ECAatState,,3,0,3,3,0,3,0,0,0,0,7
131548,msteen,,2,0,2,2,0,2,0,0,0,0,6
131549,YahooFinance,,3,0,3,3,0,3,0,0,0,0,2
131552,remote_co,,2,0,2,2,0,2,0,0,0,0,2
131553,remotiveio,,2,0,2,2,0,2,0,0,0,0,8
131554,StudyingGermany,,2,0,2,2,0,2,0,0,0,0,2
131555,Mandi_Overseas,,2,0,2,2,0,2,0,0,0,0,2
131557,atlastranslate,,2,0,2,2,0,2,0,0,0,0,2
131562,RomeBusinessSch,,2,0,2,2,0,2,0,0,0,0,2
131566,FemaleBloggerRT,,2,0,2,2,0,2,0,0,0,0,2
131569,InspiringIntern,,3,0,3,3,0,3,0,0,0,0,1
131570,CulturalVistas,,3,0,3,3,0,3,0,0,0,0,0
131576,Emirates247,,2,0,2,2,0,2,0,0,0,0,2
131578,evernote,,4,0,4,4,0,4,0,0,0,0,2
131579,klout,,3,0,3,3,0,3,0,0,0,0,2
131580,Kissmetrics,,2,0,2,2,0,2,0,0,0,0,2
131582,Hootsuite_ES,,3,0,3,3,0,3,0,0,0,0,6
131584,songkick,,2,0,2,2,0,2,0,0,0,0,2
131585,MyUNiDAYS,,2,0,2,2,0,2,0,0,0,0,1
131586,HuffPostCollege,,3,0,3,3,0,3,0,0,0,0,1
131588,World_Weekly,,2,0,2,2,0,2,0,0,0,0,2
131589,eseschool,,2,0,2,2,0,2,0,0,0,0,2
131592,europeanvibe,,3,0,3,3,0,3,0,0,0,0,4
131603,UPROXX,,2,0,2,2,0,2,0,0,0,0,2
131604,Ecommerce_es,,3,0,3,3,0,3,0,0,0,0,4
131605,IntTEFLAcademy,,2,0,2,2,0,2,0,0,0,0,2
131612,ErasmusIsMadrid,,3,0,3,3,0,3,0,0,0,0,1
131613,iniciador_MAD,,2,0,2,2,0,2,0,0,0,0,0
131615,startups_world,,2,0,2,2,0,2,0,0,0,0,7
131616,ihmugu,,2,0,2,2,0,2,0,0,0,0,0
131619,clarablockchain,,2,0,2,2,0,2,0,0,0,0,2
131620,thestudentroom,,4,0,4,4,0,4,0,0,0,0,2
131623,inactivenow2,,3,0,3,3,0,3,0,0,0,0,2
131624,ExpatWomanDubai,,2,0,2,2,0,2,0,0,0,0,3
131625,canexpat,,2,0,2,2,0,2,0,0,0,0,7
131626,expatdailynews,,2,0,2,2,0,2,0,0,0,0,3
131630,migratingmiss,,2,0,2,2,0,2,0,0,0,0,7
131631,GoCambio,,2,0,2,2,0,2,0,0,0,0,2
131632,Hotwire,,2,0,2,2,0,2,0,0,0,0,2
131633,priceline,,2,0,2,2,0,2,0,0,0,0,2
131634,Orbitz,,3,0,3,3,0,3,0,0,0,0,2
131635,OmioGlobal,,3,0,3,3,0,3,0,0,0,0,1
131637,sngular,,2,0,2,2,0,2,0,0,0,0,0
131638,joseantoniogall,,2,0,2,2,0,2,0,0,0,0,5
131639,La_Cibeles,,2,0,2,2,0,2,0,0,0,0,0
131640,3awspain,,2,0,2,2,0,2,0,0,0,0,0
131641,the_heroes_club,,3,0,3,3,0,3,0,0,0,0,6
131644,ExpatFinder,,3,0,3,3,0,3,0,0,0,0,7
131649,BuckmanBrines,,3,0,3,3,0,3,0,0,0,0,1
131650,jwstauff,,2,0,2,2,0,2,0,0,0,0,2
131653,staydotcom,,2,0,2,2,0,2,0,0,0,0,6
131655,xpatarchive,,2,0,2,2,0,2,0,0,0,0,7
131656,taavet,,2,0,2,2,0,2,0,0,0,0,2
131657,TechHubMadrid,,2,0,2,2,0,2,0,0,0,0,2
131658,leslietravel,,2,0,2,2,0,2,0,0,0,0,7
131661,DubCityCouncil,,3,0,3,3,0,3,0,0,0,0,1
131663,SKEMA_BS,,2,0,2,2,0,2,0,0,0,0,2
131673,HSBC_Expat,,2,0,2,2,0,2,0,0,0,0,2
131680,GoToIrelandCA,,3,0,3,3,0,3,0,0,0,0,1
131687,luxtravelchat,,2,0,2,2,0,2,0,0,0,0,2
131693,HLOBlog,,3,0,3,3,0,3,0,0,0,0,7
131710,ramonsuarez,,2,0,2,2,0,2,0,0,0,0,2
131712,UnitedExpats,,2,0,2,2,0,2,0,0,0,0,1
131724,LiltHQ,,2,0,2,2,0,2,0,0,0,0,1
131728,Vayable,,2,0,2,2,0,2,0,0,0,0,7
131734,TripIt,,2,0,2,2,0,2,0,0,0,0,2
131738,Roadtrippers,,3,0,3,3,0,3,0,0,0,0,7
131749,TheSpanishView,,2,0,2,2,0,2,0,0,0,0,1
131751,TransAbroad,,3,0,3,3,0,3,0,0,0,0,1
131754,vivaintern,,2,0,2,2,0,2,0,0,0,0,3
131762,HuffPostLife,,2,0,2,2,0,2,0,0,0,0,1
131772,techberlin,,2,0,2,2,0,2,0,0,0,0,1
131775,REI,,3,0,3,3,0,3,0,0,0,0,7
131776,chicandcheapmad,,2,0,2,2,0,2,0,0,0,0,2
131782,madrid_events,,2,0,2,2,0,2,0,0,0,0,2
131783,StreetFoodMad,,2,0,2,2,0,2,0,0,0,0,4
131784,catexperience,,2,0,2,2,0,2,0,0,0,0,4
131787,hereBarcelona,,2,0,2,2,0,2,0,0,0,0,2
131788,barcelonette2,,2,0,2,2,0,2,0,0,0,0,4
131791,TravelRepublic,,2,0,2,2,0,2,0,0,0,0,2
131798,trip4real,,2,0,2,2,0,2,0,0,0,0,7
131800,Plateselector,,3,0,3,3,0,3,0,0,0,0,0
131801,whereisasturias,,2,0,2,2,0,2,0,0,0,0,4
131804,ohhellospain,,2,0,2,2,0,2,0,0,0,0,1
131805,GoPro,,4,0,4,4,0,4,0,0,0,0,1
131807,phocuswire,,2,0,2,2,0,2,0,0,0,0,7
131808,atlasobscura,,2,0,2,2,0,2,0,0,0,0,7
131813,lavidashannon,,2,0,2,2,0,2,0,0,0,0,7
131828,xe,,2,0,2,2,0,2,0,0,0,0,2
131843,ST_Travel,,3,0,3,3,0,3,0,0,0,0,1
131845,SF_England,,3,0,3,3,0,3,0,0,0,0,2
131846,TimesEducation,,3,0,3,3,0,3,0,0,0,0,2
131847,unilifeblog,,2,0,2,2,0,2,0,0,0,0,1
131850,vitastudent,,2,0,2,2,0,2,0,0,0,0,2
131853,venturehacks,,2,0,2,2,0,2,0,0,0,0,2
131857,istudentdigs,,2,0,2,2,0,2,0,0,0,0,1
131858,Student_Wire,,3,0,3,3,0,3,0,0,0,0,1
131859,crowdclan,,2,0,2,2,0,2,0,0,0,0,2
131860,FactoryBerlin,,2,0,2,2,0,2,0,0,0,0,1
131861,TheAbroadGuide,,3,0,3,3,0,3,0,0,0,0,7
131866,ryanshanks,,3,0,3,3,0,3,0,0,0,0,1
131867,UKCISA,,2,0,2,2,0,2,0,0,0,0,2
131868,SaveTheStudent,,3,0,3,3,0,3,0,0,0,0,2
131877,ETRealEstate,,2,0,2,2,0,2,0,0,0,0,3
131878,LATrealestate,,2,0,2,2,0,2,0,0,0,0,3
131882,BetterUpdates,,2,0,2,2,0,2,0,0,0,0,2
131886,earthXplorer,,3,0,3,3,0,3,0,0,0,0,7
131887,WorkItDaily,,3,0,3,3,0,3,0,0,0,0,4
131890,BritishExpatEU,,2,0,2,2,0,2,0,0,0,0,7
131893,EUCitizenUSA,,2,0,2,2,0,2,0,0,0,0,2
131900,BorderlessTrvls,,2,0,2,2,0,2,0,0,0,0,2
131903,WSJexpat,,2,0,2,2,0,2,0,0,0,0,2
131904,MadrEATmarket,,3,0,3,3,0,3,0,0,0,0,4
131908,FathomWaytoGo,,3,0,3,3,0,3,0,0,0,0,1
131918,miniguidebcn,,3,0,3,3,0,3,0,0,0,0,7
131919,bcnmetropolitan,,3,0,3,3,0,3,0,0,0,0,2
131922,everythinstudnt,,2,0,2,2,0,2,0,0,0,0,1
131924,Couchsurfing,,3,0,3,3,0,3,0,0,0,0,7
131925,BuzzFeedUK,,2,0,2,2,0,2,0,0,0,0,1
131926,TtMadridTEFL,,2,0,2,2,0,2,0,0,0,0,1
131927,remoteyear,,2,0,2,2,0,2,0,0,0,0,2
131929,lyoncap,,2,0,2,2,0,2,0,0,0,0,8
131930,DiscoverIreland,,3,0,3,3,0,3,0,0,0,0,1
131931,atomico,,2,0,2,2,0,2,0,0,0,0,2
131932,King_Games,,2,0,2,2,0,2,0,0,0,0,2
131934,seznam_cz,,2,0,2,2,0,2,0,0,0,0,2
131945,eventiatmilano,,3,0,3,3,0,3,0,0,0,0,3
131946,FotoDiMilano,,2,0,2,2,0,2,0,0,0,0,1
131947,MilanoSegreta,,2,0,2,2,0,2,0,0,0,0,3
131948,milanoarte,,2,0,2,2,0,2,0,0,0,0,3
131950,Languagebandit,,2,0,2,2,0,2,0,0,0,0,1
131951,brusselstourism,,2,0,2,2,0,2,0,0,0,0,2
131952,DevourSeville,,3,0,3,3,0,3,0,0,0,0,1
131962,Megustamibarrio,,2,0,2,2,0,2,0,0,0,0,1
131968,EntInspire,,2,0,2,2,0,2,0,0,0,0,7
131971,livesalerno,,4,0,4,4,0,4,0,0,0,0,2
131974,cristinaruiz__,,3,0,3,3,0,3,0,0,0,0,0
131975,CristinaRFoto,,3,0,3,3,0,3,0,0,0,0,2
131979,emprendercuesta,,3,0,3,3,0,3,0,0,0,0,4
131981,inigosomovilla,,2,0,2,2,0,2,0,0,0,0,7
131984,ManuelaArroyoo,,2,0,2,2,0,2,0,0,0,0,7
131987,BrettRelander,,3,0,3,3,0,3,0,0,0,0,2
131992,brunospotahome,,2,0,2,2,0,2,0,0,0,0,3
131993,LRCorrado,,2,0,2,2,0,2,0,0,0,0,3
131997,Hubdoc,,2,0,2,2,0,2,0,0,0,0,3
132000,BillCarmody,,2,0,2,2,0,2,0,0,0,0,2
132002,romeing,,2,0,2,2,0,2,0,0,0,0,3
132003,WhichWaytoRome,,2,0,2,2,0,2,0,0,0,0,3
132006,Milanosecrets,,2,0,2,2,0,2,0,0,0,0,1
132011,turismomilano,,4,0,4,4,0,4,0,0,0,0,3
132012,milano_today,,3,0,3,3,0,3,0,0,0,0,3
132013,survivemilano,,2,0,2,2,0,2,0,0,0,0,2
132014,unlike,,2,0,2,2,0,2,0,0,0,0,7
132020,Rome_Expats,,2,0,2,2,0,2,0,0,0,0,3
132025,AllureApps,,2,0,2,2,0,2,0,0,0,0,2
132027,robbygreer,,2,0,2,2,0,2,0,0,0,0,2
132029,8keith,,2,0,2,2,0,2,0,0,0,0,2
132036,LouiByrdziak,,2,0,2,2,0,2,0,0,0,0,2
132038,selfemployedude,,2,0,2,2,0,2,0,0,0,0,2
132040,frkentrepreneur,,2,0,2,2,0,2,0,0,0,0,2
132056,PotentialVC,,2,0,2,2,0,2,0,0,0,0,1
132057,Addictd2Success,,2,0,2,2,0,2,0,0,0,0,2
132058,juliannekeu,,2,0,2,2,0,2,0,0,0,0,1
132059,mashbusiness,,3,0,3,3,0,3,0,0,0,0,1
132060,nytrealestate,,2,0,2,2,0,2,0,0,0,0,3
132061,trdny,,2,0,2,2,0,2,0,0,0,0,3
132080,relendo_es,,3,0,3,3,0,3,0,0,0,0,5
132085,LaComunity,,2,0,2,2,0,2,0,0,0,0,2
132093,jetsliketaxis,,2,0,2,2,0,2,0,0,0,0,1
132097,MLBerlanga,,2,0,2,2,0,2,0,0,0,0,6
132109,cooltra,,3,0,3,3,0,3,0,0,0,0,1
132117,sharamfm,,2,0,2,2,0,2,0,0,0,0,3
132118,tetuanvalley,,3,0,3,3,0,3,0,0,0,0,4
132119,ZubinChagpar,,2,0,2,2,0,2,0,0,0,0,2
132121,sermadrider,,2,0,2,2,0,2,0,0,0,0,2
132122,joshuaariel,,3,0,3,3,0,3,0,0,0,0,6
132123,MJohnsonLoyalty,,3,0,3,3,0,3,0,0,0,0,2
132125,YouthMoving,,4,0,4,4,0,4,0,0,0,0,1
132129,firoba,,2,0,2,2,0,2,0,0,0,0,2
132134,conelmorrofino,,2,0,2,2,0,2,0,0,0,0,2
132135,ilumadrid,,2,0,2,2,0,2,0,0,0,0,1
132137,CarlosArnelas,,3,0,3,3,0,3,0,0,0,0,4
132138,jyonouchi_kn,,2,0,2,2,0,2,0,0,0,0,2
132140,AIESECmadrid,,3,0,3,3,0,3,0,0,0,0,7
132142,BarryWPruitt,,2,0,2,2,0,2,0,0,0,0,2
132144,Techmeme,,2,0,2,2,0,2,0,0,0,0,2
132149,TQMadrid,,3,0,3,3,0,3,0,0,0,0,4
132150,Salaguindalera,,2,0,2,2,0,2,0,0,0,0,2
132175,madridESL,,2,0,2,2,0,2,0,0,0,0,0
132177,EnriqueToribioV,,2,0,2,2,0,2,0,0,0,0,2
132187,sergimateo,,2,0,2,2,0,2,0,0,0,0,2
132196,stayful,,2,0,2,2,0,2,0,0,0,0,7
132200,cameron,,2,0,2,2,0,2,0,0,0,0,2
132209,aliciaasin,,2,0,2,2,0,2,0,0,0,0,2
132215,AntBogarin,,2,0,2,2,0,2,0,0,0,0,4
132218,EUDEbusiness,,3,0,3,3,0,3,0,0,0,0,0
132219,IE_VentureLab,,2,0,2,2,0,2,0,0,0,0,0
132228,SVQconcierge,,2,0,2,2,0,2,0,0,0,0,1
132230,MatthewHirtes,,2,0,2,2,0,2,0,0,0,0,2
132231,Spainatyourpace,,2,0,2,2,0,2,0,0,0,0,2
132232,EasyExpat,,3,0,3,3,0,3,0,0,0,0,7
132233,expatexplorer,,3,0,3,3,0,3,0,0,0,0,3
132234,HomeForExpats,,2,0,2,2,0,2,0,0,0,0,3
132236,BritishExpat,,2,0,2,2,0,2,0,0,0,0,7
132237,TapasInMalaga,,2,0,2,2,0,2,0,0,0,0,2
132239,AlldayInternet,,2,0,2,2,0,2,0,0,0,0,4
132242,ExpatArrivals,,2,0,2,2,0,2,0,0,0,0,3
132243,expatify,,2,0,2,2,0,2,0,0,0,0,3
132246,Expat_News,,2,0,2,2,0,2,0,0,0,0,3
132249,Parainmigrantes,,3,0,3,3,0,3,0,0,0,0,4
132250,inmigrantes,,2,0,2,2,0,2,0,0,0,0,4
132259,DreamingSpain,,2,0,2,2,0,2,0,0,0,0,0
132260,serraniacuenca,,2,0,2,2,0,2,0,0,0,0,0
132261,laeracircular,,2,0,2,2,0,2,0,0,0,0,0
132268,HolaYessica,,2,0,2,2,0,2,0,0,0,0,1
132273,EnglishWH,,2,0,2,2,0,2,0,0,0,0,7
132276,davidgspain,,2,0,2,2,0,2,0,0,0,0,4
132279,vayamadrid,,2,0,2,2,0,2,0,0,0,0,4
132281,spainexpat,,3,0,3,3,0,3,0,0,0,0,4
132285,Tumbit,,2,0,2,2,0,2,0,0,0,0,0
132286,CCBSpain,,2,0,2,2,0,2,0,0,0,0,0
132287,michellechaplow,,2,0,2,2,0,2,0,0,0,0,0
132288,HowToEnjoySPAIN,,4,0,4,4,0,4,0,0,0,0,4
132293,AskSpain,,2,0,2,2,0,2,0,0,0,0,0
132296,SvanLieshout,,2,0,2,2,0,2,0,0,0,0,2
132297,iblogspain,,2,0,2,2,0,2,0,0,0,0,2
132309,CanaryIslandsEN,,2,0,2,2,0,2,0,0,0,0,2
132310,TurismoLZT,,3,0,3,3,0,3,0,0,0,0,2
132324,Onedayonetravel,,2,0,2,2,0,2,0,0,0,0,7
132325,VivaLanguages,,2,0,2,2,0,2,0,0,0,0,1
132328,NewExpat,,3,0,3,3,0,3,0,0,0,0,1
132331,TheSpainScoop,,2,0,2,2,0,2,0,0,0,0,1
132332,Talentoscopio_,,2,0,2,2,0,2,0,0,0,0,2
132337,ptrucharte,,2,0,2,2,0,2,0,0,0,0,2
132340,ma_garcia,,2,0,2,2,0,2,0,0,0,0,0
132342,garystew,,2,0,2,2,0,2,0,0,0,0,0
132350,lmejordtodo,,2,0,2,2,0,2,0,0,0,0,2
132367,nakedmadrid,,2,0,2,2,0,2,0,0,0,0,1
132369,Fonty_Madrid,,2,0,2,2,0,2,0,0,0,0,2
132378,VStuartTaylor,,3,0,3,3,0,3,0,0,0,0,5
132380,Quiero_Chollos,,3,0,3,3,0,3,0,0,0,0,0
132384,CheapInMadrid,,2,0,2,2,0,2,0,0,0,0,2
132387,ConocerMD,,2,0,2,2,0,2,0,0,0,0,2
132388,tiempomadridES,,3,0,3,3,0,3,0,0,0,0,6
132389,MADRiDSONRIE,,2,0,2,2,0,2,0,0,0,0,2
132395,c_tangana,,2,0,2,2,0,2,0,0,0,0,5
132401,soyelalex24,,2,0,2,2,0,2,0,0,0,0,6
132406,abadlinan,,2,0,2,2,0,2,0,0,0,0,0
132409,restaur_accion,,2,0,2,2,0,2,0,0,0,0,6
132415,VALValeriaRos,,2,0,2,2,0,2,0,0,0,0,5
132429,NachoGarciaR,,2,0,2,2,0,2,0,0,0,0,1
132433,nippon_es,,2,0,2,2,0,2,0,0,0,0,6
132438,Impresum,,2,0,2,2,0,2,0,0,0,0,6
132441,erseisde,,2,0,2,2,0,2,0,0,0,0,5
132443,pascalcampion,,2,0,2,2,0,2,0,0,0,0,6
132444,extinguiendonos,,3,0,3,3,0,3,0,0,0,0,8
132447,BOAMISTURA,,3,0,3,3,0,3,0,0,0,0,6
132453,fraisku,,2,0,2,2,0,2,0,0,0,0,6
132454,EasyArg,,2,0,2,2,0,2,0,0,0,0,6
132458,Tokyo2020es,,2,0,2,2,0,2,0,0,0,0,6
132465,Susana_bicho,,2,0,2,2,0,2,0,0,0,0,5
132469,AvanceOficial,,2,0,2,2,0,2,0,0,0,0,6
132472,Ingelmo_Javi,,2,0,2,2,0,2,0,0,0,0,2
132477,Genrus,,2,0,2,2,0,2,0,0,0,0,6
132479,Tamara_Falco_,,2,0,2,2,0,2,0,0,0,0,6
132485,irimarq,,2,0,2,2,0,2,0,0,0,0,6
132490,elbarroquista,,2,0,2,2,0,2,0,0,0,0,6
132491,CreAmusItalia,,2,0,2,2,0,2,0,0,0,0,6
132498,BioMedCentral,,2,0,2,2,0,2,0,0,0,0,2
132500,Proserpinasb,,2,0,2,2,0,2,0,0,0,0,6
132505,sergiogarciabd,,3,0,3,3,0,3,0,0,0,0,6
132521,StudentLifeWay,,2,0,2,2,0,2,0,0,0,0,6
132537,juancagportillo,,2,0,2,2,0,2,0,0,0,0,6
132540,flowingdata,,2,0,2,2,0,2,0,0,0,0,0
132553,einatec,,2,0,2,2,0,2,0,0,0,0,6
132556,dpr_barcelona,,2,0,2,2,0,2,0,0,0,0,6
132559,YoitabiTravel,,2,0,2,2,0,2,0,0,0,0,6
132563,descubriendojap,,2,0,2,2,0,2,0,0,0,0,6
132577,BarbaraFiore,,2,0,2,2,0,2,0,0,0,0,6
132580,ClapForMarta,,2,0,2,2,0,2,0,0,0,0,4
132581,Japonismo,,2,0,2,2,0,2,0,0,0,0,6
132582,cyrcletaller,,2,0,2,2,0,2,0,0,0,0,6
132583,PatriAguilar1,,2,0,2,2,0,2,0,0,0,0,6
132584,LauHeron,,2,0,2,2,0,2,0,0,0,0,6
132585,RedaccionSumma,,2,0,2,2,0,2,0,0,0,0,6
132586,ParcoAndGrugnon,,2,0,2,2,0,2,0,0,0,0,6
132593,Nolan_Gould,,2,0,2,2,0,2,0,0,0,0,6
132594,jessetyler,,3,0,3,3,0,3,0,0,0,0,2
132595,ericstonestreet,,2,0,2,2,0,2,0,0,0,0,6
132597,kikolo777,,3,0,3,3,0,3,0,0,0,0,6
132599,chicaimperdible,,2,0,2,2,0,2,0,0,0,0,5
132604,angylalailustra,,2,0,2,2,0,2,0,0,0,0,6
132605,blogfotografo,,2,0,2,2,0,2,0,0,0,0,6
132608,Tagoartwork,,3,0,3,3,0,3,0,0,0,0,6
132613,katprescott77,,2,0,2,2,0,2,0,0,0,0,2
132614,SuperFalete,,3,0,3,3,0,3,0,0,0,0,4
132628,MomoSlowplace,,3,0,3,3,0,3,0,0,0,0,4
132631,DiedricaBlog,,2,0,2,2,0,2,0,0,0,0,6
132633,_Touche,,2,0,2,2,0,2,0,0,0,0,6
132636,Carta1602,,3,0,3,3,0,3,0,0,0,0,6
132640,fundacionjapon,,2,0,2,2,0,2,0,0,0,0,6
132644,infojapanES,,2,0,2,2,0,2,0,0,0,0,6
132646,RecetaJaponesas,,2,0,2,2,0,2,0,0,0,0,6
132649,Mous_Tache,,2,0,2,2,0,2,0,0,0,0,6
132650,goana_asecas,,2,0,2,2,0,2,0,0,0,0,6
132652,mlcestudio,,3,0,3,3,0,3,0,0,0,0,4
132655,Desebe,,2,0,2,2,0,2,0,0,0,0,0
132657,bea_tormo,,2,0,2,2,0,2,0,0,0,0,6
132658,Ep0khe_,,2,0,2,2,0,2,0,0,0,0,6
132660,CheerzTo,,2,0,2,2,0,2,0,0,0,0,5
132661,_depeapa,,2,0,2,2,0,2,0,0,0,0,0
132662,SalvajeShop,,3,0,3,3,0,3,0,0,0,0,0
132664,Pepepampapa,,2,0,2,2,0,2,0,0,0,0,6
132665,MadrigueraShop,,3,0,3,3,0,3,0,0,0,0,6
132672,donMiwell,,2,0,2,2,0,2,0,0,0,0,6
132674,Pijamasurf,,2,0,2,2,0,2,0,0,0,0,6
132677,escuelaandaluza,,2,0,2,2,0,2,0,0,0,0,6
132678,Unsuspectedband,,2,0,2,2,0,2,0,0,0,0,6
132683,josemikel8,,2,0,2,2,0,2,0,0,0,0,6
132686,crthouses,,2,0,2,2,0,2,0,0,0,0,2
132687,hacerfotos,,3,0,3,3,0,3,0,0,0,0,6
132690,FosterPartners,,2,0,2,2,0,2,0,0,0,0,2
132694,TheFunnyVines,,2,0,2,2,0,2,0,0,0,0,4
132695,L_Imaginaria,,2,0,2,2,0,2,0,0,0,0,0
132696,DanHogman,,2,0,2,2,0,2,0,0,0,0,6
132699,reanduro,,2,0,2,2,0,2,0,0,0,0,6
132703,Talkitect,,2,0,2,2,0,2,0,0,0,0,6
132704,arq_critica,,3,0,3,3,0,3,0,0,0,0,0
132707,Francisk1t0,,2,0,2,2,0,2,0,0,0,0,6
132709,JuanpaBizarre,,3,0,3,3,0,3,0,0,0,0,3
132710,ciruelle,,2,0,2,2,0,2,0,0,0,0,6
132712,ChistesAhora3,,3,0,3,3,0,3,0,0,0,0,6
132714,TipicoNosotros,,2,0,2,2,0,2,0,0,0,0,6
132716,InfEnfurecido,,2,0,2,2,0,2,0,0,0,0,6
132717,monstersandmen,,2,0,2,2,0,2,0,0,0,0,2
132718,CariiGR,,2,0,2,2,0,2,0,0,0,0,6
132720,marioruizortega,,2,0,2,2,0,2,0,0,0,0,6
132722,AndresComino,,2,0,2,2,0,2,0,0,0,0,6
132729,ML_Hoz,,2,0,2,2,0,2,0,0,0,0,6
132730,alhenaing,,2,0,2,2,0,2,0,0,0,0,5
132732,AlbaSanchezR,,2,0,2,2,0,2,0,0,0,0,6
132734,lasonrisadjulia,,2,0,2,2,0,2,0,0,0,0,0
132735,AndyR_,,2,0,2,2,0,2,0,0,0,0,6
132746,georginamusica,,3,0,3,3,0,3,0,0,0,0,0
132747,Nico_tico,,3,0,3,3,0,3,0,0,0,0,5
132750,YleniaCantero,,3,0,3,3,0,3,0,0,0,0,2
132751,PlaymobilCafe,,3,0,3,3,0,3,0,0,0,0,6
132752,SorinPri,,3,0,3,3,0,3,0,0,0,0,0
132753,CristiRosas,,2,0,2,2,0,2,0,0,0,0,6
132754,NaziraMaldonado,,2,0,2,2,0,2,0,0,0,0,6
132755,carlos_chamizo,,2,0,2,2,0,2,0,0,0,0,3
132756,gorillaz,,3,0,3,3,0,3,0,0,0,0,6
132757,cris_kisu,,2,0,2,2,0,2,0,0,0,0,6
132760,ronano8,,2,0,2,2,0,2,0,0,0,0,6
132762,JuanJesusRM,,2,0,2,2,0,2,0,0,0,0,6
132764,Rubenes_,,2,0,2,2,0,2,0,0,0,0,6
132765,ttbolivar,,2,0,2,2,0,2,0,0,0,0,6
132770,90Isagar,,2,0,2,2,0,2,0,0,0,0,6
132772,PattUruru,,3,0,3,3,0,3,0,0,0,0,6
132775,krnib90,,2,0,2,2,0,2,0,0,0,0,6
132776,ManuelFdez89,,3,0,3,3,0,3,0,0,0,0,6
132780,eloyfv,,2,0,2,2,0,2,0,0,0,0,6
132783,raulpinar,,2,0,2,2,0,2,0,0,0,0,6
132784,fosterthepeople,,3,0,3,3,0,3,0,0,0,0,4
132785,Sophia_dab,,2,0,2,2,0,2,0,0,0,0,5
132786,Ana89m,,2,0,2,2,0,2,0,0,0,0,6
132788,Esme_arq,,2,0,2,2,0,2,0,0,0,0,6
132789,perryplatypus,,2,0,2,2,0,2,0,0,0,0,2
132791,Tangelas,,2,0,2,2,0,2,0,0,0,0,5
132793,m1gu3Jimenez,,2,0,2,2,0,2,0,0,0,0,6
132794,David_Sanchez88,,2,0,2,2,0,2,0,0,0,0,6
132799,LauraCalvoA,,2,0,2,2,0,2,0,0,0,0,4
132812,SpainEdOffice,,2,0,2,2,0,2,0,0,0,0,4
132815,andresturiweb,,3,0,3,3,0,3,0,0,0,0,4
132821,wlappe,,3,0,3,3,0,3,0,0,0,0,4
132835,in_serint_uc3m,,3,0,3,3,0,3,0,0,0,0,4
132837,GuadalajaraAyto,,2,0,2,2,0,2,0,0,0,0,4
132840,languagenut,,2,0,2,2,0,2,0,0,0,0,4
132841,Routesintolangs,,3,0,3,3,0,3,0,0,0,0,2
132842,LanguageShow,,3,0,3,3,0,3,0,0,0,0,4
132843,studyingspain,,2,0,2,2,0,2,0,0,0,0,4
132844,RTouzaDavid,,2,0,2,2,0,2,0,0,0,0,4
132845,TEANabroad,,3,0,3,3,0,3,0,0,0,0,4
132850,BecasCOL,,3,0,3,3,0,3,0,0,0,0,4
132852,becasMEX,,2,0,2,2,0,2,0,0,0,0,4
132853,BecConv,,3,0,3,3,0,3,0,0,0,0,4
132854,Fundacion_Beca,,4,0,4,4,0,4,0,0,0,0,4
132858,UBCSauderSchool,,2,0,2,2,0,2,0,0,0,0,4
132865,HISARAUni,,3,0,3,3,0,3,0,0,0,0,4
132866,CEOEGuadalajara,,2,0,2,2,0,2,0,0,0,0,4
132867,ceeiguadalajara,,2,0,2,2,0,2,0,0,0,0,4
132873,EmbajadaEspLPaz,,2,0,2,2,0,2,0,0,0,0,4
132875,studyinspain_,,3,0,3,3,0,3,0,0,0,0,4
132878,nosilaN,,2,0,2,2,0,2,0,0,0,0,4
132879,BritsvisitSpain,,3,0,3,3,0,3,0,0,0,0,4
132885,mne_uc3m,,2,0,2,2,0,2,0,0,0,0,4
132886,ErasmusTrinidad,,2,0,2,2,0,2,0,0,0,0,7
132887,sgerasmus,,3,0,3,3,0,3,0,0,0,0,7
132888,spainka1courses,,3,0,3,3,0,3,0,0,0,0,4
132893,IsabelGareta,,2,0,2,2,0,2,0,0,0,0,4
132937,Ninety3Records,,2,0,2,2,0,2,0,0,0,0,6
132972,BabiloniaSumme,,3,0,3,3,0,3,0,0,0,0,0
133082,losgordelios,,2,0,2,2,0,2,0,0,0,0,6
133094,app_ahorro,,3,0,3,3,0,3,0,0,0,0,6
133100,We_Are_Not_Djs,,3,0,3,3,0,3,0,0,0,0,6
133102,SorteosGluup,,4,0,4,4,0,4,0,0,0,0,0
133104,Togetherclub,,2,0,2,2,0,2,0,0,0,0,6
133217,Atlas_pi,,2,0,2,2,0,2,0,0,0,0,2
133227,ELCANDYWARHOL,,2,0,2,2,0,2,0,0,0,0,6
133229,GVineSpain,,2,0,2,2,0,2,0,0,0,0,2
133230,SeagramsGin_ES,,2,0,2,2,0,2,0,0,0,0,2
133233,savetherave,,2,0,2,2,0,2,0,0,0,0,6
133235,DubElements,,2,0,2,2,0,2,0,0,0,0,6
133237,dickraymusic,,2,0,2,2,0,2,0,0,0,0,6
133242,gluup_bi,,2,0,2,2,0,2,0,0,0,0,0
133266,madhouserecords,,2,0,2,2,0,2,0,0,0,0,3
133297,DjGoncalo,,2,0,2,2,0,2,0,0,0,0,2
133305,TernascoAragon,,2,0,2,2,0,2,0,0,0,0,2
133328,antoniocamposg,,2,0,2,2,0,2,0,0,0,0,0
133333,JaviArquimbau,,2,0,2,2,0,2,0,0,0,0,0
133366,mmerodriguez,,3,0,3,3,0,3,0,0,0,0,1
133370,trelophoto,,2,0,2,2,0,2,0,0,0,0,3
133380,Liz_Herrejon,,2,0,2,2,0,2,0,0,0,0,2
133385,COOLTOURSPAIN,,2,0,2,2,0,2,0,0,0,0,7
133388,udearagon,,2,0,2,2,0,2,0,0,0,0,2
133391,FernandoZulaica,,2,0,2,2,0,2,0,0,0,0,2
133395,Coiaanpv,,2,0,2,2,0,2,0,0,0,0,2
133396,casaest_unizar,,3,0,3,3,0,3,0,0,0,0,4
133399,TurismoFacultad,,2,0,2,2,0,2,0,0,0,0,2
133418,AbsolutUS,,2,0,2,2,0,2,0,0,0,0,6
133421,GreyGoose,,2,0,2,2,0,2,0,0,0,0,2
133548,m92miller,,2,0,2,2,0,2,0,0,0,0,2
133549,JORGEROSSDJ,,2,0,2,2,0,2,0,0,0,0,6
133583,RinconChanante,,2,0,2,2,0,2,0,0,0,0,6
133584,deejayenka,,2,0,2,2,0,2,0,0,0,0,1
133595,crisabadp,,2,0,2,2,0,2,0,0,0,0,4
133606,NeuSRomero4,,2,0,2,2,0,2,0,0,0,0,6
133608,TOPIzgz,,2,0,2,2,0,2,0,0,0,0,4
133611,danadon89,,2,0,2,2,0,2,0,0,0,0,6
133612,Liz_Deejay,,3,0,3,3,0,3,0,0,0,0,0
133616,Manu_nav_san,,2,0,2,2,0,2,0,0,0,0,6
133670,ortegamorgado,,2,0,2,2,0,2,0,0,0,0,4
133683,melomans4,,2,0,2,2,0,2,0,0,0,0,4
133703,Support_Soraya,,2,0,2,2,0,2,0,0,0,0,6
133717,AinhoaTilve,,2,0,2,2,0,2,0,0,0,0,2
133721,Ddigeszaragoza,,2,0,2,2,0,2,0,0,0,0,2
133728,oldaccounthize,,2,0,2,2,0,2,0,0,0,0,2
133731,lasenaldeflint,,2,0,2,2,0,2,0,0,0,0,6
133733,danigallegom,,2,0,2,2,0,2,0,0,0,0,6
133792,Aragon_is_cool,,2,0,2,2,0,2,0,0,0,0,4
133798,Midnight_Fest,,2,0,2,2,0,2,0,0,0,0,6
133806,alexgroovedj,,2,0,2,2,0,2,0,0,0,0,4
133821,EMEDEMUSICA,,2,0,2,2,0,2,0,0,0,0,6
133828,mastermusicag,,2,0,2,2,0,2,0,0,0,0,6
133838,kenbozaragoza,,2,0,2,2,0,2,0,0,0,0,2
133856,LiceoGoya,,2,0,2,2,0,2,0,0,0,0,2
133860,EbroMoving,,2,0,2,2,0,2,0,0,0,0,2
133879,ACREIDYMUSIC,,2,0,2,2,0,2,0,0,0,0,6
133887,FreeRadioShow,,2,0,2,2,0,2,0,0,0,0,6
133895,TiendadelWhisky,,2,0,2,2,0,2,0,0,0,0,0
133904,SamuHerreroSax,,2,0,2,2,0,2,0,0,0,0,6
133905,juankatech_dj,,3,0,3,3,0,3,0,0,0,0,4
133945,Alzanet_SEO,,2,0,2,2,0,2,0,0,0,0,2
133955,elena_mene,,2,0,2,2,0,2,0,0,0,0,0
133956,verenaacf,,2,0,2,2,0,2,0,0,0,0,7
133958,LaNeurona_com,,2,0,2,2,0,2,0,0,0,0,2
133960,FundacionEcolec,,2,0,2,2,0,2,0,0,0,0,2
133995,QueMeDeejay,,2,0,2,2,0,2,0,0,0,0,6
133996,blogdelagua,,2,0,2,2,0,2,0,0,0,0,2
134001,MartaPerezS,,2,0,2,2,0,2,0,0,0,0,6
134015,jmberges,,2,0,2,2,0,2,0,0,0,0,4
134016,somos_digitales,,2,0,2,2,0,2,0,0,0,0,2
134023,1975_pili,,2,0,2,2,0,2,0,0,0,0,4
134050,Fanslescastizos,,2,0,2,2,0,2,0,0,0,0,6
134068,AFFLELOU_OPTICO,,3,0,3,3,0,3,0,0,0,0,5
134117,martuslpz,,3,0,3,3,0,3,0,0,0,0,0
134127,BadWithNoName,,2,0,2,2,0,2,0,0,0,0,2
134128,Tuonettar,,2,0,2,2,0,2,0,0,0,0,6
134130,MakoondoMk,,2,0,2,2,0,2,0,0,0,0,4
134166,NuriaSbG,,2,0,2,2,0,2,0,0,0,0,6
134196,Sraderojo,,2,0,2,2,0,2,0,0,0,0,4
134206,enjoyzaragoza,,2,0,2,2,0,2,0,0,0,0,2
134259,whiteibiza,,2,0,2,2,0,2,0,0,0,0,2
134260,TheIbizaway,,2,0,2,2,0,2,0,0,0,0,2
134263,IbizaStuff,,3,0,3,3,0,3,0,0,0,0,2
134264,Socialibiza_com,,2,0,2,2,0,2,0,0,0,0,2
134266,ibizainwinter,,3,0,3,3,0,3,0,0,0,0,2
134267,BlueMarlinIbiza,,2,0,2,2,0,2,0,0,0,0,2
134270,IBIZAPEOPLE_,,3,0,3,3,0,3,0,0,0,0,6
134272,myibizatv,,2,0,2,2,0,2,0,0,0,0,2
134275,ibizaclubbinguk,,2,0,2,2,0,2,0,0,0,0,2
134276,IBIZA_CALENDAR,,2,0,2,2,0,2,0,0,0,0,2
134277,IbizaBoatParty_,,3,0,3,3,0,3,0,0,0,0,2
134278,eden_ibiza,,2,0,2,2,0,2,0,0,0,0,2
134279,esparadisibz,,2,0,2,2,0,2,0,0,0,0,2
134281,hedkandi,,2,0,2,2,0,2,0,0,0,0,2
134286,OBeachIbiza,,3,0,3,3,0,3,0,0,0,0,6
134288,IbizaClubNews,,3,0,3,3,0,3,0,0,0,0,6
134289,ibizaspotlight,,3,0,3,3,0,3,0,0,0,0,2
134291,WeAreTheRave_,,3,0,3,3,0,3,0,0,0,0,2
134309,OxiaMusic,,2,0,2,2,0,2,0,0,0,0,6
134355,leonrave,,2,0,2,2,0,2,0,0,0,0,2
134365,burn_es,,3,0,3,3,0,3,0,0,0,0,6
134369,XanaXanita,,2,0,2,2,0,2,0,0,0,0,6
134379,mdmelectro,,2,0,2,2,0,2,0,0,0,0,2
134402,NinaKraviz,,2,0,2,2,0,2,0,0,0,0,2
134403,manoletough,,2,0,2,2,0,2,0,0,0,0,2
134406,DJ_Sneak,,2,0,2,2,0,2,0,0,0,0,2
134408,stephanbodzin,,2,0,2,2,0,2,0,0,0,0,6
134424,Rarezas_info,,3,0,3,3,0,3,0,0,0,0,6
134425,DJManiaES,,3,0,3,3,0,3,0,0,0,0,0
134429,sandro_avila,,2,0,2,2,0,2,0,0,0,0,6
134431,texxnofilo,,2,0,2,2,0,2,0,0,0,0,4
134447,djbensims,,2,0,2,2,0,2,0,0,0,0,2
134449,AFFKT,,2,0,2,2,0,2,0,0,0,0,6
134466,CARTV_,,2,0,2,2,0,2,0,0,0,0,2
134467,_Aragon,,2,0,2,2,0,2,0,0,0,0,2
134470,aragontv,,2,0,2,2,0,2,0,0,0,0,2
134471,HeraldoOcio,,2,0,2,2,0,2,0,0,0,0,0
134472,aragonradio,,2,0,2,2,0,2,0,0,0,0,2
134486,TheIbizaBible_,,3,0,3,3,0,3,0,0,0,0,2
134494,ChariLojo,,2,0,2,2,0,2,0,0,0,0,0
134495,SoyEduSanchez,,2,0,2,2,0,2,0,0,0,0,2
134520,SoyFreshoficial,,2,0,2,2,0,2,0,0,0,0,6
134524,SergioDiezRRPP,,2,0,2,2,0,2,0,0,0,0,6
134594,RobertMendoza_,,3,0,3,3,0,3,0,0,0,0,6
134633,el_davicikoh,,2,0,2,2,0,2,0,0,0,0,6
134685,ThaliaChantal,,2,0,2,2,0,2,0,0,0,0,4
134716,cosmediestetic,,2,0,2,2,0,2,0,0,0,0,2
134748,AriadnaHernando,,2,0,2,2,0,2,0,0,0,0,6
134753,AndreaOliva1,,2,0,2,2,0,2,0,0,0,0,2
134767,Desolat_Music,,2,0,2,2,0,2,0,0,0,0,2
134803,Sala_Apolo,,3,0,3,3,0,3,0,0,0,0,0
134885,0ficialDjSergio,,2,0,2,2,0,2,0,0,0,0,6
134920,ENTERexperience,,3,0,3,3,0,3,0,0,0,0,2
134949,JoyEslava1,,4,0,4,4,0,4,0,0,0,0,4
134954,iEvent_ar,,3,0,3,3,0,3,0,0,0,0,6
134965,C_Voltaire,,2,0,2,2,0,2,0,0,0,0,6
134981,djcandycox,,3,0,3,3,0,3,0,0,0,0,2
134987,MadridMusicDays,,3,0,3,3,0,3,0,0,0,0,2
134998,fatimahajji,,3,0,3,3,0,3,0,0,0,0,6
135002,DJMagEs,,2,0,2,2,0,2,0,0,0,0,2
135012,josephcapriati,,2,0,2,2,0,2,0,0,0,0,6
135028,davidcampoydj,,2,0,2,2,0,2,0,0,0,0,6
135031,SweetDrinkz,,2,0,2,2,0,2,0,0,0,0,6
135037,periodicoaragon,,3,0,3,3,0,3,0,0,0,0,2
135046,LetyHilton,,3,0,3,3,0,3,0,0,0,0,0
135058,fizfestival,,2,0,2,2,0,2,0,0,0,0,2
135069,SoydeZaragoza,,2,0,2,2,0,2,0,0,0,0,2
135086,AleksiaOficial,,2,0,2,2,0,2,0,0,0,0,6
135115,In_2_business,,2,0,2,2,0,2,0,0,0,0,2
135134,NicoleMoudaber,,2,0,2,2,0,2,0,0,0,0,2
135135,RafaRomeroMusic,,2,0,2,2,0,2,0,0,0,0,2
135139,carloscruzvalle,,2,0,2,2,0,2,0,0,0,0,4
135149,Djs_web_IG,,2,0,2,2,0,2,0,0,0,0,6
135165,neilsole,,2,0,2,2,0,2,0,0,0,0,2
135166,ricardodelhorno,,2,0,2,2,0,2,0,0,0,0,6
135170,teacherramirex,,3,0,3,3,0,3,0,0,0,0,5
135174,AdrianitaBL,,2,0,2,2,0,2,0,0,0,0,0
135182,soniamonroy,,2,0,2,2,0,2,0,0,0,0,2
135183,anitaobregon,,2,0,2,2,0,2,0,0,0,0,6
135205,nandezrock,,2,0,2,2,0,2,0,0,0,0,6
135213,NALAYABROWN,,2,0,2,2,0,2,0,0,0,0,2
135216,djsanthygarcia,,2,0,2,2,0,2,0,0,0,0,0
135233,ociourbanozgz,,2,0,2,2,0,2,0,0,0,0,0
135246,cristina_90,,2,0,2,2,0,2,0,0,0,0,4
135283,FerryCorsten,,3,0,3,3,0,3,0,0,0,0,2
135285,PAULVANDYK,,2,0,2,2,0,2,0,0,0,0,2
135287,WezG,,2,0,2,2,0,2,0,0,0,0,2
135289,XLR8R,,2,0,2,2,0,2,0,0,0,0,2
135299,SuperMartXeWT,,3,0,3,3,0,3,0,0,0,0,2
135303,quotasagencia,,2,0,2,2,0,2,0,0,0,0,6
135308,LUISROLLAN,,2,0,2,2,0,2,0,0,0,0,6
135309,JacoboOstos,,2,0,2,2,0,2,0,0,0,0,6
135310,nanygaitan,,3,0,3,3,0,3,0,0,0,0,0
135311,ElnegroGaray,,2,0,2,2,0,2,0,0,0,0,2
135313,Tamara_Gorro,,3,0,3,3,0,3,0,0,0,0,2
135314,deborah__ombres,,2,0,2,2,0,2,0,0,0,0,0
135319,YolaBerrocal,,2,0,2,2,0,2,0,0,0,0,2
135321,toritoquique,,3,0,3,3,0,3,0,0,0,0,4
135325,lorenacastell,,3,0,3,3,0,3,0,0,0,0,0
135334,DJ_TTommy,,2,0,2,2,0,2,0,0,0,0,6
135349,MyDIbiza,,2,0,2,2,0,2,0,0,0,0,2
135360,djCamiloFranco,,2,0,2,2,0,2,0,0,0,0,2
135370,svenvaeth,,4,0,4,4,0,4,0,0,0,0,2
135396,DaLuxeCafe,,2,0,2,2,0,2,0,0,0,0,2
135406,IndieFunda,,2,0,2,2,0,2,0,0,0,0,3
135427,SandervanDoorn,,3,0,3,3,0,3,0,0,0,0,2
135430,IbizaReview,,2,0,2,2,0,2,0,0,0,0,2
135431,DJJohnDigweed,,2,0,2,2,0,2,0,0,0,0,2
135432,CarlosDiaz_vlc,,2,0,2,2,0,2,0,0,0,0,2
135463,aitorgonzalez,,2,0,2,2,0,2,0,0,0,0,2
135466,ultrarecords,,3,0,3,3,0,3,0,0,0,0,2
135469,petetong,,4,0,4,4,0,4,0,0,0,0,2
135470,NormanDoray,,2,0,2,2,0,2,0,0,0,0,6
135476,HARDWELL,,3,0,3,3,0,3,0,0,0,0,7
135477,MarkMendes,,2,0,2,2,0,2,0,0,0,0,6
135484,refune,,2,0,2,2,0,2,0,0,0,0,2
135492,iCatfm,,2,0,2,2,0,2,0,0,0,0,2
135497,WARPmagazine,,2,0,2,2,0,2,0,0,0,0,2
135531,Tania_Vulcano,,2,0,2,2,0,2,0,0,0,0,2
135548,flyernight,,2,0,2,2,0,2,0,0,0,0,0
135556,universeOfZEN,,2,0,2,2,0,2,0,0,0,0,7
135582,ociograncanaria,,2,0,2,2,0,2,0,0,0,0,0
135590,TrusttheDJ,,2,0,2,2,0,2,0,0,0,0,6
135594,djalexguerrero,,2,0,2,2,0,2,0,0,0,0,2
135611,arminvanbuuren,,3,0,3,3,0,3,0,0,0,0,2
135627,djdanimoreno,,3,0,3,3,0,3,0,0,0,0,6
135628,MrGayEspana,,2,0,2,2,0,2,0,0,0,0,0
135630,Sofia_Deejay,,2,0,2,2,0,2,0,0,0,0,2
135646,andybaxteribiza,,2,0,2,2,0,2,0,0,0,0,2
135667,LinekersIbiza,,2,0,2,2,0,2,0,0,0,0,2
135673,PanicAtTheDisco,,2,0,2,2,0,2,0,0,0,0,2
135678,abelthekid,,2,0,2,2,0,2,0,0,0,0,2
135681,UMEK_1605,,2,0,2,2,0,2,0,0,0,0,6
135682,DJJeffMills,,3,0,3,3,0,3,0,0,0,0,2
135686,arnocost,,2,0,2,2,0,2,0,0,0,0,6
135691,albertneve,,3,0,3,3,0,3,0,0,0,0,6
135693,emfportbarcares,,3,0,3,3,0,3,0,0,0,0,6
135696,DJNickWarren,,2,0,2,2,0,2,0,0,0,0,2
135697,SubmissionDj,,2,0,2,2,0,2,0,0,0,0,6
135709,SpaceOfSound,,2,0,2,2,0,2,0,0,0,0,2
135711,Cadenzarecords,,2,0,2,2,0,2,0,0,0,0,2
135716,fabriclondon,,2,0,2,2,0,2,0,0,0,0,2
135719,Skrillex,,3,0,3,3,0,3,0,0,0,0,2
135726,ChemBros,,2,0,2,2,0,2,0,0,0,0,2
135728,marcobailey,,2,0,2,2,0,2,0,0,0,0,2
135729,depechemode,,3,0,3,3,0,3,0,0,0,0,3
135731,AnnieMac,,2,0,2,2,0,2,0,0,0,0,2
135737,djmonicax,,2,0,2,2,0,2,0,0,0,0,6
135751,Axtone,,2,0,2,2,0,2,0,0,0,0,2
135753,Shegadj,,2,0,2,2,0,2,0,0,0,0,6
135755,NuriaSwan,,2,0,2,2,0,2,0,0,0,0,2
135759,viciousmagazine,,2,0,2,2,0,2,0,0,0,0,2
135778,ElectricNana,,2,0,2,2,0,2,0,0,0,0,4
135781,oscarmartinezdj,,2,0,2,2,0,2,0,0,0,0,4
135782,maximafm,,2,0,2,2,0,2,0,0,0,0,2
135783,jpcandela,,3,0,3,3,0,3,0,0,0,0,0
135785,angelsanchezdj,,2,0,2,2,0,2,0,0,0,0,2
135792,locafm,,2,0,2,2,0,2,0,0,0,0,0
135794,six__music,,3,0,3,3,0,3,0,0,0,0,4
135808,clubbing_spain,,3,0,3,3,0,3,0,0,0,0,4
135813,DJDaveClarke,,2,0,2,2,0,2,0,0,0,0,2
135814,noaheverett,,4,0,4,4,0,4,0,0,0,0,5
135829,PETDuo,,2,0,2,2,0,2,0,0,0,0,0
135831,malarodriguez,,3,0,3,3,0,3,0,0,0,0,6
135832,deejaylukas,,2,0,2,2,0,2,0,0,0,0,2
135837,MTVLA,,2,0,2,2,0,2,0,0,0,0,2
135867,Z2016,,2,0,2,2,0,2,0,0,0,0,2
135883,IRIE,,2,0,2,2,0,2,0,0,0,0,3
135889,viajeibiza,,2,0,2,2,0,2,0,0,0,0,2
135890,ibizatickets,,2,0,2,2,0,2,0,0,0,0,2
135891,Savannahibiza,,3,0,3,3,0,3,0,0,0,0,4
135895,ibizaclubbers,,2,0,2,2,0,2,0,0,0,0,2
135896,OffWeek_BCN,,2,0,2,2,0,2,0,0,0,0,2
135928,boysnoize,,2,0,2,2,0,2,0,0,0,0,2
135937,derrickmayday,,2,0,2,2,0,2,0,0,0,0,6
135938,Mixmag,,2,0,2,2,0,2,0,0,0,0,2
135943,ministryofsound,,4,0,4,4,0,4,0,0,0,0,2
135947,IMSibiza,,2,0,2,2,0,2,0,0,0,0,2
135950,edbangerrecords,,2,0,2,2,0,2,0,0,0,0,2
135967,tonyloarces,,2,0,2,2,0,2,0,0,0,0,2
135968,NataliaOficial_,,3,0,3,3,0,3,0,0,0,0,2
135995,RedOne_Official,,2,0,2,2,0,2,0,0,0,0,2
135998,formichetti,,2,0,2,2,0,2,0,0,0,0,3
136000,thepinkertones,,2,0,2,2,0,2,0,0,0,0,2
136004,nervomusic,,3,0,3,3,0,3,0,0,0,0,2
136009,Interscope,,2,0,2,2,0,2,0,0,0,0,2
136016,reneamesz,,2,0,2,2,0,2,0,0,0,0,6
136019,javierelipe,,2,0,2,2,0,2,0,0,0,0,4
136020,prokfitch,,2,0,2,2,0,2,0,0,0,0,6
136022,dirtysouth,,2,0,2,2,0,2,0,0,0,0,6
136023,chusceballos,,2,0,2,2,0,2,0,0,0,0,2
136029,RBKBROWN,,2,0,2,2,0,2,0,0,0,0,0
136032,djchuckie,,2,0,2,2,0,2,0,0,0,0,6
136034,Ingrosso,,3,0,3,3,0,3,0,0,0,0,2
136035,DefectedRecords,,2,0,2,2,0,2,0,0,0,0,2
136036,NI_News,,2,0,2,2,0,2,0,0,0,0,0
136039,chrislake,,2,0,2,2,0,2,0,0,0,0,2
136040,djabelramos,,2,0,2,2,0,2,0,0,0,0,2
136042,feddelegrand,,2,0,2,2,0,2,0,0,0,0,2
136044,bingoplayers,,2,0,2,2,0,2,0,0,0,0,2
136045,Axwell,,4,0,4,4,0,4,0,0,0,0,6
136047,swedishousemfia,,4,0,4,4,0,4,0,0,0,0,2
136048,ericprydz,,2,0,2,2,0,2,0,0,0,0,6
136052,SpinninRecords,,3,0,3,3,0,3,0,0,0,0,2
136053,DJSteveLawler,,2,0,2,2,0,2,0,0,0,0,7
136055,Avicii,,4,0,4,4,0,4,0,0,0,0,6
136056,thomasgold,,2,0,2,2,0,2,0,0,0,0,2
136057,afrojack,,3,0,3,3,0,3,0,0,0,0,6
136058,sidneysamson,,2,0,2,2,0,2,0,0,0,0,2
136059,wolfganggartner,,2,0,2,2,0,2,0,0,0,0,2
136061,lucianocadenza,,3,0,3,3,0,3,0,0,0,0,2
136062,kaskade,,2,0,2,2,0,2,0,0,0,0,2
136063,BennyBenassi,,3,0,3,3,0,3,0,0,0,0,2
136064,deadmau5,,3,0,3,3,0,3,0,0,0,0,2
136065,LaidbackLuke,,2,0,2,2,0,2,0,0,0,0,6
136066,PachaNYC,,2,0,2,2,0,2,0,0,0,0,2
136071,ArtistDevCamp,,2,0,2,2,0,2,0,0,0,0,6
136073,MendossaRecords,,3,0,3,3,0,3,0,0,0,0,2
136081,ManuelMoore,,2,0,2,2,0,2,0,0,0,0,0
136082,Ferran_booking,,2,0,2,2,0,2,0,0,0,0,2
136088,cristianvarela,,2,0,2,2,0,2,0,0,0,0,2
136097,vendacerecords,,2,0,2,2,0,2,0,0,0,0,6
136100,belindaviolin,,2,0,2,2,0,2,0,0,0,0,6
136109,djmarkknight,,3,0,3,3,0,3,0,0,0,0,2
136111,DJmag,,3,0,3,3,0,3,0,0,0,0,2
136112,Mamboibiza,,3,0,3,3,0,3,0,0,0,0,4
136113,eivissa,,2,0,2,2,0,2,0,0,0,0,2
136114,ibizarocks,,3,0,3,3,0,3,0,0,0,0,2
136115,ibizasonica,,2,0,2,2,0,2,0,0,0,0,2
136116,ibizaradio,,3,0,3,3,0,3,0,0,0,0,2
136117,discotecasibiza,,2,0,2,2,0,2,0,0,0,0,2
136118,amnesiaibiza,,2,0,2,2,0,2,0,0,0,0,2
136119,dc10ibiza,,2,0,2,2,0,2,0,0,0,0,2
136120,beatport,,3,0,3,3,0,3,0,0,0,0,2
136121,SebastianGamboa,,2,0,2,2,0,2,0,0,0,0,2
136125,LocoDiceOFC,,4,0,4,4,0,4,0,0,0,0,2
136126,circolocoibiza,,2,0,2,2,0,2,0,0,0,0,2
136130,soul_heaven,,2,0,2,2,0,2,0,0,0,0,2
136131,TOCADISCO,,2,0,2,2,0,2,0,0,0,0,2
136136,DaveRoseNYC,,2,0,2,2,0,2,0,0,0,0,2
136142,HarrisTattooArt,,2,0,2,2,0,2,0,0,0,0,6
136156,OR_M_NUS,,2,0,2,2,0,2,0,0,0,0,0
136159,ibizatraveller,,3,0,3,3,0,3,0,0,0,0,2
136161,sashaofficial,,4,0,4,4,0,4,0,0,0,0,2
136162,SteveAngello,,3,0,3,3,0,3,0,0,0,0,6
136163,BORABORAIBIZA,,2,0,2,2,0,2,0,0,0,0,2
136164,ibizaclubbing,,2,0,2,2,0,2,0,0,0,0,2
136165,fabrikdiscoteca,,3,0,3,3,0,3,0,0,0,0,4
136166,eldivinoibiza,,2,0,2,2,0,2,0,0,0,0,2
136167,edenibiza,,2,0,2,2,0,2,0,0,0,0,2
136168,pacha,,4,0,4,4,0,4,0,0,0,0,2
136170,djrogersanchez,,3,0,3,3,0,3,0,0,0,0,2
136171,ErickMorillo,,4,0,4,4,0,4,0,0,0,0,2
136174,CreamIbiza,,2,0,2,2,0,2,0,0,0,0,2
136175,privilegeibiza,,2,0,2,2,0,2,0,0,0,0,2
136176,privilege_ibiza,,2,0,2,2,0,2,0,0,0,0,2
136178,tiesto,,4,0,4,4,0,4,0,0,0,0,2
136184,ibiza_buzz,,2,0,2,2,0,2,0,0,0,0,2
136187,wallylopez,,3,0,3,3,0,3,0,0,0,0,0
136189,welove_music,,3,0,3,3,0,3,0,0,0,0,2
136190,matineegroup,,3,0,3,3,0,3,0,0,0,0,2
136211,tominovideos,,2,0,2,2,0,2,0,0,0,0,1
136291,John__Neville,,3,0,3,3,0,3,0,0,0,0,7
136316,IneditBCN,,2,0,2,2,0,2,0,0,0,0,7
136324,beroomers,,6,0,6,6,0,6,0,0,0,0,1
136328,atierdei,,2,0,2,2,0,2,0,0,0,0,1
136331,polesenskymilan,,2,0,2,2,0,2,0,0,0,0,1
136333,RaphaelHarfaux,,3,0,3,3,0,3,0,0,0,0,1
136336,JohannesGuetl,,4,0,4,4,0,4,0,0,0,0,1
136342,CEUPA_ANTALYA,,3,0,3,3,0,3,0,0,0,0,1
136348,pechovsky,,2,0,2,2,0,2,0,0,0,0,1
136349,EnriqueRPGS,,2,0,2,2,0,2,0,0,0,0,1
136365,AhaCar_Team,,3,0,3,3,0,3,0,0,0,0,1
136369,AkonService,,2,0,2,2,0,2,0,0,0,0,1
136373,VMUlive,,3,0,3,3,0,3,0,0,0,0,1
136377,ActGlobalCIC,,3,0,3,3,0,3,0,0,0,0,1
136379,TurkceAtolyesi,,3,0,3,3,0,3,0,0,0,0,1
136381,camille_eurin,,3,0,3,3,0,3,0,0,0,0,1
136396,Flats2Enjoy,,2,0,2,2,0,2,0,0,0,0,2
136401,votebarnier2014,,2,0,2,2,0,2,0,0,0,0,1
136410,EUBullying,,2,0,2,2,0,2,0,0,0,0,1
136423,JHOllikainen,,2,0,2,2,0,2,0,0,0,0,4
136428,Ibiza2014partys,,2,0,2,2,0,2,0,0,0,0,1
136434,GigaBax,,2,0,2,2,0,2,0,0,0,0,2
136435,MariaSamarams,,2,0,2,2,0,2,0,0,0,0,7
136436,sabomichal,,3,0,3,3,0,3,0,0,0,0,1
136439,LineMariSaether,,3,0,3,3,0,3,0,0,0,0,2
136448,EwelinaRapa,,2,0,2,2,0,2,0,0,0,0,2
136454,MEU_CRETE,,2,0,2,2,0,2,0,0,0,0,1
136456,TsamesidParpori,,2,0,2,2,0,2,0,0,0,0,3
136461,RickWanderlust,,2,0,2,2,0,2,0,0,0,0,1
136462,SBAgentura,,2,0,2,2,0,2,0,0,0,0,7
136464,_Giulia_Rosa,,3,0,3,3,0,3,0,0,0,0,1
136474,LostInnLisbon,,2,0,2,2,0,2,0,0,0,0,7
136479,kimdediyseiyi,,3,0,3,3,0,3,0,0,0,0,1
136485,makeroomglobal,,2,0,2,2,0,2,0,0,0,0,1
136651,AegeeSalerno,,3,0,3,3,0,3,0,0,0,0,1
136668,MedMap,,2,0,2,2,0,2,0,0,0,0,1
136681,RoomSevilla,,3,0,3,3,0,3,0,0,0,0,1
136682,Ludo_Andok,,2,0,2,2,0,2,0,0,0,0,1
136683,Eurekastrategi,,3,0,3,3,0,3,0,0,0,0,1
136688,Echangeseurope,,2,0,2,2,0,2,0,0,0,0,1
136689,teddtodoroff,,2,0,2,2,0,2,0,0,0,0,1
136697,CBUintoffice,,2,0,2,2,0,2,0,0,0,0,1
136702,Globe_network,,3,0,3,3,0,3,0,0,0,0,3
136706,mmaattiiss,,2,0,2,2,0,2,0,0,0,0,2
136707,RauhanenHenry,,3,0,3,3,0,3,0,0,0,0,3
136724,a3b3eba93dbc432,,2,0,2,2,0,2,0,0,0,0,1
136730,study_in_vienna,,2,0,2,2,0,2,0,0,0,0,1
136741,polyglotclub,,3,0,3,3,0,3,0,0,0,0,1
136758,VSEMVS_SK,,2,0,2,2,0,2,0,0,0,0,1
136763,SusanneGottlieb,,2,0,2,2,0,2,0,0,0,0,7
136765,RoomGranada,,3,0,3,3,0,3,0,0,0,0,0
136770,cengiz_proje,,3,0,3,3,0,3,0,0,0,0,1
136776,UNoviny,,2,0,2,2,0,2,0,0,0,0,1
136780,LuxurytimeSA,,2,0,2,2,0,2,0,0,0,0,7
136793,NicolaCovello,,2,0,2,2,0,2,0,0,0,0,3
136801,caio_b_salgado,,2,0,2,2,0,2,0,0,0,0,1
136803,ElDiabloHostel,,4,0,4,4,0,4,0,0,0,0,7
136805,tomer_izmirsb,,2,0,2,2,0,2,0,0,0,0,5
136807,ZoeDpoint,,2,0,2,2,0,2,0,0,0,0,1
136808,ESIPP_Europe,,2,0,2,2,0,2,0,0,0,0,1
136811,CZDebate,,2,0,2,2,0,2,0,0,0,0,1
136822,Luisgarcas,,2,0,2,2,0,2,0,0,0,0,0
136863,GEN80Pruske,,2,0,2,2,0,2,0,0,0,0,1
136866,JanczoSatka,,2,0,2,2,0,2,0,0,0,0,1
136888,bukarolbu,,2,0,2,2,0,2,0,0,0,0,1
136907,liliebayer,,2,0,2,2,0,2,0,0,0,0,1
137088,scope,,2,0,2,2,0,2,0,0,0,0,1
137103,DavidLepofsky,,2,0,2,2,0,2,0,0,0,0,1
137105,Mediadisdat,,2,0,2,2,0,2,0,0,0,0,1
137122,masonglobal4all,,2,0,2,2,0,2,0,0,0,0,1
137318,Springboard_Inc,,2,0,2,2,0,2,0,0,0,0,2
137348,yasarcanbolat,,2,0,2,2,0,2,0,0,0,0,6
137393,SkolskyServis,,2,0,2,2,0,2,0,0,0,0,1
137411,jkennedy737,,2,0,2,2,0,2,0,0,0,0,1
137582,polyglotservice,,3,0,3,3,0,3,0,0,0,0,2
137620,USEmbassyPrague,,2,0,2,2,0,2,0,0,0,0,2
137622,EACenter,,2,0,2,2,0,2,0,0,0,0,1
137626,usembvienna,,3,0,3,3,0,3,0,0,0,0,2
137639,SportsDiplomacy,,2,0,2,2,0,2,0,0,0,0,1
137644,criscefai,,2,0,2,2,0,2,0,0,0,0,1
137655,Variety,,3,0,3,3,0,3,0,0,0,0,2
137687,sandikrakowski,,2,0,2,2,0,2,0,0,0,0,2
137748,romaeducation,,2,0,2,2,0,2,0,0,0,0,1
137779,JoseJcule,,2,0,2,2,0,2,0,0,0,0,1
137782,MilanN_inBerlin,,2,0,2,2,0,2,0,0,0,0,1
137881,slovakspectator,,2,0,2,2,0,2,0,0,0,0,1
137972,SebestaAdam,,2,0,2,2,0,2,0,0,0,0,1
137973,Martin_TokarSR,,2,0,2,2,0,2,0,0,0,0,1
137988,TravelineTravel,,2,0,2,2,0,2,0,0,0,0,0
137999,Legit_Promo,,3,0,3,3,0,3,0,0,0,0,1
138147,noc_vyskumnikov,,2,0,2,2,0,2,0,0,0,0,7
138186,NMADmuseum,,2,0,2,2,0,2,0,0,0,0,1
138211,cristianlupsa,,2,0,2,2,0,2,0,0,0,0,1
138220,InspireEd_UK,,2,0,2,2,0,2,0,0,0,0,1
138226,usembbrussels,,2,0,2,2,0,2,0,0,0,0,2
138235,RmTnK_2k,,2,0,2,2,0,2,0,0,0,0,1
138247,czsjk,,2,0,2,2,0,2,0,0,0,0,1
138281,sidrasheikh_,,2,0,2,2,0,2,0,0,0,0,6
138283,investigace_cz,,2,0,2,2,0,2,0,0,0,0,1
138348,InterExchange,,2,0,2,2,0,2,0,0,0,0,2
138355,emredemirbag,,2,0,2,2,0,2,0,0,0,0,1
138368,MIL0SEVIC,,2,0,2,2,0,2,0,0,0,0,1
138410,Movendi_Int,,2,0,2,2,0,2,0,0,0,0,2
138415,CCMEC,,2,0,2,2,0,2,0,0,0,0,1
138463,StanleyMat,,2,0,2,2,0,2,0,0,0,0,1
138536,elebia,,2,0,2,2,0,2,0,0,0,0,2
138551,SenRehmanMalik,,2,0,2,2,0,2,0,0,0,0,2
138560,AnnaRagancikova,,2,0,2,2,0,2,0,0,0,0,7
138602,TheWorshyp,,2,0,2,2,0,2,0,0,0,0,2
138614,Rym_Tabbane,,2,0,2,2,0,2,0,0,0,0,1
138621,RentSeeker,,2,0,2,2,0,2,0,0,0,0,7
138664,CMHR_News,,2,0,2,2,0,2,0,0,0,0,1
138704,uOCampus,,2,0,2,2,0,2,0,0,0,0,1
138747,CanadaLithuania,,2,0,2,2,0,2,0,0,0,0,1
138761,fintovajana,,2,0,2,2,0,2,0,0,0,0,1
138803,ssSvJanaBosca,,2,0,2,2,0,2,0,0,0,0,1
138890,AhojInter,,2,0,2,2,0,2,0,0,0,0,8
138895,EuropskeNoviny,,3,0,3,3,0,3,0,0,0,0,1
138909,Otto_Kobakhidze,,2,0,2,2,0,2,0,0,0,0,1
138917,ErasmusEASDVit,,2,0,2,2,0,2,0,0,0,0,1
138927,2015Hashtag,,3,0,3,3,0,3,0,0,0,0,1
138936,ErasmusActions,,2,0,2,2,0,2,0,0,0,0,1
138937,TorinoTweeters,,2,0,2,2,0,2,0,0,0,0,1
138941,DobreSa,,2,0,2,2,0,2,0,0,0,0,1
138998,JanCingel,,2,0,2,2,0,2,0,0,0,0,1
139015,SOPHIASimone9,,2,0,2,2,0,2,0,0,0,0,1
139017,Moreno,,2,0,2,2,0,2,0,0,0,0,1
139019,ForumPLCZ,,2,0,2,2,0,2,0,0,0,0,1
139088,FG_EUROPE,,2,0,2,2,0,2,0,0,0,0,1
139098,ondrejmasiar,,2,0,2,2,0,2,0,0,0,0,7
139139,SLOVAKIAinUK,,3,0,3,3,0,3,0,0,0,0,1
139146,uMontreal_news,,2,0,2,2,0,2,0,0,0,0,1
139224,CBIE_BCEI,,3,0,3,3,0,3,0,0,0,0,1
139240,tyzdensk,,2,0,2,2,0,2,0,0,0,0,1
139429,Body_Detoxifica,,2,0,2,2,0,2,0,0,0,0,0
139440,MicklifeL,,2,0,2,2,0,2,0,0,0,0,1
139449,markmackinnon,,2,0,2,2,0,2,0,0,0,0,2
139505,nahsenn123,,2,0,2,2,0,2,0,0,0,0,1
139638,CanEmbTurkey,,2,0,2,2,0,2,0,0,0,0,2
139649,ROIvision,,2,0,2,2,0,2,0,0,0,0,1
139650,SATmontreal,,2,0,2,2,0,2,0,0,0,0,1
139657,sammysam19,,2,0,2,2,0,2,0,0,0,0,1
139680,bestthingsio,,2,0,2,2,0,2,0,0,0,0,3
139701,redcrosscanada,,2,0,2,2,0,2,0,0,0,0,1
139714,KOZSlovakRep,,2,0,2,2,0,2,0,0,0,0,1
139737,MatejSimalcik,,2,0,2,2,0,2,0,0,0,0,1
139786,divakrakow,,2,0,2,2,0,2,0,0,0,0,1
139899,Mojcek,,2,0,2,2,0,2,0,0,0,0,3
139940,AirportBTS,,2,0,2,2,0,2,0,0,0,0,1
139942,bratislava2018,,2,0,2,2,0,2,0,0,0,0,1
139943,Bratislava_LIVE,,2,0,2,2,0,2,0,0,0,0,1
139946,BratislavaTips,,2,0,2,2,0,2,0,0,0,0,1
140013,cyklokoalicia,,2,0,2,2,0,2,0,0,0,0,7
140017,exposvk2015,,2,0,2,2,0,2,0,0,0,0,1
140038,Bratislava,,2,0,2,2,0,2,0,0,0,0,1
140084,radiofm,,2,0,2,2,0,2,0,0,0,0,1
140107,6BillionPeople,,2,0,2,2,0,2,0,0,0,0,1
140120,aiesecslovakia,,3,0,3,3,0,3,0,0,0,0,1
140292,IvanStefanec,,2,0,2,2,0,2,0,0,0,0,1
140293,MDzurinda,,2,0,2,2,0,2,0,0,0,0,1
140300,UN_Vienna,,3,0,3,3,0,3,0,0,0,0,2
140319,carlosmzwn,,2,0,2,2,0,2,0,0,0,0,1
140320,mabarroso,,2,0,2,2,0,2,0,0,0,0,1
140329,RSI_English,,2,0,2,2,0,2,0,0,0,0,1
140424,ElCanijodeJerez,,3,0,3,3,0,3,0,0,0,0,0
140425,GranadaTapas,,2,0,2,2,0,2,0,0,0,0,0
140428,artevsbeta,,4,0,4,4,0,4,0,0,0,0,0
140429,rafasalazar,,2,0,2,2,0,2,0,0,0,0,0
140445,rtvnoord,,2,0,2,2,0,2,0,0,0,0,0
140451,FerrerJoaquin,,2,0,2,2,0,2,0,0,0,0,0
140468,LaCarpa_Mx,,2,0,2,2,0,2,0,0,0,0,6
140505,lonasytoldos,,2,0,2,2,0,2,0,0,0,0,6
140518,StudioSur,,3,0,3,3,0,3,0,0,0,0,6
140520,_HanGH16_,,2,0,2,2,0,2,0,0,0,0,6
140568,sandrinatt,,2,0,2,2,0,2,0,0,0,0,1
140569,alexandrustiron,,2,0,2,2,0,2,0,0,0,0,1
140571,bianka_oo,,2,0,2,2,0,2,0,0,0,0,7
140572,onur_yuxel,,2,0,2,2,0,2,0,0,0,0,1
140573,berkdorukk,,2,0,2,2,0,2,0,0,0,0,1
140575,PeTe_0991,,2,0,2,2,0,2,0,0,0,0,3
140585,KAPS_HOSTELVIGO,,3,0,3,3,0,3,0,0,0,0,1
140598,ACT4Growth,,2,0,2,2,0,2,0,0,0,0,7
140617,SerafinaBelky,,2,0,2,2,0,2,0,0,0,0,3
140622,PILOTHostel,,2,0,2,2,0,2,0,0,0,0,3
140627,travellethcom,,2,0,2,2,0,2,0,0,0,0,7
140630,Larisa_2qt,,2,0,2,2,0,2,0,0,0,0,1
140631,RousseauFlorian,,2,0,2,2,0,2,0,0,0,0,1
140632,Brice_T_ry,,2,0,2,2,0,2,0,0,0,0,1
140633,ssummerrose,,2,0,2,2,0,2,0,0,0,0,1
140634,dariusCernea,,2,0,2,2,0,2,0,0,0,0,1
140635,sorinbuiac,,2,0,2,2,0,2,0,0,0,0,1
140636,LauraAccoto,,2,0,2,2,0,2,0,0,0,0,1
140637,Jeremy_Stuf,,2,0,2,2,0,2,0,0,0,0,1
140638,acado,,2,0,2,2,0,2,0,0,0,0,1
140639,AntoineFGoulet,,2,0,2,2,0,2,0,0,0,0,1
140640,JIEUNPY,,2,0,2,2,0,2,0,0,0,0,1
140641,OanaAgafitei,,2,0,2,2,0,2,0,0,0,0,1
140642,iulia_are_mere,,2,0,2,2,0,2,0,0,0,0,1
140643,JN_Squire,,2,0,2,2,0,2,0,0,0,0,1
140644,lucacampani77,,2,0,2,2,0,2,0,0,0,0,1
140645,albertiku,,2,0,2,2,0,2,0,0,0,0,1
140646,venegorr,,2,0,2,2,0,2,0,0,0,0,1
140647,TazTaz69,,2,0,2,2,0,2,0,0,0,0,1
140648,diariodmatilde,,2,0,2,2,0,2,0,0,0,0,1
140649,FreeEnglishMFY,,2,0,2,2,0,2,0,0,0,0,1
140650,RaduDascalu,,2,0,2,2,0,2,0,0,0,0,1
140651,jsanchezmoreno1,,2,0,2,2,0,2,0,0,0,0,1
140652,RMPolak,,2,0,2,2,0,2,0,0,0,0,1
140653,mauroffsantos,,2,0,2,2,0,2,0,0,0,0,1
140654,BA_Besiktas,,2,0,2,2,0,2,0,0,0,0,1
140655,JoseGarciaMunoz,,2,0,2,2,0,2,0,0,0,0,1
140656,szurikataszol,,2,0,2,2,0,2,0,0,0,0,1
140657,zomm21,,2,0,2,2,0,2,0,0,0,0,1
140658,saenuri87,,2,0,2,2,0,2,0,0,0,0,1
140659,muresanlaura,,2,0,2,2,0,2,0,0,0,0,1
140660,s1ndramaria,,2,0,2,2,0,2,0,0,0,0,1
140661,atayanil,,2,0,2,2,0,2,0,0,0,0,1
140662,adrenature,,2,0,2,2,0,2,0,0,0,0,1
140663,Babie1982,,2,0,2,2,0,2,0,0,0,0,1
140664,suachirurgia,,2,0,2,2,0,2,0,0,0,0,1
140665,katerininibb,,2,0,2,2,0,2,0,0,0,0,1
140666,Trybaal,,2,0,2,2,0,2,0,0,0,0,1
140667,cristinatatar,,2,0,2,2,0,2,0,0,0,0,1
140668,CorinaDascalu,,2,0,2,2,0,2,0,0,0,0,1
140669,AdelaDumbravan,,2,0,2,2,0,2,0,0,0,0,1
140670,ToeMajor27,,2,0,2,2,0,2,0,0,0,0,1
140671,Frod57,,2,0,2,2,0,2,0,0,0,0,1
140672,sturmuz,,2,0,2,2,0,2,0,0,0,0,1
140673,KajaKarolina,,2,0,2,2,0,2,0,0,0,0,1
140674,SimonaMaria10,,2,0,2,2,0,2,0,0,0,0,1
140675,ChuleGranada,,3,0,3,3,0,3,0,0,0,0,1
140676,Ol6A,,2,0,2,2,0,2,0,0,0,0,1
140677,jycouet,,2,0,2,2,0,2,0,0,0,0,1
140678,kuurort,,2,0,2,2,0,2,0,0,0,0,1
140679,JohnMalikovitch,,2,0,2,2,0,2,0,0,0,0,1
140680,zarter4,,2,0,2,2,0,2,0,0,0,0,1
140681,amy_or_me,,2,0,2,2,0,2,0,0,0,0,1
140682,lucidio_de,,2,0,2,2,0,2,0,0,0,0,1
140683,Tanialu3,,2,0,2,2,0,2,0,0,0,0,1
140684,RichrdSzalai,,2,0,2,2,0,2,0,0,0,0,1
140685,JoakoVoskovany,,2,0,2,2,0,2,0,0,0,0,1
140686,szeme_se,,2,0,2,2,0,2,0,0,0,0,1
140687,matosmigs,,2,0,2,2,0,2,0,0,0,0,1
140688,Babiaalta,,2,0,2,2,0,2,0,0,0,0,1
140689,maria_ramos11,,2,0,2,2,0,2,0,0,0,0,1
140690,clem92160,,2,0,2,2,0,2,0,0,0,0,1
140691,vivalostoros,,2,0,2,2,0,2,0,0,0,0,1
140692,nayara34,,2,0,2,2,0,2,0,0,0,0,1
140693,joao09367402,,2,0,2,2,0,2,0,0,0,0,1
140694,X3CO_VR,,2,0,2,2,0,2,0,0,0,0,1
140695,gustavodemelo5,,2,0,2,2,0,2,0,0,0,0,1
140696,Mu6e_,,2,0,2,2,0,2,0,0,0,0,1
140697,victortchieda,,2,0,2,2,0,2,0,0,0,0,1
140698,RicardoSerra9,,2,0,2,2,0,2,0,0,0,0,1
140699,spencercaddy17,,2,0,2,2,0,2,0,0,0,0,1
140700,elisascevy,,2,0,2,2,0,2,0,0,0,0,1
140701,NegruRoxana,,2,0,2,2,0,2,0,0,0,0,1
140702,jyconet,,2,0,2,2,0,2,0,0,0,0,1
140703,Dogland2,,2,0,2,2,0,2,0,0,0,0,1
140704,MartinaMelis6,,2,0,2,2,0,2,0,0,0,0,1
140705,hasni2002002,,2,0,2,2,0,2,0,0,0,0,1
140706,kentheoliv,,2,0,2,2,0,2,0,0,0,0,1
140707,kerstinurs,,2,0,2,2,0,2,0,0,0,0,1
140708,AdrianRajewski,,2,0,2,2,0,2,0,0,0,0,1
140709,dmoflea,,2,0,2,2,0,2,0,0,0,0,1
140710,DamarKabil,,2,0,2,2,0,2,0,0,0,0,1
140711,senaozturkfb,,2,0,2,2,0,2,0,0,0,0,1
140712,AbdoulayeSERE,,2,0,2,2,0,2,0,0,0,0,1
140713,directiune,,2,0,2,2,0,2,0,0,0,0,1
140714,JudgmentalMuch,,2,0,2,2,0,2,0,0,0,0,1
140715,AnitaSobjak,,2,0,2,2,0,2,0,0,0,0,1
140716,jonchoi89,,2,0,2,2,0,2,0,0,0,0,1
140717,AlenaDumitr,,2,0,2,2,0,2,0,0,0,0,1
140718,frknsny0318,,2,0,2,2,0,2,0,0,0,0,1
140719,smaldone_c,,2,0,2,2,0,2,0,0,0,0,1
140720,Zoltan54724511,,2,0,2,2,0,2,0,0,0,0,1
140721,bettisinski,,2,0,2,2,0,2,0,0,0,0,1
140722,gus_almash,,2,0,2,2,0,2,0,0,0,0,1
140725,HostGator,,2,0,2,2,0,2,0,0,0,0,2
140736,terrywhalin,,2,0,2,2,0,2,0,0,0,0,4
140742,i_esn,,3,0,3,3,0,3,0,0,0,0,4
140743,eutrade10,,2,0,2,2,0,2,0,0,0,0,4
140744,calp_ayto,,2,0,2,2,0,2,0,0,0,0,4
140746,paullop,,2,0,2,2,0,2,0,0,0,0,4
140748,turcastellon,,2,0,2,2,0,2,0,0,0,0,4
140750,escolatv,,2,0,2,2,0,2,0,0,0,0,4
140752,Educacion2020,,3,0,3,3,0,3,0,0,0,0,4
140758,GVAeducacio,,2,0,2,2,0,2,0,0,0,0,4
140759,utopiaeducacion,,2,0,2,2,0,2,0,0,0,0,4
140760,Mineducacion,,3,0,3,3,0,3,0,0,0,0,4
140761,odlam,,3,0,3,3,0,3,0,0,0,0,3
140762,lebaraes,,2,0,2,2,0,2,0,0,0,0,1
140763,MEpublicaciones,,2,0,2,2,0,2,0,0,0,0,4
140764,Packlink_de,,2,0,2,2,0,2,0,0,0,0,4
140765,ErasmusCommunit,,2,0,2,2,0,2,0,0,0,0,4
140768,MyHOSTpitality,,2,0,2,2,0,2,0,0,0,0,7
140784,NoPuedoCreer,,2,0,2,2,0,2,0,0,0,0,7
140787,raaanga89,,2,0,2,2,0,2,0,0,0,0,3
140792,alopezdeavila,,3,0,3,3,0,3,0,0,0,0,8
140793,esthermascaro,,4,0,4,4,0,4,0,0,0,0,0
140794,Magdalena_85,,2,0,2,2,0,2,0,0,0,0,0
140798,FreeNow_ES,,3,0,3,3,0,3,0,0,0,0,0
140804,dodmagazine,,2,0,2,2,0,2,0,0,0,0,7
140807,viaxandoenfurgo,,2,0,2,2,0,2,0,0,0,0,6
140817,sabemos,,2,0,2,2,0,2,0,0,0,0,7
140821,spinlister,,2,0,2,2,0,2,0,0,0,0,1
140825,sigurros,,3,0,3,3,0,3,0,0,0,0,3
140830,ggarciapaola,,2,0,2,2,0,2,0,0,0,0,5
140835,InfoOle,,2,0,2,2,0,2,0,0,0,0,2
140839,familiafacil,,3,0,3,3,0,3,0,0,0,0,4
140844,tripuniq,,3,0,3,3,0,3,0,0,0,0,4
140854,bicing,,2,0,2,2,0,2,0,0,0,0,0
140857,cabify_espana,,3,0,3,3,0,3,0,0,0,0,0
140863,carpling_es,,3,0,3,3,0,3,0,0,0,0,1
140871,foxize,,2,0,2,2,0,2,0,0,0,0,7
140873,elmapadigital,,2,0,2,2,0,2,0,0,0,0,7
140874,BCN_Tourism,,2,0,2,2,0,2,0,0,0,0,7
140875,salamandra_es,,2,0,2,2,0,2,0,0,0,0,4
140881,HotelSkyGramado,,3,0,3,3,0,3,0,0,0,0,0
140885,VisitBCN_ES,,2,0,2,2,0,2,0,0,0,0,0
140902,suop,,2,0,2,2,0,2,0,0,0,0,4
140904,BuzzViajes,,2,0,2,2,0,2,0,0,0,0,6
140905,PLBMEM,,2,0,2,2,0,2,0,0,0,0,4
140908,photoviajeros,,2,0,2,2,0,2,0,0,0,0,4
140909,ViajesTZ,,2,0,2,2,0,2,0,0,0,0,0
140910,2MochilasEnRuta,,3,0,3,3,0,3,0,0,0,0,7
140911,viajandoenfurgo,,2,0,2,2,0,2,0,0,0,0,0
140913,IgnasiVoluntari,,2,0,2,2,0,2,0,0,0,0,4
140918,Escritores_Club,,3,0,3,3,0,3,0,0,0,0,1
140930,i____music,,3,0,3,3,0,3,0,0,0,0,0
140942,CJiribillaXM,,2,0,2,2,0,2,0,0,0,0,7
140943,victoriacabrera,,2,0,2,2,0,2,0,0,0,0,0
140947,Destinos_Inc,,2,0,2,2,0,2,0,0,0,0,6
140951,RadioTaxiIndRTI,,2,0,2,2,0,2,0,0,0,0,6
140952,borjavss,,2,0,2,2,0,2,0,0,0,0,1
140953,OlivaresMerlos,,3,0,3,3,0,3,0,0,0,0,3
140959,RevistaCharlene,,2,0,2,2,0,2,0,0,0,0,0
140964,Queverenelmundo,,2,0,2,2,0,2,0,0,0,0,7
140966,Spacebee_Spain,,2,0,2,2,0,2,0,0,0,0,4
140968,viajanteana,,3,0,3,3,0,3,0,0,0,0,7
140969,viajefilos,,3,0,3,3,0,3,0,0,0,0,5
140970,rekdosspain,,2,0,2,2,0,2,0,0,0,0,4
140974,DanielAcevedo,,3,0,3,3,0,3,0,0,0,0,6
140978,dameunaventonmx,,2,0,2,2,0,2,0,0,0,0,4
140980,Viviendodeviaje,,2,0,2,2,0,2,0,0,0,0,7
140985,mundukos,,2,0,2,2,0,2,0,0,0,0,4
140986,TurismoPalencia,,2,0,2,2,0,2,0,0,0,0,1
140988,CCayats,,2,0,2,2,0,2,0,0,0,0,7
140989,SEOblog_es,,2,0,2,2,0,2,0,0,0,0,0
140993,helpinApp,,2,0,2,2,0,2,0,0,0,0,4
141000,joinup_es,,3,0,3,3,0,3,0,0,0,0,6
141001,BookingBCN,,3,0,3,3,0,3,0,0,0,0,0
141002,anotherwaves,,2,0,2,2,0,2,0,0,0,0,4
141005,DC_Cataguases,,4,0,4,4,0,4,0,0,0,0,0
141006,travelbasecamp,,2,0,2,2,0,2,0,0,0,0,7
141007,ColecDeCiudades,,3,0,3,3,0,3,0,0,0,0,7
141009,ajcampos01,,4,0,4,4,0,4,0,0,0,0,1
141010,quijotealreves,,2,0,2,2,0,2,0,0,0,0,7
141016,CheToba,,2,0,2,2,0,2,0,0,0,0,3
141017,frc25di,,2,0,2,2,0,2,0,0,0,0,6
141020,LoveMyTrips,,3,0,3,3,0,3,0,0,0,0,7
141031,ThePlaces2GO,,2,0,2,2,0,2,0,0,0,0,0
141032,adswikomm,,2,0,2,2,0,2,0,0,0,0,0
141034,Noticensura,,2,0,2,2,0,2,0,0,0,0,7
141036,alejosefig,,2,0,2,2,0,2,0,0,0,0,6
141046,viaxeiroactivo,,2,0,2,2,0,2,0,0,0,0,7
141050,XtremePartys,,3,0,3,3,0,3,0,0,0,0,0
141056,PACOMARTINEZcom,,2,0,2,2,0,2,0,0,0,0,0
141063,VolemosAr,,2,0,2,2,0,2,0,0,0,0,7
141069,wanderlustcom,,2,0,2,2,0,2,0,0,0,0,2
141071,ViajesDigitales,,2,0,2,2,0,2,0,0,0,0,4
141075,PHOTOyARTE,,2,0,2,2,0,2,0,0,0,0,7
141080,VolareViajando,,3,0,3,3,0,3,0,0,0,0,7
141089,DondeVamosEva,,3,0,3,3,0,3,0,0,0,0,7
141092,ViajesDescubrir,,2,0,2,2,0,2,0,0,0,0,0
141095,Viajeroastuto,,2,0,2,2,0,2,0,0,0,0,7
141097,jdepablomadrid,,2,0,2,2,0,2,0,0,0,0,2
141098,Haztuagosto,,3,0,3,3,0,3,0,0,0,0,4
141103,Reparatvehiculo,,2,0,2,2,0,2,0,0,0,0,0
141105,theexpatblog,,2,0,2,2,0,2,0,0,0,0,4
141112,MochileoLowCost,,2,0,2,2,0,2,0,0,0,0,1
141120,pabloyelena,,2,0,2,2,0,2,0,0,0,0,7
141124,DiarioExpat,,2,0,2,2,0,2,0,0,0,0,4
141130,jordicanalsoler,,2,0,2,2,0,2,0,0,0,0,4
141133,Marcovolador1,,2,0,2,2,0,2,0,0,0,0,7
141134,lostrotafurgos,,2,0,2,2,0,2,0,0,0,0,7
141135,DeProntoABordo,,3,0,3,3,0,3,0,0,0,0,7
141138,IlusionRecuerdo,,3,0,3,3,0,3,0,0,0,0,7
141143,yupcharge,,2,0,2,2,0,2,0,0,0,0,0
141157,CiudadCalahorra,,2,0,2,2,0,2,0,0,0,0,0
141163,_tuanys,,2,0,2,2,0,2,0,0,0,0,1
141164,Relec_es,,2,0,2,2,0,2,0,0,0,0,6
141170,salirconarte,,2,0,2,2,0,2,0,0,0,0,7
141171,ObjetivoDestino,,3,0,3,3,0,3,0,0,0,0,7
141172,MisHorizontes,,2,0,2,2,0,2,0,0,0,0,7
141174,Milviatges,,3,0,3,3,0,3,0,0,0,0,7
141177,enriqueobrero,,2,0,2,2,0,2,0,0,0,0,0
141178,OTurismoRural,,2,0,2,2,0,2,0,0,0,0,7
141183,gemaesantiago,,2,0,2,2,0,2,0,0,0,0,0
141190,estemdevacances,,2,0,2,2,0,2,0,0,0,0,7
141194,AdQqV,,2,0,2,2,0,2,0,0,0,0,7
141195,viajarcongrace,,2,0,2,2,0,2,0,0,0,0,7
141199,anibaltrejo,,2,0,2,2,0,2,0,0,0,0,7
141203,pekebikers,,2,0,2,2,0,2,0,0,0,0,4
141211,borjarvPJV,,2,0,2,2,0,2,0,0,0,0,6
141212,DeLibrosyViajes,,2,0,2,2,0,2,0,0,0,0,7
141226,diabarama,,2,0,2,2,0,2,0,0,0,0,7
141227,theviajeroscom,,3,0,3,3,0,3,0,0,0,0,0
141229,TBnetEs,,2,0,2,2,0,2,0,0,0,0,7
141235,Matilde_mad,,2,0,2,2,0,2,0,0,0,0,0
141243,ari_zafra,,2,0,2,2,0,2,0,0,0,0,7
141248,internetenonda,,2,0,2,2,0,2,0,0,0,0,0
141252,ahorroypunto,,2,0,2,2,0,2,0,0,0,0,6
141257,roams_es,,2,0,2,2,0,2,0,0,0,0,7
141267,losviajesdenoe,,2,0,2,2,0,2,0,0,0,0,7
141273,blogueandoviaje,,2,0,2,2,0,2,0,0,0,0,7
141276,jacobich,,2,0,2,2,0,2,0,0,0,0,7
141283,enjuta16,,2,0,2,2,0,2,0,0,0,0,6
141287,qbitacola,,2,0,2,2,0,2,0,0,0,0,7
141297,lenard_ko,,2,0,2,2,0,2,0,0,0,0,1
141299,workkola,,2,0,2,2,0,2,0,0,0,0,7
141303,HMFbcn,,2,0,2,2,0,2,0,0,0,0,0
141305,itziar_inza,,2,0,2,2,0,2,0,0,0,0,0
141314,parkapp_es,,2,0,2,2,0,2,0,0,0,0,0
141321,dondetemetes,,2,0,2,2,0,2,0,0,0,0,7
141330,ZonaViajero,,3,0,3,3,0,3,0,0,0,0,7
141335,traveloperator,,2,0,2,2,0,2,0,0,0,0,7
141336,ElCastorOficial,,2,0,2,2,0,2,0,0,0,0,6
141349,millandasairas,,3,0,3,3,0,3,0,0,0,0,4
141350,trucosviajeros,,2,0,2,2,0,2,0,0,0,0,7
141353,patriziavitelli,,2,0,2,2,0,2,0,0,0,0,7
141357,chipviajero,,2,0,2,2,0,2,0,0,0,0,7
141359,javierduro,,2,0,2,2,0,2,0,0,0,0,7
141367,elenalarcon,,2,0,2,2,0,2,0,0,0,0,0
141371,lamaletadecarla,,4,0,4,4,0,4,0,0,0,0,7
141375,atomarpormundo,,5,0,5,5,0,5,0,0,0,0,1
141376,borjapostigo,,2,0,2,2,0,2,0,0,0,0,1
141391,vnvida,,3,0,3,3,0,3,0,0,0,0,7
141400,elmundodemagec,,3,0,3,3,0,3,0,0,0,0,5
141401,AstelusES,,2,0,2,2,0,2,0,0,0,0,7
141419,ColaBoraBora,,2,0,2,2,0,2,0,0,0,0,7
141420,_lamatraKa,,3,0,3,3,0,3,0,0,0,0,6
141432,Almu_Munoz,,2,0,2,2,0,2,0,0,0,0,4
141433,EFIMERE_Co,,2,0,2,2,0,2,0,0,0,0,4
141435,Lowcosteros,,2,0,2,2,0,2,0,0,0,0,8
141443,GetaroundES,,2,0,2,2,0,2,0,0,0,0,7
141444,Worlding8,,2,0,2,2,0,2,0,0,0,0,7
141447,disenosocialorg,,3,0,3,3,0,3,0,0,0,0,7
141457,leshoteliers,,4,0,4,4,0,4,0,0,0,0,6
141462,SLPierce57,,2,0,2,2,0,2,0,0,0,0,7
141469,debmisaki,,3,0,3,3,0,3,0,0,0,0,1
141474,Eurorejas,,2,0,2,2,0,2,0,0,0,0,4
141475,livingshoes,,2,0,2,2,0,2,0,0,0,0,0
141489,mgarciaga,,3,0,3,3,0,3,0,0,0,0,3
141490,fitnesshbl,,2,0,2,2,0,2,0,0,0,0,7
141495,FashionUnitedES,,3,0,3,3,0,3,0,0,0,0,0
141500,travelmanag3rs,,2,0,2,2,0,2,0,0,0,0,7
141503,MikeWhitaker,,2,0,2,2,0,2,0,0,0,0,7
141514,SinRumboVblog,,2,0,2,2,0,2,0,0,0,0,7
141528,Escapalandia,,2,0,2,2,0,2,0,0,0,0,7
141529,afinidadviaje,,3,0,3,3,0,3,0,0,0,0,6
141536,oViaxaDoiro,,4,0,4,4,0,4,0,0,0,0,0
141543,VoyageForEver2,,2,0,2,2,0,2,0,0,0,0,7
141547,Chapiescarlata,,2,0,2,2,0,2,0,0,0,0,4
141559,pidetaxies,,3,0,3,3,0,3,0,0,0,0,6
141560,JETAR9,,3,0,3,3,0,3,0,0,0,0,0
141575,Busuu,,3,0,3,3,0,3,0,0,0,0,2
141578,curso_de_ingles,,3,0,3,3,0,3,0,0,0,0,3
141616,IndyStudents,,2,0,2,2,0,2,0,0,0,0,7
141663,MeQuieroIr,,2,0,2,2,0,2,0,0,0,0,4
141683,ASK4internet,,2,0,2,2,0,2,0,0,0,0,1
141693,benetmaria,,2,0,2,2,0,2,0,0,0,0,7
141787,tomaszjohn84,,2,0,2,2,0,2,0,0,0,0,2
141789,comelivewithus,,2,0,2,2,0,2,0,0,0,0,1
141817,nowmadz,,2,0,2,2,0,2,0,0,0,0,7
141841,teatroarbole,,2,0,2,2,0,2,0,0,0,0,0
141867,cankoseoglu,,3,0,3,3,0,3,0,0,0,0,2
141868,mariotarouca,,2,0,2,2,0,2,0,0,0,0,7
141887,studentwoods,,2,0,2,2,0,2,0,0,0,0,1
141894,Rebecca_ResLife,,2,0,2,2,0,2,0,0,0,0,1
141946,ScenariLavoro,,2,0,2,2,0,2,0,0,0,0,3
141971,NeruMadrid,,2,0,2,2,0,2,0,0,0,0,0
141974,TambLuca,,2,0,2,2,0,2,0,0,0,0,3
142022,AFMontpellier,,2,0,2,2,0,2,0,0,0,0,6
142025,alexdrov,,2,0,2,2,0,2,0,0,0,0,2
142046,hs_macromedia,,3,0,3,3,0,3,0,0,0,0,1
142047,sement_alex,,3,0,3,3,0,3,0,0,0,0,4
142054,Currencywire,,2,0,2,2,0,2,0,0,0,0,7
142130,martingilbraith,,2,0,2,2,0,2,0,0,0,0,7
142133,StudentsSuites,,3,0,3,3,0,3,0,0,0,0,4
142134,manucruz8,,2,0,2,2,0,2,0,0,0,0,7
142176,miguelamaro,,3,0,3,3,0,3,0,0,0,0,2
142220,simopazzini,,3,0,3,3,0,3,0,0,0,0,3
142258,itsligoglobal,,3,0,3,3,0,3,0,0,0,0,1
142283,Sprachcaffe,,3,0,3,3,0,3,0,0,0,0,4
142289,NewCollegeGroup,,2,0,2,2,0,2,0,0,0,0,3
142306,CnaG,,2,0,2,2,0,2,0,0,0,0,1
142312,VrErasmus,,2,0,2,2,0,2,0,0,0,0,7
142327,ENT_NETproject,,2,0,2,2,0,2,0,0,0,0,1
142336,YvonnebeaR,,2,0,2,2,0,2,0,0,0,0,7
142356,UoY_UYMS,,2,0,2,2,0,2,0,0,0,0,1
142365,AcercandoAulas,,2,0,2,2,0,2,0,0,0,0,4
142384,NicoloMardegan,,2,0,2,2,0,2,0,0,0,0,3
142388,giolaska,,2,0,2,2,0,2,0,0,0,0,7
142397,DiplomatinSpain,,2,0,2,2,0,2,0,0,0,0,7
142400,GiosefTorino,,2,0,2,2,0,2,0,0,0,0,3
142402,ArsElectronica,,2,0,2,2,0,2,0,0,0,0,2
142432,KC_College,,2,0,2,2,0,2,0,0,0,0,1
142436,AUssieYouTOO,,3,0,3,3,0,3,0,0,0,0,0
142449,ayalaperiodista,,2,0,2,2,0,2,0,0,0,0,4
142465,reyessansegundo,,2,0,2,2,0,2,0,0,0,0,7
142474,gkolost,,2,0,2,2,0,2,0,0,0,0,7
142479,AndraTwi,,2,0,2,2,0,2,0,0,0,0,7
142488,LIT_IntOffice,,2,0,2,2,0,2,0,0,0,0,1
142492,BTC_Coll,,3,0,3,3,0,3,0,0,0,0,1
142500,Raqueltxu,,2,0,2,2,0,2,0,0,0,0,0
142529,5f751398603a4fd,,2,0,2,2,0,2,0,0,0,0,7
142586,ArifKapanoglu,,2,0,2,2,0,2,0,0,0,0,2
142588,stefyarito,,2,0,2,2,0,2,0,0,0,0,3
142626,cavilamvichy,,2,0,2,2,0,2,0,0,0,0,1
142628,ShaunDellenty,,2,0,2,2,0,2,0,0,0,0,7
142633,ponvick,,2,0,2,2,0,2,0,0,0,0,7
142650,RadeGlomazic,,2,0,2,2,0,2,0,0,0,0,1
142652,Lingotasticuk,,2,0,2,2,0,2,0,0,0,0,1
142663,CentraleNantes,,3,0,3,3,0,3,0,0,0,0,1
142665,PaoloCelot,,2,0,2,2,0,2,0,0,0,0,1
142667,EOITERRASSA,,2,0,2,2,0,2,0,0,0,0,1
142669,bustalter,,2,0,2,2,0,2,0,0,0,0,7
142697,aa_aana,,2,0,2,2,0,2,0,0,0,0,0
142736,editorialespasa,,3,0,3,3,0,3,0,0,0,0,1
142743,jramartin,,2,0,2,2,0,2,0,0,0,0,6
142782,MartaApames,,2,0,2,2,0,2,0,0,0,0,0
142798,Paulubina,,2,0,2,2,0,2,0,0,0,0,7
142805,rakel_ca,,2,0,2,2,0,2,0,0,0,0,6
142842,Padresenapuros,,2,0,2,2,0,2,0,0,0,0,0
142843,sumissura,,2,0,2,2,0,2,0,0,0,0,7
142844,SupergaSpain,,2,0,2,2,0,2,0,0,0,0,0
142845,cari_goyanes,,2,0,2,2,0,2,0,0,0,0,6
142848,torresycarrera,,2,0,2,2,0,2,0,0,0,0,7
142851,ALVARNOstudio,,2,0,2,2,0,2,0,0,0,0,0
142852,NewlinkSpain,,2,0,2,2,0,2,0,0,0,0,7
142855,Adriii,,2,0,2,2,0,2,0,0,0,0,5
142857,tentaciones,,3,0,3,3,0,3,0,0,0,0,0
142859,CarlotaLlauger,,2,0,2,2,0,2,0,0,0,0,6
142860,mariainfante,,2,0,2,2,0,2,0,0,0,0,0
142861,fabricatele,,3,0,3,3,0,3,0,0,0,0,4
142869,JustEat_es,,4,0,4,4,0,4,0,0,0,0,4
142874,pabloguerola,,2,0,2,2,0,2,0,0,0,0,0
142887,arthurgilbordes,,2,0,2,2,0,2,0,0,0,0,0
142891,WeLoversize,,2,0,2,2,0,2,0,0,0,0,2
142897,elonaxhaferri,,2,0,2,2,0,2,0,0,0,0,7
142914,jlcorica,,2,0,2,2,0,2,0,0,0,0,2
142943,AndaluciaTECH,,3,0,3,3,0,3,0,0,0,0,4
142959,bibparas,,2,0,2,2,0,2,0,0,0,0,7
142971,Andreitaaaw,,4,0,4,4,0,4,0,0,0,0,3
142977,HistoriaURJC,,2,0,2,2,0,2,0,0,0,0,4
143016,KoriCarceles,,3,0,3,3,0,3,0,0,0,0,6
143018,franurvargas,,3,0,3,3,0,3,0,0,0,0,6
143032,robertosap_,,2,0,2,2,0,2,0,0,0,0,6
143048,Urbansioux,,2,0,2,2,0,2,0,0,0,0,6
143068,aelenadam,,2,0,2,2,0,2,0,0,0,0,4
143073,pparrapapa,,2,0,2,2,0,2,0,0,0,0,5
143085,AJCROR,,2,0,2,2,0,2,0,0,0,0,6
143100,IsabelCaroPerez,,2,0,2,2,0,2,0,0,0,0,0
143104,ARECA_SanJose,,2,0,2,2,0,2,0,0,0,0,7
143173,Mastermas,,3,0,3,3,0,3,0,0,0,0,1
143223,manuelhtkd,,2,0,2,2,0,2,0,0,0,0,0
143246,cfol2021,,2,0,2,2,0,2,0,0,0,0,7
143267,Lucas_Wyrsch,,3,0,3,3,0,3,0,0,0,0,6
143284,TeideHease,,2,0,2,2,0,2,0,0,0,0,0
143306,KasiaPeszynska,,2,0,2,2,0,2,0,0,0,0,1
143316,WilliamYang120,,2,0,2,2,0,2,0,0,0,0,1
143343,westart_italy,,2,0,2,2,0,2,0,0,0,0,3
143351,CVsquad,,2,0,2,2,0,2,0,0,0,0,1
143353,MadforEurope,,3,0,3,3,0,3,0,0,0,0,3
143383,nereagutiz,,2,0,2,2,0,2,0,0,0,0,7
143402,ProstirUa,,2,0,2,2,0,2,0,0,0,0,7
143414,Liz_Ortz,,2,0,2,2,0,2,0,0,0,0,3
143433,BEST_Riga,,2,0,2,2,0,2,0,0,0,0,7
143448,NSBSpain,,2,0,2,2,0,2,0,0,0,0,4
143451,borjagiron,,3,0,3,3,0,3,0,0,0,0,4
143544,TheWomensOrg,,2,0,2,2,0,2,0,0,0,0,1
143547,ModernLangs,,3,0,3,3,0,3,0,0,0,0,2
143582,alessiadelvasto,,2,0,2,2,0,2,0,0,0,0,3
143589,cirefox,,2,0,2,2,0,2,0,0,0,0,0
143618,mexhcr,,2,0,2,2,0,2,0,0,0,0,0
143632,Freshdrygarlic,,2,0,2,2,0,2,0,0,0,0,0
143647,STiMalaga,,2,0,2,2,0,2,0,0,0,0,1
143663,vidaenre,,2,0,2,2,0,2,0,0,0,0,0
143666,plataformaFPU,,2,0,2,2,0,2,0,0,0,0,7
143686,ETHEjournal,,2,0,2,2,0,2,0,0,0,0,1
143690,roomgo_es,,2,0,2,2,0,2,0,0,0,0,6
143717,lacocinitas101,,2,0,2,2,0,2,0,0,0,0,0
143773,soniaPeAparicio,,2,0,2,2,0,2,0,0,0,0,7
143796,finimx,,2,0,2,2,0,2,0,0,0,0,7
143805,danielarribas96,,2,0,2,2,0,2,0,0,0,0,7
143819,ulurevista,,2,0,2,2,0,2,0,0,0,0,7
143827,empleo2016,,2,0,2,2,0,2,0,0,0,0,7
143834,jecrooke,,2,0,2,2,0,2,0,0,0,0,0
143847,pppaolo,,2,0,2,2,0,2,0,0,0,0,3
143849,Lutaborda,,2,0,2,2,0,2,0,0,0,0,7
143850,AlianzaPereira,,2,0,2,2,0,2,0,0,0,0,1
143867,GBadmissions,,2,0,2,2,0,2,0,0,0,0,7
143876,MaryamAbdlhadi,,2,0,2,2,0,2,0,0,0,0,5
143882,icenterURV,,2,0,2,2,0,2,0,0,0,0,7
143890,BlaBlaCar_FR,,3,0,3,3,0,3,0,0,0,0,8
143892,udemy,,4,0,4,4,0,4,0,0,0,0,3
143894,InfluencityES,,3,0,3,3,0,3,0,0,0,0,7
143895,guardian_b2b,,2,0,2,2,0,2,0,0,0,0,2
143897,wwwhatsnew,,3,0,3,3,0,3,0,0,0,0,4
143898,cenartmx,,3,0,3,3,0,3,0,0,0,0,7
143899,BerkleeCollege,,2,0,2,2,0,2,0,0,0,0,1
143900,ASU,,3,0,3,3,0,3,0,0,0,0,1
143902,EcoInventos,,3,0,3,3,0,3,0,0,0,0,6
143904,thehappening,,2,0,2,2,0,2,0,0,0,0,7
143906,cookpadrecetas,,3,0,3,3,0,3,0,0,0,0,0
143911,ENTERCO,,2,0,2,2,0,2,0,0,0,0,0
143913,NME,,3,0,3,3,0,3,0,0,0,0,3
143935,MrWonderfuck,,2,0,2,2,0,2,0,0,0,0,5
143936,HootsuiteDE,,2,0,2,2,0,2,0,0,0,0,3
143942,stbaasch,,2,0,2,2,0,2,0,0,0,0,1
143946,tobalcd,,2,0,2,2,0,2,0,0,0,0,6
143948,yemapell,,2,0,2,2,0,2,0,0,0,0,6
143950,BeMateCom,,2,0,2,2,0,2,0,0,0,0,7
143952,duanma,,2,0,2,2,0,2,0,0,0,0,7
143953,estudiayviajaES,,2,0,2,2,0,2,0,0,0,0,4
143954,OuiShareFest,,2,0,2,2,0,2,0,0,0,0,4
143955,CristianSaaGra,,3,0,3,3,0,3,0,0,0,0,0
143969,NightSwapping,,2,0,2,2,0,2,0,0,0,0,4
143972,shareconomyfilm,,2,0,2,2,0,2,0,0,0,0,4
143979,MyTwinPlace,,3,0,3,3,0,3,0,0,0,0,4
143982,draperb1_vc,,2,0,2,2,0,2,0,0,0,0,0
143983,circulared,,2,0,2,2,0,2,0,0,0,0,3
143985,BoltAcc,,3,0,3,3,0,3,0,0,0,0,3
143986,rafa_aguado,,2,0,2,2,0,2,0,0,0,0,3
143989,CoworkingSpain,,3,0,3,3,0,3,0,0,0,0,4
143992,zincshower,,3,0,3,3,0,3,0,0,0,0,0
143993,fabcafebcn,,2,0,2,2,0,2,0,0,0,0,2
143994,MOB_BCN,,2,0,2,2,0,2,0,0,0,0,2
143996,NightSwappingES,,2,0,2,2,0,2,0,0,0,0,4
143997,mrstartups,,3,0,3,3,0,3,0,0,0,0,6
143999,ConSumaColabora,,3,0,3,3,0,3,0,0,0,0,4
144000,Alterkeys_es,,3,0,3,3,0,3,0,0,0,0,4
144002,iniciador_BCN,,3,0,3,3,0,3,0,0,0,0,0
144006,letmespace,,2,0,2,2,0,2,0,0,0,0,8
144007,meedabyte,,2,0,2,2,0,2,0,0,0,0,3
144009,MadridPeers,,3,0,3,3,0,3,0,0,0,0,4
144011,digitalmas,,2,0,2,2,0,2,0,0,0,0,2
144012,PakoBautista,,3,0,3,3,0,3,0,0,0,0,4
144013,SachaMichaud,,2,0,2,2,0,2,0,0,0,0,5
144014,M_Ferrer_,,2,0,2,2,0,2,0,0,0,0,7
144019,fanuvp,,2,0,2,2,0,2,0,0,0,0,7
144021,AXALab,,2,0,2,2,0,2,0,0,0,0,1
144024,enSiliconValley,,2,0,2,2,0,2,0,0,0,0,7
144025,intuuchina,,3,0,3,3,0,3,0,0,0,0,5
144031,andrearojasnet,,2,0,2,2,0,2,0,0,0,0,2
144033,seedrocket,,3,0,3,3,0,3,0,0,0,0,4
144034,MeliaHotelsInt,,3,0,3,3,0,3,0,0,0,0,0
144035,MEbyMelia,,3,0,3,3,0,3,0,0,0,0,1
144036,ESADEexed,,3,0,3,3,0,3,0,0,0,0,2
144037,ConectorSpain,,2,0,2,2,0,2,0,0,0,0,7
144040,gopopupes,,3,0,3,3,0,3,0,0,0,0,4
144045,AvenueStory,,2,0,2,2,0,2,0,0,0,0,7
144056,loogic_com,,2,0,2,2,0,2,0,0,0,0,4
144057,whitakar,,2,0,2,2,0,2,0,0,0,0,3
144058,viajeret,,3,0,3,3,0,3,0,0,0,0,0
144062,ideapiso,,2,0,2,2,0,2,0,0,0,0,6
144063,FastCoImpact,,2,0,2,2,0,2,0,0,0,0,2
144065,Shareable,,3,0,3,3,0,3,0,0,0,0,4
144068,maralarco,,2,0,2,2,0,2,0,0,0,0,4
144069,UbeeqoES,,3,0,3,3,0,3,0,0,0,0,4
144070,SocialCarCom,,2,0,2,2,0,2,0,0,0,0,4
144074,OuiShare_es,,2,0,2,2,0,2,0,0,0,0,7
144075,javicreus,,3,0,3,3,0,3,0,0,0,0,4
144076,Ouishare,,3,0,3,3,0,3,0,0,0,0,3
144077,AlbertCanig,,2,0,2,2,0,2,0,0,0,0,7
144078,traity,,2,0,2,2,0,2,0,0,0,0,1
144080,cececebe,,3,0,3,3,0,3,0,0,0,0,0
144081,antonibassas,,3,0,3,3,0,3,0,0,0,0,2
144083,idiot_atworks,,2,0,2,2,0,2,0,0,0,0,5
144094,timingperfecto,,2,0,2,2,0,2,0,0,0,0,5
144104,NegrosDeAtaud,,2,0,2,2,0,2,0,0,0,0,2
144105,infanteslocos,,3,0,3,3,0,3,0,0,0,0,2
144113,BAProvincia,,2,0,2,2,0,2,0,0,0,0,2
144114,holaestoexiste,,2,0,2,2,0,2,0,0,0,0,2
144115,TeleCentroAyuda,,2,0,2,2,0,2,0,0,0,0,2
144126,japabanchel,,2,0,2,2,0,2,0,0,0,0,6
144137,StratSentinel,,2,0,2,2,0,2,0,0,0,0,3
144138,Directoajapon,,2,0,2,2,0,2,0,0,0,0,6
144147,MoniMacha,,2,0,2,2,0,2,0,0,0,0,2
144155,AgriculturaAR,,2,0,2,2,0,2,0,0,0,0,2
144156,produccion_arg,,2,0,2,2,0,2,0,0,0,0,2
144157,inadi,,2,0,2,2,0,2,0,0,0,0,2
144158,SDHArgentina,,2,0,2,2,0,2,0,0,0,0,2
144159,MinInteriorAR,,2,0,2,2,0,2,0,0,0,0,5
144161,jusgobar,,2,0,2,2,0,2,0,0,0,0,4
144162,MDSNacion,,2,0,2,2,0,2,0,0,0,0,2
144163,msalnacion,,3,0,3,3,0,3,0,0,0,0,2
144168,luanavolnovich,,2,0,2,2,0,2,0,0,0,0,2
144170,SabinaFrederic,,2,0,2,2,0,2,0,0,0,0,2
144175,VilmaIbarraL,,2,0,2,2,0,2,0,0,0,0,2
144176,Martin_M_Guzman,,2,0,2,2,0,2,0,0,0,0,2
144185,SantoroLeandro,,2,0,2,2,0,2,0,0,0,0,2
144188,pauli_albarra,,2,0,2,2,0,2,0,0,0,0,2
144190,futurockOk,,2,0,2,2,0,2,0,0,0,0,2
144197,LScola4,,2,0,2,2,0,2,0,0,0,0,2
144204,aamnba,,2,0,2,2,0,2,0,0,0,0,2
144210,EnriqueViale,,2,0,2,2,0,2,0,0,0,0,2
144232,ernestorr,,2,0,2,2,0,2,0,0,0,0,2
144252,arayamas,,2,0,2,2,0,2,0,0,0,0,2
144270,alferdezprensa,,2,0,2,2,0,2,0,0,0,0,2
144293,HomeroLodijo,,2,0,2,2,0,2,0,0,0,0,2
144295,natiftorres,,2,0,2,2,0,2,0,0,0,0,2
144299,e_scribbler,,2,0,2,2,0,2,0,0,0,0,2
144306,robertinocarles,,2,0,2,2,0,2,0,0,0,0,2
144317,fieritacatalano,,2,0,2,2,0,2,0,0,0,0,2
144318,ReutersVzla,,2,0,2,2,0,2,0,0,0,0,2
144321,TereGarciaOK,,2,0,2,2,0,2,0,0,0,0,2
144330,aran_tirado,,2,0,2,2,0,2,0,0,0,0,2
144335,LaAlfareraOk,,2,0,2,2,0,2,0,0,0,0,2
144339,PresentesLGBT,,2,0,2,2,0,2,0,0,0,0,2
144362,Floxie10,,2,0,2,2,0,2,0,0,0,0,7
144374,jpsorin6,,2,0,2,2,0,2,0,0,0,0,2
144378,andiconde,,2,0,2,2,0,2,0,0,0,0,2
144394,ramirezmascaro,,2,0,2,2,0,2,0,0,0,0,5
144430,dw_espanol,,3,0,3,3,0,3,0,0,0,0,2
144432,minervisha,,2,0,2,2,0,2,0,0,0,0,2
144435,tastemade,,2,0,2,2,0,2,0,0,0,0,5
144466,EllenPage,,3,0,3,3,0,3,0,0,0,0,2
144483,pagina12,,2,0,2,2,0,2,0,0,0,0,2
144488,pablitolescano,,3,0,3,3,0,3,0,0,0,0,2
144489,ChanchaPelota,,2,0,2,2,0,2,0,0,0,0,2
144492,Arcdelahistori,,2,0,2,2,0,2,0,0,0,0,2
144529,FlorHalfon,,2,0,2,2,0,2,0,0,0,0,0
144533,sofistaserfista,,2,0,2,2,0,2,0,0,0,0,0
144549,ifidanza,,2,0,2,2,0,2,0,0,0,0,2
144554,danyscht,,2,0,2,2,0,2,0,0,0,0,2
144576,wadodecorrido,,2,0,2,2,0,2,0,0,0,0,2
144577,mayrasmendoza,,2,0,2,2,0,2,0,0,0,0,2
144584,gracepenafort,,2,0,2,2,0,2,0,0,0,0,2
144596,alesitoide,,2,0,2,2,0,2,0,0,0,0,2
144599,latfemnoticias,,2,0,2,2,0,2,0,0,0,0,2
144604,estipozzo,,2,0,2,2,0,2,0,0,0,0,2
144606,charolopez,,2,0,2,2,0,2,0,0,0,0,2
144624,dgannio,,2,0,2,2,0,2,0,0,0,0,2
144625,HazteVeg,,2,0,2,2,0,2,0,0,0,0,0
144635,Bipolardo,,2,0,2,2,0,2,0,0,0,0,2
144636,revistaanfibia,,2,0,2,2,0,2,0,0,0,0,4
144639,lucianapeker,,2,0,2,2,0,2,0,0,0,0,4
144640,mariaFFreijo,,2,0,2,2,0,2,0,0,0,0,2
144644,MalenaMassa,,2,0,2,2,0,2,0,0,0,0,2
144655,dignityrivero,,2,0,2,2,0,2,0,0,0,0,2
144668,carlapetersonA,,2,0,2,2,0,2,0,0,0,0,2
144676,prensadelsubte,,2,0,2,2,0,2,0,0,0,0,2
144716,DFB_Team_EN,,3,0,3,3,0,3,0,0,0,0,6
144728,rodotailhade,,2,0,2,2,0,2,0,0,0,0,2
144730,CosmossUp,,2,0,2,2,0,2,0,0,0,0,2
144737,BsAs_recuerdo,,2,0,2,2,0,2,0,0,0,0,2
144738,AndyKlinsman,,2,0,2,2,0,2,0,0,0,0,2
144745,SismoMundial,,2,0,2,2,0,2,0,0,0,0,0
144749,Data_Simpsons,,2,0,2,2,0,2,0,0,0,0,8
144754,jorgenomefui,,2,0,2,2,0,2,0,0,0,0,2
144762,EcoFeminita,,3,0,3,3,0,3,0,0,0,0,2
144785,rfedortsov,,2,0,2,2,0,2,0,0,0,0,2
144806,cesargonzaleztw,,2,0,2,2,0,2,0,0,0,0,2
144813,fsaintout,,2,0,2,2,0,2,0,0,0,0,2
144814,EdisonLanza,,2,0,2,2,0,2,0,0,0,0,2
144833,KarlreMarks,,2,0,2,2,0,2,0,0,0,0,5
144837,ZetaOrlando,,2,0,2,2,0,2,0,0,0,0,2
144838,AleRuaTwit,,2,0,2,2,0,2,0,0,0,0,2
144846,pietragallahora,,2,0,2,2,0,2,0,0,0,0,2
144851,moodvintage,,2,0,2,2,0,2,0,0,0,0,2
144855,juan_amorin,,2,0,2,2,0,2,0,0,0,0,2
144859,enunabaldosa,,2,0,2,2,0,2,0,0,0,0,3
144873,cc_matienzo,,2,0,2,2,0,2,0,0,0,0,2
144877,Profeta_Baruc,,2,0,2,2,0,2,0,0,0,0,6
144881,IsmaelBermudez1,,2,0,2,2,0,2,0,0,0,0,2
144882,CubanitoenCuba,,2,0,2,2,0,2,0,0,0,0,2
144883,landpsychology,,2,0,2,2,0,2,0,0,0,0,2
144884,revistajoblanco,,2,0,2,2,0,2,0,0,0,0,4
144886,antecesorcomun,,2,0,2,2,0,2,0,0,0,0,2
144887,ElGatoyLaCaja,,2,0,2,2,0,2,0,0,0,0,2
144893,LulaOficial,,3,0,3,3,0,3,0,0,0,0,2
144896,mismondiolas,,2,0,2,2,0,2,0,0,0,0,2
144898,kikegdelariva,,2,0,2,2,0,2,0,0,0,0,6
144902,MoreauLeopoldo,,2,0,2,2,0,2,0,0,0,0,2
144903,andrearincontop,,2,0,2,2,0,2,0,0,0,0,2
144908,CrazyinRussia,,3,0,3,3,0,3,0,0,0,0,2
144909,JorgeTaiana,,2,0,2,2,0,2,0,0,0,0,2
144916,poliproto,,2,0,2,2,0,2,0,0,0,0,0
144923,PrensaMadres,,2,0,2,2,0,2,0,0,0,0,2
144924,ditulliojuli,,2,0,2,2,0,2,0,0,0,0,2
144928,fvallejoss,,2,0,2,2,0,2,0,0,0,0,2
144930,UniCiudadanaAR,,2,0,2,2,0,2,0,0,0,0,2
144933,jmkarg,,2,0,2,2,0,2,0,0,0,0,2
144935,capturebizarre,,2,0,2,2,0,2,0,0,0,0,2
144943,romerodiario,,2,0,2,2,0,2,0,0,0,0,2
144948,marianorecalde,,2,0,2,2,0,2,0,0,0,0,2
144950,dalmaradona,,2,0,2,2,0,2,0,0,0,0,2
144953,bigbangnw,,2,0,2,2,0,2,0,0,0,0,2
144954,notevayas,,2,0,2,2,0,2,0,0,0,0,2
144957,OldFootball11,,2,0,2,2,0,2,0,0,0,0,2
144969,Rosariorecuerdo,,2,0,2,2,0,2,0,0,0,0,2
144979,Crazyinnasia,,2,0,2,2,0,2,0,0,0,0,2
144982,metromedio,,2,0,2,2,0,2,0,0,0,0,2
144984,rinconet,,2,0,2,2,0,2,0,0,0,0,2
144988,GaelGarciaB,,3,0,3,3,0,3,0,0,0,0,2
144992,SanzErnesto,,2,0,2,2,0,2,0,0,0,0,2
145001,RedObservadores,,2,0,2,2,0,2,0,0,0,0,2
145002,JauaMiranda,,2,0,2,2,0,2,0,0,0,0,2
145003,chaparetegui,,2,0,2,2,0,2,0,0,0,0,2
145008,ugemitch,,2,0,2,2,0,2,0,0,0,0,4
145010,LaGrondonaTwitt,,2,0,2,2,0,2,0,0,0,0,3
145013,UBAeconomicas,,2,0,2,2,0,2,0,0,0,0,2
145024,PeriodistaPeron,,2,0,2,2,0,2,0,0,0,0,2
145026,inst_PATRIAar,,2,0,2,2,0,2,0,0,0,0,2
145030,nachogallegop,,2,0,2,2,0,2,0,0,0,0,6
145037,TelemundoNews,,3,0,3,3,0,3,0,0,0,0,2
145043,RobiBaradel,,2,0,2,2,0,2,0,0,0,0,2
145056,MarcoRocha,,2,0,2,2,0,2,0,0,0,0,0
145060,marquitospena,,2,0,2,2,0,2,0,0,0,0,2
145063,AwardsDarwin,,3,0,3,3,0,3,0,0,0,0,0
145066,myriambregman,,2,0,2,2,0,2,0,0,0,0,2
145068,TurismoCity,,2,0,2,2,0,2,0,0,0,0,2
145073,SusanaMalcorra,,2,0,2,2,0,2,0,0,0,0,2
145076,aprendealeman,,2,0,2,2,0,2,0,0,0,0,6
145083,Kicillofok,,2,0,2,2,0,2,0,0,0,0,2
145105,altamirajorge,,2,0,2,2,0,2,0,0,0,0,2
145107,escriba,,3,0,3,3,0,3,0,0,0,0,2
145108,PolloVignolo,,2,0,2,2,0,2,0,0,0,0,2
145110,BallottaAndres,,2,0,2,2,0,2,0,0,0,0,2
145111,Latinforma,,2,0,2,2,0,2,0,0,0,0,6
145117,ischargro,,2,0,2,2,0,2,0,0,0,0,2
145118,PinedoFederico,,2,0,2,2,0,2,0,0,0,0,2
145122,Nexofin,,4,0,4,4,0,4,0,0,0,0,2
145123,CrisAlvarezRod,,2,0,2,2,0,2,0,0,0,0,2
145124,memoriaabierta,,2,0,2,2,0,2,0,0,0,0,2
145128,CONICETDialoga,,2,0,2,2,0,2,0,0,0,0,2
145129,espacio_memoria,,3,0,3,3,0,3,0,0,0,0,2
145134,Villarruel_clau,,2,0,2,2,0,2,0,0,0,0,2
145135,mmlamoyano,,2,0,2,2,0,2,0,0,0,0,2
145139,HugoYasky,,2,0,2,2,0,2,0,0,0,0,2
145141,Diegorozco25,,2,0,2,2,0,2,0,0,0,0,0
145147,LuisGasulla,,2,0,2,2,0,2,0,0,0,0,2
145151,ivandepinedaok,,2,0,2,2,0,2,0,0,0,0,2
145155,EFabregat,,2,0,2,2,0,2,0,0,0,0,2
145160,andy_tow,,2,0,2,2,0,2,0,0,0,0,2
145163,sebawainraichok,,2,0,2,2,0,2,0,0,0,0,2
145167,minplan20032015,,2,0,2,2,0,2,0,0,0,0,2
145172,YPFoficial,,2,0,2,2,0,2,0,0,0,0,2
145173,FNDCol,,2,0,2,2,0,2,0,0,0,0,6
145176,ciencia_ar,,2,0,2,2,0,2,0,0,0,0,2
145181,NardaLepes,,2,0,2,2,0,2,0,0,0,0,2
145184,Angelalerena,,3,0,3,3,0,3,0,0,0,0,2
145185,ecalvo68,,3,0,3,3,0,3,0,0,0,0,2
145199,diegotorres,,3,0,3,3,0,3,0,0,0,0,0
145204,hijos_capital,,2,0,2,2,0,2,0,0,0,0,2
145205,Pablo__Ferreyra,,2,0,2,2,0,2,0,0,0,0,2
145207,ijnetEs,,3,0,3,3,0,3,0,0,0,0,4
145211,Exagerardez,,2,0,2,2,0,2,0,0,0,0,2
145221,CulturaNacionAR,,2,0,2,2,0,2,0,0,0,0,2
145222,espaciosincaa,,2,0,2,2,0,2,0,0,0,0,2
145223,INCAA_Argentina,,2,0,2,2,0,2,0,0,0,0,2
145225,lakolombina,,2,0,2,2,0,2,0,0,0,0,2
145226,CINEAR_,,2,0,2,2,0,2,0,0,0,0,2
145228,tvdigitalar,,2,0,2,2,0,2,0,0,0,0,2
145229,Vorterix,,3,0,3,3,0,3,0,0,0,0,2
145230,peladoalmeyda,,2,0,2,2,0,2,0,0,0,0,2
145235,adiospipino,,2,0,2,2,0,2,0,0,0,0,2
145238,Aerolineas_AR,,2,0,2,2,0,2,0,0,0,0,0
145241,cinesargentinos,,2,0,2,2,0,2,0,0,0,0,2
145242,SirChandler,,2,0,2,2,0,2,0,0,0,0,2
145243,SirChandlerBlog,,2,0,2,2,0,2,0,0,0,0,7
145261,Sebasrur,,3,0,3,3,0,3,0,0,0,0,0
145273,NicolasdelCano,,2,0,2,2,0,2,0,0,0,0,2
145274,k_Johansen,,2,0,2,2,0,2,0,0,0,0,0
145286,laradiodelsur,,2,0,2,2,0,2,0,0,0,0,2
145287,gkatopodis,,2,0,2,2,0,2,0,0,0,0,2
145300,cyngarciaradio,,2,0,2,2,0,2,0,0,0,0,2
145302,elculturalsm,,2,0,2,2,0,2,0,0,0,0,2
145305,MatiildaxD,,2,0,2,2,0,2,0,0,0,0,2
145308,robdnavarro,,2,0,2,2,0,2,0,0,0,0,2
145309,eldestapeweb,,2,0,2,2,0,2,0,0,0,0,2
145318,eldestape_radio,,2,0,2,2,0,2,0,0,0,0,2
145323,ArturoTwiteando,,2,0,2,2,0,2,0,0,0,0,0
145326,julietadiazok,,2,0,2,2,0,2,0,0,0,0,2
145332,FonziDolores,,2,0,2,2,0,2,0,0,0,0,2
145333,35PAIS,,2,0,2,2,0,2,0,0,0,0,2
145334,TodaLaPrimeraA,,3,0,3,3,0,3,0,0,0,0,0
145336,epicaurbana,,2,0,2,2,0,2,0,0,0,0,2
145347,fantinofantino,,3,0,3,3,0,3,0,0,0,0,2
145351,aracalacana,,2,0,2,2,0,2,0,0,0,0,2
145360,mguinzburg,,2,0,2,2,0,2,0,0,0,0,2
145364,mecasullo,,2,0,2,2,0,2,0,0,0,0,2
145367,gabimichetti,,2,0,2,2,0,2,0,0,0,0,2
145368,mstupenengo,,2,0,2,2,0,2,0,0,0,0,2
145376,HumbertoTumini,,2,0,2,2,0,2,0,0,0,0,2
145384,TeresaParodiOk,,2,0,2,2,0,2,0,0,0,0,2
145397,FutbolPermitido,,2,0,2,2,0,2,0,0,0,0,0
145398,RadioDelPlata,,2,0,2,2,0,2,0,0,0,0,2
145401,NacionalAM870,,3,0,3,3,0,3,0,0,0,0,2
145405,AlfredoZaiat,,2,0,2,2,0,2,0,0,0,0,2
145406,Luis_Delia,,2,0,2,2,0,2,0,0,0,0,2
145408,Stolbizer,,2,0,2,2,0,2,0,0,0,0,2
145410,MinTrabajoAR,,3,0,3,3,0,3,0,0,0,0,2
145411,CanalEncuentro,,2,0,2,2,0,2,0,0,0,0,0
145412,PrensaFMoyano,,2,0,2,2,0,2,0,0,0,0,2
145416,HermesBinner,,2,0,2,2,0,2,0,0,0,0,2
145417,perfildiario,,2,0,2,2,0,2,0,0,0,0,2
145419,clementedeviaje,,2,0,2,2,0,2,0,0,0,0,2
145420,RobertoFeletti,,2,0,2,2,0,2,0,0,0,0,2
145421,CarlosTomada,,2,0,2,2,0,2,0,0,0,0,2
145423,AmericaTV,,3,0,3,3,0,3,0,0,0,0,2
145431,Chequeado,,2,0,2,2,0,2,0,0,0,0,2
145434,libresdelsurnet,,2,0,2,2,0,2,0,0,0,0,2
145445,lagordaniembro,,2,0,2,2,0,2,0,0,0,0,3
145446,NFLPARATODOS,,2,0,2,2,0,2,0,0,0,0,3
145451,Reporte_Futbol,,3,0,3,3,0,3,0,0,0,0,6
145456,LaTrastiendaBA,,2,0,2,2,0,2,0,0,0,0,0
145461,damianpachter,,2,0,2,2,0,2,0,0,0,0,2
145463,daniarcucci,,2,0,2,2,0,2,0,0,0,0,2
145465,NacionalRock937,,2,0,2,2,0,2,0,0,0,0,2
145468,Arroban_FWTV,,2,0,2,2,0,2,0,0,0,0,3
145469,BiIIMurray,,2,0,2,2,0,2,0,0,0,0,6
145471,tumadreok,,2,0,2,2,0,2,0,0,0,0,2
145477,elrojasuba,,2,0,2,2,0,2,0,0,0,0,3
145479,diegoscott,,2,0,2,2,0,2,0,0,0,0,2
145482,jotaleonetti,,2,0,2,2,0,2,0,0,0,0,2
145483,telefenoticias,,3,0,3,3,0,3,0,0,0,0,2
145484,mdzol,,2,0,2,2,0,2,0,0,0,0,2
145489,maitenna,,2,0,2,2,0,2,0,0,0,0,2
145495,DominguezJul,,2,0,2,2,0,2,0,0,0,0,2
145496,CELS_Argentina,,2,0,2,2,0,2,0,0,0,0,2
145498,titifernandez1,,2,0,2,2,0,2,0,0,0,0,2
145499,termoderiver,,3,0,3,3,0,3,0,0,0,0,0
145502,CFRcesar,,2,0,2,2,0,2,0,0,0,0,2
145511,unamadresoltera,,2,0,2,2,0,2,0,0,0,0,2
145514,museodeldibujo,,3,0,3,3,0,3,0,0,0,0,2
145519,drexlerjorge,,3,0,3,3,0,3,0,0,0,0,0
145521,Facundo_Moyano,,2,0,2,2,0,2,0,0,0,0,2
145522,PedroBriegerOk,,2,0,2,2,0,2,0,0,0,0,2
145524,emergcultural,,2,0,2,2,0,2,0,0,0,0,2
145529,sztajnszrajber,,2,0,2,2,0,2,0,0,0,0,2
145530,wwnicolas,,2,0,2,2,0,2,0,0,0,0,2
145532,solotransito,,2,0,2,2,0,2,0,0,0,0,2
145533,AGNArgentina,,2,0,2,2,0,2,0,0,0,0,2
145535,marley_ok,,3,0,3,3,0,3,0,0,0,0,2
145538,LAHT,,2,0,2,2,0,2,0,0,0,0,4
145542,DepressedDarth,,2,0,2,2,0,2,0,0,0,0,4
145544,fmrockandpop,,3,0,3,3,0,3,0,0,0,0,2
145545,elisacarrio,,2,0,2,2,0,2,0,0,0,0,2
145547,Vicentico_,,2,0,2,2,0,2,0,0,0,0,2
145548,danielhadad,,2,0,2,2,0,2,0,0,0,0,2
145551,subteba,,2,0,2,2,0,2,0,0,0,0,2
145553,Tutehumor,,3,0,3,3,0,3,0,0,0,0,4
145554,lacapital,,2,0,2,2,0,2,0,0,0,0,2
145556,BestMovieLine,,3,0,3,3,0,3,0,0,0,0,6
145561,SebaDeCaro,,2,0,2,2,0,2,0,0,0,0,2
145562,ertenembaum,,2,0,2,2,0,2,0,0,0,0,2
145590,ntutumu,,3,0,3,3,0,3,0,0,0,0,0
145600,mexur,,2,0,2,2,0,2,0,0,0,0,2
145601,gentediciendo,,3,0,3,3,0,3,0,0,0,0,2
145604,radiomitre,,3,0,3,3,0,3,0,0,0,0,2
145605,LANACION,,3,0,3,3,0,3,0,0,0,0,1
145606,Lupo55,,2,0,2,2,0,2,0,0,0,0,2
145608,todonoticias,,3,0,3,3,0,3,0,0,0,0,2
145610,chaniguyot,,2,0,2,2,0,2,0,0,0,0,2
145615,CpoliticaUBA,,2,0,2,2,0,2,0,0,0,0,4
145618,SusanaTrimarco,,2,0,2,2,0,2,0,0,0,0,2
145623,chipicastillo,,2,0,2,2,0,2,0,0,0,0,2
145624,lacosacine,,3,0,3,3,0,3,0,0,0,0,0
145628,gargantapodero,,2,0,2,2,0,2,0,0,0,0,2
145633,A24COM,,2,0,2,2,0,2,0,0,0,0,2
145634,infobae,,3,0,3,3,0,3,0,0,0,0,2
145637,C5N,,3,0,3,3,0,3,0,0,0,0,2
145638,populardiario,,2,0,2,2,0,2,0,0,0,0,2
145640,SenadoArgentina,,3,0,3,3,0,3,0,0,0,0,2
145641,vikidonda,,2,0,2,2,0,2,0,0,0,0,2
145648,fernandosolanas,,3,0,3,3,0,3,0,0,0,0,2
145649,gabmariotto,,2,0,2,2,0,2,0,0,0,0,2
145653,Gatosylvestre,,2,0,2,2,0,2,0,0,0,0,2
145655,pablitofabregas,,2,0,2,2,0,2,0,0,0,0,2
145657,BellasArtesAR,,2,0,2,2,0,2,0,0,0,0,2
145660,infonews,,2,0,2,2,0,2,0,0,0,0,2
145661,soywisconsin,,2,0,2,2,0,2,0,0,0,0,2
145662,JPVarsky,,2,0,2,2,0,2,0,0,0,0,2
145663,tiempoarg,,2,0,2,2,0,2,0,0,0,0,2
145665,VerbitskyH,,2,0,2,2,0,2,0,0,0,0,2
145667,cuervotinelli,,3,0,3,3,0,3,0,0,0,0,2
145669,MashiRafael,,3,0,3,3,0,3,0,0,0,0,5
145673,CaseroNazareno,,2,0,2,2,0,2,0,0,0,0,2
145678,rialjorge,,3,0,3,3,0,3,0,0,0,0,2
145680,cabitodemiedo,,2,0,2,2,0,2,0,0,0,0,2
145681,DieRipoll,,2,0,2,2,0,2,0,0,0,0,2
145683,matiasmartin,,2,0,2,2,0,2,0,0,0,0,2
145685,bastatodo,,2,0,2,2,0,2,0,0,0,0,2
145688,aleberco,,2,0,2,2,0,2,0,0,0,0,2
145689,SergioMassa,,3,0,3,3,0,3,0,0,0,0,2
145690,mariuvidal,,3,0,3,3,0,3,0,0,0,0,2
145693,jmcapitanich,,2,0,2,2,0,2,0,0,0,0,2
145697,porliniers,,3,0,3,3,0,3,0,0,0,0,6
145699,Culturavia,,3,0,3,3,0,3,0,0,0,0,0
145701,CoronelGonorrea,,2,0,2,2,0,2,0,0,0,0,2
145711,lajeantonio,,2,0,2,2,0,2,0,0,0,0,2
145713,LPOArg,,2,0,2,2,0,2,0,0,0,0,2
145716,AgenciaTelam,,3,0,3,3,0,3,0,0,0,0,2
145717,rlopezmurphy,,2,0,2,2,0,2,0,0,0,0,0
145731,revisbarcelona,,3,0,3,3,0,3,0,0,0,0,2
145732,gabicerru,,2,0,2,2,0,2,0,0,0,0,2
145734,Laura_Ch,,2,0,2,2,0,2,0,0,0,0,0
145735,dilmabr,,3,0,3,3,0,3,0,0,0,0,2
145736,nilda_garre,,2,0,2,2,0,2,0,0,0,0,2
145737,obricio7,,2,0,2,2,0,2,0,0,0,0,0
145738,SoyElChapu,,3,0,3,3,0,3,0,0,0,0,0
145739,Sabbatella,,2,0,2,2,0,2,0,0,0,0,2
145741,germanpaoloski,,3,0,3,3,0,3,0,0,0,0,2
145742,manuginobili,,3,0,3,3,0,3,0,0,0,0,0
145744,AlvaroUribeVel,,3,0,3,3,0,3,0,0,0,0,2
145746,carrascolucas,,3,0,3,3,0,3,0,0,0,0,2
145747,juancabandie,,3,0,3,3,0,3,0,0,0,0,2
145749,TognettiDaniel,,2,0,2,2,0,2,0,0,0,0,2
145752,RandazzoF,,2,0,2,2,0,2,0,0,0,0,2
145753,juanabalmedina,,2,0,2,2,0,2,0,0,0,0,2
145756,chino_navarrook,,2,0,2,2,0,2,0,0,0,0,2
145759,CarlosHeller,,2,0,2,2,0,2,0,0,0,0,2
145762,RICALFONSIN,,2,0,2,2,0,2,0,0,0,0,2
145764,Sietecase,,2,0,2,2,0,2,0,0,0,0,2
145766,JorgeRivasRS,,2,0,2,2,0,2,0,0,0,0,2
145767,FernandezAnibal,,3,0,3,3,0,3,0,0,0,0,2
145768,perfilcom,,3,0,3,3,0,3,0,0,0,0,2
145769,infobaeamerica,,3,0,3,3,0,3,0,0,0,0,2
145770,DanteForesi,,2,0,2,2,0,2,0,0,0,0,2
145772,VHMok,,3,0,3,3,0,3,0,0,0,0,2
145774,TV_Publica,,3,0,3,3,0,3,0,0,0,0,2
145776,aliciakirchner,,2,0,2,2,0,2,0,0,0,0,2
145777,danielscioli,,3,0,3,3,0,3,0,0,0,0,2
145779,EricCalcagno,,2,0,2,2,0,2,0,0,0,0,2
145780,FelipeCalderon,,3,0,3,3,0,3,0,0,0,0,4
145781,chavezcandanga,,3,0,3,3,0,3,0,0,0,0,2
145782,Presidencia_Ec,,2,0,2,2,0,2,0,0,0,0,2
145783,hernanbrienza,,2,0,2,2,0,2,0,0,0,0,2
145784,CFKArgentina,,3,0,3,3,0,3,0,0,0,0,2
145785,LasCosasdelaUJA,,3,0,3,3,0,3,0,0,0,0,0
145787,Lang_learning,,3,0,3,3,0,3,0,0,0,0,0
145788,IESCosmeGarcia,,2,0,2,2,0,2,0,0,0,0,0
145790,MadridArtProces,,3,0,3,3,0,3,0,0,0,0,0
145792,ESNGirona,,2,0,2,2,0,2,0,0,0,0,0
145795,anamcruzj,,2,0,2,2,0,2,0,0,0,0,0
145796,lorperjim,,3,0,3,3,0,3,0,0,0,0,0
145798,ARQUITECNIC,,2,0,2,2,0,2,0,0,0,0,0
145823,hpotterquotes,,2,0,2,2,0,2,0,0,0,0,2
145824,PotterWorldUK,,2,0,2,2,0,2,0,0,0,0,2
145825,thisisbwright,,4,0,4,4,0,4,0,0,0,0,2
145862,EmblemThree,,2,0,2,2,0,2,0,0,0,0,2
145872,JoshDevineDrums,,2,0,2,2,0,2,0,0,0,0,2
145879,jaamiecurry,,2,0,2,2,0,2,0,0,0,0,2
145897,Lord_Voldemort7,,3,0,3,3,0,3,0,0,0,0,2
145911,ef_englishfirst,,2,0,2,2,0,2,0,0,0,0,2
145984,MilitaryHealy,,2,0,2,2,0,2,0,0,0,0,2
145991,karminmusic,,2,0,2,2,0,2,0,0,0,0,2
146006,peopleschoice,,2,0,2,2,0,2,0,0,0,0,2
146070,JessicaSimpson,,3,0,3,3,0,3,0,0,0,0,2
146086,Real_BabyLux,,2,0,2,2,0,2,0,0,0,0,2
146087,NandosUK,,3,0,3,3,0,3,0,0,0,0,2
146099,big_ben_clock,,3,0,3,3,0,3,0,0,0,0,2
146103,CodySimpson,,3,0,3,3,0,3,0,0,0,0,2
146104,LeRicette_,,3,0,3,3,0,3,0,0,0,0,3
146108,PuffoBrontolone,,4,0,4,4,0,4,0,0,0,0,3
146115,hannachecker,,2,0,2,2,0,2,0,0,0,0,3
146116,finchcar,,3,0,3,3,0,3,0,0,0,0,3
146118,Elettro_formaz,,3,0,3,3,0,3,0,0,0,0,3
146119,Roberta_Litty,,3,0,3,3,0,3,0,0,0,0,3
146130,johnnypalomba,,2,0,2,2,0,2,0,0,0,0,3
146138,ReTwitStars,,3,0,3,3,0,3,0,0,0,0,3
146143,SabrinaMerolla,,2,0,2,2,0,2,0,0,0,0,3
146144,android_italia,,2,0,2,2,0,2,0,0,0,0,3
146145,Beu_Snitch,,2,0,2,2,0,2,0,0,0,0,3
146152,talentedeurope,,2,0,2,2,0,2,0,0,0,0,2
146162,JeffreyHayzlett,,3,0,3,3,0,3,0,0,0,0,2
146163,Tech_Innovator,,3,0,3,3,0,3,0,0,0,0,2
146169,opencollegeuk,,2,0,2,2,0,2,0,0,0,0,2
146228,batorvergata,,2,0,2,2,0,2,0,0,0,0,2
146232,thesamball,,2,0,2,2,0,2,0,0,0,0,2
146233,eiesiglodeoro,,3,0,3,3,0,3,0,0,0,0,2
146261,DeutscheBank,,2,0,2,2,0,2,0,0,0,0,2
146320,UKBusExecutives,,2,0,2,2,0,2,0,0,0,0,2
146324,TheSocialMs,,3,0,3,3,0,3,0,0,0,0,2
146326,UKBusinessHour,,2,0,2,2,0,2,0,0,0,0,2
146327,Inventoryninja,,2,0,2,2,0,2,0,0,0,0,2
146332,DevonPopUpWed,,2,0,2,2,0,2,0,0,0,0,2
146343,BestWestern,,2,0,2,2,0,2,0,0,0,0,2
146347,HiltonHotels,,3,0,3,3,0,3,0,0,0,0,2
146396,ContinentalHote,,2,0,2,2,0,2,0,0,0,0,2
146401,WOInPlymouth,,2,0,2,2,0,2,0,0,0,0,2
146412,cityplym,,2,0,2,2,0,2,0,0,0,0,2
146434,santanderukbiz,,2,0,2,2,0,2,0,0,0,0,2
146459,tradegovuk,,2,0,2,2,0,2,0,0,0,0,2
146460,Plymouth_Live,,2,0,2,2,0,2,0,0,0,0,2
146462,britishchambers,,2,0,2,2,0,2,0,0,0,0,2
146464,fsb_policy,,3,0,3,3,0,3,0,0,0,0,2
146482,SyntraWest,,2,0,2,2,0,2,0,0,0,0,2
146489,Apprenticeships,,2,0,2,2,0,2,0,0,0,0,2
146490,erasmusparty,,3,0,3,3,0,3,0,0,0,0,7
146492,ll_uk,,2,0,2,2,0,2,0,0,0,0,3
146495,GenerationEurop,,3,0,3,3,0,3,0,0,0,0,2
146497,fh_joanneum,,2,0,2,2,0,2,0,0,0,0,2
146501,Ultragranada,,3,0,3,3,0,3,0,0,0,0,0
146502,AbrahamGranada_,,2,0,2,2,0,2,0,0,0,0,0
146503,Noti_Granada,,4,0,4,4,0,4,0,0,0,0,0
146505,YoSeDelGranada,,3,0,3,3,0,3,0,0,0,0,0
146507,dekotipo,,2,0,2,2,0,2,0,0,0,0,0
146520,DoosInteriorism,,2,0,2,2,0,2,0,0,0,0,0
146528,SuperPam,,2,0,2,2,0,2,0,0,0,0,0
146530,Espaciodecom,,2,0,2,2,0,2,0,0,0,0,0
146531,tres_studio,,2,0,2,2,0,2,0,0,0,0,0
146545,gastonydaniela,,2,0,2,2,0,2,0,0,0,0,0
146546,fsmuebles,,2,0,2,2,0,2,0,0,0,0,0
146558,motrilseo,,2,0,2,2,0,2,0,0,0,0,6
146563,hempsale,,2,0,2,2,0,2,0,0,0,0,0
146564,musicazul,,3,0,3,3,0,3,0,0,0,0,0
146570,ioniacob,,2,0,2,2,0,2,0,0,0,0,0
146572,josevtebolufer,,2,0,2,2,0,2,0,0,0,0,0
146608,SandraBloguer,,2,0,2,2,0,2,0,0,0,0,0
146611,esti_rizos,,2,0,2,2,0,2,0,0,0,0,0
146613,Conesedesocial1,,2,0,2,2,0,2,0,0,0,0,0
146614,AlbaDomeMora,,2,0,2,2,0,2,0,0,0,0,0
146621,full_de_95,,2,0,2,2,0,2,0,0,0,0,6
146622,WebyContenidos,,3,0,3,3,0,3,0,0,0,0,0
146637,chickiticas,,2,0,2,2,0,2,0,0,0,0,0
146643,anajorge5400,,3,0,3,3,0,3,0,0,0,0,4
146644,illanero,,2,0,2,2,0,2,0,0,0,0,4
146649,Madresencasa,,2,0,2,2,0,2,0,0,0,0,0
146651,PoesiaYRelatos,,3,0,3,3,0,3,0,0,0,0,0
146653,Ofertas__Online,,4,0,4,4,0,4,0,0,0,0,0
146670,basicalia,,2,0,2,2,0,2,0,0,0,0,0
146680,tresensocial,,3,0,3,3,0,3,0,0,0,0,0
146684,helenatxu,,2,0,2,2,0,2,0,0,0,0,1
146685,Saul_txt,,2,0,2,2,0,2,0,0,0,0,0
146696,MiguMac,,2,0,2,2,0,2,0,0,0,0,0
146703,The_Forgiven,,2,0,2,2,0,2,0,0,0,0,0
146710,AlexaBky,,2,0,2,2,0,2,0,0,0,0,0
146714,yung_karti,,2,0,2,2,0,2,0,0,0,0,0
146723,celton59,,2,0,2,2,0,2,0,0,0,0,0
146726,sciuto_agata,,2,0,2,2,0,2,0,0,0,0,3
146728,lifesdream1,,2,0,2,2,0,2,0,0,0,0,2
146976,tuttoingegnere,,2,0,2,2,0,2,0,0,0,0,3
146977,FondazioneCNI,,2,0,2,2,0,2,0,0,0,0,3
146978,ingegnerivr,,2,0,2,2,0,2,0,0,0,0,3
146979,Ord_IngegneriTN,,2,0,2,2,0,2,0,0,0,0,3
146980,OrdineIngSA,,2,0,2,2,0,2,0,0,0,0,3
146981,ordineingegneri,,2,0,2,2,0,2,0,0,0,0,3
146983,ORDINEingMI,,2,0,2,2,0,2,0,0,0,0,3
146988,EdiltecnicoIT,,2,0,2,2,0,2,0,0,0,0,3
147021,GPastanella,,2,0,2,2,0,2,0,0,0,0,3
147034,Afremov_Artist,,2,0,2,2,0,2,0,0,0,0,3
147046,KHCadenas,,2,0,2,2,0,2,0,0,0,0,6
147060,condorproperty,,3,0,3,3,0,3,0,0,0,0,3
147065,LamadiLacrime,,2,0,2,2,0,2,0,0,0,0,3
147072,AndrewMayne,,2,0,2,2,0,2,0,0,0,0,3
147074,nomoney_noparty,,2,0,2,2,0,2,0,0,0,0,1
147090,luigizanni,,2,0,2,2,0,2,0,0,0,0,3
147096,pladurbarato,,2,0,2,2,0,2,0,0,0,0,3
147115,duplikey,,3,0,3,3,0,3,0,0,0,0,3
147129,LEurispes,,2,0,2,2,0,2,0,0,0,0,3
147152,Dresscorner_it,,3,0,3,3,0,3,0,0,0,0,3
147158,ElComedorOnlus,,2,0,2,2,0,2,0,0,0,0,3
147160,syedbalkhi,,2,0,2,2,0,2,0,0,0,0,3
147161,GionataScapin,,2,0,2,2,0,2,0,0,0,0,3
147166,TranslateEarth,,2,0,2,2,0,2,0,0,0,0,1
147174,BucefaloArreda,,2,0,2,2,0,2,0,0,0,0,3
147178,IulianAndrei_07,,3,0,3,3,0,3,0,0,0,0,3
147192,DetectiveUK,,2,0,2,2,0,2,0,0,0,0,3
147193,Giurnal,,3,0,3,3,0,3,0,0,0,0,3
147197,AuthGerLearning,,2,0,2,2,0,2,0,0,0,0,1
147220,xojofr,,3,0,3,3,0,3,0,0,0,0,4
147223,LucaRossi369,,2,0,2,2,0,2,0,0,0,0,3
147225,MPanarari,,2,0,2,2,0,2,0,0,0,0,3
147257,teatrodipisa,,2,0,2,2,0,2,0,0,0,0,3
147316,FrammentidiTosc,,2,0,2,2,0,2,0,0,0,0,3
147332,PisaConnection,,2,0,2,2,0,2,0,0,0,0,3
147346,sandrasiciliani,,2,0,2,2,0,2,0,0,0,0,3
147348,OffsidePisa,,2,0,2,2,0,2,0,0,0,0,3
147387,QuiNewsPisa,,2,0,2,2,0,2,0,0,0,0,3
147390,marco_micera,,2,0,2,2,0,2,0,0,0,0,3
147415,CrocieristaCom,,3,0,3,3,0,3,0,0,0,0,0
147437,LucaIovine6,,2,0,2,2,0,2,0,0,0,0,1
147440,great180373,,2,0,2,2,0,2,0,0,0,0,3
147468,vitoverrastro,,2,0,2,2,0,2,0,0,0,0,1
147479,MariaLatella,,2,0,2,2,0,2,0,0,0,0,3
147482,OrientaSpa,,2,0,2,2,0,2,0,0,0,0,3
147485,AIDP_Toscana,,2,0,2,2,0,2,0,0,0,0,3
147522,HubDocet,,2,0,2,2,0,2,0,0,0,0,3
147523,FondazCampus,,2,0,2,2,0,2,0,0,0,0,3
147526,Disiess,,2,0,2,2,0,2,0,0,0,0,6
147530,LeddaSabrina,,3,0,3,3,0,3,0,0,0,0,3
147531,Ruscio_Marco,,2,0,2,2,0,2,0,0,0,0,3
147533,Brunurupucis_I,,2,0,2,2,0,2,0,0,0,0,3
147535,SteBaglivi,,3,0,3,3,0,3,0,0,0,0,3
147538,sai_unipi,,2,0,2,2,0,2,0,0,0,0,3
147539,matteo_comello,,2,0,2,2,0,2,0,0,0,0,3
147541,MassiLepera,,2,0,2,2,0,2,0,0,0,0,3
147543,valeriopepedj,,3,0,3,3,0,3,0,0,0,0,3
147552,Laveralallia,,2,0,2,2,0,2,0,0,0,0,3
147559,Ste_pigna,,3,0,3,3,0,3,0,0,0,0,3
147560,BancaDelTempoPI,,2,0,2,2,0,2,0,0,0,0,3
147562,AngeloDondarini,,2,0,2,2,0,2,0,0,0,0,3
147584,PisaTurismo,,2,0,2,2,0,2,0,0,0,0,3
147589,politicapolis,,2,0,2,2,0,2,0,0,0,0,3
147598,andreamartella,,2,0,2,2,0,2,0,0,0,0,3
147599,LavoroFisco,,3,0,3,3,0,3,0,0,0,0,3
147623,GiusMelillo,,3,0,3,3,0,3,0,0,0,0,3
147633,luifam,,2,0,2,2,0,2,0,0,0,0,3
147652,marziofatucchi,,2,0,2,2,0,2,0,0,0,0,3
147654,luciadesiervo,,2,0,2,2,0,2,0,0,0,0,3
147656,andreatemplari,,2,0,2,2,0,2,0,0,0,0,3
147679,AndreaSimbula,,2,0,2,2,0,2,0,0,0,0,6
147690,zabov,,2,0,2,2,0,2,0,0,0,0,3
147692,michelecmassari,,3,0,3,3,0,3,0,0,0,0,1
147700,nextnao,,2,0,2,2,0,2,0,0,0,0,3
147702,ENEAOfficial,,2,0,2,2,0,2,0,0,0,0,1
147720,PaesiEmergenti,,2,0,2,2,0,2,0,0,0,0,3
147729,arqoo_,,2,0,2,2,0,2,0,0,0,0,3
147731,Fesit_,,2,0,2,2,0,2,0,0,0,0,3
147779,donTonio66,,2,0,2,2,0,2,0,0,0,0,3
147798,mauriziosia,,3,0,3,3,0,3,0,0,0,0,3
147806,distefanovalori,,2,0,2,2,0,2,0,0,0,0,3
147810,EcoSost,,2,0,2,2,0,2,0,0,0,0,3
147816,alfreddoealblog,,2,0,2,2,0,2,0,0,0,0,3
147858,anbarone,,2,0,2,2,0,2,0,0,0,0,3
147878,fellowplanner,,2,0,2,2,0,2,0,0,0,0,1
147880,metallirari,,2,0,2,2,0,2,0,0,0,0,3
147898,IVANblinko,,2,0,2,2,0,2,0,0,0,0,3
147939,AnnaMinimal,,2,0,2,2,0,2,0,0,0,0,3
147960,SlowFoodToscana,,2,0,2,2,0,2,0,0,0,0,3
148022,pixelfy,,2,0,2,2,0,2,0,0,0,0,3
148032,letquotescomedy,,2,0,2,2,0,2,0,0,0,0,4
148061,okcomunicare,,2,0,2,2,0,2,0,0,0,0,3
148062,Tv_Animalista,,2,0,2,2,0,2,0,0,0,0,6
148073,UmbertoNeva,,2,0,2,2,0,2,0,0,0,0,7
148078,spaziolavoro,,2,0,2,2,0,2,0,0,0,0,3
148079,TwitITa1,,2,0,2,2,0,2,0,0,0,0,3
148087,SocialGoodLife,,2,0,2,2,0,2,0,0,0,0,3
148105,israelexpo2015,,2,0,2,2,0,2,0,0,0,0,3
148113,FulvioMensurati,,2,0,2,2,0,2,0,0,0,0,3
148116,SpazioEconomia,,2,0,2,2,0,2,0,0,0,0,1
148120,cristimusacchio,,2,0,2,2,0,2,0,0,0,0,3
148121,GiuseppeVabero,,2,0,2,2,0,2,0,0,0,0,3
148138,BraveCommSrl,,2,0,2,2,0,2,0,0,0,0,3
148139,CarlosLAsensio,,2,0,2,2,0,2,0,0,0,0,1
148146,iDeepuDJ,,2,0,2,2,0,2,0,0,0,0,6
148151,ssilvia13,,2,0,2,2,0,2,0,0,0,0,3
148155,MaxApi,,2,0,2,2,0,2,0,0,0,0,3
148156,continimarco,,2,0,2,2,0,2,0,0,0,0,3
148157,alexethno,,2,0,2,2,0,2,0,0,0,0,3
148158,quacos,,2,0,2,2,0,2,0,0,0,0,2
148159,Marileda,,2,0,2,2,0,2,0,0,0,0,7
148161,MARIELLA7172,,2,0,2,2,0,2,0,0,0,0,2
148162,mindtapes,,2,0,2,2,0,2,0,0,0,0,3
148164,ilburch,,2,0,2,2,0,2,0,0,0,0,2
148166,lisadagliocchib,,2,0,2,2,0,2,0,0,0,0,2
148170,GiacAl2,,2,0,2,2,0,2,0,0,0,0,2
148174,Official_Cat,,2,0,2,2,0,2,0,0,0,0,3
148175,TerrinoniL,,2,0,2,2,0,2,0,0,0,0,2
148179,benitotar,,2,0,2,2,0,2,0,0,0,0,3
148184,milena131168,,3,0,3,3,0,3,0,0,0,0,7
148187,giovanni_bua,,2,0,2,2,0,2,0,0,0,0,3
148189,paolorm2012,,2,0,2,2,0,2,0,0,0,0,2
148190,tommasoscala52,,2,0,2,2,0,2,0,0,0,0,2
148191,MarioneBello,,2,0,2,2,0,2,0,0,0,0,3
148199,earthdayunisa,,2,0,2,2,0,2,0,0,0,0,1
148212,riccardomrcnt,,2,0,2,2,0,2,0,0,0,0,0
148219,Bio24IT,,2,0,2,2,0,2,0,0,0,0,3
148224,TOPBRASSVODKA,,2,0,2,2,0,2,0,0,0,0,0
148225,AntonellaZimbra,,2,0,2,2,0,2,0,0,0,0,3
148227,RobertoOpprani,,2,0,2,2,0,2,0,0,0,0,3
148262,CasinoJunketRep,,2,0,2,2,0,2,0,0,0,0,2
148265,MarcoStrugi,,2,0,2,2,0,2,0,0,0,0,3
148277,Enzo_Piccolo,,2,0,2,2,0,2,0,0,0,0,3
148279,udhservices,,2,0,2,2,0,2,0,0,0,0,3
148293,SalvatoreTruzz,,2,0,2,2,0,2,0,0,0,0,3
148297,MariannaCubiti,,2,0,2,2,0,2,0,0,0,0,3
148317,CorradoCoen,,2,0,2,2,0,2,0,0,0,0,3
148325,AndreaLicuzzi,,2,0,2,2,0,2,0,0,0,0,3
148326,ViviLaCampagna,,2,0,2,2,0,2,0,0,0,0,3
148340,karljcompton,,2,0,2,2,0,2,0,0,0,0,7
148343,BenjaminCGeorge,,3,0,3,3,0,3,0,0,0,0,1
148357,BenazziPeter,,2,0,2,2,0,2,0,0,0,0,3
148359,247Currency,,2,0,2,2,0,2,0,0,0,0,1
148374,TheSmokyPoet,,2,0,2,2,0,2,0,0,0,0,4
148382,Borderline_srl,,2,0,2,2,0,2,0,0,0,0,3
148412,SorrentoPost,,2,0,2,2,0,2,0,0,0,0,7
148427,londranewsblog,,2,0,2,2,0,2,0,0,0,0,3
148429,swissbusiness,,3,0,3,3,0,3,0,0,0,0,4
148432,DavideCuccato,,2,0,2,2,0,2,0,0,0,0,3
148440,TGC_Consultants,,3,0,3,3,0,3,0,0,0,0,6
148442,50Plushealths,,2,0,2,2,0,2,0,0,0,0,0
148448,SensaSenzo_com,,2,0,2,2,0,2,0,0,0,0,3
148453,LauricellaOggi,,2,0,2,2,0,2,0,0,0,0,3
148458,gemmadestefanis,,2,0,2,2,0,2,0,0,0,0,3
148460,PdDem,,2,0,2,2,0,2,0,0,0,0,3
148464,vpalterego,,2,0,2,2,0,2,0,0,0,0,3
148480,indieeye,,3,0,3,3,0,3,0,0,0,0,2
148495,SkyBurnsRedBand,,2,0,2,2,0,2,0,0,0,0,6
148498,Mietinotizie,,2,0,2,2,0,2,0,0,0,0,3
148506,TweetDaRidere,,2,0,2,2,0,2,0,0,0,0,7
148510,kylejnorton,,2,0,2,2,0,2,0,0,0,0,0
148538,StevehMills,,2,0,2,2,0,2,0,0,0,0,2
148540,leti_palmisano,,2,0,2,2,0,2,0,0,0,0,3
148566,TuoWeb,,2,0,2,2,0,2,0,0,0,0,3
148569,GirIsTruth,,2,0,2,2,0,2,0,0,0,0,0
148572,Habitami,,2,0,2,2,0,2,0,0,0,0,3
148579,degaetanoandre,,2,0,2,2,0,2,0,0,0,0,2
148580,silviadoneddu,,3,0,3,3,0,3,0,0,0,0,1
148604,rencyfigueroa,,2,0,2,2,0,2,0,0,0,0,2
148605,culturingeu,,2,0,2,2,0,2,0,0,0,0,6
148610,F2Msas,,2,0,2,2,0,2,0,0,0,0,3
148614,KP_Kelly,,2,0,2,2,0,2,0,0,0,0,3
148617,Curiosone_,,2,0,2,2,0,2,0,0,0,0,3
148625,DrunkenMOnk3,,2,0,2,2,0,2,0,0,0,0,2
148630,radiotabu,,3,0,3,3,0,3,0,0,0,0,7
148645,zuandoemkta,,4,0,4,4,0,4,0,0,0,0,0
148648,DreamingAmeric1,,2,0,2,2,0,2,0,0,0,0,3
148650,ItaliaSalva,,2,0,2,2,0,2,0,0,0,0,7
148651,insider_page,,3,0,3,3,0,3,0,0,0,0,7
148662,SATXEvents,,2,0,2,2,0,2,0,0,0,0,1
148664,LifeAsChrisT,,2,0,2,2,0,2,0,0,0,0,2
148675,RemarkableJamie,,2,0,2,2,0,2,0,0,0,0,4
148685,RedBaseLists,,2,0,2,2,0,2,0,0,0,0,2
148688,HadleighPainter,,2,0,2,2,0,2,0,0,0,0,2
148690,AssociazioneSH,,3,0,3,3,0,3,0,0,0,0,1
148701,_KatieOnline,,2,0,2,2,0,2,0,0,0,0,2
148716,angelacasciaro,,2,0,2,2,0,2,0,0,0,0,2
148731,SubEWL,,2,0,2,2,0,2,0,0,0,0,7
148738,angeveggenza,,2,0,2,2,0,2,0,0,0,0,3
148740,ShmooReport,,2,0,2,2,0,2,0,0,0,0,7
148744,Davide_Severino,,2,0,2,2,0,2,0,0,0,0,6
148747,BackstageProdCo,,2,0,2,2,0,2,0,0,0,0,0
148753,123top10,,3,0,3,3,0,3,0,0,0,0,2
148754,Nico89nm,,2,0,2,2,0,2,0,0,0,0,2
148758,angelostefani78,,2,0,2,2,0,2,0,0,0,0,2
148771,casaimpattozero,,2,0,2,2,0,2,0,0,0,0,3
148780,MaricaGusmitta,,2,0,2,2,0,2,0,0,0,0,2
148785,PIEROFATICONI,,2,0,2,2,0,2,0,0,0,0,2
148808,FCoratti,,2,0,2,2,0,2,0,0,0,0,2
148811,luigicrespi,,3,0,3,3,0,3,0,0,0,0,3
148821,khalidak,,2,0,2,2,0,2,0,0,0,0,2
148823,giovannitundo,,2,0,2,2,0,2,0,0,0,0,2
148824,Adrastea_it,,2,0,2,2,0,2,0,0,0,0,1
148828,GordonMakryllos,,3,0,3,3,0,3,0,0,0,0,0
148833,moneyfarmITA,,2,0,2,2,0,2,0,0,0,0,3
148842,Brunella1976,,2,0,2,2,0,2,0,0,0,0,2
148847,Virus1979C,,2,0,2,2,0,2,0,0,0,0,2
148853,EDGARD_UK,,2,0,2,2,0,2,0,0,0,0,0
148871,Crisi_Finanza,,2,0,2,2,0,2,0,0,0,0,3
148872,AndFranchini,,2,0,2,2,0,2,0,0,0,0,3
148878,TheNomadicKing,,2,0,2,2,0,2,0,0,0,0,2
148882,acpalenese,,2,0,2,2,0,2,0,0,0,0,3
148886,BarzelletteTop,,2,0,2,2,0,2,0,0,0,0,7
148889,PsicologiaLdc,,4,0,4,4,0,4,0,0,0,0,3
148898,breveinutile,,2,0,2,2,0,2,0,0,0,0,2
148910,AISA_ITALIA,,2,0,2,2,0,2,0,0,0,0,1
148919,AlessioFollieri,,2,0,2,2,0,2,0,0,0,0,2
148930,FLAMURCUBA,,2,0,2,2,0,2,0,0,0,0,2
148937,Allynverosimile,,2,0,2,2,0,2,0,0,0,0,3
148942,IgorNaming,,3,0,3,3,0,3,0,0,0,0,3
148950,coisinha_,,3,0,3,3,0,3,0,0,0,0,0
148956,_Woman_health,,2,0,2,2,0,2,0,0,0,0,6
148958,mario_mosca,,2,0,2,2,0,2,0,0,0,0,2
148959,petersenjoe,,2,0,2,2,0,2,0,0,0,0,2
148987,TheNorba,,2,0,2,2,0,2,0,0,0,0,7
148990,ClaraSteventh,,2,0,2,2,0,2,0,0,0,0,3
148993,VallEtrusca,,2,0,2,2,0,2,0,0,0,0,3
148995,ITALYpage,,2,0,2,2,0,2,0,0,0,0,3
149000,DilettaMossi,,2,0,2,2,0,2,0,0,0,0,3
149009,lacattedralesui,,2,0,2,2,0,2,0,0,0,0,3
149011,TruthOverDark,,2,0,2,2,0,2,0,0,0,0,3
149012,Sarabocconi123,,2,0,2,2,0,2,0,0,0,0,3
149017,PINKSUCHKA,,2,0,2,2,0,2,0,0,0,0,7
149020,NetbergItalia,,2,0,2,2,0,2,0,0,0,0,3
149034,l_paniale,,2,0,2,2,0,2,0,0,0,0,3
149039,AnnuskaCordin,,2,0,2,2,0,2,0,0,0,0,3
149045,Andrea_Radic,,2,0,2,2,0,2,0,0,0,0,3
149052,kingext,,2,0,2,2,0,2,0,0,0,0,4
149054,MondoEconomia,,2,0,2,2,0,2,0,0,0,0,3
149055,jngraphs,,2,0,2,2,0,2,0,0,0,0,4
149057,PROJECTDKNIGHT,,2,0,2,2,0,2,0,0,0,0,0
149065,incomeincubator,,2,0,2,2,0,2,0,0,0,0,3
149067,MarcG_69,,2,0,2,2,0,2,0,0,0,0,3
149076,iPressLIVE,,2,0,2,2,0,2,0,0,0,0,3
149086,reaprogi,,2,0,2,2,0,2,0,0,0,0,3
149087,toronto4real,,2,0,2,2,0,2,0,0,0,0,4
149098,Iconixx,,2,0,2,2,0,2,0,0,0,0,3
149108,FrancyGerma,,2,0,2,2,0,2,0,0,0,0,7
149112,LinePlayItalia,,2,0,2,2,0,2,0,0,0,0,3
149116,MarjiJSherman,,2,0,2,2,0,2,0,0,0,0,3
149119,marcogigliola,,2,0,2,2,0,2,0,0,0,0,7
149123,medicinalive,,2,0,2,2,0,2,0,0,0,0,3
149124,lussuosissimo,,2,0,2,2,0,2,0,0,0,0,3
149133,katerinablat,,2,0,2,2,0,2,0,0,0,0,3
149145,laurafregali,,2,0,2,2,0,2,0,0,0,0,3
149164,saverioweb,,2,0,2,2,0,2,0,0,0,0,3
149166,K1BOXINGCAPURSO,,2,0,2,2,0,2,0,0,0,0,3
149178,GiulioAdriani,,3,0,3,3,0,3,0,0,0,0,3
149191,miriamamm58,,2,0,2,2,0,2,0,0,0,0,3
149193,Lholitha,,2,0,2,2,0,2,0,0,0,0,7
149201,MiaBeltramuccia,,2,0,2,2,0,2,0,0,0,0,3
149207,CaminoMyWay,,2,0,2,2,0,2,0,0,0,0,7
149213,eThrive,,3,0,3,3,0,3,0,0,0,0,2
149214,MarcGuberti,,3,0,3,3,0,3,0,0,0,0,2
149216,MalcaTeresa,,2,0,2,2,0,2,0,0,0,0,7
149233,pier61,,2,0,2,2,0,2,0,0,0,0,3
149237,FredPageSF,,2,0,2,2,0,2,0,0,0,0,4
149266,ArmaniEnzo,,3,0,3,3,0,3,0,0,0,0,3
149269,LocalGeniusnews,,2,0,2,2,0,2,0,0,0,0,3
149270,Alter__Ugo,,2,0,2,2,0,2,0,0,0,0,3
149271,GlobalRiskIns,,2,0,2,2,0,2,0,0,0,0,3
149272,FratoniR,,2,0,2,2,0,2,0,0,0,0,3
149273,LuigiImpollonia,,2,0,2,2,0,2,0,0,0,0,3
149274,Rebis3,,2,0,2,2,0,2,0,0,0,0,3
149276,Agenzia_PLUS,,2,0,2,2,0,2,0,0,0,0,7
149277,massimo_zecca,,4,0,4,4,0,4,0,0,0,0,3
149284,isaura608,,2,0,2,2,0,2,0,0,0,0,2
149285,oinot49_nonsoio,,2,0,2,2,0,2,0,0,0,0,2
149288,Alfama_goa,,3,0,3,3,0,3,0,0,0,0,3
149292,GFawkes_,,2,0,2,2,0,2,0,0,0,0,2
149293,roby_italy_51,,2,0,2,2,0,2,0,0,0,0,2
149295,Giacinto_Bruno,,2,0,2,2,0,2,0,0,0,0,3
149296,LukeRomyn,,2,0,2,2,0,2,0,0,0,0,7
149300,CollChris,,2,0,2,2,0,2,0,0,0,0,7
149301,machavelli7,,3,0,3,3,0,3,0,0,0,0,7
149304,jeffsheehan,,3,0,3,3,0,3,0,0,0,0,7
149308,Tuscany_World,,2,0,2,2,0,2,0,0,0,0,1
149321,viamorandi28,,2,0,2,2,0,2,0,0,0,0,3
149326,ApocalisseLaica,,2,0,2,2,0,2,0,0,0,0,3
149329,Gianfranco2245,,2,0,2,2,0,2,0,0,0,0,2
149331,konomoronao,,2,0,2,2,0,2,0,0,0,0,2
149352,CseMatta,,3,0,3,3,0,3,0,0,0,0,3
149394,MejoresMasters,,3,0,3,3,0,3,0,0,0,0,4
149395,Viaggiaresicuri,,2,0,2,2,0,2,0,0,0,0,3
149410,PaoloManili1,,2,0,2,2,0,2,0,0,0,0,3
149422,pdiscoveryuk,,3,0,3,3,0,3,0,0,0,0,1
149425,Pietros1,,2,0,2,2,0,2,0,0,0,0,0
149438,toninog2,,2,0,2,2,0,2,0,0,0,0,3
149451,xuzuv,,2,0,2,2,0,2,0,0,0,0,4
149454,paramoreUK,,3,0,3,3,0,3,0,0,0,0,6
149462,MoriMrc,,2,0,2,2,0,2,0,0,0,0,2
149478,darioamante,,2,0,2,2,0,2,0,0,0,0,2
149479,bwdradio_,,2,0,2,2,0,2,0,0,0,0,4
149483,ielupu,,2,0,2,2,0,2,0,0,0,0,2
149485,lucia_pal,,2,0,2,2,0,2,0,0,0,0,3
149494,marcocf69,,2,0,2,2,0,2,0,0,0,0,2
149501,Tweets4Pay,,3,0,3,3,0,3,0,0,0,0,0
149519,homepiemonte,,2,0,2,2,0,2,0,0,0,0,2
149529,artwiz,,3,0,3,3,0,3,0,0,0,0,3
149530,techweev,,2,0,2,2,0,2,0,0,0,0,2
149531,earthscraft,,2,0,2,2,0,2,0,0,0,0,2
149538,RomanoAmodeo,,2,0,2,2,0,2,0,0,0,0,3
149551,AdviseOnly,,2,0,2,2,0,2,0,0,0,0,3
149592,high_on_glitter,,2,0,2,2,0,2,0,0,0,0,0
149604,BenMcGilloway,,2,0,2,2,0,2,0,0,0,0,3
149606,Sushant196,,2,0,2,2,0,2,0,0,0,0,0
149609,mrdad,,2,0,2,2,0,2,0,0,0,0,0
149628,RealmentePienso,,2,0,2,2,0,2,0,0,0,0,6
149643,LeoSegoviaOk,,2,0,2,2,0,2,0,0,0,0,0
149686,MariluHerrera,,2,0,2,2,0,2,0,0,0,0,2
149688,mwbloem,,2,0,2,2,0,2,0,0,0,0,3
149718,alessandrozorco,,2,0,2,2,0,2,0,0,0,0,3
149721,MostlyWriting,,2,0,2,2,0,2,0,0,0,0,7
149729,DrPetacas,,3,0,3,3,0,3,0,0,0,0,6
149750,loregadda,,2,0,2,2,0,2,0,0,0,0,2
149752,DrEddyClinic,,2,0,2,2,0,2,0,0,0,0,7
149753,DrEddyMD,,2,0,2,2,0,2,0,0,0,0,2
149762,ict_innovazione,,2,0,2,2,0,2,0,0,0,0,3
149770,lookeastwest,,2,0,2,2,0,2,0,0,0,0,0
149775,iPauuuuul,,2,0,2,2,0,2,0,0,0,0,6
149792,DanielMezick,,3,0,3,3,0,3,0,0,0,0,2
149809,emersonnatal,,2,0,2,2,0,2,0,0,0,0,0
149811,basttiao,,3,0,3,3,0,3,0,0,0,0,0
149812,leadintogold,,2,0,2,2,0,2,0,0,0,0,2
149828,piercearrow33,,2,0,2,2,0,2,0,0,0,0,3
149838,FotoSplendide,,2,0,2,2,0,2,0,0,0,0,7
149843,campania24news,,2,0,2,2,0,2,0,0,0,0,3
149844,lavoronarrato,,2,0,2,2,0,2,0,0,0,0,3
149853,StephenCaggiano,,2,0,2,2,0,2,0,0,0,0,3
149859,pontremolitoday,,2,0,2,2,0,2,0,0,0,0,2
149888,PaoloAcciai,,2,0,2,2,0,2,0,0,0,0,3
149904,RareCat,,2,0,2,2,0,2,0,0,0,0,7
149907,francopizzetti,,2,0,2,2,0,2,0,0,0,0,3
149909,_RiveraCecy,,2,0,2,2,0,2,0,0,0,0,2
149917,paola0071,,2,0,2,2,0,2,0,0,0,0,2
149935,DaniNierenberg,,2,0,2,2,0,2,0,0,0,0,3
149939,ClimateCoLab,,2,0,2,2,0,2,0,0,0,0,1
149947,RogerBezanis,,2,0,2,2,0,2,0,0,0,0,7
149961,Eliopig,,2,0,2,2,0,2,0,0,0,0,3
149967,DrJeffersnBoggs,,2,0,2,2,0,2,0,0,0,0,7
149969,MarcePCsolution,,3,0,3,3,0,3,0,0,0,0,2
149981,AlteaFerrari,,2,0,2,2,0,2,0,0,0,0,2
149986,redsandmore,,2,0,2,2,0,2,0,0,0,0,3
149987,ceebee308,,2,0,2,2,0,2,0,0,0,0,7
150018,ClimaWorld,,2,0,2,2,0,2,0,0,0,0,0
150020,curioso_soy,,2,0,2,2,0,2,0,0,0,0,3
150022,MarcelaHerreraR,,2,0,2,2,0,2,0,0,0,0,2
150025,TanKwanHong,,2,0,2,2,0,2,0,0,0,0,3
150039,VonWolf9,,2,0,2,2,0,2,0,0,0,0,2
150050,rinoferrigno1,,2,0,2,2,0,2,0,0,0,0,3
150058,arikring,,2,0,2,2,0,2,0,0,0,0,1
150061,London_4_Ever,,2,0,2,2,0,2,0,0,0,0,3
150063,analphabeta,,2,0,2,2,0,2,0,0,0,0,6
150072,CORELANSL,,2,0,2,2,0,2,0,0,0,0,0
150077,bit3lux,,2,0,2,2,0,2,0,0,0,0,3
150078,Llauretta42,,2,0,2,2,0,2,0,0,0,0,2
150079,sandybat1,,2,0,2,2,0,2,0,0,0,0,2
150083,ManuelaVacca,,2,0,2,2,0,2,0,0,0,0,3
150088,Locowise,,2,0,2,2,0,2,0,0,0,0,7
150094,bolisab,,2,0,2,2,0,2,0,0,0,0,2
150098,tangledskein200,,2,0,2,2,0,2,0,0,0,0,3
150104,Art4anyone,,2,0,2,2,0,2,0,0,0,0,4
150120,gazzettalavoro,,2,0,2,2,0,2,0,0,0,0,3
150158,John_M_Bailey,,2,0,2,2,0,2,0,0,0,0,7
150174,aldoceccarelli,,3,0,3,3,0,3,0,0,0,0,3
150179,leparolebelle,,3,0,3,3,0,3,0,0,0,0,3
150182,la_lella95,,2,0,2,2,0,2,0,0,0,0,3
150183,joyfar01,,2,0,2,2,0,2,0,0,0,0,3
150184,Squittymouse,,2,0,2,2,0,2,0,0,0,0,3
150192,kaspo,,3,0,3,3,0,3,0,0,0,0,3
150209,RehostAcademy,,2,0,2,2,0,2,0,0,0,0,3
150210,bobtailcharlie,,2,0,2,2,0,2,0,0,0,0,0
150219,mmauripd,,2,0,2,2,0,2,0,0,0,0,3
150230,Federico_Varazi,,2,0,2,2,0,2,0,0,0,0,3
150232,AIteam1516,,3,0,3,3,0,3,0,0,0,0,1
150234,AIESECKenyatta,,3,0,3,3,0,3,0,0,0,0,3
150235,NATODepSpox,,2,0,2,2,0,2,0,0,0,0,3
150236,NATOpress,,3,0,3,3,0,3,0,0,0,0,3
150251,propublica,,2,0,2,2,0,2,0,0,0,0,3
150261,Federmanager,,2,0,2,2,0,2,0,0,0,0,3
150262,manageritalia,,2,0,2,2,0,2,0,0,0,0,3
150273,tigullio_tweet,,2,0,2,2,0,2,0,0,0,0,7
150282,AlojamientoTemp,,3,0,3,3,0,3,0,0,0,0,1
150289,AIESECinBelgium,,3,0,3,3,0,3,0,0,0,0,7
150291,aieseclife,,3,0,3,3,0,3,0,0,0,0,3
150292,AIESECMauritius,,2,0,2,2,0,2,0,0,0,0,3
150295,torinopiemonte,,2,0,2,2,0,2,0,0,0,0,3
150304,Ansa_Piemonte,,2,0,2,2,0,2,0,0,0,0,3
150305,piemonte_is,,2,0,2,2,0,2,0,0,0,0,3
150306,crpiemonte,,2,0,2,2,0,2,0,0,0,0,3
150307,_NissanElectric,,2,0,2,2,0,2,0,0,0,0,3
150310,marjoriepaillon,,2,0,2,2,0,2,0,0,0,0,7
150319,aiesecinuoc,,2,0,2,2,0,2,0,0,0,0,3
150322,AIESECFederico2,,2,0,2,2,0,2,0,0,0,0,3
150324,AIESECBonn,,2,0,2,2,0,2,0,0,0,0,3
150326,AIESEC_alumni,,2,0,2,2,0,2,0,0,0,0,3
150332,DescubriendoAlr,,2,0,2,2,0,2,0,0,0,0,3
150379,henrifiesta,,2,0,2,2,0,2,0,0,0,0,3
150386,Recode,,2,0,2,2,0,2,0,0,0,0,3
150388,AIESEC_Croatia,,3,0,3,3,0,3,0,0,0,0,3
150389,thedailybeast,,3,0,3,3,0,3,0,0,0,0,2
150390,voxdotcom,,2,0,2,2,0,2,0,0,0,0,3
150392,mic,,2,0,2,2,0,2,0,0,0,0,1
150394,Susiedoozie,,2,0,2,2,0,2,0,0,0,0,3
150397,AIESECUBC,,3,0,3,3,0,3,0,0,0,0,3
150398,AIESEC_Moscow,,2,0,2,2,0,2,0,0,0,0,3
150399,AIESECVietnam,,3,0,3,3,0,3,0,0,0,0,3
150401,AIESECNZ,,3,0,3,3,0,3,0,0,0,0,3
150406,AIESECWag,,2,0,2,2,0,2,0,0,0,0,3
150407,aiesecmaringa,,2,0,2,2,0,2,0,0,0,0,3
150419,tomasberdych,,2,0,2,2,0,2,0,0,0,0,2
150422,AngeliqueKerber,,2,0,2,2,0,2,0,0,0,0,5
150438,AIESEC_Conce,,2,0,2,2,0,2,0,0,0,0,3
150439,AIESECinSwiss,,3,0,3,3,0,3,0,0,0,0,3
150440,roma2024,,2,0,2,2,0,2,0,0,0,0,3
150441,Federugby,,2,0,2,2,0,2,0,0,0,0,3
150442,AtletidItalia,,2,0,2,2,0,2,0,0,0,0,3
150443,atleticaitalia,,2,0,2,2,0,2,0,0,0,0,3
150444,FIATUSA,,2,0,2,2,0,2,0,0,0,0,2
150446,Buick,,2,0,2,2,0,2,0,0,0,0,2
150447,Chrysler,,2,0,2,2,0,2,0,0,0,0,2
150448,FiatChrysler_NA,,2,0,2,2,0,2,0,0,0,0,2
150452,Kia,,2,0,2,2,0,2,0,0,0,0,2
150453,MazdaUSA,,2,0,2,2,0,2,0,0,0,0,3
150454,Hyundai,,2,0,2,2,0,2,0,0,0,0,2
150456,FordMustang,,2,0,2,2,0,2,0,0,0,0,2
150457,Cadillac,,2,0,2,2,0,2,0,0,0,0,3
150458,Ford,,3,0,3,3,0,3,0,0,0,0,3
150460,BMWUSA,,2,0,2,2,0,2,0,0,0,0,2
150461,chevrolet,,2,0,2,2,0,2,0,0,0,0,3
150462,AIESEC_Denmark,,3,0,3,3,0,3,0,0,0,0,7
150463,MercedesBenzUSA,,3,0,3,3,0,3,0,0,0,0,2
150465,LandRoverUSA,,2,0,2,2,0,2,0,0,0,0,2
150467,Porsche,,2,0,2,2,0,2,0,0,0,0,3
150468,alfa_romeo,,3,0,3,3,0,3,0,0,0,0,0
150469,AIESEC_QUT,,3,0,3,3,0,3,0,0,0,0,3
150473,aiesec_kolkata,,2,0,2,2,0,2,0,0,0,0,3
150474,AIESECAustralia,,2,0,2,2,0,2,0,0,0,0,3
150476,AIESEC_UdeStgo,,2,0,2,2,0,2,0,0,0,0,3
150479,AIESECSEMARANG,,3,0,3,3,0,3,0,0,0,0,3
150481,aiesecindonesia,,2,0,2,2,0,2,0,0,0,0,3
150482,AIESECcolorado,,2,0,2,2,0,2,0,0,0,0,3
150483,aaahk,,2,0,2,2,0,2,0,0,0,0,3
150484,AIESECIndiana,,3,0,3,3,0,3,0,0,0,0,2
150485,AIESECenMexico,,3,0,3,3,0,3,0,0,0,0,3
150490,aiesecusp,,2,0,2,2,0,2,0,0,0,0,3
150491,AIESEC_Brasilia,,2,0,2,2,0,2,0,0,0,0,3
150495,aiesec_curitiba,,2,0,2,2,0,2,0,0,0,0,3
150496,AIESECConcordia,,2,0,2,2,0,2,0,0,0,0,3
150497,AIESEC_Windsor,,2,0,2,2,0,2,0,0,0,0,3
150498,aiesecub,,2,0,2,2,0,2,0,0,0,0,3
150499,AIESECEdmonton,,2,0,2,2,0,2,0,0,0,0,3
150500,AIESECCraiova,,2,0,2,2,0,2,0,0,0,0,3
150501,aiesecmanipal,,2,0,2,2,0,2,0,0,0,0,8
150502,AIESEC_Muenster,,3,0,3,3,0,3,0,0,0,0,3
150503,aieseciitkgp,,2,0,2,2,0,2,0,0,0,0,3
150504,AIESECserbia,,3,0,3,3,0,3,0,0,0,0,3
150505,AIESECinNorway,,3,0,3,3,0,3,0,0,0,0,3
150506,AIESECNYC,,2,0,2,2,0,2,0,0,0,0,3
150507,AIESEC_IQS,,3,0,3,3,0,3,0,0,0,0,3
150510,AIESECYale,,2,0,2,2,0,2,0,0,0,0,3
150511,aiesecillinois,,2,0,2,2,0,2,0,0,0,0,3
150512,AIESECTernopil,,3,0,3,3,0,3,0,0,0,0,3
150513,aiesecrussia,,3,0,3,3,0,3,0,0,0,0,3
150514,AIESECBrasil,,2,0,2,2,0,2,0,0,0,0,3
150515,aiesecbh,,3,0,3,3,0,3,0,0,0,0,3
150516,AIESECPR,,3,0,3,3,0,3,0,0,0,0,2
150517,AIESECUCLSOAS,,3,0,3,3,0,3,0,0,0,0,3
150518,AIESEC_Arg,,3,0,3,3,0,3,0,0,0,0,3
150520,AIESEC_Carthage,,2,0,2,2,0,2,0,0,0,0,3
150521,aiesecarmenia,,2,0,2,2,0,2,0,0,0,0,3
150522,AIESEC_MZ,,2,0,2,2,0,2,0,0,0,0,3
150523,AIESECinBursa,,3,0,3,3,0,3,0,0,0,0,3
150524,AIESECIstanbul,,3,0,3,3,0,3,0,0,0,0,3
150525,AIESECTurkey,,3,0,3,3,0,3,0,0,0,0,3
150526,AIESECVictoria,,3,0,3,3,0,3,0,0,0,0,3
150528,AIESEC_Greece,,3,0,3,3,0,3,0,0,0,0,3
150530,AIESECLaval,,3,0,3,3,0,3,0,0,0,0,3
150531,AIESECNigeria,,3,0,3,3,0,3,0,0,0,0,3
150532,aieseckochi,,2,0,2,2,0,2,0,0,0,0,3
150533,AIESECinDR,,3,0,3,3,0,3,0,0,0,0,8
150534,AIESECinTartu,,3,0,3,3,0,3,0,0,0,0,3
150535,AIESECChennai,,3,0,3,3,0,3,0,0,0,0,3
150536,AIESECwlu,,3,0,3,3,0,3,0,0,0,0,3
150537,AIESEC_Iceland,,2,0,2,2,0,2,0,0,0,0,3
150538,aiesecblava,,3,0,3,3,0,3,0,0,0,0,1
150539,AIESECcz,,3,0,3,3,0,3,0,0,0,0,3
150540,AIESECSingapore,,3,0,3,3,0,3,0,0,0,0,3
150541,aiesecth,,2,0,2,2,0,2,0,0,0,0,3
150542,aiesecphl,,3,0,3,3,0,3,0,0,0,0,3
150549,AIESECAhmedabad,,3,0,3,3,0,3,0,0,0,0,3
150550,AIESECinUQ,,3,0,3,3,0,3,0,0,0,0,3
150551,AIESECAkl,,3,0,3,3,0,3,0,0,0,0,3
150552,AIESEClk,,3,0,3,3,0,3,0,0,0,0,3
150553,AIESECUON,,2,0,2,2,0,2,0,0,0,0,3
150554,AIESECsfu,,3,0,3,3,0,3,0,0,0,0,3
150555,AIESECOttawa,,3,0,3,3,0,3,0,0,0,0,3
150556,AIESECLjubljana,,3,0,3,3,0,3,0,0,0,0,7
150557,AIESECUS,,3,0,3,3,0,3,0,0,0,0,7
150558,AIESECcanada,,3,0,3,3,0,3,0,0,0,0,7
150559,AIESECSlovenia,,3,0,3,3,0,3,0,0,0,0,7
150560,AIESECChd,,3,0,3,3,0,3,0,0,0,0,3
150561,AIESECinKenya,,3,0,3,3,0,3,0,0,0,0,3
150562,aiesecest,,3,0,3,3,0,3,0,0,0,0,3
150563,AIESECMalaysia,,3,0,3,3,0,3,0,0,0,0,3
150564,AIESECMacedonia,,3,0,3,3,0,3,0,0,0,0,1
150565,AIESEC_Baroda,,3,0,3,3,0,3,0,0,0,0,3
150566,AIESEC_DU,,3,0,3,3,0,3,0,0,0,0,3
150567,aiesecbangalore,,3,0,3,3,0,3,0,0,0,0,3
150568,AIESECMumbai,,3,0,3,3,0,3,0,0,0,0,3
150569,AIESECinIndia,,3,0,3,3,0,3,0,0,0,0,8
150571,tracksmag,,2,0,2,2,0,2,0,0,0,0,1
150572,markmathewssurf,,2,0,2,2,0,2,0,0,0,0,1
150573,England,,2,0,2,2,0,2,0,0,0,0,3
150586,Informedios,,2,0,2,2,0,2,0,0,0,0,0
150598,InsidePMI,,2,0,2,2,0,2,0,0,0,0,7
150600,InteBNLdItalia,,2,0,2,2,0,2,0,0,0,0,3
150619,ZilyoTravel,,2,0,2,2,0,2,0,0,0,0,1
150620,Moncler,,2,0,2,2,0,2,0,0,0,0,3
150624,GianMarioSpacca,,3,0,3,3,0,3,0,0,0,0,3
150625,viaggiarenet,,2,0,2,2,0,2,0,0,0,0,0
150627,flaviozanonato,,3,0,3,3,0,3,0,0,0,0,0
150637,VisitUSA_,,2,0,2,2,0,2,0,0,0,0,3
150643,JetBlueCheeps,,3,0,3,3,0,3,0,0,0,0,7
150644,airberlin,,3,0,3,3,0,3,0,0,0,0,7
150645,USAirways,,5,0,5,5,0,5,0,0,0,0,7
150646,BA_USA,,4,0,4,4,0,4,0,0,0,0,0
150648,united,,5,0,5,5,0,5,0,0,0,0,7
150649,transavia,,2,0,2,2,0,2,0,0,0,0,7
150650,MSC_Crociere,,2,0,2,2,0,2,0,0,0,0,7
150651,air_italy_,,3,0,3,3,0,3,0,0,0,0,7
150656,DB_Bahn_Italia,,3,0,3,3,0,3,0,0,0,0,1
150659,fiat,,3,0,3,3,0,3,0,0,0,0,3
150660,LanciaAuto,,2,0,2,2,0,2,0,0,0,0,3
150661,PolaroidSun,,2,0,2,2,0,2,0,0,0,0,0
150674,adidasrunning,,3,0,3,3,0,3,0,0,0,0,2
150675,adidasHoops,,2,0,2,2,0,2,0,0,0,0,3
150676,adidasUS,,2,0,2,2,0,2,0,0,0,0,3
150677,Reebok,,2,0,2,2,0,2,0,0,0,0,2
150678,carreraworld,,2,0,2,2,0,2,0,0,0,0,3
150680,quattroruote,,2,0,2,2,0,2,0,0,0,0,3
150688,guardianworld,,3,0,3,3,0,3,0,0,0,0,3
150702,lemonde_pol,,3,0,3,3,0,3,0,0,0,0,1
150703,LaTribune,,3,0,3,3,0,3,0,0,0,0,8
150705,waww_it,,2,0,2,2,0,2,0,0,0,0,3
150708,Alsace,,2,0,2,2,0,2,0,0,0,0,5
150715,MYTF1News,,2,0,2,2,0,2,0,0,0,0,3
150717,EdisonNews,,2,0,2,2,0,2,0,0,0,0,3
150719,widiba_tw,,3,0,3,3,0,3,0,0,0,0,3
150721,Observateurs,,2,0,2,2,0,2,0,0,0,0,3
150724,panorama_it,,3,0,3,3,0,3,0,0,0,0,3
150738,luciodigaetano,,2,0,2,2,0,2,0,0,0,0,3
150739,Nouriel,,3,0,3,3,0,3,0,0,0,0,6
150741,kinderbuenoit,,2,0,2,2,0,2,0,0,0,0,3
150744,romawebrev,,2,0,2,2,0,2,0,0,0,0,3
150747,TIM_vision,,3,0,3,3,0,3,0,0,0,0,3
150762,RottenTomatoes,,3,0,3,3,0,3,0,0,0,0,2
150767,GiannaNannini,,2,0,2,2,0,2,0,0,0,0,2
150768,Pubblico,,2,0,2,2,0,2,0,0,0,0,3
150773,Keira_Knightley,,2,0,2,2,0,2,0,0,0,0,3
150779,enricobertolino,,3,0,3,3,0,3,0,0,0,0,3
150787,amazondeals,,3,0,3,3,0,3,0,0,0,0,1
150789,LANow,,2,0,2,2,0,2,0,0,0,0,0
150794,echofon,,3,0,3,3,0,3,0,0,0,0,2
150808,EuronicsItalia,,2,0,2,2,0,2,0,0,0,0,3
150809,ActionSportsHOF,,2,0,2,2,0,2,0,0,0,0,3
150813,TSM_B2B,,3,0,3,3,0,3,0,0,0,0,3
150816,tonyhawk,,3,0,3,3,0,3,0,0,0,0,2
150819,SamsungMobileUS,,3,0,3,3,0,3,0,0,0,0,2
150820,msn_italia,,2,0,2,2,0,2,0,0,0,0,3
150832,MaxBernardini,,3,0,3,3,0,3,0,0,0,0,7
150834,Yahoo,,3,0,3,3,0,3,0,0,0,0,3
150841,northseajazz,,2,0,2,2,0,2,0,0,0,0,1
150843,vatican_it,,2,0,2,2,0,2,0,0,0,0,3
150849,Rvaticanaitalia,,2,0,2,2,0,2,0,0,0,0,3
150857,RaiScienze,,3,0,3,3,0,3,0,0,0,0,3
150859,giovannisoldini,,3,0,3,3,0,3,0,0,0,0,3
150860,RepSscNapoli,,2,0,2,2,0,2,0,0,0,0,3
150863,AlessiaFabiani,,2,0,2,2,0,2,0,0,0,0,3
150865,EMIRecordsItaly,,2,0,2,2,0,2,0,0,0,0,3
150866,SkyGuidaTv,,2,0,2,2,0,2,0,0,0,0,3
150870,GUBLERNATION,,2,0,2,2,0,2,0,0,0,0,2
150872,CrimMinds_CBS,,3,0,3,3,0,3,0,0,0,0,3
150873,fam_cristiana,,2,0,2,2,0,2,0,0,0,0,3
150901,manubellotti,,3,0,3,3,0,3,0,0,0,0,3
150902,Bookrep,,2,0,2,2,0,2,0,0,0,0,3
150903,panoramalibri,,2,0,2,2,0,2,0,0,0,0,3
150904,128battute,,3,0,3,3,0,3,0,0,0,0,3
150905,Finzioni,,3,0,3,3,0,3,0,0,0,0,3
150906,blogdiunlibro,,3,0,3,3,0,3,0,0,0,0,3
150907,librinews,,2,0,2,2,0,2,0,0,0,0,3
150908,1rigo,,2,0,2,2,0,2,0,0,0,0,3
150909,quodlibet_,,2,0,2,2,0,2,0,0,0,0,3
150912,currentitalia,,3,0,3,3,0,3,0,0,0,0,3
150913,MilanoFinanza,,2,0,2,2,0,2,0,0,0,0,3
150914,_MicroMega_,,3,0,3,3,0,3,0,0,0,0,3
150915,24backstage,,2,0,2,2,0,2,0,0,0,0,3
150916,atacmobile,,2,0,2,2,0,2,0,0,0,0,3
150917,24concorsi,,3,0,3,3,0,3,0,0,0,0,3
150918,DonnaModerna,,4,0,4,4,0,4,0,0,0,0,3
150919,salvosottile,,3,0,3,3,0,3,0,0,0,0,3
150920,radiopoproma,,2,0,2,2,0,2,0,0,0,0,3
150921,ANNOZERO_,,3,0,3,3,0,3,0,0,0,0,3
150924,London2012,,3,0,3,3,0,3,0,0,0,0,2
150925,frankiehinrgmc,,3,0,3,3,0,3,0,0,0,0,3
150927,tmtonymaiello,,2,0,2,2,0,2,0,0,0,0,3
150928,tznferronews,,3,0,3,3,0,3,0,0,0,0,3
150929,_AnnaTatangelo_,,2,0,2,2,0,2,0,0,0,0,2
150931,_liceocervantes,,3,0,3,3,0,3,0,0,0,0,1
150932,glamour_fashion,,2,0,2,2,0,2,0,0,0,0,1
150934,BreakingNewsUK,,3,0,3,3,0,3,0,0,0,0,1
150939,bbceastenders,,2,0,2,2,0,2,0,0,0,0,1
150940,SteveMartinToGo,,3,0,3,3,0,3,0,0,0,0,1
150942,IanMcKellen,,3,0,3,3,0,3,0,0,0,0,1
150944,ITV,,3,0,3,3,0,3,0,0,0,0,1
150945,Sethrogen,,2,0,2,2,0,2,0,0,0,0,1
150950,mattisib,,2,0,2,2,0,2,0,0,0,0,3
151005,ladya,,2,0,2,2,0,2,0,0,0,0,2
151038,CMT,,2,0,2,2,0,2,0,0,0,0,0
151054,sethmeyers,,3,0,3,3,0,3,0,0,0,0,2
151069,TheTimMcGraw,,2,0,2,2,0,2,0,0,0,0,0
151073,Sugarlandmusic,,2,0,2,2,0,2,0,0,0,0,2
151078,DollyParton,,2,0,2,2,0,2,0,0,0,0,2
151090,VictoriaJustice,,3,0,3,3,0,3,0,0,0,0,2
151101,arkiteracom,,2,0,2,2,0,2,0,0,0,0,2
151134,bauuhk,,2,0,2,2,0,2,0,0,0,0,2
151143,BAUhaber,,2,0,2,2,0,2,0,0,0,0,2
151189,BahcesehirSEM,,2,0,2,2,0,2,0,0,0,0,2
151192,MelihEliduzgun,,2,0,2,2,0,2,0,0,0,0,2
151203,SabriReyiziniz,,2,0,2,2,0,2,0,0,0,0,2
151206,pervinmerdan,,2,0,2,2,0,2,0,0,0,0,2
151214,BAUSCofficial,,3,0,3,3,0,3,0,0,0,0,7
151215,estetik_sanat,,3,0,3,3,0,3,0,0,0,0,2
151317,AJTurk,,3,0,3,3,0,3,0,0,0,0,2
151319,multecihakder,,2,0,2,2,0,2,0,0,0,0,2
151329,MetinGnday,,2,0,2,2,0,2,0,0,0,0,2
151330,HaberHukukTR,,2,0,2,2,0,2,0,0,0,0,2
151341,metinfeyzioglu,,3,0,3,3,0,3,0,0,0,0,2
151373,AnkaraKultSanEt,,3,0,3,3,0,3,0,0,0,0,2
151375,odatv,,2,0,2,2,0,2,0,0,0,0,2
151376,Gaforizma,,2,0,2,2,0,2,0,0,0,0,2
151378,DikenComTr,,2,0,2,2,0,2,0,0,0,0,2
151379,gazetesozcu,,2,0,2,2,0,2,0,0,0,0,2
151380,otdergi,,2,0,2,2,0,2,0,0,0,0,2
151382,TuhafAmaGercek,,2,0,2,2,0,2,0,0,0,0,2
151383,t24comtr,,3,0,3,3,0,3,0,0,0,0,2
151387,ucurbenipegasus,,2,0,2,2,0,2,0,0,0,0,2
151390,13burrc,,2,0,2,2,0,2,0,0,0,0,2
151391,levent_kazak,,2,0,2,2,0,2,0,0,0,0,2
151393,gafebesi,,4,0,4,4,0,4,0,0,0,0,2
151394,mungan_murathan,,3,0,3,3,0,3,0,0,0,0,2
151396,zaferalgoz,,3,0,3,3,0,3,0,0,0,0,2
151397,metinustundag,,3,0,3,3,0,3,0,0,0,0,2
151398,SunayAkin,,2,0,2,2,0,2,0,0,0,0,2
151399,serrafine,,3,0,3,3,0,3,0,0,0,0,2
151401,AtillaTasNet,,4,0,4,4,0,4,0,0,0,0,2
151402,OdunHerif,,3,0,3,3,0,3,0,0,0,0,2
151404,vekilince,,3,0,3,3,0,3,0,0,0,0,2
151405,BirGun_Gazetesi,,2,0,2,2,0,2,0,0,0,0,2
151406,kaansezyum,,3,0,3,3,0,3,0,0,0,0,2
151407,silagencoglu,,4,0,4,4,0,4,0,0,0,0,2
151409,penguendergi,,3,0,3,3,0,3,0,0,0,0,2
151410,Babylon,,3,0,3,3,0,3,0,0,0,0,7
151411,cosknbekr2,,3,0,3,3,0,3,0,0,0,0,2
151412,06melihgokcek,,2,0,2,2,0,2,0,0,0,0,2
151413,huryazarlar,,4,0,4,4,0,4,0,0,0,0,2
151414,postacomtr,,2,0,2,2,0,2,0,0,0,0,2
151415,celalcanalgul,,2,0,2,2,0,2,0,0,0,0,2
151417,onediocom,,3,0,3,3,0,3,0,0,0,0,2
151418,Fenerbahce,,3,0,3,3,0,3,0,0,0,0,2
151419,picadambaattin,,3,0,3,3,0,3,0,0,0,0,2
151420,ntvspor,,3,0,3,3,0,3,0,0,0,0,2
151421,SermiyanMidyat,,3,0,3,3,0,3,0,0,0,0,2
151422,forzabesiktas,,2,0,2,2,0,2,0,0,0,0,2
151423,Hurriyet,,3,0,3,3,0,3,0,0,0,0,2
151424,sozluk,,3,0,3,3,0,3,0,0,0,0,2
151425,AHMTKURAL,,3,0,3,3,0,3,0,0,0,0,2
151426,cumhuriyetgzt,,3,0,3,3,0,3,0,0,0,0,2
151427,M_Sarigul,,3,0,3,3,0,3,0,0,0,0,2
151430,GalatasaraySK,,4,0,4,4,0,4,0,0,0,0,2
151431,okanbayulgen,,4,0,4,4,0,4,0,0,0,0,2
151432,MirgunCabas,,3,0,3,3,0,3,0,0,0,0,2
151434,kilicdarogluk,,3,0,3,3,0,3,0,0,0,0,2
151435,selcukerdem,,3,0,3,3,0,3,0,0,0,0,2
151436,atademirer,,3,0,3,3,0,3,0,0,0,0,2
151444,ntv,,3,0,3,3,0,3,0,0,0,0,2
151445,morhipopotam,,2,0,2,2,0,2,0,0,0,0,2
151446,Overlokcu12,,2,0,2,2,0,2,0,0,0,0,2
151447,ozgurmumcu,,3,0,3,3,0,3,0,0,0,0,2
151449,bybekirbozdag,,3,0,3,3,0,3,0,0,0,0,2
151453,Kadir__Topbas,,4,0,4,4,0,4,0,0,0,0,2
151455,efkanala,,3,0,3,3,0,3,0,0,0,0,2
151458,Y_Akdogan,,3,0,3,3,0,3,0,0,0,0,2
151459,NumanKurtulmus,,3,0,3,3,0,3,0,0,0,0,2
151460,safakpavey,,3,0,3,3,0,3,0,0,0,0,2
151461,enveraysevera,,3,0,3,3,0,3,0,0,0,0,2
151472,KeskinSozler,,2,0,2,2,0,2,0,0,0,0,2
151477,memetsimsek,,3,0,3,3,0,3,0,0,0,0,2
151481,DemetAkalin,,2,0,2,2,0,2,0,0,0,0,2
151482,yektakopan,,3,0,3,3,0,3,0,0,0,0,2
151489,Ahmet_Davutoglu,,3,0,3,3,0,3,0,0,0,0,1
151518,farukkztrk,,2,0,2,2,0,2,0,0,0,0,2
151535,alisverisseysi,,2,0,2,2,0,2,0,0,0,0,2
151544,theraconnn,,3,0,3,3,0,3,0,0,0,0,2
151546,ETemelkuran,,4,0,4,4,0,4,0,0,0,0,2
151548,taksimdayanisma,,3,0,3,3,0,3,0,0,0,0,2
151564,banuguven,,4,0,4,4,0,4,0,0,0,0,2
151567,icao,,2,0,2,2,0,2,0,0,0,0,2
151570,kadikoybelediye,,2,0,2,2,0,2,0,0,0,0,2
151575,fatihportakal,,3,0,3,3,0,3,0,0,0,0,2
151576,zaytung,,3,0,3,3,0,3,0,0,0,0,2
151578,medcezirstartv,,2,0,2,2,0,2,0,0,0,0,2
151580,erdilyasaroglu,,3,0,3,3,0,3,0,0,0,0,2
151584,cagatayulusoyy,,3,0,3,3,0,3,0,0,0,0,2
151585,ahmethc,,4,0,4,4,0,4,0,0,0,0,2
151587,SrnySrkyResmi,,2,0,2,2,0,2,0,0,0,0,2
151588,ArmanAyse,,3,0,3,3,0,3,0,0,0,0,2
151590,bulent_arinc,,2,0,2,2,0,2,0,0,0,0,2
151591,CMYLMZ,,3,0,3,3,0,3,0,0,0,0,2
151593,cbistanbuleats,,2,0,2,2,0,2,0,0,0,0,2
151594,shiftdeletenet,,2,0,2,2,0,2,0,0,0,0,2
151595,cnnturk,,3,0,3,3,0,3,0,0,0,0,2
151596,candundaradasi,,3,0,3,3,0,3,0,0,0,0,2
151599,sgokbakar,,2,0,2,2,0,2,0,0,0,0,2
151600,Valimutlu,,2,0,2,2,0,2,0,0,0,0,2
151601,losev1998,,2,0,2,2,0,2,0,0,0,0,2
151603,cuneytozdemir,,3,0,3,3,0,3,0,0,0,0,2
151604,acunilicali,,3,0,3,3,0,3,0,0,0,0,2
151606,LeventUzumcu,,3,0,3,3,0,3,0,0,0,0,2
151607,fuatavni_f,,3,0,3,3,0,3,0,0,0,0,2
151609,cbabdullahgul,,4,0,4,4,0,4,0,0,0,0,2
151610,istanbulcazfest,,3,0,3,3,0,3,0,0,0,0,7
151611,Haberturk,,3,0,3,3,0,3,0,0,0,0,7
151616,sono_selvatica,,2,0,2,2,0,2,0,0,0,0,2
151639,BigChillHostel,,2,0,2,2,0,2,0,0,0,0,7
151645,CCIAA_Nuoro,,2,0,2,2,0,2,0,0,0,0,1
151646,amameli,,2,0,2,2,0,2,0,0,0,0,3
151648,drupalassoc,,2,0,2,2,0,2,0,0,0,0,1
151652,Vibes_San,,2,0,2,2,0,2,0,0,0,0,3
151656,Luca_Preziosi,,2,0,2,2,0,2,0,0,0,0,3
151657,DavidePatti,,2,0,2,2,0,2,0,0,0,0,3
151659,faboz,,3,0,3,3,0,3,0,0,0,0,3
151667,Pro_Sardegna,,2,0,2,2,0,2,0,0,0,0,3
151674,MP_MarcoPiccolo,,2,0,2,2,0,2,0,0,0,0,3
151681,aegeemw,,2,0,2,2,0,2,0,0,0,0,1
151682,AEGEESkopje,,2,0,2,2,0,2,0,0,0,0,1
151687,AEGEE_ITC,,3,0,3,3,0,3,0,0,0,0,1
151689,ChairTeam_2013,,2,0,2,2,0,2,0,0,0,0,1
151690,AEGEE_EnWG,,3,0,3,3,0,3,0,0,0,0,1
151696,gunnarerth,,2,0,2,2,0,2,0,0,0,0,2
151703,sigfrid_dani,,2,0,2,2,0,2,0,0,0,0,3
151704,FabrizziosB,,2,0,2,2,0,2,0,0,0,0,6
151729,OrtoAmicoSardeg,,2,0,2,2,0,2,0,0,0,0,3
151736,sarchittunet,,2,0,2,2,0,2,0,0,0,0,3
151745,TravelGov,,3,0,3,3,0,3,0,0,0,0,7
151747,FlanierenSarda,,2,0,2,2,0,2,0,0,0,0,3
151748,sardegna,,2,0,2,2,0,2,0,0,0,0,3
151751,igers_sardegna,,3,0,3,3,0,3,0,0,0,0,3
151764,AegeeTarragona,,3,0,3,3,0,3,0,0,0,0,1
151787,SpanSteps,,2,0,2,2,0,2,0,0,0,0,0
151796,UCampus,,3,0,3,3,0,3,0,0,0,0,4
151797,radio6023,,2,0,2,2,0,2,0,0,0,0,3
151805,claudiamedd,,2,0,2,2,0,2,0,0,0,0,3
151807,SimoneSpiga,,2,0,2,2,0,2,0,0,0,0,3
151809,univca,,4,0,4,4,0,4,0,0,0,0,1
151810,UnioneSarda,,2,0,2,2,0,2,0,0,0,0,3
151811,VideolinaTV,,2,0,2,2,0,2,0,0,0,0,3
151815,margotten78,,2,0,2,2,0,2,0,0,0,0,3
151816,AnthonyMuroni,,2,0,2,2,0,2,0,0,0,0,3
151817,PabloSole77,,2,0,2,2,0,2,0,0,0,0,3
151818,MatteoSau,,2,0,2,2,0,2,0,0,0,0,3
151819,nicola_muscas,,2,0,2,2,0,2,0,0,0,0,3
151820,albertourgu,,2,0,2,2,0,2,0,0,0,0,3
151821,giannizanata,,2,0,2,2,0,2,0,0,0,0,3
151825,FrancescaMulas7,,2,0,2,2,0,2,0,0,0,0,3
151826,RadioX968,,2,0,2,2,0,2,0,0,0,0,3
151828,aegeeleon,,3,0,3,3,0,3,0,0,0,0,1
151829,accademia2012,,2,0,2,2,0,2,0,0,0,0,1
151834,AEGEE_Eskisehir,,3,0,3,3,0,3,0,0,0,0,1
151838,igers_cagliari,,3,0,3,3,0,3,0,0,0,0,3
151850,HostelFair,,2,0,2,2,0,2,0,0,0,0,7
151851,camuartemusei,,2,0,2,2,0,2,0,0,0,0,3
151855,Sardinieinfo,,2,0,2,2,0,2,0,0,0,0,3
151858,mariomariani,,2,0,2,2,0,2,0,0,0,0,3
151859,thenetvalue,,2,0,2,2,0,2,0,0,0,0,3
151860,UnicaLiaisonOff,,2,0,2,2,0,2,0,0,0,0,3
151863,_OpenCampus,,3,0,3,3,0,3,0,0,0,0,3
151864,SardegnaRs,,3,0,3,3,0,3,0,0,0,0,3
151869,AEGEETimisoara,,3,0,3,3,0,3,0,0,0,0,1
151870,AEGEE_Lyon,,2,0,2,2,0,2,0,0,0,0,2
151872,AEGEE_Rodos,,2,0,2,2,0,2,0,0,0,0,3
151874,AEGEE_SEVAST,,2,0,2,2,0,2,0,0,0,0,3
151875,aegeetreviso,,2,0,2,2,0,2,0,0,0,0,1
151877,AEGEEAnkaraSU,,2,0,2,2,0,2,0,0,0,0,6
151879,AEGEEMAGUSA,,2,0,2,2,0,2,0,0,0,0,1
151883,AegeeElazig,,2,0,2,2,0,2,0,0,0,0,1
151884,AEGEE_Athina,,3,0,3,3,0,3,0,0,0,0,1
151885,AEGEEDrienerlo,,3,0,3,3,0,3,0,0,0,0,1
151886,AEGEEThess,,2,0,2,2,0,2,0,0,0,0,3
151887,AEGEEAdana,,3,0,3,3,0,3,0,0,0,0,1
151890,AegeeBeograd,,3,0,3,3,0,3,0,0,0,0,1
151891,AEGEE_Haren,,2,0,2,2,0,2,0,0,0,0,1
151892,AEGEE_MUC,,3,0,3,3,0,3,0,0,0,0,1
151893,aegeeheraklio,,3,0,3,3,0,3,0,0,0,0,1
151894,AEGEE_YUE,,3,0,3,3,0,3,0,0,0,0,1
151895,AEGEE_NetCom,,3,0,3,3,0,3,0,0,0,0,1
151896,AEGEEEnschede,,3,0,3,3,0,3,0,0,0,0,1
151897,EguideTravel,,3,0,3,3,0,3,0,0,0,0,7
151900,Cagliari2015,,3,0,3,3,0,3,0,0,0,0,3
151901,aegeechisinau,,3,0,3,3,0,3,0,0,0,0,1
151903,TDM_2000,,2,0,2,2,0,2,0,0,0,0,3
151905,SardegnaStartup,,3,0,3,3,0,3,0,0,0,0,3
151906,XmemCagliari,,2,0,2,2,0,2,0,0,0,0,3
151922,YOUropeSARDINIA,,2,0,2,2,0,2,0,0,0,0,3
151924,Cimminelli,,2,0,2,2,0,2,0,0,0,0,1
151931,MuseoArcheoPT,,2,0,2,2,0,2,0,0,0,0,3
151933,Museo_Nivola,,2,0,2,2,0,2,0,0,0,0,3
151935,MuseoSannaSS,,2,0,2,2,0,2,0,0,0,0,3
151936,CTM_Cagliari,,2,0,2,2,0,2,0,0,0,0,3
151939,ExmaCagliari,,2,0,2,2,0,2,0,0,0,0,3
151940,MuseoArcheoCa,,2,0,2,2,0,2,0,0,0,0,3
151943,CamminoSEfisio,,2,0,2,2,0,2,0,0,0,0,3
151953,Olbia_Airport,,2,0,2,2,0,2,0,0,0,0,3
151977,viaggiosardegna,,2,0,2,2,0,2,0,0,0,0,3
151978,Focusardegna,,2,0,2,2,0,2,0,0,0,0,3
151981,_marmu,,2,0,2,2,0,2,0,0,0,0,3
151983,backpackertours,,2,0,2,2,0,2,0,0,0,0,7
151986,Aspassopercagli,,2,0,2,2,0,2,0,0,0,0,3
151988,Casteddu_Online,,3,0,3,3,0,3,0,0,0,0,3
151989,SardegnaOggi,,2,0,2,2,0,2,0,0,0,0,3
151991,lanuovasardegna,,3,0,3,3,0,3,0,0,0,0,3
151993,HostelsClubTour,,2,0,2,2,0,2,0,0,0,0,1
152007,ActionAidItalia,,3,0,3,3,0,3,0,0,0,0,3
152009,teatro_lirico,,2,0,2,2,0,2,0,0,0,0,3
152011,massimozedda,,3,0,3,3,0,3,0,0,0,0,3
152014,FelixCannas,,3,0,3,3,0,3,0,0,0,0,3
152016,chiMiAmaMiSegue,,2,0,2,2,0,2,0,0,0,0,3
152017,sardanews,,2,0,2,2,0,2,0,0,0,0,3
152020,Sardegna365,,2,0,2,2,0,2,0,0,0,0,3
152021,SardegnaCiSiamo,,2,0,2,2,0,2,0,0,0,0,3
152022,culturasarda,,2,0,2,2,0,2,0,0,0,0,3
152024,UNisolaSardegna,,2,0,2,2,0,2,0,0,0,0,3
152025,SardegnaAlterna,,2,0,2,2,0,2,0,0,0,0,3
152042,B_di_C,,2,0,2,2,0,2,0,0,0,0,3
152043,INCANTIDISARDEG,,2,0,2,2,0,2,0,0,0,0,3
152045,hiSardinia,,2,0,2,2,0,2,0,0,0,0,3
152047,cagliaripad,,2,0,2,2,0,2,0,0,0,0,3
152049,SardiniaPost,,3,0,3,3,0,3,0,0,0,0,3
152085,Eleonora_Boi,,2,0,2,2,0,2,0,0,0,0,3
152095,Spexi,,2,0,2,2,0,2,0,0,0,0,3
152104,GigiDatome,,3,0,3,3,0,3,0,0,0,0,2
152110,SardiniaBaby,,2,0,2,2,0,2,0,0,0,0,3
152117,DaveSpanuMua,,2,0,2,2,0,2,0,0,0,0,3
152119,xperiensardinia,,2,0,2,2,0,2,0,0,0,0,3
152122,gosardinia,,2,0,2,2,0,2,0,0,0,0,3
152124,SardiniaCycling,,2,0,2,2,0,2,0,0,0,0,3
152126,touristsardinia,,2,0,2,2,0,2,0,0,0,0,3
152129,Sard_opendata,,2,0,2,2,0,2,0,0,0,0,3
152131,sassaripost,,2,0,2,2,0,2,0,0,0,0,3
152149,albergue,,3,0,3,3,0,3,0,0,0,0,4
152155,SardegnaNews,,2,0,2,2,0,2,0,0,0,0,3
152156,151Hostel,,2,0,2,2,0,2,0,0,0,0,7
152158,AlguerIT,,2,0,2,2,0,2,0,0,0,0,3
152159,alessandra_polo,,2,0,2,2,0,2,0,0,0,0,3
152161,sardinia_com,,2,0,2,2,0,2,0,0,0,0,3
152164,ediz_sardegna,,2,0,2,2,0,2,0,0,0,0,3
152165,EuroHostels,,2,0,2,2,0,2,0,0,0,0,7
152166,SardinianDesign,,2,0,2,2,0,2,0,0,0,0,3
152168,I_A_P_A,,2,0,2,2,0,2,0,0,0,0,4
152169,Laura_J_Garratt,,2,0,2,2,0,2,0,0,0,0,4
152170,LetteredaCA,,2,0,2,2,0,2,0,0,0,0,3
152171,stefanoserci,,2,0,2,2,0,2,0,0,0,0,3
152172,WhatSardinia,,2,0,2,2,0,2,0,0,0,0,3
152173,ferraribsas,,2,0,2,2,0,2,0,0,0,0,7
152174,wwwOLIENAeu,,2,0,2,2,0,2,0,0,0,0,3
152177,evohostelberlin,,2,0,2,2,0,2,0,0,0,0,7
152178,samshank,,2,0,2,2,0,2,0,0,0,0,2
152181,jackaroomb,,2,0,2,2,0,2,0,0,0,0,7
152183,TravelJoyHostel,,2,0,2,2,0,2,0,0,0,0,7
152184,JETpakHostels,,2,0,2,2,0,2,0,0,0,0,7
152185,ComratHostel,,2,0,2,2,0,2,0,0,0,0,7
152186,4StarHostel,,2,0,2,2,0,2,0,0,0,0,7
152189,Hostel_Connect,,2,0,2,2,0,2,0,0,0,0,7
152192,SmarthostelBln,,2,0,2,2,0,2,0,0,0,0,7
152196,Schronisko_Lodz,,2,0,2,2,0,2,0,0,0,0,1
152198,sardegnaexplore,,2,0,2,2,0,2,0,0,0,0,3
152199,TripSardinia,,2,0,2,2,0,2,0,0,0,0,3
152226,StayokaySTD,,2,0,2,2,0,2,0,0,0,0,1
152227,HIhostelsBrasil,,2,0,2,2,0,2,0,0,0,0,7
152232,AxelKoster,,3,0,3,3,0,3,0,0,0,0,2
152233,GlobeTrotScott,,2,0,2,2,0,2,0,0,0,0,7
152234,RisingCock,,3,0,3,3,0,3,0,0,0,0,0
152236,wanderlust13,,2,0,2,2,0,2,0,0,0,0,7
152237,laurably,,2,0,2,2,0,2,0,0,0,0,7
152238,Justsardinia,,2,0,2,2,0,2,0,0,0,0,3
152239,SardegnaCountry,,2,0,2,2,0,2,0,0,0,0,3
152240,ExploreSardinia,,2,0,2,2,0,2,0,0,0,0,3
152242,sarachessa,,2,0,2,2,0,2,0,0,0,0,3
152245,wilsonhostel,,2,0,2,2,0,2,0,0,0,0,0
152248,Sardescursioni,,2,0,2,2,0,2,0,0,0,0,3
152252,JCreatureTravel,,2,0,2,2,0,2,0,0,0,0,7
152253,Hostel_Situla,,2,0,2,2,0,2,0,0,0,0,0
152254,Giraffehostel,,2,0,2,2,0,2,0,0,0,0,0
152255,bastophostel,,2,0,2,2,0,2,0,0,0,0,0
152274,studgio,,2,0,2,2,0,2,0,0,0,0,3
152280,Mondo_Sardegna,,2,0,2,2,0,2,0,0,0,0,3
152281,enjoyoristano,,2,0,2,2,0,2,0,0,0,0,3
152282,blog100days,,3,0,3,3,0,3,0,0,0,0,1
152283,solosardinia,,2,0,2,2,0,2,0,0,0,0,3
152286,AlaDeiSardi,,2,0,2,2,0,2,0,0,0,0,3
152287,OT_ilblog,,3,0,3,3,0,3,0,0,0,0,3
152291,wynnewin,,2,0,2,2,0,2,0,0,0,0,7
152292,BethBlair,,2,0,2,2,0,2,0,0,0,0,7
152293,SpudHilton,,2,0,2,2,0,2,0,0,0,0,2
152294,365ATLTraveler,,2,0,2,2,0,2,0,0,0,0,7
152295,spencerspellman,,2,0,2,2,0,2,0,0,0,0,7
152300,Parc_Genoni,,2,0,2,2,0,2,0,0,0,0,3
152305,JoannaHoranin,,2,0,2,2,0,2,0,0,0,0,7
152307,wanderplex,,2,0,2,2,0,2,0,0,0,0,7
152318,scotthartbeck,,2,0,2,2,0,2,0,0,0,0,7
152321,THotelCagliari,,2,0,2,2,0,2,0,0,0,0,3
152323,dustinmain,,2,0,2,2,0,2,0,0,0,0,7
152324,DanCollinsPhoto,,2,0,2,2,0,2,0,0,0,0,7
152325,driftingkiwi,,2,0,2,2,0,2,0,0,0,0,7
152328,BsAsTangoHostel,,3,0,3,3,0,3,0,0,0,0,7
152340,LoCrown,,2,0,2,2,0,2,0,0,0,0,2
152342,vitadimmmerda,,2,0,2,2,0,2,0,0,0,0,3
152344,VivereCagliari,,2,0,2,2,0,2,0,0,0,0,3
152345,SardiUniti,,2,0,2,2,0,2,0,0,0,0,3
152348,gianlucawho,,2,0,2,2,0,2,0,0,0,0,3
152356,AutunnoBarbagia,,3,0,3,3,0,3,0,0,0,0,3
152357,Sardiniaandmore,,2,0,2,2,0,2,0,0,0,0,3
152358,cricad,,2,0,2,2,0,2,0,0,0,0,3
152361,PomyCaglieri,,2,0,2,2,0,2,0,0,0,0,3
152364,SfigataMente,,3,0,3,3,0,3,0,0,0,0,1
152366,glfloris,,2,0,2,2,0,2,0,0,0,0,3
152374,Luna_scarlatta,,2,0,2,2,0,2,0,0,0,0,3
152375,SardegnaAlMare,,2,0,2,2,0,2,0,0,0,0,3
152377,laeffetv,,2,0,2,2,0,2,0,0,0,0,3
152379,marraiafura,,3,0,3,3,0,3,0,0,0,0,3
152381,dheamather,,2,0,2,2,0,2,0,0,0,0,3
152385,enotecasardegna,,2,0,2,2,0,2,0,0,0,0,3
152387,Sardegna2011,,2,0,2,2,0,2,0,0,0,0,3
152388,karasardegna,,2,0,2,2,0,2,0,0,0,0,3
152390,tharrosinfo,,2,0,2,2,0,2,0,0,0,0,3
152391,Sardegna2_0,,2,0,2,2,0,2,0,0,0,0,3
152396,sardiniatube,,2,0,2,2,0,2,0,0,0,0,3
152398,SaLimbaSarda,,2,0,2,2,0,2,0,0,0,0,3
152399,sardinia_travel,,2,0,2,2,0,2,0,0,0,0,3
152400,sardiniatguide,,2,0,2,2,0,2,0,0,0,0,3
152401,Sardegnacom,,2,0,2,2,0,2,0,0,0,0,3
152402,sardegnavacanze,,2,0,2,2,0,2,0,0,0,0,3
152403,inpula_sardinia,,2,0,2,2,0,2,0,0,0,0,3
152405,sardegnatourism,,2,0,2,2,0,2,0,0,0,0,3
152406,Comune_Cagliari,,3,0,3,3,0,3,0,0,0,0,3
152407,sardiniastar,,2,0,2,2,0,2,0,0,0,0,7
152408,holasardegna,,2,0,2,2,0,2,0,0,0,0,3
152409,sardynia,,2,0,2,2,0,2,0,0,0,0,3
152410,SardiniaTurismo,,2,0,2,2,0,2,0,0,0,0,3
152411,sardegneventi24,,2,0,2,2,0,2,0,0,0,0,3
152415,SardegnaTurismo,,3,0,3,3,0,3,0,0,0,0,3
152416,SardegneBlog,,2,0,2,2,0,2,0,0,0,0,3
152417,portalesardegna,,3,0,3,3,0,3,0,0,0,0,3
152418,Paradisola,,2,0,2,2,0,2,0,0,0,0,3
152421,vinisole,,2,0,2,2,0,2,0,0,0,0,3
152423,AIGitalia,,2,0,2,2,0,2,0,0,0,0,3
152424,sardegnasulcis,,2,0,2,2,0,2,0,0,0,0,7
152430,cagliariturismo,,3,0,3,3,0,3,0,0,0,0,3
152447,Sardiniaguide,,2,0,2,2,0,2,0,0,0,0,3
152458,CelineSimonH,,2,0,2,2,0,2,0,0,0,0,8
152482,HostelLosinj,,2,0,2,2,0,2,0,0,0,0,4
152511,stecruccu,,2,0,2,2,0,2,0,0,0,0,3
152513,SardegnaE20,,2,0,2,2,0,2,0,0,0,0,3
152518,lestradedelvino,,3,0,3,3,0,3,0,0,0,0,3
152530,nicotixi,,2,0,2,2,0,2,0,0,0,0,3
152550,Coronarrubia,,2,0,2,2,0,2,0,0,0,0,3
152568,monumentiaperti,,2,0,2,2,0,2,0,0,0,0,3
152584,nuovoturismo,,2,0,2,2,0,2,0,0,0,0,3
152589,somniosays,,2,0,2,2,0,2,0,0,0,0,7
152593,UniSassari,,4,0,4,4,0,4,0,0,0,0,4
152595,GelatoStefino,,2,0,2,2,0,2,0,0,0,0,3
152596,UrbanCenter_,,2,0,2,2,0,2,0,0,0,0,3
152598,Cagliari_Guide,,2,0,2,2,0,2,0,0,0,0,3
152602,CheersAlbacete,,2,0,2,2,0,2,0,0,0,0,5
152604,uclmemprende,,3,0,3,3,0,3,0,0,0,0,4
152618,IngridSunyer,,2,0,2,2,0,2,0,0,0,0,3
152640,Endeizt,,2,0,2,2,0,2,0,0,0,0,3
152642,neptunes_hearts,,2,0,2,2,0,2,0,0,0,0,3
152661,wikipelirrojas,,2,0,2,2,0,2,0,0,0,0,3
152693,teresalayton5,,2,0,2,2,0,2,0,0,0,0,3
152694,slipknot,,2,0,2,2,0,2,0,0,0,0,3
152699,EdwardFranklyn7,,2,0,2,2,0,2,0,0,0,0,3
152707,cobo_sandra,,2,0,2,2,0,2,0,0,0,0,3
152708,maria_MoralesG,,3,0,3,3,0,3,0,0,0,0,3
152757,ClimateDesk,,2,0,2,2,0,2,0,0,0,0,1
152759,EDFofficiel,,2,0,2,2,0,2,0,0,0,0,1
152762,BMZ_Bund,,2,0,2,2,0,2,0,0,0,0,1
152777,PMvoices,,2,0,2,2,0,2,0,0,0,0,1
152779,PMInstitute,,3,0,3,3,0,3,0,0,0,0,1
152781,HRConnector,,2,0,2,2,0,2,0,0,0,0,1
152783,FoundationCSS,,3,0,3,3,0,3,0,0,0,0,1
152784,Assoc_of_MBAs,,3,0,3,3,0,3,0,0,0,0,1
152792,LatviaInstitute,,3,0,3,3,0,3,0,0,0,0,1
152800,presseocean,,3,0,3,3,0,3,0,0,0,0,1
152803,MIP_PoliMi,,3,0,3,3,0,3,0,0,0,0,1
152805,UniNorthants,,3,0,3,3,0,3,0,0,0,0,1
152817,SustainBrands,,3,0,3,3,0,3,0,0,0,0,1
152819,PRMESecretariat,,2,0,2,2,0,2,0,0,0,0,1
152826,GRI_Secretariat,,2,0,2,2,0,2,0,0,0,0,1
152827,globalcompact,,3,0,3,3,0,3,0,0,0,0,1
152830,SIUniversity,,2,0,2,2,0,2,0,0,0,0,1
152832,ahadalioglu,,2,0,2,2,0,2,0,0,0,0,1
152836,Ecologie_Gouv,,3,0,3,3,0,3,0,0,0,0,1
152845,muzeumwarszawy,,3,0,3,3,0,3,0,0,0,0,1
152846,WarsawIYP,,2,0,2,2,0,2,0,0,0,0,1
152856,fundacjawosp,,2,0,2,2,0,2,0,0,0,0,1
152858,JagiellonskiUni,,3,0,3,3,0,3,0,0,0,0,1
152859,PAPMediaRoom,,3,0,3,3,0,3,0,0,0,0,1
152860,KonradPiasecki,,2,0,2,2,0,2,0,0,0,0,1
152861,polskieradiopl,,3,0,3,3,0,3,0,0,0,0,1
152862,TAK_CZY_NIE,,2,0,2,2,0,2,0,0,0,0,1
152863,RadiowaJedynka,,3,0,3,3,0,3,0,0,0,0,1
152864,Rozmowa_RMF,,2,0,2,2,0,2,0,0,0,0,1
152865,PolskieRadio24,,2,0,2,2,0,2,0,0,0,0,1
152866,PR24_pl,,3,0,3,3,0,3,0,0,0,0,1
152867,RadioKierowcow,,3,0,3,3,0,3,0,0,0,0,1
152868,RMF24pl,,3,0,3,3,0,3,0,0,0,0,1
152871,RadiowaTrojka,,3,0,3,3,0,3,0,0,0,0,1
152872,polska_times,,3,0,3,3,0,3,0,0,0,0,1
152873,RadioZET_NEWS,,2,0,2,2,0,2,0,0,0,0,1
152874,tvn24,,3,0,3,3,0,3,0,0,0,0,3
152875,KatowiceAirport,,3,0,3,3,0,3,0,0,0,0,1
152876,SzczecinAirport,,2,0,2,2,0,2,0,0,0,0,1
152877,poz_airport,,2,0,2,2,0,2,0,0,0,0,1
152878,WroclawAirport,,2,0,2,2,0,2,0,0,0,0,1
152881,WarszawaNM,,3,0,3,3,0,3,0,0,0,0,1
152903,krakow_pl,,2,0,2,2,0,2,0,0,0,0,1
152906,lovekrakow,,2,0,2,2,0,2,0,0,0,0,1
152908,ICC_MCK_Krakow,,3,0,3,3,0,3,0,0,0,0,1
152909,Poland,,3,0,3,3,0,3,0,0,0,0,1
152912,Polska,,4,0,4,4,0,4,0,0,0,0,1
152913,AllAboutPoland,,3,0,3,3,0,3,0,0,0,0,1
152916,jmj_es,,3,0,3,3,0,3,0,0,0,0,1
152925,PWr_Wroclaw,,4,0,4,4,0,4,0,0,0,0,1
152927,KinoNH,,2,0,2,2,0,2,0,0,0,0,1
152930,culture_pl,,3,0,3,3,0,3,0,0,0,0,1
152934,prwpl,,2,0,2,2,0,2,0,0,0,0,1
152935,SK_Wroclaw,,2,0,2,2,0,2,0,0,0,0,1
152936,uniwroc,,4,0,4,4,0,4,0,0,0,0,1
152937,wroclaw_info,,2,0,2,2,0,2,0,0,0,0,1
152940,LinkToPoland,,2,0,2,2,0,2,0,0,0,0,1
152942,BunkierSztuki,,2,0,2,2,0,2,0,0,0,0,1
152943,muzeumsztuki,,2,0,2,2,0,2,0,0,0,0,1
152944,MNKrk,,3,0,3,3,0,3,0,0,0,0,1
152946,Muzeum_Narodowe,,2,0,2,2,0,2,0,0,0,0,1
152950,Trojmiasto_pl,,2,0,2,2,0,2,0,0,0,0,1
152951,gdansk,,3,0,3,3,0,3,0,0,0,0,1
152959,HostelRynek7,,2,0,2,2,0,2,0,0,0,0,1
152992,AirportGdansk,,3,0,3,3,0,3,0,0,0,0,1
152993,KrakowAirport,,2,0,2,2,0,2,0,0,0,0,1
152997,IldefonsoMA,,3,0,3,3,0,3,0,0,0,0,5
153010,volotea,,2,0,2,2,0,2,0,0,0,0,5
153013,nuriamolines,,2,0,2,2,0,2,0,0,0,0,5
153014,BboSubtitulado,,2,0,2,2,0,2,0,0,0,0,5
153019,SDL,,2,0,2,2,0,2,0,0,0,0,5
153020,extradigital_es,,2,0,2,2,0,2,0,0,0,0,5
153021,BLQairport,,2,0,2,2,0,2,0,0,0,0,5
153029,SENTAMANS_Trad,,2,0,2,2,0,2,0,0,0,0,6
153033,LinguaLingua,,2,0,2,2,0,2,0,0,0,0,5
153037,newsfromitaly,,3,0,3,3,0,3,0,0,0,0,5
153038,Italy_global,,3,0,3,3,0,3,0,0,0,0,5
153041,promofarma,,2,0,2,2,0,2,0,0,0,0,5
153043,EOIBarcelona,,2,0,2,2,0,2,0,0,0,0,5
153044,EOIBurgos,,2,0,2,2,0,2,0,0,0,0,5
153064,AllYouCanItaly,,2,0,2,2,0,2,0,0,0,0,5
153069,diouf_valentina,,2,0,2,2,0,2,0,0,0,0,5
153071,mauroberruto,,2,0,2,2,0,2,0,0,0,0,5
153082,UnivCathoOuest,,3,0,3,3,0,3,0,0,0,0,5
153086,FipavCRVeneto,,2,0,2,2,0,2,0,0,0,0,5
153095,ELLEfashion,,2,0,2,2,0,2,0,0,0,0,5
153148,jeunesreps,,2,0,2,2,0,2,0,0,0,0,8
153162,AdeccoFrance,,2,0,2,2,0,2,0,0,0,0,8
153182,AdeMontchalin,,2,0,2,2,0,2,0,0,0,0,8
153189,Scaleway_fr,,2,0,2,2,0,2,0,0,0,0,7
153206,MonsterFrance,,2,0,2,2,0,2,0,0,0,0,8
153207,cadremploi,,2,0,2,2,0,2,0,0,0,0,8
153208,Apecfr,,3,0,3,3,0,3,0,0,0,0,3
153241,Agri_Gouv,,2,0,2,2,0,2,0,0,0,0,8
153245,JeunesAgri,,2,0,2,2,0,2,0,0,0,0,8
153255,etourismeinfo,,2,0,2,2,0,2,0,0,0,0,7
153265,NoraHamadi,,2,0,2,2,0,2,0,0,0,0,8
153286,cestrosi,,2,0,2,2,0,2,0,0,0,0,8
153302,DominiqueReynie,,2,0,2,2,0,2,0,0,0,0,8
153320,ForceRep_fr,,2,0,2,2,0,2,0,0,0,0,8
153336,phdumont,,2,0,2,2,0,2,0,0,0,0,8
153339,marclandre,,2,0,2,2,0,2,0,0,0,0,8
153360,ademe,,2,0,2,2,0,2,0,0,0,0,8
153362,WeDemain,,2,0,2,2,0,2,0,0,0,0,8
153386,Entreprendre,,2,0,2,2,0,2,0,0,0,0,8
153387,jonathan_dhiver,,2,0,2,2,0,2,0,0,0,0,8
153403,jberrebi,,2,0,2,2,0,2,0,0,0,0,8
153404,Xavier75,,2,0,2,2,0,2,0,0,0,0,8
153413,ClimateChange_i,,2,0,2,2,0,2,0,0,0,0,8
153416,gidehault,,2,0,2,2,0,2,0,0,0,0,1
153419,pacoeconomia,,2,0,2,2,0,2,0,0,0,0,8
153442,RBaranger,,2,0,2,2,0,2,0,0,0,0,8
153448,Olivier_Robert,,2,0,2,2,0,2,0,0,0,0,8
153454,Groupehumaprise,,2,0,2,2,0,2,0,0,0,0,8
153503,el_gordo_,,2,0,2,2,0,2,0,0,0,0,7
153506,LegalTechStudio,,2,0,2,2,0,2,0,0,0,0,8
153509,BSPO1348,,2,0,2,2,0,2,0,0,0,0,8
153529,conseilsmkg,,2,0,2,2,0,2,0,0,0,0,3
153542,JonathanAufray,,2,0,2,2,0,2,0,0,0,0,8
153543,OCFrance,,2,0,2,2,0,2,0,0,0,0,8
153548,Hacksterio,,2,0,2,2,0,2,0,0,0,0,0
153572,HootsuiteFR,,2,0,2,2,0,2,0,0,0,0,1
153573,babgi,,3,0,3,3,0,3,0,0,0,0,1
153580,journaldunet,,3,0,3,3,0,3,0,0,0,0,7
153589,Feleaks,,3,0,3,3,0,3,0,0,0,0,8
153617,GrowthHackers,,4,0,4,4,0,4,0,0,0,0,8
153621,jrbny,,2,0,2,2,0,2,0,0,0,0,7
153676,SolmarRentACar,,3,0,3,3,0,3,0,0,0,0,8
153716,ccifrance,,2,0,2,2,0,2,0,0,0,0,8
153717,lengow_FR,,2,0,2,2,0,2,0,0,0,0,8
153719,wrapbootstrap,,2,0,2,2,0,2,0,0,0,0,1
153739,pressecitron,,3,0,3,3,0,3,0,0,0,0,8
153743,sup_numerique,,2,0,2,2,0,2,0,0,0,0,1
153750,fablabimpresa,,2,0,2,2,0,2,0,0,0,0,8
153755,ThunderMaster3,,2,0,2,2,0,2,0,0,0,0,8
153757,ThunderclapIt,,3,0,3,3,0,3,0,0,0,0,3
153758,MatthiasEckhart,,2,0,2,2,0,2,0,0,0,0,8
153762,AurelienClaudez,,2,0,2,2,0,2,0,0,0,0,8
153796,DorpTheo,,2,0,2,2,0,2,0,0,0,0,8
153803,smartangelsfr,,2,0,2,2,0,2,0,0,0,0,7
153813,SDEntrepreneurs,,2,0,2,2,0,2,0,0,0,0,8
153817,defenceforces,,2,0,2,2,0,2,0,0,0,0,2
153845,Clubic,,2,0,2,2,0,2,0,0,0,0,8
153850,Wolty_,,2,0,2,2,0,2,0,0,0,0,8
153854,reesmarc,,2,0,2,2,0,2,0,0,0,0,8
153858,webrankinfo,,3,0,3,3,0,3,0,0,0,0,7
153866,PragEntr,,2,0,2,2,0,2,0,0,0,0,8
153867,Incenteev_fr,,2,0,2,2,0,2,0,0,0,0,1
153868,kmitsotakis,,2,0,2,2,0,2,0,0,0,0,1
153883,MySQL,,2,0,2,2,0,2,0,0,0,0,6
153886,rubyrogues,,2,0,2,2,0,2,0,0,0,0,8
153888,MonstRpreneur,,2,0,2,2,0,2,0,0,0,0,8
153901,npmjs,,2,0,2,2,0,2,0,0,0,0,8
153902,reactjs,,2,0,2,2,0,2,0,0,0,0,8
153903,JavaScriptDaily,,3,0,3,3,0,3,0,0,0,0,1
153910,Literatenmelu,,2,0,2,2,0,2,0,0,0,0,8
153914,alumni_de,,3,0,3,3,0,3,0,0,0,0,8
153915,lehrer_online,,2,0,2,2,0,2,0,0,0,0,8
153920,D_Wortschatz,,2,0,2,2,0,2,0,0,0,0,1
153922,LearnGermanQ8,,2,0,2,2,0,2,0,0,0,0,8
153924,DSPrag,,2,0,2,2,0,2,0,0,0,0,8
153934,internpanel,,2,0,2,2,0,2,0,0,0,0,7
153935,FindEVS,,2,0,2,2,0,2,0,0,0,0,8
153936,css,,2,0,2,2,0,2,0,0,0,0,8
153937,rails,,3,0,3,3,0,3,0,0,0,0,8
153938,thenetninjauk,,2,0,2,2,0,2,0,0,0,0,4
153939,nodejs,,2,0,2,2,0,2,0,0,0,0,8
153940,MongoDB,,3,0,3,3,0,3,0,0,0,0,1
153941,getbootstrap,,3,0,3,3,0,3,0,0,0,0,1
153944,angular,,2,0,2,2,0,2,0,0,0,0,1
153947,WIPJOBS,,4,0,4,4,0,4,0,0,0,0,3
153949,gccaratti,,2,0,2,2,0,2,0,0,0,0,3
153960,jainacapital,,2,0,2,2,0,2,0,0,0,0,3
153962,marcsimoncini,,2,0,2,2,0,2,0,0,0,0,3
153963,eurocrat,,2,0,2,2,0,2,0,0,0,0,8
153965,ManagerCI,,2,0,2,2,0,2,0,0,0,0,8
153966,CatalogIndustry,,2,0,2,2,0,2,0,0,0,0,0
153967,airtecnics,,3,0,3,3,0,3,0,0,0,0,0
153970,V__Rossi,,2,0,2,2,0,2,0,0,0,0,8
153987,360Connect,,2,0,2,2,0,2,0,0,0,0,8
153990,tutur__,,2,0,2,2,0,2,0,0,0,0,8
153992,tveitdal,,2,0,2,2,0,2,0,0,0,0,1
153993,Mussux_F2F,,3,0,3,3,0,3,0,0,0,0,8
153996,andrewalmack,,2,0,2,2,0,2,0,0,0,0,1
153999,DgtlMike,,2,0,2,2,0,2,0,0,0,0,8
154007,green_tech_wb,,2,0,2,2,0,2,0,0,0,0,2
154009,estonia_eu,,3,0,3,3,0,3,0,0,0,0,7
154010,visitestonia,,3,0,3,3,0,3,0,0,0,0,7
154011,esnvgtu,,2,0,2,2,0,2,0,0,0,0,1
154016,nomeconsumas,,2,0,2,2,0,2,0,0,0,0,8
154029,MakespaceMadrid,,2,0,2,2,0,2,0,0,0,0,8
154060,EldaCoworking,,2,0,2,2,0,2,0,0,0,0,8
154070,hawkinsjohn,,2,0,2,2,0,2,0,0,0,0,8
154073,TutorialTree,,2,0,2,2,0,2,0,0,0,0,8
154098,leprofduweb,,2,0,2,2,0,2,0,0,0,0,8
154105,igersmacerata,,2,0,2,2,0,2,0,0,0,0,3
154109,ArthurAndAshes,,2,0,2,2,0,2,0,0,0,0,8
154128,Hugodixon,,2,0,2,2,0,2,0,0,0,0,8
154129,paavoarhinmaki,,2,0,2,2,0,2,0,0,0,0,8
154130,LodewijkA,,2,0,2,2,0,2,0,0,0,0,8
154138,cdeniaud,,2,0,2,2,0,2,0,0,0,0,7
154142,moderateur,,2,0,2,2,0,2,0,0,0,0,2
154143,DuboissetB,,2,0,2,2,0,2,0,0,0,0,7
154144,e_influenceur,,2,0,2,2,0,2,0,0,0,0,8
154151,GTAI_com,,2,0,2,2,0,2,0,0,0,0,8
154154,Fred_M,,2,0,2,2,0,2,0,0,0,0,8
154155,FlashTweet,,2,0,2,2,0,2,0,0,0,0,8
154163,TBilesimo,,2,0,2,2,0,2,0,0,0,0,8
154168,Arlietas,,2,0,2,2,0,2,0,0,0,0,8
154174,Jekaba11,,2,0,2,2,0,2,0,0,0,0,8
154175,FranckyPedia,,2,0,2,2,0,2,0,0,0,0,8
154176,IvetaKazoka,,2,0,2,2,0,2,0,0,0,0,1
154177,Rigas_pils,,2,0,2,2,0,2,0,0,0,0,8
154183,VairaVF,,2,0,2,2,0,2,0,0,0,0,8
154185,Brivibas36,,2,0,2,2,0,2,0,0,0,0,8
154188,AdelineLaurent8,,2,0,2,2,0,2,0,0,0,0,1
154204,MashUp_NTE,,2,0,2,2,0,2,0,0,0,0,8
154205,KarolPokojowczy,,3,0,3,3,0,3,0,0,0,0,8
154209,c_blazquez,,2,0,2,2,0,2,0,0,0,0,8
154211,PatriceTruong,,2,0,2,2,0,2,0,0,0,0,8
154215,SANDROANDRINE,,2,0,2,2,0,2,0,0,0,0,8
154225,VincentPenalba,,2,0,2,2,0,2,0,0,0,0,8
154233,DailyGeekShow,,2,0,2,2,0,2,0,0,0,0,8
154236,aureliebouquet,,2,0,2,2,0,2,0,0,0,0,8
154242,CNNum,,3,0,3,3,0,3,0,0,0,0,8
154253,dgreenwald,,2,0,2,2,0,2,0,0,0,0,8
154256,Sophie_Auconie,,2,0,2,2,0,2,0,0,0,0,8
154258,EurasiaCat,,4,0,4,4,0,4,0,0,0,0,8
154259,Europaconectada,,2,0,2,2,0,2,0,0,0,0,8
154260,nicolassaubin,,2,0,2,2,0,2,0,0,0,0,8
154261,Adngold,,2,0,2,2,0,2,0,0,0,0,8
154262,OlivierBaillyEU,,2,0,2,2,0,2,0,0,0,0,8
154270,lesguer_lionel,,2,0,2,2,0,2,0,0,0,0,8
154272,atterres,,2,0,2,2,0,2,0,0,0,0,8
154273,susiwallner,,2,0,2,2,0,2,0,0,0,0,8
154274,AlterEco_,,2,0,2,2,0,2,0,0,0,0,8
154284,MinesServices,,2,0,2,2,0,2,0,0,0,0,8
154294,mygovindia,,2,0,2,2,0,2,0,0,0,0,2
154299,GoogleEnFrance,,2,0,2,2,0,2,0,0,0,0,8
154302,publicsenat,,3,0,3,3,0,3,0,0,0,0,8
154303,Courdescomptes,,2,0,2,2,0,2,0,0,0,0,8
154304,LexisVeille,,2,0,2,2,0,2,0,0,0,0,8
154307,OVHcloud,,2,0,2,2,0,2,0,0,0,0,1
154310,universcience,,2,0,2,2,0,2,0,0,0,0,2
154316,SebICN,,2,0,2,2,0,2,0,0,0,0,8
154319,StudentContent,,2,0,2,2,0,2,0,0,0,0,8
154324,TheNextMedia__,,3,0,3,3,0,3,0,0,0,0,8
154327,JDNebusiness,,2,0,2,2,0,2,0,0,0,0,8
154328,thenextweb,,4,0,4,4,0,4,0,0,0,0,8
154333,ICNbs,,3,0,3,3,0,3,0,0,0,0,8
154346,blogdocs,,2,0,2,2,0,2,0,0,0,0,1
154355,rociogalvezs,,2,0,2,2,0,2,0,0,0,0,4
154369,CovitePV,,2,0,2,2,0,2,0,0,0,0,4
154377,Ebbaba_H,,2,0,2,2,0,2,0,0,0,0,5
154396,semiramis_glez,,2,0,2,2,0,2,0,0,0,0,4
154400,marramirez,,2,0,2,2,0,2,0,0,0,0,4
154478,Stop_Trata,,2,0,2,2,0,2,0,0,0,0,4
154506,patricialopezl,,2,0,2,2,0,2,0,0,0,0,4
154509,pilaraguilarca,,2,0,2,2,0,2,0,0,0,0,4
154510,VindicatoM,,2,0,2,2,0,2,0,0,0,0,4
154513,pablom_m,,2,0,2,2,0,2,0,0,0,0,5
154514,FProstitucion,,2,0,2,2,0,2,0,0,0,0,4
154517,TeresaLActriz,,2,0,2,2,0,2,0,0,0,0,4
154519,mujeresenred,,2,0,2,2,0,2,0,0,0,0,4
154520,12causasfeminis,,2,0,2,2,0,2,0,0,0,0,4
154521,emujeres,,2,0,2,2,0,2,0,0,0,0,0
154535,Jose__Errasti,,2,0,2,2,0,2,0,0,0,0,4
154546,alannaasoc,,2,0,2,2,0,2,0,0,0,0,4
154588,AnaPofemi_nista,,2,0,2,2,0,2,0,0,0,0,4
154598,letra_escarlata,,2,0,2,2,0,2,0,0,0,0,4
154641,AstroNyota,,2,0,2,2,0,2,0,0,0,0,4
154643,peliradfem,,2,0,2,2,0,2,0,0,0,0,4
154644,arqueologia93,,2,0,2,2,0,2,0,0,0,0,4
154654,yayo_herrero,,2,0,2,2,0,2,0,0,0,0,4
154655,RedEcofeminista,,2,0,2,2,0,2,0,0,0,0,4
154656,MaryReadP,,2,0,2,2,0,2,0,0,0,0,4
154661,JessicaFillol,,2,0,2,2,0,2,0,0,0,0,4
154685,montserratboix,,2,0,2,2,0,2,0,0,0,0,4
154687,ContraBorrado,,2,0,2,2,0,2,0,0,0,0,4
154690,dalila_sin,,2,0,2,2,0,2,0,0,0,0,4
154700,AnadeMiguelAl,,2,0,2,2,0,2,0,0,0,0,4
154715,pictofem,,2,0,2,2,0,2,0,0,0,0,4
154719,XRGranada,,2,0,2,2,0,2,0,0,0,0,4
154720,AMPEGRANADA,,2,0,2,2,0,2,0,0,0,0,4
154726,Marmolpeceres,,2,0,2,2,0,2,0,0,0,0,4
154728,enluchamujeres,,2,0,2,2,0,2,0,0,0,0,4
154734,audrehooks,,2,0,2,2,0,2,0,0,0,0,4
154740,AbolicionMadrid,,2,0,2,2,0,2,0,0,0,0,4
154741,AsunCarretero,,2,0,2,2,0,2,0,0,0,0,4
154743,MMarpintele,,2,0,2,2,0,2,0,0,0,0,4
154745,laventana,,3,0,3,3,0,3,0,0,0,0,4
154747,GAbolicionista,,2,0,2,2,0,2,0,0,0,0,4
154748,lasdiosas,,2,0,2,2,0,2,0,0,0,0,4
154753,angelesbrinon,,2,0,2,2,0,2,0,0,0,0,4
154756,FlordeTorres_,,2,0,2,2,0,2,0,0,0,0,4
154758,Paulafraga__,,2,0,2,2,0,2,0,0,0,0,4
154759,Lorenamp82,,2,0,2,2,0,2,0,0,0,0,4
154770,abarbotta,,2,0,2,2,0,2,0,0,0,0,4
154772,Cristina_H_,,2,0,2,2,0,2,0,0,0,0,4
154774,soledad_murillo,,3,0,3,3,0,3,0,0,0,0,4
154775,salazar_octavio,,3,0,3,3,0,3,0,0,0,0,4
154777,elisabeni,,3,0,3,3,0,3,0,0,0,0,5
154779,FFFSevilla,,2,0,2,2,0,2,0,0,0,0,1
154787,HugoFer9,,2,0,2,2,0,2,0,0,0,0,4
154788,Sofiasac27,,2,0,2,2,0,2,0,0,0,0,4
154797,garcia_abadillo,,2,0,2,2,0,2,0,0,0,0,5
154798,minisashas,,2,0,2,2,0,2,0,0,0,0,4
154802,AmparoRubiales,,2,0,2,2,0,2,0,0,0,0,0
154805,P_Feminista,,2,0,2,2,0,2,0,0,0,0,4
154811,Icleron,,2,0,2,2,0,2,0,0,0,0,4
154815,INCIDEong,,2,0,2,2,0,2,0,0,0,0,4
154817,grunppy,,2,0,2,2,0,2,0,0,0,0,4
154828,JoaquimBoschGra,,3,0,3,3,0,3,0,0,0,0,6
154834,RosaPalma27,,2,0,2,2,0,2,0,0,0,0,4
154839,AngelesGiral,,2,0,2,2,0,2,0,0,0,0,4
154844,nurygglez,,2,0,2,2,0,2,0,0,0,0,4
154845,NetPress_Inc,,2,0,2,2,0,2,0,0,0,0,4
154847,AlvaroBotias,,2,0,2,2,0,2,0,0,0,0,4
154852,BeatrizGimeno1,,2,0,2,2,0,2,0,0,0,0,4
154853,gisb_sus,,2,0,2,2,0,2,0,0,0,0,4
154855,marinamarroqui,,2,0,2,2,0,2,0,0,0,0,4
154856,IsaMastro,,3,0,3,3,0,3,0,0,0,0,4
154858,NuriaVarela,,2,0,2,2,0,2,0,0,0,0,4
154859,NoSomosVasijas,,2,0,2,2,0,2,0,0,0,0,4
154861,LauraFreixas,,2,0,2,2,0,2,0,0,0,0,4
154862,AliciaPuleo,,2,0,2,2,0,2,0,0,0,0,4
154863,RosaCoboBedia,,2,0,2,2,0,2,0,0,0,0,4
154864,Isabelgranadina,,3,0,3,3,0,3,0,0,0,0,0
154868,artistasBNM,,2,0,2,2,0,2,0,0,0,0,4
154869,Comadres_Ecu,,2,0,2,2,0,2,0,0,0,0,4
154870,amelia_tiganus,,3,0,3,3,0,3,0,0,0,0,4
154873,TradxAbolicion,,2,0,2,2,0,2,0,0,0,0,4
154874,Abolicion_Prost,,2,0,2,2,0,2,0,0,0,0,4
154876,MujeresIgualdad,,2,0,2,2,0,2,0,0,0,0,4
154877,con_la_A,,2,0,2,2,0,2,0,0,0,0,4
154883,Abel_Garcia_,,3,0,3,3,0,3,0,0,0,0,0
154884,Amparo_san,,2,0,2,2,0,2,0,0,0,0,4
154889,PenelopeAYAS,,3,0,3,3,0,3,0,0,0,0,0
154895,lalivaquero,,2,0,2,2,0,2,0,0,0,0,4
154896,cristinaprieto5,,2,0,2,2,0,2,0,0,0,0,4
154913,Ana_Her_Her,,2,0,2,2,0,2,0,0,0,0,0
154918,naniRME,,2,0,2,2,0,2,0,0,0,0,4
154931,ciusal,,2,0,2,2,0,2,0,0,0,0,4
154937,LaUtopiadeIrma,,2,0,2,2,0,2,0,0,0,0,4
154941,BeatrizRanea,,2,0,2,2,0,2,0,0,0,0,4
154942,Omnia_Somnia,,2,0,2,2,0,2,0,0,0,0,4
154952,plataformalaj,,2,0,2,2,0,2,0,0,0,0,4
154955,UPFiscales,,2,0,2,2,0,2,0,0,0,0,4
154960,lamalpagada2,,2,0,2,2,0,2,0,0,0,0,4
154967,JMR_ts,,2,0,2,2,0,2,0,0,0,0,4
154968,Todopormigato,,3,0,3,3,0,3,0,0,0,0,4
154972,jasava7,,2,0,2,2,0,2,0,0,0,0,0
154985,Isabel84348850,,2,0,2,2,0,2,0,0,0,0,4
155007,Inmareina,,2,0,2,2,0,2,0,0,0,0,4
155013,feministaHarta,,2,0,2,2,0,2,0,0,0,0,4
155016,FemNosotras,,2,0,2,2,0,2,0,0,0,0,4
155017,Frida_Arenal,,2,0,2,2,0,2,0,0,0,0,4
155020,DigitalSevilla,,2,0,2,2,0,2,0,0,0,0,4
155034,EnfermeraGrana,,2,0,2,2,0,2,0,0,0,0,6
155035,andres261169,,3,0,3,3,0,3,0,0,0,0,6
155038,adrigomo_,,2,0,2,2,0,2,0,0,0,0,4
155045,CeciliaMCano,,3,0,3,3,0,3,0,0,0,0,4
155055,rcominoz,,2,0,2,2,0,2,0,0,0,0,4
155056,2GModelismo,,2,0,2,2,0,2,0,0,0,0,4
155060,quedisecompae,,2,0,2,2,0,2,0,0,0,0,4
155065,FPF_Granada,,2,0,2,2,0,2,0,0,0,0,4
155068,judithmateo,,3,0,3,3,0,3,0,0,0,0,4
155070,afgafasmoradas,,2,0,2,2,0,2,0,0,0,0,4
155075,Carmen10P,,2,0,2,2,0,2,0,0,0,0,4
155083,redfeminismo,,2,0,2,2,0,2,0,0,0,0,4
155086,NuevoHogar_Grd,,2,0,2,2,0,2,0,0,0,0,4
155087,iualmunecar,,3,0,3,3,0,3,0,0,0,0,0
155094,milenasonrisas,,2,0,2,2,0,2,0,0,0,0,4
155095,emiliopereziu,,3,0,3,3,0,3,0,0,0,0,4
155108,vmm7773,,2,0,2,2,0,2,0,0,0,0,4
155110,jc_andalus,,2,0,2,2,0,2,0,0,0,0,0
155115,marincasadogolf,,3,0,3,3,0,3,0,0,0,0,0
155116,TramaFeminista,,2,0,2,2,0,2,0,0,0,0,4
155119,degenerades,,2,0,2,2,0,2,0,0,0,0,4
155121,aroargallardo,,2,0,2,2,0,2,0,0,0,0,0
155123,Marcha7Nmadrid,,2,0,2,2,0,2,0,0,0,0,4
155126,io_vazquez,,2,0,2,2,0,2,0,0,0,0,0
155127,DelChef_Granada,,2,0,2,2,0,2,0,0,0,0,4
155128,LasPerdices_,,2,0,2,2,0,2,0,0,0,0,4
155129,K_Kummerlin,,2,0,2,2,0,2,0,0,0,0,4
155130,JuanZivico,,3,0,3,3,0,3,0,0,0,0,4
155131,ArtyHum,,2,0,2,2,0,2,0,0,0,0,4
155132,Indalo2008,,4,0,4,4,0,4,0,0,0,0,0
155137,rpsendra,,3,0,3,3,0,3,0,0,0,0,4
155138,ArianaSCota,,2,0,2,2,0,2,0,0,0,0,6
155139,FelipeAlcarazM,,3,0,3,3,0,3,0,0,0,0,0
155140,ciengramoseds,,3,0,3,3,0,3,0,0,0,0,0
155142,LRegor,,2,0,2,2,0,2,0,0,0,0,4
155148,apadfor,,2,0,2,2,0,2,0,0,0,0,4
155150,pilartavora,,2,0,2,2,0,2,0,0,0,0,0
155151,elmolinobcn,,2,0,2,2,0,2,0,0,0,0,7
155153,campanilla,,3,0,3,3,0,3,0,0,0,0,6
155154,laEkka,,2,0,2,2,0,2,0,0,0,0,4
155161,forumpfeminista,,3,0,3,3,0,3,0,0,0,0,4
155163,Discopolis3,,2,0,2,2,0,2,0,0,0,0,4
155165,cielikolindo,,2,0,2,2,0,2,0,0,0,0,4
155167,Alsurcanalsur,,2,0,2,2,0,2,0,0,0,0,4
155168,PilarPalomoBlan,,2,0,2,2,0,2,0,0,0,0,4
155172,FeminismoDgital,,2,0,2,2,0,2,0,0,0,0,4
155173,generoenaccion,,3,0,3,3,0,3,0,0,0,0,4
155176,migorri,,2,0,2,2,0,2,0,0,0,0,4
155178,_Malafollaica,,2,0,2,2,0,2,0,0,0,0,4
155183,ermariete,,2,0,2,2,0,2,0,0,0,0,4
155184,adrede_,,3,0,3,3,0,3,0,0,0,0,0
155186,JoseChamizo_,,2,0,2,2,0,2,0,0,0,0,4
155187,KeylaFernandezM,,2,0,2,2,0,2,0,0,0,0,0
155188,GranadaGratis,,2,0,2,2,0,2,0,0,0,0,4
155190,GranadaAyuda,,2,0,2,2,0,2,0,0,0,0,4
155192,colegas_granada,,2,0,2,2,0,2,0,0,0,0,4
155193,granada_xp,,2,0,2,2,0,2,0,0,0,0,4
155194,WWF_Deutschland,,2,0,2,2,0,2,0,0,0,0,1
155195,amnesty_de,,2,0,2,2,0,2,0,0,0,0,1
155202,RUBeL_Team,,2,0,2,2,0,2,0,0,0,0,1
155205,Social_Europe,,3,0,3,3,0,3,0,0,0,0,1
155206,DSW_Tweet,,3,0,3,3,0,3,0,0,0,0,1
155209,ubbochum,,2,0,2,2,0,2,0,0,0,0,1
155228,roteskreuz_de,,2,0,2,2,0,2,0,0,0,0,1
155229,VfLBochum1848eV,,2,0,2,2,0,2,0,0,0,0,1
155231,portuguesePT,,2,0,2,2,0,2,0,0,0,0,7
155249,strobept,,2,0,2,2,0,2,0,0,0,0,7
155254,indielisboaiff,,2,0,2,2,0,2,0,0,0,0,7
155264,AlejandraGh15,,3,0,3,3,0,3,0,0,0,0,0
155272,cristinarv_,,3,0,3,3,0,3,0,0,0,0,4
155276,opv,,3,0,3,3,0,3,0,0,0,0,7
155284,FGrau,,3,0,3,3,0,3,0,0,0,0,4
155298,SpartanRace,,2,0,2,2,0,2,0,0,0,0,6
155301,aefona,,3,0,3,3,0,3,0,0,0,0,4
155303,esciclismo,,2,0,2,2,0,2,0,0,0,0,4
155304,lmonterorguez,,3,0,3,3,0,3,0,0,0,0,4
155307,vmdeluxe,,3,0,3,3,0,3,0,0,0,0,0
155308,doloresvela,,4,0,4,4,0,4,0,0,0,0,4
155309,maratonvalencia,,3,0,3,3,0,3,0,0,0,0,1
155311,ninosenmochila,,2,0,2,2,0,2,0,0,0,0,4
155315,buscamapas,,3,0,3,3,0,3,0,0,0,0,4
155320,DANIELSENDA,,2,0,2,2,0,2,0,0,0,0,4
155328,GVAlabora,,2,0,2,2,0,2,0,0,0,0,4
155329,DonKingHostel,,2,0,2,2,0,2,0,0,0,0,7
155340,RotaryAlicanteP,,2,0,2,2,0,2,0,0,0,0,4
155344,eventsmarker,,2,0,2,2,0,2,0,0,0,0,0
155357,patriciajaniot,,2,0,2,2,0,2,0,0,0,0,4
155365,Funky_Hostels,,2,0,2,2,0,2,0,0,0,0,4
155369,Spainreport,,2,0,2,2,0,2,0,0,0,0,0
155377,arqlia_inmo,,2,0,2,2,0,2,0,0,0,0,4
155378,turboemprende,,2,0,2,2,0,2,0,0,0,0,0
155379,TuViajeBarato,,2,0,2,2,0,2,0,0,0,0,0
155384,toledojoven,,2,0,2,2,0,2,0,0,0,0,4
155386,ConectorSocial,,3,0,3,3,0,3,0,0,0,0,0
155388,crisco1979,,2,0,2,2,0,2,0,0,0,0,0
155391,BEdeluxe,,2,0,2,2,0,2,0,0,0,0,4
155397,BenissaParaiso,,3,0,3,3,0,3,0,0,0,0,6
155398,SomosDenia,,3,0,3,3,0,3,0,0,0,0,6
155408,Teulada_Moraira,,3,0,3,3,0,3,0,0,0,0,2
155409,ici_nature,,2,0,2,2,0,2,0,0,0,0,7
155413,GoProTravelling,,2,0,2,2,0,2,0,0,0,0,7
155417,Freeel_ebikes,,2,0,2,2,0,2,0,0,0,0,4
155418,Dineshdesilva,,2,0,2,2,0,2,0,0,0,0,2
155424,NexGroupAsiaPac,,2,0,2,2,0,2,0,0,0,0,2
155425,felipgarza,,2,0,2,2,0,2,0,0,0,0,0
155426,KELLSCOLLEGE,,3,0,3,3,0,3,0,0,0,0,1
155432,RemovalstoSpain,,2,0,2,2,0,2,0,0,0,0,0
155435,EHostelBudapest,,2,0,2,2,0,2,0,0,0,0,6
155443,Reviscola,,2,0,2,2,0,2,0,0,0,0,4
155446,elenamartinALC,,2,0,2,2,0,2,0,0,0,0,4
155460,LuisSalom,,2,0,2,2,0,2,0,0,0,0,4
155466,bcn_erasmus,,3,0,3,3,0,3,0,0,0,0,2
155468,PasoaPasoVEN,,2,0,2,2,0,2,0,0,0,0,0
155477,andres3dids,,2,0,2,2,0,2,0,0,0,0,0
155478,Alicantinos,,2,0,2,2,0,2,0,0,0,0,2
155479,etomast,,2,0,2,2,0,2,0,0,0,0,0
155481,novedadesaeat,,3,0,3,3,0,3,0,0,0,0,4
155488,elenaymrtz,,2,0,2,2,0,2,0,0,0,0,4
155490,vivirvalencia,,2,0,2,2,0,2,0,0,0,0,4
155491,turismodegandia,,2,0,2,2,0,2,0,0,0,0,0
155499,turisdata,,2,0,2,2,0,2,0,0,0,0,0
155512,soymariovidal,,2,0,2,2,0,2,0,0,0,0,4
155532,inspireyourtrip,,2,0,2,2,0,2,0,0,0,0,7
155533,TravelTweet,,2,0,2,2,0,2,0,0,0,0,7
155536,LaPatrii,,3,0,3,3,0,3,0,0,0,0,4
155540,hojaderutas,,2,0,2,2,0,2,0,0,0,0,0
155542,somniohostels,,2,0,2,2,0,2,0,0,0,0,7
155543,mauoscar,,2,0,2,2,0,2,0,0,0,0,4
155544,Ciberopolis,,3,0,3,3,0,3,0,0,0,0,6
155547,Zarapixel,,2,0,2,2,0,2,0,0,0,0,0
155552,scoutsargentina,,2,0,2,2,0,2,0,0,0,0,4
155554,laurymat,,2,0,2,2,0,2,0,0,0,0,4
155580,ProfesEnLucha,,2,0,2,2,0,2,0,0,0,0,4
155581,Zumitodefresa,,2,0,2,2,0,2,0,0,0,0,1
155583,hostaltrajano,,2,0,2,2,0,2,0,0,0,0,6
155586,FeriasDeMochila,,2,0,2,2,0,2,0,0,0,0,4
155596,luis_coll,,3,0,3,3,0,3,0,0,0,0,0
155597,Caninomordedor,,2,0,2,2,0,2,0,0,0,0,6
155598,tusestudios,,3,0,3,3,0,3,0,0,0,0,1
155605,CSainz_Karting,,3,0,3,3,0,3,0,0,0,0,0
155608,graciasextra,,2,0,2,2,0,2,0,0,0,0,3
155609,AlvaroLamberti,,2,0,2,2,0,2,0,0,0,0,0
155610,sociosinversore,,3,0,3,3,0,3,0,0,0,0,6
155611,clubalendagolf,,2,0,2,2,0,2,0,0,0,0,0
155612,UVRadio,,2,0,2,2,0,2,0,0,0,0,4
155613,carpoolingES,,2,0,2,2,0,2,0,0,0,0,4
155618,BEACH_HOSTEL,,2,0,2,2,0,2,0,0,0,0,7
155625,PeteKindness,,2,0,2,2,0,2,0,0,0,0,7
155635,VIAJERO_COLONIA,,2,0,2,2,0,2,0,0,0,0,0
155667,DALICANTE,,2,0,2,2,0,2,0,0,0,0,4
155683,ExpatsValencia,,2,0,2,2,0,2,0,0,0,0,6
155688,clarinrne,,2,0,2,2,0,2,0,0,0,0,0
155693,aprendelo,,3,0,3,3,0,3,0,0,0,0,1
155695,canaloposicione,,3,0,3,3,0,3,0,0,0,0,4
155705,Visualem,,3,0,3,3,0,3,0,0,0,0,4
155710,kallejeo,,2,0,2,2,0,2,0,0,0,0,6
155712,flowclub,,2,0,2,2,0,2,0,0,0,0,6
155713,JoseMiAlbornoz,,2,0,2,2,0,2,0,0,0,0,4
155715,Pamplonajoven,,2,0,2,2,0,2,0,0,0,0,6
155721,PortadaVillena,,2,0,2,2,0,2,0,0,0,0,2
155726,PL_Girls,,2,0,2,2,0,2,0,0,0,0,2
155734,PopularesDenia,,2,0,2,2,0,2,0,0,0,0,4
155736,bea_UV,,2,0,2,2,0,2,0,0,0,0,4
155737,RadioAspe,,2,0,2,2,0,2,0,0,0,0,4
155739,Leonjoven,,2,0,2,2,0,2,0,0,0,0,4
155751,SoftEstudiantes,,2,0,2,2,0,2,0,0,0,0,4
155752,SomosCastellon,,2,0,2,2,0,2,0,0,0,0,4
155755,eStudiaSoft,,2,0,2,2,0,2,0,0,0,0,4
155756,roselloamparo,,3,0,3,3,0,3,0,0,0,0,6
155757,AyudastodEspana,,3,0,3,3,0,3,0,0,0,0,4
155764,L_Enciclopedia,,2,0,2,2,0,2,0,0,0,0,4
155767,PatagoniaWebs,,2,0,2,2,0,2,0,0,0,0,4
155774,abc_PlayCine,,3,0,3,3,0,3,0,0,0,0,4
155783,hasescuchadoesa,,2,0,2,2,0,2,0,0,0,0,2
155785,VirgiSalinas5,,2,0,2,2,0,2,0,0,0,0,6
155797,ASpannenburg,,2,0,2,2,0,2,0,0,0,0,0
155805,nicoabad,,3,0,3,3,0,3,0,0,0,0,5
155810,barbaraquesadav,,2,0,2,2,0,2,0,0,0,0,5
155819,sheila_casas_,,2,0,2,2,0,2,0,0,0,0,2
155820,ascodevida,,3,0,3,3,0,3,0,0,0,0,6
155826,daniellejonas,,2,0,2,2,0,2,0,0,0,0,2
155831,Asnicar__Brenda,,2,0,2,2,0,2,0,0,0,0,2
155867,LifeInAlmunecar,,2,0,2,2,0,2,0,0,0,0,0
155874,holidayvelvet,,2,0,2,2,0,2,0,0,0,0,0
155875,SuitesViena,,2,0,2,2,0,2,0,0,0,0,0
155883,marlborough8182,,2,0,2,2,0,2,0,0,0,0,7
155887,Sitgeshotel,,2,0,2,2,0,2,0,0,0,0,0
155890,DiscoverBP,,2,0,2,2,0,2,0,0,0,0,7
155896,KiribuTravel,,2,0,2,2,0,2,0,0,0,0,7
155927,losenblanco,,2,0,2,2,0,2,0,0,0,0,2
155931,HASpain,,2,0,2,2,0,2,0,0,0,0,7
155936,NewLookTravelTn,,3,0,3,3,0,3,0,0,0,0,7
155940,topviajar,,2,0,2,2,0,2,0,0,0,0,7
155945,Beautiful_BCN,,3,0,3,3,0,3,0,0,0,0,7
155947,Silversea,,2,0,2,2,0,2,0,0,0,0,7
155951,RaqueSM,,3,0,3,3,0,3,0,0,0,0,0
155952,jesusnavlaz,,2,0,2,2,0,2,0,0,0,0,0
155955,Silvia__Flores,,2,0,2,2,0,2,0,0,0,0,0
155959,GermanyForum,,2,0,2,2,0,2,0,0,0,0,1
155962,gaserdiscos,,2,0,2,2,0,2,0,0,0,0,2
155963,TuVisitaVirtual,,2,0,2,2,0,2,0,0,0,0,0
155972,nsolotecnologia,,2,0,2,2,0,2,0,0,0,0,6
155973,Angel_Alvarez,,2,0,2,2,0,2,0,0,0,0,0
155979,Turieco,,2,0,2,2,0,2,0,0,0,0,0
155980,albergueopharol,,2,0,2,2,0,2,0,0,0,0,6
155981,buriedadventure,,2,0,2,2,0,2,0,0,0,0,7
155992,100x100valencia,,3,0,3,3,0,3,0,0,0,0,4
155996,La3Club,,2,0,2,2,0,2,0,0,0,0,5
156004,eventosbcn,,2,0,2,2,0,2,0,0,0,0,4
156005,empresar,,3,0,3,3,0,3,0,0,0,0,4
156009,ReservoHotel,,2,0,2,2,0,2,0,0,0,0,7
156014,eva_maroto,,2,0,2,2,0,2,0,0,0,0,6
156022,RubenBejarano,,2,0,2,2,0,2,0,0,0,0,4
156023,RBengala,,2,0,2,2,0,2,0,0,0,0,4
156026,itc_viajes,,2,0,2,2,0,2,0,0,0,0,0
156027,MyPlanFinder,,2,0,2,2,0,2,0,0,0,0,0
156031,wikisaber_es,,2,0,2,2,0,2,0,0,0,0,4
156035,masempresa,,3,0,3,3,0,3,0,0,0,0,4
156038,Ingenieria_SE,,2,0,2,2,0,2,0,0,0,0,0
156039,eldeseo,,3,0,3,3,0,3,0,0,0,0,4
156040,innovacionUCH,,2,0,2,2,0,2,0,0,0,0,4
156041,paraestudiantes,,3,0,3,3,0,3,0,0,0,0,1
156042,SoyUniversitaro,,2,0,2,2,0,2,0,0,0,0,4
156044,SiaHome,,2,0,2,2,0,2,0,0,0,0,2
156046,OportunaliaGR,,4,0,4,4,0,4,0,0,0,0,0
156047,SMSFormacion,,2,0,2,2,0,2,0,0,0,0,4
156052,jgarciacuenca,,2,0,2,2,0,2,0,0,0,0,1
156053,hoteles_magic,,2,0,2,2,0,2,0,0,0,0,0
156081,HOSBEConline,,2,0,2,2,0,2,0,0,0,0,4
156091,Benidorm,,2,0,2,2,0,2,0,0,0,0,0
156097,protocoloimep,,3,0,3,3,0,3,0,0,0,0,4
156103,FullDream4,,2,0,2,2,0,2,0,0,0,0,6
156104,giorgioascolese,,2,0,2,2,0,2,0,0,0,0,4
156107,excubenidorm,,2,0,2,2,0,2,0,0,0,0,0
156117,CruceroAdicto,,3,0,3,3,0,3,0,0,0,0,0
156125,Surfer,,2,0,2,2,0,2,0,0,0,0,1
156126,AtlantisManager,,3,0,3,3,0,3,0,0,0,0,6
156132,scoutcaph,,2,0,2,2,0,2,0,0,0,0,4
156147,snprofesores,,2,0,2,2,0,2,0,0,0,0,0
156149,GreturViajes,,2,0,2,2,0,2,0,0,0,0,0
156150,EstherZahir,,2,0,2,2,0,2,0,0,0,0,0
156151,CholloCrucero,,2,0,2,2,0,2,0,0,0,0,0
156153,condedelamaza,,2,0,2,2,0,2,0,0,0,0,4
156166,Senderismo_ESP,,2,0,2,2,0,2,0,0,0,0,4
156168,AvaiBookSports,,2,0,2,2,0,2,0,0,0,0,4
156170,viajeros,,2,0,2,2,0,2,0,0,0,0,0
156171,Muchosol,,2,0,2,2,0,2,0,0,0,0,0
156176,CRurales,,2,0,2,2,0,2,0,0,0,0,4
156187,jmgarciaperez,,2,0,2,2,0,2,0,0,0,0,0
156190,DespedidasALC,,2,0,2,2,0,2,0,0,0,0,0
156192,Carmeron,,2,0,2,2,0,2,0,0,0,0,0
156194,hotelinfo_Spain,,2,0,2,2,0,2,0,0,0,0,0
156195,Guiaruralcom,,2,0,2,2,0,2,0,0,0,0,4
156197,JovempaMB,,2,0,2,2,0,2,0,0,0,0,0
156199,eccus_net,,3,0,3,3,0,3,0,0,0,0,1
156203,spainhouses,,2,0,2,2,0,2,0,0,0,0,0
156210,Ruraliaturismo,,2,0,2,2,0,2,0,0,0,0,4
156219,danilefreak,,2,0,2,2,0,2,0,0,0,0,4
156221,carolinocha,,2,0,2,2,0,2,0,0,0,0,0
156224,esalicante,,2,0,2,2,0,2,0,0,0,0,4
156227,ViajarTweets,,2,0,2,2,0,2,0,0,0,0,0
156235,ofertasatrapalo,,2,0,2,2,0,2,0,0,0,0,0
156237,JosePuskas,,3,0,3,3,0,3,0,0,0,0,7
156238,ViajandoenRadio,,2,0,2,2,0,2,0,0,0,0,0
156241,CENTRONEGOCIOS,,2,0,2,2,0,2,0,0,0,0,4
156242,HRurales,,2,0,2,2,0,2,0,0,0,0,4
156245,DescuentosCupon,,2,0,2,2,0,2,0,0,0,0,0
156247,hotelesalicante,,2,0,2,2,0,2,0,0,0,0,4
156250,vivaturismo_,,2,0,2,2,0,2,0,0,0,0,0
156252,mundinautatv,,2,0,2,2,0,2,0,0,0,0,0
156253,OutletDeViaje,,2,0,2,2,0,2,0,0,0,0,7
156257,ViajesOneira,,2,0,2,2,0,2,0,0,0,0,4
156258,alteaortiz,,2,0,2,2,0,2,0,0,0,0,6
156259,CampelloTurismo,,2,0,2,2,0,2,0,0,0,0,4
156260,valenciacomer,,2,0,2,2,0,2,0,0,0,0,4
156264,bellezaactiva,,2,0,2,2,0,2,0,0,0,0,0
156271,playadevalencia,,3,0,3,3,0,3,0,0,0,0,1
156280,BethOjeda,,2,0,2,2,0,2,0,0,0,0,4
156283,turistweets,,2,0,2,2,0,2,0,0,0,0,0
156286,ExPERPENTOmag,,2,0,2,2,0,2,0,0,0,0,0
156287,GrupoComunicare,,2,0,2,2,0,2,0,0,0,0,7
156289,JacintoRieraVil,,2,0,2,2,0,2,0,0,0,0,0
156290,inmoimc,,2,0,2,2,0,2,0,0,0,0,4
156292,LooknBe_Espana,,2,0,2,2,0,2,0,0,0,0,0
156296,cosechadel66,,3,0,3,3,0,3,0,0,0,0,4
156306,TODO_CyL,,2,0,2,2,0,2,0,0,0,0,4
156317,G_G_Andres,,2,0,2,2,0,2,0,0,0,0,4
156320,grupoanton,,2,0,2,2,0,2,0,0,0,0,4
156321,Menteoptimista,,2,0,2,2,0,2,0,0,0,0,6
156327,RaquelMartos,,3,0,3,3,0,3,0,0,0,0,4
156331,gpsbuceo,,2,0,2,2,0,2,0,0,0,0,0
156346,hdpanas,,2,0,2,2,0,2,0,0,0,0,4
156347,rpresumida,,2,0,2,2,0,2,0,0,0,0,0
156349,Negocioslinea,,2,0,2,2,0,2,0,0,0,0,0
156355,AEGEE_MOSKVA,,2,0,2,2,0,2,0,0,0,0,1
156358,DeportesAventur,,3,0,3,3,0,3,0,0,0,0,1
156360,PADI,,2,0,2,2,0,2,0,0,0,0,0
156363,dipALCmAmbiente,,2,0,2,2,0,2,0,0,0,0,4
156364,MadridAzulShow,,2,0,2,2,0,2,0,0,0,0,4
156373,griseldafjd,,2,0,2,2,0,2,0,0,0,0,2
156383,tatankacamp,,2,0,2,2,0,2,0,0,0,0,4
156384,EnforexCamps,,2,0,2,2,0,2,0,0,0,0,4
156387,islamarina,,2,0,2,2,0,2,0,0,0,0,4
156390,20principales,,2,0,2,2,0,2,0,0,0,0,4
156391,UPV_info,,2,0,2,2,0,2,0,0,0,0,4
156392,elperiodicoval,,2,0,2,2,0,2,0,0,0,0,1
156393,SomosBlueRed,,2,0,2,2,0,2,0,0,0,0,4
156396,campusdigitalum,,2,0,2,2,0,2,0,0,0,0,6
156397,Solytravel,,2,0,2,2,0,2,0,0,0,0,0
156398,HablamosTurismo,,3,0,3,3,0,3,0,0,0,0,4
156401,Niumba,,2,0,2,2,0,2,0,0,0,0,8
156403,GestionHotel,,2,0,2,2,0,2,0,0,0,0,0
156404,Todovertical,,2,0,2,2,0,2,0,0,0,0,4
156405,A_Viajes,,3,0,3,3,0,3,0,0,0,0,4
156407,Pepeday,,2,0,2,2,0,2,0,0,0,0,4
156412,visitdenmark_ES,,2,0,2,2,0,2,0,0,0,0,0
156413,ValenciaCP,,2,0,2,2,0,2,0,0,0,0,0
156414,MoonVLCOficial,,2,0,2,2,0,2,0,0,0,0,1
156417,ucvestudiantes,,3,0,3,3,0,3,0,0,0,0,4
156421,UrbanBiking_es,,2,0,2,2,0,2,0,0,0,0,4
156422,ocio_es,,2,0,2,2,0,2,0,0,0,0,0
156424,ulldecanals,,2,0,2,2,0,2,0,0,0,0,6
156426,CarlosLinaresDa,,3,0,3,3,0,3,0,0,0,0,0
156427,lovecostablanca,,2,0,2,2,0,2,0,0,0,0,4
156430,A_iPhone,,2,0,2,2,0,2,0,0,0,0,6
156435,BolsaPrivada,,2,0,2,2,0,2,0,0,0,0,0
156440,expertoasesor,,3,0,3,3,0,3,0,0,0,0,0
156441,Jacoglu,,3,0,3,3,0,3,0,0,0,0,0
156442,revistaisf,,2,0,2,2,0,2,0,0,0,0,2
156444,busco_empresas,,2,0,2,2,0,2,0,0,0,0,1
156445,Pisoenlacosta,,2,0,2,2,0,2,0,0,0,0,1
156446,_Com_Valenciana,,2,0,2,2,0,2,0,0,0,0,4
156452,jovenestalento,,2,0,2,2,0,2,0,0,0,0,1
156454,Bitacoras,,3,0,3,3,0,3,0,0,0,0,2
156463,barcelonesjove,,2,0,2,2,0,2,0,0,0,0,4
156465,jovesnet,,2,0,2,2,0,2,0,0,0,0,4
156469,JuventudSJavier,,2,0,2,2,0,2,0,0,0,0,6
156471,cijsonservera,,2,0,2,2,0,2,0,0,0,0,6
156474,eColeadersUE,,2,0,2,2,0,2,0,0,0,0,1
156477,ColegioMayorGG,,3,0,3,3,0,3,0,0,0,0,4
156478,nrodriguezmm,,3,0,3,3,0,3,0,0,0,0,0
156479,ElDiaCR,,2,0,2,2,0,2,0,0,0,0,0
156483,turismoclm,,2,0,2,2,0,2,0,0,0,0,0
156488,AlbergueElValle,,2,0,2,2,0,2,0,0,0,0,6
156491,noticias_inmo,,2,0,2,2,0,2,0,0,0,0,0
156492,JuanLuisGuerra,,3,0,3,3,0,3,0,0,0,0,4
156493,jsuizo,,2,0,2,2,0,2,0,0,0,0,4
156495,jorgeivars,,2,0,2,2,0,2,0,0,0,0,4
156500,INMOTURISMO,,3,0,3,3,0,3,0,0,0,0,0
156501,noziondigital,,3,0,3,3,0,3,0,0,0,0,0
156503,PadresoNones,,3,0,3,3,0,3,0,0,0,0,4
156505,SafeHostel,,2,0,2,2,0,2,0,0,0,0,7
156506,buzz1styear,,3,0,3,3,0,3,0,0,0,0,0
156507,ChristBello,,3,0,3,3,0,3,0,0,0,0,5
156510,spanien_treff,,2,0,2,2,0,2,0,0,0,0,0
156528,Agenciarayma,,2,0,2,2,0,2,0,0,0,0,0
156529,adictos_viajes,,3,0,3,3,0,3,0,0,0,0,4
156531,bookingfax,,3,0,3,3,0,3,0,0,0,0,0
156534,madridforyou,,2,0,2,2,0,2,0,0,0,0,4
156540,terra_mitica,,2,0,2,2,0,2,0,0,0,0,4
156542,LKXA,,3,0,3,3,0,3,0,0,0,0,3
156549,costablancaorg,,2,0,2,2,0,2,0,0,0,0,4
156552,Marta_Bonet,,2,0,2,2,0,2,0,0,0,0,4
156556,aliciaselles,,2,0,2,2,0,2,0,0,0,0,6
156557,mipepecar,,2,0,2,2,0,2,0,0,0,0,2
156560,laquemasmola,,2,0,2,2,0,2,0,0,0,0,6
156567,joantxo,,2,0,2,2,0,2,0,0,0,0,4
156570,miralzira,,2,0,2,2,0,2,0,0,0,0,2
156575,233_grados,,2,0,2,2,0,2,0,0,0,0,2
156576,SumeruAgencia,,2,0,2,2,0,2,0,0,0,0,4
156585,migueljust,,2,0,2,2,0,2,0,0,0,0,6
156588,sanchezcesar,,2,0,2,2,0,2,0,0,0,0,4
156589,megustacalpe,,2,0,2,2,0,2,0,0,0,0,4
156592,1988ideas,,2,0,2,2,0,2,0,0,0,0,3
156602,ebookingES,,2,0,2,2,0,2,0,0,0,0,0
156611,tageblatt_lu,,2,0,2,2,0,2,0,0,0,0,1
156617,RTLlu,,2,0,2,2,0,2,0,0,0,0,1
156620,iaecaen,,2,0,2,2,0,2,0,0,0,0,1
156625,cocacolafr,,2,0,2,2,0,2,0,0,0,0,1
156640,lidiadelao,,3,0,3,3,0,3,0,0,0,0,0
156641,cbpeligros,,2,0,2,2,0,2,0,0,0,0,0
156644,CABAtarfe,,3,0,3,3,0,3,0,0,0,0,0
156646,CanalCocina,,3,0,3,3,0,3,0,0,0,0,0
156648,MSCCrucerosArg,,2,0,2,2,0,2,0,0,0,0,0
156649,DraPalomaGil,,3,0,3,3,0,3,0,0,0,0,0
156650,ntrenoinvisible,,3,0,3,3,0,3,0,0,0,0,0
156654,tiendascoqueteo,,3,0,3,3,0,3,0,0,0,0,0
156657,labasculaTV,,3,0,3,3,0,3,0,0,0,0,0
156658,FisioterapiaHo,,2,0,2,2,0,2,0,0,0,0,0
156659,cgcfe,,2,0,2,2,0,2,0,0,0,0,0
156662,etsiccp_ugr,,3,0,3,3,0,3,0,0,0,0,0
156670,cofiga,,2,0,2,2,0,2,0,0,0,0,0
156671,fisiosmundi,,2,0,2,2,0,2,0,0,0,0,0
156672,FisioSinRed,,2,0,2,2,0,2,0,0,0,0,0
156673,_Salud,,2,0,2,2,0,2,0,0,0,0,0
156675,cfisiomad,,2,0,2,2,0,2,0,0,0,0,0
156676,StopIntrusismo,,2,0,2,2,0,2,0,0,0,0,0
156689,rosaarda,,3,0,3,3,0,3,0,0,0,0,0
156695,FisioStarBlog,,2,0,2,2,0,2,0,0,0,0,0
156696,Fisiobook_es,,2,0,2,2,0,2,0,0,0,0,0
156697,Masterfisioweb,,2,0,2,2,0,2,0,0,0,0,0
156698,fisiosaturada,,2,0,2,2,0,2,0,0,0,0,0
156699,tufisionet,,2,0,2,2,0,2,0,0,0,0,0
156700,AquamarFA,,2,0,2,2,0,2,0,0,0,0,0
156701,FISIOMEDClinica,,2,0,2,2,0,2,0,0,0,0,0
156703,rgtfisio,,2,0,2,2,0,2,0,0,0,0,0
156705,Fisioexperto,,2,0,2,2,0,2,0,0,0,0,0
156706,Sefid_edupain,,2,0,2,2,0,2,0,0,0,0,0
156708,sinmasdolor,,3,0,3,3,0,3,0,0,0,0,0
156709,fisiosad,,2,0,2,2,0,2,0,0,0,0,0
156710,rufemaefisio,,2,0,2,2,0,2,0,0,0,0,0
156711,bbymasgmail,,4,0,4,4,0,4,0,0,0,0,0
156716,aefisio,,2,0,2,2,0,2,0,0,0,0,0
156718,FisioNoticias,,2,0,2,2,0,2,0,0,0,0,0
156722,TiendaDelMasaje,,2,0,2,2,0,2,0,0,0,0,0
156723,Fissioterapia,,2,0,2,2,0,2,0,0,0,0,0
156725,pasionenjaen,,3,0,3,3,0,3,0,0,0,0,0
156730,sasutra3,,2,0,2,2,0,2,0,0,0,0,0
156735,fisioteca,,2,0,2,2,0,2,0,0,0,0,0
156736,Fisioformacion,,2,0,2,2,0,2,0,0,0,0,0
156738,Fisiofocus,,2,0,2,2,0,2,0,0,0,0,0
156740,fisioterapianet,,2,0,2,2,0,2,0,0,0,0,0
156741,ALFAfisio,,2,0,2,2,0,2,0,0,0,0,0
156743,ifisiotec,,2,0,2,2,0,2,0,0,0,0,0
156746,fisionat,,2,0,2,2,0,2,0,0,0,0,0
156748,DistritoAndaluz,,2,0,2,2,0,2,0,0,0,0,0
156749,Tratos_UGR,,3,0,3,3,0,3,0,0,0,0,0
156751,Fisio_Campus,,2,0,2,2,0,2,0,0,0,0,0
156754,CopaCOVAP,,3,0,3,3,0,3,0,0,0,0,0
156755,AdelgazarNet,,3,0,3,3,0,3,0,0,0,0,0
156756,RecetasLigeras,,3,0,3,3,0,3,0,0,0,0,0
156758,torrecillassn,,2,0,2,2,0,2,0,0,0,0,0
156765,r174B,,2,0,2,2,0,2,0,0,0,0,8
156768,MSFTImagine,,3,0,3,3,0,3,0,0,0,0,8
156771,mesmarizing,,2,0,2,2,0,2,0,0,0,0,1
156788,OM_Officiel,,2,0,2,2,0,2,0,0,0,0,8
156800,lavoixdunord,,3,0,3,3,0,3,0,0,0,0,8
156802,NordEclairWeb,,2,0,2,2,0,2,0,0,0,0,8
156812,fina1908,,2,0,2,2,0,2,0,0,0,0,8
156819,MedAliSouissi,,2,0,2,2,0,2,0,0,0,0,8
156827,tcheniti,,2,0,2,2,0,2,0,0,0,0,8
156829,HDTravelTV,,2,0,2,2,0,2,0,0,0,0,8
156870,karim2k,,2,0,2,2,0,2,0,0,0,0,8
156890,lidootn,,2,0,2,2,0,2,0,0,0,0,8
156894,Sofien_Chourabi,,2,0,2,2,0,2,0,0,0,0,8
157194,eksipic,,2,0,2,2,0,2,0,0,0,0,1
157275,cesariniumberto,,2,0,2,2,0,2,0,0,0,0,3
157478,ericfrodgers,,2,0,2,2,0,2,0,0,0,0,2
157483,tuTransform,,2,0,2,2,0,2,0,0,0,0,6
157490,egomezislas,,2,0,2,2,0,2,0,0,0,0,6
157544,Yourallypally,,2,0,2,2,0,2,0,0,0,0,2
157561,whoisjob,,2,0,2,2,0,2,0,0,0,0,1
157586,Weekendbaltic,,2,0,2,2,0,2,0,0,0,0,2
157603,MATTHARDYBRAND,,2,0,2,2,0,2,0,0,0,0,2
157641,inesmariamuniz,,2,0,2,2,0,2,0,0,0,0,2
157996,RTEsport,,2,0,2,2,0,2,0,0,0,0,1
158037,TheLastLeg,,2,0,2,2,0,2,0,0,0,0,2
158178,thereadyset,,2,0,2,2,0,2,0,0,0,0,6
158225,FamilyGuyonFOX,,2,0,2,2,0,2,0,0,0,0,3
158242,KLM_LocalEyes,,2,0,2,2,0,2,0,0,0,0,1
158553,nineinchnails,,2,0,2,2,0,2,0,0,0,0,3
158651,HomerJSimpson,,2,0,2,2,0,2,0,0,0,0,1
158659,DENISE_RICHARDS,,2,0,2,2,0,2,0,0,0,0,5
158676,NBA2K,,2,0,2,2,0,2,0,0,0,0,2
158682,zachbraff,,2,0,2,2,0,2,0,0,0,0,2
158684,donald_faison,,2,0,2,2,0,2,0,0,0,0,2
158687,WhatTedSaid,,2,0,2,2,0,2,0,0,0,0,2
158705,ForeignBeggars,,2,0,2,2,0,2,0,0,0,0,2
158719,RonJichardson,,2,0,2,2,0,2,0,0,0,0,2
158731,GeorgeHassan13,,2,0,2,2,0,2,0,0,0,0,2
158741,JasonBiggs,,3,0,3,3,0,3,0,0,0,0,2
158746,MNightShyamalan,,2,0,2,2,0,2,0,0,0,0,0
158770,Phil_Coutinho,,3,0,3,3,0,3,0,0,0,0,2
158785,Icelandair,,3,0,3,3,0,3,0,0,0,0,7
158786,Kjansrud,,2,0,2,2,0,2,0,0,0,0,0
158789,djevanblake,,2,0,2,2,0,2,0,0,0,0,6
158828,JoshRadnor,,2,0,2,2,0,2,0,0,0,0,2
158848,davidduchovny,,2,0,2,2,0,2,0,0,0,0,5
158856,ericschiffer,,3,0,3,3,0,3,0,0,0,0,1
158870,gameloft,,2,0,2,2,0,2,0,0,0,0,2
158883,mediatemple,,2,0,2,2,0,2,0,0,0,0,2
158900,far_too_loud,,2,0,2,2,0,2,0,0,0,0,6
158910,MostWowFacts,,2,0,2,2,0,2,0,0,0,0,2
159135,fxp123,,2,0,2,2,0,2,0,0,0,0,0
159145,EveOnline,,2,0,2,2,0,2,0,0,0,0,2
159149,SWTOR,,2,0,2,2,0,2,0,0,0,0,2
159186,Swamy39,,2,0,2,2,0,2,0,0,0,0,2
159224,RudyNoriega,,2,0,2,2,0,2,0,0,0,0,2
159327,SnoopLion,,2,0,2,2,0,2,0,0,0,0,2
159340,markhoppus,,2,0,2,2,0,2,0,0,0,0,1
159367,thekimberlycole,,2,0,2,2,0,2,0,0,0,0,2
159411,LeoMessiFanClub,,2,0,2,2,0,2,0,0,0,0,2
159412,fernandopalomo,,3,0,3,3,0,3,0,0,0,0,2
159415,RossLynch,,2,0,2,2,0,2,0,0,0,0,2
159417,BarcaClips,,2,0,2,2,0,2,0,0,0,0,2
159427,Messimaniacas,,2,0,2,2,0,2,0,0,0,0,2
159431,ChrisOfColdplay,,2,0,2,2,0,2,0,0,0,0,3
159437,_MatiasMessi,,2,0,2,2,0,2,0,0,0,0,6
159441,ESPNMarioKempes,,3,0,3,3,0,3,0,0,0,0,2
159451,ESPNDatos,,2,0,2,2,0,2,0,0,0,0,2
159452,gossipgirl,,3,0,3,3,0,3,0,0,0,0,2
159456,cworiginals,,2,0,2,2,0,2,0,0,0,0,2
159457,Oreo,,2,0,2,2,0,2,0,0,0,0,7
159462,MASTERCHEFonFOX,,2,0,2,2,0,2,0,0,0,0,3
159463,LaMismaEstreIla,,2,0,2,2,0,2,0,0,0,0,6
159470,thedriverera,,2,0,2,2,0,2,0,0,0,0,2
159473,DerwinPrieto,,3,0,3,3,0,3,0,0,0,0,6
159474,MisterChiping,,3,0,3,3,0,3,0,0,0,0,5
159476,mebeforeyou,,2,0,2,2,0,2,0,0,0,0,1
159540,UNIVERSO_1899,,3,0,3,3,0,3,0,0,0,0,0
159543,cristi497,,2,0,2,2,0,2,0,0,0,0,6
159630,Gzz4,,2,0,2,2,0,2,0,0,0,0,2
159730,truecano,,2,0,2,2,0,2,0,0,0,0,4
160081,TaquillaCom,,3,0,3,3,0,3,0,0,0,0,6
160254,BrentMorin,,2,0,2,2,0,2,0,0,0,0,2
160279,CollegeGirIProb,,2,0,2,2,0,2,0,0,0,0,1
160370,tomdelonge,,2,0,2,2,0,2,0,0,0,0,2
160414,MalibuCntryMart,,2,0,2,2,0,2,0,0,0,0,2
160481,WishIWasMusic,,2,0,2,2,0,2,0,0,0,0,2
160539,RyanCabrera,,2,0,2,2,0,2,0,0,0,0,2
160543,FrankieSansotta,,2,0,2,2,0,2,0,0,0,0,6
160600,NASHOVERSTREET,,2,0,2,2,0,2,0,0,0,0,2
160616,PopWrapped,,2,0,2,2,0,2,0,0,0,0,2
160651,TheMandyMoore,,3,0,3,3,0,3,0,0,0,0,2
160676,ChrisCary,,2,0,2,2,0,2,0,0,0,0,2
160686,knotts,,2,0,2,2,0,2,0,0,0,0,2
160762,RealGrumpyCat,,3,0,3,3,0,3,0,0,0,0,1
160768,jessicalowndes,,2,0,2,2,0,2,0,0,0,0,5
160769,Griffith_Uni,,3,0,3,3,0,3,0,0,0,0,1
160798,Hertz,,2,0,2,2,0,2,0,0,0,0,4
160803,PapaJonas,,2,0,2,2,0,2,0,0,0,0,2
160833,TourismAus,,3,0,3,3,0,3,0,0,0,0,7
160903,HotChelleRae,,2,0,2,2,0,2,0,0,0,0,2
160947,endeavoringE,,2,0,2,2,0,2,0,0,0,0,7
161008,NikkieTutorials,,2,0,2,2,0,2,0,0,0,0,2
161011,olivia_holt,,2,0,2,2,0,2,0,0,0,0,2
161021,CandyHeartsBand,,2,0,2,2,0,2,0,0,0,0,2
161482,RoamingGnome,,2,0,2,2,0,2,0,0,0,0,7
161486,louiseroe,,3,0,3,3,0,3,0,0,0,0,0
161498,bjnovak,,2,0,2,2,0,2,0,0,0,0,2
161504,jessemetcalfe,,2,0,2,2,0,2,0,0,0,0,2
161542,GuinnessIreland,,2,0,2,2,0,2,0,0,0,0,1
161560,KartellOfficial,,2,0,2,2,0,2,0,0,0,0,3
161561,BabesAndBets,,2,0,2,2,0,2,0,0,0,0,2
161570,zingales_it,,2,0,2,2,0,2,0,0,0,0,3
161574,bitcoinminez,,2,0,2,2,0,2,0,0,0,0,2
161591,michaelpachter,,2,0,2,2,0,2,0,0,0,0,2
161593,UKSPORTZONE_,,2,0,2,2,0,2,0,0,0,0,0
161598,BeWarmers,,2,0,2,2,0,2,0,0,0,0,3
161607,tweepi,,3,0,3,3,0,3,0,0,0,0,4
161609,_fllwrs,,3,0,3,3,0,3,0,0,0,0,8
161625,DavidTweed,,2,0,2,2,0,2,0,0,0,0,6
161652,LiechtensteinUN,,2,0,2,2,0,2,0,0,0,0,1
161656,theNCI,,2,0,2,2,0,2,0,0,0,0,0
161668,FareedZakaria,,3,0,3,3,0,3,0,0,0,0,1
161671,bbclaurak,,2,0,2,2,0,2,0,0,0,0,2
161683,HHuffnagleAJC,,2,0,2,2,0,2,0,0,0,0,2
161686,AnaCabrera,,2,0,2,2,0,2,0,0,0,0,2
161688,HDRUNDP,,2,0,2,2,0,2,0,0,0,0,1
161712,BBlogRT,,2,0,2,2,0,2,0,0,0,0,2
161714,RT_PressOffice_,,2,0,2,2,0,2,0,0,0,0,2
161715,teenwolf_rt,,2,0,2,2,0,2,0,0,0,0,0
161719,dw_arabic,,2,0,2,2,0,2,0,0,0,0,1
161768,LudovicoEinaud,,2,0,2,2,0,2,0,0,0,0,0
161771,DjFrankieNYC,,2,0,2,2,0,2,0,0,0,0,6
161789,devishot,,3,0,3,3,0,3,0,0,0,0,2
161801,Fit4LA,,2,0,2,2,0,2,0,0,0,0,6
161920,kbadelt,,2,0,2,2,0,2,0,0,0,0,1
162106,MaridlosAng,,2,0,2,2,0,2,0,0,0,0,4
162256,standupmaths,,2,0,2,2,0,2,0,0,0,0,1
162308,craftginclub,,2,0,2,2,0,2,0,0,0,0,6
162339,Burgernet_HM,,2,0,2,2,0,2,0,0,0,0,0
162541,DebRyanShow,,3,0,3,3,0,3,0,0,0,0,2
162632,ScottJKyle1,,2,0,2,2,0,2,0,0,0,0,6
162758,Temple_Flower,,2,0,2,2,0,2,0,0,0,0,2
162767,JoshuaJHager,,2,0,2,2,0,2,0,0,0,0,2
162843,dailyzen,,2,0,2,2,0,2,0,0,0,0,2
162844,ABCSharkTank,,2,0,2,2,0,2,0,0,0,0,2
162856,latimesbooks,,3,0,3,3,0,3,0,0,0,0,2
162858,LouReed,,2,0,2,2,0,2,0,0,0,0,3
162859,girlsHBO,,3,0,3,3,0,3,0,0,0,0,6
162862,philtalkradio,,2,0,2,2,0,2,0,0,0,0,2
162863,wileyneurosci,,3,0,3,3,0,3,0,0,0,0,8
162864,iMrabtech,,2,0,2,2,0,2,0,0,0,0,2
162865,nprbooks,,2,0,2,2,0,2,0,0,0,0,2
162869,SmashingPumpkin,,3,0,3,3,0,3,0,0,0,0,3
162872,NastyGal,,2,0,2,2,0,2,0,0,0,0,2
162873,CanonUSAimaging,,2,0,2,2,0,2,0,0,0,0,2
162927,CometothePorch,,2,0,2,2,0,2,0,0,0,0,3
162979,GigiGraciette,,2,0,2,2,0,2,0,0,0,0,2
162983,tsudotco,,2,0,2,2,0,2,0,0,0,0,2
162984,elijahwood,,2,0,2,2,0,2,0,0,0,0,2
163013,thechicks,,2,0,2,2,0,2,0,0,0,0,2
163021,Bootsy_Collins,,2,0,2,2,0,2,0,0,0,0,3
163059,Supercaru,,2,0,2,2,0,2,0,0,0,0,2
163074,Real_HeatoN,,2,0,2,2,0,2,0,0,0,0,2
163125,Airport_FRA,,2,0,2,2,0,2,0,0,0,0,2
163140,carmenelectra,,2,0,2,2,0,2,0,0,0,0,2
163159,ILMVFX,,3,0,3,3,0,3,0,0,0,0,2
163187,Bugatti,,2,0,2,2,0,2,0,0,0,0,3
163209,foxillaaaa,,2,0,2,2,0,2,0,0,0,0,0
163233,tapasibiza,,2,0,2,2,0,2,0,0,0,0,2
163253,cathaypacific,,3,0,3,3,0,3,0,0,0,0,1
163263,NewEarthquake,,3,0,3,3,0,3,0,0,0,0,3
163324,eurowings,,2,0,2,2,0,2,0,0,0,0,3
163390,DMC_Ryan,,2,0,2,2,0,2,0,0,0,0,2
163403,AlexaBliss_WWE,,2,0,2,2,0,2,0,0,0,0,2
163444,Ayaan,,2,0,2,2,0,2,0,0,0,0,1
163454,LindseyStirling,,2,0,2,2,0,2,0,0,0,0,2
163539,joaquinluquep,,2,0,2,2,0,2,0,0,0,0,0
163576,WitchSchool,,2,0,2,2,0,2,0,0,0,0,1
163614,SwachhBharatGov,,2,0,2,2,0,2,0,0,0,0,2
163616,swachhbharat,,2,0,2,2,0,2,0,0,0,0,2
163900,RaidioRiRa,,2,0,2,2,0,2,0,0,0,0,1
163932,MohamedOmar,,2,0,2,2,0,2,0,0,0,0,2
163933,Yaga_y_Mackie,,2,0,2,2,0,2,0,0,0,0,6
163934,ArmaniExchange,,3,0,3,3,0,3,0,0,0,0,7
163976,Mindjet,,2,0,2,2,0,2,0,0,0,0,2
163982,TheAbbeyWeHo,,2,0,2,2,0,2,0,0,0,0,7
164002,ChrisMaloney77,,2,0,2,2,0,2,0,0,0,0,2
164014,omroepbrabant,,2,0,2,2,0,2,0,0,0,0,1
164031,LondonMidland,,2,0,2,2,0,2,0,0,0,0,2
164037,FERNANDOGARIBAY,,2,0,2,2,0,2,0,0,0,0,3
164193,therealgokwan,,3,0,3,3,0,3,0,0,0,0,2
164415,redrockcasino,,2,0,2,2,0,2,0,0,0,0,2
164417,carlosrey_tve,,4,0,4,4,0,4,0,0,0,0,0
164642,epicboracay,,2,0,2,2,0,2,0,0,0,0,7
164648,Super_EarthPics,,2,0,2,2,0,2,0,0,0,0,1
164718,CairoGossip,,2,0,2,2,0,2,0,0,0,0,2
164727,TeriCarr1984,,2,0,2,2,0,2,0,0,0,0,2
164728,EGYPTAIR,,2,0,2,2,0,2,0,0,0,0,7
164754,Cairo360,,2,0,2,2,0,2,0,0,0,0,2
164785,ScoopEmpire,,2,0,2,2,0,2,0,0,0,0,2
164826,Selfridges,,2,0,2,2,0,2,0,0,0,0,2
164836,MTVBrasil,,2,0,2,2,0,2,0,0,0,0,2
164838,TimeOutSG,,2,0,2,2,0,2,0,0,0,0,0
164882,SelahSue,,2,0,2,2,0,2,0,0,0,0,1
164966,rookiedraftt,,2,0,2,2,0,2,0,0,0,0,0
165184,DaniEmprende,,2,0,2,2,0,2,0,0,0,0,0
165204,fisiotorrent,,2,0,2,2,0,2,0,0,0,0,4
165226,DJRAULMAD,,2,0,2,2,0,2,0,0,0,0,6
165435,Brando_AR,,2,0,2,2,0,2,0,0,0,0,6
165559,Miguelsogo,,3,0,3,3,0,3,0,0,0,0,0
165655,inessaavedra_tw,,3,0,3,3,0,3,0,0,0,0,4
165673,lostintv,,2,0,2,2,0,2,0,0,0,0,4
165757,SalihSarikaya,,2,0,2,2,0,2,0,0,0,0,2
165853,VaticanNews,,2,0,2,2,0,2,0,0,0,0,2
166056,nordcurrent,,3,0,3,3,0,3,0,0,0,0,1
166058,gigsandtours,,2,0,2,2,0,2,0,0,0,0,2
166066,NLVogue,,2,0,2,2,0,2,0,0,0,0,1
166077,LaNoticiaViral,,3,0,3,3,0,3,0,0,0,0,6
166245,shitmydadsays,,2,0,2,2,0,2,0,0,0,0,2
166286,Caggie_Dunlop,,2,0,2,2,0,2,0,0,0,0,2
166291,nationalrailenq,,4,0,4,4,0,4,0,0,0,0,2
166301,jonathanulysses,,2,0,2,2,0,2,0,0,0,0,2
166314,caitlinmoran,,2,0,2,2,0,2,0,0,0,0,1
166361,IrvineWelsh,,2,0,2,2,0,2,0,0,0,0,2
166368,hugo_london,,2,0,2,2,0,2,0,0,0,0,2
166381,idriselba,,2,0,2,2,0,2,0,0,0,0,5
166417,MrDDyer,,2,0,2,2,0,2,0,0,0,0,2
166425,Qantas,,3,0,3,3,0,3,0,0,0,0,7
166428,BrittanyFurlan,,3,0,3,3,0,3,0,0,0,0,2
166752,CoronaCapital,,2,0,2,2,0,2,0,0,0,0,4
166753,Corona_MX,,3,0,3,3,0,3,0,0,0,0,2
166828,sierradeaton,,2,0,2,2,0,2,0,0,0,0,2
166841,earthquakesLA,,2,0,2,2,0,2,0,0,0,0,2
166945,LAFD,,2,0,2,2,0,2,0,0,0,0,2
166956,AndyBrownMusic,,2,0,2,2,0,2,0,0,0,0,2
166958,Uber_Support,,2,0,2,2,0,2,0,0,0,0,2
166967,virginradiotr,,2,0,2,2,0,2,0,0,0,0,2
166971,PLACEBOWORLD,,2,0,2,2,0,2,0,0,0,0,3
167001,IsmayaLive,,2,0,2,2,0,2,0,0,0,0,2
167034,academydublin,,2,0,2,2,0,2,0,0,0,0,1
167038,LATAM_BRA,,2,0,2,2,0,2,0,0,0,0,7
167054,TOMS,,2,0,2,2,0,2,0,0,0,0,2
167096,Azteca,,2,0,2,2,0,2,0,0,0,0,2
167099,Viber,,2,0,2,2,0,2,0,0,0,0,1
167113,SonyMusicPL,,3,0,3,3,0,3,0,0,0,0,2
167124,GRAMMYMuseum,,2,0,2,2,0,2,0,0,0,0,2
167143,SeatGuru,,2,0,2,2,0,2,0,0,0,0,7
167227,TheWebbyAwards,,3,0,3,3,0,3,0,0,0,0,0
167232,GotyMakeUp,,2,0,2,2,0,2,0,0,0,0,5
167254,KremlinRussia,,2,0,2,2,0,2,0,0,0,0,2
167255,advorkovich,,2,0,2,2,0,2,0,0,0,0,2
167260,udaltsova_,,2,0,2,2,0,2,0,0,0,0,2
167261,4irikova,,2,0,2,2,0,2,0,0,0,0,2
167262,s_udaltsov,,2,0,2,2,0,2,0,0,0,0,2
167268,navalny,,2,0,2,2,0,2,0,0,0,0,2
167269,adagamov,,2,0,2,2,0,2,0,0,0,0,2
167270,TED_Tweets,,3,0,3,3,0,3,0,0,0,0,1
167291,in1week,,2,0,2,2,0,2,0,0,0,0,1
167297,createvalue_NL,,2,0,2,2,0,2,0,0,0,0,1
167298,AREA071,,2,0,2,2,0,2,0,0,0,0,1
167306,ttpdp,,2,0,2,2,0,2,0,0,0,0,1
167311,LinLeads,,2,0,2,2,0,2,0,0,0,0,1
167330,shannonsidenews,,2,0,2,2,0,2,0,0,0,0,4
167385,MySocialSuccess,,2,0,2,2,0,2,0,0,0,0,2
167433,GbrilliantQ,,2,0,2,2,0,2,0,0,0,0,3
167514,zavvi,,2,0,2,2,0,2,0,0,0,0,5
167526,HelenClarkNZ,,2,0,2,2,0,2,0,0,0,0,2
167563,MarinaZalogina,,2,0,2,2,0,2,0,0,0,0,2
167640,PublicisSapient,,2,0,2,2,0,2,0,0,0,0,2
167653,Deutsch_NY,,2,0,2,2,0,2,0,0,0,0,2
167663,adforum,,2,0,2,2,0,2,0,0,0,0,2
167674,adland,,2,0,2,2,0,2,0,0,0,0,2
167675,adrants,,2,0,2,2,0,2,0,0,0,0,2
167678,bestads,,2,0,2,2,0,2,0,0,0,0,2
167750,NikkiBeachWorld,,2,0,2,2,0,2,0,0,0,0,0
167771,MannyPacquiao,,2,0,2,2,0,2,0,0,0,0,2
167772,aloeblacc,,2,0,2,2,0,2,0,0,0,0,3
167817,hmvtweets,,2,0,2,2,0,2,0,0,0,0,2
167828,VirginRadiofr,,2,0,2,2,0,2,0,0,0,0,2
167829,CraigDavid,,2,0,2,2,0,2,0,0,0,0,2
167844,HerculesLA,,2,0,2,2,0,2,0,0,0,0,2
167866,DJGinaStar,,2,0,2,2,0,2,0,0,0,0,4
167890,musicadeibiza,,2,0,2,2,0,2,0,0,0,0,2
167896,TrumpLasVegas,,2,0,2,2,0,2,0,0,0,0,0
167898,VirginHotelsLV,,2,0,2,2,0,2,0,0,0,0,0
167902,pikesibiza,,2,0,2,2,0,2,0,0,0,0,2
167908,IanWright0,,3,0,3,3,0,3,0,0,0,0,2
167909,tracey_thorn,,2,0,2,2,0,2,0,0,0,0,2
167916,sandsibiza,,3,0,3,3,0,3,0,0,0,0,2
167923,jamiecullum,,2,0,2,2,0,2,0,0,0,0,0
168000,Dazed,,3,0,3,3,0,3,0,0,0,0,0
168053,BroadwayWorld,,2,0,2,2,0,2,0,0,0,0,2
168071,SenaSenerMusic,,2,0,2,2,0,2,0,0,0,0,2
168082,Kyesones1,,2,0,2,2,0,2,0,0,0,0,1
168129,duttypaul,,3,0,3,3,0,3,0,0,0,0,2
168134,AlleFarben,,2,0,2,2,0,2,0,0,0,0,2
168161,RichardEGrant,,2,0,2,2,0,2,0,0,0,0,2
168164,Carl_Cox_Space,,2,0,2,2,0,2,0,0,0,0,2
168173,DJFlash4eva,,2,0,2,2,0,2,0,0,0,0,5
168181,i_D,,3,0,3,3,0,3,0,0,0,0,2
168231,ellenallien,,2,0,2,2,0,2,0,0,0,0,2
168232,cocoon_official,,2,0,2,2,0,2,0,0,0,0,2
168236,martinkeown5,,2,0,2,2,0,2,0,0,0,0,2
168239,thedavidseaman,,2,0,2,2,0,2,0,0,0,0,2
168243,EricIdle,,2,0,2,2,0,2,0,0,0,0,2
168244,PythonJones,,2,0,2,2,0,2,0,0,0,0,2
168253,burningman,,2,0,2,2,0,2,0,0,0,0,1
168324,MissKacieMarie,,2,0,2,2,0,2,0,0,0,0,0
168329,Jaclyn_Swedberg,,2,0,2,2,0,2,0,0,0,0,2
168330,RPomplun,,2,0,2,2,0,2,0,0,0,0,2
168335,Ciara_Price,,3,0,3,3,0,3,0,0,0,0,5
168346,Crystalmccahil,,2,0,2,2,0,2,0,0,0,0,2
168354,KimboMorse,,2,0,2,2,0,2,0,0,0,0,2
168355,Jenniferwalcott,,2,0,2,2,0,2,0,0,0,0,2
168356,JessaHinton,,2,0,2,2,0,2,0,0,0,0,2
168357,missjune2009,,2,0,2,2,0,2,0,0,0,0,2
168359,MissJune2010,,2,0,2,2,0,2,0,0,0,0,5
168362,ambercampisi,,2,0,2,2,0,2,0,0,0,0,2
168426,worcsu,,2,0,2,2,0,2,0,0,0,0,1
168433,StudentsWorc,,2,0,2,2,0,2,0,0,0,0,1
168470,ntvru,,2,0,2,2,0,2,0,0,0,0,2
168471,channelone_rus,,2,0,2,2,0,2,0,0,0,0,2
168472,interfax_news,,2,0,2,2,0,2,0,0,0,0,2
168473,riabreakingnews,,2,0,2,2,0,2,0,0,0,0,2
168485,lifenews_ru,,2,0,2,2,0,2,0,0,0,0,2
168489,vesti_news,,2,0,2,2,0,2,0,0,0,0,2
168490,EchoMskNews,,2,0,2,2,0,2,0,0,0,0,2
168491,meduzaproject,,2,0,2,2,0,2,0,0,0,0,2
168493,rianru,,2,0,2,2,0,2,0,0,0,0,2
168499,GazetaRu,,2,0,2,2,0,2,0,0,0,0,2
168500,EchoMskRu,,2,0,2,2,0,2,0,0,0,0,2
168501,Vedomosti,,2,0,2,2,0,2,0,0,0,0,2
168502,snob_project,,2,0,2,2,0,2,0,0,0,0,2
168503,lentaruofficial,,2,0,2,2,0,2,0,0,0,0,2
168504,ForbesRussia,,2,0,2,2,0,2,0,0,0,0,2
168505,tvrain,,2,0,2,2,0,2,0,0,0,0,2
168506,Long_Island,,2,0,2,2,0,2,0,0,0,0,7
168561,EverythingIbiz1,,2,0,2,2,0,2,0,0,0,0,2
168575,IbizaVintage,,2,0,2,2,0,2,0,0,0,0,2
169069,lizzzuy,,2,0,2,2,0,2,0,0,0,0,2
169072,solennheussaff,,2,0,2,2,0,2,0,0,0,0,2
169077,nicoleandersson,,2,0,2,2,0,2,0,0,0,0,2
169082,laureenmuy,,2,0,2,2,0,2,0,0,0,0,2
169094,ayu_19980408,,2,0,2,2,0,2,0,0,0,0,2
169121,SAHARALasVegas,,2,0,2,2,0,2,0,0,0,0,0
169138,danroan,,2,0,2,2,0,2,0,0,0,0,2
169162,Dynamomagician,,3,0,3,3,0,3,0,0,0,0,8
169184,NaomiKyle,,2,0,2,2,0,2,0,0,0,0,2
169187,RadioTamazuj,,2,0,2,2,0,2,0,0,0,0,1
169323,stemeducation,,2,0,2,2,0,2,0,0,0,0,2
169324,STEM_Works,,2,0,2,2,0,2,0,0,0,0,2
169329,Science_Grrl,,2,0,2,2,0,2,0,0,0,0,3
169331,Stemettes,,2,0,2,2,0,2,0,0,0,0,3
169334,thewisecampaign,,2,0,2,2,0,2,0,0,0,0,3
169336,BritSciAssoc,,2,0,2,2,0,2,0,0,0,0,1
169338,BritishSciFest,,2,0,2,2,0,2,0,0,0,0,1
169340,ScienceWeekUK,,2,0,2,2,0,2,0,0,0,0,1
169343,WES1919,,2,0,2,2,0,2,0,0,0,0,3
169346,TheIET,,2,0,2,2,0,2,0,0,0,0,1
169349,BigBangFair,,2,0,2,2,0,2,0,0,0,0,1
169369,GMRathbun,,2,0,2,2,0,2,0,0,0,0,2
169379,KimAllenPEng,,2,0,2,2,0,2,0,0,0,0,1
169424,Suhelseth,,2,0,2,2,0,2,0,0,0,0,2
169447,denise_vanouten,,2,0,2,2,0,2,0,0,0,0,2
169497,NOWNESS,,2,0,2,2,0,2,0,0,0,0,2
169544,lextwerkout,,2,0,2,2,0,2,0,0,0,0,2
169570,tegmark,,2,0,2,2,0,2,0,0,0,0,1
169580,greg_wells,,2,0,2,2,0,2,0,0,0,0,2
169602,IamLeroySanchez,,2,0,2,2,0,2,0,0,0,0,4
169618,TheRyanAdams,,2,0,2,2,0,2,0,0,0,0,0
169661,djalemora,,2,0,2,2,0,2,0,0,0,0,2
169672,Redfoo,,2,0,2,2,0,2,0,0,0,0,5
169722,dinamo,,2,0,2,2,0,2,0,0,0,0,2
169741,CamelPhat,,2,0,2,2,0,2,0,0,0,0,2
169744,bushwacka_ofc,,2,0,2,2,0,2,0,0,0,0,4
169745,pachaibiza,,2,0,2,2,0,2,0,0,0,0,2
169754,ElectricLoveAUT,,2,0,2,2,0,2,0,0,0,0,3
169889,ToniMarinoUK,,2,0,2,2,0,2,0,0,0,0,2
169972,blurofficial,,2,0,2,2,0,2,0,0,0,0,3
169981,foals,,2,0,2,2,0,2,0,0,0,0,2
169995,Droomplekken,,2,0,2,2,0,2,0,0,0,0,1
170244,MotherSoccerNL,,2,0,2,2,0,2,0,0,0,0,3
170316,HiltonNewsroom,,2,0,2,2,0,2,0,0,0,0,2
170329,bhalligan,,2,0,2,2,0,2,0,0,0,0,2
170338,RWW,,3,0,3,3,0,3,0,0,0,0,3
170351,Gartner_inc,,3,0,3,3,0,3,0,0,0,0,2
170353,screening,,2,0,2,2,0,2,0,0,0,0,7
170355,Kantar_NA,,2,0,2,2,0,2,0,0,0,0,2
170388,kineticwwUK,,2,0,2,2,0,2,0,0,0,0,0
170413,WEBfuturetrends,,2,0,2,2,0,2,0,0,0,0,3
170419,TWSNOW,,3,0,3,3,0,3,0,0,0,0,0
170476,Lexus,,3,0,3,3,0,3,0,0,0,0,5
170484,MINI,,2,0,2,2,0,2,0,0,0,0,2
170579,ewmagazinenl,,2,0,2,2,0,2,0,0,0,0,1
170580,JCdeJager,,2,0,2,2,0,2,0,0,0,0,2
170625,_basjacobs,,3,0,3,3,0,3,0,0,0,0,7
170660,Digiday,,2,0,2,2,0,2,0,0,0,0,2
170679,bbcf1,,2,0,2,2,0,2,0,0,0,0,0
170682,TeamNLtweets,,2,0,2,2,0,2,0,0,0,0,0
170697,Metric,,2,0,2,2,0,2,0,0,0,0,2
170702,NickyHilton,,2,0,2,2,0,2,0,0,0,0,2
170719,LuckyMagazine,,3,0,3,3,0,3,0,0,0,0,2
170778,Broncos,,2,0,2,2,0,2,0,0,0,0,6
170784,themagician,,2,0,2,2,0,2,0,0,0,0,2
170828,ContentSourceEU,,2,0,2,2,0,2,0,0,0,0,1
170927,avaccarella,,2,0,2,2,0,2,0,0,0,0,2
170949,LaVozDelHEAT,,2,0,2,2,0,2,0,0,0,0,0
170961,Jazz88,,2,0,2,2,0,2,0,0,0,0,4
170985,DecibelBellini,,2,0,2,2,0,2,0,0,0,0,3
171001,Veronicaigles82,,2,0,2,2,0,2,0,0,0,0,4
171085,herefordtimes,,2,0,2,2,0,2,0,0,0,0,2
171145,UrbbassGrx,,2,0,2,2,0,2,0,0,0,0,0
171193,Djahsta,,2,0,2,2,0,2,0,0,0,0,7
171673,EULondonMark,,2,0,2,2,0,2,0,0,0,0,1
171743,Givit,,2,0,2,2,0,2,0,0,0,0,0
171755,JohnFDaley,,2,0,2,2,0,2,0,0,0,0,2
171756,OfficialBONEStv,,2,0,2,2,0,2,0,0,0,0,3
171759,AllCharisma,,2,0,2,2,0,2,0,0,0,0,2
171763,LauraBaileyVO,,2,0,2,2,0,2,0,0,0,0,2
171764,Neil_Druckmann,,2,0,2,2,0,2,0,0,0,0,2
171767,nolan_north,,2,0,2,2,0,2,0,0,0,0,2
171771,alydenisof,,3,0,3,3,0,3,0,0,0,0,3
171777,TroyBakerVA,,2,0,2,2,0,2,0,0,0,0,2
171789,HerUniverse,,2,0,2,2,0,2,0,0,0,0,2
171909,RonHeinlein,,2,0,2,2,0,2,0,0,0,0,0
172061,brkguzel,,2,0,2,2,0,2,0,0,0,0,2
172076,km5lounge,,3,0,3,3,0,3,0,0,0,0,2
172077,amanteibiza,,4,0,4,4,0,4,0,0,0,0,2
172078,VillaMercedes,,3,0,3,3,0,3,0,0,0,0,2
172107,Ibizahire,,2,0,2,2,0,2,0,0,0,0,2
172140,capricorn_scope,,2,0,2,2,0,2,0,0,0,0,8
172346,EVAWuk,,2,0,2,2,0,2,0,0,0,0,2
172660,DebenhamsBeauty,,2,0,2,2,0,2,0,0,0,0,2
172763,ModernArtLove,,2,0,2,2,0,2,0,0,0,0,6
172773,TEDxAmsterdam,,2,0,2,2,0,2,0,0,0,0,2
172792,shinbonetweet,,2,0,2,2,0,2,0,0,0,0,0
172839,mountainbikerES,,3,0,3,3,0,3,0,0,0,0,0
172863,EarwaxxSessions,,2,0,2,2,0,2,0,0,0,0,2
172904,TheLondonWeHo,,2,0,2,2,0,2,0,0,0,0,2
173068,_DavidThomson,,2,0,2,2,0,2,0,0,0,0,8
173211,Sonisphere,,2,0,2,2,0,2,0,0,0,0,4
173232,HamburgSummit,,2,0,2,2,0,2,0,0,0,0,1
173245,HamburgAirport,,2,0,2,2,0,2,0,0,0,0,2
173249,hamburg_de,,2,0,2,2,0,2,0,0,0,0,1
173257,PubSapientDE,,2,0,2,2,0,2,0,0,0,0,1
173265,DDB_Germany,,2,0,2,2,0,2,0,0,0,0,1
173552,ItalyinUK,,2,0,2,2,0,2,0,0,0,0,1
173630,NASUWT,,2,0,2,2,0,2,0,0,0,0,1
173648,ucu,,3,0,3,3,0,3,0,0,0,0,1
173651,BBSRC,,2,0,2,2,0,2,0,0,0,0,1
173652,HEPI_news,,3,0,3,3,0,3,0,0,0,0,1
173654,GuildHE,,2,0,2,2,0,2,0,0,0,0,1
173655,RussellGroup,,3,0,3,3,0,3,0,0,0,0,1
173656,ukhesa,,3,0,3,3,0,3,0,0,0,0,1
173657,million_plus,,3,0,3,3,0,3,0,0,0,0,1
173659,HEAcademy,,3,0,3,3,0,3,0,0,0,0,1
173660,QAAtweets,,3,0,3,3,0,3,0,0,0,0,2
173672,Jisc,,2,0,2,2,0,2,0,0,0,0,1
173675,Pirelli,,2,0,2,2,0,2,0,0,0,0,0
173677,hellomag,,2,0,2,2,0,2,0,0,0,0,0
173755,tvfloripa,,2,0,2,2,0,2,0,0,0,0,7
173814,Just_Cinemafan,,2,0,2,2,0,2,0,0,0,0,2
173995,Traviesa7,,2,0,2,2,0,2,0,0,0,0,2
174054,coscuelprincipe,,3,0,3,3,0,3,0,0,0,0,6
174406,nicomaesbe,,2,0,2,2,0,2,0,0,0,0,0
174684,MehmetBerkErgin,,3,0,3,3,0,3,0,0,0,0,3
174688,SilverMusicR,,2,0,2,2,0,2,0,0,0,0,3
174699,TexanInOz,,2,0,2,2,0,2,0,0,0,0,6
174709,Brodiesmith21,,2,0,2,2,0,2,0,0,0,0,2
174744,DeloitteInsight,,3,0,3,3,0,3,0,0,0,0,1
174749,DeloitteOnTech,,2,0,2,2,0,2,0,0,0,0,3
174755,DeloitteHC,,2,0,2,2,0,2,0,0,0,0,3
174758,lifeatdeloitte,,2,0,2,2,0,2,0,0,0,0,3
174763,BainAlerts,,2,0,2,2,0,2,0,0,0,0,3
174764,ICAEW_Tax,,2,0,2,2,0,2,0,0,0,0,2
174842,sageuk,,2,0,2,2,0,2,0,0,0,0,2
174867,LifeFreelance,,2,0,2,2,0,2,0,0,0,0,3
174888,redwigwam,,2,0,2,2,0,2,0,0,0,0,1
174948,freelancersu,,2,0,2,2,0,2,0,0,0,0,8
174975,fiverr,,2,0,2,2,0,2,0,0,0,0,2
174976,freelancer,,2,0,2,2,0,2,0,0,0,0,4
174977,Upwork,,2,0,2,2,0,2,0,0,0,0,2
175066,MrBookieboo,,2,0,2,2,0,2,0,0,0,0,2
175311,Judith_Hill,,2,0,2,2,0,2,0,0,0,0,3
175376,WFANmornings,,2,0,2,2,0,2,0,0,0,0,2
175388,startuplist,,2,0,2,2,0,2,0,0,0,0,2
175411,medicationclub,,2,0,2,2,0,2,0,0,0,0,1
175582,MikeyWax,,2,0,2,2,0,2,0,0,0,0,2
175586,PPerezDaily,,2,0,2,2,0,2,0,0,0,0,2
175612,manuelROMARIS,,3,0,3,3,0,3,0,0,0,0,0
175614,Artist_Artlover,,2,0,2,2,0,2,0,0,0,0,0
175974,agria_,,2,0,2,2,0,2,0,0,0,0,4
175981,sashadaipr,,2,0,2,2,0,2,0,0,0,0,4
175984,BuenaVibraPR,,2,0,2,2,0,2,0,0,0,0,4
176146,98FM,,3,0,3,3,0,3,0,0,0,0,1
176257,PBSKIDS,,2,0,2,2,0,2,0,0,0,0,1
176260,parentsmagazine,,2,0,2,2,0,2,0,0,0,0,1
176342,SystemID,,2,0,2,2,0,2,0,0,0,0,2
176350,ChknBiscuits,,2,0,2,2,0,2,0,0,0,0,2
176431,CrankyPappy,,2,0,2,2,0,2,0,0,0,0,2
176453,mousadembele,,2,0,2,2,0,2,0,0,0,0,5
176460,dele_official,,2,0,2,2,0,2,0,0,0,0,5
176461,ericdier,,2,0,2,2,0,2,0,0,0,0,1
176467,HKane,,3,0,3,3,0,3,0,0,0,0,5
176469,andros_townsend,,2,0,2,2,0,2,0,0,0,0,2
176470,IAmJermainDefoe,,3,0,3,3,0,3,0,0,0,0,2
176471,AaronLennon12,,3,0,3,3,0,3,0,0,0,0,2
176474,kylewalker2,,3,0,3,3,0,3,0,0,0,0,2
176674,SinarSuarezS,,2,0,2,2,0,2,0,0,0,0,4
176696,vogueturkiye,,3,0,3,3,0,3,0,0,0,0,4
176700,VOGUE_Germany,,2,0,2,2,0,2,0,0,0,0,1
176722,onenonlyastrid,,2,0,2,2,0,2,0,0,0,0,1
176904,MumsClub,,2,0,2,2,0,2,0,0,0,0,1
176984,Dorian_Sage,,3,0,3,3,0,3,0,0,0,0,4
177069,lifeoftrizzy,,2,0,2,2,0,2,0,0,0,0,0
177178,thecasualultra,,2,0,2,2,0,2,0,0,0,0,3
177180,UltraRunningMag,,2,0,2,2,0,2,0,0,0,0,1
177248,PaintWTour,,2,0,2,2,0,2,0,0,0,0,1
177354,AnfieldWatch,,2,0,2,2,0,2,0,0,0,0,5
177633,NiPGaming,,2,0,2,2,0,2,0,0,0,0,2
177655,Verizon,,3,0,3,3,0,3,0,0,0,0,1
177744,mercedesberlin,,2,0,2,2,0,2,0,0,0,0,1
177944,JillianMichaels,,2,0,2,2,0,2,0,0,0,0,0
177945,RedSox,,2,0,2,2,0,2,0,0,0,0,2
178052,DanBarkerFFRF,,2,0,2,2,0,2,0,0,0,0,5
178061,AmericanAtheist,,2,0,2,2,0,2,0,0,0,0,5
178062,MrAtheistPants,,2,0,2,2,0,2,0,0,0,0,5
178064,Matt_Dillahunty,,2,0,2,2,0,2,0,0,0,0,5
178065,FFRF,,2,0,2,2,0,2,0,0,0,0,5
178066,seculardotorg,,2,0,2,2,0,2,0,0,0,0,5
178069,hemantmehta,,2,0,2,2,0,2,0,0,0,0,5
178076,rebeccawatson,,2,0,2,2,0,2,0,0,0,0,5
178088,whippletom,,2,0,2,2,0,2,0,0,0,0,1
178095,iansample,,2,0,2,2,0,2,0,0,0,0,1
178100,alokjha,,2,0,2,2,0,2,0,0,0,0,1
178102,ProfBrianCox,,3,0,3,3,0,3,0,0,0,0,2
178116,chrislintott,,2,0,2,2,0,2,0,0,0,0,1
178129,VirtualAstro,,2,0,2,2,0,2,0,0,0,0,2
178139,NASAJSCStudents,,2,0,2,2,0,2,0,0,0,0,4
178238,fmsReliability,,2,0,2,2,0,2,0,0,0,0,8
178260,PlayJustSurvive,,2,0,2,2,0,2,0,0,0,0,6
178316,EddieTrunk,,2,0,2,2,0,2,0,0,0,0,2
178319,europabaila,,2,0,2,2,0,2,0,0,0,0,0
178422,EnticeBarIbiza,,2,0,2,2,0,2,0,0,0,0,2
178518,KomediKanali,,2,0,2,2,0,2,0,0,0,0,3
178527,JuanMartinezRu,,2,0,2,2,0,2,0,0,0,0,6
178538,215studentunion,,2,0,2,2,0,2,0,0,0,0,1
178871,PlanetGermany,,2,0,2,2,0,2,0,0,0,0,1
178922,AusHumanRights,,2,0,2,2,0,2,0,0,0,0,1
178929,Mo_IbrahimFdn,,2,0,2,2,0,2,0,0,0,0,0
179158,prsarahevans,,2,0,2,2,0,2,0,0,0,0,2
179160,vonny_bravo,,2,0,2,2,0,2,0,0,0,0,2
179332,RT2PROMO,,2,0,2,2,0,2,0,0,0,0,2
179341,laurnorman,,2,0,2,2,0,2,0,0,0,0,1
179346,Jigsaw,,3,0,3,3,0,3,0,0,0,0,1
179347,Ostrov_A,,2,0,2,2,0,2,0,0,0,0,2
179348,AidaAlami,,2,0,2,2,0,2,0,0,0,0,8
179364,LahavHarkov,,2,0,2,2,0,2,0,0,0,0,2
179374,williecolon,,3,0,3,3,0,3,0,0,0,0,2
179398,MJManzanares,,2,0,2,2,0,2,0,0,0,0,7
179667,AlejandroRub,,2,0,2,2,0,2,0,0,0,0,0
179870,Arranwhisky,,2,0,2,2,0,2,0,0,0,0,2
179897,adelphi1826,,2,0,2,2,0,2,0,0,0,0,2
179937,TMSfamtrav,,2,0,2,2,0,2,0,0,0,0,7
179939,familytravel4um,,2,0,2,2,0,2,0,0,0,0,7
179940,Kidventurous,,2,0,2,2,0,2,0,0,0,0,7
179944,melanie_nayer,,3,0,3,3,0,3,0,0,0,0,7
179945,StacyHopeSmall,,3,0,3,3,0,3,0,0,0,0,2
179946,wendyperrin,,2,0,2,2,0,2,0,0,0,0,2
179948,cjmcginnis,,2,0,2,2,0,2,0,0,0,0,7
179981,JessicaNorthey,,2,0,2,2,0,2,0,0,0,0,7
179982,bitrebels,,2,0,2,2,0,2,0,0,0,0,2
179995,aimapeintar,,2,0,2,2,0,2,0,0,0,0,3
180147,rodtalks,,2,0,2,2,0,2,0,0,0,0,6
180473,laurenmurray,,2,0,2,2,0,2,0,0,0,0,1
180483,SashaAllenMusic,,2,0,2,2,0,2,0,0,0,0,2
180629,NaomiAKlein,,3,0,3,3,0,3,0,0,0,0,2
180647,KatrinaNation,,2,0,2,2,0,2,0,0,0,0,2
180956,ll6x6ll,,2,0,2,2,0,2,0,0,0,0,2
180976,bauermusic_,,2,0,2,2,0,2,0,0,0,0,3
181071,ed_lamon,,2,0,2,2,0,2,0,0,0,0,6
181325,TechDedicated,,2,0,2,2,0,2,0,0,0,0,6
181389,ConstantHitz,,2,0,2,2,0,2,0,0,0,0,6
181463,ARELYSVENEZUELA,,2,0,2,2,0,2,0,0,0,0,4
181476,BLKJocker,,2,0,2,2,0,2,0,0,0,0,2
181534,NarfZayd,,2,0,2,2,0,2,0,0,0,0,6
181566,DjAlvaroFerrer,,3,0,3,3,0,3,0,0,0,0,6
181612,AntonioLupiBiz,,3,0,3,3,0,3,0,0,0,0,4
181613,ACopperwhite,,3,0,3,3,0,3,0,0,0,0,0
181631,spencerspaa,,2,0,2,2,0,2,0,0,0,0,0
181668,UbbiDubbiFam,,2,0,2,2,0,2,0,0,0,0,1
181669,olivabooks,,3,0,3,3,0,3,0,0,0,0,4
181671,bulletproofexec,,2,0,2,2,0,2,0,0,0,0,6
181700,mendozaopina,,2,0,2,2,0,2,0,0,0,0,2
181842,iTinaGraves,,2,0,2,2,0,2,0,0,0,0,2
181870,TuitSugerido,,2,0,2,2,0,2,0,0,0,0,6
182091,snapchatsupport,,2,0,2,2,0,2,0,0,0,0,2
182143,sherryshroff,,2,0,2,2,0,2,0,0,0,0,2
182155,Blizzard_Ent,,2,0,2,2,0,2,0,0,0,0,2
182158,NevSchulman,,2,0,2,2,0,2,0,0,0,0,3
182208,tiestoworldfan,,2,0,2,2,0,2,0,0,0,0,6
182276,LaVueltaHolanda,,2,0,2,2,0,2,0,0,0,0,7
182277,GemeenteUtrecht,,2,0,2,2,0,2,0,0,0,0,1
182414,snylie20,,2,0,2,2,0,2,0,0,0,0,2
182510,Followmeback36,,2,0,2,2,0,2,0,0,0,0,0
182652,rikerpkr,,2,0,2,2,0,2,0,0,0,0,2
182704,Paula_Deen,,2,0,2,2,0,2,0,0,0,0,2
182771,billybragg,,2,0,2,2,0,2,0,0,0,0,2
182788,democracynow,,3,0,3,3,0,3,0,0,0,0,4
182813,symphonyx,,2,0,2,2,0,2,0,0,0,0,2
182815,RepBarbaraLee,,2,0,2,2,0,2,0,0,0,0,2
182851,pgrocer,,2,0,2,2,0,2,0,0,0,0,7
182864,mlbarto,,2,0,2,2,0,2,0,0,0,0,3
183141,phplusmag,,2,0,2,2,0,2,0,0,0,0,1
183161,edfenergy,,2,0,2,2,0,2,0,0,0,0,2
183169,EnergyLiveNews,,2,0,2,2,0,2,0,0,0,0,1
183277,skyjefans,,2,0,2,2,0,2,0,0,0,0,3
183302,VR4SmallBiz,,3,0,3,3,0,3,0,0,0,0,3
183306,LoveWilko,,2,0,2,2,0,2,0,0,0,0,3
183308,Dictionarycom,,3,0,3,3,0,3,0,0,0,0,1
183312,CENTCOM,,3,0,3,3,0,3,0,0,0,0,2
183329,APforStudents,,2,0,2,2,0,2,0,0,0,0,4
183717,oceanexplorer,,2,0,2,2,0,2,0,0,0,0,1
183721,noaaocean,,2,0,2,2,0,2,0,0,0,0,1
183728,oceanfdn,,2,0,2,2,0,2,0,0,0,0,1
183729,ThankYouOcean,,2,0,2,2,0,2,0,0,0,0,1
183730,1World1Ocean,,3,0,3,3,0,3,0,0,0,0,1
183731,theoceanproject,,2,0,2,2,0,2,0,0,0,0,1
183732,MissionBlue,,2,0,2,2,0,2,0,0,0,0,1
183733,OurOcean,,2,0,2,2,0,2,0,0,0,0,2
183734,savingoceans,,2,0,2,2,0,2,0,0,0,0,1
183739,saveourseas,,2,0,2,2,0,2,0,0,0,0,1
183740,Oceanwire,,2,0,2,2,0,2,0,0,0,0,1
183742,Seasaver,,2,0,2,2,0,2,0,0,0,0,1
183875,mdv70,,2,0,2,2,0,2,0,0,0,0,0
183925,protocolblogger,,3,0,3,3,0,3,0,0,0,0,4
183937,BCHCPB,,2,0,2,2,0,2,0,0,0,0,1
183938,ottawacity,,2,0,2,2,0,2,0,0,0,0,2
183943,US_Protocol,,2,0,2,2,0,2,0,0,0,0,0
184007,Servimet_Armada,,2,0,2,2,0,2,0,0,0,0,2
184008,MetArmada_Valp,,2,0,2,2,0,2,0,0,0,0,2
184201,SimplonNL,,2,0,2,2,0,2,0,0,0,0,2
184202,veraclub,,2,0,2,2,0,2,0,0,0,0,2
184214,TheatersTilburg,,2,0,2,2,0,2,0,0,0,0,1
184443,MarianHarkin,,3,0,3,3,0,3,0,0,0,0,1
184526,serenitybpress,,2,0,2,2,0,2,0,0,0,0,4
184619,Atlassian,,2,0,2,2,0,2,0,0,0,0,8
184713,1musicHu,,2,0,2,2,0,2,0,0,0,0,2
184740,IncubusBand,,2,0,2,2,0,2,0,0,0,0,2
184820,nublu,,2,0,2,2,0,2,0,0,0,0,2
184862,soaverecords,,2,0,2,2,0,2,0,0,0,0,0
184964,DanBilefsky,,2,0,2,2,0,2,0,0,0,0,1
185000,SassysRustic,,2,0,2,2,0,2,0,0,0,0,1
185093,TheWrap,,2,0,2,2,0,2,0,0,0,0,2
185095,DisneyAnimJobs,,2,0,2,2,0,2,0,0,0,0,2
185102,uscoastguard,,3,0,3,3,0,3,0,0,0,0,2
185264,jeffreyatucker,,2,0,2,2,0,2,0,0,0,0,2
185529,fmmodelagency,,2,0,2,2,0,2,0,0,0,0,0
185567,StrawberryFM104,,3,0,3,3,0,3,0,0,0,0,1
185872,Peettv,,2,0,2,2,0,2,0,0,0,0,2
185875,StateFarmLatino,,2,0,2,2,0,2,0,0,0,0,1
185884,ACFlightOffers,,3,0,3,3,0,3,0,0,0,0,1
185892,ZimaEnt,,2,0,2,2,0,2,0,0,0,0,0
185923,RtlDesignWorld,,2,0,2,2,0,2,0,0,0,0,7
185996,NASAJPL_Edu,,3,0,3,3,0,3,0,0,0,0,4
186061,PIMCO,,2,0,2,2,0,2,0,0,0,0,6
186062,theafcdotcom,,2,0,2,2,0,2,0,0,0,0,3
186063,FourSeasons,,2,0,2,2,0,2,0,0,0,0,2
186208,IsraelinRomania,,2,0,2,2,0,2,0,0,0,0,1
186360,BJsWholesale,,2,0,2,2,0,2,0,0,0,0,7
186365,TigresOficial,,2,0,2,2,0,2,0,0,0,0,2
186372,lioibiza,,2,0,2,2,0,2,0,0,0,0,2
186396,guillaumecanet,,2,0,2,2,0,2,0,0,0,0,8
186473,craastad,,2,0,2,2,0,2,0,0,0,0,2
186505,USB_OnAir,,2,0,2,2,0,2,0,0,0,0,2
186530,963RPKFM,,2,0,2,2,0,2,0,0,0,0,2
186562,eastlakegc,,2,0,2,2,0,2,0,0,0,0,0
186723,TripAdvisorFR,,2,0,2,2,0,2,0,0,0,0,7
186801,Marshy00,,2,0,2,2,0,2,0,0,0,0,0
186805,StephenMulhern,,2,0,2,2,0,2,0,0,0,0,2
186818,KeithyWalsh,,2,0,2,2,0,2,0,0,0,0,1
186854,birdlandjazz,,2,0,2,2,0,2,0,0,0,0,4
186862,MarriottVacClub,,3,0,3,3,0,3,0,0,0,0,0
186872,booster_content,,2,0,2,2,0,2,0,0,0,0,3
186898,SmallBizLady,,2,0,2,2,0,2,0,0,0,0,1
187007,aavst,,2,0,2,2,0,2,0,0,0,0,2
187011,VictoriaBonya,,2,0,2,2,0,2,0,0,0,0,2
187048,ClubCarmenXXX,,2,0,2,2,0,2,0,0,0,0,2
187050,BlueNoteNYC,,2,0,2,2,0,2,0,0,0,0,4
187056,SmallsJazzClub,,2,0,2,2,0,2,0,0,0,0,4
187057,CodeClub,,2,0,2,2,0,2,0,0,0,0,2
187063,ClubMedCA,,2,0,2,2,0,2,0,0,0,0,7
187076,speakmichelle,,2,0,2,2,0,2,0,0,0,0,1
187343,ben_huzun_1,,2,0,2,2,0,2,0,0,0,0,6
187349,ben_huzun,,2,0,2,2,0,2,0,0,0,0,6
187382,psdwordpress,,2,0,2,2,0,2,0,0,0,0,2
187529,SlickWraps,,2,0,2,2,0,2,0,0,0,0,2
187544,dbrand,,2,0,2,2,0,2,0,0,0,0,3
187589,MLG,,2,0,2,2,0,2,0,0,0,0,2
187605,SiemensSensors,,2,0,2,2,0,2,0,0,0,0,0
187611,piznay,,2,0,2,2,0,2,0,0,0,0,2
187671,RTERadio1,,3,0,3,3,0,3,0,0,0,0,1
187753,arirang_ASC,,2,0,2,2,0,2,0,0,0,0,1
187754,lionsclubs,,2,0,2,2,0,2,0,0,0,0,2
187774,nostop_content,,2,0,2,2,0,2,0,0,0,0,3
187889,haberaktuel,,2,0,2,2,0,2,0,0,0,0,2
187893,samclaflin,,3,0,3,3,0,3,0,0,0,0,2
187996,rosariodawson,,2,0,2,2,0,2,0,0,0,0,3
187999,Influenster,,2,0,2,2,0,2,0,0,0,0,0
188052,ThorBjornsson_,,2,0,2,2,0,2,0,0,0,0,2
188064,Nick_Scarpino,,2,0,2,2,0,2,0,0,0,0,2
188065,KindaFunnyVids,,2,0,2,2,0,2,0,0,0,0,2
188069,GameOverGreggy,,2,0,2,2,0,2,0,0,0,0,2
188070,amboyes,,2,0,2,2,0,2,0,0,0,0,2
188079,GAMEdigital,,2,0,2,2,0,2,0,0,0,0,2
188083,IGNUK,,2,0,2,2,0,2,0,0,0,0,2
188091,Official_GDC,,2,0,2,2,0,2,0,0,0,0,1
188092,gamasutra,,2,0,2,2,0,2,0,0,0,0,0
188099,grumpygamer,,2,0,2,2,0,2,0,0,0,0,2
188106,humble,,3,0,3,3,0,3,0,0,0,0,2
188111,pcgamer,,2,0,2,2,0,2,0,0,0,0,2
188128,7yy70,,2,0,2,2,0,2,0,0,0,0,6
188133,esports_kobe,,2,0,2,2,0,2,0,0,0,0,2
188134,TL_Jatt,,2,0,2,2,0,2,0,0,0,0,2
188136,sjokz,,3,0,3,3,0,3,0,0,0,0,2
188138,yellowpeteLoL,,2,0,2,2,0,2,0,0,0,0,2
188139,Quickshot,,2,0,2,2,0,2,0,0,0,0,2
188140,MonteCristo,,2,0,2,2,0,2,0,0,0,0,2
188143,Krepo,,2,0,2,2,0,2,0,0,0,0,2
188148,LemonNation,,2,0,2,2,0,2,0,0,0,0,2
188149,ballslol_,,2,0,2,2,0,2,0,0,0,0,2
188163,msiUSA,,2,0,2,2,0,2,0,0,0,0,6
188164,CORSAIR,,2,0,2,2,0,2,0,0,0,0,0
188236,iPoetaSolitario,,2,0,2,2,0,2,0,0,0,0,6
188248,Karen_Cadera,,2,0,2,2,0,2,0,0,0,0,4
188261,sanabucha,,2,0,2,2,0,2,0,0,0,0,2
188263,davidjcc_Zgz,,2,0,2,2,0,2,0,0,0,0,0
188265,NasimZehra,,2,0,2,2,0,2,0,0,0,0,2
188269,Fereeha,,2,0,2,2,0,2,0,0,0,0,2
188274,jasmeenmanzoor,,2,0,2,2,0,2,0,0,0,0,2
188275,HassanNisar,,2,0,2,2,0,2,0,0,0,0,2
188278,SSEHBAI1,,2,0,2,2,0,2,0,0,0,0,2
188279,AsadKharal,,2,0,2,2,0,2,0,0,0,0,2
188280,fawadchaudhry,,2,0,2,2,0,2,0,0,0,0,2
188281,AmirMateen2,,2,0,2,2,0,2,0,0,0,0,2
188282,KlasraRauf,,2,0,2,2,0,2,0,0,0,0,2
188283,WaseemBadami,,2,0,2,2,0,2,0,0,0,0,2
188284,arsched,,2,0,2,2,0,2,0,0,0,0,2
188285,nadeemmalik,,2,0,2,2,0,2,0,0,0,0,2
188286,asmashirazi,,2,0,2,2,0,2,0,0,0,0,2
188287,mubasherlucman,,2,0,2,2,0,2,0,0,0,0,2
188288,AajKamranKhan,,2,0,2,2,0,2,0,0,0,0,2
188290,HamidMirPAK,,2,0,2,2,0,2,0,0,0,0,2
188292,najamsethi,,2,0,2,2,0,2,0,0,0,0,2
188383,windowsdev,,3,0,3,3,0,3,0,0,0,0,1
188386,HuaweiMobile,,2,0,2,2,0,2,0,0,0,0,2
188388,nokia,,3,0,3,3,0,3,0,0,0,0,2
188393,ThreeUK,,2,0,2,2,0,2,0,0,0,0,2
188396,EE,,2,0,2,2,0,2,0,0,0,0,2
188433,AirbusPRESS,,2,0,2,2,0,2,0,0,0,0,4
188436,RaytheonTech,,2,0,2,2,0,2,0,0,0,0,2
188439,LockheedMartin,,2,0,2,2,0,2,0,0,0,0,3
188444,Eintracht,,2,0,2,2,0,2,0,0,0,0,5
188445,werderbremen,,3,0,3,3,0,3,0,0,0,0,1
188449,scfreiburg,,2,0,2,2,0,2,0,0,0,0,5
188452,VfB,,3,0,3,3,0,3,0,0,0,0,1
188454,tsghoffenheim,,2,0,2,2,0,2,0,0,0,0,1
188455,VfL_Wolfsburg,,3,0,3,3,0,3,0,0,0,0,1
188456,s04,,2,0,2,2,0,2,0,0,0,0,1
188457,bayer04fussball,,3,0,3,3,0,3,0,0,0,0,1
188465,kampusgundem,,2,0,2,2,0,2,0,0,0,0,1
188466,onsekizmartuni,,2,0,2,2,0,2,0,0,0,0,1
188482,nanagonzalezh,,3,0,3,3,0,3,0,0,0,0,0
188505,pmln_org,,2,0,2,2,0,2,0,0,0,0,2
188510,KhSaad_Rafique,,2,0,2,2,0,2,0,0,0,0,2
188512,BakhtawarBZ,,2,0,2,2,0,2,0,0,0,0,2
188513,AseefaBZ,,2,0,2,2,0,2,0,0,0,0,2
188514,KhawajaMAsif,,2,0,2,2,0,2,0,0,0,0,2
188515,BBhuttoZardari,,2,0,2,2,0,2,0,0,0,0,2
188516,betterpakistan,,2,0,2,2,0,2,0,0,0,0,2
188521,PTIofficial,,2,0,2,2,0,2,0,0,0,0,2
188522,marvi_memon,,2,0,2,2,0,2,0,0,0,0,2
188525,MaryamNSharif,,2,0,2,2,0,2,0,0,0,0,2
188527,nokianetworks,,2,0,2,2,0,2,0,0,0,0,6
188529,CMShehbaz,,2,0,2,2,0,2,0,0,0,0,2
188640,emmablackery,,2,0,2,2,0,2,0,0,0,0,2
188645,BuzzFeedLGBTQ,,2,0,2,2,0,2,0,0,0,0,2
188792,J5rson,,2,0,2,2,0,2,0,0,0,0,6
188887,MamaJanMusic,,2,0,2,2,0,2,0,0,0,0,6
188890,CarinMB,,2,0,2,2,0,2,0,0,0,0,2
188954,CapcomUSA_,,3,0,3,3,0,3,0,0,0,0,2
188956,GearboxOfficial,,2,0,2,2,0,2,0,0,0,0,2
188957,Konami,,3,0,3,3,0,3,0,0,0,0,2
188962,ID_AA_Carmack,,2,0,2,2,0,2,0,0,0,0,2
189017,ColbieCaillat,,2,0,2,2,0,2,0,0,0,0,2
189018,natashabdnfield,,2,0,2,2,0,2,0,0,0,0,1
189026,benhowardmusic,,2,0,2,2,0,2,0,0,0,0,2
189030,The_Cranberries,,3,0,3,3,0,3,0,0,0,0,2
189143,AUG_University,,2,0,2,2,0,2,0,0,0,0,1
189194,Key_Club,,2,0,2,2,0,2,0,0,0,0,2
189200,MintLA,,2,0,2,2,0,2,0,0,0,0,2
189202,thehotelcafe,,2,0,2,2,0,2,0,0,0,0,2
189203,wiltern,,2,0,2,2,0,2,0,0,0,0,2
189205,HOBLosAngeles,,2,0,2,2,0,2,0,0,0,0,2
189206,TheSatelliteLA,,2,0,2,2,0,2,0,0,0,0,2
189207,TheWhiskyAGoGo,,2,0,2,2,0,2,0,0,0,0,2
189208,TheScenestar,,2,0,2,2,0,2,0,0,0,0,2
189209,theTroubadour,,2,0,2,2,0,2,0,0,0,0,2
189210,theVIPERroom,,2,0,2,2,0,2,0,0,0,0,2
189212,FYFFEST,,2,0,2,2,0,2,0,0,0,0,2
189213,theroxy,,2,0,2,2,0,2,0,0,0,0,2
189216,POWERADE,,3,0,3,3,0,3,0,0,0,0,5
189218,Gatorade,,2,0,2,2,0,2,0,0,0,0,0
189324,xoBethLeung,,2,0,2,2,0,2,0,0,0,0,7
189348,PLOSGenetics,,2,0,2,2,0,2,0,0,0,0,2
189351,PLOSBiology,,2,0,2,2,0,2,0,0,0,0,2
189365,humangenomeorg,,2,0,2,2,0,2,0,0,0,0,1
189447,TurkeyWorldwide,,2,0,2,2,0,2,0,0,0,0,7
189519,loleu,,3,0,3,3,0,3,0,0,0,0,2
189679,mindsetdev,,2,0,2,2,0,2,0,0,0,0,3
189848,CoachingManual,,3,0,3,3,0,3,0,0,0,0,2
189882,MSEdgeDev,,2,0,2,2,0,2,0,0,0,0,2
190072,RattyBurvil,,2,0,2,2,0,2,0,0,0,0,2
190343,ToneItUp,,2,0,2,2,0,2,0,0,0,0,2
190361,ironmanmagazine,,2,0,2,2,0,2,0,0,0,0,6
190362,SELFmagazine,,3,0,3,3,0,3,0,0,0,0,2
190378,FitnessMagazine,,3,0,3,3,0,3,0,0,0,0,2
190386,PHILHEATH,,2,0,2,2,0,2,0,0,0,0,2
190399,Team_Optimum,,2,0,2,2,0,2,0,0,0,0,2
190454,livezlife,,2,0,2,2,0,2,0,0,0,0,7
190461,XavierYelmo,,2,0,2,2,0,2,0,0,0,0,2
190549,M_JordanUK,,2,0,2,2,0,2,0,0,0,0,0
190772,webhostingalert,,2,0,2,2,0,2,0,0,0,0,6
190777,uptimespy,,2,0,2,2,0,2,0,0,0,0,6
191212,aguirre_alberto,,3,0,3,3,0,3,0,0,0,0,4
191225,MAMAG_Museum,,2,0,2,2,0,2,0,0,0,0,4
191238,WebPoste,,2,0,2,2,0,2,0,0,0,0,3
191599,ITechReviewME,,2,0,2,2,0,2,0,0,0,0,2
191606,aVg,,2,0,2,2,0,2,0,0,0,0,3
191635,JimCameron,,2,0,2,2,0,2,0,0,0,0,2
191641,jamiewoon,,2,0,2,2,0,2,0,0,0,0,2
191650,Tyrone_spong,,2,0,2,2,0,2,0,0,0,0,2
191670,m_giacchino,,2,0,2,2,0,2,0,0,0,0,5
191672,ZackSnyder,,2,0,2,2,0,2,0,0,0,0,2
191674,JessGreenberg9,,2,0,2,2,0,2,0,0,0,0,6
191824,EmilyCretella,,2,0,2,2,0,2,0,0,0,0,2
191908,RizzleKicks,,3,0,3,3,0,3,0,0,0,0,2
191920,professorgreen,,2,0,2,2,0,2,0,0,0,0,2
191934,TinchyStryder,,3,0,3,3,0,3,0,0,0,0,2
191988,swindle,,2,0,2,2,0,2,0,0,0,0,6
192000,TerrorDanjah,,2,0,2,2,0,2,0,0,0,0,6
192056,PrintMediaCentr,,2,0,2,2,0,2,0,0,0,0,6
192059,HPGraphicArts,,2,0,2,2,0,2,0,0,0,0,6
192527,tavleen_singh,,2,0,2,2,0,2,0,0,0,0,2
192529,swapan55,,2,0,2,2,0,2,0,0,0,0,2
192533,suhasinih,,2,0,2,2,0,2,0,0,0,0,2
192542,PrannoyRoyNDTV,,2,0,2,2,0,2,0,0,0,0,2
192543,virsanghvi,,2,0,2,2,0,2,0,0,0,0,3
192550,sardesairajdeep,,2,0,2,2,0,2,0,0,0,0,2
192839,_youhadonejob1,,2,0,2,2,0,2,0,0,0,0,6
192842,JerryDanielsen,,2,0,2,2,0,2,0,0,0,0,1
192843,StartFreshHere,,2,0,2,2,0,2,0,0,0,0,2
192850,beckykiser,,2,0,2,2,0,2,0,0,0,0,2
192851,theuniq,,2,0,2,2,0,2,0,0,0,0,2
192913,discoverRB,,2,0,2,2,0,2,0,0,0,0,7
193264,DjSergiomartin,,3,0,3,3,0,3,0,0,0,0,4
193326,djericvesper,,2,0,2,2,0,2,0,0,0,0,6
193351,DjPiqueras,,2,0,2,2,0,2,0,0,0,0,2
193365,deejayjohnrico,,3,0,3,3,0,3,0,0,0,0,2
193372,DjCastorPollux,,2,0,2,2,0,2,0,0,0,0,0
193522,TodoSorteosEDM,,2,0,2,2,0,2,0,0,0,0,0
193584,TrollFootball,,2,0,2,2,0,2,0,0,0,0,2
193595,Frankapilla_,,2,0,2,2,0,2,0,0,0,0,2
193765,RUN04ATLETISMO,,2,0,2,2,0,2,0,0,0,0,0
193788,SmashDawg,,2,0,2,2,0,2,0,0,0,0,2
193907,rizzgreatda_98,,2,0,2,2,0,2,0,0,0,0,2
193937,EurostarUK,,2,0,2,2,0,2,0,0,0,0,2
193938,BAFTAGames,,2,0,2,2,0,2,0,0,0,0,6
193943,sitc,,2,0,2,2,0,2,0,0,0,0,2
193944,VidCon,,2,0,2,2,0,2,0,0,0,0,2
193947,BungieHelp,,2,0,2,2,0,2,0,0,0,0,3
194074,djalexcorsi,,2,0,2,2,0,2,0,0,0,0,6
194081,theawayfans,,3,0,3,3,0,3,0,0,0,0,3
194232,NLMFAEurope,,2,0,2,2,0,2,0,0,0,0,1
194302,Pura_Miel,,2,0,2,2,0,2,0,0,0,0,2
194389,JulianOrosOK,,2,0,2,2,0,2,0,0,0,0,6
194405,NoodleEducation,,2,0,2,2,0,2,0,0,0,0,2
194607,christinnyc,,2,0,2,2,0,2,0,0,0,0,1
194723,monikakim1,,2,0,2,2,0,2,0,0,0,0,2
194724,PhanaPheap,,2,0,2,2,0,2,0,0,0,0,2
194729,TunLeakhena,,2,0,2,2,0,2,0,0,0,0,2
194730,kimheang003,,2,0,2,2,0,2,0,0,0,0,2
194737,LeeTenKen,,2,0,2,2,0,2,0,0,0,0,2
194738,Phone855,,2,0,2,2,0,2,0,0,0,0,2
194740,AllKhmerSongs,,2,0,2,2,0,2,0,0,0,0,2
194742,m88cambodia,,2,0,2,2,0,2,0,0,0,0,2
194746,Aldama_Santos,,2,0,2,2,0,2,0,0,0,0,2
194747,VuthBest,,2,0,2,2,0,2,0,0,0,0,2
194749,sakhan_um,,2,0,2,2,0,2,0,0,0,0,2
195229,DiaryofDaniel,,2,0,2,2,0,2,0,0,0,0,2
195231,luisharistizbal,,2,0,2,2,0,2,0,0,0,0,6
195349,CalieAlexandria,,2,0,2,2,0,2,0,0,0,0,3
195601,DjMarcusiLL,,2,0,2,2,0,2,0,0,0,0,2
195618,josediazdj,,2,0,2,2,0,2,0,0,0,0,6
195711,Tweets4Yoga,,2,0,2,2,0,2,0,0,0,0,4
195858,MahmutOrhann,,2,0,2,2,0,2,0,0,0,0,2
196096,DjClaudiaTejeda,,3,0,3,3,0,3,0,0,0,0,6
196169,emastokholma,,3,0,3,3,0,3,0,0,0,0,3
196235,DjNeptuno,,3,0,3,3,0,3,0,0,0,0,6
196415,ruben_one_style,,2,0,2,2,0,2,0,0,0,0,0
196433,aleatorio_music,,2,0,2,2,0,2,0,0,0,0,0
196578,therealcliffyb,,3,0,3,3,0,3,0,0,0,0,6
196583,TimOfLegend,,2,0,2,2,0,2,0,0,0,0,2
196584,NintendoAmerica,,3,0,3,3,0,3,0,0,0,0,2
196590,notch,,2,0,2,2,0,2,0,0,0,0,2
196594,Diablo,,3,0,3,3,0,3,0,0,0,0,2
196595,MythBusters,,2,0,2,2,0,2,0,0,0,0,3
196597,Tallywood,,2,0,2,2,0,2,0,0,0,0,2
196623,McLarenAuto,,2,0,2,2,0,2,0,0,0,0,2
196628,KariByron,,2,0,2,2,0,2,0,0,0,0,3
196630,DavidHasselhoff,,2,0,2,2,0,2,0,0,0,0,2
196644,JonOlsson,,2,0,2,2,0,2,0,0,0,0,0
196656,Razer,,2,0,2,2,0,2,0,0,0,0,6
196683,DIRTYPHONICS,,3,0,3,3,0,3,0,0,0,0,6
196707,Seeker,,3,0,3,3,0,3,0,0,0,0,1
196711,rossjmiller,,2,0,2,2,0,2,0,0,0,0,2
196725,Canada,,2,0,2,2,0,2,0,0,0,0,2
196732,maxon3d,,2,0,2,2,0,2,0,0,0,0,2
196734,sidefx,,2,0,2,2,0,2,0,0,0,0,2
196754,Jalopnik,,2,0,2,2,0,2,0,0,0,0,2
196756,robertherjavec,,2,0,2,2,0,2,0,0,0,0,2
196760,FullSail,,3,0,3,3,0,3,0,0,0,0,1
196773,BearGrylls,,2,0,2,2,0,2,0,0,0,0,2
196777,DreamHack,,2,0,2,2,0,2,0,0,0,0,2
196778,EvilGeniuses,,2,0,2,2,0,2,0,0,0,0,2
196784,TravisPastrana,,2,0,2,2,0,2,0,0,0,0,1
196786,FATAL1TY,,2,0,2,2,0,2,0,0,0,0,2
196796,Akopp,,2,0,2,2,0,2,0,0,0,0,2
196799,carneytrain,,2,0,2,2,0,2,0,0,0,0,2
196802,harrismonkey,,2,0,2,2,0,2,0,0,0,0,2
196804,DXRacer,,2,0,2,2,0,2,0,0,0,0,6
196899,c_39k,,2,0,2,2,0,2,0,0,0,0,2
196902,CrowdTSki,,2,0,2,2,0,2,0,0,0,0,0
197079,Stess2005,,2,0,2,2,0,2,0,0,0,0,7
197172,escribircancion,,3,0,3,3,0,3,0,0,0,0,2
197178,uni_compare,,3,0,3,3,0,3,0,0,0,0,2
197184,NilsSmith,,2,0,2,2,0,2,0,0,0,0,2
197234,Unidad_33,,2,0,2,2,0,2,0,0,0,0,2
197327,ctof,,2,0,2,2,0,2,0,0,0,0,7
197539,inabadway_,,2,0,2,2,0,2,0,0,0,0,2
197566,tomvandeweghe,,2,0,2,2,0,2,0,0,0,0,1
197567,freek_braeckman,,2,0,2,2,0,2,0,0,0,0,1
197672,MiRadiols,,2,0,2,2,0,2,0,0,0,0,2
197676,radioclubSER,,2,0,2,2,0,2,0,0,0,0,3
197683,drivetimerte,,2,0,2,2,0,2,0,0,0,0,1
197741,DelatorreJJ,,2,0,2,2,0,2,0,0,0,0,3
197867,CNTIndia,,2,0,2,2,0,2,0,0,0,0,0
197868,WhoScored,,3,0,3,3,0,3,0,0,0,0,2
197869,KelleyBlueBook,,2,0,2,2,0,2,0,0,0,0,2
198002,MosWantedCrew,,2,0,2,2,0,2,0,0,0,0,2
198003,chachigonzales,,2,0,2,2,0,2,0,0,0,0,2
198005,LandoWilkins,,2,0,2,2,0,2,0,0,0,0,2
198006,bam_martin,,2,0,2,2,0,2,0,0,0,0,2
198008,junquemado,,2,0,2,2,0,2,0,0,0,0,2
198016,Ian_Eastwood,,2,0,2,2,0,2,0,0,0,0,2
198020,BrianPuspos,,2,0,2,2,0,2,0,0,0,0,2
198048,PrabhuStudio,,2,0,2,2,0,2,0,0,0,0,2
198092,method_studios,,2,0,2,2,0,2,0,0,0,0,2
198104,SonySantaMonica,,2,0,2,2,0,2,0,0,0,0,2
198112,TurtleRock,,2,0,2,2,0,2,0,0,0,0,2
198113,Pilgrim_Studios,,2,0,2,2,0,2,0,0,0,0,2
198116,PinewoodStudios,,2,0,2,2,0,2,0,0,0,0,2
198119,UniStudios,,3,0,3,3,0,3,0,0,0,0,1
198159,EditionsMego,,2,0,2,2,0,2,0,0,0,0,2
198193,hackaday,,2,0,2,2,0,2,0,0,0,0,3
198194,makerfaire,,2,0,2,2,0,2,0,0,0,0,3
198195,sparkfun,,2,0,2,2,0,2,0,0,0,0,3
198196,make,,2,0,2,2,0,2,0,0,0,0,3
198197,Farnell_Avnet,,2,0,2,2,0,2,0,0,0,0,2
198198,element14_Avnet,,2,0,2,2,0,2,0,0,0,0,2
198200,Arm,,2,0,2,2,0,2,0,0,0,0,2
198201,MicrochipTech,,3,0,3,3,0,3,0,0,0,0,3
198202,FutureElec,,2,0,2,2,0,2,0,0,0,0,2
198204,MicrochipMakes,,2,0,2,2,0,2,0,0,0,0,3
198205,siliconlabs,,2,0,2,2,0,2,0,0,0,0,1
198565,De_FROiZ,,2,0,2,2,0,2,0,0,0,0,6
198651,QBoyMusic,,2,0,2,2,0,2,0,0,0,0,6
198858,CelesteBonin,,2,0,2,2,0,2,0,0,0,0,2
198863,StephMcMahon,,2,0,2,2,0,2,0,0,0,0,2
198864,TripleH,,2,0,2,2,0,2,0,0,0,0,0
198865,StuBennett,,2,0,2,2,0,2,0,0,0,0,2
198866,HEELZiggler,,2,0,2,2,0,2,0,0,0,0,2
198868,BookerT5x,,2,0,2,2,0,2,0,0,0,0,2
198869,VinceMcMahon,,2,0,2,2,0,2,0,0,0,0,2
198870,WWECesaro,,2,0,2,2,0,2,0,0,0,0,2
198871,AJStylesOrg,,3,0,3,3,0,3,0,0,0,0,6
198873,IAmJericho,,2,0,2,2,0,2,0,0,0,0,2
198874,HeymanHustle,,2,0,2,2,0,2,0,0,0,0,2
198876,CMPunk,,2,0,2,2,0,2,0,0,0,0,2
198877,SamoaJoe,,2,0,2,2,0,2,0,0,0,0,2
198878,steveaustinBSR,,2,0,2,2,0,2,0,0,0,0,2
198879,JRsBBQ,,2,0,2,2,0,2,0,0,0,0,2
198880,BretHart,,2,0,2,2,0,2,0,0,0,0,2
199167,ZombieRiot,,2,0,2,2,0,2,0,0,0,0,7
199171,SamAntonioPhoto,,2,0,2,2,0,2,0,0,0,0,7
199172,jan_maklak,,2,0,2,2,0,2,0,0,0,0,6
199173,DaveVescio,,3,0,3,3,0,3,0,0,0,0,2
199176,YoungBossSwagg,,2,0,2,2,0,2,0,0,0,0,2
199249,databricks,,2,0,2,2,0,2,0,0,0,0,8
199477,VACAYMUSIC,,2,0,2,2,0,2,0,0,0,0,7
199518,VolandEdizioni,,2,0,2,2,0,2,0,0,0,0,3
199519,GuandaEditore,,2,0,2,2,0,2,0,0,0,0,3
199520,Marcoseditore,,3,0,3,3,0,3,0,0,0,0,3
199521,LibriLonganesi,,3,0,3,3,0,3,0,0,0,0,3
199522,wuzlibri,,2,0,2,2,0,2,0,0,0,0,2
199523,LibrInnovando,,2,0,2,2,0,2,0,0,0,0,3
199524,LibriamoTutti,,2,0,2,2,0,2,0,0,0,0,3
199525,Giuditta_legge,,2,0,2,2,0,2,0,0,0,0,3
199526,iCulTweet,,3,0,3,3,0,3,0,0,0,0,3
199730,CarlosAndres002,,2,0,2,2,0,2,0,0,0,0,6
199744,MexicoPost,,2,0,2,2,0,2,0,0,0,0,4
199884,SurreyInt,,2,0,2,2,0,2,0,0,0,0,1
200169,200BlockMusic,,2,0,2,2,0,2,0,0,0,0,2
200463,ActorsAccess,,2,0,2,2,0,2,0,0,0,0,2
200815,khamenei_ir,,3,0,3,3,0,3,0,0,0,0,2
200816,verynetwork,,2,0,2,2,0,2,0,0,0,0,7
200822,waitrose,,3,0,3,3,0,3,0,0,0,0,2
201020,BealeStreetMphs,,2,0,2,2,0,2,0,0,0,0,1
201040,raulitod,,2,0,2,2,0,2,0,0,0,0,6
201196,sibamachado13,,2,0,2,2,0,2,0,0,0,0,6
201200,beatandmix,,2,0,2,2,0,2,0,0,0,0,3
201423,_Maha_Mtmr,,2,0,2,2,0,2,0,0,0,0,8
201591,PaolaMarinone,,2,0,2,2,0,2,0,0,0,0,3
201628,EseJapan,,2,0,2,2,0,2,0,0,0,0,6
201648,davidwalliams,,3,0,3,3,0,3,0,0,0,0,2
201651,MarcuscollinsUK,,2,0,2,2,0,2,0,0,0,0,2
201653,MattCardle,,2,0,2,2,0,2,0,0,0,0,2
201708,mediargh,,2,0,2,2,0,2,0,0,0,0,2
201713,DrWayneWDyer,,2,0,2,2,0,2,0,0,0,0,2
201716,LouiseHay,,2,0,2,2,0,2,0,0,0,0,2
201717,DeepakChopra,,3,0,3,3,0,3,0,0,0,0,2
201746,BOTStartup,,2,0,2,2,0,2,0,0,0,0,3
201829,SerbianPM,,2,0,2,2,0,2,0,0,0,0,1
201864,masheenka,,2,0,2,2,0,2,0,0,0,0,2
202006,YouthPost2015,,2,0,2,2,0,2,0,0,0,0,1
202032,ConstitutionNet,,2,0,2,2,0,2,0,0,0,0,1
202033,onMogul,,2,0,2,2,0,2,0,0,0,0,2
202043,schuh,,2,0,2,2,0,2,0,0,0,0,2
202060,Edinburgh_CC,,2,0,2,2,0,2,0,0,0,0,0
202070,2K_UK,,2,0,2,2,0,2,0,0,0,0,2
202093,Iheartanimalss,,2,0,2,2,0,2,0,0,0,0,6
202115,XtraGrass,,2,0,2,2,0,2,0,0,0,0,1
202134,toprank,,2,0,2,2,0,2,0,0,0,0,2
202147,TheWalkingDead,,3,0,3,3,0,3,0,0,0,0,2
202185,ImpulsandoArg,,2,0,2,2,0,2,0,0,0,0,0
202240,TopGangas10,,2,0,2,2,0,2,0,0,0,0,0
202283,Rrruffler,,2,0,2,2,0,2,0,0,0,0,2
202288,ManageFlitter,,2,0,2,2,0,2,0,0,0,0,4
202292,48ISFF,,2,0,2,2,0,2,0,0,0,0,2
202297,Jolly_Goods,,2,0,2,2,0,2,0,0,0,0,0
202372,clickzlive,,2,0,2,2,0,2,0,0,0,0,2
202419,DJEU,,2,0,2,2,0,2,0,0,0,0,2
202463,UChicagoPress,,2,0,2,2,0,2,0,0,0,0,2
202704,MiguelPose,,2,0,2,2,0,2,0,0,0,0,6
202780,FootyML,,2,0,2,2,0,2,0,0,0,0,2
202806,djbeeofficial,,2,0,2,2,0,2,0,0,0,0,6
202950,Britopian,,2,0,2,2,0,2,0,0,0,0,7
203137,d2dmusiconline,,3,0,3,3,0,3,0,0,0,0,3
203189,marbellaworlddj,,2,0,2,2,0,2,0,0,0,0,0
203237,chicago_blog,,2,0,2,2,0,2,0,0,0,0,3
203384,AlexiSafarikas,,2,0,2,2,0,2,0,0,0,0,0
203400,andreaarriagamx,,2,0,2,2,0,2,0,0,0,0,2
203422,VictorManriqueY,,2,0,2,2,0,2,0,0,0,0,0
203433,ezekiel,,2,0,2,2,0,2,0,0,0,0,3
203456,MaxGonalons,,2,0,2,2,0,2,0,0,0,0,5
203459,clemgrenier,,2,0,2,2,0,2,0,0,0,0,2
203670,TimesFashion,,3,0,3,3,0,3,0,0,0,0,2
203789,Turcatosaure,,2,0,2,2,0,2,0,0,0,0,1
203824,gtaank,,2,0,2,2,0,2,0,0,0,0,3
203941,KINGRPG,,2,0,2,2,0,2,0,0,0,0,4
204140,grimygoods,,2,0,2,2,0,2,0,0,0,0,2
204259,big_picture,,2,0,2,2,0,2,0,0,0,0,4
204275,blogaction_,,2,0,2,2,0,2,0,0,0,0,1
204286,GastronomyBlog,,2,0,2,2,0,2,0,0,0,0,2
204299,TheBigPharaoh,,2,0,2,2,0,2,0,0,0,0,2
204416,B_VanKleef,,2,0,2,2,0,2,0,0,0,0,2
204503,forrester,,3,0,3,3,0,3,0,0,0,0,2
204529,DanSiepen,,2,0,2,2,0,2,0,0,0,0,4
204533,VentureInATL,,2,0,2,2,0,2,0,0,0,0,1
204554,matthewtoren,,2,0,2,2,0,2,0,0,0,0,2
204565,handshakin,,2,0,2,2,0,2,0,0,0,0,2
204631,AvosFromMexico,,2,0,2,2,0,2,0,0,0,0,0
204633,Hadithoftheday,,2,0,2,2,0,2,0,0,0,0,2
204642,ermar6,,2,0,2,2,0,2,0,0,0,0,2
204692,1004COREA,,2,0,2,2,0,2,0,0,0,0,2
204756,JoeManganiello,,3,0,3,3,0,3,0,0,0,0,2
204760,AnnaPaquin,,2,0,2,2,0,2,0,0,0,0,2
204761,SamTrammell,,2,0,2,2,0,2,0,0,0,0,2
204762,DeborahAnnWoll,,3,0,3,3,0,3,0,0,0,0,2
204837,Getback_Records,,2,0,2,2,0,2,0,0,0,0,6
204946,WhiteNoize_Mag,,2,0,2,2,0,2,0,0,0,0,0
205031,CA_Avocados,,2,0,2,2,0,2,0,0,0,0,0
205047,MSCintheUK,,2,0,2,2,0,2,0,0,0,0,1
205245,colindonnell,,2,0,2,2,0,2,0,0,0,0,2
205365,MPManagmentChi,,2,0,2,2,0,2,0,0,0,0,0
205498,WadeBowen,,2,0,2,2,0,2,0,0,0,0,0
205511,TXmusicTV,,2,0,2,2,0,2,0,0,0,0,0
205803,StartUp_Invest,,2,0,2,2,0,2,0,0,0,0,1
205812,J_Lewandowski,,2,0,2,2,0,2,0,0,0,0,1
205813,ArmandRyfinski,,2,0,2,2,0,2,0,0,0,0,3
205814,mkabacinski,,2,0,2,2,0,2,0,0,0,0,3
205815,LukaszGibala,,2,0,2,2,0,2,0,0,0,0,3
205816,rozathun,,2,0,2,2,0,2,0,0,0,0,3
205817,BarbaraKudrycka,,3,0,3,3,0,3,0,0,0,0,3
205820,PawelOlszewski,,2,0,2,2,0,2,0,0,0,0,3
205821,pomaska,,2,0,2,2,0,2,0,0,0,0,3
205822,SlawomirNitras,,2,0,2,2,0,2,0,0,0,0,3
205823,mareksiwiec,,2,0,2,2,0,2,0,0,0,0,3
205825,ZalewskiPawel,,2,0,2,2,0,2,0,0,0,0,3
205826,AdamBielan,,2,0,2,2,0,2,0,0,0,0,3
205827,pawelkowalpl,,2,0,2,2,0,2,0,0,0,0,3
205828,TomaszSiemoniak,,2,0,2,2,0,2,0,0,0,0,3
205829,kosinskik,,2,0,2,2,0,2,0,0,0,0,3
205830,Piechocinski,,2,0,2,2,0,2,0,0,0,0,3
205831,trzaskowski_,,3,0,3,3,0,3,0,0,0,0,3
205832,KosiniakKamysz,,2,0,2,2,0,2,0,0,0,0,3
205833,SlawekNeumann,,2,0,2,2,0,2,0,0,0,0,3
205834,LenaBobinska,,2,0,2,2,0,2,0,0,0,0,3
205835,RTyszkiewicz,,2,0,2,2,0,2,0,0,0,0,3
205837,joannakluzik,,2,0,2,2,0,2,0,0,0,0,3
205839,AndrzejHalicki,,2,0,2,2,0,2,0,0,0,0,3
205841,artur_debski,,2,0,2,2,0,2,0,0,0,0,3
205844,ARozenek,,2,0,2,2,0,2,0,0,0,0,3
205847,krytyka,,3,0,3,3,0,3,0,0,0,0,1
205848,MSN_Warszawa,,3,0,3,3,0,3,0,0,0,0,3
205849,kultliberalna,,2,0,2,2,0,2,0,0,0,0,1
205851,dwutygodnik,,2,0,2,2,0,2,0,0,0,0,1
205852,LubimyczytacPL,,2,0,2,2,0,2,0,0,0,0,1
205853,WydawcaIskry,,2,0,2,2,0,2,0,0,0,0,1
205854,Erica_Books,,2,0,2,2,0,2,0,0,0,0,1
205855,WydawnictwoZnak,,2,0,2,2,0,2,0,0,0,0,1
205857,wydmuza,,2,0,2,2,0,2,0,0,0,0,1
205858,zeszyty,,2,0,2,2,0,2,0,0,0,0,1
205861,SmakSlowa,,3,0,3,3,0,3,0,0,0,0,1
205862,ImpulsOficyna,,2,0,2,2,0,2,0,0,0,0,1
205863,wydlit,,2,0,2,2,0,2,0,0,0,0,1
205864,MuzeumLiter,,2,0,2,2,0,2,0,0,0,0,1
205866,bibliosfera,,2,0,2,2,0,2,0,0,0,0,1
205868,wolnelektury,,3,0,3,3,0,3,0,0,0,0,1
205869,poczytalnia,,2,0,2,2,0,2,0,0,0,0,1
205874,liternetpl,,2,0,2,2,0,2,0,0,0,0,1
205898,taraluiandrei,,2,0,2,2,0,2,0,0,0,0,1
205917,MKierwinski,,2,0,2,2,0,2,0,0,0,0,3
205946,3scale,,2,0,2,2,0,2,0,0,0,0,1
205953,TammyGaines1,,2,0,2,2,0,2,0,0,0,0,2
206112,twitraum,,2,0,2,2,0,2,0,0,0,0,2
206141,marsinthestars,,2,0,2,2,0,2,0,0,0,0,1
206185,leonardofed,,2,0,2,2,0,2,0,0,0,0,3
206373,WardPlunet,,2,0,2,2,0,2,0,0,0,0,6
206550,PlaybuzzBiz,,2,0,2,2,0,2,0,0,0,0,2
206571,HelloRobin8,,2,0,2,2,0,2,0,0,0,0,3
206601,ASSEofficiel,,2,0,2,2,0,2,0,0,0,0,8
206691,ibizaislanders,,2,0,2,2,0,2,0,0,0,0,2
206706,betcfullsix,,2,0,2,2,0,2,0,0,0,0,7
206710,TBWA_PARIS,,2,0,2,2,0,2,0,0,0,0,0
206713,MarcelAgency,,2,0,2,2,0,2,0,0,0,0,7
206715,culturepub,,2,0,2,2,0,2,0,0,0,0,8
206722,nicolasbordas,,2,0,2,2,0,2,0,0,0,0,8
206725,freshbusiness,,2,0,2,2,0,2,0,0,0,0,2
206729,ukbf_finds,,2,0,2,2,0,2,0,0,0,0,2
206732,BizMattersmag,,2,0,2,2,0,2,0,0,0,0,2
206754,Cardenas_Lu,,2,0,2,2,0,2,0,0,0,0,1
206759,peterc,,2,0,2,2,0,2,0,0,0,0,8
206767,learningcode,,2,0,2,2,0,2,0,0,0,0,3
206768,girldevelopit,,3,0,3,3,0,3,0,0,0,0,2
206769,WITWomen,,3,0,3,3,0,3,0,0,0,0,1
206777,balderton,,2,0,2,2,0,2,0,0,0,0,1
206778,IndexVentures,,2,0,2,2,0,2,0,0,0,0,1
206782,usv,,2,0,2,2,0,2,0,0,0,0,1
206982,Tweet_Clements,,2,0,2,2,0,2,0,0,0,0,0
207010,RamboDonkeyKong,,2,0,2,2,0,2,0,0,0,0,2
207312,InsideOutUSA,,2,0,2,2,0,2,0,0,0,0,2
207372,kensho_twit,,2,0,2,2,0,2,0,0,0,0,6
207964,GreenFieldsTurf,,2,0,2,2,0,2,0,0,0,0,1
207995,BenjaminDiCosta,,2,0,2,2,0,2,0,0,0,0,5
208103,armandopinedob,,2,0,2,2,0,2,0,0,0,0,0
208129,mykingdommusic,,2,0,2,2,0,2,0,0,0,0,2
208134,ProperRecords,,2,0,2,2,0,2,0,0,0,0,3
208164,ekremdumanli,,3,0,3,3,0,3,0,0,0,0,2
208169,erhan_basyurt,,2,0,2,2,0,2,0,0,0,0,2
208170,farukmercan,,3,0,3,3,0,3,0,0,0,0,2
208171,bulent_korucu,,2,0,2,2,0,2,0,0,0,0,2
208172,TarikToros,,2,0,2,2,0,2,0,0,0,0,2
208173,ademyavuza,,2,0,2,2,0,2,0,0,0,0,2
208174,myikar,,2,0,2,2,0,2,0,0,0,0,2
208175,ahamitbilici,,2,0,2,2,0,2,0,0,0,0,2
208177,bkenes,,2,0,2,2,0,2,0,0,0,0,2
208180,ihsanylmz,,2,0,2,2,0,2,0,0,0,0,2
208186,mahmutakpinar1,,2,0,2,2,0,2,0,0,0,0,2
208205,gs1905gs____,,2,0,2,2,0,2,0,0,0,0,2
208343,elatraverse,,2,0,2,2,0,2,0,0,0,0,1
208426,amwithenshaw,,2,0,2,2,0,2,0,0,0,0,0
208453,NEA,,2,0,2,2,0,2,0,0,0,0,1
208514,letsgro050,,2,0,2,2,0,2,0,0,0,0,2
208518,De_Zwijger,,2,0,2,2,0,2,0,0,0,0,1
208608,stephenorban,,2,0,2,2,0,2,0,0,0,0,2
208689,PolyCompany,,2,0,2,2,0,2,0,0,0,0,3
208690,TreehuggerTwo,,2,0,2,2,0,2,0,0,0,0,1
208691,Earthjustice,,2,0,2,2,0,2,0,0,0,0,1
208692,PlanetGreen,,2,0,2,2,0,2,0,0,0,0,2
208693,Treehugger,,3,0,3,3,0,3,0,0,0,0,2
208694,grist,,2,0,2,2,0,2,0,0,0,0,2
208695,NRDC,,2,0,2,2,0,2,0,0,0,0,1
208697,billmckibben,,2,0,2,2,0,2,0,0,0,0,2
208698,CFigueres,,2,0,2,2,0,2,0,0,0,0,1
208699,RenewablesNews,,3,0,3,3,0,3,0,0,0,0,1
208700,ASES_Solar,,3,0,3,3,0,3,0,0,0,0,1
208701,SolarEdgePV,,2,0,2,2,0,2,0,0,0,0,3
208706,WorldResources,,3,0,3,3,0,3,0,0,0,0,2
208787,Siemens_Energy,,2,0,2,2,0,2,0,0,0,0,6
208799,SEIresearch,,2,0,2,2,0,2,0,0,0,0,1
208816,EEFinancing,,3,0,3,3,0,3,0,0,0,0,8
208840,IndianStarrtups,,2,0,2,2,0,2,0,0,0,0,3
208841,kamyuno,,2,0,2,2,0,2,0,0,0,0,7
208882,SkylarGrey,,2,0,2,2,0,2,0,0,0,0,2
208883,ElectronicaMX,,2,0,2,2,0,2,0,0,0,0,2
208894,gwengl333,,2,0,2,2,0,2,0,0,0,0,0
208901,christinaperri,,3,0,3,3,0,3,0,0,0,0,2
208908,ArenaCdMexico,,2,0,2,2,0,2,0,0,0,0,4
208968,CapitalOfficial,,2,0,2,2,0,2,0,0,0,0,2
208990,Gods1337,,2,0,2,2,0,2,0,0,0,0,2
209001,mundialdemusica,,2,0,2,2,0,2,0,0,0,0,0
209004,SixFlagsMexico,,3,0,3,3,0,3,0,0,0,0,0
209016,Popjustice,,3,0,3,3,0,3,0,0,0,0,3
209017,StevenTuma,,2,0,2,2,0,2,0,0,0,0,7
209150,CCPeruBrasil,,2,0,2,2,0,2,0,0,0,0,6
209191,Ali__CBA,,2,0,2,2,0,2,0,0,0,0,2
209319,UNCnsfp,,2,0,2,2,0,2,0,0,0,0,3
209332,unccollege,,2,0,2,2,0,2,0,0,0,0,1
209333,uncstudyabroad,,3,0,3,3,0,3,0,0,0,0,1
209337,UNCHussman,,2,0,2,2,0,2,0,0,0,0,1
209345,unccgi,,2,0,2,2,0,2,0,0,0,0,3
209426,tatyanagrayblog,,2,0,2,2,0,2,0,0,0,0,3
209443,dcancel,,2,0,2,2,0,2,0,0,0,0,4
209444,AaronTschirhart,,2,0,2,2,0,2,0,0,0,0,7
209454,trueventures,,2,0,2,2,0,2,0,0,0,0,1
209456,robinklein,,2,0,2,2,0,2,0,0,0,0,2
209605,pieterpeelen,,2,0,2,2,0,2,0,0,0,0,2
209701,TAB_EN,,2,0,2,2,0,2,0,0,0,0,2
209791,syracusedotcom,,2,0,2,2,0,2,0,0,0,0,2
209857,dose,,2,0,2,2,0,2,0,0,0,0,8
210037,geopolytica,,2,0,2,2,0,2,0,0,0,0,2
210042,SoundExchange,,2,0,2,2,0,2,0,0,0,0,2
210054,davehakkens,,2,0,2,2,0,2,0,0,0,0,2
210140,KateUpton,,2,0,2,2,0,2,0,0,0,0,5
210141,gunitbrand,,2,0,2,2,0,2,0,0,0,0,2
210223,AmberRun,,2,0,2,2,0,2,0,0,0,0,1
210279,coolcatteacher,,3,0,3,3,0,3,0,0,0,0,1
210280,courosa,,3,0,3,3,0,3,0,0,0,0,1
210281,web20classroom,,3,0,3,3,0,3,0,0,0,0,1
210297,MSTheater,,2,0,2,2,0,2,0,0,0,0,0
210301,LALIVE,,2,0,2,2,0,2,0,0,0,0,2
210302,SoCalPulse,,2,0,2,2,0,2,0,0,0,0,2
210303,LAWeeklyStreet,,2,0,2,2,0,2,0,0,0,0,2
210304,LAasSubject,,2,0,2,2,0,2,0,0,0,0,2
210305,discoverLA,,2,0,2,2,0,2,0,0,0,0,2
210306,GrandPark_LA,,2,0,2,2,0,2,0,0,0,0,2
210307,TheLAScene,,2,0,2,2,0,2,0,0,0,0,2
210308,LA_Now,,2,0,2,2,0,2,0,0,0,0,2
210310,downtownartwalk,,2,0,2,2,0,2,0,0,0,0,2
210311,LAhistory,,2,0,2,2,0,2,0,0,0,0,2
210312,downtown_la,,2,0,2,2,0,2,0,0,0,0,2
210313,EncinoPatch,,2,0,2,2,0,2,0,0,0,0,2
210315,shermanoaksCC,,2,0,2,2,0,2,0,0,0,0,2
210317,officialnoho,,2,0,2,2,0,2,0,0,0,0,2
210318,DowntownNews,,2,0,2,2,0,2,0,0,0,0,2
210319,LAObserved,,2,0,2,2,0,2,0,0,0,0,2
210320,GoToNoHo,,2,0,2,2,0,2,0,0,0,0,2
210321,theSFVscoop,,2,0,2,2,0,2,0,0,0,0,2
210322,ShermanOakPatch,,2,0,2,2,0,2,0,0,0,0,2
210323,WestSFValley,,2,0,2,2,0,2,0,0,0,0,2
210324,SFValleyblog,,2,0,2,2,0,2,0,0,0,0,2
210325,LATimescitybeat,,2,0,2,2,0,2,0,0,0,0,2
210326,TheVenturablvd,,2,0,2,2,0,2,0,0,0,0,2
210329,SC_Chamber,,2,0,2,2,0,2,0,0,0,0,2
210330,TheStudiocity,,2,0,2,2,0,2,0,0,0,0,2
210331,OurVenturaBlvd,,2,0,2,2,0,2,0,0,0,0,2
210395,SkyNewsAust,,2,0,2,2,0,2,0,0,0,0,6
210429,jonathanvswan,,2,0,2,2,0,2,0,0,0,0,2
210534,burhand09,,2,0,2,2,0,2,0,0,0,0,6
210535,gialele,,2,0,2,2,0,2,0,0,0,0,3
210606,zsllondonzoo,,2,0,2,2,0,2,0,0,0,0,1
210649,DenisVegaART,,2,0,2,2,0,2,0,0,0,0,5
210805,DunesIbiza,,2,0,2,2,0,2,0,0,0,0,2
210923,Newsies,,2,0,2,2,0,2,0,0,0,0,0
210969,RCMLondon,,2,0,2,2,0,2,0,0,0,0,1
210987,MusicCenterLA,,2,0,2,2,0,2,0,0,0,0,2
210990,MMMClass,,2,0,2,2,0,2,0,0,0,0,0
211031,home_assistant,,2,0,2,2,0,2,0,0,0,0,3
211035,anacondainc,,3,0,3,3,0,3,0,0,0,0,3
211064,Curalate,,2,0,2,2,0,2,0,0,0,0,2
211067,CAP_UCLA,,2,0,2,2,0,2,0,0,0,0,2
211100,mugeezxmugeez,,2,0,2,2,0,2,0,0,0,0,2
211273,Noahpinion,,2,0,2,2,0,2,0,0,0,0,1
211282,BenjaminHarvey,,2,0,2,2,0,2,0,0,0,0,2
211350,myurow,,2,0,2,2,0,2,0,0,0,0,2
211358,JavierBlas,,2,0,2,2,0,2,0,0,0,0,2
211375,BloombergCities,,3,0,3,3,0,3,0,0,0,0,1
211484,OdeCarvalho,,2,0,2,2,0,2,0,0,0,0,2
211492,Ihamma_1,,2,0,2,2,0,2,0,0,0,0,2
211547,greenblut_kris,,2,0,2,2,0,2,0,0,0,0,1
211674,GeberConsulting,,2,0,2,2,0,2,0,0,0,0,3
211691,BGOV,,2,0,2,2,0,2,0,0,0,0,6
211694,BloombergDotOrg,,2,0,2,2,0,2,0,0,0,0,1
211696,bopinion,,2,0,2,2,0,2,0,0,0,0,0
211697,Bloomberg,,3,0,3,3,0,3,0,0,0,0,2
211750,veterantraveler,,2,0,2,2,0,2,0,0,0,0,3
211820,danlew,,2,0,2,2,0,2,0,0,0,0,2
211824,startupturkey,,3,0,3,3,0,3,0,0,0,0,3
211830,1timstreet,,2,0,2,2,0,2,0,0,0,0,2
211894,NewClimateEcon,,2,0,2,2,0,2,0,0,0,0,1
211903,IPC_IG,,2,0,2,2,0,2,0,0,0,0,2
211985,growthfaculty,,2,0,2,2,0,2,0,0,0,0,2
211990,allsecretmarket,,2,0,2,2,0,2,0,0,0,0,0
212001,SEO_Mktg_Tips,,3,0,3,3,0,3,0,0,0,0,7
212006,KPMGTechGrowth,,2,0,2,2,0,2,0,0,0,0,1
212042,sotrender,,2,0,2,2,0,2,0,0,0,0,1
212070,ResonanceJazz,,2,0,2,2,0,2,0,0,0,0,4
212115,Roadrunner_UK,,2,0,2,2,0,2,0,0,0,0,2
212189,the_shift_music,,2,0,2,2,0,2,0,0,0,0,7
212219,ProdDopeBoi,,2,0,2,2,0,2,0,0,0,0,0
212220,illestBeatMaker,,2,0,2,2,0,2,0,0,0,0,6
212222,TWBeats,,2,0,2,2,0,2,0,0,0,0,6
212717,EventbriteUK,,2,0,2,2,0,2,0,0,0,0,0
212720,EgoiPlatform,,2,0,2,2,0,2,0,0,0,0,4
212734,Trafico,,3,0,3,3,0,3,0,0,0,0,2
212735,traficovv,,3,0,3,3,0,3,0,0,0,0,0
212736,EUtrafico,,3,0,3,3,0,3,0,0,0,0,2
212737,EnConexionWeb,,2,0,2,2,0,2,0,0,0,0,2
212738,traffiCARACAS,,2,0,2,2,0,2,0,0,0,0,2
212743,ken_y_official,,2,0,2,2,0,2,0,0,0,0,0
212746,alexisyfido,,3,0,3,3,0,3,0,0,0,0,2
212747,rkmykeny,,3,0,3,3,0,3,0,0,0,0,6
212748,zionylennoxpr,,3,0,3,3,0,3,0,0,0,0,6
212749,PLANBLIVE,,3,0,3,3,0,3,0,0,0,0,6
212750,FarrukoOfficial,,3,0,3,3,0,3,0,0,0,0,6
212751,jkingymaximan,,3,0,3,3,0,3,0,0,0,0,6
212756,DeLaGhettoReal,,3,0,3,3,0,3,0,0,0,0,6
212757,ArcangelPrrra,,3,0,3,3,0,3,0,0,0,0,2
212759,_musicologo,,2,0,2,2,0,2,0,0,0,0,2
212760,jowell1,,3,0,3,3,0,3,0,0,0,0,2
212771,joryreal,,2,0,2,2,0,2,0,0,0,0,6
212774,Randynotaloca,,3,0,3,3,0,3,0,0,0,0,2
212901,DavidGalavants,,2,0,2,2,0,2,0,0,0,0,7
213048,AnaheimDucks,,2,0,2,2,0,2,0,0,0,0,2
213058,SanJosePD,,2,0,2,2,0,2,0,0,0,0,2
213160,Caltrain,,2,0,2,2,0,2,0,0,0,0,2
213174,WildCaboTours,,2,0,2,2,0,2,0,0,0,0,4
213264,gilbertlefunk,,2,0,2,2,0,2,0,0,0,0,6
213319,umusic,,2,0,2,2,0,2,0,0,0,0,2
213432,TomorrowlandSPA,,2,0,2,2,0,2,0,0,0,0,2
213434,ElectMusicSpain,,3,0,3,3,0,3,0,0,0,0,6
213464,Divergent,,2,0,2,2,0,2,0,0,0,0,2
213466,iamclintmansell,,2,0,2,2,0,2,0,0,0,0,6
213479,PorcelainBlack,,2,0,2,2,0,2,0,0,0,0,3
213481,TheFray,,2,0,2,2,0,2,0,0,0,0,2
213514,AmyLeeEV,,3,0,3,3,0,3,0,0,0,0,3
213516,marilynmanson,,2,0,2,2,0,2,0,0,0,0,3
213520,michaelcalfan,,3,0,3,3,0,3,0,0,0,0,6
213526,younghollywood,,3,0,3,3,0,3,0,0,0,0,2
213549,curtsmith,,2,0,2,2,0,2,0,0,0,0,2
213551,gerardway,,2,0,2,2,0,2,0,0,0,0,2
213573,clockwork,,2,0,2,2,0,2,0,0,0,0,2
213594,TheEchoLA,,2,0,2,2,0,2,0,0,0,0,2
213604,HAIMtheband,,2,0,2,2,0,2,0,0,0,0,2
213625,robynkonichiwa,,3,0,3,3,0,3,0,0,0,0,5
213663,MarvinHumes,,2,0,2,2,0,2,0,0,0,0,2
213693,erikhassle,,2,0,2,2,0,2,0,0,0,0,2
213695,HYPEBEAST,,2,0,2,2,0,2,0,0,0,0,2
213734,DallasK,,2,0,2,2,0,2,0,0,0,0,2
213735,itsDannyJones,,2,0,2,2,0,2,0,0,0,0,2
213741,PuertoVallarta,,3,0,3,3,0,3,0,0,0,0,0
213757,JamesHadouken,,2,0,2,2,0,2,0,0,0,0,2
213906,HBOboxing,,2,0,2,2,0,2,0,0,0,0,2
213918,LAmag,,2,0,2,2,0,2,0,0,0,0,2
213919,LAist,,2,0,2,2,0,2,0,0,0,0,2
213922,derekfisher,,2,0,2,2,0,2,0,0,0,0,2
213923,MarkG_Medina,,2,0,2,2,0,2,0,0,0,0,2
213925,KamBrothers,,2,0,2,2,0,2,0,0,0,0,2
213928,LAWeekly,,2,0,2,2,0,2,0,0,0,0,2
213929,KTLAMorningNews,,2,0,2,2,0,2,0,0,0,0,2
213930,GDLA,,2,0,2,2,0,2,0,0,0,0,2
213931,KCBSKCALDesk,,2,0,2,2,0,2,0,0,0,0,2
213932,KTLAnewsdesk,,2,0,2,2,0,2,0,0,0,0,2
213933,FOXLA,,2,0,2,2,0,2,0,0,0,0,2
213934,CBSLA,,2,0,2,2,0,2,0,0,0,0,0
213939,GrunionGazette,,2,0,2,2,0,2,0,0,0,0,2
213941,presstelegram,,2,0,2,2,0,2,0,0,0,0,2
213943,DLBA,,2,0,2,2,0,2,0,0,0,0,2
213944,kogibbq,,2,0,2,2,0,2,0,0,0,0,2
213946,NBCLA,,2,0,2,2,0,2,0,0,0,0,2
213954,DailyBreezeNews,,2,0,2,2,0,2,0,0,0,0,2
213955,LongBeachPost,,2,0,2,2,0,2,0,0,0,0,2
213957,LongBeachCity,,2,0,2,2,0,2,0,0,0,0,2
213958,KTLA,,2,0,2,2,0,2,0,0,0,0,2
213959,ABC7,,2,0,2,2,0,2,0,0,0,0,0
213960,Dodgers,,2,0,2,2,0,2,0,0,0,0,2
213976,MarioRolls,,2,0,2,2,0,2,0,0,0,0,2
214145,michaelinhooo,,2,0,2,2,0,2,0,0,0,0,4
214162,cdippolito,,2,0,2,2,0,2,0,0,0,0,2
214164,Axel_Photo_Art,,2,0,2,2,0,2,0,0,0,0,4
214305,westfieldlondon,,2,0,2,2,0,2,0,0,0,0,2
214308,advertisingweek,,3,0,3,3,0,3,0,0,0,0,7
214332,FerrariUSA,,2,0,2,2,0,2,0,0,0,0,3
214334,metrolosangeles,,2,0,2,2,0,2,0,0,0,0,2
214335,EmiratesFACup,,2,0,2,2,0,2,0,0,0,0,5
214337,LiveSmart,,2,0,2,2,0,2,0,0,0,0,2
214339,CNETNews,,3,0,3,3,0,3,0,0,0,0,2
214340,KFIAM640,,2,0,2,2,0,2,0,0,0,0,2
214343,PlaylistLive,,2,0,2,2,0,2,0,0,0,0,2
214349,ashleygraham,,2,0,2,2,0,2,0,0,0,0,2
214355,JMP_Gaming,,2,0,2,2,0,2,0,0,0,0,2
214363,teamfolobck,,2,0,2,2,0,2,0,0,0,0,2
214370,naseralomar,,2,0,2,2,0,2,0,0,0,0,0
214371,closed1001,,2,0,2,2,0,2,0,0,0,0,0
214376,awadalqarni,,2,0,2,2,0,2,0,0,0,0,0
214378,mshinqiti,,2,0,2,2,0,2,0,0,0,0,5
214384,YZaatreh,,2,0,2,2,0,2,0,0,0,0,5
214635,jaywilk,,2,0,2,2,0,2,0,0,0,0,3
214651,Mark_Carey,,2,0,2,2,0,2,0,0,0,0,2
214868,Seminarboerse,,2,0,2,2,0,2,0,0,0,0,1
214874,VideoMasterplan,,2,0,2,2,0,2,0,0,0,0,1
214999,ofertasjuegoses,,2,0,2,2,0,2,0,0,0,0,2
215003,ElSekto,,2,0,2,2,0,2,0,0,0,0,5
215006,FlightMediaCo,,2,0,2,2,0,2,0,0,0,0,2
215017,EpicReads,,2,0,2,2,0,2,0,0,0,0,2
215019,harperteen,,2,0,2,2,0,2,0,0,0,0,2
215021,ScribnerBooks,,2,0,2,2,0,2,0,0,0,0,2
215024,HarperCollins,,2,0,2,2,0,2,0,0,0,0,2
215026,simonschuster,,2,0,2,2,0,2,0,0,0,0,2
215185,armano,,2,0,2,2,0,2,0,0,0,0,2
215187,shivsingh,,2,0,2,2,0,2,0,0,0,0,2
215188,jowyang,,2,0,2,2,0,2,0,0,0,0,2
215217,JeremyScrivens,,3,0,3,3,0,3,0,0,0,0,2
215316,bbcmtd,,2,0,2,2,0,2,0,0,0,0,2
215337,itvfootball,,2,0,2,2,0,2,0,0,0,0,2
215354,HSBC,,2,0,2,2,0,2,0,0,0,0,2
215364,UNDPLive,,3,0,3,3,0,3,0,0,0,0,2
215365,AilbheConneely,,2,0,2,2,0,2,0,0,0,0,1
215366,PrettyGreenltd,,2,0,2,2,0,2,0,0,0,0,3
215371,IBTimesUK,,2,0,2,2,0,2,0,0,0,0,2
215373,FaberBooks,,2,0,2,2,0,2,0,0,0,0,2
215424,RDNMYcreatorsFR,,2,0,2,2,0,2,0,0,0,0,3
215840,billyjohnsonjr,,2,0,2,2,0,2,0,0,0,0,2
215843,DALLASAUSTIN,,2,0,2,2,0,2,0,0,0,0,2
215850,thisisheart,,2,0,2,2,0,2,0,0,0,0,2
215865,ICOwiki,,2,0,2,2,0,2,0,0,0,0,0
215880,ENERGYRussia,,2,0,2,2,0,2,0,0,0,0,2
215885,davi_us,,2,0,2,2,0,2,0,0,0,0,2
215889,nicolas___jaar,,2,0,2,2,0,2,0,0,0,0,1
215902,kevin,,2,0,2,2,0,2,0,0,0,0,2
215924,snowpatrol,,2,0,2,2,0,2,0,0,0,0,2
215950,switchfoot,,2,0,2,2,0,2,0,0,0,0,2
215981,TwitterMusicJP,,2,0,2,2,0,2,0,0,0,0,2
215991,TimesSquareNYC,,3,0,3,3,0,3,0,0,0,0,0
216056,Gremio_Sombras,,3,0,3,3,0,3,0,0,0,0,2
216057,assassinsspain,,3,0,3,3,0,3,0,0,0,0,2
216058,revisplaymania,,2,0,2,2,0,2,0,0,0,0,2
216059,VandalOnline,,3,0,3,3,0,3,0,0,0,0,6
216061,javisoap,,2,0,2,2,0,2,0,0,0,0,6
216065,Mundogamers,,3,0,3,3,0,3,0,0,0,0,2
216068,xavirobles,,2,0,2,2,0,2,0,0,0,0,6
216071,AjarePink,,2,0,2,2,0,2,0,0,0,0,2
216077,galious_epi,,2,0,2,2,0,2,0,0,0,0,2
216082,gamesajare,,2,0,2,2,0,2,0,0,0,0,2
216088,Andresito_epi,,2,0,2,2,0,2,0,0,0,0,2
216094,elpixelilustre,,2,0,2,2,0,2,0,0,0,0,2
216106,thesharkrider,,2,0,2,2,0,2,0,0,0,0,2
216119,FRaN_FeRRiZ,,3,0,3,3,0,3,0,0,0,0,0
216137,dev_es,,2,0,2,2,0,2,0,0,0,0,0
216203,digitalmusicnws,,2,0,2,2,0,2,0,0,0,0,2
216228,Scroobiuspipyo,,2,0,2,2,0,2,0,0,0,0,2
216235,ApacheAurora,,2,0,2,2,0,2,0,0,0,0,1
216239,kubernetesio,,2,0,2,2,0,2,0,0,0,0,8
216240,OpenStack,,2,0,2,2,0,2,0,0,0,0,2
216245,thewiremagazine,,2,0,2,2,0,2,0,0,0,0,0
216247,stereogum,,2,0,2,2,0,2,0,0,0,0,3
216257,theQuietus,,2,0,2,2,0,2,0,0,0,0,3
216277,edrelf,,2,0,2,2,0,2,0,0,0,0,1
216299,NazBaloch_,,2,0,2,2,0,2,0,0,0,0,2
216300,MuradSaeedPTI,,2,0,2,2,0,2,0,0,0,0,2
216301,ArifAlvi,,2,0,2,2,0,2,0,0,0,0,2
216304,ShireenMazari1,,2,0,2,2,0,2,0,0,0,0,2
216306,SMQureshiPTI,,2,0,2,2,0,2,0,0,0,0,2
216307,Shafqat_Mahmood,,2,0,2,2,0,2,0,0,0,0,2
216308,FauziaKasuri,,2,0,2,2,0,2,0,0,0,0,2
216309,JahangirKTareen,,2,0,2,2,0,2,0,0,0,0,2
216312,FaisalJavedKhan,,2,0,2,2,0,2,0,0,0,0,2
216328,AnjumIqbalPTI,,2,0,2,2,0,2,0,0,0,0,2
216368,byH_Leitenbauer,,2,0,2,2,0,2,0,0,0,0,6
216489,ChelovecoAlex,,2,0,2,2,0,2,0,0,0,0,6
216493,Patriciomonero,,2,0,2,2,0,2,0,0,0,0,4
216495,fisgonmonero,,2,0,2,2,0,2,0,0,0,0,4
216496,monerohernandez,,2,0,2,2,0,2,0,0,0,0,4
216498,Sector_404,,2,0,2,2,0,2,0,0,0,0,0
216500,IberoAnon,,2,0,2,2,0,2,0,0,0,0,0
216502,Spaceprogrammer,,3,0,3,3,0,3,0,0,0,0,2
216504,LegionJJ,,2,0,2,2,0,2,0,0,0,0,0
216505,Ibero_Anon,,2,0,2,2,0,2,0,0,0,0,0
216506,AnonymousMex_,,2,0,2,2,0,2,0,0,0,0,0
216507,Claudiashein,,3,0,3,3,0,3,0,0,0,0,2
216510,anonopshispano,,2,0,2,2,0,2,0,0,0,0,0
216517,TriptoFainus,,3,0,3,3,0,3,0,0,0,0,0
216519,TuiteraMx,,2,0,2,2,0,2,0,0,0,0,7
216538,TeleProperty,,3,0,3,3,0,3,0,0,0,0,3
216657,LaRadioDelGolf,,2,0,2,2,0,2,0,0,0,0,0
216696,vfourneyron,,2,0,2,2,0,2,0,0,0,0,8
216705,MarqueBretagne,,2,0,2,2,0,2,0,0,0,0,1
216713,aurelifil,,3,0,3,3,0,3,0,0,0,0,8
216715,CecileDuflot,,3,0,3,3,0,3,0,0,0,0,2
216718,danycohnbendit,,2,0,2,2,0,2,0,0,0,0,2
216736,CRT_Bretagne,,2,0,2,2,0,2,0,0,0,0,1
216739,pascalcherki,,2,0,2,2,0,2,0,0,0,0,1
216740,JYCaullet,,2,0,2,2,0,2,0,0,0,0,1
216743,AlexisBachelay,,2,0,2,2,0,2,0,0,0,0,1
216744,LesChampsLibres,,2,0,2,2,0,2,0,0,0,0,1
216749,yanngalut,,2,0,2,2,0,2,0,0,0,0,1
216750,SergioCoronado,,2,0,2,2,0,2,0,0,0,0,1
216753,F_Verdier,,2,0,2,2,0,2,0,0,0,0,1
216756,CamiAllain,,2,0,2,2,0,2,0,0,0,0,7
216761,PatricePrat,,2,0,2,2,0,2,0,0,0,0,1
216762,erwannbinet,,2,0,2,2,0,2,0,0,0,0,1
216768,FrancoisAndre35,,2,0,2,2,0,2,0,0,0,0,1
216769,ma_chapdelaine,,2,0,2,2,0,2,0,0,0,0,1
216770,marcelrogemont,,2,0,2,2,0,2,0,0,0,0,1
216773,nathalieappere,,2,0,2,2,0,2,0,0,0,0,1
216777,regionbretagne,,2,0,2,2,0,2,0,0,0,0,1
216785,TVR35,,2,0,2,2,0,2,0,0,0,0,1
216807,BordeauxTourism,,2,0,2,2,0,2,0,0,0,0,1
216830,ALaffontFI,,2,0,2,2,0,2,0,0,0,0,1
216831,chainedespuys,,2,0,2,2,0,2,0,0,0,0,1
216835,olivierbianchi1,,2,0,2,2,0,2,0,0,0,0,1
216838,Eauvergnat,,2,0,2,2,0,2,0,0,0,0,1
216841,lamontagne_fr,,2,0,2,2,0,2,0,0,0,0,1
216843,RegardsVieAuver,,2,0,2,2,0,2,0,0,0,0,1
216844,cantalauvergne,,2,0,2,2,0,2,0,0,0,0,1
216845,FBAuvergne,,2,0,2,2,0,2,0,0,0,0,1
216846,F3Auvergne,,2,0,2,2,0,2,0,0,0,0,1
216847,ClermontFd,,2,0,2,2,0,2,0,0,0,0,1
216849,Auvergne,,2,0,2,2,0,2,0,0,0,0,1
216850,Cyberbougnat,,2,0,2,2,0,2,0,0,0,0,1
216855,auvergne_infos,,2,0,2,2,0,2,0,0,0,0,1
217034,ConteAndroid,,2,0,2,2,0,2,0,0,0,0,6
217048,UrbanNewsReport,,2,0,2,2,0,2,0,0,0,0,4
217061,Djwaynebeatz,,2,0,2,2,0,2,0,0,0,0,6
217156,Ferry_Godmother,,2,0,2,2,0,2,0,0,0,0,6
217228,msbgu,,3,0,3,3,0,3,0,0,0,0,0
217250,Ginsterbabe,,2,0,2,2,0,2,0,0,0,0,2
217259,basecamp,,2,0,2,2,0,2,0,0,0,0,8
217262,ruby_news,,2,0,2,2,0,2,0,0,0,0,8
217263,heroku,,3,0,3,3,0,3,0,0,0,0,3
217265,RubyInside,,2,0,2,2,0,2,0,0,0,0,7
217267,tenderlove,,2,0,2,2,0,2,0,0,0,0,8
217269,thecleancoders,,2,0,2,2,0,2,0,0,0,0,8
217270,martinfowler,,3,0,3,3,0,3,0,0,0,0,8
217273,unclebobmartin,,2,0,2,2,0,2,0,0,0,0,8
217275,WardCunningham,,2,0,2,2,0,2,0,0,0,0,8
217276,KentBeck,,2,0,2,2,0,2,0,0,0,0,8
217283,ScrumAlliance,,2,0,2,2,0,2,0,0,0,0,8
217285,Scrumdotorg,,2,0,2,2,0,2,0,0,0,0,8
217286,jeffsutherland,,2,0,2,2,0,2,0,0,0,0,8
217293,Mind_Tools,,2,0,2,2,0,2,0,0,0,0,2
217296,RachelRofe,,2,0,2,2,0,2,0,0,0,0,2
217365,AdrianaCioci,,2,0,2,2,0,2,0,0,0,0,2
217367,geminicat7,,2,0,2,2,0,2,0,0,0,0,2
217368,hutterdesign,,2,0,2,2,0,2,0,0,0,0,0
217369,Biagio960,,2,0,2,2,0,2,0,0,0,0,3
217370,AndreaNiloc,,2,0,2,2,0,2,0,0,0,0,2
217385,AlessandroForn6,,2,0,2,2,0,2,0,0,0,0,2
217418,dantalevski,,2,0,2,2,0,2,0,0,0,0,0
217450,HBSoulStains,,2,0,2,2,0,2,0,0,0,0,2
217480,ziggymarley,,3,0,3,3,0,3,0,0,0,0,2
217495,BBMAs,,2,0,2,2,0,2,0,0,0,0,0
217496,MatthewPerry,,3,0,3,3,0,3,0,0,0,0,2
217497,LisaLoeb,,2,0,2,2,0,2,0,0,0,0,0
217498,kirstendunst,,2,0,2,2,0,2,0,0,0,0,5
217503,bryanadams,,2,0,2,2,0,2,0,0,0,0,0
217505,KarmatekMusic,,2,0,2,2,0,2,0,0,0,0,2
217515,EonlineLatino,,2,0,2,2,0,2,0,0,0,0,7
217516,LatinBillboards,,3,0,3,3,0,3,0,0,0,0,0
217522,HRHIbiza,,4,0,4,4,0,4,0,0,0,0,2
217536,boniver,,2,0,2,2,0,2,0,0,0,0,2
217542,tompeterodell,,2,0,2,2,0,2,0,0,0,0,2
217549,drdre,,2,0,2,2,0,2,0,0,0,0,2
217577,thepalladium,,2,0,2,2,0,2,0,0,0,0,2
217578,LFanzine,,2,0,2,2,0,2,0,0,0,0,4
217585,aboutdotme,,2,0,2,2,0,2,0,0,0,0,7
217618,SoftwareDvlpmnt,,2,0,2,2,0,2,0,0,0,0,0
217671,FollowBackJonny,,2,0,2,2,0,2,0,0,0,0,2
217914,BeyLegion,,2,0,2,2,0,2,0,0,0,0,5
217957,ToddAdkins,,2,0,2,2,0,2,0,0,0,0,2
218367,hcltech,,2,0,2,2,0,2,0,0,0,0,1
218368,Wipro,,3,0,3,3,0,3,0,0,0,0,0
218371,TCS,,2,0,2,2,0,2,0,0,0,0,1
218373,Infosys,,2,0,2,2,0,2,0,0,0,0,1
218382,TataCompanies,,3,0,3,3,0,3,0,0,0,0,2
218448,vpieters,,2,0,2,2,0,2,0,0,0,0,2
218555,bbcchinese,,2,0,2,2,0,2,0,0,0,0,1
218556,AssaadRazzouk,,2,0,2,2,0,2,0,0,0,0,1
218649,OracleDX,,2,0,2,2,0,2,0,0,0,0,2
218657,SQLServer,,2,0,2,2,0,2,0,0,0,0,1
218666,5050RecordLabel,,2,0,2,2,0,2,0,0,0,0,6
218713,WynnLasVegas,,3,0,3,3,0,3,0,0,0,0,7
218715,VenetianVegas,,2,0,2,2,0,2,0,0,0,0,2
218716,CasinoHostVegas,,2,0,2,2,0,2,0,0,0,0,0
218750,YaleSOM,,3,0,3,3,0,3,0,0,0,0,2
218751,ColumbiaMBA,,2,0,2,2,0,2,0,0,0,0,2
218752,whartonknows,,3,0,3,3,0,3,0,0,0,0,2
218753,INSEADKnowledge,,3,0,3,3,0,3,0,0,0,0,1
218754,INSEAD,,3,0,3,3,0,3,0,0,0,0,1
218758,LBS,,3,0,3,3,0,3,0,0,0,0,2
218759,OxfordMBA,,2,0,2,2,0,2,0,0,0,0,2
218762,OxfordSBS,,3,0,3,3,0,3,0,0,0,0,2
218813,SteNesliFan,,2,0,2,2,0,2,0,0,0,0,3
218875,PrestaLucio,,3,0,3,3,0,3,0,0,0,0,3
218876,vascorossi,,3,0,3,3,0,3,0,0,0,0,3
218902,brandingathlete,,2,0,2,2,0,2,0,0,0,0,7
218911,NewCuIture,,2,0,2,2,0,2,0,0,0,0,8
218972,maxiheadroom,,2,0,2,2,0,2,0,0,0,0,6
219103,bobbylaneuk,,2,0,2,2,0,2,0,0,0,0,2
219119,japantimes,,2,0,2,2,0,2,0,0,0,0,4
219172,olesovhcom,,2,0,2,2,0,2,0,0,0,0,8
219173,digitalocean,,3,0,3,3,0,3,0,0,0,0,3
219174,KimDotcom,,3,0,3,3,0,3,0,0,0,0,3
219182,Vultr,,3,0,3,3,0,3,0,0,0,0,1
219207,zriha,,2,0,2,2,0,2,0,0,0,0,2
219217,cyberkoza,,2,0,2,2,0,2,0,0,0,0,2
219230,Simonovsky,,2,0,2,2,0,2,0,0,0,0,0
219269,BrownBoxBrandWA,,2,0,2,2,0,2,0,0,0,0,2
219271,Videopath,,2,0,2,2,0,2,0,0,0,0,1
219412,IndieCade,,3,0,3,3,0,3,0,0,0,0,2
219497,LCSToday,,2,0,2,2,0,2,0,0,0,0,1
219498,CancunForos,,2,0,2,2,0,2,0,0,0,0,2
219524,EuropaPlus,,2,0,2,2,0,2,0,0,0,0,2
219531,MamboBrothers,,2,0,2,2,0,2,0,0,0,0,2
219567,HechosAM,,2,0,2,2,0,2,0,0,0,0,2
219576,los40mx,,2,0,2,2,0,2,0,0,0,0,2
219601,SpotifyMexico,,2,0,2,2,0,2,0,0,0,0,4
219612,yaparateoficial,,3,0,3,3,0,3,0,0,0,0,2
219613,Depelicula40,,2,0,2,2,0,2,0,0,0,0,0
219614,eltlacuache40,,2,0,2,2,0,2,0,0,0,0,2
219615,lacornetafm,,3,0,3,3,0,3,0,0,0,0,2
219617,elwesomx,,2,0,2,2,0,2,0,0,0,0,2
219641,Canadanightlife,,2,0,2,2,0,2,0,0,0,0,7
219701,funradio_fr,,2,0,2,2,0,2,0,0,0,0,7
219736,RondaRousey,,2,0,2,2,0,2,0,0,0,0,2
219745,ufc,,2,0,2,2,0,2,0,0,0,0,2
219880,Alemalanca,,3,0,3,3,0,3,0,0,0,0,3
219881,LicataSonya,,2,0,2,2,0,2,0,0,0,0,3
219899,mauroeusebio1,,2,0,2,2,0,2,0,0,0,0,3
219913,TwittGiorgio,,2,0,2,2,0,2,0,0,0,0,3
219921,delfyn0,,2,0,2,2,0,2,0,0,0,0,2
220093,FundMVSRadio,,2,0,2,2,0,2,0,0,0,0,4
220094,AudideMexico,,2,0,2,2,0,2,0,0,0,0,2
220143,vivaonline,,2,0,2,2,0,2,0,0,0,0,2
220160,KISSFM_es,,3,0,3,3,0,3,0,0,0,0,6
220251,AlexOsterwalder,,2,0,2,2,0,2,0,0,0,0,3
220254,mashstartups,,3,0,3,3,0,3,0,0,0,0,3
220260,blogtrepreneur,,2,0,2,2,0,2,0,0,0,0,0
220263,adamdoolittle,,2,0,2,2,0,2,0,0,0,0,2
220264,foundr,,2,0,2,2,0,2,0,0,0,0,0
220273,LadyBitterHoney,,2,0,2,2,0,2,0,0,0,0,3
220613,TodoMotorVe,,3,0,3,3,0,3,0,0,0,0,4
220634,RT2EAT,,2,0,2,2,0,2,0,0,0,0,2
220981,1DHiatusNews,,2,0,2,2,0,2,0,0,0,0,7
220994,BarclaysFAWSL,,2,0,2,2,0,2,0,0,0,0,3
220996,PentagonPresSec,,2,0,2,2,0,2,0,0,0,0,1
221000,VisitNewOrleans,,2,0,2,2,0,2,0,0,0,0,0
221001,bwin,,2,0,2,2,0,2,0,0,0,0,2
221002,sainsburys,,2,0,2,2,0,2,0,0,0,0,2
221003,BoF,,3,0,3,3,0,3,0,0,0,0,2
221106,Crashingtv,,2,0,2,2,0,2,0,0,0,0,6
221108,day9tv,,2,0,2,2,0,2,0,0,0,0,2
221113,TVBrasil,,3,0,3,3,0,3,0,0,0,0,1
221136,NFTSFilmTV,,2,0,2,2,0,2,0,0,0,0,1
221141,ShadowhuntersTV,,2,0,2,2,0,2,0,0,0,0,2
221290,SmartRecruiters,,2,0,2,2,0,2,0,0,0,0,2
221303,ParseIt,,2,0,2,2,0,2,0,0,0,0,7
221308,DataPortalIndia,,2,0,2,2,0,2,0,0,0,0,2
221328,Domotalk,,2,0,2,2,0,2,0,0,0,0,2
221339,AbuDhabiMedia,,2,0,2,2,0,2,0,0,0,0,2
221506,FootbalIStuff,,2,0,2,2,0,2,0,0,0,0,6
221530,Reading_Deals,,2,0,2,2,0,2,0,0,0,0,1
221533,cgsultan1,,2,0,2,2,0,2,0,0,0,0,1
221603,artfinder,,2,0,2,2,0,2,0,0,0,0,0
221604,Start_Artist,,2,0,2,2,0,2,0,0,0,0,0
221644,AgricolaLavinia,,2,0,2,2,0,2,0,0,0,0,3
221670,mdigitalplan,,2,0,2,2,0,2,0,0,0,0,0
221705,UKBusinessFunds,,2,0,2,2,0,2,0,0,0,0,2
221796,RadioCity967,,2,0,2,2,0,2,0,0,0,0,3
221823,MTV_Germany,,2,0,2,2,0,2,0,0,0,0,2
221856,NetflixLAT,,3,0,3,3,0,3,0,0,0,0,2
221895,OliverSacks,,2,0,2,2,0,2,0,0,0,0,1
221927,thehitsofficial,,2,0,2,2,0,2,0,0,0,0,1
221931,sanluispotosimx,,2,0,2,2,0,2,0,0,0,0,4
221952,Hit_FM,,3,0,3,3,0,3,0,0,0,0,2
221960,fundaciontelmex,,3,0,3,3,0,3,0,0,0,0,2
221972,EDM_Tube,,2,0,2,2,0,2,0,0,0,0,6
221980,4Music,,2,0,2,2,0,2,0,0,0,0,2
222006,SRplatform,,2,0,2,2,0,2,0,0,0,0,2
222028,MovistarArg,,2,0,2,2,0,2,0,0,0,0,2
222051,nove,,2,0,2,2,0,2,0,0,0,0,3
222053,MTVPolska,,2,0,2,2,0,2,0,0,0,0,3
222060,DKissTV,,2,0,2,2,0,2,0,0,0,0,2
222280,Unilever,,3,0,3,3,0,3,0,0,0,0,7
222292,RosaforteGolf,,2,0,2,2,0,2,0,0,0,0,0
222294,PGA,,2,0,2,2,0,2,0,0,0,0,0
222296,PGANewsFeed,,2,0,2,2,0,2,0,0,0,0,0
222297,golfweek,,2,0,2,2,0,2,0,0,0,0,0
222298,ESPNGolf,,2,0,2,2,0,2,0,0,0,0,0
222299,GOLF_com,,2,0,2,2,0,2,0,0,0,0,0
222301,GolfWorld,,2,0,2,2,0,2,0,0,0,0,0
222389,lsn_jobs,,2,0,2,2,0,2,0,0,0,0,1
222429,RSALHT,,2,0,2,2,0,2,0,0,0,0,8
222464,GolfChannel,,2,0,2,2,0,2,0,0,0,0,0
222465,PGATOUR,,3,0,3,3,0,3,0,0,0,0,2
222471,TitleistonTour,,2,0,2,2,0,2,0,0,0,0,7
222473,nikegolf,,2,0,2,2,0,2,0,0,0,0,0
222485,PingTour,,3,0,3,3,0,3,0,0,0,0,0
222494,CallawayGolf,,2,0,2,2,0,2,0,0,0,0,0
222496,Titleist,,2,0,2,2,0,2,0,0,0,0,0
222510,TaylorMadeGolf,,2,0,2,2,0,2,0,0,0,0,0
222517,RyderCupEurope,,2,0,2,2,0,2,0,0,0,0,0
222518,adidasGolf,,2,0,2,2,0,2,0,0,0,0,0
222519,CallawayGolfEU,,2,0,2,2,0,2,0,0,0,0,0
222520,TheOpen,,2,0,2,2,0,2,0,0,0,0,0
222523,GolfMonthly,,2,0,2,2,0,2,0,0,0,0,0
222532,TaylorMadeTour,,2,0,2,2,0,2,0,0,0,0,7
222533,SkySportsGolf,,3,0,3,3,0,3,0,0,0,0,0
222537,GolfWorld1,,2,0,2,2,0,2,0,0,0,0,0
222567,AdventuresNurse,,2,0,2,2,0,2,0,0,0,0,2
222584,EDMExclusivesMx,,2,0,2,2,0,2,0,0,0,0,0
222589,yisvcrist,,3,0,3,3,0,3,0,0,0,0,5
222591,sampepper,,3,0,3,3,0,3,0,0,0,0,0
222624,CorksRedFM,,3,0,3,3,0,3,0,0,0,0,7
222627,C103Cork,,3,0,3,3,0,3,0,0,0,0,7
222696,lamegacali,,2,0,2,2,0,2,0,0,0,0,2
222725,Vegas,,2,0,2,2,0,2,0,0,0,0,0
222754,ninoconbarba,,2,0,2,2,0,2,0,0,0,0,2
222870,989THEDRIVE,,2,0,2,2,0,2,0,0,0,0,2
222892,bayern3,,2,0,2,2,0,2,0,0,0,0,1
222917,finkd,,3,0,3,3,0,3,0,0,0,0,3
222918,Chad_Hurley,,3,0,3,3,0,3,0,0,0,0,4
222929,arturoelias,,3,0,3,3,0,3,0,0,0,0,2
222933,billiejoe,,3,0,3,3,0,3,0,0,0,0,3
222937,AztecaSiete,,2,0,2,2,0,2,0,0,0,0,2
222939,SERGESEPULVEDA,,2,0,2,2,0,2,0,0,0,0,0
222941,MAU_MANCERA,,2,0,2,2,0,2,0,0,0,0,4
222944,ChapoyPati,,2,0,2,2,0,2,0,0,0,0,2
222947,gamingnetmx,,2,0,2,2,0,2,0,0,0,0,2
222960,VengaLaAlegria,,2,0,2,2,0,2,0,0,0,0,2
222962,Univision,,3,0,3,3,0,3,0,0,0,0,2
222963,Telemundo,,3,0,3,3,0,3,0,0,0,0,2
222969,maxjoseph,,3,0,3,3,0,3,0,0,0,0,3
222971,VivoEnCancun,,2,0,2,2,0,2,0,0,0,0,4
222990,ANT1TV,,2,0,2,2,0,2,0,0,0,0,2
222993,madtv,,2,0,2,2,0,2,0,0,0,0,2
223008,VirginRadioDXB,,2,0,2,2,0,2,0,0,0,0,2
223044,BBCCymruFyw,,2,0,2,2,0,2,0,0,0,0,3
223052,AshleyNHorne,,2,0,2,2,0,2,0,0,0,0,2
223065,HeartSussex,,2,0,2,2,0,2,0,0,0,0,1
223068,40ChileOficial,,2,0,2,2,0,2,0,0,0,0,2
223082,HolidayGymRadio,,3,0,3,3,0,3,0,0,0,0,6
223089,senstweet,,2,0,2,2,0,2,0,0,0,0,2
223102,train,,2,0,2,2,0,2,0,0,0,0,2
223110,ZoologicoCLUB_,,3,0,3,3,0,3,0,0,0,0,4
223119,Jawhara_FM,,2,0,2,2,0,2,0,0,0,0,8
223143,UnicunShop,,2,0,2,2,0,2,0,0,0,0,0
223157,dessadarling,,2,0,2,2,0,2,0,0,0,0,0
223420,MADradio,,2,0,2,2,0,2,0,0,0,0,2
223473,Metro951,,2,0,2,2,0,2,0,0,0,0,2
223485,RadioOne1037,,2,0,2,2,0,2,0,0,0,0,0
223497,WHotels,,2,0,2,2,0,2,0,0,0,0,0
223504,natimbruglia,,2,0,2,2,0,2,0,0,0,0,3
223533,rudymancuso,,2,0,2,2,0,2,0,0,0,0,2
223542,spin1038,,2,0,2,2,0,2,0,0,0,0,1
223547,RadioASFM,,2,0,2,2,0,2,0,0,0,0,2
223582,hardrockfm,,2,0,2,2,0,2,0,0,0,0,2
223588,UltraFlix_4K_TV,,2,0,2,2,0,2,0,0,0,0,0
223610,spg,,2,0,2,2,0,2,0,0,0,0,0
223612,Nissan_mx,,2,0,2,2,0,2,0,0,0,0,2
223615,Notimex,,2,0,2,2,0,2,0,0,0,0,4
223616,genevievemorton,,2,0,2,2,0,2,0,0,0,0,2
223626,TantrumJas,,2,0,2,2,0,2,0,0,0,0,2
223628,gavinjames,,2,0,2,2,0,2,0,0,0,0,7
223672,TamaraVargasOf,,2,0,2,2,0,2,0,0,0,0,2
223678,lagarra,,2,0,2,2,0,2,0,0,0,0,2
223679,marthadebayle,,3,0,3,3,0,3,0,0,0,0,2
223685,EXAMERIDA,,2,0,2,2,0,2,0,0,0,0,4
223693,SHANIK_ASPE,,2,0,2,2,0,2,0,0,0,0,2
223707,jescirio,,2,0,2,2,0,2,0,0,0,0,2
223732,DavidVonderhaar,,2,0,2,2,0,2,0,0,0,0,2
223740,geoffkeighley,,2,0,2,2,0,2,0,0,0,0,6
223751,EfemerideDelDia,,2,0,2,2,0,2,0,0,0,0,2
223759,933FLZ,,2,0,2,2,0,2,0,0,0,0,3
223774,SPINSouthWest,,2,0,2,2,0,2,0,0,0,0,1
223791,IAmAlanWalker,,2,0,2,2,0,2,0,0,0,0,2
223795,HorbachBonnie,,2,0,2,2,0,2,0,0,0,0,1
223798,Vegascom,,3,0,3,3,0,3,0,0,0,0,6
223801,marshmellomusic,,2,0,2,2,0,2,0,0,0,0,2
223819,SonyMusicArg,,2,0,2,2,0,2,0,0,0,0,2
223899,iStock,,2,0,2,2,0,2,0,0,0,0,2
223938,VirginAustralia,,3,0,3,3,0,3,0,0,0,0,7
223939,LNER,,2,0,2,2,0,2,0,0,0,0,2
223941,virginmedia,,2,0,2,2,0,2,0,0,0,0,2
223942,Virgin,,2,0,2,2,0,2,0,0,0,0,6
224004,NikkiLeighxo,,2,0,2,2,0,2,0,0,0,0,2
224017,maudegarrett,,2,0,2,2,0,2,0,0,0,0,2
224027,therealTiffany,,2,0,2,2,0,2,0,0,0,0,2
224029,jameelajamil,,2,0,2,2,0,2,0,0,0,0,2
224031,RicBucher,,2,0,2,2,0,2,0,0,0,0,2
224035,mariamenounos,,2,0,2,2,0,2,0,0,0,0,2
224201,mrdanwalker,,2,0,2,2,0,2,0,0,0,0,2
224244,bobbyfriction,,2,0,2,2,0,2,0,0,0,0,0
224253,BBCNewsbeat,,2,0,2,2,0,2,0,0,0,0,3
224257,MattEdmondson,,2,0,2,2,0,2,0,0,0,0,2
224260,davidvitty,,2,0,2,2,0,2,0,0,0,0,0
224263,TinaDaheley,,2,0,2,2,0,2,0,0,0,0,2
224271,antonytorzec,,2,0,2,2,0,2,0,0,0,0,1
224482,PlanetEDM,,2,0,2,2,0,2,0,0,0,0,2
224530,AMC_TV,,2,0,2,2,0,2,0,0,0,0,3
224533,guardianTV,,2,0,2,2,0,2,0,0,0,0,3
224571,yosoymexicano,,2,0,2,2,0,2,0,0,0,0,4
224578,Faitelson_ESPN,,3,0,3,3,0,3,0,0,0,0,2
224585,UNICEF_Moz,,2,0,2,2,0,2,0,0,0,0,2
224622,bonrotllo,,2,0,2,2,0,2,0,0,0,0,0
224654,CosimaGill,,2,0,2,2,0,2,0,0,0,0,1
224663,pedro_taveira,,2,0,2,2,0,2,0,0,0,0,0
224722,ExeterCouncil,,2,0,2,2,0,2,0,0,0,0,0
224730,dfat,,3,0,3,3,0,3,0,0,0,0,2
224735,WrestleMania,,2,0,2,2,0,2,0,0,0,0,2
224738,autosport,,2,0,2,2,0,2,0,0,0,0,2
224741,dubsmash,,2,0,2,2,0,2,0,0,0,0,2
224743,Yelp,,3,0,3,3,0,3,0,0,0,0,5
224813,AngryBirds,,2,0,2,2,0,2,0,0,0,0,2
224852,Guypied,,2,0,2,2,0,2,0,0,0,0,3
224940,lpoolcouncil,,3,0,3,3,0,3,0,0,0,0,1
224959,ryan_scott,,2,0,2,2,0,2,0,0,0,0,7
225039,Roypovar,,2,0,2,2,0,2,0,0,0,0,2
225143,GeniuxDesign,,2,0,2,2,0,2,0,0,0,0,3
225264,SimonaBellocci,,2,0,2,2,0,2,0,0,0,0,3
225311,textmaster,,2,0,2,2,0,2,0,0,0,0,3
225324,BetfairExchange,,2,0,2,2,0,2,0,0,0,0,1
225327,utterlycontent,,2,0,2,2,0,2,0,0,0,0,2
225340,EAMaddenNFL,,2,0,2,2,0,2,0,0,0,0,1
225374,ventmove_us,,2,0,2,2,0,2,0,0,0,0,2
225586,musicandcolor,,2,0,2,2,0,2,0,0,0,0,0
225698,NYNYVegas,,2,0,2,2,0,2,0,0,0,0,0
225699,LuxorLV,,2,0,2,2,0,2,0,0,0,0,0
225705,Bellagio,,2,0,2,2,0,2,0,0,0,0,2
225987,IgDelGar,,2,0,2,2,0,2,0,0,0,0,0
226010,_TheFamily,,2,0,2,2,0,2,0,0,0,0,1
226042,quentinfelice,,2,0,2,2,0,2,0,0,0,0,1
226114,CH_Environment,,2,0,2,2,0,2,0,0,0,0,1
226136,tweethouse,,2,0,2,2,0,2,0,0,0,0,2
226137,ChatsworthHouse,,2,0,2,2,0,2,0,0,0,0,2
226143,Tin_House,,2,0,2,2,0,2,0,0,0,0,2
226156,HouseOfVansLDN,,3,0,3,3,0,3,0,0,0,0,2
226208,ferlelo,,2,0,2,2,0,2,0,0,0,0,4
226215,ShelliTrung,,2,0,2,2,0,2,0,0,0,0,2
226272,KCET,,2,0,2,2,0,2,0,0,0,0,2
226300,BBCNottingham,,2,0,2,2,0,2,0,0,0,0,1
226313,EpicGames,,3,0,3,3,0,3,0,0,0,0,2
226317,TwitterDev,,2,0,2,2,0,2,0,0,0,0,3
226318,JamesKosur,,2,0,2,2,0,2,0,0,0,0,2
226474,livebasketball,,2,0,2,2,0,2,0,0,0,0,2
226535,tkylemac,,2,0,2,2,0,2,0,0,0,0,7
226542,StyleHaul,,2,0,2,2,0,2,0,0,0,0,2
226593,coxbusiness,,2,0,2,2,0,2,0,0,0,0,0
226603,yourpropertypal,,2,0,2,2,0,2,0,0,0,0,2
226604,afhitcom,,3,0,3,3,0,3,0,0,0,0,2
226736,edifyingmatter,,2,0,2,2,0,2,0,0,0,0,3
226745,ctripputi,,2,0,2,2,0,2,0,0,0,0,2
226760,DrAlvaroAElorza,,2,0,2,2,0,2,0,0,0,0,6
226814,wegacha,,2,0,2,2,0,2,0,0,0,0,6
226824,FridgeBusiness,,2,0,2,2,0,2,0,0,0,0,2
226834,LerLerChan,,2,0,2,2,0,2,0,0,0,0,1
226862,EmilieFermeuse,,2,0,2,2,0,2,0,0,0,0,7
226908,rubenson80,,2,0,2,2,0,2,0,0,0,0,5
226912,stefanpersson,,2,0,2,2,0,2,0,0,0,0,2
226954,Mapbox,,3,0,3,3,0,3,0,0,0,0,0
227255,L3naRain,,2,0,2,2,0,2,0,0,0,0,7
227472,EKurdistanim,,2,0,2,2,0,2,0,0,0,0,2
227479,_tnkss,,2,0,2,2,0,2,0,0,0,0,2
227993,seriagenial,,2,0,2,2,0,2,0,0,0,0,2
228015,OomenBerlin,,2,0,2,2,0,2,0,0,0,0,1
228040,joselisandro31,,2,0,2,2,0,2,0,0,0,0,2
228041,PJNaguanagua1,,2,0,2,2,0,2,0,0,0,0,2
228051,bozotamayo,,2,0,2,2,0,2,0,0,0,0,2
228052,AlanTorruellas,,2,0,2,2,0,2,0,0,0,0,2
228054,DanellBullon,,2,0,2,2,0,2,0,0,0,0,2
228055,ManuelvRoman,,2,0,2,2,0,2,0,0,0,0,2
228056,ArmandoAmengual,,2,0,2,2,0,2,0,0,0,0,2
228057,RonaldGonzalez1,,2,0,2,2,0,2,0,0,0,0,2
228058,democratwico,,2,0,2,2,0,2,0,0,0,0,2
228059,PJCarabobo1,,2,0,2,2,0,2,0,0,0,0,2
228060,Bejumero,,2,0,2,2,0,2,0,0,0,0,2
228067,ThomasDangel,,2,0,2,2,0,2,0,0,0,0,2
228068,VeneIdeal,,2,0,2,2,0,2,0,0,0,0,2
228354,IndyFootball,,2,0,2,2,0,2,0,0,0,0,2
228377,tukakimatt,,2,0,2,2,0,2,0,0,0,0,2
228381,Benoit_Anger,,2,0,2,2,0,2,0,0,0,0,3
228388,joshelledge,,2,0,2,2,0,2,0,0,0,0,3
228390,fengliuS,,2,0,2,2,0,2,0,0,0,0,2
228394,rameshdot0,,2,0,2,2,0,2,0,0,0,0,3
228412,amaeteumanah,,2,0,2,2,0,2,0,0,0,0,0
228422,pakonekone,,2,0,2,2,0,2,0,0,0,0,4
228497,CaroselloRec,,2,0,2,2,0,2,0,0,0,0,2
228592,gdncommunity,,2,0,2,2,0,2,0,0,0,0,3
228601,contentbycara,,2,0,2,2,0,2,0,0,0,0,2
228644,kressie42,,2,0,2,2,0,2,0,0,0,0,7
228685,A88_88_88A,,2,0,2,2,0,2,0,0,0,0,2
228860,CorbettCode,,2,0,2,2,0,2,0,0,0,0,6
228867,AndrewOldbury,,2,0,2,2,0,2,0,0,0,0,1
228948,WEDanceVirginia,,2,0,2,2,0,2,0,0,0,0,4
229026,Electro__Sound,,2,0,2,2,0,2,0,0,0,0,0
229311,alacaja,,2,0,2,2,0,2,0,0,0,0,6
229321,mariagomez,,2,0,2,2,0,2,0,0,0,0,4
229332,RBwalksintoabar,,2,0,2,2,0,2,0,0,0,0,0
229356,NCrypted,,2,0,2,2,0,2,0,0,0,0,3
229402,miguelguerrape,,2,0,2,2,0,2,0,0,0,0,0
229457,CraigStumpf,,3,0,3,3,0,3,0,0,0,0,2
229474,TeriSecrest,,2,0,2,2,0,2,0,0,0,0,2
229569,mvolpe,,2,0,2,2,0,2,0,0,0,0,2
229664,RTVojvodine,,2,0,2,2,0,2,0,0,0,0,1
229677,rtvutrecht,,2,0,2,2,0,2,0,0,0,0,1
229681,RTVNoordSport,,2,0,2,2,0,2,0,0,0,0,2
229683,RTV_Slovenija,,2,0,2,2,0,2,0,0,0,0,1
229686,rtvslo,,3,0,3,3,0,3,0,0,0,0,1
229687,RTVDrenthe,,2,0,2,2,0,2,0,0,0,0,2
229716,RickSanchezTV,,2,0,2,2,0,2,0,0,0,0,2
229717,FreeformTV,,2,0,2,2,0,2,0,0,0,0,2
229832,BBCCiN,,2,0,2,2,0,2,0,0,0,0,3
229995,SirAngusBlair,,2,0,2,2,0,2,0,0,0,0,1
230117,AmazonUK,,3,0,3,3,0,3,0,0,0,0,1
230118,2K,,3,0,3,3,0,3,0,0,0,0,2
230119,bbcpress,,2,0,2,2,0,2,0,0,0,0,3
230124,XSTROLOGY,,2,0,2,2,0,2,0,0,0,0,2
230219,Ruben93M,,2,0,2,2,0,2,0,0,0,0,6
230348,OficialDrBit,,2,0,2,2,0,2,0,0,0,0,6
230419,SunIslandMusic,,2,0,2,2,0,2,0,0,0,0,6
230426,Free_Media_Hub,,2,0,2,2,0,2,0,0,0,0,2
230443,MrTheoHughes,,2,0,2,2,0,2,0,0,0,0,3
230463,CarleyKnobloch,,2,0,2,2,0,2,0,0,0,0,1
230467,contentchampion,,2,0,2,2,0,2,0,0,0,0,2
230604,Azulis,,3,0,3,3,0,3,0,0,0,0,6
230630,therealrx,,2,0,2,2,0,2,0,0,0,0,2
230650,BenBurnleyBB,,2,0,2,2,0,2,0,0,0,0,3
230651,breakingbenj,,2,0,2,2,0,2,0,0,0,0,3
230656,paparoach,,2,0,2,2,0,2,0,0,0,0,5
230659,serjtankian,,2,0,2,2,0,2,0,0,0,0,3
230660,JohnDolmayan,,2,0,2,2,0,2,0,0,0,0,3
230661,Korn,,2,0,2,2,0,2,0,0,0,0,3
230662,ShavoOdadjian,,2,0,2,2,0,2,0,0,0,0,3
230663,systemofadown,,2,0,2,2,0,2,0,0,0,0,3
230664,nowplaying,,2,0,2,2,0,2,0,0,0,0,3
230743,SanFranNow,,2,0,2,2,0,2,0,0,0,0,2
231117,OnAirWithRyan,,2,0,2,2,0,2,0,0,0,0,2
231216,CedricLASS,,2,0,2,2,0,2,0,0,0,0,0
231217,Ginofantastico,,2,0,2,2,0,2,0,0,0,0,2
231866,OrhunOzkan,,2,0,2,2,0,2,0,0,0,0,2
231894,atabenli,,3,0,3,3,0,3,0,0,0,0,1
231909,thejessew,,2,0,2,2,0,2,0,0,0,0,2
232207,_jetbeach,,2,0,2,2,0,2,0,0,0,0,2
232538,Valen_Veloso01,,2,0,2,2,0,2,0,0,0,0,2
232582,MeydanGazete,,2,0,2,2,0,2,0,0,0,0,3
232738,NorSportsC,,2,0,2,2,0,2,0,0,0,0,2
232907,johndoerr,,3,0,3,3,0,3,0,0,0,0,2
232908,tfadell,,2,0,2,2,0,2,0,0,0,0,1
232981,globalstreetart,,3,0,3,3,0,3,0,0,0,0,2
232998,itsLIQUID,,2,0,2,2,0,2,0,0,0,0,3
233146,SeriouslyTravel,,2,0,2,2,0,2,0,0,0,0,7
233152,iCulturaEDM,,2,0,2,2,0,2,0,0,0,0,0
233172,YzaguirreUSA,,2,0,2,2,0,2,0,0,0,0,4
233179,jmsiniff,,2,0,2,2,0,2,0,0,0,0,2
233180,AndresRomeroTV,,2,0,2,2,0,2,0,0,0,0,0
233196,PeroniUSA,,2,0,2,2,0,2,0,0,0,0,3
233402,Conurbanos,,2,0,2,2,0,2,0,0,0,0,2
233403,fhambuechen,,2,0,2,2,0,2,0,0,0,0,0
233415,FabianPicardo,,2,0,2,2,0,2,0,0,0,0,5
233436,luis_fabuloso,,2,0,2,2,0,2,0,0,0,0,0
233440,fabianleonp,,2,0,2,2,0,2,0,0,0,0,0
233452,fabigrupoplay,,2,0,2,2,0,2,0,0,0,0,2
233518,BoyceAvenue,,2,0,2,2,0,2,0,0,0,0,0
233519,fabpot,,2,0,2,2,0,2,0,0,0,0,1
233523,youngfabians,,2,0,2,2,0,2,0,0,0,0,1
233524,FCauseur1,,2,0,2,2,0,2,0,0,0,0,0
233569,fablabbcn,,2,0,2,2,0,2,0,0,0,0,0
233604,tayd_dance,,2,0,2,2,0,2,0,0,0,0,0
233707,FabiolaJoseVzla,,2,0,2,2,0,2,0,0,0,0,2
233792,SkintLondon,,3,0,3,3,0,3,0,0,0,0,2
233835,thestrokes,,2,0,2,2,0,2,0,0,0,0,5
233846,fabcitybcn,,3,0,3,3,0,3,0,0,0,0,2
233879,SporthouseGroup,,2,0,2,2,0,2,0,0,0,0,3
233880,eXoPlatform,,3,0,3,3,0,3,0,0,0,0,3
234118,F4F4F4F,,2,0,2,2,0,2,0,0,0,0,0
234432,virtual_14,,2,0,2,2,0,2,0,0,0,0,3
234450,edelvallemartin,,3,0,3,3,0,3,0,0,0,0,0
234496,omgrelatabIe,,2,0,2,2,0,2,0,0,0,0,2
234503,itsDjAnt,,2,0,2,2,0,2,0,0,0,0,6
234506,LadyRican14,,2,0,2,2,0,2,0,0,0,0,2
234775,jimwaterson,,2,0,2,2,0,2,0,0,0,0,3
234776,Activision,,2,0,2,2,0,2,0,0,0,0,6
234876,AnneMarieMineur,,2,0,2,2,0,2,0,0,0,0,1
234945,weld_houmtek,,2,0,2,2,0,2,0,0,0,0,8
234951,bdonesem,,2,0,2,2,0,2,0,0,0,0,0
235000,BusinessWire,,3,0,3,3,0,3,0,0,0,0,2
235184,gulf_news,,2,0,2,2,0,2,0,0,0,0,2
235202,paul_salem,,2,0,2,2,0,2,0,0,0,0,1
235273,inebenzine,,2,0,2,2,0,2,0,0,0,0,1
235284,lievenvos,,2,0,2,2,0,2,0,0,0,0,0
235289,SaskiaVideler,,2,0,2,2,0,2,0,0,0,0,0
235296,dukeandgrace,,2,0,2,2,0,2,0,0,0,0,0
235298,bnox,,2,0,2,2,0,2,0,0,0,0,0
235397,glis21,,2,0,2,2,0,2,0,0,0,0,2
235398,cafenlg,,2,0,2,2,0,2,0,0,0,0,2
235399,gdhont,,2,0,2,2,0,2,0,0,0,0,2
235413,JeremC,,2,0,2,2,0,2,0,0,0,0,2
235416,sam_piroton,,2,0,2,2,0,2,0,0,0,0,2
235448,_Sali,,2,0,2,2,0,2,0,0,0,0,0
235461,luisdiazdeldedo,,3,0,3,3,0,3,0,0,0,0,0
235463,usertesting,,2,0,2,2,0,2,0,0,0,0,0
235475,jgiannantonio,,2,0,2,2,0,2,0,0,0,0,2
235479,markfidelman,,2,0,2,2,0,2,0,0,0,0,2
235513,wearegrow,,2,0,2,2,0,2,0,0,0,0,3
235528,thibaut_vdh,,2,0,2,2,0,2,0,0,0,0,1
235530,RossKingsland1,,2,0,2,2,0,2,0,0,0,0,6
235539,ScottGombar,,2,0,2,2,0,2,0,0,0,0,0
235544,mendezlife,,2,0,2,2,0,2,0,0,0,0,0
235615,ManCityCouncil,,2,0,2,2,0,2,0,0,0,0,3
235620,AnnOConnorITV,,2,0,2,2,0,2,0,0,0,0,0
235622,manchesterfire,,2,0,2,2,0,2,0,0,0,0,3
235623,visit_mcr,,2,0,2,2,0,2,0,0,0,0,3
235627,MENnewsdesk,,2,0,2,2,0,2,0,0,0,0,3
235628,lucymitv,,3,0,3,3,0,3,0,0,0,0,0
235632,gmpolice,,2,0,2,2,0,2,0,0,0,0,3
235679,BBCNWT,,2,0,2,2,0,2,0,0,0,0,0
235707,UCLan,,3,0,3,3,0,3,0,0,0,0,1
235714,BpoolCouncil,,2,0,2,2,0,2,0,0,0,0,3
235804,CSISKoreaChair,,2,0,2,2,0,2,0,0,0,0,1
235809,joindiaspora,,2,0,2,2,0,2,0,0,0,0,0
235813,Hootsuite_UK,,2,0,2,2,0,2,0,0,0,0,1
235888,WeCatapult,,2,0,2,2,0,2,0,0,0,0,0
236012,DaveTodayFM,,2,0,2,2,0,2,0,0,0,0,1
236014,NewstalkFM,,2,0,2,2,0,2,0,0,0,0,1
236033,BLS_gov,,2,0,2,2,0,2,0,0,0,0,1
236078,amoebamusic,,2,0,2,2,0,2,0,0,0,0,2
236082,CLIQ_01,,2,0,2,2,0,2,0,0,0,0,6
236099,MRlos40,,3,0,3,3,0,3,0,0,0,0,0
236182,TrentDyrsmid,,2,0,2,2,0,2,0,0,0,0,2
236187,EMedOpt,,2,0,2,2,0,2,0,0,0,0,1
236196,KurshaWoodgate,,2,0,2,2,0,2,0,0,0,0,0
236255,Illuminati_Stop,,2,0,2,2,0,2,0,0,0,0,2
236277,misstoriblack,,2,0,2,2,0,2,0,0,0,0,3
236297,DSZrenjanin,,2,0,2,2,0,2,0,0,0,0,1
236357,JssstRecords,,2,0,2,2,0,2,0,0,0,0,2
236557,nachtlos,,2,0,2,2,0,2,0,0,0,0,1
236567,frank_opitz,,2,0,2,2,0,2,0,0,0,0,1
236633,BTCFoundation,,2,0,2,2,0,2,0,0,0,0,2
236642,coinbase,,2,0,2,2,0,2,0,0,0,0,2
236645,CoinDesk,,2,0,2,2,0,2,0,0,0,0,2
236663,BitPay,,2,0,2,2,0,2,0,0,0,0,2
236665,BitcoinMagazine,,3,0,3,3,0,3,0,0,0,0,6
236713,OfficialHHI,,2,0,2,2,0,2,0,0,0,0,2
237347,IBMData,,2,0,2,2,0,2,0,0,0,0,8
237612,centurymedia,,2,0,2,2,0,2,0,0,0,0,2
237683,TheRue,,2,0,2,2,0,2,0,0,0,0,2
237728,LAPressClub,,2,0,2,2,0,2,0,0,0,0,2
237751,insomniacgames,,2,0,2,2,0,2,0,0,0,0,2
237753,JackBarakat,,2,0,2,2,0,2,0,0,0,0,2
237755,BethesdaStudios,,2,0,2,2,0,2,0,0,0,0,2
237757,bethesda,,2,0,2,2,0,2,0,0,0,0,2
237758,GameTrailers,,3,0,3,3,0,3,0,0,0,0,2
237759,AllTimeLow,,2,0,2,2,0,2,0,0,0,0,2
237760,Naughty_Dog,,3,0,3,3,0,3,0,0,0,0,2
238013,ITVWales,,2,0,2,2,0,2,0,0,0,0,2
238077,EliperezCNN,,2,0,2,2,0,2,0,0,0,0,2
238079,LuciaCNavarro,,2,0,2,2,0,2,0,0,0,0,2
238083,CMonteroOficial,,3,0,3,3,0,3,0,0,0,0,2
238084,MariaConchita_A,,2,0,2,2,0,2,0,0,0,0,2
238086,Merca20,,3,0,3,3,0,3,0,0,0,0,4
238087,BelenMarrero,,2,0,2,2,0,2,0,0,0,0,2
238090,makionthego,,3,0,3,3,0,3,0,0,0,0,2
238093,NDtitulares,,2,0,2,2,0,2,0,0,0,0,2
238094,HistoryLA,,3,0,3,3,0,3,0,0,0,0,7
238095,ADRIANAAZZIAS,,3,0,3,3,0,3,0,0,0,0,2
238097,Martin_Cook_,,2,0,2,2,0,2,0,0,0,0,2
238099,LakiOnTheGo,,2,0,2,2,0,2,0,0,0,0,7
238218,ideabloke,,2,0,2,2,0,2,0,0,0,0,0
238313,zacjohnson,,2,0,2,2,0,2,0,0,0,0,2
238316,ChelseaKrost,,2,0,2,2,0,2,0,0,0,0,2
238390,JoinTheFlockEU,,2,0,2,2,0,2,0,0,0,0,1
238391,TwitterMktgUK,,2,0,2,2,0,2,0,0,0,0,1
238392,TwitterUK,,3,0,3,3,0,3,0,0,0,0,3
238393,TwitterDublin,,2,0,2,2,0,2,0,0,0,0,1
238476,gimmemotalk,,2,0,2,2,0,2,0,0,0,0,1
238508,aaroncarter,,2,0,2,2,0,2,0,0,0,0,2
238547,StandForDance,,2,0,2,2,0,2,0,0,0,0,2
238564,SuburbanMomClub,,2,0,2,2,0,2,0,0,0,0,2
238576,NCG_com,,2,0,2,2,0,2,0,0,0,0,0
238589,nassau_ibiza,,2,0,2,2,0,2,0,0,0,0,2
238605,tconrad,,2,0,2,2,0,2,0,0,0,0,1
238625,laureltouby,,2,0,2,2,0,2,0,0,0,0,2
238857,melissarach,,2,0,2,2,0,2,0,0,0,0,2
238904,ChiIIVlbes,,2,0,2,2,0,2,0,0,0,0,2
238930,BAMRadioNetwork,,2,0,2,2,0,2,0,0,0,0,1
239017,hukumdar,,2,0,2,2,0,2,0,0,0,0,2
239036,CannabisNews,,2,0,2,2,0,2,0,0,0,0,3
239039,NORML,,2,0,2,2,0,2,0,0,0,0,3
239040,CannabisCulture,,2,0,2,2,0,2,0,0,0,0,3
239042,HIGH_TIMES_Mag,,2,0,2,2,0,2,0,0,0,0,3
239088,stillblazingtho,,2,0,2,2,0,2,0,0,0,0,2
239115,highrmentality,,2,0,2,2,0,2,0,0,0,0,2
239158,iamedigathegi,,2,0,2,2,0,2,0,0,0,0,2
239159,RachelleLefevre,,2,0,2,2,0,2,0,0,0,0,2
239161,gilbirmingham,,2,0,2,2,0,2,0,0,0,0,2
239163,NikkiReed_I_Am,,2,0,2,2,0,2,0,0,0,0,2
239164,billy_burke,,2,0,2,2,0,2,0,0,0,0,2
239167,AshleyMGreene,,3,0,3,3,0,3,0,0,0,0,5
239168,peterfacinelli,,2,0,2,2,0,2,0,0,0,0,2
239177,gettinggorjess,,2,0,2,2,0,2,0,0,0,0,2
239330,oxygeninvestors,,2,0,2,2,0,2,0,0,0,0,1
239365,HybridVigorFilm,,2,0,2,2,0,2,0,0,0,0,0
239371,CrowdEssentials,,2,0,2,2,0,2,0,0,0,0,8
239419,7xCapital,,2,0,2,2,0,2,0,0,0,0,2
239423,EcoCrowdfunding,,2,0,2,2,0,2,0,0,0,0,4
239424,agrobazaar_msia,,2,0,2,2,0,2,0,0,0,0,3
239458,Sponsume,,2,0,2,2,0,2,0,0,0,0,0
239504,hamishbowles,,2,0,2,2,0,2,0,0,0,0,2
239521,RotaryFR,,2,0,2,2,0,2,0,0,0,0,2
239529,UWC_IO,,2,0,2,2,0,2,0,0,0,0,1
239540,CFM_engines,,2,0,2,2,0,2,0,0,0,0,3
239541,dpa_intl,,2,0,2,2,0,2,0,0,0,0,1
239544,Rotary,,3,0,3,3,0,3,0,0,0,0,2
239546,Heifer,,3,0,3,3,0,3,0,0,0,0,1
239547,CNBCi,,2,0,2,2,0,2,0,0,0,0,2
239744,MedSchoolMusic,,2,0,2,2,0,2,0,0,0,0,1
239787,t2wracingtips3,,2,0,2,2,0,2,0,0,0,0,6
239831,Seahawks,,2,0,2,2,0,2,0,0,0,0,2
239833,Tesco,,3,0,3,3,0,3,0,0,0,0,2
239915,teganandsara,,2,0,2,2,0,2,0,0,0,0,2
239928,HornyFacts,,2,0,2,2,0,2,0,0,0,0,2
239947,PepTeam,,2,0,2,2,0,2,0,0,0,0,2
239951,KokoAgency,,2,0,2,2,0,2,0,0,0,0,7
239963,BakerEDMLab,,2,0,2,2,0,2,0,0,0,0,8
239989,UltraEDM_,,2,0,2,2,0,2,0,0,0,0,2
240020,PSAWorldTour,,2,0,2,2,0,2,0,0,0,0,7
240028,FreerideWTour,,2,0,2,2,0,2,0,0,0,0,0
240121,waltmossberg,,2,0,2,2,0,2,0,0,0,0,3
240122,NiemanLab,,3,0,3,3,0,3,0,0,0,0,2
240124,lessig,,2,0,2,2,0,2,0,0,0,0,3
240125,jayrosen_nyu,,2,0,2,2,0,2,0,0,0,0,2
240182,jilevin,,2,0,2,2,0,2,0,0,0,0,3
240238,Richard_Florida,,3,0,3,3,0,3,0,0,0,0,2
240239,cshirky,,2,0,2,2,0,2,0,0,0,0,3
240266,insidertrends,,2,0,2,2,0,2,0,0,0,0,7
240358,BenHarveyMusic,,2,0,2,2,0,2,0,0,0,0,2
240376,tvrockofficial,,2,0,2,2,0,2,0,0,0,0,2
240388,mikepenrod,,2,0,2,2,0,2,0,0,0,0,7
240399,RobDenBleyker,,2,0,2,2,0,2,0,0,0,0,5
240412,SuicideGirls,,2,0,2,2,0,2,0,0,0,0,8
240432,McKaylaMaroney,,2,0,2,2,0,2,0,0,0,0,0
240449,TheGarden,,2,0,2,2,0,2,0,0,0,0,0
240509,vernonkay,,2,0,2,2,0,2,0,0,0,0,2
240553,MilanPhoenix,,2,0,2,2,0,2,0,0,0,0,6
240558,Filterheadz101,,2,0,2,2,0,2,0,0,0,0,1
240561,StonerVideoz,,2,0,2,2,0,2,0,0,0,0,2
240564,8factapp,,2,0,2,2,0,2,0,0,0,0,8
240579,KSHMRmusic,,2,0,2,2,0,2,0,0,0,0,2
240609,IamYanetGarcia,,3,0,3,3,0,3,0,0,0,0,2
240624,CHVRCHES,,2,0,2,2,0,2,0,0,0,0,5
240761,javalavamanila,,2,0,2,2,0,2,0,0,0,0,7
241354,LondonFunders,,2,0,2,2,0,2,0,0,0,0,2
241408,InnotechLive,,2,0,2,2,0,2,0,0,0,0,2
241437,aghose,,2,0,2,2,0,2,0,0,0,0,2
241439,jamesbeshara,,2,0,2,2,0,2,0,0,0,0,1
241470,Mynbest,,2,0,2,2,0,2,0,0,0,0,7
241672,alyandaj,,2,0,2,2,0,2,0,0,0,0,2
241673,bevansisme,,2,0,2,2,0,2,0,0,0,0,2
241716,POI13,,2,0,2,2,0,2,0,0,0,0,2
241755,kwinlambrecht,,3,0,3,3,0,3,0,0,0,0,1
241771,karenmcgrane,,2,0,2,2,0,2,0,0,0,0,2
241818,SecretaryKing44,,3,0,3,3,0,3,0,0,0,0,1
241975,themartinezbros,,2,0,2,2,0,2,0,0,0,0,2
242090,losangelista,,2,0,2,2,0,2,0,0,0,0,0
242097,freedomhouse,,4,0,4,4,0,4,0,0,0,0,2
242157,HouseOfHolland,,2,0,2,2,0,2,0,0,0,0,2
242158,HofSwitzerland,,3,0,3,3,0,3,0,0,0,0,1
242177,SomersetHouse,,3,0,3,3,0,3,0,0,0,0,2
242214,SoNica2015,,2,0,2,2,0,2,0,0,0,0,6
242271,catigreoficial,,2,0,2,2,0,2,0,0,0,0,2
242272,athletic_eus,,2,0,2,2,0,2,0,0,0,0,2
242283,havaslondon,,2,0,2,2,0,2,0,0,0,0,0
242288,EmiratesGC,,2,0,2,2,0,2,0,0,0,0,0
242294,clubofthewaves,,2,0,2,2,0,2,0,0,0,0,1
242295,SMCSTL,,2,0,2,2,0,2,0,0,0,0,2
242296,gothaclubcannes,,2,0,2,2,0,2,0,0,0,0,2
242301,cavernliverpool,,2,0,2,2,0,2,0,0,0,0,3
242309,TDCinemaClub,,3,0,3,3,0,3,0,0,0,0,2
242311,BombayBicycle,,2,0,2,2,0,2,0,0,0,0,2
242316,RacingClub,,2,0,2,2,0,2,0,0,0,0,5
242334,ihgrewardsclub,,3,0,3,3,0,3,0,0,0,0,2
242370,icedancecom,,2,0,2,2,0,2,0,0,0,0,3
242399,DanceLoveSoul,,2,0,2,2,0,2,0,0,0,0,2
242405,DanceKingdomTV,,2,0,2,2,0,2,0,0,0,0,2
242452,dancingonice,,2,0,2,2,0,2,0,0,0,0,2
242521,NASAcio,,2,0,2,2,0,2,0,0,0,0,0
242531,hiiamsam_i,,2,0,2,2,0,2,0,0,0,0,1
242535,NASAAstrobio,,2,0,2,2,0,2,0,0,0,0,2
242546,NASASpaceSciEdu,,2,0,2,2,0,2,0,0,0,0,1
242652,TheDianaEdelman,,2,0,2,2,0,2,0,0,0,0,7
242671,hardaway,,2,0,2,2,0,2,0,0,0,0,7
242694,WorldPTV,,2,0,2,2,0,2,0,0,0,0,2
242700,TaylynnWellness,,2,0,2,2,0,2,0,0,0,0,6
242709,NASA_Lunar,,2,0,2,2,0,2,0,0,0,0,2
242719,FabienAmoretti,,2,0,2,2,0,2,0,0,0,0,6
242795,rictownsend,,2,0,2,2,0,2,0,0,0,0,2
242801,Goals_Coach,,2,0,2,2,0,2,0,0,0,0,0
242820,EXPLICITKID,,2,0,2,2,0,2,0,0,0,0,2
242890,FuelOnline,,2,0,2,2,0,2,0,0,0,0,2
242897,josefholm,,2,0,2,2,0,2,0,0,0,0,3
242934,Student_Channel,,2,0,2,2,0,2,0,0,0,0,1
243132,FCC,,2,0,2,2,0,2,0,0,0,0,2
243136,bbctms,,2,0,2,2,0,2,0,0,0,0,3
243172,Backlinko,,2,0,2,2,0,2,0,0,0,0,8
243248,richbeattie,,2,0,2,2,0,2,0,0,0,0,2
243260,mbloomstein,,2,0,2,2,0,2,0,0,0,0,2
243292,steverubel,,2,0,2,2,0,2,0,0,0,0,7
243301,Avenues_org,,2,0,2,2,0,2,0,0,0,0,1
243315,pereira4785,,2,0,2,2,0,2,0,0,0,0,2
243355,blakejamieson,,2,0,2,2,0,2,0,0,0,0,2
243377,EvanSinar,,2,0,2,2,0,2,0,0,0,0,8
243592,CoreGandiaSh,,3,0,3,3,0,3,0,0,0,0,0
243648,SarahSimMusic,,2,0,2,2,0,2,0,0,0,0,2
243654,LenkaMusic,,2,0,2,2,0,2,0,0,0,0,2
243663,MusicAlly,,2,0,2,2,0,2,0,0,0,0,2
243674,MUZUTV,,2,0,2,2,0,2,0,0,0,0,2
243682,NOWMusic,,2,0,2,2,0,2,0,0,0,0,2
243689,MonsterMusic,,2,0,2,2,0,2,0,0,0,0,2
243752,FundMyTravel,,2,0,2,2,0,2,0,0,0,0,1
243757,Starteed,,2,0,2,2,0,2,0,0,0,0,3
243879,entensive,,2,0,2,2,0,2,0,0,0,0,2
243916,iyi_demis,,2,0,2,2,0,2,0,0,0,0,2
243921,Bu32rak,,2,0,2,2,0,2,0,0,0,0,2
244112,RebelMouse,,2,0,2,2,0,2,0,0,0,0,0
244770,SCREWFACE09,,2,0,2,2,0,2,0,0,0,0,6
244809,IS_Foundation,,2,0,2,2,0,2,0,0,0,0,6
244867,nikosaliagas,,3,0,3,3,0,3,0,0,0,0,8
244981,MartinKelly1990,,2,0,2,2,0,2,0,0,0,0,2
244982,sterling7,,3,0,3,3,0,3,0,0,0,0,2
244983,jon_flan93,,2,0,2,2,0,2,0,0,0,0,2
244984,DanielSturridge,,2,0,2,2,0,2,0,0,0,0,6
244986,Robbie9Fowler,,3,0,3,3,0,3,0,0,0,0,2
244988,glen_johnson,,3,0,3,3,0,3,0,0,0,0,2
244989,LucasLeiva87,,2,0,2,2,0,2,0,0,0,0,5
244991,empireofthekop,,2,0,2,2,0,2,0,0,0,0,6
244993,LivEchoLFC,,2,0,2,2,0,2,0,0,0,0,5
244994,BSmith,,2,0,2,2,0,2,0,0,0,0,2
244997,JamesPearceLFC,,2,0,2,2,0,2,0,0,0,0,5
244999,OptaJoe,,2,0,2,2,0,2,0,0,0,0,2
245002,Zonal_Marking,,2,0,2,2,0,2,0,0,0,0,2
245010,sidlowe,,2,0,2,2,0,2,0,0,0,0,2
245011,sammatterface,,2,0,2,2,0,2,0,0,0,0,2
245012,alistapart,,2,0,2,2,0,2,0,0,0,0,2
245015,talkSPORTDrive,,2,0,2,2,0,2,0,0,0,0,2
245017,markboulton,,2,0,2,2,0,2,0,0,0,0,2
245019,jasonsantamaria,,3,0,3,3,0,3,0,0,0,0,2
245020,meyerweb,,2,0,2,2,0,2,0,0,0,0,3
245021,Malarkey,,2,0,2,2,0,2,0,0,0,0,2
245022,beep,,2,0,2,2,0,2,0,0,0,0,2
245024,talkSPORT,,3,0,3,3,0,3,0,0,0,0,2
245033,BumperGraham,,2,0,2,2,0,2,0,0,0,0,2
245034,GuillemBalague,,2,0,2,2,0,2,0,0,0,0,2
245076,ultabeauty,,2,0,2,2,0,2,0,0,0,0,0
245077,LORAC_Cosmetics,,2,0,2,2,0,2,0,0,0,0,2
245078,stilacosmetics,,2,0,2,2,0,2,0,0,0,0,2
245079,tartecosmetics,,2,0,2,2,0,2,0,0,0,0,2
245080,justbobbibrown,,2,0,2,2,0,2,0,0,0,0,2
245081,Smashbox,,2,0,2,2,0,2,0,0,0,0,2
245084,MAKEUPFOREVERUS,,2,0,2,2,0,2,0,0,0,0,0
245085,BobbiBrown,,2,0,2,2,0,2,0,0,0,0,2
245086,OPI_PRODUCTS,,2,0,2,2,0,2,0,0,0,0,2
245091,essie,,2,0,2,2,0,2,0,0,0,0,2
245092,elfcosmetics,,2,0,2,2,0,2,0,0,0,0,0
245093,LOrealParisUSA,,2,0,2,2,0,2,0,0,0,0,2
245094,COVERGIRL,,2,0,2,2,0,2,0,0,0,0,2
245145,BestProFitness,,2,0,2,2,0,2,0,0,0,0,8
245186,EsmerayLaw,,2,0,2,2,0,2,0,0,0,0,6
245206,MarkWrightMBA,,2,0,2,2,0,2,0,0,0,0,3
245207,letgotogrow,,2,0,2,2,0,2,0,0,0,0,0
245209,garybizzo,,3,0,3,3,0,3,0,0,0,0,2
245210,missfitts,,2,0,2,2,0,2,0,0,0,0,2
245250,KaiserChiefs,,2,0,2,2,0,2,0,0,0,0,6
245279,Businewss_Bot,,3,0,3,3,0,3,0,0,0,0,2
245317,seriousstartups,,2,0,2,2,0,2,0,0,0,0,1
245414,Cirque,,3,0,3,3,0,3,0,0,0,0,4
245417,irishexaminer,,3,0,3,3,0,3,0,0,0,0,1
245425,KontrolFreek,,2,0,2,2,0,2,0,0,0,0,6
245431,hongkong_news,,2,0,2,2,0,2,0,0,0,0,2
245438,AwakeningRec,,2,0,2,2,0,2,0,0,0,0,5
245543,statnews,,2,0,2,2,0,2,0,0,0,0,1
245555,mattiafranco,,2,0,2,2,0,2,0,0,0,0,5
245587,Rahatadami,,2,0,2,2,0,2,0,0,0,0,3
245870,the_USO,,2,0,2,2,0,2,0,0,0,0,2
246038,tinastullracing,,2,0,2,2,0,2,0,0,0,0,0
246039,VAMBOA,,2,0,2,2,0,2,0,0,0,0,0
246041,Op_Homefront,,2,0,2,2,0,2,0,0,0,0,2
246043,TheGoToSite,,2,0,2,2,0,2,0,0,0,0,0
246240,katteasis,,2,0,2,2,0,2,0,0,0,0,2
246270,Borty,,2,0,2,2,0,2,0,0,0,0,3
246289,ericgraafland,,2,0,2,2,0,2,0,0,0,0,0
246470,SheIsDash,,2,0,2,2,0,2,0,0,0,0,2
246482,Sprinklr,,2,0,2,2,0,2,0,0,0,0,2
246485,PeterWinick,,2,0,2,2,0,2,0,0,0,0,2
246493,seawildearth,,2,0,2,2,0,2,0,0,0,0,2
246497,BBCCornwall,,2,0,2,2,0,2,0,0,0,0,1
246498,wbg_gov,,2,0,2,2,0,2,0,0,0,0,2
246643,CGhinghes,,2,0,2,2,0,2,0,0,0,0,1
246720,daniellehallett,,2,0,2,2,0,2,0,0,0,0,2
246734,GoDaddy,,2,0,2,2,0,2,0,0,0,0,1
246777,gorillavsbear,,2,0,2,2,0,2,0,0,0,0,0
246846,sbeCollection,,2,0,2,2,0,2,0,0,0,0,4
246891,IbizaClubs,,2,0,2,2,0,2,0,0,0,0,2
246956,Ticketley,,2,0,2,2,0,2,0,0,0,0,1
246976,twiends,,2,0,2,2,0,2,0,0,0,0,6
247035,ButtonFactory20,,2,0,2,2,0,2,0,0,0,0,1
247064,IMROireland,,2,0,2,2,0,2,0,0,0,0,1
247111,TheWrightVenue,,2,0,2,2,0,2,0,0,0,0,1
247129,rajinikanth,,2,0,2,2,0,2,0,0,0,0,2
247398,dehparadox,,3,0,3,3,0,3,0,0,0,0,0
247403,simplycast,,2,0,2,2,0,2,0,0,0,0,2
247417,moneyartist,,3,0,3,3,0,3,0,0,0,0,2
247687,KingKongHostel,,2,0,2,2,0,2,0,0,0,0,7
247947,Reactor105,,2,0,2,2,0,2,0,0,0,0,2
247964,HorizonteJazz,,2,0,2,2,0,2,0,0,0,0,4
247975,kmrsFM,,2,0,2,2,0,2,0,0,0,0,2
247981,la100fm,,2,0,2,2,0,2,0,0,0,0,2
247988,RTE2fm,,3,0,3,3,0,3,0,0,0,0,1
248034,AgencyTen,,2,0,2,2,0,2,0,0,0,0,2
248054,Isa,,2,0,2,2,0,2,0,0,0,0,3
248055,LAModelsAgency,,2,0,2,2,0,2,0,0,0,0,0
248058,cnalive,,2,0,2,2,0,2,0,0,0,0,1
248120,kikepuentesdj,,3,0,3,3,0,3,0,0,0,0,6
248169,DaveJackson14_,,2,0,2,2,0,2,0,0,0,0,5
248176,superprovid,,2,0,2,2,0,2,0,0,0,0,0
248201,DjekicAaron,,2,0,2,2,0,2,0,0,0,0,1
248211,BestKickstarter,,2,0,2,2,0,2,0,0,0,0,3
248217,Richtopia,,2,0,2,2,0,2,0,0,0,0,0
248218,SproutSocial,,2,0,2,2,0,2,0,0,0,0,2
248278,AtheistWorld,,2,0,2,2,0,2,0,0,0,0,4
248280,wdwupdates,,2,0,2,2,0,2,0,0,0,0,0
248284,Terry_World,,2,0,2,2,0,2,0,0,0,0,0
248285,WSJworld,,3,0,3,3,0,3,0,0,0,0,7
248428,pizzahut,,2,0,2,2,0,2,0,0,0,0,0
248433,thejointstaff,,3,0,3,3,0,3,0,0,0,0,2
248434,AvanJogia,,2,0,2,2,0,2,0,0,0,0,0
248435,ShekharGupta,,2,0,2,2,0,2,0,0,0,0,2
248436,USNationalGuard,,3,0,3,3,0,3,0,0,0,0,2
248438,NetflixUK,,2,0,2,2,0,2,0,0,0,0,2
248439,Playboy,,2,0,2,2,0,2,0,0,0,0,2
248444,ChilangoCom,,3,0,3,3,0,3,0,0,0,0,2
248467,KingKK_14,,2,0,2,2,0,2,0,0,0,0,2
248503,femfreq,,3,0,3,3,0,3,0,0,0,0,2
248574,oli_pantelides,,2,0,2,2,0,2,0,0,0,0,7
248709,scientia_social,,2,0,2,2,0,2,0,0,0,0,6
248772,pen25studio,,2,0,2,2,0,2,0,0,0,0,2
249048,memobarba,,2,0,2,2,0,2,0,0,0,0,6
249093,DJ_Bobbler,,3,0,3,3,0,3,0,0,0,0,2
249312,ALQUILERdeYATES,,2,0,2,2,0,2,0,0,0,0,0
249360,PopSci,,4,0,4,4,0,4,0,0,0,0,2
249361,BeeBrookshire,,2,0,2,2,0,2,0,0,0,0,1
249363,David_Dobbs,,2,0,2,2,0,2,0,0,0,0,1
249398,MiriamGoldste,,2,0,2,2,0,2,0,0,0,0,1
249406,Trigonis,,2,0,2,2,0,2,0,0,0,0,1
249413,CrowdfundingDo,,2,0,2,2,0,2,0,0,0,0,1
249460,kingsthings,,2,0,2,2,0,2,0,0,0,0,2
249493,odonnellbaeza,,2,0,2,2,0,2,0,0,0,0,0
249500,BrainTraffic,,2,0,2,2,0,2,0,0,0,0,2
249506,WilliamLevy,,2,0,2,2,0,2,0,0,0,0,2
249507,WorldOfWonder,,2,0,2,2,0,2,0,0,0,0,5
249523,xceed_official,,2,0,2,2,0,2,0,0,0,0,5
249619,ARTofWriting,,2,0,2,2,0,2,0,0,0,0,1
249772,radiopulsocl,,3,0,3,3,0,3,0,0,0,0,2
249832,partybusmexico,,2,0,2,2,0,2,0,0,0,0,2
249932,mayes17,,2,0,2,2,0,2,0,0,0,0,6
249939,elevatorrichie,,2,0,2,2,0,2,0,0,0,0,0
250061,VanessaPur,,2,0,2,2,0,2,0,0,0,0,7
250071,eva_bulku,,2,0,2,2,0,2,0,0,0,0,4
250389,DJProject46,,2,0,2,2,0,2,0,0,0,0,6
250392,tapbots,,3,0,3,3,0,3,0,0,0,0,4
250400,hauntedevenings,,2,0,2,2,0,2,0,0,0,0,0
250401,TheHauntedHub,,2,0,2,2,0,2,0,0,0,0,0
250402,DorsetMysteries,,2,0,2,2,0,2,0,0,0,0,0
250407,Dorsetghost,,2,0,2,2,0,2,0,0,0,0,0
250409,amhaunted,,3,0,3,3,0,3,0,0,0,0,7
250412,the_worldface,,3,0,3,3,0,3,0,0,0,0,7
250434,Exploretravel2,,2,0,2,2,0,2,0,0,0,0,7
250453,paulyhiggins,,2,0,2,2,0,2,0,0,0,0,2
250487,ImmigrantSpiriD,,2,0,2,2,0,2,0,0,0,0,4
250542,armadaskis,,2,0,2,2,0,2,0,0,0,0,0
250554,SzuritaOficial,,2,0,2,2,0,2,0,0,0,0,2
250575,mrdannyglover,,2,0,2,2,0,2,0,0,0,0,2
250624,NASA_Gift_Shop,,2,0,2,2,0,2,0,0,0,0,2
250700,spacemarch,,2,0,2,2,0,2,0,0,0,0,2
250714,spacegovuk,,2,0,2,2,0,2,0,0,0,0,2
250716,space,,2,0,2,2,0,2,0,0,0,0,2
250726,HuffPostImpact,,2,0,2,2,0,2,0,0,0,0,2
250738,DowntonAbbey,,3,0,3,3,0,3,0,0,0,0,5
250739,IDF,,2,0,2,2,0,2,0,0,0,0,2
250743,BostonGlobe,,2,0,2,2,0,2,0,0,0,0,3
250748,jackjohnson,,3,0,3,3,0,3,0,0,0,0,2
250752,NatGeoEducation,,2,0,2,2,0,2,0,0,0,0,1
250771,la5ty,,2,0,2,2,0,2,0,0,0,0,6
250791,ObsMagazine,,2,0,2,2,0,2,0,0,0,0,3
250816,worldbooktravel,,2,0,2,2,0,2,0,0,0,0,7
250818,mobileworldlive,,2,0,2,2,0,2,0,0,0,0,7
250820,MYWorld2030,,2,0,2,2,0,2,0,0,0,0,1
250837,DavidB_L,,2,0,2,2,0,2,0,0,0,0,5
250841,abialton,,2,0,2,2,0,2,0,0,0,0,1
250854,LukeFriendMusic,,2,0,2,2,0,2,0,0,0,0,1
250932,fashioinsta,,2,0,2,2,0,2,0,0,0,0,3
250988,cfleesphotograp,,2,0,2,2,0,2,0,0,0,0,6
251015,SusanDaleShow,,2,0,2,2,0,2,0,0,0,0,2
251017,TRXtraining,,2,0,2,2,0,2,0,0,0,0,5
251025,Anastasiamusic1,,2,0,2,2,0,2,0,0,0,0,2
251896,iadorewomen_,,2,0,2,2,0,2,0,0,0,0,8
251897,SmiIe,,2,0,2,2,0,2,0,0,0,0,2
251912,c_beretas,,2,0,2,2,0,2,0,0,0,0,7
251978,ctowersajc,,2,0,2,2,0,2,0,0,0,0,2
251979,Aykis16,,2,0,2,2,0,2,0,0,0,0,2
251983,sam_amick,,2,0,2,2,0,2,0,0,0,0,2
251994,PeterRNeumann,,3,0,3,3,0,3,0,0,0,0,1
252008,imarleneking,,3,0,3,3,0,3,0,0,0,0,2
252028,Artosis,,2,0,2,2,0,2,0,0,0,0,2
252067,chandlerbingsx,,2,0,2,2,0,2,0,0,0,0,0
252093,BBCNorfolk,,2,0,2,2,0,2,0,0,0,0,3
252103,WBG_Poverty,,2,0,2,2,0,2,0,0,0,0,2
252109,ElieSaabWorld,,2,0,2,2,0,2,0,0,0,0,0
252114,worldarchery,,2,0,2,2,0,2,0,0,0,0,2
252115,Rugbyworldmag,,2,0,2,2,0,2,0,0,0,0,0
252147,Randy_Gage,,2,0,2,2,0,2,0,0,0,0,2
252251,theknottybride,,2,0,2,2,0,2,0,0,0,0,0
252255,WeddingWire,,2,0,2,2,0,2,0,0,0,0,0
252257,weddingchicks,,2,0,2,2,0,2,0,0,0,0,0
252259,grnweddingshoes,,2,0,2,2,0,2,0,0,0,0,0
252268,LaraJade_,,2,0,2,2,0,2,0,0,0,0,0
252273,scottbourne,,2,0,2,2,0,2,0,0,0,0,2
252278,julieannekost,,2,0,2,2,0,2,0,0,0,0,2
252279,terrylwhite,,2,0,2,2,0,2,0,0,0,0,2
252280,coreyps3D,,2,0,2,2,0,2,0,0,0,0,2
252281,ricksammon,,2,0,2,2,0,2,0,0,0,0,2
252302,davecross,,2,0,2,2,0,2,0,0,0,0,2
252303,PhotonewsPN,,2,0,2,2,0,2,0,0,0,0,6
252304,PhotographyWeek,,2,0,2,2,0,2,0,0,0,0,7
252305,prophotomag,,2,0,2,2,0,2,0,0,0,0,6
252307,aboutrc,,2,0,2,2,0,2,0,0,0,0,2
252308,AP_Magazine,,2,0,2,2,0,2,0,0,0,0,7
252309,chasejarvis,,3,0,3,3,0,3,0,0,0,0,2
252310,MattKloskowski,,2,0,2,2,0,2,0,0,0,0,2
252311,JoeMcNallyPhoto,,2,0,2,2,0,2,0,0,0,0,2
252313,ScottKelby,,3,0,3,3,0,3,0,0,0,0,6
252315,KenKaminesky,,2,0,2,2,0,2,0,0,0,0,7
252316,BestofKickstart,,2,0,2,2,0,2,0,0,0,0,3
252317,zarias,,2,0,2,2,0,2,0,0,0,0,2
252318,OutdoorPhotoMag,,2,0,2,2,0,2,0,0,0,0,7
252319,photoblggr,,3,0,3,3,0,3,0,0,0,0,6
252320,bernabephoto,,3,0,3,3,0,3,0,0,0,0,1
252339,justfreestuff,,2,0,2,2,0,2,0,0,0,0,3
252381,JvnFineArt,,2,0,2,2,0,2,0,0,0,0,2
252389,matisyahu,,2,0,2,2,0,2,0,0,0,0,8
252395,peteyorn,,2,0,2,2,0,2,0,0,0,0,5
252402,sween,,3,0,3,3,0,3,0,0,0,0,2
252456,PitchswagLtd,,3,0,3,3,0,3,0,0,0,0,1
252473,CrwdFndPlanning,,2,0,2,2,0,2,0,0,0,0,1
252506,NPO_KX,,2,0,2,2,0,2,0,0,0,0,1
252516,djtechnoboy,,2,0,2,2,0,2,0,0,0,0,2
252545,VJStreet,,2,0,2,2,0,2,0,0,0,0,0
252714,marstu67,,2,0,2,2,0,2,0,0,0,0,2
252722,_metafizik,,2,0,2,2,0,2,0,0,0,0,2
252731,victorcanizalez,,2,0,2,2,0,2,0,0,0,0,4
252732,BurtonBrown,,2,0,2,2,0,2,0,0,0,0,7
252881,SamOnTV,,2,0,2,2,0,2,0,0,0,0,2
252909,TheRedmenTV,,2,0,2,2,0,2,0,0,0,0,5
252910,KerrangTV,,2,0,2,2,0,2,0,0,0,0,2
252984,TheGaryo,,3,0,3,3,0,3,0,0,0,0,2
252988,corbinbleu,,2,0,2,2,0,2,0,0,0,0,2
253154,kissane,,2,0,2,2,0,2,0,0,0,0,2
253156,500px,,2,0,2,2,0,2,0,0,0,0,2
253166,TheOceanCleanup,,2,0,2,2,0,2,0,0,0,0,2
253210,Nasdaq,,3,0,3,3,0,3,0,0,0,0,2
253366,AmbAmerico,,2,0,2,2,0,2,0,0,0,0,1
253405,Darren_Collison,,2,0,2,2,0,2,0,0,0,0,2
253467,ThisIsLSR,,2,0,2,2,0,2,0,0,0,0,1
253527,AlexLeeWorld,,2,0,2,2,0,2,0,0,0,0,0
253530,ArtWorldMag,,2,0,2,2,0,2,0,0,0,0,2
253532,WFLWorldRun,,2,0,2,2,0,2,0,0,0,0,1
253539,WORLDMUSICAWARD,,2,0,2,2,0,2,0,0,0,0,0
253540,DigitalCameraW,,2,0,2,2,0,2,0,0,0,0,6
253680,HouseMusic2Day,,2,0,2,2,0,2,0,0,0,0,6
253704,DJDannyAvila,,2,0,2,2,0,2,0,0,0,0,6
253714,Noisia_nl,,2,0,2,2,0,2,0,0,0,0,6
253733,twistedbeak,,2,0,2,2,0,2,0,0,0,0,6
253736,PerrierMX,,2,0,2,2,0,2,0,0,0,0,4
253766,NinoLeitner,,2,0,2,2,0,2,0,0,0,0,0
253795,KeenanCahill,,2,0,2,2,0,2,0,0,0,0,2
253910,Heineken,,3,0,3,3,0,3,0,0,0,0,3
253955,carminspalace,,2,0,2,2,0,2,0,0,0,0,2
254051,bizsupportgovuk,,2,0,2,2,0,2,0,0,0,0,2
254072,isitvegan,,2,0,2,2,0,2,0,0,0,0,7
254079,phonak,,2,0,2,2,0,2,0,0,0,0,2
254084,LukeCutforth,,2,0,2,2,0,2,0,0,0,0,2
254085,ThisIsRobThomas,,2,0,2,2,0,2,0,0,0,0,2
254097,DannyKronstrom,,3,0,3,3,0,3,0,0,0,0,8
254213,Kokaneofficial,,2,0,2,2,0,2,0,0,0,0,2
254219,ScreaM_,,2,0,2,2,0,2,0,0,0,0,2
254220,Maniac_CSGO,,2,0,2,2,0,2,0,0,0,0,8
254221,shoxCSGO,,2,0,2,2,0,2,0,0,0,0,2
254222,Ex6TenZZZ,,2,0,2,2,0,2,0,0,0,0,2
254226,OfficialSmithZz,,2,0,2,2,0,2,0,0,0,0,2
254227,Happy1,,2,0,2,2,0,2,0,0,0,0,2
254228,Vitality_apEX,,2,0,2,2,0,2,0,0,0,0,2
254230,NBK,,2,0,2,2,0,2,0,0,0,0,2
254235,G2kennyS,,2,0,2,2,0,2,0,0,0,0,2
254243,OpenSciPlatform,,3,0,3,3,0,3,0,0,0,0,1
254249,Visually,,3,0,3,3,0,3,0,0,0,0,3
254268,RealBlackCoffee,,2,0,2,2,0,2,0,0,0,0,2
254342,InfinityWard,,2,0,2,2,0,2,0,0,0,0,2
254405,DestinyTheGame,,3,0,3,3,0,3,0,0,0,0,6
254496,firstworldme,,2,0,2,2,0,2,0,0,0,0,2
254509,NetballWorldCup,,2,0,2,2,0,2,0,0,0,0,2
254511,SkollWorldForum,,3,0,3,3,0,3,0,0,0,0,1
254580,PublicityGuru,,2,0,2,2,0,2,0,0,0,0,0
254581,JordaneSanson,,2,0,2,2,0,2,0,0,0,0,6
254582,benkubassek,,2,0,2,2,0,2,0,0,0,0,2
254584,mylifenbalance,,2,0,2,2,0,2,0,0,0,0,3
254585,BoKnowsMarkting,,2,0,2,2,0,2,0,0,0,0,2
254586,Moblized_Social,,2,0,2,2,0,2,0,0,0,0,2
254589,KnowGoGrow,,2,0,2,2,0,2,0,0,0,0,3
254590,Stephane_Baudin,,2,0,2,2,0,2,0,0,0,0,2
254593,Seotomize,,2,0,2,2,0,2,0,0,0,0,2
254616,RBNathanBear,,2,0,2,2,0,2,0,0,0,0,2
254684,dcpublicschools,,2,0,2,2,0,2,0,0,0,0,1
254695,cyberpr,,2,0,2,2,0,2,0,0,0,0,2
254728,Bocarivera,,2,0,2,2,0,2,0,0,0,0,2
254769,JesseLynStoner,,2,0,2,2,0,2,0,0,0,0,2
255054,SanyDin,,2,0,2,2,0,2,0,0,0,0,0
255091,alexfeist_de,,2,0,2,2,0,2,0,0,0,0,2
255113,Militarydotcom,,2,0,2,2,0,2,0,0,0,0,2
255199,creartunegocio,,2,0,2,2,0,2,0,0,0,0,6
255230,WBPubs,,3,0,3,3,0,3,0,0,0,0,2
255232,IrishTimesWorld,,2,0,2,2,0,2,0,0,0,0,1
255236,NFSworld,,2,0,2,2,0,2,0,0,0,0,2
255238,NetworkWorld,,3,0,3,3,0,3,0,0,0,0,1
255240,WorldFoodPrize,,2,0,2,2,0,2,0,0,0,0,0
255254,wsl,,2,0,2,2,0,2,0,0,0,0,1
255258,Warcraft,,2,0,2,2,0,2,0,0,0,0,2
255340,EDM_Spain,,2,0,2,2,0,2,0,0,0,0,0
255374,kcrw,,2,0,2,2,0,2,0,0,0,0,2
255386,kevanlee,,2,0,2,2,0,2,0,0,0,0,2
255410,Sugarfreedjs,,2,0,2,2,0,2,0,0,0,0,6
255422,ComPropertyDeal,,2,0,2,2,0,2,0,0,0,0,0
255432,TalhaBasaran,,2,0,2,2,0,2,0,0,0,0,6
255434,Himesovski,,2,0,2,2,0,2,0,0,0,0,1
255437,erkekterimi,,2,0,2,2,0,2,0,0,0,0,2
255439,aylak_adam,,2,0,2,2,0,2,0,0,0,0,2
255442,muhammet_ciceek,,2,0,2,2,0,2,0,0,0,0,2
255443,muthis_bilgi,,2,0,2,2,0,2,0,0,0,0,2
255526,RobotzRule,,2,0,2,2,0,2,0,0,0,0,3
255534,JuanSalamancaTp,,2,0,2,2,0,2,0,0,0,0,4
255571,ArtistOneTour,,2,0,2,2,0,2,0,0,0,0,7
255583,FrontiersMusic1,,2,0,2,2,0,2,0,0,0,0,2
255588,PINARECORDS1,,3,0,3,3,0,3,0,0,0,0,6
255895,mellealizee,,2,0,2,2,0,2,0,0,0,0,8
255899,FauveHautot,,2,0,2,2,0,2,0,0,0,0,8
255906,newlook,,3,0,3,3,0,3,0,0,0,0,2
256045,KuRaLsiz_,,2,0,2,2,0,2,0,0,0,0,2
256073,sanchezbravocom,,2,0,2,2,0,2,0,0,0,0,0
256102,_simonbenn,,2,0,2,2,0,2,0,0,0,0,2
256243,tv100,,2,0,2,2,0,2,0,0,0,0,2
256267,Radiolab,,2,0,2,2,0,2,0,0,0,0,1
256423,UISweden,,2,0,2,2,0,2,0,0,0,0,1
256425,MOCAPlatform,,2,0,2,2,0,2,0,0,0,0,0
256426,ILoveMCR,,2,0,2,2,0,2,0,0,0,0,3
256658,chr1sa,,3,0,3,3,0,3,0,0,0,0,3
256715,SocialabMx,,3,0,3,3,0,3,0,0,0,0,4
256743,robloc,,2,0,2,2,0,2,0,0,0,0,0
256903,earthquakeBot,,2,0,2,2,0,2,0,0,0,0,2
256929,mariavid,,2,0,2,2,0,2,0,0,0,0,4
256993,sgbrown77,,2,0,2,2,0,2,0,0,0,0,2
256999,iempowr,,2,0,2,2,0,2,0,0,0,0,6
257000,ArgelysQ,,3,0,3,3,0,3,0,0,0,0,4
257038,tfpHumorBlog,,2,0,2,2,0,2,0,0,0,0,0
257097,ODoceandrive,,3,0,3,3,0,3,0,0,0,0,2
257101,SankeysOfficial,,2,0,2,2,0,2,0,0,0,0,0
257183,LAWeeklyMusic,,2,0,2,2,0,2,0,0,0,0,2
257200,tweetbot,,2,0,2,2,0,2,0,0,0,0,0
257332,TeamWillDaily,,2,0,2,2,0,2,0,0,0,0,1
257385,ThomasNewson,,2,0,2,2,0,2,0,0,0,0,0
257405,AmandaCerny,,2,0,2,2,0,2,0,0,0,0,2
257483,fkalkbrenner,,2,0,2,2,0,2,0,0,0,0,6
257486,bravomagazin,,2,0,2,2,0,2,0,0,0,0,2
257495,EdwardNorton,,2,0,2,2,0,2,0,0,0,0,5
257497,swr3,,3,0,3,3,0,3,0,0,0,0,1
257499,Stylight,,2,0,2,2,0,2,0,0,0,0,2
257568,travisbarker,,2,0,2,2,0,2,0,0,0,0,2
257609,josemariaramon,,2,0,2,2,0,2,0,0,0,0,2
257621,MiaMartina,,2,0,2,2,0,2,0,0,0,0,1
257626,EmrahIs,,2,0,2,2,0,2,0,0,0,0,2
257646,BPM_Music,,2,0,2,2,0,2,0,0,0,0,6
257647,MotherOfSession,,2,0,2,2,0,2,0,0,0,0,0
257650,LuisSomazaC,,3,0,3,3,0,3,0,0,0,0,6
257651,TradingNation_,,2,0,2,2,0,2,0,0,0,0,2
257724,ibizarocksbar,,3,0,3,3,0,3,0,0,0,0,2
257763,BlackButterRecs,,2,0,2,2,0,2,0,0,0,0,2
257798,Hannover96,,2,0,2,2,0,2,0,0,0,0,1
257817,BlondieOfficial,,2,0,2,2,0,2,0,0,0,0,0
257839,elizalovechild,,2,0,2,2,0,2,0,0,0,0,2
257843,Rickontour,,2,0,2,2,0,2,0,0,0,0,2
257848,Timbaland,,3,0,3,3,0,3,0,0,0,0,2
257853,stefanofontana,,2,0,2,2,0,2,0,0,0,0,3
257869,calagracioneta,,3,0,3,3,0,3,0,0,0,0,2
257871,Mintloungeibiza,,2,0,2,2,0,2,0,0,0,0,4
257872,digitalibiza,,2,0,2,2,0,2,0,0,0,0,2
257892,Modestep,,3,0,3,3,0,3,0,0,0,0,2
257911,djalexcruz,,2,0,2,2,0,2,0,0,0,0,0
257942,dbxpro,,2,0,2,2,0,2,0,0,0,0,3
257951,RoyalOperaHouse,,2,0,2,2,0,2,0,0,0,0,2
258054,MaximMag,,2,0,2,2,0,2,0,0,0,0,0
258060,ZachBoychuk,,2,0,2,2,0,2,0,0,0,0,2
258080,FollowRapidito,,3,0,3,3,0,3,0,0,0,0,0
258084,boletin_vzla,,3,0,3,3,0,3,0,0,0,0,2
258091,Ross_Quintana,,2,0,2,2,0,2,0,0,0,0,0
258092,JanetNolton22,,2,0,2,2,0,2,0,0,0,0,2
258123,alis_alba,,2,0,2,2,0,2,0,0,0,0,2
258149,lovemessgs,,2,0,2,2,0,2,0,0,0,0,7
258161,hectorlunap,,2,0,2,2,0,2,0,0,0,0,0
258243,TheValidate,,2,0,2,2,0,2,0,0,0,0,2
258259,UltimateCrowd,,2,0,2,2,0,2,0,0,0,0,2
258260,AverageJoeVC,,2,0,2,2,0,2,0,0,0,0,2
258261,CFResources,,2,0,2,2,0,2,0,0,0,0,2
258262,Vision_Launch,,2,0,2,2,0,2,0,0,0,0,2
258263,promosuns,,2,0,2,2,0,2,0,0,0,0,2
258264,derekrundell,,2,0,2,2,0,2,0,0,0,0,2
258270,JoeMurfin,,2,0,2,2,0,2,0,0,0,0,0
258272,RealityCrowdTV,,2,0,2,2,0,2,0,0,0,0,2
258320,TravelandLust,,2,0,2,2,0,2,0,0,0,0,0
258344,maxturci,,2,0,2,2,0,2,0,0,0,0,0
258362,guillembaches,,2,0,2,2,0,2,0,0,0,0,7
258501,911well,,2,0,2,2,0,2,0,0,0,0,0
258502,venezoIanos,,2,0,2,2,0,2,0,0,0,0,2
258533,RonConway,,2,0,2,2,0,2,0,0,0,0,2
258553,twopmjunction,,2,0,2,2,0,2,0,0,0,0,2
258923,Sitiosespana,,3,0,3,3,0,3,0,0,0,0,1
259160,talenthouse,,2,0,2,2,0,2,0,0,0,0,2
259350,TeiraConsulting,,2,0,2,2,0,2,0,0,0,0,2
259359,edenproject,,3,0,3,3,0,3,0,0,0,0,1
259365,BBCGlos,,2,0,2,2,0,2,0,0,0,0,1
259442,Retweetmusical,,2,0,2,2,0,2,0,0,0,0,2
259477,praguepost,,2,0,2,2,0,2,0,0,0,0,2
259488,nparts,,2,0,2,2,0,2,0,0,0,0,1
259493,edu_post,,3,0,3,3,0,3,0,0,0,0,1
259495,businessposthq,,3,0,3,3,0,3,0,0,0,0,1
259520,SomaliPM,,2,0,2,2,0,2,0,0,0,0,1
259534,TheSims,,2,0,2,2,0,2,0,0,0,0,6
259535,unity3d,,3,0,3,3,0,3,0,0,0,0,2
259543,Deorro,,2,0,2,2,0,2,0,0,0,0,0
259607,amyschumer,,3,0,3,3,0,3,0,0,0,0,5
259627,theleaguefxx,,2,0,2,2,0,2,0,0,0,0,2
259628,jonlajoiecomedy,,2,0,2,2,0,2,0,0,0,0,2
259634,JimGaffigan,,2,0,2,2,0,2,0,0,0,0,2
259656,Youngprince8700,,2,0,2,2,0,2,0,0,0,0,6
259677,beatmashmag,,3,0,3,3,0,3,0,0,0,0,6
259680,djericromano,,2,0,2,2,0,2,0,0,0,0,2
259688,noforumhere,,2,0,2,2,0,2,0,0,0,0,6
259791,claradacosta,,3,0,3,3,0,3,0,0,0,0,2
259793,FMIFOfficial,,2,0,2,2,0,2,0,0,0,0,2
259819,CongresoWappM,,2,0,2,2,0,2,0,0,0,0,0
259821,MarkWoodwardLA,,2,0,2,2,0,2,0,0,0,0,2
259828,BookSizzle,,2,0,2,2,0,2,0,0,0,0,1
259857,PabstTheater,,2,0,2,2,0,2,0,0,0,0,3
259860,RadioMilwaukee,,2,0,2,2,0,2,0,0,0,0,3
259874,MontanaCWR,,2,0,2,2,0,2,0,0,0,0,6
259993,SenatorDurbin,,2,0,2,2,0,2,0,0,0,0,2
259994,MSFTAdvertising,,2,0,2,2,0,2,0,0,0,0,4
259996,Amareisreal,,2,0,2,2,0,2,0,0,0,0,2
259999,MRPORTERLIVE,,2,0,2,2,0,2,0,0,0,0,2
260204,CoSchedule,,2,0,2,2,0,2,0,0,0,0,2
260210,joanna_haugen,,2,0,2,2,0,2,0,0,0,0,7
260218,LoLingtonPost,,3,0,3,3,0,3,0,0,0,0,3
260223,GlobalGolfPost,,2,0,2,2,0,2,0,0,0,0,0
260455,CHIP_online,,2,0,2,2,0,2,0,0,0,0,1
260457,internet_world,,2,0,2,2,0,2,0,0,0,0,1
260465,Bitkom,,2,0,2,2,0,2,0,0,0,0,1
260505,simplyywealth,,3,0,3,3,0,3,0,0,0,0,1
260542,Prevalent_King,,2,0,2,2,0,2,0,0,0,0,6
260603,gmanetwork,,2,0,2,2,0,2,0,0,0,0,2
260604,brazuca,,3,0,3,3,0,3,0,0,0,0,0
260606,CrisBerenguer,,2,0,2,2,0,2,0,0,0,0,6
260641,RadioPakistan,,2,0,2,2,0,2,0,0,0,0,2
260672,synthadelia,,2,0,2,2,0,2,0,0,0,0,6
260682,rfcrecords,,2,0,2,2,0,2,0,0,0,0,1
260786,ilPostMusica,,3,0,3,3,0,3,0,0,0,0,3
260869,npbooks,,2,0,2,2,0,2,0,0,0,0,2
260870,VeryFunnyPosts,,3,0,3,3,0,3,0,0,0,0,5
260886,IDAIRELAND,,3,0,3,3,0,3,0,0,0,0,1
260943,NYFFevents,,2,0,2,2,0,2,0,0,0,0,2
260975,scriciolo2,,2,0,2,2,0,2,0,0,0,0,2
260977,an_paci,,2,0,2,2,0,2,0,0,0,0,3
260979,GianniRidi,,2,0,2,2,0,2,0,0,0,0,2
260980,Dayafter2012,,2,0,2,2,0,2,0,0,0,0,3
261014,TrisaSoftech,,2,0,2,2,0,2,0,0,0,0,6
261101,bosmol,,2,0,2,2,0,2,0,0,0,0,1
261142,SplashRafting,,2,0,2,2,0,2,0,0,0,0,0
261199,KuttnerSarah,,2,0,2,2,0,2,0,0,0,0,2
261206,blogboy2,,2,0,2,2,0,2,0,0,0,0,2
261276,LiveNationUK,,2,0,2,2,0,2,0,0,0,0,5
261285,Pendulum,,2,0,2,2,0,2,0,0,0,0,2
261290,guideguardian,,2,0,2,2,0,2,0,0,0,0,3
261295,KissFMUK,,2,0,2,2,0,2,0,0,0,0,2
261335,heatworld,,3,0,3,3,0,3,0,0,0,0,2
261341,edc_uk,,2,0,2,2,0,2,0,0,0,0,7
261448,ImTheLastLegacy,,2,0,2,2,0,2,0,0,0,0,3
261506,joshcoffy,,3,0,3,3,0,3,0,0,0,0,2
261507,DDIworld,,2,0,2,2,0,2,0,0,0,0,1
261541,SYFYLA,,2,0,2,2,0,2,0,0,0,0,7
261632,SYFY_Spain,,2,0,2,2,0,2,0,0,0,0,0
261659,lecrin,,3,0,3,3,0,3,0,0,0,0,0
261717,nypostsports,,2,0,2,2,0,2,0,0,0,0,1
261722,HuffPostLA,,2,0,2,2,0,2,0,0,0,0,2
261724,HuffPostWeird,,2,0,2,2,0,2,0,0,0,0,2
261725,KyivPost,,2,0,2,2,0,2,0,0,0,0,1
261728,Jerusalem_Post,,2,0,2,2,0,2,0,0,0,0,2
261730,NoemaMag,,2,0,2,2,0,2,0,0,0,0,1
261734,HuffPostBooks,,2,0,2,2,0,2,0,0,0,0,2
261735,HuffPostFood,,2,0,2,2,0,2,0,0,0,0,6
261737,HuffPostComedy,,2,0,2,2,0,2,0,0,0,0,2
261740,HuffPostGreen,,2,0,2,2,0,2,0,0,0,0,1
261746,HuffPostUK,,2,0,2,2,0,2,0,0,0,0,2
261753,wwp,,2,0,2,2,0,2,0,0,0,0,2
261756,FollowChris,,2,0,2,2,0,2,0,0,0,0,2
261759,FDD,,2,0,2,2,0,2,0,0,0,0,1
261761,SimoneSimons,,2,0,2,2,0,2,0,0,0,0,2
261813,nigelhilditch,,2,0,2,2,0,2,0,0,0,0,2
261882,GrantCardone,,3,0,3,3,0,3,0,0,0,0,2
261888,idiotsdoingshit,,2,0,2,2,0,2,0,0,0,0,1
261938,Inspirationf,,2,0,2,2,0,2,0,0,0,0,0
261942,TFNN,,2,0,2,2,0,2,0,0,0,0,3
262000,PlatformGRAS,,2,0,2,2,0,2,0,0,0,0,2
262001,resultsports,,2,0,2,2,0,2,0,0,0,0,1
262013,firsttouchgames,,2,0,2,2,0,2,0,0,0,0,2
262042,MichaelHyatt,,2,0,2,2,0,2,0,0,0,0,2
262053,QuezMedia,,2,0,2,2,0,2,0,0,0,0,2
262072,RobertoLJustus,,2,0,2,2,0,2,0,0,0,0,2
262077,GalisteuOficial,,2,0,2,2,0,2,0,0,0,0,2
262099,larecord,,2,0,2,2,0,2,0,0,0,0,2
262110,houseoffraser,,2,0,2,2,0,2,0,0,0,0,2
262130,CBRE,,2,0,2,2,0,2,0,0,0,0,3
262166,AboutDCI,,2,0,2,2,0,2,0,0,0,0,0
262214,WHLive44,,2,0,2,2,0,2,0,0,0,0,3
262215,WHLive,,2,0,2,2,0,2,0,0,0,0,3
262224,ComedyOnIy,,2,0,2,2,0,2,0,0,0,0,2
262243,StanCollymore,,2,0,2,2,0,2,0,0,0,0,2
262255,ErinAndrews,,2,0,2,2,0,2,0,0,0,0,1
262261,LakersReporter,,2,0,2,2,0,2,0,0,0,0,2
262281,VibrantGujarat,,2,0,2,2,0,2,0,0,0,0,1
262503,MrDonTrip,,2,0,2,2,0,2,0,0,0,0,1
262674,WeddingsJust4u,,2,0,2,2,0,2,0,0,0,0,0
262681,gruset,,2,0,2,2,0,2,0,0,0,0,7
262683,sheenamwhite,,2,0,2,2,0,2,0,0,0,0,2
262702,reisquarteu,,2,0,2,2,0,2,0,0,0,0,0
262707,RedAMLOmx,,2,0,2,2,0,2,0,0,0,0,2
262741,mamur,,2,0,2,2,0,2,0,0,0,0,1
262781,FXS_Finance_EN,,2,0,2,2,0,2,0,0,0,0,3
262782,Dukascopy_TV,,2,0,2,2,0,2,0,0,0,0,0
262790,Dukascash,,2,0,2,2,0,2,0,0,0,0,6
262812,TheBookTweeters,,2,0,2,2,0,2,0,0,0,0,1
262858,MirandaSa_,,2,0,2,2,0,2,0,0,0,0,2
262869,Ygorusan,,2,0,2,2,0,2,0,0,0,0,2
262925,arabay,,2,0,2,2,0,2,0,0,0,0,2
262959,ventura_alessia,,2,0,2,2,0,2,0,0,0,0,2
262961,VenturaSara,,2,0,2,2,0,2,0,0,0,0,3
262962,jinnyminnylinny,,2,0,2,2,0,2,0,0,0,0,3
262973,giannifantoni,,2,0,2,2,0,2,0,0,0,0,3
262994,MadridEDM,,2,0,2,2,0,2,0,0,0,0,6
263008,zynga,,2,0,2,2,0,2,0,0,0,0,1
263077,angel_investing,,2,0,2,2,0,2,0,0,0,0,1
263098,AboutInvestment,,2,0,2,2,0,2,0,0,0,0,2
263111,Fidelity,,2,0,2,2,0,2,0,0,0,0,3
263114,Stocktwits,,2,0,2,2,0,2,0,0,0,0,1
263116,themotleyfool,,3,0,3,3,0,3,0,0,0,0,3
263122,zoesaldana,,3,0,3,3,0,3,0,0,0,0,2
263123,philmcnulty,,2,0,2,2,0,2,0,0,0,0,5
263125,BlackBerryHelp,,2,0,2,2,0,2,0,0,0,0,0
263132,FollowDeman,,3,0,3,3,0,3,0,0,0,0,2
263148,ManagersPro1,,2,0,2,2,0,2,0,0,0,0,2
263223,Elyas_MBarek,,2,0,2,2,0,2,0,0,0,0,2
263225,Bundesliga_DE,,3,0,3,3,0,3,0,0,0,0,2
263241,JedRecord,,2,0,2,2,0,2,0,0,0,0,1
263244,1937sportsedan,,2,0,2,2,0,2,0,0,0,0,2
263246,immofux,,2,0,2,2,0,2,0,0,0,0,6
263254,Whizbuzz,,2,0,2,2,0,2,0,0,0,0,2
263291,MacCocktail,,3,0,3,3,0,3,0,0,0,0,3
263344,womenlovetech,,2,0,2,2,0,2,0,0,0,0,0
263345,MikeSchiemer,,2,0,2,2,0,2,0,0,0,0,2
263347,JasonMHouck,,3,0,3,3,0,3,0,0,0,0,3
263351,InsourceLeads,,2,0,2,2,0,2,0,0,0,0,2
263358,PaksGallery,,2,0,2,2,0,2,0,0,0,0,7
263361,bluehost,,2,0,2,2,0,2,0,0,0,0,7
263404,ProSieben,,2,0,2,2,0,2,0,0,0,0,2
263415,geysar,,2,0,2,2,0,2,0,0,0,0,1
263551,UnicheckEdu,,2,0,2,2,0,2,0,0,0,0,7
263555,occamdigital,,2,0,2,2,0,2,0,0,0,0,4
263758,AlejandroSBasso,,2,0,2,2,0,2,0,0,0,0,2
263761,kopasoft,,2,0,2,2,0,2,0,0,0,0,4
263772,cursosmexico,,2,0,2,2,0,2,0,0,0,0,0
263788,famadeo,,2,0,2,2,0,2,0,0,0,0,4
263822,boysnoizerec,,2,0,2,2,0,2,0,0,0,0,2
263832,recordstoreday,,2,0,2,2,0,2,0,0,0,0,3
263924,CatMusicRomania,,2,0,2,2,0,2,0,0,0,0,2
263996,DeFiAuctions,,2,0,2,2,0,2,0,0,0,0,3
264044,JYoffie,,2,0,2,2,0,2,0,0,0,0,0
264056,InfluenceandCo,,2,0,2,2,0,2,0,0,0,0,0
264174,ArubaNetworks,,2,0,2,2,0,2,0,0,0,0,2
264177,RichardAngwin,,2,0,2,2,0,2,0,0,0,0,2
264264,subaru_es,,3,0,3,3,0,3,0,0,0,0,5
264279,Lauralcbl,,2,0,2,2,0,2,0,0,0,0,1
264288,AsierCazalis,,2,0,2,2,0,2,0,0,0,0,2
264289,CDCrock,,2,0,2,2,0,2,0,0,0,0,2
264294,vidaboheme,,3,0,3,3,0,3,0,0,0,0,2
264296,VALENCIAocio,,2,0,2,2,0,2,0,0,0,0,0
264303,VINILOVERSUS,,2,0,2,2,0,2,0,0,0,0,2
264337,incredibleviews,,2,0,2,2,0,2,0,0,0,0,6
264341,rcooley123,,2,0,2,2,0,2,0,0,0,0,2
264342,datalogictruth,,2,0,2,2,0,2,0,0,0,0,2
264379,ulfjens,,2,0,2,2,0,2,0,0,0,0,2
264383,ForrestGriffin,,2,0,2,2,0,2,0,0,0,0,6
264397,CarlosCondit,,2,0,2,2,0,2,0,0,0,0,2
264420,Alistairovereem,,2,0,2,2,0,2,0,0,0,0,2
264422,ProjectFairness,,2,0,2,2,0,2,0,0,0,0,2
264433,cesimzeydan,,2,0,2,2,0,2,0,0,0,0,2
264461,bkmkting,,2,0,2,2,0,2,0,0,0,0,2
264498,EmmaRoseberg,,2,0,2,2,0,2,0,0,0,0,1
264642,waonderfilm,,2,0,2,2,0,2,0,0,0,0,0
264644,CIPD_Events,,2,0,2,2,0,2,0,0,0,0,3
264645,personneltoday,,3,0,3,3,0,3,0,0,0,0,1
264647,HRZone,,3,0,3,3,0,3,0,0,0,0,1
264648,PeopleMgt,,3,0,3,3,0,3,0,0,0,0,1
264650,hrmagazine,,3,0,3,3,0,3,0,0,0,0,2
264651,lruettimann,,2,0,2,2,0,2,0,0,0,0,3
264652,talkworkculture,,2,0,2,2,0,2,0,0,0,0,2
264654,FistfulOfTalent,,3,0,3,3,0,3,0,0,0,0,2
264655,SHRM,,3,0,3,3,0,3,0,0,0,0,2
264659,kris_dunn,,2,0,2,2,0,2,0,0,0,0,2
264660,SteveBoese,,2,0,2,2,0,2,0,0,0,0,2
264661,isexton,,2,0,2,2,0,2,0,0,0,0,7
264662,SHRMnextchat,,2,0,2,2,0,2,0,0,0,0,2
264664,williamtincup,,2,0,2,2,0,2,0,0,0,0,7
264668,JohnSumser,,2,0,2,2,0,2,0,0,0,0,2
264676,EricTTung,,3,0,3,3,0,3,0,0,0,0,2
264682,TalentCulture,,2,0,2,2,0,2,0,0,0,0,1
264684,EmpireKred,,2,0,2,2,0,2,0,0,0,0,2
264693,DashBurst,,2,0,2,2,0,2,0,0,0,0,2
264706,jkcallas,,2,0,2,2,0,2,0,0,0,0,1
264708,KimReynolds,,3,0,3,3,0,3,0,0,0,0,2
264721,BBCiPlayer,,2,0,2,2,0,2,0,0,0,0,1
264722,bbccomedy,,2,0,2,2,0,2,0,0,0,0,3
264723,bbcthree,,2,0,2,2,0,2,0,0,0,0,2
264725,warnermusicde,,2,0,2,2,0,2,0,0,0,0,1
264727,BBCTwo,,2,0,2,2,0,2,0,0,0,0,2
264732,CrearEmpresaYa,,2,0,2,2,0,2,0,0,0,0,0
264750,fleetwoodmac,,2,0,2,2,0,2,0,0,0,0,2
264753,TheO2,,2,0,2,2,0,2,0,0,0,0,0
264790,PrimeVideo,,2,0,2,2,0,2,0,0,0,0,2
264818,Christian4Peeps,,2,0,2,2,0,2,0,0,0,0,2
264839,DEADLINE,,2,0,2,2,0,2,0,0,0,0,0
264871,EdgeRatedR,,2,0,2,2,0,2,0,0,0,0,2
264898,freyabos,,2,0,2,2,0,2,0,0,0,0,1
264906,wfschiltz,,2,0,2,2,0,2,0,0,0,0,1
264915,ReynebeauM,,2,0,2,2,0,2,0,0,0,0,1
264919,yvesd,,2,0,2,2,0,2,0,0,0,0,1
264979,YInspiration,,2,0,2,2,0,2,0,0,0,0,1
265031,SylvieNWS78,,2,0,2,2,0,2,0,0,0,0,2
265123,HarrisonComms,,2,0,2,2,0,2,0,0,0,0,3
265165,thevolves,,2,0,2,2,0,2,0,0,0,0,2
265239,negocionlineren,,3,0,3,3,0,3,0,0,0,0,0
265507,EDM_Monsters,,2,0,2,2,0,2,0,0,0,0,3
265523,7UP,,2,0,2,2,0,2,0,0,0,0,3
265524,Sprite,,2,0,2,2,0,2,0,0,0,0,0
265526,pepsi,,3,0,3,3,0,3,0,0,0,0,4
265532,Reaction_Radio,,2,0,2,2,0,2,0,0,0,0,6
265557,Hardwellonair,,2,0,2,2,0,2,0,0,0,0,0
265604,SuzeOrmanShow,,2,0,2,2,0,2,0,0,0,0,1
265605,CMEGroup,,3,0,3,3,0,3,0,0,0,0,2
265622,MissSMeis,,2,0,2,2,0,2,0,0,0,0,0
265623,nn_nederland,,2,0,2,2,0,2,0,0,0,0,0
265644,NLConference,,2,0,2,2,0,2,0,0,0,0,0
265645,MPINL,,2,0,2,2,0,2,0,0,0,0,0
265651,designershumor,,2,0,2,2,0,2,0,0,0,0,0
266067,RocioFerreyras,,2,0,2,2,0,2,0,0,0,0,6
266077,ValeriaFioreni,,2,0,2,2,0,2,0,0,0,0,6
266078,GiselaAgostinos,,2,0,2,2,0,2,0,0,0,0,6
266119,verenigingidea,,2,0,2,2,0,2,0,0,0,0,0
266122,eventplannerNET,,2,0,2,2,0,2,0,0,0,0,0
266268,wilw,,3,0,3,3,0,3,0,0,0,0,2
266274,museo_el_eco,,2,0,2,2,0,2,0,0,0,0,4
266275,museoAmodernoMX,,2,0,2,2,0,2,0,0,0,0,4
266276,CasadelLago,,2,0,2,2,0,2,0,0,0,0,4
266277,museodelchopo,,2,0,2,2,0,2,0,0,0,0,2
266278,MicroTeatroMex,,3,0,3,3,0,3,0,0,0,0,0
266279,museo_sancarlos,,2,0,2,2,0,2,0,0,0,0,4
266280,Carrillo_Gil,,2,0,2,2,0,2,0,0,0,0,4
266282,map_mexico,,2,0,2,2,0,2,0,0,0,0,2
266283,elolmedo_mx,,2,0,2,2,0,2,0,0,0,0,2
266284,m_estanquillo,,2,0,2,2,0,2,0,0,0,0,2
266285,anahuacalli,,3,0,3,3,0,3,0,0,0,0,2
266286,SanIldefonsoMx,,3,0,3,3,0,3,0,0,0,0,2
266287,museofranzmayer,,3,0,3,3,0,3,0,0,0,0,4
266289,imcine,,3,0,3,3,0,3,0,0,0,0,0
266290,TeatroElMilagro,,2,0,2,2,0,2,0,0,0,0,4
266291,Todo_Teatro,,3,0,3,3,0,3,0,0,0,0,0
266292,PalacioOficial,,3,0,3,3,0,3,0,0,0,0,2
266293,Fonoteca,,2,0,2,2,0,2,0,0,0,0,4
266294,FCEMexico,,2,0,2,2,0,2,0,0,0,0,4
266295,andypafa,,2,0,2,2,0,2,0,0,0,0,2
266296,Canal22,,2,0,2,2,0,2,0,0,0,0,2
266298,Noti_Teatro,,2,0,2,2,0,2,0,0,0,0,0
266300,LaCapillaTeatro,,2,0,2,2,0,2,0,0,0,0,4
266301,elteatrocdmx,,2,0,2,2,0,2,0,0,0,0,4
266303,cultura_mx,,3,0,3,3,0,3,0,0,0,0,2
266306,arteycultura,,2,0,2,2,0,2,0,0,0,0,4
266307,CulturaCiudadMx,,2,0,2,2,0,2,0,0,0,0,4
266308,shakespeareycia,,2,0,2,2,0,2,0,0,0,0,4
266309,teatrounam,,2,0,2,2,0,2,0,0,0,0,0
266310,Helenico,,2,0,2,2,0,2,0,0,0,0,4
266311,teatroinbal,,2,0,2,2,0,2,0,0,0,0,4
266313,cervantino,,3,0,3,3,0,3,0,0,0,0,0
266314,CCB_INBAL,,2,0,2,2,0,2,0,0,0,0,4
266315,Mx_Diputados,,2,0,2,2,0,2,0,0,0,0,4
266351,StartEngineLA,,2,0,2,2,0,2,0,0,0,0,2
266358,devbattles,,2,0,2,2,0,2,0,0,0,0,1
266363,GrowthHackerSEO,,3,0,3,3,0,3,0,0,0,0,0
266365,hnshah,,2,0,2,2,0,2,0,0,0,0,4
266366,morganb,,2,0,2,2,0,2,0,0,0,0,2
266372,mattbacak,,2,0,2,2,0,2,0,0,0,0,7
266438,Kriisiis,,2,0,2,2,0,2,0,0,0,0,7
266439,insanebizgrowth,,2,0,2,2,0,2,0,0,0,0,7
266444,jbonnel,,2,0,2,2,0,2,0,0,0,0,7
266445,Cath_woman,,2,0,2,2,0,2,0,0,0,0,2
266446,emiliemarquois,,2,0,2,2,0,2,0,0,0,0,2
266448,isabellemathieu,,2,0,2,2,0,2,0,0,0,0,7
266450,Christianmkg,,2,0,2,2,0,2,0,0,0,0,7
266496,AfricaRetweet,,2,0,2,2,0,2,0,0,0,0,2
266500,theemojisgame,,2,0,2,2,0,2,0,0,0,0,2
266505,PhilippeVandel,,2,0,2,2,0,2,0,0,0,0,8
266525,NFLRT,,2,0,2,2,0,2,0,0,0,0,2
266621,VIRGINproduced,,2,0,2,2,0,2,0,0,0,0,6
266757,DominicScott,,2,0,2,2,0,2,0,0,0,0,2
266766,360verified,,2,0,2,2,0,2,0,0,0,0,2
266810,OHMichael,,2,0,2,2,0,2,0,0,0,0,2
266814,GOPLeader,,2,0,2,2,0,2,0,0,0,0,2
266815,nextofficial,,2,0,2,2,0,2,0,0,0,0,2
266817,barclayscenter,,2,0,2,2,0,2,0,0,0,0,0
266818,USNavy,,3,0,3,3,0,3,0,0,0,0,3
266822,Rogozin,,3,0,3,3,0,3,0,0,0,0,2
266836,Song_Pusher,,2,0,2,2,0,2,0,0,0,0,0
266861,Jobvite,,2,0,2,2,0,2,0,0,0,0,3
266881,STAGECoPlatform,,3,0,3,3,0,3,0,0,0,0,2
266904,Tempo_IQ,,2,0,2,2,0,2,0,0,0,0,0
266917,PlatformLtdUK,,2,0,2,2,0,2,0,0,0,0,0
266921,WebPlatform,,2,0,2,2,0,2,0,0,0,0,0
266933,AdobeFlash,,2,0,2,2,0,2,0,0,0,0,2
266999,jasato89,,2,0,2,2,0,2,0,0,0,0,7
267008,scoopit,,3,0,3,3,0,3,0,0,0,0,4
267033,6Builder,,2,0,2,2,0,2,0,0,0,0,4
267083,EduInvestor,,2,0,2,2,0,2,0,0,0,0,8
267097,jeffpulver,,2,0,2,2,0,2,0,0,0,0,7
267099,CorpJetInvestor,,2,0,2,2,0,2,0,0,0,0,2
267107,SonidoEDM,,2,0,2,2,0,2,0,0,0,0,6
267128,Ale_BarralesM,,2,0,2,2,0,2,0,0,0,0,2
267131,PrensaGPPRI,,2,0,2,2,0,2,0,0,0,0,2
267133,Navarretecarlos,,2,0,2,2,0,2,0,0,0,0,2
267134,Jesus_ZambranoG,,2,0,2,2,0,2,0,0,0,0,4
267143,AccionNacional,,2,0,2,2,0,2,0,0,0,0,2
267145,JLozanoA,,2,0,2,2,0,2,0,0,0,0,0
267146,GustavoMadero,,2,0,2,2,0,2,0,0,0,0,2
267149,ErnestoCordero,,2,0,2,2,0,2,0,0,0,0,0
267150,ApoyoVial,,2,0,2,2,0,2,0,0,0,0,4
267151,Mzavalagc,,2,0,2,2,0,2,0,0,0,0,0
267152,g_quadri,,2,0,2,2,0,2,0,0,0,0,2
267153,072AvialCDMX,,2,0,2,2,0,2,0,0,0,0,2
267154,JosefinaVM,,2,0,2,2,0,2,0,0,0,0,0
267155,OVIALCDMX,,3,0,3,3,0,3,0,0,0,0,2
267157,SSC_CDMX,,2,0,2,2,0,2,0,0,0,0,2
267158,lopezobrador_,,3,0,3,3,0,3,0,0,0,0,2
267159,GobCDMX,,3,0,3,3,0,3,0,0,0,0,2
267160,m_ebrard,,3,0,3,3,0,3,0,0,0,0,0
267161,ManceraMiguelMX,,3,0,3,3,0,3,0,0,0,0,2
267163,EnriqueKrauze,,3,0,3,3,0,3,0,0,0,0,2
267164,SergioSarmiento,,2,0,2,2,0,2,0,0,0,0,2
267165,jshm00,,2,0,2,2,0,2,0,0,0,0,4
267167,aguilarcamin,,2,0,2,2,0,2,0,0,0,0,4
267168,beltrandelrio,,2,0,2,2,0,2,0,0,0,0,2
267169,DamianAlcazar,,2,0,2,2,0,2,0,0,0,0,0
267170,crayoliiita,,2,0,2,2,0,2,0,0,0,0,6
267171,leozuckermann,,2,0,2,2,0,2,0,0,0,0,4
267174,ChumelTorres,,3,0,3,3,0,3,0,0,0,0,2
267176,epigmenioibarra,,2,0,2,2,0,2,0,0,0,0,2
267186,lydiacachosi,,2,0,2,2,0,2,0,0,0,0,0
267187,jenarovillamil,,2,0,2,2,0,2,0,0,0,0,2
267188,julioastillero,,2,0,2,2,0,2,0,0,0,0,4
267189,JohnMAckerman,,2,0,2,2,0,2,0,0,0,0,2
267190,DrLorenzoMeyer,,2,0,2,2,0,2,0,0,0,0,4
267191,ElJeringasLoko,,2,0,2,2,0,2,0,0,0,0,6
267194,rubbbb,,2,0,2,2,0,2,0,0,0,0,2
267196,iauraB,,2,0,2,2,0,2,0,0,0,0,2
267200,sergioaguayo,,2,0,2,2,0,2,0,0,0,0,4
267203,warkentin,,2,0,2,2,0,2,0,0,0,0,2
267204,kdartigues,,2,0,2,2,0,2,0,0,0,0,4
267205,puigcarlos,,2,0,2,2,0,2,0,0,0,0,4
267215,Taibo2,,2,0,2,2,0,2,0,0,0,0,4
267216,Soy132MX,,2,0,2,2,0,2,0,0,0,0,4
267223,jramiroMX,,2,0,2,2,0,2,0,0,0,0,2
267244,whoisciv,,2,0,2,2,0,2,0,0,0,0,2
267245,InTheWordsOf_CM,,2,0,2,2,0,2,0,0,0,0,2
267246,JoshOkello,,2,0,2,2,0,2,0,0,0,0,2
267248,Loyalty360,,2,0,2,2,0,2,0,0,0,0,2
267249,AlisonLukin,,2,0,2,2,0,2,0,0,0,0,2
267250,AndreaVahl,,2,0,2,2,0,2,0,0,0,0,7
267262,farrugiadom,,2,0,2,2,0,2,0,0,0,0,8
267264,linfoduvrai,,2,0,2,2,0,2,0,0,0,0,1
267269,GTabard,,2,0,2,2,0,2,0,0,0,0,2
267275,FogielMarcO,,2,0,2,2,0,2,0,0,0,0,8
267278,jmaphatie,,2,0,2,2,0,2,0,0,0,0,1
267281,vincentglad,,2,0,2,2,0,2,0,0,0,0,2
267313,brochedan03,,2,0,2,2,0,2,0,0,0,0,8
267315,joe_le_zef,,2,0,2,2,0,2,0,0,0,0,8
267372,tsm_go4biz,,2,0,2,2,0,2,0,0,0,0,1
267472,Stella_Holman,,2,0,2,2,0,2,0,0,0,0,1
267525,1_fc_nuernberg,,2,0,2,2,0,2,0,0,0,0,1
267534,DPoelen,,2,0,2,2,0,2,0,0,0,0,7
267573,JenniferManteca,,3,0,3,3,0,3,0,0,0,0,2
267574,Ivo_64,,2,0,2,2,0,2,0,0,0,0,0
267578,Articles_4u,,2,0,2,2,0,2,0,0,0,0,0
267705,mjdwarner,,2,0,2,2,0,2,0,0,0,0,7
267857,ChinaAfricaBlog,,2,0,2,2,0,2,0,0,0,0,1
267859,saesouthafrica,,2,0,2,2,0,2,0,0,0,0,1
267865,SAENORTHAMERICA,,2,0,2,2,0,2,0,0,0,0,1
267869,ExodusAttack,,2,0,2,2,0,2,0,0,0,0,3
267871,Chris_Broderick,,2,0,2,2,0,2,0,0,0,0,3
267873,shawndrover,,2,0,2,2,0,2,0,0,0,0,3
267874,testament,,2,0,2,2,0,2,0,0,0,0,3
267875,ellefsondavid,,2,0,2,2,0,2,0,0,0,0,3
267876,myMotorhead,,3,0,3,3,0,3,0,0,0,0,2
267877,Anthrax,,2,0,2,2,0,2,0,0,0,0,2
267878,Slayer,,2,0,2,2,0,2,0,0,0,0,3
267886,Megadeth,,3,0,3,3,0,3,0,0,0,0,2
267887,Pantera,,2,0,2,2,0,2,0,0,0,0,2
267889,DaveMustaine,,2,0,2,2,0,2,0,0,0,0,3
267899,eddievanhalen,,2,0,2,2,0,2,0,0,0,0,2
267906,chickenfootjoe,,2,0,2,2,0,2,0,0,0,0,0
267910,stevevai,,2,0,2,2,0,2,0,0,0,0,0
267930,sae_institute,,2,0,2,2,0,2,0,0,0,0,1
267936,DarthVader,,3,0,3,3,0,3,0,0,0,0,2
267945,RealMattLucas,,3,0,3,3,0,3,0,0,0,0,2
267956,PicBadges,,2,0,2,2,0,2,0,0,0,0,8
267958,dottedmusic,,2,0,2,2,0,2,0,0,0,0,2
268025,SAEInstituteSGP,,2,0,2,2,0,2,0,0,0,0,1
268028,SAEALUMNI,,2,0,2,2,0,2,0,0,0,0,1
268029,SAE_France,,2,0,2,2,0,2,0,0,0,0,1
268031,SAE_Istanbul,,2,0,2,2,0,2,0,0,0,0,1
268032,SAEMiami,,2,0,2,2,0,2,0,0,0,0,1
268034,SAEinstituteUK,,2,0,2,2,0,2,0,0,0,0,1
268102,NABShow,,2,0,2,2,0,2,0,0,0,0,2
268116,13,,2,0,2,2,0,2,0,0,0,0,1
268166,esns,,2,0,2,2,0,2,0,0,0,0,2
268172,jefneve,,2,0,2,2,0,2,0,0,0,0,1
268176,saeamsterdam,,2,0,2,2,0,2,0,0,0,0,1
268186,EngineEarz,,2,0,2,2,0,2,0,0,0,0,2
268361,mithuhassan,,2,0,2,2,0,2,0,0,0,0,0
268421,1TattedWeedHead,,2,0,2,2,0,2,0,0,0,0,2
268437,frenchieriviera,,2,0,2,2,0,2,0,0,0,0,6
268438,Daniel_Kudro,,2,0,2,2,0,2,0,0,0,0,2
268439,StartupReport,,2,0,2,2,0,2,0,0,0,0,2
268446,placerdiario,,2,0,2,2,0,2,0,0,0,0,0
268453,AurelioBelandoM,,2,0,2,2,0,2,0,0,0,0,0
268488,PaulGAllen,,2,0,2,2,0,2,0,0,0,0,0
268527,pkedrosky,,2,0,2,2,0,2,0,0,0,0,1
268576,TheMiddleMarket,,2,0,2,2,0,2,0,0,0,0,2
268584,martech_zone,,2,0,2,2,0,2,0,0,0,0,2
268586,MarketingCory,,2,0,2,2,0,2,0,0,0,0,2
268588,TheMarketingSoc,,2,0,2,2,0,2,0,0,0,0,7
268589,SonyMusicMktg,,2,0,2,2,0,2,0,0,0,0,2
268591,CreativeMarket,,3,0,3,3,0,3,0,0,0,0,2
268642,marketingeficaz,,2,0,2,2,0,2,0,0,0,0,6
268648,YeuxMarketing,,3,0,3,3,0,3,0,0,0,0,0
268651,MarketingDTL,,2,0,2,2,0,2,0,0,0,0,6
268654,CGTalentoHumano,,2,0,2,2,0,2,0,0,0,0,2
268689,Impacta01,,3,0,3,3,0,3,0,0,0,0,0
268706,imm_zhaw,,2,0,2,2,0,2,0,0,0,0,1
268728,propmgmtinsider,,2,0,2,2,0,2,0,0,0,0,7
268830,MMAglobal,,2,0,2,2,0,2,0,0,0,0,7
268833,MarketingTips,,3,0,3,3,0,3,0,0,0,0,2
268838,HeadlineZooo,,2,0,2,2,0,2,0,0,0,0,3
268843,GoAcoustic,,4,0,4,4,0,4,0,0,0,0,2
268844,AdobeExpCloud,,2,0,2,2,0,2,0,0,0,0,2
268847,marketing,,2,0,2,2,0,2,0,0,0,0,2
268848,marketingcloud,,3,0,3,3,0,3,0,0,0,0,7
268853,GeorgeTakei,,2,0,2,2,0,2,0,0,0,0,5
268858,Neilyoung,,2,0,2,2,0,2,0,0,0,0,3
269024,itunesfestival,,3,0,3,3,0,3,0,0,0,0,2
269028,SkySportsF1,,3,0,3,3,0,3,0,0,0,0,0
269030,PIB_India,,2,0,2,2,0,2,0,0,0,0,2
269033,Angels,,2,0,2,2,0,2,0,0,0,0,2
269036,pewresearch,,2,0,2,2,0,2,0,0,0,0,2
269041,semrush,,3,0,3,3,0,3,0,0,0,0,0
269104,StudentLaunch,,2,0,2,2,0,2,0,0,0,0,1
269116,ANI,,2,0,2,2,0,2,0,0,0,0,2
269170,MediaMktgIT,,2,0,2,2,0,2,0,0,0,0,3
269173,GetNoticedVideo,,2,0,2,2,0,2,0,0,0,0,2
269204,Time2GrindRadio,,2,0,2,2,0,2,0,0,0,0,3
269262,MissJessaRhodes,,2,0,2,2,0,2,0,0,0,0,2
269263,AlexisMonroexxx,,2,0,2,2,0,2,0,0,0,0,2
269265,kamilahferrari,,2,0,2,2,0,2,0,0,0,0,2
269267,AbbyCrossXXX,,2,0,2,2,0,2,0,0,0,0,2
269268,YouknowRilynn,,2,0,2,2,0,2,0,0,0,0,2
269269,KarmenKarma,,2,0,2,2,0,2,0,0,0,0,2
269279,SheenaRyder1,,2,0,2,2,0,2,0,0,0,0,2
269280,LiLYLABEAU,,2,0,2,2,0,2,0,0,0,0,5
269281,SarahShevon,,2,0,2,2,0,2,0,0,0,0,2
269284,NikkiDelano,,2,0,2,2,0,2,0,0,0,0,2
269287,Devonleexxx,,2,0,2,2,0,2,0,0,0,0,2
269291,Brooklyn_Chase,,2,0,2,2,0,2,0,0,0,0,2
269295,DianaDollxxx,,2,0,2,2,0,2,0,0,0,0,2
269297,AidenStarr,,2,0,2,2,0,2,0,0,0,0,2
269298,alexisamore,,2,0,2,2,0,2,0,0,0,0,2
269302,NickiHunter,,2,0,2,2,0,2,0,0,0,0,2
269303,LylaStormxxx,,2,0,2,2,0,2,0,0,0,0,2
269305,BreeOlson,,2,0,2,2,0,2,0,0,0,0,2
269307,AngelVain,,2,0,2,2,0,2,0,0,0,0,2
269308,thejessicadrake,,2,0,2,2,0,2,0,0,0,0,2
269309,trinamichaels,,2,0,2,2,0,2,0,0,0,0,2
269330,LongRuggid,,2,0,2,2,0,2,0,0,0,0,6
269377,VINAI,,2,0,2,2,0,2,0,0,0,0,0
269415,appletree_ES,,3,0,3,3,0,3,0,0,0,0,0
269418,tim,,2,0,2,2,0,2,0,0,0,0,2
269438,iMore,,2,0,2,2,0,2,0,0,0,0,7
269440,tripavio,,2,0,2,2,0,2,0,0,0,0,2
269442,DiggApple,,2,0,2,2,0,2,0,0,0,0,2
269446,applestreem,,2,0,2,2,0,2,0,0,0,0,1
269527,BelfastFilmFes1,,2,0,2,2,0,2,0,0,0,0,0
269537,VailFilmFest,,2,0,2,2,0,2,0,0,0,0,2
269568,DohaFilm,,2,0,2,2,0,2,0,0,0,0,2
269569,TelegraphFilm,,2,0,2,2,0,2,0,0,0,0,3
269574,ebertchicago,,2,0,2,2,0,2,0,0,0,0,0
269589,johnbattelle,,2,0,2,2,0,2,0,0,0,0,1
269590,AmyJoMartin,,2,0,2,2,0,2,0,0,0,0,7
269592,porinju,,2,0,2,2,0,2,0,0,0,0,2
269596,cape,,2,0,2,2,0,2,0,0,0,0,2
269631,KerrangMagazine,,2,0,2,2,0,2,0,0,0,0,2
269688,thubten,,2,0,2,2,0,2,0,0,0,0,2
269692,marieforleo,,2,0,2,2,0,2,0,0,0,0,2
269738,WeddingHour,,2,0,2,2,0,2,0,0,0,0,1
269742,brides,,3,0,3,3,0,3,0,0,0,0,0
269807,MsLaurynHill,,3,0,3,3,0,3,0,0,0,0,2
269809,Astro_TJ,,2,0,2,2,0,2,0,0,0,0,4
269828,PledgeMusic,,2,0,2,2,0,2,0,0,0,0,2
269832,yalemusic,,2,0,2,2,0,2,0,0,0,0,1
269845,TeleMusicNews,,2,0,2,2,0,2,0,0,0,0,3
269852,YahooMusic,,3,0,3,3,0,3,0,0,0,0,2
269868,Astro_Cady,,2,0,2,2,0,2,0,0,0,0,4
269919,Astro_Jose,,3,0,3,3,0,3,0,0,0,0,2
269931,Astro_Wheels,,2,0,2,2,0,2,0,0,0,0,4
269940,Astro_Mike,,2,0,2,2,0,2,0,0,0,0,4
270116,IndiaToday,,3,0,3,3,0,3,0,0,0,0,2
270118,SamBaileyREAL,,3,0,3,3,0,3,0,0,0,0,1
270129,usairforce,,3,0,3,3,0,3,0,0,0,0,3
270140,thejoelstein,,2,0,2,2,0,2,0,0,0,0,3
270203,CocaCola_PT,,2,0,2,2,0,2,0,0,0,0,7
270208,EvanLysacek,,2,0,2,2,0,2,0,0,0,0,3
270220,CocaColaBE_nl,,2,0,2,2,0,2,0,0,0,0,2
270222,CocaCola_De,,2,0,2,2,0,2,0,0,0,0,1
270230,CocaColaAr,,3,0,3,3,0,3,0,0,0,0,2
270244,CocaCola_GB,,2,0,2,2,0,2,0,0,0,0,0
270246,CocaColaCo,,3,0,3,3,0,3,0,0,0,0,2
270250,AXE,,2,0,2,2,0,2,0,0,0,0,0
270304,DitchtheLabel,,2,0,2,2,0,2,0,0,0,0,2
270315,justlabelit,,2,0,2,2,0,2,0,0,0,0,2
270441,mercuryrecords,,2,0,2,2,0,2,0,0,0,0,2
270442,RelapseRecords,,2,0,2,2,0,2,0,0,0,0,2
270479,Spinefarm,,2,0,2,2,0,2,0,0,0,0,2
270480,SumerianRecords,,2,0,2,2,0,2,0,0,0,0,2
270481,DirtyHit,,2,0,2,2,0,2,0,0,0,0,2
270482,Roc_A_Fella,,2,0,2,2,0,2,0,0,0,0,2
270518,chipondac,,2,0,2,2,0,2,0,0,0,0,1
270562,shemaiahonthebt,,2,0,2,2,0,2,0,0,0,0,2
270574,SRA,,3,0,3,3,0,3,0,0,0,0,1
270612,alexhisaka,,2,0,2,2,0,2,0,0,0,0,1
270620,SEGA,,3,0,3,3,0,3,0,0,0,0,2
270664,PublicasteP,,3,0,3,3,0,3,0,0,0,0,6
270681,JoubertBotha,,2,0,2,2,0,2,0,0,0,0,2
270695,SoundHub,,2,0,2,2,0,2,0,0,0,0,6
270751,perquisite,,2,0,2,2,0,2,0,0,0,0,2
270762,TesResources,,3,0,3,3,0,3,0,0,0,0,1
270763,SchoolDuggery,,3,0,3,3,0,3,0,0,0,0,1
270764,UKStartUp,,3,0,3,3,0,3,0,0,0,0,2
270766,businessgov,,2,0,2,2,0,2,0,0,0,0,2
270767,StartUpBritain,,2,0,2,2,0,2,0,0,0,0,2
270772,DanielPriestley,,2,0,2,2,0,2,0,0,0,0,2
270779,SunZuonline,,2,0,2,2,0,2,0,0,0,0,0
270786,thomaspower,,3,0,3,3,0,3,0,0,0,0,7
270787,JayShettyIW,,2,0,2,2,0,2,0,0,0,0,2
270863,josephjett,,2,0,2,2,0,2,0,0,0,0,2
270902,wusa9,,2,0,2,2,0,2,0,0,0,0,0
270917,ANILAWHITNEY,,2,0,2,2,0,2,0,0,0,0,2
270918,pobenergy,,2,0,2,2,0,2,0,0,0,0,4
270921,PabloWeather,,3,0,3,3,0,3,0,0,0,0,2
270950,FinallyEven,,2,0,2,2,0,2,0,0,0,0,2
271049,adw1661,,2,0,2,2,0,2,0,0,0,0,2
271067,dmathches,,2,0,2,2,0,2,0,0,0,0,2
271140,lisabriercliffe,,2,0,2,2,0,2,0,0,0,0,4
271147,matteoricci,,3,0,3,3,0,3,0,0,0,0,3
271202,JMHHACKER,,3,0,3,3,0,3,0,0,0,0,2
271212,IBoomMedia,,2,0,2,2,0,2,0,0,0,0,2
271255,HRamonyCajalVA,,2,0,2,2,0,2,0,0,0,0,0
271275,kraptorband,,3,0,3,3,0,3,0,0,0,0,3
271280,Piclogy,,2,0,2,2,0,2,0,0,0,0,6
271309,MethaneMetal,,2,0,2,2,0,2,0,0,0,0,2
271357,VenturaInterim,,2,0,2,2,0,2,0,0,0,0,2
271367,pt_brasil,,2,0,2,2,0,2,0,0,0,0,7
271369,ptbrasil,,2,0,2,2,0,2,0,0,0,0,2
271377,senadorhumberto,,2,0,2,2,0,2,0,0,0,0,2
271379,gleisi,,2,0,2,2,0,2,0,0,0,0,2
271384,inst_lula,,2,0,2,2,0,2,0,0,0,0,2
271387,carosamigos,,2,0,2,2,0,2,0,0,0,0,2
271388,brasildefato,,2,0,2,2,0,2,0,0,0,0,2
271393,cartamaior,,2,0,2,2,0,2,0,0,0,0,2
271397,VIOMUNDO,,2,0,2,2,0,2,0,0,0,0,2
271402,luisnassif,,2,0,2,2,0,2,0,0,0,0,2
271455,CodyWolfeMusic,,2,0,2,2,0,2,0,0,0,0,3
271538,SteveMcEllis,,2,0,2,2,0,2,0,0,0,0,3
271563,comunicabile,,2,0,2,2,0,2,0,0,0,0,3
271564,renatapolverini,,3,0,3,3,0,3,0,0,0,0,3
271568,GiovanniToti,,2,0,2,2,0,2,0,0,0,0,3
271571,RobertoMaroni_,,3,0,3,3,0,3,0,0,0,0,3
271572,GuidoCrosetto,,2,0,2,2,0,2,0,0,0,0,3
271573,Ignazio_LaRussa,,2,0,2,2,0,2,0,0,0,0,3
271574,AlemannoTW,,2,0,2,2,0,2,0,0,0,0,3
271576,r_formigoni,,4,0,4,4,0,4,0,0,0,0,3
271577,QuagliarielloG,,2,0,2,2,0,2,0,0,0,0,3
271578,N_DeGirolamo,,2,0,2,2,0,2,0,0,0,0,3
271579,gianfranco_fini,,4,0,4,4,0,4,0,0,0,0,3
271580,YouDem,,3,0,3,3,0,3,0,0,0,0,3
271581,lalepatitucci,,2,0,2,2,0,2,0,0,0,0,2
271582,Karse,,3,0,3,3,0,3,0,0,0,0,2
271583,saraforesti,,2,0,2,2,0,2,0,0,0,0,2
271584,marisapassera,,3,0,3,3,0,3,0,0,0,0,2
271585,matteo_curti,,3,0,3,3,0,3,0,0,0,0,2
271586,CostyCaracciolo,,3,0,3,3,0,3,0,0,0,0,2
271643,rogierelshout,,2,0,2,2,0,2,0,0,0,0,1
271659,reyerslaat,,2,0,2,2,0,2,0,0,0,0,1
271686,KearneyRob,,2,0,2,2,0,2,0,0,0,0,1
271687,TommyBowe,,2,0,2,2,0,2,0,0,0,0,1
271688,RonanOGara10,,2,0,2,2,0,2,0,0,0,0,1
271690,BrianODriscoll,,2,0,2,2,0,2,0,0,0,0,1
271703,Scotlandteam,,2,0,2,2,0,2,0,0,0,0,2
271710,ApplePodcasts,,2,0,2,2,0,2,0,0,0,0,0
271712,iTunesTV,,3,0,3,3,0,3,0,0,0,0,3
271717,AppleTV,,3,0,3,3,0,3,0,0,0,0,3
271718,IamStevenT,,3,0,3,3,0,3,0,0,0,0,2
271773,MiCasaMusic,,2,0,2,2,0,2,0,0,0,0,2
271828,Matt_Morrison,,2,0,2,2,0,2,0,0,0,0,2
271838,OfficialALW,,2,0,2,2,0,2,0,0,0,0,2
271845,lesmisofficial,,2,0,2,2,0,2,0,0,0,0,2
271908,HeartImpaled1,,2,0,2,2,0,2,0,0,0,0,2
271956,socialevraagst,,2,0,2,2,0,2,0,0,0,0,1
272011,EOnl,,2,0,2,2,0,2,0,0,0,0,1
272134,therealspins,,2,0,2,2,0,2,0,0,0,0,6
272168,ImageShack,,2,0,2,2,0,2,0,0,0,0,0
272170,Po_st,,3,0,3,3,0,3,0,0,0,0,8
272205,TimeOutFilm,,2,0,2,2,0,2,0,0,0,0,0
272206,THR,,3,0,3,3,0,3,0,0,0,0,2
272212,Slamdance,,2,0,2,2,0,2,0,0,0,0,0
272215,empiremagazine,,3,0,3,3,0,3,0,0,0,0,2
272216,guardianfilm,,3,0,3,3,0,3,0,0,0,0,2
272218,FirstGlanceFilm,,2,0,2,2,0,2,0,0,0,0,0
272223,IMAX,,3,0,3,3,0,3,0,0,0,0,2
272224,Raindance,,2,0,2,2,0,2,0,0,0,0,0
272227,FansOfFilm,,2,0,2,2,0,2,0,0,0,0,0
272233,20thHomeEnt,,2,0,2,2,0,2,0,0,0,0,2
272235,moviescope,,2,0,2,2,0,2,0,0,0,0,0
272236,filmcourage,,2,0,2,2,0,2,0,0,0,0,0
272237,Film_Movement,,2,0,2,2,0,2,0,0,0,0,0
272238,totalfilm,,2,0,2,2,0,2,0,0,0,0,0
272239,glasscitymedia,,2,0,2,2,0,2,0,0,0,0,0
272247,AmericanFilm,,2,0,2,2,0,2,0,0,0,0,0
272248,Screendaily,,2,0,2,2,0,2,0,0,0,0,0
272274,musicpromoguys,,2,0,2,2,0,2,0,0,0,0,2
272277,lightinthebox,,2,0,2,2,0,2,0,0,0,0,2
272366,dontstayin_com,,2,0,2,2,0,2,0,0,0,0,2
272368,cooljunkie,,2,0,2,2,0,2,0,0,0,0,3
272391,AvalonHollywood,,2,0,2,2,0,2,0,0,0,0,2
272399,sxsw,,2,0,2,2,0,2,0,0,0,0,0
272422,STORYmiami,,2,0,2,2,0,2,0,0,0,0,2
272425,billboardbiz,,2,0,2,2,0,2,0,0,0,0,5
272450,Queennightclub,,2,0,2,2,0,2,0,0,0,0,1
272453,ExitFestival,,3,0,3,3,0,3,0,0,0,0,2
272465,loveibiza,,3,0,3,3,0,3,0,0,0,0,2
272471,RecordOfTheDay,,2,0,2,2,0,2,0,0,0,0,2
272475,Cosmopolitan_LV,,2,0,2,2,0,2,0,0,0,0,0
272481,TheBPMFestival,,2,0,2,2,0,2,0,0,0,0,2
272541,ZONA69radio,,2,0,2,2,0,2,0,0,0,0,4
272621,RGUpdate,,2,0,2,2,0,2,0,0,0,0,0
272624,lars_boom,,2,0,2,2,0,2,0,0,0,0,2
272625,katushacycling,,2,0,2,2,0,2,0,0,0,0,0
272627,laurenstendam,,2,0,2,2,0,2,0,0,0,0,2
272628,mcewenrobbie,,2,0,2,2,0,2,0,0,0,0,0
272629,mickrogers,,2,0,2,2,0,2,0,0,0,0,0
272631,Mark_Renshaw,,2,0,2,2,0,2,0,0,0,0,0
272632,mattgoss1986,,2,0,2,2,0,2,0,0,0,0,0
272633,simongerrans,,2,0,2,2,0,2,0,0,0,0,0
272635,millarmind,,2,0,2,2,0,2,0,0,0,0,0
272638,ryder_hesjedal,,2,0,2,2,0,2,0,0,0,0,0
272640,EFprocycling,,2,0,2,2,0,2,0,0,0,0,0
272641,CadelOfficial,,2,0,2,2,0,2,0,0,0,0,0
272651,letouryorkshire,,3,0,3,3,0,3,0,0,0,0,2
272849,JackNoyesKNBC,,2,0,2,2,0,2,0,0,0,0,2
272860,KendraWilkinson,,2,0,2,2,0,2,0,0,0,0,2
272862,crystalhefner,,2,0,2,2,0,2,0,0,0,0,2
272863,JennyMcCarthy,,2,0,2,2,0,2,0,0,0,0,2
272864,pamfoundation,,3,0,3,3,0,3,0,0,0,0,2
272873,hughhefner,,3,0,3,3,0,3,0,0,0,0,5
272905,addictedtoibiza,,2,0,2,2,0,2,0,0,0,0,0
272907,IbizaClubLive,,2,0,2,2,0,2,0,0,0,0,0
273041,TheAcademy,,3,0,3,3,0,3,0,0,0,0,2
273042,FilmmakerMag,,2,0,2,2,0,2,0,0,0,0,0
273044,FOXTV,,2,0,2,2,0,2,0,0,0,0,2
273045,ParamountMovies,,2,0,2,2,0,2,0,0,0,0,2
273068,soyranieri,,2,0,2,2,0,2,0,0,0,0,6
273069,AdelineMx,,2,0,2,2,0,2,0,0,0,0,6
273070,gavinmikhail,,3,0,3,3,0,3,0,0,0,0,2
273073,Spruke,,3,0,3,3,0,3,0,0,0,0,2
273102,Bob_Mayer,,2,0,2,2,0,2,0,0,0,0,2
273103,LynnNodland,,2,0,2,2,0,2,0,0,0,0,2
273116,TandMTV,,2,0,2,2,0,2,0,0,0,0,4
273122,SIChrisMannix,,2,0,2,2,0,2,0,0,0,0,2
273125,HPbasketball,,2,0,2,2,0,2,0,0,0,0,2
273210,ContentMktgTop,,2,0,2,2,0,2,0,0,0,0,3
273224,purematter,,2,0,2,2,0,2,0,0,0,0,2
273227,RobinGood,,3,0,3,3,0,3,0,0,0,0,3
273338,dannysullivan,,2,0,2,2,0,2,0,0,0,0,2
273340,randfish,,2,0,2,2,0,2,0,0,0,0,2
273341,sewatch,,2,0,2,2,0,2,0,0,0,0,2
273342,googlesearchc,,3,0,3,3,0,3,0,0,0,0,2
273343,avinash,,2,0,2,2,0,2,0,0,0,0,2
273344,Moz,,2,0,2,2,0,2,0,0,0,0,0
273345,mattcutts,,2,0,2,2,0,2,0,0,0,0,2
273346,sengineland,,3,0,3,3,0,3,0,0,0,0,2
273364,TOfilmfest,,2,0,2,2,0,2,0,0,0,0,2
273366,cannes,,2,0,2,2,0,2,0,0,0,0,1
273367,goldenglobes,,3,0,3,3,0,3,0,0,0,0,2
273416,Miramax,,2,0,2,2,0,2,0,0,0,0,2
273430,MagnoliaPics,,2,0,2,2,0,2,0,0,0,0,0
273436,filmfest,,2,0,2,2,0,2,0,0,0,0,0
273459,ADevotedYogi,,3,0,3,3,0,3,0,0,0,0,7
273487,BanginHits,,2,0,2,2,0,2,0,0,0,0,2
273495,juan_ruizgarcia,,3,0,3,3,0,3,0,0,0,0,0
273500,FocusFeatures,,3,0,3,3,0,3,0,0,0,0,2
273501,filmfestlounge,,2,0,2,2,0,2,0,0,0,0,0
273502,searchlightpics,,3,0,3,3,0,3,0,0,0,0,2
273503,filmandfestmag,,2,0,2,2,0,2,0,0,0,0,0
273504,Lionsgate,,3,0,3,3,0,3,0,0,0,0,2
273530,BoogerdLive,,2,0,2,2,0,2,0,0,0,0,2
273546,TopNotchNL,,2,0,2,2,0,2,0,0,0,0,2
273595,Juegos_Hispanos,,2,0,2,2,0,2,0,0,0,0,2
273664,DeportesTonoMX,,2,0,2,2,0,2,0,0,0,0,6
273668,HotelsScanner,,2,0,2,2,0,2,0,0,0,0,2
273669,JO3POTATO,,2,0,2,2,0,2,0,0,0,0,2
273671,Adebayo_Flexi,,2,0,2,2,0,2,0,0,0,0,2
273674,banwork,,3,0,3,3,0,3,0,0,0,0,2
273677,JerryBanfield,,3,0,3,3,0,3,0,0,0,0,2
273678,WisamAlhoor,,3,0,3,3,0,3,0,0,0,0,2
273679,DonBurgess_,,2,0,2,2,0,2,0,0,0,0,2
273680,perlajones,,3,0,3,3,0,3,0,0,0,0,2
273682,AdamHoulahan,,2,0,2,2,0,2,0,0,0,0,6
273685,OnlineCoursez,,3,0,3,3,0,3,0,0,0,0,2
273727,chefjoseandres,,3,0,3,3,0,3,0,0,0,0,1
273728,Bourdain,,4,0,4,4,0,4,0,0,0,0,7
273746,CanRocaCeller,,3,0,3,3,0,3,0,0,0,0,0
273747,Mugaritz,,2,0,2,2,0,2,0,0,0,0,0
273794,AnnetteGerrit,,2,0,2,2,0,2,0,0,0,0,2
273807,jolandakeizer,,2,0,2,2,0,2,0,0,0,0,2
273821,cesarmillan,,3,0,3,3,0,3,0,0,0,0,4
273827,GracenoteLive,,2,0,2,2,0,2,0,0,0,0,2
273875,Sportcommentaar,,2,0,2,2,0,2,0,0,0,0,2
273915,CeesVervoorn,,2,0,2,2,0,2,0,0,0,0,2
273928,MichelvanZanten,,2,0,2,2,0,2,0,0,0,0,2
273937,raemonsluiter,,2,0,2,2,0,2,0,0,0,0,2
274001,VirgilvDijk,,3,0,3,3,0,3,0,0,0,0,2
274020,JCFoundation,,2,0,2,2,0,2,0,0,0,0,1
274041,BobbiEden,,2,0,2,2,0,2,0,0,0,0,3
274046,Hadewych_Minis,,2,0,2,2,0,2,0,0,0,0,2
274060,IWC,,2,0,2,2,0,2,0,0,0,0,0
274070,BBCMOTD,,2,0,2,2,0,2,0,0,0,0,2
274078,SanderDekker,,3,0,3,3,0,3,0,0,0,0,1
274080,DanielLohues,,2,0,2,2,0,2,0,0,0,0,2
274083,FBaresi,,2,0,2,2,0,2,0,0,0,0,0
274088,FourFourTwo,,3,0,3,3,0,3,0,0,0,0,2
274091,marianne_vos,,2,0,2,2,0,2,0,0,0,0,2
274111,BoyanSlat,,2,0,2,2,0,2,0,0,0,0,1
274121,UzoAduba,,2,0,2,2,0,2,0,0,0,0,2
274122,LauraPrepon,,2,0,2,2,0,2,0,0,0,0,2
274123,TaySchilling,,2,0,2,2,0,2,0,0,0,0,2
274207,ZDFsport,,2,0,2,2,0,2,0,0,0,0,1
274208,sportschau,,2,0,2,2,0,2,0,0,0,0,1
274263,NikiTerpstra,,2,0,2,2,0,2,0,0,0,0,2
274289,RicoVerhoeven,,2,0,2,2,0,2,0,0,0,0,2
274314,GMA,,2,0,2,2,0,2,0,0,0,0,2
274332,Easy_Branches,,2,0,2,2,0,2,0,0,0,0,0
274371,DutchStartupmap,,2,0,2,2,0,2,0,0,0,0,1
274376,antaldewaij,,2,0,2,2,0,2,0,0,0,0,6
274388,Mike_Stelzner,,3,0,3,3,0,3,0,0,0,0,2
274389,AmyPorterfield,,2,0,2,2,0,2,0,0,0,0,2
274390,unmarketing,,2,0,2,2,0,2,0,0,0,0,2
274391,Scobleizer,,3,0,3,3,0,3,0,0,0,0,7
274392,LuriaPetrucci,,3,0,3,3,0,3,0,0,0,0,2
274393,patrickamadon,,3,0,3,3,0,3,0,0,0,0,2
274398,THErealDVORAK,,2,0,2,2,0,2,0,0,0,0,2
274401,ginatrapani,,2,0,2,2,0,2,0,0,0,0,3
274409,Ihnatko,,2,0,2,2,0,2,0,0,0,0,2
274411,acedtect,,2,0,2,2,0,2,0,0,0,0,2
274412,kencaillat,,3,0,3,3,0,3,0,0,0,0,2
274413,Veronica,,2,0,2,2,0,2,0,0,0,0,2
274415,leolaporte,,2,0,2,2,0,2,0,0,0,0,2
274416,SeanBeeson,,2,0,2,2,0,2,0,0,0,0,0
274450,v_shakthi,,2,0,2,2,0,2,0,0,0,0,2
274493,scotch_io,,2,0,2,2,0,2,0,0,0,0,2
274494,BestBuy,,2,0,2,2,0,2,0,0,0,0,2
274497,Walmart,,2,0,2,2,0,2,0,0,0,0,0
274500,tmagazine,,2,0,2,2,0,2,0,0,0,0,3
274503,NYTStyles,,3,0,3,3,0,3,0,0,0,0,2
274506,WhoWhatWear,,3,0,3,3,0,3,0,0,0,0,2
274507,NYTFashion,,3,0,3,3,0,3,0,0,0,0,2
274508,Fashionista_com,,3,0,3,3,0,3,0,0,0,0,2
274509,saks,,3,0,3,3,0,3,0,0,0,0,0
274510,VogueRunway,,3,0,3,3,0,3,0,0,0,0,2
274511,DVF,,2,0,2,2,0,2,0,0,0,0,2
274513,Bergdorfs,,3,0,3,3,0,3,0,0,0,0,0
274514,OscardelaRenta,,3,0,3,3,0,3,0,0,0,0,0
274516,FashionweekNYC,,2,0,2,2,0,2,0,0,0,0,2
274518,FashionWeek,,2,0,2,2,0,2,0,0,0,0,0
274519,LUMC_Leiden,,3,0,3,3,0,3,0,0,0,0,7
274523,groningermuseum,,3,0,3,3,0,3,0,0,0,0,2
274525,MinOCW,,3,0,3,3,0,3,0,0,0,0,1
274543,DennyTWright,,2,0,2,2,0,2,0,0,0,0,2
274544,rupertscofield,,2,0,2,2,0,2,0,0,0,0,2
274546,influencers360,,2,0,2,2,0,2,0,0,0,0,2
274547,CapitalOffice71,,2,0,2,2,0,2,0,0,0,0,2
274550,OmarTodd,,2,0,2,2,0,2,0,0,0,0,2
274554,DaveSumter,,2,0,2,2,0,2,0,0,0,0,2
274555,ElizabetMcQueen,,2,0,2,2,0,2,0,0,0,0,2
274558,PaulWedgwood,,2,0,2,2,0,2,0,0,0,0,2
274559,RichardLui,,2,0,2,2,0,2,0,0,0,0,2
274599,Androidheadline,,3,0,3,3,0,3,0,0,0,0,2
274602,jerichotech,,2,0,2,2,0,2,0,0,0,0,2
274629,NOH8Campaign,,2,0,2,2,0,2,0,0,0,0,2
274632,HRC,,2,0,2,2,0,2,0,0,0,0,2
274634,PinkNews,,2,0,2,2,0,2,0,0,0,0,2
274635,ItGetsBetter,,2,0,2,2,0,2,0,0,0,0,1
274639,stonewalluk,,2,0,2,2,0,2,0,0,0,0,2
274660,AlexGaskarth,,2,0,2,2,0,2,0,0,0,0,2
274718,phila1840,,2,0,2,2,0,2,0,0,0,0,7
274767,zeyil,,2,0,2,2,0,2,0,0,0,0,3
274777,SETIInstitute,,2,0,2,2,0,2,0,0,0,0,1
274778,MagnusOrbis,,2,0,2,2,0,2,0,0,0,0,2
274824,LunaLiuLlat,,2,0,2,2,0,2,0,0,0,0,2
274974,CityOfTheHague,,2,0,2,2,0,2,0,0,0,0,1
274996,JaimeRdzNL,,2,0,2,2,0,2,0,0,0,0,2
275034,bassimaestro,,2,0,2,2,0,2,0,0,0,0,2
275039,roofio,,2,0,2,2,0,2,0,0,0,0,3
275041,dargendamico,,3,0,3,3,0,3,0,0,0,0,3
275043,djshablo,,2,0,2,2,0,2,0,0,0,0,3
275046,fin2danti,,2,0,2,2,0,2,0,0,0,0,3
275050,THEREALENSI,,2,0,2,2,0,2,0,0,0,0,3
275051,theRealDonJoe,,2,0,2,2,0,2,0,0,0,0,3
275052,thereallafuria,,3,0,3,3,0,3,0,0,0,0,3
275053,therealclubdogo,,2,0,2,2,0,2,0,0,0,0,3
275054,ITSMADH,,2,0,2,2,0,2,0,0,0,0,3
275056,SkunkAnansie,,2,0,2,2,0,2,0,0,0,0,3
275112,TimKrul,,2,0,2,2,0,2,0,0,0,0,2
275133,Rijksakademie,,2,0,2,2,0,2,0,0,0,0,1
275134,de_Appel,,3,0,3,3,0,3,0,0,0,0,1
275155,weownrotterdam,,2,0,2,2,0,2,0,0,0,0,1
275164,RdamFestivals,,3,0,3,3,0,3,0,0,0,0,1
275179,Rotterdamevents,,2,0,2,2,0,2,0,0,0,0,1
275182,uitagendardam,,2,0,2,2,0,2,0,0,0,0,1
275192,rotterdamahoy,,3,0,3,3,0,3,0,0,0,0,2
275330,Radio_Italy,,2,0,2,2,0,2,0,0,0,0,1
275442,radiostudent,,2,0,2,2,0,2,0,0,0,0,1
275477,metinalista,,2,0,2,2,0,2,0,0,0,0,1
275481,StudioCity_,,2,0,2,2,0,2,0,0,0,0,1
275483,SpletnaMladina,,2,0,2,2,0,2,0,0,0,0,1
275583,BeOneRadio,,2,0,2,2,0,2,0,0,0,0,0
275628,BBCRadioKent,,2,0,2,2,0,2,0,0,0,0,1
275768,randizuckerberg,,2,0,2,2,0,2,0,0,0,0,3
275832,fabianchologia,,2,0,2,2,0,2,0,0,0,0,2
275836,ricktramos,,2,0,2,2,0,2,0,0,0,0,2
275868,masinutoscana,,2,0,2,2,0,2,0,0,0,0,3
275891,roccorossitto,,2,0,2,2,0,2,0,0,0,0,7
275938,FRYTG,,2,0,2,2,0,2,0,0,0,0,0
275946,Cecilyk,,2,0,2,2,0,2,0,0,0,0,2
275961,OMGgemma,,2,0,2,2,0,2,0,0,0,0,2
275964,ipodkingcarter,,2,0,2,2,0,2,0,0,0,0,2
276009,sara_ann_marie,,2,0,2,2,0,2,0,0,0,0,2
276068,B2Community,,3,0,3,3,0,3,0,0,0,0,7
276076,copyblogger,,2,0,2,2,0,2,0,0,0,0,2
276083,newscred,,3,0,3,3,0,3,0,0,0,0,2
276119,laformuladepina,,2,0,2,2,0,2,0,0,0,0,0
276121,nuclearblast,,2,0,2,2,0,2,0,0,0,0,2
276187,SCRIBBLE1978,,2,0,2,2,0,2,0,0,0,0,2
276190,UnbelievableRef,,2,0,2,2,0,2,0,0,0,0,6
276191,ConsejosGuru,,2,0,2,2,0,2,0,0,0,0,6
276192,sherehaan,,2,0,2,2,0,2,0,0,0,0,2
276196,DrAnthony,,2,0,2,2,0,2,0,0,0,0,4
276198,VeoVon,,2,0,2,2,0,2,0,0,0,0,6
276214,TopShelfSocial,,2,0,2,2,0,2,0,0,0,0,2
276242,CAA_Official,,2,0,2,2,0,2,0,0,0,0,2
276248,Ujjwal_krishna,,3,0,3,3,0,3,0,0,0,0,4
276249,sebastiancodex,,2,0,2,2,0,2,0,0,0,0,2
276251,altolabs,,3,0,3,3,0,3,0,0,0,0,7
276375,iamscottpage,,2,0,2,2,0,2,0,0,0,0,2
276439,Kyle_JSimmons,,2,0,2,2,0,2,0,0,0,0,2
276447,Woodythedrum,,2,0,2,2,0,2,0,0,0,0,2
276503,erolalkan,,2,0,2,2,0,2,0,0,0,0,2
276532,flyinglotus,,2,0,2,2,0,2,0,0,0,0,3
276558,kimbohellyeah,,2,0,2,2,0,2,0,0,0,0,2
276565,MetalNation247,,2,0,2,2,0,2,0,0,0,0,2
276610,_malmo_,,2,0,2,2,0,2,0,0,0,0,3
276649,HireOnSocial,,2,0,2,2,0,2,0,0,0,0,3
276658,MSocialBusiness,,2,0,2,2,0,2,0,0,0,0,0
276668,nycjim,,2,0,2,2,0,2,0,0,0,0,1
276687,shortyawards,,2,0,2,2,0,2,0,0,0,0,2
276691,SM_Experts,,2,0,2,2,0,2,0,0,0,0,1
276696,socialmediaclub,,3,0,3,3,0,3,0,0,0,0,4
276706,SocialMedia411,,3,0,3,3,0,3,0,0,0,0,2
276707,SocialMediaPlus,,2,0,2,2,0,2,0,0,0,0,2
276716,socialmediamind,,2,0,2,2,0,2,0,0,0,0,3
276719,SocialMedia_DB,,2,0,2,2,0,2,0,0,0,0,2
276720,smb2b,,2,0,2,2,0,2,0,0,0,0,2
276723,SocialMedia_RS,,2,0,2,2,0,2,0,0,0,0,2
276724,GiraffeSM,,3,0,3,3,0,3,0,0,0,0,4
276726,Christinekorda,,2,0,2,2,0,2,0,0,0,0,0
276727,socialmediaweek,,3,0,3,3,0,3,0,0,0,0,2
276728,socialmedia4D,,2,0,2,2,0,2,0,0,0,0,1
276731,SocialMediaOrg,,2,0,2,2,0,2,0,0,0,0,2
276783,brianclark,,2,0,2,2,0,2,0,0,0,0,4
276808,halvorson,,2,0,2,2,0,2,0,0,0,0,2
276815,ContentHackers,,2,0,2,2,0,2,0,0,0,0,3
276819,JamestownTweets,,2,0,2,2,0,2,0,0,0,0,1
276822,AmplifyTweets,,2,0,2,2,0,2,0,0,0,0,2
276827,LiveBossesfr,,2,0,2,2,0,2,0,0,0,0,8
276835,TruthTweet,,2,0,2,2,0,2,0,0,0,0,2
276843,GourmetTweets,,2,0,2,2,0,2,0,0,0,0,0
276864,TweetSmarter,,2,0,2,2,0,2,0,0,0,0,1
276866,WISE_Tweets,,3,0,3,3,0,3,0,0,0,0,1
276868,TweetYourScream,,2,0,2,2,0,2,0,0,0,0,1
276878,survivorcbs,,2,0,2,2,0,2,0,0,0,0,7
276879,Football__Tweet,,2,0,2,2,0,2,0,0,0,0,2
276881,htTweets,,2,0,2,2,0,2,0,0,0,0,2
276886,McInTweet,,3,0,3,3,0,3,0,0,0,0,2
276899,simplystacienet,,2,0,2,2,0,2,0,0,0,0,7
276902,StacieinAtlanta,,3,0,3,3,0,3,0,0,0,0,7
276906,AleaMilham,,2,0,2,2,0,2,0,0,0,0,2
276909,savvysassymoms,,2,0,2,2,0,2,0,0,0,0,2
276918,MomStart,,2,0,2,2,0,2,0,0,0,0,2
276961,stockpilingmoms,,2,0,2,2,0,2,0,0,0,0,2
276963,acadianathrifty,,2,0,2,2,0,2,0,0,0,0,2
276966,NateBlogs,,2,0,2,2,0,2,0,0,0,0,2
276967,MyEverydaySavvy,,2,0,2,2,0,2,0,0,0,0,2
276969,CourtneyPies,,2,0,2,2,0,2,0,0,0,0,2
276971,Sweasy26,,2,0,2,2,0,2,0,0,0,0,0
277008,CoombeAbbey,,2,0,2,2,0,2,0,0,0,0,4
277022,E_B_oficial,,2,0,2,2,0,2,0,0,0,0,6
277140,power100fm,,3,0,3,3,0,3,0,0,0,0,2
277159,CocaColaForMePe,,2,0,2,2,0,2,0,0,0,0,2
277162,TodayFM,,3,0,3,3,0,3,0,0,0,0,1
277177,capliverpool,,2,0,2,2,0,2,0,0,0,0,2
277227,SuperSportBlitz,,2,0,2,2,0,2,0,0,0,0,1
277254,bbuk,,2,0,2,2,0,2,0,0,0,0,1
277268,abcnews,,2,0,2,2,0,2,0,0,0,0,2
277384,TeleTVRadio,,2,0,2,2,0,2,0,0,0,0,3
277390,askjillian,,2,0,2,2,0,2,0,0,0,0,2
277411,amazonmusic,,3,0,3,3,0,3,0,0,0,0,2
277419,NewsHour,,2,0,2,2,0,2,0,0,0,0,3
277436,FollowWestwood,,2,0,2,2,0,2,0,0,0,0,2
277437,NotFollowMe1,,4,0,4,4,0,4,0,0,0,0,0
277450,MedvedevRussiaE,,3,0,3,3,0,3,0,0,0,0,2
277451,wwd,,3,0,3,3,0,3,0,0,0,0,2
277452,Borgore,,2,0,2,2,0,2,0,0,0,0,6
277472,SIN24Horas,,2,0,2,2,0,2,0,0,0,0,0
277476,ListinDiario,,2,0,2,2,0,2,0,0,0,0,0
277497,RodrigMarchena,,2,0,2,2,0,2,0,0,0,0,0
277530,DaniloMedina,,2,0,2,2,0,2,0,0,0,0,1
277553,AristyEscuder,,2,0,2,2,0,2,0,0,0,0,6
277594,Princess3Rina,,2,0,2,2,0,2,0,0,0,0,2
277675,FEofficial,,3,0,3,3,0,3,0,0,0,0,2
277680,9thwonder,,2,0,2,2,0,2,0,0,0,0,2
277709,AlaskaAir,,3,0,3,3,0,3,0,0,0,0,7
277728,joshreef,,2,0,2,2,0,2,0,0,0,0,0
277764,HenriFalconLara,,2,0,2,2,0,2,0,0,0,0,2
277767,juliocmontoya,,2,0,2,2,0,2,0,0,0,0,2
277768,antonioriverog,,2,0,2,2,0,2,0,0,0,0,2
277769,MiguelContigo,,3,0,3,3,0,3,0,0,0,0,2
277773,stalin_gonzalez,,2,0,2,2,0,2,0,0,0,0,2
277775,ANAVILLALBA,,2,0,2,2,0,2,0,0,0,0,2
277776,YonGoicoechea,,2,0,2,2,0,2,0,0,0,0,2
277777,partidoUNT,,2,0,2,2,0,2,0,0,0,0,2
277781,CesarPerezVivas,,2,0,2,2,0,2,0,0,0,0,2
277783,alfredoromero,,2,0,2,2,0,2,0,0,0,0,2
277784,lilianahs2013,,2,0,2,2,0,2,0,0,0,0,2
277787,elgochoceballos,,2,0,2,2,0,2,0,0,0,0,2
277791,richardmardo,,2,0,2,2,0,2,0,0,0,0,2
277792,EmilioGrateron,,2,0,2,2,0,2,0,0,0,0,2
277793,PabloPerezOf,,2,0,2,2,0,2,0,0,0,0,2
277802,RamonJoseMedina,,2,0,2,2,0,2,0,0,0,0,2
277804,JuanPGuanipa,,2,0,2,2,0,2,0,0,0,0,2
277805,orlandourdaneta,,2,0,2,2,0,2,0,0,0,0,2
277838,MarienBaker,,2,0,2,2,0,2,0,0,0,0,6
277843,__Fuerteventura,,2,0,2,2,0,2,0,0,0,0,6
277856,clickferry,,2,0,2,2,0,2,0,0,0,0,6
277888,MattCheatCodes,,2,0,2,2,0,2,0,0,0,0,2
277906,volkskrant,,2,0,2,2,0,2,0,0,0,0,1
278030,OVHcloud_US,,2,0,2,2,0,2,0,0,0,0,0
278031,VMwarevSphere,,2,0,2,2,0,2,0,0,0,0,0
278033,NetApp,,2,0,2,2,0,2,0,0,0,0,0
278045,edmphotosworld,,2,0,2,2,0,2,0,0,0,0,0
278048,CPITTIS,,3,0,3,3,0,3,0,0,0,0,2
278049,TylerNarducci_,,2,0,2,2,0,2,0,0,0,0,2
278075,WhiteningLtning,,2,0,2,2,0,2,0,0,0,0,6
278086,icarusaccount,,2,0,2,2,0,2,0,0,0,0,0
278102,SpinninSessions,,2,0,2,2,0,2,0,0,0,0,0
278110,EDMNations,,2,0,2,2,0,2,0,0,0,0,4
278176,RaffaellaOK,,2,0,2,2,0,2,0,0,0,0,2
278231,ADemocratica,,2,0,2,2,0,2,0,0,0,0,2
278232,TomasGuanipa,,2,0,2,2,0,2,0,0,0,0,2
278233,JulioBorges,,2,0,2,2,0,2,0,0,0,0,2
278234,Pr1meroJusticia,,3,0,3,3,0,3,0,0,0,0,2
278235,ramonmuchacho,,2,0,2,2,0,2,0,0,0,0,2
278236,VoluntadPopular,,2,0,2,2,0,2,0,0,0,0,2
278237,dsmolansky,,2,0,2,2,0,2,0,0,0,0,2
278238,IsmaelG_Oficial,,2,0,2,2,0,2,0,0,0,0,2
278239,CarlosOcariz,,2,0,2,2,0,2,0,0,0,0,2
278240,AndresVelasqz,,2,0,2,2,0,2,0,0,0,0,2
278241,GerardoBlyde,,2,0,2,2,0,2,0,0,0,0,2
278242,marquina04,,2,0,2,2,0,2,0,0,0,0,2
278243,alcaldeledezma,,3,0,3,3,0,3,0,0,0,0,2
278244,estebangerbasi,,2,0,2,2,0,2,0,0,0,0,2
278245,Diego_Arria,,2,0,2,2,0,2,0,0,0,0,2
278246,prensarcr,,2,0,2,2,0,2,0,0,0,0,2
278247,plomoparejo,,2,0,2,2,0,2,0,0,0,0,2
278248,PoleoRafael,,2,0,2,2,0,2,0,0,0,0,2
278249,faustomaso,,2,0,2,2,0,2,0,0,0,0,2
278250,IdaniaChirinos,,2,0,2,2,0,2,0,0,0,0,2
278251,PadreJosePalmar,,2,0,2,2,0,2,0,0,0,0,2
278252,GenPenaloza,,2,0,2,2,0,2,0,0,0,0,2
278253,RCR750,,2,0,2,2,0,2,0,0,0,0,2
278254,DiarioTalCual,,3,0,3,3,0,3,0,0,0,0,2
278255,PattyPoleo,,2,0,2,2,0,2,0,0,0,0,2
278256,eldiario,,2,0,2,2,0,2,0,0,0,0,2
278257,RConfidencial,,2,0,2,2,0,2,0,0,0,0,2
278258,unidadvenezuela,,2,0,2,2,0,2,0,0,0,0,2
278259,Slash,,3,0,3,3,0,3,0,0,0,0,2
278260,FERMINMARMOL,,2,0,2,2,0,2,0,0,0,0,2
278261,juanjosemolina,,2,0,2,2,0,2,0,0,0,0,2
278265,Reportero24,,2,0,2,2,0,2,0,0,0,0,2
278314,Kimberlynh24,,2,0,2,2,0,2,0,0,0,0,2
278316,SpiritRider1,,2,0,2,2,0,2,0,0,0,0,2
278317,WEBsarl,,2,0,2,2,0,2,0,0,0,0,2
278341,HighTechPanda,,2,0,2,2,0,2,0,0,0,0,0
278411,EstelleDarlings,,2,0,2,2,0,2,0,0,0,0,2
278416,rtrsports,,2,0,2,2,0,2,0,0,0,0,5
278431,MrsAnneTwist,,2,0,2,2,0,2,0,0,0,0,6
278433,DaniellePeazer,,2,0,2,2,0,2,0,0,0,0,2
278434,DavidHenrie,,2,0,2,2,0,2,0,0,0,0,2
278439,jamesmaslow,,2,0,2,2,0,2,0,0,0,0,2
278441,FallonTonight,,3,0,3,3,0,3,0,0,0,0,2
278442,DaRealAmberRose,,2,0,2,2,0,2,0,0,0,0,2
278443,proceso,,2,0,2,2,0,2,0,0,0,0,4
278445,Caitlyn_Jenner,,2,0,2,2,0,2,0,0,0,0,2
278447,France24_ar,,2,0,2,2,0,2,0,0,0,0,8
278448,andreolifelipe,,2,0,2,2,0,2,0,0,0,0,0
278449,ReikMx,,2,0,2,2,0,2,0,0,0,0,0
278452,DaneCook,,2,0,2,2,0,2,0,0,0,0,2
278453,drdrew,,2,0,2,2,0,2,0,0,0,0,4
278454,ilovegeorgina,,2,0,2,2,0,2,0,0,0,0,2
278455,AlAhram,,2,0,2,2,0,2,0,0,0,0,2
278456,MsLeaSalonga,,2,0,2,2,0,2,0,0,0,0,2
278457,jackybrv,,3,0,3,3,0,3,0,0,0,0,2
278461,VINNYGUADAGNINO,,2,0,2,2,0,2,0,0,0,0,5
278462,CamilaMX,,2,0,2,2,0,2,0,0,0,0,0
278465,Tbambino,,3,0,3,3,0,3,0,0,0,0,0
278466,SaraBareilles,,3,0,3,3,0,3,0,0,0,0,2
278467,DrakeBell,,2,0,2,2,0,2,0,0,0,0,2
278469,geglobo,,2,0,2,2,0,2,0,0,0,0,2
278473,DavidKWilliams,,2,0,2,2,0,2,0,0,0,0,6
278477,EspinozaOficial,,2,0,2,2,0,2,0,0,0,0,2
278479,danawhite,,2,0,2,2,0,2,0,0,0,0,2
278480,cerati,,3,0,3,3,0,3,0,0,0,0,2
278487,lopezandres,,3,0,3,3,0,3,0,0,0,0,2
278488,petewentz,,3,0,3,3,0,3,0,0,0,0,3
278494,CaioCastro,,2,0,2,2,0,2,0,0,0,0,2
278496,ShashiTharoor,,3,0,3,3,0,3,0,0,0,0,2
278498,kuyakim_atienza,,2,0,2,2,0,2,0,0,0,0,2
278499,nikkigil,,2,0,2,2,0,2,0,0,0,0,2
278501,TFLN,,2,0,2,2,0,2,0,0,0,0,1
278503,giseleofficial,,2,0,2,2,0,2,0,0,0,0,0
278504,Fonseca,,3,0,3,3,0,3,0,0,0,0,2
278506,MCHammer,,3,0,3,3,0,3,0,0,0,0,2
278507,jessicacediel,,2,0,2,2,0,2,0,0,0,0,0
278511,chrisrock,,2,0,2,2,0,2,0,0,0,0,2
278512,SeanKingston,,2,0,2,2,0,2,0,0,0,0,2
278514,ochocinco,,2,0,2,2,0,2,0,0,0,0,2
278516,JakeTAustin,,2,0,2,2,0,2,0,0,0,0,2
278519,zoetheband,,3,0,3,3,0,3,0,0,0,0,2
278528,FrancoDeVita,,3,0,3,3,0,3,0,0,0,0,2
278530,pamyurin,,2,0,2,2,0,2,0,0,0,0,2
278532,samuelmilby,,2,0,2,2,0,2,0,0,0,0,2
278536,jaimecamil,,2,0,2,2,0,2,0,0,0,0,0
278538,ElBaradei,,2,0,2,2,0,2,0,0,0,0,8
278540,joelmchale,,2,0,2,2,0,2,0,0,0,0,2
278542,HamzaNamira,,2,0,2,2,0,2,0,0,0,0,5
278543,belindapop,,3,0,3,3,0,3,0,0,0,0,2
278547,SportsNation,,3,0,3,3,0,3,0,0,0,0,2
278548,iyavillania,,2,0,2,2,0,2,0,0,0,0,2
278557,Nickelodeon,,3,0,3,3,0,3,0,0,0,0,2
278559,shreyaghoshal,,2,0,2,2,0,2,0,0,0,0,2
278561,maiteperroni,,3,0,3,3,0,3,0,0,0,0,0
278562,miseleccionmx,,2,0,2,2,0,2,0,0,0,0,2
278563,alexoficial,,3,0,3,3,0,3,0,0,0,0,4
278564,portalR7,,3,0,3,3,0,3,0,0,0,0,7
278565,alyankovic,,3,0,3,3,0,3,0,0,0,0,2
278568,YordiRosado,,2,0,2,2,0,2,0,0,0,0,2
278569,DebbyRyan,,3,0,3,3,0,3,0,0,0,0,2
278570,galifianakisz,,2,0,2,2,0,2,0,0,0,0,2
278574,BillCosby,,3,0,3,3,0,3,0,0,0,0,2
278576,fayez_malki,,2,0,2,2,0,2,0,0,0,0,2
278583,rainnwilson,,2,0,2,2,0,2,0,0,0,0,2
278585,RandyOrton,,2,0,2,2,0,2,0,0,0,0,2
278589,ChinoyNacho,,3,0,3,3,0,3,0,0,0,0,2
278591,GloriaTrevi,,2,0,2,2,0,2,0,0,0,0,2
278592,polo_polo,,2,0,2,2,0,2,0,0,0,0,2
278593,syntekoficial,,4,0,4,4,0,4,0,0,0,0,2
278595,NoelSchajris,,3,0,3,3,0,3,0,0,0,0,2
278596,RevRunWisdom,,2,0,2,2,0,2,0,0,0,0,1
278597,wisinyyandel,,3,0,3,3,0,3,0,0,0,0,2
278598,luckymanzano,,2,0,2,2,0,2,0,0,0,0,2
278599,DONOMAR,,3,0,3,3,0,3,0,0,0,0,2
278602,imdanielpadilla,,2,0,2,2,0,2,0,0,0,0,2
278603,itskcconcepcion,,2,0,2,2,0,2,0,0,0,0,2
278604,iamjamiefoxx,,3,0,3,3,0,3,0,0,0,0,2
278609,msdhoni,,2,0,2,2,0,2,0,0,0,0,2
278610,iamsuperbianca,,2,0,2,2,0,2,0,0,0,0,2
278611,facufacundo,,3,0,3,3,0,3,0,0,0,0,2
278628,VenVN,,2,0,2,2,0,2,0,0,0,0,2
278636,ZonMw,,3,0,3,3,0,3,0,0,0,0,1
278640,Trimbos,,3,0,3,3,0,3,0,0,0,0,2
278641,BBnieuws,,2,0,2,2,0,2,0,0,0,0,1
278643,vng_magazine,,2,0,2,2,0,2,0,0,0,0,1
278645,MinVWS,,3,0,3,3,0,3,0,0,0,0,1
278647,VNGjeugdhulp,,2,0,2,2,0,2,0,0,0,0,1
278651,VNGemeenten,,2,0,2,2,0,2,0,0,0,0,1
278655,MinIenW,,2,0,2,2,0,2,0,0,0,0,1
278675,ParisAeroport,,2,0,2,2,0,2,0,0,0,0,2
278679,Schiphol,,2,0,2,2,0,2,0,0,0,0,2
278690,TheFoundryTeam,,2,0,2,2,0,2,0,0,0,0,2
278692,weta_digital,,2,0,2,2,0,2,0,0,0,0,2
278699,PixelFilmStudio,,2,0,2,2,0,2,0,0,0,0,1
278738,steveyeun,,3,0,3,3,0,3,0,0,0,0,2
278739,LaurenCohan,,3,0,3,3,0,3,0,0,0,0,2
278740,emmykinney,,3,0,3,3,0,3,0,0,0,0,2
278741,chandlerriggs,,3,0,3,3,0,3,0,0,0,0,2
278742,ChadLColeman,,2,0,2,2,0,2,0,0,0,0,2
278744,Laurie_Holden,,2,0,2,2,0,2,0,0,0,0,2
278745,Cudlitz,,2,0,2,2,0,2,0,0,0,0,2
278746,davemorrissey64,,2,0,2,2,0,2,0,0,0,0,2
278747,DanaiGurira,,2,0,2,2,0,2,0,0,0,0,2
278748,WalkingDead_AMC,,3,0,3,3,0,3,0,0,0,0,2
278751,mcbridemelissa,,2,0,2,2,0,2,0,0,0,0,2
278756,amnediel,,3,0,3,3,0,3,0,0,0,0,6
278802,cochesnet,,3,0,3,3,0,3,0,0,0,0,4
278834,elmejorcoche,,2,0,2,2,0,2,0,0,0,0,4
278838,_automocionblog,,2,0,2,2,0,2,0,0,0,0,4
278880,johnlcooper,,2,0,2,2,0,2,0,0,0,0,3
278884,koreycooper,,2,0,2,2,0,2,0,0,0,0,3
278886,MorrisonSeth,,2,0,2,2,0,2,0,0,0,0,3
278890,skilletmusic,,2,0,2,2,0,2,0,0,0,0,3
278967,LeaderChat,,2,0,2,2,0,2,0,0,0,0,2
278968,scedmonds,,2,0,2,2,0,2,0,0,0,0,4
278969,jogebauer,,2,0,2,2,0,2,0,0,0,0,2
278970,illwah,,3,0,3,3,0,3,0,0,0,0,2
278972,yuregimdeki_sir,,2,0,2,2,0,2,0,0,0,0,6
278973,dreckbaerfrau,,2,0,2,2,0,2,0,0,0,0,2
278977,RLOZINSKI,,2,0,2,2,0,2,0,0,0,0,2
278979,ChuoTorrealba,,2,0,2,2,0,2,0,0,0,0,2
278980,rolandcarreno,,2,0,2,2,0,2,0,0,0,0,2
278981,dianacaroruiz,,2,0,2,2,0,2,0,0,0,0,2
278982,edoilustrado,,2,0,2,2,0,2,0,0,0,0,2
278983,ibepacheco,,2,0,2,2,0,2,0,0,0,0,2
278985,carlaangola,,2,0,2,2,0,2,0,0,0,0,2
278986,ErGuacharo,,3,0,3,3,0,3,0,0,0,0,2
278987,eduorozco,,2,0,2,2,0,2,0,0,0,0,2
278988,Leonardo_Padron,,3,0,3,3,0,3,0,0,0,0,2
278989,DaniAlvarado323,,2,0,2,2,0,2,0,0,0,0,2
278990,pollobrito,,2,0,2,2,0,2,0,0,0,0,2
278991,emilioloveraof,,2,0,2,2,0,2,0,0,0,0,2
278994,DanielaKosan,,2,0,2,2,0,2,0,0,0,0,2
278996,MariangelRuiz7,,2,0,2,2,0,2,0,0,0,0,3
278997,Gibelli_Viviana,,2,0,2,2,0,2,0,0,0,0,2
278998,camilacanabal,,2,0,2,2,0,2,0,0,0,0,2
279001,anamariasimon,,2,0,2,2,0,2,0,0,0,0,2
279003,chiqui_delgado,,2,0,2,2,0,2,0,0,0,0,2
279006,delgadomaite,,2,0,2,2,0,2,0,0,0,0,2
279010,jencarlosmusic,,2,0,2,2,0,2,0,0,0,0,2
279013,gabyespino,,2,0,2,2,0,2,0,0,0,0,0
279015,jesseyjoy,,2,0,2,2,0,2,0,0,0,0,0
279016,JohnCleese,,3,0,3,3,0,3,0,0,0,0,2
279017,donghae861015,,2,0,2,2,0,2,0,0,0,0,1
279019,sectorkekz,,2,0,2,2,0,2,0,0,0,0,2
279020,RNTata2000,,2,0,2,2,0,2,0,0,0,0,2
279023,JonahHill,,3,0,3,3,0,3,0,0,0,0,2
279024,WhatTheFFacts,,2,0,2,2,0,2,0,0,0,0,5
279025,mindykaling,,3,0,3,3,0,3,0,0,0,0,2
279030,RedHourBen,,3,0,3,3,0,3,0,0,0,0,2
279032,SandyLeah,,2,0,2,2,0,2,0,0,0,0,2
279033,NickCannon,,2,0,2,2,0,2,0,0,0,0,0
279035,amrkhaled,,2,0,2,2,0,2,0,0,0,0,2
279039,justdemi,,3,0,3,3,0,3,0,0,0,0,0
279040,maryjblige,,3,0,3,3,0,3,0,0,0,0,5
279041,sabqorg,,2,0,2,2,0,2,0,0,0,0,2
279043,Byoussef,,2,0,2,2,0,2,0,0,0,0,8
279044,thekiranbedi,,2,0,2,2,0,2,0,0,0,0,2
279045,TareqAlSuwaidan,,3,0,3,3,0,3,0,0,0,0,2
279046,Talhabeeb,,2,0,2,2,0,2,0,0,0,0,0
279050,WWE,,2,0,2,2,0,2,0,0,0,0,2
279051,chelseahandler,,3,0,3,3,0,3,0,0,0,0,2
279053,chetan_bhagat,,2,0,2,2,0,2,0,0,0,0,2
279055,OMARCHAPARRO,,3,0,3,3,0,3,0,0,0,0,2
279057,ClaroBrasil,,2,0,2,2,0,2,0,0,0,0,5
279058,Akon,,3,0,3,3,0,3,0,0,0,0,2
279062,AJArabic,,3,0,3,3,0,3,0,0,0,0,2
279064,vicegandako,,2,0,2,2,0,2,0,0,0,0,2
279065,DulceMaria,,3,0,3,3,0,3,0,0,0,0,2
279066,Ricardo_Arjona,,3,0,3,3,0,3,0,0,0,0,0
279067,CHAYANNEMUSIC,,3,0,3,3,0,3,0,0,0,0,2
279071,bellathorne,,3,0,3,3,0,3,0,0,0,0,2
279072,johnhering,,2,0,2,2,0,2,0,0,0,0,7
279080,Chris_Bailey,,2,0,2,2,0,2,0,0,0,0,2
279081,moiraforbes,,2,0,2,2,0,2,0,0,0,0,2
279086,gomohu,,2,0,2,2,0,2,0,0,0,0,1
279088,WhatsNewInPhoto,,3,0,3,3,0,3,0,0,0,0,7
279136,motor16,,2,0,2,2,0,2,0,0,0,0,4
279186,SeeNewBooks,,2,0,2,2,0,2,0,0,0,0,1
279213,max_boublil,,3,0,3,3,0,3,0,0,0,0,5
279215,BaptisteLecapl1,,2,0,2,2,0,2,0,0,0,0,8
279216,GeraldineNakach,,2,0,2,2,0,2,0,0,0,0,8
279266,BrandenJMusic,,2,0,2,2,0,2,0,0,0,0,2
279275,kalkikanmani,,2,0,2,2,0,2,0,0,0,0,1
279290,ArshadWarsi,,2,0,2,2,0,2,0,0,0,0,2
279309,jaavedjaaferi,,2,0,2,2,0,2,0,0,0,0,2
279331,wwwbigbaldhead,,3,0,3,3,0,3,0,0,0,0,2
279371,bp_America,,3,0,3,3,0,3,0,0,0,0,4
279425,hedgefundinvest,,2,0,2,2,0,2,0,0,0,0,6
279445,RudeBaguette,,2,0,2,2,0,2,0,0,0,0,1
279454,SEC_News,,2,0,2,2,0,2,0,0,0,0,3
279458,peterthiel,,2,0,2,2,0,2,0,0,0,0,2
279475,ReilPages,,2,0,2,2,0,2,0,0,0,0,3
279499,invest4cashflow,,2,0,2,2,0,2,0,0,0,0,3
279505,InvestorsLive,,2,0,2,2,0,2,0,0,0,0,7
279587,rolandscahill,,2,0,2,2,0,2,0,0,0,0,0
279611,AVGRAND,,2,0,2,2,0,2,0,0,0,0,0
279613,StevieVanZandt,,2,0,2,2,0,2,0,0,0,0,1
279614,nilslofgren,,2,0,2,2,0,2,0,0,0,0,1
279619,gwtallent,,2,0,2,2,0,2,0,0,0,0,1
279621,TheWho,,2,0,2,2,0,2,0,0,0,0,2
279625,arcadefire,,3,0,3,3,0,3,0,0,0,0,3
279626,JimiHendrix,,2,0,2,2,0,2,0,0,0,0,2
279720,houseanddisco,,2,0,2,2,0,2,0,0,0,0,0
279761,MusicLinkUp,,2,0,2,2,0,2,0,0,0,0,2
279772,BBCgmu,,3,0,3,3,0,3,0,0,0,0,1
279773,bbcnewsline,,3,0,3,3,0,3,0,0,0,0,1
279779,BBCNewsNI,,3,0,3,3,0,3,0,0,0,0,1
279782,UTVNews,,3,0,3,3,0,3,0,0,0,0,1
279784,BelTel,,3,0,3,3,0,3,0,0,0,0,1
279787,utv,,3,0,3,3,0,3,0,0,0,0,1
279804,AvidReadersCafe,,2,0,2,2,0,2,0,0,0,0,2
279805,eBooksHabit,,2,0,2,2,0,2,0,0,0,0,1
279806,IAN_AuthorPromo,,2,0,2,2,0,2,0,0,0,0,1
279807,SelfPubShowcase,,2,0,2,2,0,2,0,0,0,0,2
279808,AuthorNetwork,,2,0,2,2,0,2,0,0,0,0,1
279814,KaelahMickelle,,2,0,2,2,0,2,0,0,0,0,2
279815,IndieAuthorNews,,2,0,2,2,0,2,0,0,0,0,2
279867,Benjamin_Herman,,2,0,2,2,0,2,0,0,0,0,2
279916,lorenweisman,,2,0,2,2,0,2,0,0,0,0,2
279941,AnushkaSharma,,2,0,2,2,0,2,0,0,0,0,2
279949,ShraddhaKapoor,,2,0,2,2,0,2,0,0,0,0,2
279955,shrutihaasan,,2,0,2,2,0,2,0,0,0,0,2
279961,PritishNandy,,2,0,2,2,0,2,0,0,0,0,2
279962,ActorMadhavan,,2,0,2,2,0,2,0,0,0,0,2
279967,AzmiShabana,,2,0,2,2,0,2,0,0,0,0,2
279968,shekharkapur,,2,0,2,2,0,2,0,0,0,0,2
279969,GulPanag,,2,0,2,2,0,2,0,0,0,0,2
279971,AnupamPKher,,2,0,2,2,0,2,0,0,0,0,2
279977,FarOutAkhtar,,2,0,2,2,0,2,0,0,0,0,2
279978,jennettemccurdy,,3,0,3,3,0,3,0,0,0,0,2
279981,andersoncooper,,2,0,2,2,0,2,0,0,0,0,2
279984,werevertumorro,,3,0,3,3,0,3,0,0,0,0,2
279985,NabilAlawadhy,,2,0,2,2,0,2,0,0,0,0,0
279986,ciara,,3,0,3,3,0,3,0,0,0,0,2
279989,143redangel,,2,0,2,2,0,2,0,0,0,0,2
279990,AlArabiya,,3,0,3,3,0,3,0,0,0,0,2
279995,montanertwiter,,3,0,3,3,0,3,0,0,0,0,2
279997,karanjohar,,2,0,2,2,0,2,0,0,0,0,2
279998,salman_alodah,,2,0,2,2,0,2,0,0,0,0,0
280000,EugenioDerbez,,2,0,2,2,0,2,0,0,0,0,2
280003,Tatawerneck,,2,0,2,2,0,2,0,0,0,0,2
280073,TheTrackAddictz,,2,0,2,2,0,2,0,0,0,0,6
280076,ProducerArtist_,,2,0,2,2,0,2,0,0,0,0,6
280109,BrainvoyagerMsc,,2,0,2,2,0,2,0,0,0,0,6
280135,Ltd_To_Two,,2,0,2,2,0,2,0,0,0,0,1
280215,matshummels,,3,0,3,3,0,3,0,0,0,0,2
280216,DeBruyneKev,,3,0,3,3,0,3,0,0,0,0,6
280219,ryanbertrand3,,2,0,2,2,0,2,0,0,0,0,2
280220,JMcEachran20,,2,0,2,2,0,2,0,0,0,0,6
280221,chalobah,,2,0,2,2,0,2,0,0,0,0,6
280222,dembabafoot,,2,0,2,2,0,2,0,0,0,0,6
280223,LucasPiazon,,2,0,2,2,0,2,0,0,0,0,6
280224,Big_Blacks,,2,0,2,2,0,2,0,0,0,0,6
280228,VictorMoses,,2,0,2,2,0,2,0,0,0,0,6
280229,superguidetti,,2,0,2,2,0,2,0,0,0,0,1
280232,NathanAke,,2,0,2,2,0,2,0,0,0,0,6
280233,verkoren,,2,0,2,2,0,2,0,0,0,0,3
280234,HSV,,2,0,2,2,0,2,0,0,0,0,1
280238,dreamtheaternet,,3,0,3,3,0,3,0,0,0,0,2
280243,Urby28,,2,0,2,2,0,2,0,0,0,0,2
280244,ChrisEriksen8,,2,0,2,2,0,2,0,0,0,0,5
280246,NOAA,,3,0,3,3,0,3,0,0,0,0,1
280251,patrickspijkers,,2,0,2,2,0,2,0,0,0,0,2
280253,gtdguy,,2,0,2,2,0,2,0,0,0,0,2
280260,PamMktgNut,,2,0,2,2,0,2,0,0,0,0,2
280273,chriswieberlin,,2,0,2,2,0,2,0,0,0,0,1
280282,TamaraMcCleary,,2,0,2,2,0,2,0,0,0,0,0
280296,marktraphagen,,2,0,2,2,0,2,0,0,0,0,2
280302,johnleedumas,,2,0,2,2,0,2,0,0,0,0,2
280306,martinjonesaz,,3,0,3,3,0,3,0,0,0,0,2
280309,Max_Azarov,,2,0,2,2,0,2,0,0,0,0,2
280313,ChrisDucker,,2,0,2,2,0,2,0,0,0,0,2
280318,bryankramer,,2,0,2,2,0,2,0,0,0,0,2
280320,stonetemple,,2,0,2,2,0,2,0,0,0,0,2
280327,MarketingProfs,,2,0,2,2,0,2,0,0,0,0,2
280330,TedRubin,,3,0,3,3,0,3,0,0,0,0,2
280334,jaybaer,,2,0,2,2,0,2,0,0,0,0,2
280335,JuntaeDeLane,,3,0,3,3,0,3,0,0,0,0,2
280337,markwschaefer,,2,0,2,2,0,2,0,0,0,0,2
280339,GerryMoran,,2,0,2,2,0,2,0,0,0,0,0
280340,BrennerMichael,,2,0,2,2,0,2,0,0,0,0,0
280348,cartacapital,,2,0,2,2,0,2,0,0,0,0,2
280350,bbcbrasil,,2,0,2,2,0,2,0,0,0,0,1
280355,BlogdoNoblat,,2,0,2,2,0,2,0,0,0,0,2
280356,PremiosJuventud,,2,0,2,2,0,2,0,0,0,0,7
280357,premiolonuestro,,2,0,2,2,0,2,0,0,0,0,0
280359,Aventura,,2,0,2,2,0,2,0,0,0,0,0
280362,PrinceRoyce,,3,0,3,3,0,3,0,0,0,0,2
280366,JornalOGlobo,,2,0,2,2,0,2,0,0,0,0,2
280373,Alafasy,,2,0,2,2,0,2,0,0,0,0,0
280374,MarcAnthony,,3,0,3,3,0,3,0,0,0,0,2
280375,showdavida,,2,0,2,2,0,2,0,0,0,0,3
280376,thalia,,3,0,3,3,0,3,0,0,0,0,5
280378,MarceloTas,,2,0,2,2,0,2,0,0,0,0,2
280380,annecurtissmith,,2,0,2,2,0,2,0,0,0,0,2
280384,arrahman,,2,0,2,2,0,2,0,0,0,0,2
280388,akshaykumar,,2,0,2,2,0,2,0,0,0,0,2
280389,Dr_alqarnee,,3,0,3,3,0,3,0,0,0,0,2
280394,LucianoHuck,,2,0,2,2,0,2,0,0,0,0,3
280395,shugairi,,3,0,3,3,0,3,0,0,0,0,2
280398,ClaudiaLeitte,,2,0,2,2,0,2,0,0,0,0,3
280469,oficailDaftpunk,,2,0,2,2,0,2,0,0,0,0,6
280496,Product_London,,2,0,2,2,0,2,0,0,0,0,0
280586,NWONieuws,,3,0,3,3,0,3,0,0,0,0,1
280793,LydsG,,2,0,2,2,0,2,0,0,0,0,1
280807,MollieKing,,2,0,2,2,0,2,0,0,0,0,2
280811,TheSaturdays,,2,0,2,2,0,2,0,0,0,0,2
280813,Rylan,,2,0,2,2,0,2,0,0,0,0,2
280814,lspraggan,,2,0,2,2,0,2,0,0,0,0,2
280815,KimberleyJWalsh,,2,0,2,2,0,2,0,0,0,0,2
280816,FrankieBridge,,2,0,2,2,0,2,0,0,0,0,2
280817,R1Breakfast,,2,0,2,2,0,2,0,0,0,0,3
280819,carolineflack1,,2,0,2,2,0,2,0,0,0,0,2
280822,sarajcox,,2,0,2,2,0,2,0,0,0,0,2
280827,scott_mills,,2,0,2,2,0,2,0,0,0,0,2
280833,RobdaBank,,2,0,2,2,0,2,0,0,0,0,2
280842,RTH_London,,2,0,2,2,0,2,0,0,0,0,6
281047,TWEETetkisi,,2,0,2,2,0,2,0,0,0,0,2
281120,darthesjuan1,,2,0,2,2,0,2,0,0,0,0,2
281121,SolEstevanez,,2,0,2,2,0,2,0,0,0,0,2
281122,micavazquez,,2,0,2,2,0,2,0,0,0,0,2
281124,floppytesouro,,2,0,2,2,0,2,0,0,0,0,2
281125,valenzuelamdc,,2,0,2,2,0,2,0,0,0,0,2
281127,eltreceoficial,,3,0,3,3,0,3,0,0,0,0,2
281128,ZampiniCarinaOk,,2,0,2,2,0,2,0,0,0,0,2
281130,adabelguerrero,,2,0,2,2,0,2,0,0,0,0,2
281131,sofiapachano,,2,0,2,2,0,2,0,0,0,0,2
281132,noeliapompa,,2,0,2,2,0,2,0,0,0,0,2
281133,catherine_fulop,,3,0,3,3,0,3,0,0,0,0,2
281134,telefe,,3,0,3,3,0,3,0,0,0,0,2
281135,geobarbarossa,,2,0,2,2,0,2,0,0,0,0,2
281136,Su_Gimenez,,3,0,3,3,0,3,0,0,0,0,2
281137,Flor_de_P,,3,0,3,3,0,3,0,0,0,0,2
281139,Facundo_Arana,,3,0,3,3,0,3,0,0,0,0,2
281140,mirthalegrand,,2,0,2,2,0,2,0,0,0,0,2
281141,araceli_g,,2,0,2,2,0,2,0,0,0,0,2
281142,Moria_Casan,,3,0,3,3,0,3,0,0,0,0,2
281143,cinthifernandez,,2,0,2,2,0,2,0,0,0,0,2
281144,wandaicardi27,,3,0,3,3,0,3,0,0,0,0,2
281145,Flordelav,,3,0,3,3,0,3,0,0,0,0,2
281146,barvelez,,2,0,2,2,0,2,0,0,0,0,2
281148,veleznazarena,,3,0,3,3,0,3,0,0,0,0,2
281149,lourdesanchezok,,2,0,2,2,0,2,0,0,0,0,2
281152,rochi_ig,,3,0,3,3,0,3,0,0,0,0,2
281155,vicdalessandro,,2,0,2,2,0,2,0,0,0,0,2
281156,laufer4,,3,0,3,3,0,3,0,0,0,0,2
281157,ngmagaldi,,2,0,2,2,0,2,0,0,0,0,2
281159,vazqueznico,,3,0,3,3,0,3,0,0,0,0,2
281160,connieansaldi,,2,0,2,2,0,2,0,0,0,0,2
281162,hoppefede,,3,0,3,3,0,3,0,0,0,0,2
281163,nico_riera,,3,0,3,3,0,3,0,0,0,0,2
281165,paulitachaves,,3,0,3,3,0,3,0,0,0,0,2
281166,SoyListorti,,3,0,3,3,0,3,0,0,0,0,2
281169,pedroalfonsoo,,3,0,3,3,0,3,0,0,0,0,2
281171,mariannmartinez,,2,0,2,2,0,2,0,0,0,0,2
281174,Domenech_Caro,,2,0,2,2,0,2,0,0,0,0,2
281176,chelanico,,2,0,2,2,0,2,0,0,0,0,2
281178,bycrismorena,,2,0,2,2,0,2,0,0,0,0,2
281179,moranlolita,,2,0,2,2,0,2,0,0,0,0,2
281180,MarielPercossi,,2,0,2,2,0,2,0,0,0,0,2
281183,elcosodelvisto,,2,0,2,2,0,2,0,0,0,0,2
281187,ApekOfficial,,2,0,2,2,0,2,0,0,0,0,0
281337,TripLee,,2,0,2,2,0,2,0,0,0,0,1
281383,e_FashionPolice,,2,0,2,2,0,2,0,0,0,0,2
281392,JackOsbourne,,2,0,2,2,0,2,0,0,0,0,0
281402,enews,,2,0,2,2,0,2,0,0,0,0,2
281403,people,,3,0,3,3,0,3,0,0,0,0,3
281404,usweekly,,2,0,2,2,0,2,0,0,0,0,2
281412,AMAs,,2,0,2,2,0,2,0,0,0,0,5
281414,guardianmusic,,2,0,2,2,0,2,0,0,0,0,3
281416,OzzyOsbourne,,3,0,3,3,0,3,0,0,0,0,2
281417,SPIN,,3,0,3,3,0,3,0,0,0,0,2
281424,emimusic,,2,0,2,2,0,2,0,0,0,0,2
281427,BBCSounds,,2,0,2,2,0,2,0,0,0,0,0
281428,MOJOmagazine,,2,0,2,2,0,2,0,0,0,0,0
281429,nytimesmusic,,2,0,2,2,0,2,0,0,0,0,2
281430,EMIMusicGlobal,,2,0,2,2,0,2,0,0,0,0,3
281431,FilmmakerIQ,,2,0,2,2,0,2,0,0,0,0,0
281432,nofilmschool,,2,0,2,2,0,2,0,0,0,0,0
281433,vincentlaforet,,3,0,3,3,0,3,0,0,0,0,4
281434,ShortoftheWeek,,2,0,2,2,0,2,0,0,0,0,2
281435,jimmyeatworld,,2,0,2,2,0,2,0,0,0,0,2
281437,sonyatvpubuk,,2,0,2,2,0,2,0,0,0,0,2
281465,RT_America,,3,0,3,3,0,3,0,0,0,0,2
281530,RonnieEmJay,,2,0,2,2,0,2,0,0,0,0,5
281551,alisonjardine,,3,0,3,3,0,3,0,0,0,0,0
281658,BurakSensoy1992,,2,0,2,2,0,2,0,0,0,0,3
281706,survivorturkiye,,2,0,2,2,0,2,0,0,0,0,2
281707,startv,,2,0,2,2,0,2,0,0,0,0,2
281708,yetenek_turkiye,,2,0,2,2,0,2,0,0,0,0,2
281710,gulbenergen,,2,0,2,2,0,2,0,0,0,0,2
281711,Niltakipte,,3,0,3,3,0,3,0,0,0,0,2
281712,sezenaksu,,2,0,2,2,0,2,0,0,0,0,2
281713,sertaberener,,2,0,2,2,0,2,0,0,0,0,2
281721,eadksk,,2,0,2,2,0,2,0,0,0,0,2
281722,tarkan,,3,0,3,3,0,3,0,0,0,0,2
281724,ferhatgocer,,2,0,2,2,0,2,0,0,0,0,8
281725,OzanDogulu,,2,0,2,2,0,2,0,0,0,0,2
281729,YALINonline,,2,0,2,2,0,2,0,0,0,0,2
281733,mustafaceceli,,3,0,3,3,0,3,0,0,0,0,2
281736,Hadise,,2,0,2,2,0,2,0,0,0,0,2
281737,muratcemcir,,3,0,3,3,0,3,0,0,0,0,2
281738,alpkirsan,,2,0,2,2,0,2,0,0,0,0,2
281739,oguzhankoc,,2,0,2,2,0,2,0,0,0,0,2
281740,yilmazerdogan,,3,0,3,3,0,3,0,0,0,0,2
281741,hulyavsar,,3,0,3,3,0,3,0,0,0,0,2
281744,ezgimola,,2,0,2,2,0,2,0,0,0,0,2
281745,cdavran,,2,0,2,2,0,2,0,0,0,0,2
281746,ErknCan,,3,0,3,3,0,3,0,0,0,0,2
281747,ibrahimbuyukak,,2,0,2,2,0,2,0,0,0,0,2
281748,firattanis,,2,0,2,2,0,2,0,0,0,0,2
281749,necatisler,,3,0,3,3,0,3,0,0,0,0,2
281750,eseryenenler,,3,0,3,3,0,3,0,0,0,0,2
281751,TolgaCevik,,3,0,3,3,0,3,0,0,0,0,2
281752,MetinUca,,3,0,3,3,0,3,0,0,0,0,2
281753,memetalialabora,,3,0,3,3,0,3,0,0,0,0,2
281754,sarpapak81,,3,0,3,3,0,3,0,0,0,0,2
281755,lemandergisi,,2,0,2,2,0,2,0,0,0,0,2
281756,UykusuzDergi,,2,0,2,2,0,2,0,0,0,0,2
281757,hodjaniz,,2,0,2,2,0,2,0,0,0,0,2
281758,incisozluk,,2,0,2,2,0,2,0,0,0,0,2
281759,GaniMujde,,3,0,3,3,0,3,0,0,0,0,2
281760,TurkErkegin,,2,0,2,2,0,2,0,0,0,0,2
281761,nohutbasgan,,2,0,2,2,0,2,0,0,0,0,2
281762,RessamBob,,3,0,3,3,0,3,0,0,0,0,2
281764,Kitapcumlelerii,,2,0,2,2,0,2,0,0,0,0,2
281765,PuCCaa,,2,0,2,2,0,2,0,0,0,0,2
281766,cacaron365,,2,0,2,2,0,2,0,0,0,0,2
281767,KitapAlintisi,,3,0,3,3,0,3,0,0,0,0,2
281768,FilmAlintisi,,2,0,2,2,0,2,0,0,0,0,2
281769,vatsep,,2,0,2,2,0,2,0,0,0,0,2
281770,sozmuhendisi,,2,0,2,2,0,2,0,0,0,0,2
281772,1010mimari,,2,0,2,2,0,2,0,0,0,0,2
281773,Sirinsozler,,2,0,2,2,0,2,0,0,0,0,2
281774,OzelCumleler,,2,0,2,2,0,2,0,0,0,0,2
281775,KeIebeketkisi,,2,0,2,2,0,2,0,0,0,0,2
281776,BenDusundukce,,2,0,2,2,0,2,0,0,0,0,2
281777,SevdimBunu,,2,0,2,2,0,2,0,0,0,0,2
281778,keyfiseyler,,2,0,2,2,0,2,0,0,0,0,2
281780,Jacaboo_,,3,0,3,3,0,3,0,0,0,0,2
281781,birbelgesel,,2,0,2,2,0,2,0,0,0,0,2
281782,agresifprofil,,2,0,2,2,0,2,0,0,0,0,2
281783,8lackk,,2,0,2,2,0,2,0,0,0,0,2
281784,moderator_tr,,2,0,2,2,0,2,0,0,0,0,2
281809,misgibiRT,,2,0,2,2,0,2,0,0,0,0,2
281940,UniverseAxiom,,2,0,2,2,0,2,0,0,0,0,4
281968,UltraEurope,,2,0,2,2,0,2,0,0,0,0,1
281976,Seal,,2,0,2,2,0,2,0,0,0,0,0
281984,CafedelMar_Ibz,,3,0,3,3,0,3,0,0,0,0,4
281985,musicclout,,3,0,3,3,0,3,0,0,0,0,3
281986,ReverbNation,,2,0,2,2,0,2,0,0,0,0,0
282013,currokankadj,,2,0,2,2,0,2,0,0,0,0,6
282020,jojokejohn,,2,0,2,2,0,2,0,0,0,0,4
282032,AmbJohnBolton,,2,0,2,2,0,2,0,0,0,0,1
282059,blackbeatt,,2,0,2,2,0,2,0,0,0,0,0
282080,Bdestinys,,2,0,2,2,0,2,0,0,0,0,2
282161,KarlRove,,2,0,2,2,0,2,0,0,0,0,2
282166,AnnCoulter,,2,0,2,2,0,2,0,0,0,0,2
282168,SarahPalinUSA,,2,0,2,2,0,2,0,0,0,0,4
282174,foxnewsalert,,2,0,2,2,0,2,0,0,0,0,3
282175,seanhannity,,2,0,2,2,0,2,0,0,0,0,2
282178,nytpolitics,,2,0,2,2,0,2,0,0,0,0,1
282181,postpolitics,,2,0,2,2,0,2,0,0,0,0,4
282188,SenatorReid,,3,0,3,3,0,3,0,0,0,0,2
282190,SenateDems,,2,0,2,2,0,2,0,0,0,0,2
282192,HouseFloor,,2,0,2,2,0,2,0,0,0,0,0
282197,HouseDemocrats,,3,0,3,3,0,3,0,0,0,0,2
282201,HouseGOP,,2,0,2,2,0,2,0,0,0,0,2
282202,GOP,,3,0,3,3,0,3,0,0,0,0,1
282205,EricCantor,,2,0,2,2,0,2,0,0,0,0,2
282206,SenateGOP,,2,0,2,2,0,2,0,0,0,0,2
282210,MittRomney,,2,0,2,2,0,2,0,0,0,0,0
282212,JohnKasich,,2,0,2,2,0,2,0,0,0,0,1
282215,GovChristie,,2,0,2,2,0,2,0,0,0,0,2
282221,CarlyFiorina,,2,0,2,2,0,2,0,0,0,0,3
282225,RandPaul,,2,0,2,2,0,2,0,0,0,0,1
282229,RealBenCarson,,3,0,3,3,0,3,0,0,0,0,3
282402,DJaySaunders,,2,0,2,2,0,2,0,0,0,0,0
282499,NicholasK111,,2,0,2,2,0,2,0,0,0,0,1
282551,kimbramusic,,2,0,2,2,0,2,0,0,0,0,2
282552,BrandonFlowers,,2,0,2,2,0,2,0,0,0,0,2
282554,thekillers,,3,0,3,3,0,3,0,0,0,0,2
282557,Kiesza,,2,0,2,2,0,2,0,0,0,0,2
282561,GorgonCity,,2,0,2,2,0,2,0,0,0,0,2
282610,TheYoungPunx,,2,0,2,2,0,2,0,0,0,0,3
282899,Bellyfloptv,,2,0,2,2,0,2,0,0,0,0,5
282918,MAKJ,,2,0,2,2,0,2,0,0,0,0,0
282950,SchneiderlinMo4,,2,0,2,2,0,2,0,0,0,0,6
283010,engineringvid,,2,0,2,2,0,2,0,0,0,0,2
283038,YOURWAY9,,2,0,2,2,0,2,0,0,0,0,0
283060,TheEDMHUB,,2,0,2,2,0,2,0,0,0,0,0
283109,mywifeisgerman,,2,0,2,2,0,2,0,0,0,0,1
283173,BeatsByAssassin,,3,0,3,3,0,3,0,0,0,0,2
283176,kdeep39,,2,0,2,2,0,2,0,0,0,0,2
283179,rafabarriosdj,,3,0,3,3,0,3,0,0,0,0,2
283223,KoenaClothing,,2,0,2,2,0,2,0,0,0,0,0
283249,lawrencewagner0,,3,0,3,3,0,3,0,0,0,0,2
283284,NimoIero,,2,0,2,2,0,2,0,0,0,0,6
283320,Sir_BQ,,2,0,2,2,0,2,0,0,0,0,7
283353,Martyn_Antony,,3,0,3,3,0,3,0,0,0,0,6
283388,dilekbookings,,2,0,2,2,0,2,0,0,0,0,3
283403,SemihKahramannn,,2,0,2,2,0,2,0,0,0,0,3
283408,mapleleaf_elect,,2,0,2,2,0,2,0,0,0,0,2
283421,enezozenreal,,3,0,3,3,0,3,0,0,0,0,1
283438,tuny001,,2,0,2,2,0,2,0,0,0,0,2
283450,EzgiMolaP,,3,0,3,3,0,3,0,0,0,0,3
283467,AntonioKingz,,2,0,2,2,0,2,0,0,0,0,0
283505,ranomikromo,,2,0,2,2,0,2,0,0,0,0,2
283507,nocnsf,,2,0,2,2,0,2,0,0,0,0,2
283508,fbarend,,2,0,2,2,0,2,0,0,0,0,2
283518,MabelvanOranje,,2,0,2,2,0,2,0,0,0,0,1
283520,WWFnews,,3,0,3,3,0,3,0,0,0,0,2
283528,JanVertonghen,,3,0,3,3,0,3,0,0,0,0,2
283534,wnfnederland,,2,0,2,2,0,2,0,0,0,0,1
283552,daryljanmaat89,,2,0,2,2,0,2,0,0,0,0,2
283553,PatrickKluivert,,3,0,3,3,0,3,0,0,0,0,2
283585,amsterdamumc,,3,0,3,3,0,3,0,0,0,0,2
283587,LuukdeJong9,,2,0,2,2,0,2,0,0,0,0,2
283596,50cent,,3,0,3,3,0,3,0,0,0,0,2
283607,Brandpunt_plus,,2,0,2,2,0,2,0,0,0,0,1
283613,gregjames,,3,0,3,3,0,3,0,0,0,0,2
283617,ComplexMusic,,2,0,2,2,0,2,0,0,0,0,0
283674,umusicAU,,2,0,2,2,0,2,0,0,0,0,1
283676,OfficialSting,,2,0,2,2,0,2,0,0,0,0,3
283695,moniquesmit,,2,0,2,2,0,2,0,0,0,0,2
283813,S_Kagawa0317,,2,0,2,2,0,2,0,0,0,0,2
283814,wilfriedzaha,,2,0,2,2,0,2,0,0,0,0,2
283817,Pschmeichel1,,2,0,2,2,0,2,0,0,0,0,2
283818,ALindegaard,,2,0,2,2,0,2,0,0,0,0,2
283819,vdsar1970,,3,0,3,3,0,3,0,0,0,0,2
283820,MohamadAlarefe,,3,0,3,3,0,3,0,0,0,0,2
283821,BeingSalmanKhan,,2,0,2,2,0,2,0,0,0,0,2
283823,aamir_khan,,3,0,3,3,0,3,0,0,0,0,2
283824,SrBachchan,,3,0,3,3,0,3,0,0,0,0,2
283979,sexardi,,2,0,2,2,0,2,0,0,0,0,2
284173,SophieHRW,,2,0,2,2,0,2,0,0,0,0,1
284205,TfTeeeSH,,2,0,2,2,0,2,0,0,0,0,8
284208,ArabicBest,,2,0,2,2,0,2,0,0,0,0,8
284336,Upicus,,2,0,2,2,0,2,0,0,0,0,6
284340,Oliversanzmusic,,2,0,2,2,0,2,0,0,0,0,0
284371,IBCShow,,2,0,2,2,0,2,0,0,0,0,2
284380,GUZMAN2000MN,,2,0,2,2,0,2,0,0,0,0,6
284382,BreadBoi,,2,0,2,2,0,2,0,0,0,0,0
284408,RobertDiggs6,,2,0,2,2,0,2,0,0,0,0,6
284439,boholcafe,,2,0,2,2,0,2,0,0,0,0,1
284447,ideasdrop,,2,0,2,2,0,2,0,0,0,0,0
284449,redactriceweb_,,2,0,2,2,0,2,0,0,0,0,7
284488,GodlyPhilosophy,,2,0,2,2,0,2,0,0,0,0,1
284494,m00nus,,2,0,2,2,0,2,0,0,0,0,6
284506,BoxHopesDreams,,2,0,2,2,0,2,0,0,0,0,1
284544,I_FEAR_NO_BEER,,2,0,2,2,0,2,0,0,0,0,2
284546,kvaman,,2,0,2,2,0,2,0,0,0,0,4
284611,NuinZeeland,,2,0,2,2,0,2,0,0,0,0,7
284624,Crypteorite,,2,0,2,2,0,2,0,0,0,0,0
284643,N_E_N_A_Angels,,2,0,2,2,0,2,0,0,0,0,2
284647,Consigliere_TM,,2,0,2,2,0,2,0,0,0,0,2
284649,KeilaSu2,,2,0,2,2,0,2,0,0,0,0,2
284651,Finanzas333,,2,0,2,2,0,2,0,0,0,0,2
284653,babfari,,2,0,2,2,0,2,0,0,0,0,2
284675,KameronBennett,,2,0,2,2,0,2,0,0,0,0,6
284687,FB_Florida,,2,0,2,2,0,2,0,0,0,0,2
284708,MiCursoIntegral,,2,0,2,2,0,2,0,0,0,0,2
284714,rum4alan,,2,0,2,2,0,2,0,0,0,0,3
284721,RealMasalati,,2,0,2,2,0,2,0,0,0,0,6
284724,proZesa_com,,3,0,3,3,0,3,0,0,0,0,7
284725,El_Fotograf0,,2,0,2,2,0,2,0,0,0,0,2
284744,RapUp,,2,0,2,2,0,2,0,0,0,0,5
284756,TheSource,,2,0,2,2,0,2,0,0,0,0,2
284758,WORLDSTAR,,2,0,2,2,0,2,0,0,0,0,3
284759,XXL,,2,0,2,2,0,2,0,0,0,0,2
284763,JulianBeatsCom,,2,0,2,2,0,2,0,0,0,0,6
284764,FalloutBeatz,,2,0,2,2,0,2,0,0,0,0,6
284772,bchesky,,2,0,2,2,0,2,0,0,0,0,4
284774,linkedinselling,,2,0,2,2,0,2,0,0,0,0,3
284775,LinkedInMktg,,2,0,2,2,0,2,0,0,0,0,2
284776,LinkedInNews,,3,0,3,3,0,3,0,0,0,0,2
284782,JordanYorkMusic,,2,0,2,2,0,2,0,0,0,0,6
284786,HumorChisteRisa,,2,0,2,2,0,2,0,0,0,0,0
284795,MGDrums_,,2,0,2,2,0,2,0,0,0,0,6
284807,BigGoodJohn,,2,0,2,2,0,2,0,0,0,0,4
284812,xrmedialab,,2,0,2,2,0,2,0,0,0,0,2
284813,StudentFeedUS,,3,0,3,3,0,3,0,0,0,0,2
284850,mrelliotdell,,2,0,2,2,0,2,0,0,0,0,8
284851,TheDataAgent,,2,0,2,2,0,2,0,0,0,0,8
284856,JoeFindsTalent,,2,0,2,2,0,2,0,0,0,0,2
284860,GemmaAnneStyles,,2,0,2,2,0,2,0,0,0,0,2
284861,lottietommo,,2,0,2,2,0,2,0,0,0,0,2
284889,ingnl,,2,0,2,2,0,2,0,0,0,0,0
284901,SaltJobsUK,,2,0,2,2,0,2,0,0,0,0,2
284911,SimonFraser4,,2,0,2,2,0,2,0,0,0,0,2
284924,Kulturmarker_de,,2,0,2,2,0,2,0,0,0,0,3
284927,Tr0jAnC0rp,,2,0,2,2,0,2,0,0,0,0,2
284935,jdwn,,2,0,2,2,0,2,0,0,0,0,1
284938,YosefMel,,3,0,3,3,0,3,0,0,0,0,4
284959,BrainyQuote,,3,0,3,3,0,3,0,0,0,0,2
284960,philosophy_muse,,3,0,3,3,0,3,0,0,0,0,1
284968,GuruGuzzi,,2,0,2,2,0,2,0,0,0,0,2
284974,pasocash,,2,0,2,2,0,2,0,0,0,0,0
284978,RealMagicBeats,,2,0,2,2,0,2,0,0,0,0,6
284980,HiQtaakunn,,2,0,2,2,0,2,0,0,0,0,6
284984,beatflix_es,,2,0,2,2,0,2,0,0,0,0,6
284995,TheLightWizzard,,2,0,2,2,0,2,0,0,0,0,2
285002,BrewerVASocial,,2,0,2,2,0,2,0,0,0,0,2
285008,kevinjosuegm,,2,0,2,2,0,2,0,0,0,0,6
285017,daileybeats,,2,0,2,2,0,2,0,0,0,0,6
285037,farzanajj,,2,0,2,2,0,2,0,0,0,0,2
285042,ianmullane,,3,0,3,3,0,3,0,0,0,0,2
285046,NuwanPanditha,,2,0,2,2,0,2,0,0,0,0,2
285051,Road_2_Ft_Worth,,3,0,3,3,0,3,0,0,0,0,4
285064,BobPickard,,2,0,2,2,0,2,0,0,0,0,2
285072,EXPARTUS,,2,0,2,2,0,2,0,0,0,0,2
285086,VitagelEC,,2,0,2,2,0,2,0,0,0,0,6
285111,justinmifsud,,2,0,2,2,0,2,0,0,0,0,0
285122,insanebeatzzz,,2,0,2,2,0,2,0,0,0,0,6
285135,salessourceco,,2,0,2,2,0,2,0,0,0,0,8
285146,marco_ayala,,2,0,2,2,0,2,0,0,0,0,2
285147,higeorgeshelley,,2,0,2,2,0,2,0,0,0,0,2
285166,louteasdale,,2,0,2,2,0,2,0,0,0,0,6
285204,markITwrite,,3,0,3,3,0,3,0,0,0,0,8
285224,londil,,3,0,3,3,0,3,0,0,0,0,1
285225,ctvcom,,2,0,2,2,0,2,0,0,0,0,1
285230,bangersteam,,2,0,2,2,0,2,0,0,0,0,6
285255,Djwaynegotbeatz,,2,0,2,2,0,2,0,0,0,0,6
285266,Ellysiumn,,2,0,2,2,0,2,0,0,0,0,2
285271,AintitMarvelous,,2,0,2,2,0,2,0,0,0,0,2
285272,msmodel143,,2,0,2,2,0,2,0,0,0,0,2
285289,tINItweed,,2,0,2,2,0,2,0,0,0,0,2
285290,martinbuttrich,,2,0,2,2,0,2,0,0,0,0,2
285343,FX_Digital,,2,0,2,2,0,2,0,0,0,0,2
285350,funnydentisr,,2,0,2,2,0,2,0,0,0,0,6
285384,UKDK2,,2,0,2,2,0,2,0,0,0,0,0
285396,sxscott,,2,0,2,2,0,2,0,0,0,0,2
285423,MichaelVonIrvin,,2,0,2,2,0,2,0,0,0,0,0
285446,djwaynemccardle,,2,0,2,2,0,2,0,0,0,0,6
285452,wearebeatflix,,2,0,2,2,0,2,0,0,0,0,6
285476,skateogram,,2,0,2,2,0,2,0,0,0,0,8
285481,Fusion_360,,2,0,2,2,0,2,0,0,0,0,7
285492,arum_joyeros,,2,0,2,2,0,2,0,0,0,0,0
285523,ExactDrive,,2,0,2,2,0,2,0,0,0,0,2
285534,kidscodin,,2,0,2,2,0,2,0,0,0,0,4
285544,LukeW,,3,0,3,3,0,3,0,0,0,0,2
285546,UIE,,2,0,2,2,0,2,0,0,0,0,2
285553,UXforGood,,2,0,2,2,0,2,0,0,0,0,0
285554,sxintensive,,2,0,2,2,0,2,0,0,0,0,2
285555,IxDA,,3,0,3,3,0,3,0,0,0,0,2
285556,uxweek,,3,0,3,3,0,3,0,0,0,0,2
285557,jmspool,,2,0,2,2,0,2,0,0,0,0,2
285558,AdaptivePath,,2,0,2,2,0,2,0,0,0,0,2
285559,aarron,,2,0,2,2,0,2,0,0,0,0,2
285561,jjg,,2,0,2,2,0,2,0,0,0,0,2
285562,jnd1er,,2,0,2,2,0,2,0,0,0,0,0
285563,skrug,,2,0,2,2,0,2,0,0,0,0,2
285564,NNgroup,,3,0,3,3,0,3,0,0,0,0,2
285565,uxfeeds,,3,0,3,3,0,3,0,0,0,0,2
285566,UXBooth,,2,0,2,2,0,2,0,0,0,0,2
285567,uxmatters,,3,0,3,3,0,3,0,0,0,0,2
285568,uxmag,,2,0,2,2,0,2,0,0,0,0,0
285574,html5,,2,0,2,2,0,2,0,0,0,0,1
285577,RWD,,2,0,2,2,0,2,0,0,0,0,1
285578,codrops,,3,0,3,3,0,3,0,0,0,0,7
285580,wdtuts,,2,0,2,2,0,2,0,0,0,0,1
285581,TutsPlusCode,,2,0,2,2,0,2,0,0,0,0,1
285582,Interbrand,,2,0,2,2,0,2,0,0,0,0,2
285583,TutsPlusDesign,,2,0,2,2,0,2,0,0,0,0,1
285584,LandorGlobal,,2,0,2,2,0,2,0,0,0,0,2
285585,tutsplus,,2,0,2,2,0,2,0,0,0,0,1
285595,DesignTimes,,2,0,2,2,0,2,0,0,0,0,0
285597,dribbble,,3,0,3,3,0,3,0,0,0,0,2
285598,abduzeedo,,2,0,2,2,0,2,0,0,0,0,2
285600,frogdesign,,2,0,2,2,0,2,0,0,0,0,0
285606,Typophile,,2,0,2,2,0,2,0,0,0,0,2
285609,espiekermann,,2,0,2,2,0,2,0,0,0,0,0
285616,designtaxi,,2,0,2,2,0,2,0,0,0,0,1
285618,dsignstream,,2,0,2,2,0,2,0,0,0,0,2
285627,LexusMist,,2,0,2,2,0,2,0,0,0,0,6
285634,collectionbeats,,2,0,2,2,0,2,0,0,0,0,6
285641,magicondabeat,,2,0,2,2,0,2,0,0,0,0,6
285650,alvaroperey,,3,0,3,3,0,3,0,0,0,0,2
285663,wsjnoted,,3,0,3,3,0,3,0,0,0,0,1
285670,cgtnamerica,,2,0,2,2,0,2,0,0,0,0,1
285677,AnthonyMiyazaki,,2,0,2,2,0,2,0,0,0,0,2
285693,AL_POP,,2,0,2,2,0,2,0,0,0,0,6
285699,logogeek,,2,0,2,2,0,2,0,0,0,0,0
285712,DaleAThomson,,2,0,2,2,0,2,0,0,0,0,4
285714,Eventos_tito,,2,0,2,2,0,2,0,0,0,0,6
285737,mistersnowman,,2,0,2,2,0,2,0,0,0,0,6
285741,ReadyRockDee,,2,0,2,2,0,2,0,0,0,0,2
285752,freeyork_org,,3,0,3,3,0,3,0,0,0,0,4
285757,drjustinimel,,2,0,2,2,0,2,0,0,0,0,2
285766,tadajewski,,2,0,2,2,0,2,0,0,0,0,2
285786,brianalanemusic,,2,0,2,2,0,2,0,0,0,0,6
285787,iancsmatthews,,3,0,3,3,0,3,0,0,0,0,2
285803,NewsHourArts,,2,0,2,2,0,2,0,0,0,0,2
285867,KeriHilson,,3,0,3,3,0,3,0,0,0,0,2
285884,iamErica_Mena,,2,0,2,2,0,2,0,0,0,0,2
285919,_MAXWELL_,,2,0,2,2,0,2,0,0,0,0,2
285942,tonibraxton,,2,0,2,2,0,2,0,0,0,0,2
285949,smoss,,2,0,2,2,0,2,0,0,0,0,3
285952,Omarion,,2,0,2,2,0,2,0,0,0,0,6
285972,Nas,,3,0,3,3,0,3,0,0,0,0,2
286023,atifatif,,2,0,2,2,0,2,0,0,0,0,1
286045,ruizmassieu,,2,0,2,2,0,2,0,0,0,0,2
286046,LVidegaray,,2,0,2,2,0,2,0,0,0,0,2
286049,SCT_mx,,2,0,2,2,0,2,0,0,0,0,2
286050,SENER_mx,,2,0,2,2,0,2,0,0,0,0,2
286052,SEDESOL_mx,,3,0,3,3,0,3,0,0,0,0,7
286053,SEDENAmx,,3,0,3,3,0,3,0,0,0,0,7
286054,SEMAR_mx,,2,0,2,2,0,2,0,0,0,0,2
286055,conagua_clima,,3,0,3,3,0,3,0,0,0,0,4
286056,Agricultura_mex,,3,0,3,3,0,3,0,0,0,0,2
286057,FGRMexico,,3,0,3,3,0,3,0,0,0,0,2
286059,SEGOB_mx,,3,0,3,3,0,3,0,0,0,0,0
286060,SEMARNAT_mx,,3,0,3,3,0,3,0,0,0,0,2
286061,SEP_mx,,3,0,3,3,0,3,0,0,0,0,4
286062,gobmx,,3,0,3,3,0,3,0,0,0,0,4
286063,LeonKrauze,,2,0,2,2,0,2,0,0,0,0,4
286067,mdonnellywriter,,2,0,2,2,0,2,0,0,0,0,7
286068,amandakobeshimi,,2,0,2,2,0,2,0,0,0,0,7
286072,TheFrog_,,2,0,2,2,0,2,0,0,0,0,0
286092,LogoDesignLove,,4,0,4,4,0,4,0,0,0,0,2
286097,sagmeisterwalsh,,2,0,2,2,0,2,0,0,0,0,0
286098,pentagram,,3,0,3,3,0,3,0,0,0,0,0
286099,ComputerArts,,2,0,2,2,0,2,0,0,0,0,2
286102,CommArts,,2,0,2,2,0,2,0,0,0,0,1
286105,Fontscom,,2,0,2,2,0,2,0,0,0,0,2
286106,HOWbrand,,2,0,2,2,0,2,0,0,0,0,2
286107,Fontfabric,,2,0,2,2,0,2,0,0,0,0,0
286108,ilovetypography,,3,0,3,3,0,3,0,0,0,0,6
286117,Phairground,,2,0,2,2,0,2,0,0,0,0,6
286134,worldarts,,3,0,3,3,0,3,0,0,0,0,6
286154,RTtheBEST,,2,0,2,2,0,2,0,0,0,0,2
286160,Engagement360,,3,0,3,3,0,3,0,0,0,0,0
286167,alexjohnsonc,,2,0,2,2,0,2,0,0,0,0,0
286170,eyewill3,,2,0,2,2,0,2,0,0,0,0,6
286173,RealJFairclough,,2,0,2,2,0,2,0,0,0,0,3
286182,leyvajos,,2,0,2,2,0,2,0,0,0,0,2
286192,rodmoose,,2,0,2,2,0,2,0,0,0,0,2
286207,y_laresv,,3,0,3,3,0,3,0,0,0,0,0
286221,Everette,,2,0,2,2,0,2,0,0,0,0,3
286224,mixyourbeat,,2,0,2,2,0,2,0,0,0,0,6
286226,mbmbeats,,2,0,2,2,0,2,0,0,0,0,6
286247,Mike_aldo,,2,0,2,2,0,2,0,0,0,0,2
286252,makinhitz,,2,0,2,2,0,2,0,0,0,0,6
286253,djfiresound,,3,0,3,3,0,3,0,0,0,0,6
286272,PhilGlutting,,2,0,2,2,0,2,0,0,0,0,2
286298,robertbrill,,2,0,2,2,0,2,0,0,0,0,2
286301,brill_media,,2,0,2,2,0,2,0,0,0,0,2
286305,NoelAFerguson,,2,0,2,2,0,2,0,0,0,0,2
286315,blkskywlker,,2,0,2,2,0,2,0,0,0,0,3
286322,OmariMC,,2,0,2,2,0,2,0,0,0,0,6
286326,eeordogh,,2,0,2,2,0,2,0,0,0,0,0
286350,souljaboy,,2,0,2,2,0,2,0,0,0,0,3
286364,BritishRowing,,2,0,2,2,0,2,0,0,0,0,2
286368,BIRDMAN5STAR,,2,0,2,2,0,2,0,0,0,0,3
286369,djkhaled,,2,0,2,2,0,2,0,0,0,0,2
286378,MikeWiLLMadeIt,,2,0,2,2,0,2,0,0,0,0,5
286380,bobatl,,3,0,3,3,0,3,0,0,0,0,2
286386,SupporterSchoon,,2,0,2,2,0,2,0,0,0,0,1
286388,myfabolouslife,,2,0,2,2,0,2,0,0,0,0,3
286391,gucci1017,,2,0,2,2,0,2,0,0,0,0,3
286392,Lloydbanks,,2,0,2,2,0,2,0,0,0,0,2
286394,ScHoolboyQ,,2,0,2,2,0,2,0,0,0,0,2
286409,DJFreshUK,,2,0,2,2,0,2,0,0,0,0,0
286493,CleidsonBarros,,2,0,2,2,0,2,0,0,0,0,6
286505,Amame_Odiame,,2,0,2,2,0,2,0,0,0,0,2
286508,alanristic,,2,0,2,2,0,2,0,0,0,0,2
286511,pink_dva,,2,0,2,2,0,2,0,0,0,0,6
286519,ely_negrete,,2,0,2,2,0,2,0,0,0,0,6
286525,RevezNexus,,2,0,2,2,0,2,0,0,0,0,0
286544,CYGNow,,2,0,2,2,0,2,0,0,0,0,2
286549,AFF_Europe_Ltd,,2,0,2,2,0,2,0,0,0,0,2
286578,DUVERSOTOROJAS,,2,0,2,2,0,2,0,0,0,0,0
286579,sheena_g,,2,0,2,2,0,2,0,0,0,0,4
286612,yrlinkedincoach,,2,0,2,2,0,2,0,0,0,0,1
286648,adorablecatsWOW,,2,0,2,2,0,2,0,0,0,0,2
286660,EcoWanderlust,,2,0,2,2,0,2,0,0,0,0,1
286693,everydaytem,,2,0,2,2,0,2,0,0,0,0,7
286697,StartupBeast,,2,0,2,2,0,2,0,0,0,0,2
286714,PRSA,,2,0,2,2,0,2,0,0,0,0,2
286715,PRWeekUS,,2,0,2,2,0,2,0,0,0,0,2
286716,PRDaily,,2,0,2,2,0,2,0,0,0,0,2
286717,OgilvyConsult,,2,0,2,2,0,2,0,0,0,0,5
286718,HavasMedia,,3,0,3,3,0,3,0,0,0,0,0
286719,WiedenKennedy,,2,0,2,2,0,2,0,0,0,0,2
286722,evanshumeyko,,3,0,3,3,0,3,0,0,0,0,2
286725,PublicisGroupe,,2,0,2,2,0,2,0,0,0,0,2
286726,WPP,,2,0,2,2,0,2,0,0,0,0,2
286728,nikolajbirjukow,,2,0,2,2,0,2,0,0,0,0,2
286730,mccann_mw,,2,0,2,2,0,2,0,0,0,0,2
286732,Ogilvy,,3,0,3,3,0,3,0,0,0,0,2
286733,BBDOWorldwide,,2,0,2,2,0,2,0,0,0,0,2
286735,TBWA,,2,0,2,2,0,2,0,0,0,0,0
286738,BBHblacksheep,,2,0,2,2,0,2,0,0,0,0,2
286745,Marketing_Mag,,2,0,2,2,0,2,0,0,0,0,7
286746,grafikmag,,2,0,2,2,0,2,0,0,0,0,0
286747,DandADNewBlood,,2,0,2,2,0,2,0,0,0,0,0
286748,itsnicethat,,2,0,2,2,0,2,0,0,0,0,0
286749,L_D_F,,2,0,2,2,0,2,0,0,0,0,1
286755,asianartmuseum,,3,0,3,3,0,3,0,0,0,0,4
286761,ArtTactic,,2,0,2,2,0,2,0,0,0,0,2
286766,artinfodotcom,,2,0,2,2,0,2,0,0,0,0,2
286767,museumnerd,,2,0,2,2,0,2,0,0,0,0,2
286768,TheArtNewspaper,,2,0,2,2,0,2,0,0,0,0,4
286773,juliaxgulia,,2,0,2,2,0,2,0,0,0,0,2
286784,artspace,,2,0,2,2,0,2,0,0,0,0,4
286792,SCOPEArtShow,,2,0,2,2,0,2,0,0,0,0,1
286797,thearmoryshow,,2,0,2,2,0,2,0,0,0,0,2
286801,artistsspace,,2,0,2,2,0,2,0,0,0,0,2
286802,art21,,2,0,2,2,0,2,0,0,0,0,2
286803,ObserverArts,,3,0,3,3,0,3,0,0,0,0,2
286806,GettyMuseum,,2,0,2,2,0,2,0,0,0,0,2
286807,ArtObserved,,2,0,2,2,0,2,0,0,0,0,2
286809,DiaArtFndn,,2,0,2,2,0,2,0,0,0,0,2
286810,MOCAlosangeles,,2,0,2,2,0,2,0,0,0,0,2
286814,FriezeArtFair,,3,0,3,3,0,3,0,0,0,0,2
286817,CamdenArtCentre,,2,0,2,2,0,2,0,0,0,0,1
286819,ArtMonthly,,3,0,3,3,0,3,0,0,0,0,2
286820,ArtinAmerica,,3,0,3,3,0,3,0,0,0,0,1
286824,MAM,,2,0,2,2,0,2,0,0,0,0,6
286827,Stedelijk,,2,0,2,2,0,2,0,0,0,0,2
286860,SportsCentre,,2,0,2,2,0,2,0,0,0,0,1
286897,clovd9_music,,2,0,2,2,0,2,0,0,0,0,0
286901,mrvincecarter15,,2,0,2,2,0,2,0,0,0,0,2
286902,trailblazers,,2,0,2,2,0,2,0,0,0,0,5
286913,MichielVanErp,,2,0,2,2,0,2,0,0,0,0,2
286948,vrij_nederland,,3,0,3,3,0,3,0,0,0,0,1
286952,DeGroene,,2,0,2,2,0,2,0,0,0,0,1
286955,HPdeTijdNL,,2,0,2,2,0,2,0,0,0,0,1
286961,wimdebie,,2,0,2,2,0,2,0,0,0,0,2
286966,De_Monitor,,2,0,2,2,0,2,0,0,0,0,1
286974,eos_wetenschap,,2,0,2,2,0,2,0,0,0,0,1
286988,TSN_Sports,,2,0,2,2,0,2,0,0,0,0,1
286990,blogTO,,2,0,2,2,0,2,0,0,0,0,7
286992,Much,,2,0,2,2,0,2,0,0,0,0,7
287011,TeamCanada,,2,0,2,2,0,2,0,0,0,0,0
287013,stats_canada,,2,0,2,2,0,2,0,0,0,0,2
287024,ElizabethMay,,2,0,2,2,0,2,0,0,0,0,2
287059,fatjoe,,2,0,2,2,0,2,0,0,0,0,2
287060,MissyElliott,,2,0,2,2,0,2,0,0,0,0,2
287061,BustaRhymes,,3,0,3,3,0,3,0,0,0,0,2
287069,strombo,,2,0,2,2,0,2,0,0,0,0,7
287072,GerardButler,,2,0,2,2,0,2,0,0,0,0,2
287078,mbamtl,,2,0,2,2,0,2,0,0,0,0,1
287082,Concordia,,3,0,3,3,0,3,0,0,0,0,1
287085,thorofficial,,3,0,3,3,0,3,0,0,0,0,2
287086,SteveCarell,,3,0,3,3,0,3,0,0,0,0,2
287224,GVerbaan,,2,0,2,2,0,2,0,0,0,0,2
287226,halinareijn,,2,0,2,2,0,2,0,0,0,0,2
287238,TJR,,2,0,2,2,0,2,0,0,0,0,0
287240,OliverHeldens,,2,0,2,2,0,2,0,0,0,0,2
287243,ConsejeroUnico,,2,0,2,2,0,2,0,0,0,0,2
287260,HuffPostQuebec,,2,0,2,2,0,2,0,0,0,0,1
287261,RadioCanadaInfo,,2,0,2,2,0,2,0,0,0,0,1
287263,LP_LaPresse,,3,0,3,3,0,3,0,0,0,0,8
287265,LeDevoir,,2,0,2,2,0,2,0,0,0,0,1
287283,HelloBC,,2,0,2,2,0,2,0,0,0,0,0
287284,TravelAlberta,,2,0,2,2,0,2,0,0,0,0,1
287285,MyVancouver,,3,0,3,3,0,3,0,0,0,0,0
287286,WestJet,,2,0,2,2,0,2,0,0,0,0,0
287288,AirCanada,,3,0,3,3,0,3,0,0,0,0,7
287290,Montreal,,2,0,2,2,0,2,0,0,0,0,1
287292,OntarioTravel,,2,0,2,2,0,2,0,0,0,0,7
287295,envirodefence,,2,0,2,2,0,2,0,0,0,0,2
287307,CultureMontreal,,2,0,2,2,0,2,0,0,0,0,1
287311,Monmontreal,,2,0,2,2,0,2,0,0,0,0,1
287332,CP24,,2,0,2,2,0,2,0,0,0,0,2
287333,CTVToronto,,2,0,2,2,0,2,0,0,0,0,1
287334,CBCToronto,,2,0,2,2,0,2,0,0,0,0,1
287342,HuffPostCanada,,2,0,2,2,0,2,0,0,0,0,1
287368,KarlTowns,,2,0,2,2,0,2,0,0,0,0,2
287372,DevinBook,,2,0,2,2,0,2,0,0,0,0,2
287394,paulpierce34,,2,0,2,2,0,2,0,0,0,0,2
287395,RudyGay,,2,0,2,2,0,2,0,0,0,0,2
287396,MKG14,,2,0,2,2,0,2,0,0,0,0,2
287398,KembaWalker,,2,0,2,2,0,2,0,0,0,0,2
287399,isaiahthomas,,2,0,2,2,0,2,0,0,0,0,2
287400,MCONLEY10,,2,0,2,2,0,2,0,0,0,0,2
287401,aa000G9,,2,0,2,2,0,2,0,0,0,0,2
287403,MacBo50,,2,0,2,2,0,2,0,0,0,0,2
287405,AndreDrummond,,2,0,2,2,0,2,0,0,0,0,2
287412,Raptors,,2,0,2,2,0,2,0,0,0,0,2
287417,Bucks,,2,0,2,2,0,2,0,0,0,0,2
287418,utahjazz,,3,0,3,3,0,3,0,0,0,0,0
287419,hornets,,2,0,2,2,0,2,0,0,0,0,2
287422,LAClippers,,3,0,3,3,0,3,0,0,0,0,2
287425,Suns,,2,0,2,2,0,2,0,0,0,0,2
287427,tysonchandler,,2,0,2,2,0,2,0,0,0,0,2
287432,dgranger33,,2,0,2,2,0,2,0,0,0,0,2
287434,D_West30,,2,0,2,2,0,2,0,0,0,0,2
287435,Roy_Meets_World,,2,0,2,2,0,2,0,0,0,0,2
287439,JCrossover,,2,0,2,2,0,2,0,0,0,0,2
287440,Chris_Broussard,,2,0,2,2,0,2,0,0,0,0,2
287441,bomani_jones,,2,0,2,2,0,2,0,0,0,0,2
287442,jadande,,2,0,2,2,0,2,0,0,0,0,2
287451,davidaldridgedc,,2,0,2,2,0,2,0,0,0,0,2
287452,chadfordinsider,,2,0,2,2,0,2,0,0,0,0,2
287456,BillSimmons,,3,0,3,3,0,3,0,0,0,0,2
287457,RealSkipBayless,,2,0,2,2,0,2,0,0,0,0,2
287458,stephenasmith,,2,0,2,2,0,2,0,0,0,0,2
287459,NBAOfficial,,2,0,2,2,0,2,0,0,0,0,2
287460,NBAonTNT,,2,0,2,2,0,2,0,0,0,0,2
287461,JalenRose,,2,0,2,2,0,2,0,0,0,0,2
287464,realchriswebber,,2,0,2,2,0,2,0,0,0,0,2
287465,ReggieMillerTNT,,2,0,2,2,0,2,0,0,0,0,2
287466,PhilJackson11,,2,0,2,2,0,2,0,0,0,0,2
287468,Jrue_Holiday11,,2,0,2,2,0,2,0,0,0,0,0
287472,TheofficialEG10,,2,0,2,2,0,2,0,0,0,0,2
287473,ShaneBattier,,2,0,2,2,0,2,0,0,0,0,2
287478,chrisbosh,,3,0,3,3,0,3,0,0,0,0,2
287479,SteveNash,,2,0,2,2,0,2,0,0,0,0,2
287480,MarkJackson13,,2,0,2,2,0,2,0,0,0,0,2
287486,7ElevenMexico,,2,0,2,2,0,2,0,0,0,0,2
287487,Tiendas_OXXO,,3,0,3,3,0,3,0,0,0,0,4
287488,TiendaSoriana,,2,0,2,2,0,2,0,0,0,0,0
287490,SamsClubMexico,,2,0,2,2,0,2,0,0,0,0,2
287491,WalmartMexico,,2,0,2,2,0,2,0,0,0,0,2
287492,Ticketmaster_Me,,3,0,3,3,0,3,0,0,0,0,2
287493,AuditorioMx,,2,0,2,2,0,2,0,0,0,0,2
287494,solosanborns,,3,0,3,3,0,3,0,0,0,0,2
287496,palaciohierro,,2,0,2,2,0,2,0,0,0,0,2
287497,liverpoolmexico,,3,0,3,3,0,3,0,0,0,0,2
287500,StarbucksMex,,3,0,3,3,0,3,0,0,0,0,2
287501,McDonaldsMexico,,2,0,2,2,0,2,0,0,0,0,2
287502,Cinemex,,3,0,3,3,0,3,0,0,0,0,2
287504,dominosmx,,3,0,3,3,0,3,0,0,0,0,2
287505,PepsiMEX,,2,0,2,2,0,2,0,0,0,0,2
287506,CocaColaMx,,3,0,3,3,0,3,0,0,0,0,2
287507,BarcelMx,,2,0,2,2,0,2,0,0,0,0,2
287564,PhilipsNL,,2,0,2,2,0,2,0,0,0,0,2
287579,JoyAnnReid,,2,0,2,2,0,2,0,0,0,0,2
287589,TheLastWord,,2,0,2,2,0,2,0,0,0,0,7
287608,Il_Re_Tweet,,2,0,2,2,0,2,0,0,0,0,3
287636,KP24,,2,0,2,2,0,2,0,0,0,0,2
287657,SPN_Action,,2,0,2,2,0,2,0,0,0,0,1
287659,StarSportsIndia,,2,0,2,2,0,2,0,0,0,0,1
287675,SonyProUSA,,2,0,2,2,0,2,0,0,0,0,0
287678,SPE_LatinAM,,3,0,3,3,0,3,0,0,0,0,2
287679,SonyMusicChile,,2,0,2,2,0,2,0,0,0,0,0
287688,SonyPicsTeens,,3,0,3,3,0,3,0,0,0,0,2
287691,SonyPicturesMX,,3,0,3,3,0,3,0,0,0,0,2
287696,SonyMusicCol,,2,0,2,2,0,2,0,0,0,0,0
287697,sonymusicmexico,,2,0,2,2,0,2,0,0,0,0,2
287699,sonymusicbrasil,,2,0,2,2,0,2,0,0,0,0,2
287712,openjsf,,3,0,3,3,0,3,0,0,0,0,1
287713,Oraclejavamag,,2,0,2,2,0,2,0,0,0,0,8
287714,javacodegeeks,,2,0,2,2,0,2,0,0,0,0,8
287716,java,,2,0,2,2,0,2,0,0,0,0,8
287719,msftsecurity,,2,0,2,2,0,2,0,0,0,0,3
287720,NVIDIAGeForce,,2,0,2,2,0,2,0,0,0,0,2
287721,CiscoSecure,,3,0,3,3,0,3,0,0,0,0,2
287722,nvidia,,2,0,2,2,0,2,0,0,0,0,1
287724,Lenovo,,2,0,2,2,0,2,0,0,0,0,6
287727,SamsungMobile,,3,0,3,3,0,3,0,0,0,0,6
287728,HP,,3,0,3,3,0,3,0,0,0,0,2
287731,Sony,,3,0,3,3,0,3,0,0,0,0,6
287734,SonyElectronics,,2,0,2,2,0,2,0,0,0,0,2
287802,missyfranklin,,2,0,2,2,0,2,0,0,0,0,4
287803,speedo,,2,0,2,2,0,2,0,0,0,0,2
287806,RyanLochte,,2,0,2,2,0,2,0,0,0,0,0
287807,NBCOlympics,,2,0,2,2,0,2,0,0,0,0,0
287809,IMDb,,3,0,3,3,0,3,0,0,0,0,7
287810,YahooEnt,,2,0,2,2,0,2,0,0,0,0,2
287811,TwitterOSS,,3,0,3,3,0,3,0,0,0,0,4
287814,DigiTour,,2,0,2,2,0,2,0,0,0,0,7
287815,MakeupbyMandy24,,2,0,2,2,0,2,0,0,0,0,2
287824,rcbregman,,3,0,3,3,0,3,0,0,0,0,6
287826,jellebc,,2,0,2,2,0,2,0,0,0,0,1
287827,jorisluyendijk,,2,0,2,2,0,2,0,0,0,0,1
287829,robwijnberg,,2,0,2,2,0,2,0,0,0,0,1
287830,nrcslimleven,,2,0,2,2,0,2,0,0,0,0,1
287832,pvdmeersch,,2,0,2,2,0,2,0,0,0,0,1
287866,elbertdijkgraaf,,3,0,3,3,0,3,0,0,0,0,7
287888,meilivos,,2,0,2,2,0,2,0,0,0,0,2
287890,ahmedmarcouch,,2,0,2,2,0,2,0,0,0,0,2
287891,inekevangent,,2,0,2,2,0,2,0,0,0,0,2
287892,Borisham,,2,0,2,2,0,2,0,0,0,0,2
287895,TofikDibi,,2,0,2,2,0,2,0,0,0,0,2
288059,onzetaal,,2,0,2,2,0,2,0,0,0,0,1
288069,ajaxsupnl,,2,0,2,2,0,2,0,0,0,0,1
288107,fctwente,,2,0,2,2,0,2,0,0,0,0,1
288109,KNVB,,2,0,2,2,0,2,0,0,0,0,3
288127,KJ_Huntelaar,,2,0,2,2,0,2,0,0,0,0,1
288129,NOSvoetbal,,2,0,2,2,0,2,0,0,0,0,1
288131,Kuyt,,3,0,3,3,0,3,0,0,0,0,2
288137,dekennisvannu,,2,0,2,2,0,2,0,0,0,0,1
288187,eversstaatop,,2,0,2,2,0,2,0,0,0,0,1
288199,TVonTheRadio,,2,0,2,2,0,2,0,0,0,0,4
288214,pandoramusic,,3,0,3,3,0,3,0,0,0,0,2
288219,Radio1RockShow,,2,0,2,2,0,2,0,0,0,0,2
288279,feedme,,2,0,2,2,0,2,0,0,0,0,2
288298,frebsamen,,2,0,2,2,0,2,0,0,0,0,8
288300,BrunoLeRoux,,2,0,2,2,0,2,0,0,0,0,1
288303,olivierdussopt,,2,0,2,2,0,2,0,0,0,0,1
288310,aubervilliers93,,2,0,2,2,0,2,0,0,0,0,1
288361,Samparlebien,,2,0,2,2,0,2,0,0,0,0,8
288370,Sale_Con,,2,0,2,2,0,2,0,0,0,0,8
288372,Nain_Portekoi,,2,0,2,2,0,2,0,0,0,0,8
288374,Maitre_Eolas,,3,0,3,3,0,3,0,0,0,0,8
288379,NeoResistant,,2,0,2,2,0,2,0,0,0,0,8
288412,DavidtheAdmiral,,2,0,2,2,0,2,0,0,0,0,2
288417,Patty_Mills,,2,0,2,2,0,2,0,0,0,0,2
288419,tiagosplitter,,2,0,2,2,0,2,0,0,0,0,0
288425,Dame_Lillard,,2,0,2,2,0,2,0,0,0,0,2
288426,PatrickLeHyaric,,2,0,2,2,0,2,0,0,0,0,1
288435,22wiggins,,2,0,2,2,0,2,0,0,0,0,2
288448,andrewbogut,,2,0,2,2,0,2,0,0,0,0,2
288449,Money23Green,,2,0,2,2,0,2,0,0,0,0,2
288450,KlayThompson,,2,0,2,2,0,2,0,0,0,0,2
288451,DeAndre,,2,0,2,2,0,2,0,0,0,0,2
288452,MagicJohnson,,2,0,2,2,0,2,0,0,0,0,5
288454,ScottiePippen,,2,0,2,2,0,2,0,0,0,0,2
288506,baauer,,2,0,2,2,0,2,0,0,0,0,2
288508,MAJORLAZER,,2,0,2,2,0,2,0,0,0,0,3
288510,djsnake,,2,0,2,2,0,2,0,0,0,0,6
288520,UnEscritorDice,,3,0,3,3,0,3,0,0,0,0,2
288521,venezuelaaldia,,3,0,3,3,0,3,0,0,0,0,2
288523,SomosSarcasmo,,2,0,2,2,0,2,0,0,0,0,6
288524,FrasesRealidad,,3,0,3,3,0,3,0,0,0,0,3
288525,PoeticaAcciones,,3,0,3,3,0,3,0,0,0,0,5
288526,UnaNotaConAmor,,2,0,2,2,0,2,0,0,0,0,6
288527,MsjsConAmor,,3,0,3,3,0,3,0,0,0,0,6
288528,accionp0eticaes,,2,0,2,2,0,2,0,0,0,0,2
288529,SoyTuPrincesa_,,3,0,3,3,0,3,0,0,0,0,2
288530,Bellaitali,,3,0,3,3,0,3,0,0,0,0,6
288532,MemesDokaralho,,2,0,2,2,0,2,0,0,0,0,0
288533,AnaPatriota38,,2,0,2,2,0,2,0,0,0,0,2
288536,diogo2707,,2,0,2,2,0,2,0,0,0,0,2
288538,nathykihara_,,2,0,2,2,0,2,0,0,0,0,2
288541,_Follow_Friends,,2,0,2,2,0,2,0,0,0,0,0
288542,tiagopoeta,,3,0,3,3,0,3,0,0,0,0,0
288543,SempreVitorioso,,3,0,3,3,0,3,0,0,0,0,0
288546,BruceVH,,2,0,2,2,0,2,0,0,0,0,2
288548,spencerrayner,,2,0,2,2,0,2,0,0,0,0,2
288644,laurentwauquiez,,2,0,2,2,0,2,0,0,0,0,8
288645,nadine__morano,,2,0,2,2,0,2,0,0,0,0,8
288650,nk_m,,3,0,3,3,0,3,0,0,0,0,8
288651,alainjuppe,,3,0,3,3,0,3,0,0,0,0,2
288652,MyCommunityMgr,,2,0,2,2,0,2,0,0,0,0,8
288654,WebmarketingCOM,,3,0,3,3,0,3,0,0,0,0,1
288655,INfluencialemag,,2,0,2,2,0,2,0,0,0,0,8
288656,Emarketing_fr,,3,0,3,3,0,3,0,0,0,0,1
288658,Strategies,,2,0,2,2,0,2,0,0,0,0,8
288663,canardenchaine,,2,0,2,2,0,2,0,0,0,0,5
288669,coffeebreakLANG,,2,0,2,2,0,2,0,0,0,0,1
288703,absoluteradio,,2,0,2,2,0,2,0,0,0,0,2
288708,radioexpressfm,,2,0,2,2,0,2,0,0,0,0,8
288749,EDMsounds,,2,0,2,2,0,2,0,0,0,0,0
288763,EDMWorld_,,2,0,2,2,0,2,0,0,0,0,0
288769,NUnl,,3,0,3,3,0,3,0,0,0,0,1
288801,EvilActivities,,2,0,2,2,0,2,0,0,0,0,1
288810,HockeyCanada,,2,0,2,2,0,2,0,0,0,0,0
289080,mergerecords,,2,0,2,2,0,2,0,0,0,0,2
289081,Dominorecordco,,2,0,2,2,0,2,0,0,0,0,2
289082,subpop,,2,0,2,2,0,2,0,0,0,0,2
289087,RoughTrade,,2,0,2,2,0,2,0,0,0,0,2
289133,ProstheticRcds,,2,0,2,2,0,2,0,0,0,0,2
289149,MetalBlade,,2,0,2,2,0,2,0,0,0,0,2
289181,record_mexico,,2,0,2,2,0,2,0,0,0,0,2
289195,falloutboy,,2,0,2,2,0,2,0,0,0,0,2
289203,AntiRecords,,2,0,2,2,0,2,0,0,0,0,2
289211,EaracheRecords,,2,0,2,2,0,2,0,0,0,0,2
289224,matadorrecords,,2,0,2,2,0,2,0,0,0,0,0
289242,kevinsaunderson,,2,0,2,2,0,2,0,0,0,0,6
289254,sizerecords,,2,0,2,2,0,2,0,0,0,0,0
289266,neon_magazin,,2,0,2,2,0,2,0,0,0,0,1
289286,flashdjcom,,2,0,2,2,0,2,0,0,0,0,2
289351,QUINTINOO,,2,0,2,2,0,2,0,0,0,0,6
289352,djSandroSilva,,3,0,3,3,0,3,0,0,0,0,6
289357,likemike,,3,0,3,3,0,3,0,0,0,0,2
289358,Point_Blank,,2,0,2,2,0,2,0,0,0,0,2
289361,XLRECORDINGS,,2,0,2,2,0,2,0,0,0,0,2
289370,EpicMealTime,,2,0,2,2,0,2,0,0,0,0,6
289380,CollegeHumor,,3,0,3,3,0,3,0,0,0,0,1
289382,thinkgeek,,3,0,3,3,0,3,0,0,0,0,1
289504,m3my1992,,2,0,2,2,0,2,0,0,0,0,6
289505,karenyankovich,,3,0,3,3,0,3,0,0,0,0,2
289520,Jenna_Marbles,,3,0,3,3,0,3,0,0,0,0,2
289521,mametown,,2,0,2,2,0,2,0,0,0,0,2
289523,PlayOverwatch,,3,0,3,3,0,3,0,0,0,0,2
289525,SHUMITA7,,3,0,3,3,0,3,0,0,0,0,2
289526,kratoras,,2,0,2,2,0,2,0,0,0,0,2
289528,grantlandis,,2,0,2,2,0,2,0,0,0,0,2
289536,andrewlowe,,2,0,2,2,0,2,0,0,0,0,2
289539,BethanyMota,,2,0,2,2,0,2,0,0,0,0,2
289540,ardenrose,,2,0,2,2,0,2,0,0,0,0,2
289541,MsRebeccaBlack,,2,0,2,2,0,2,0,0,0,0,2
289542,LaurenElizabeth,,2,0,2,2,0,2,0,0,0,0,2
289543,lohanthony,,2,0,2,2,0,2,0,0,0,0,2
289545,Philips,,2,0,2,2,0,2,0,0,0,0,2
289546,jennmcallister,,2,0,2,2,0,2,0,0,0,0,2
289547,AndreaRussett,,2,0,2,2,0,2,0,0,0,0,2
289549,oldjaysee,,2,0,2,2,0,2,0,0,0,0,2
289669,DimitriBoch,,2,0,2,2,0,2,0,0,0,0,6
289677,PornStarPromo,,2,0,2,2,0,2,0,0,0,0,6
289724,aletecno,,2,0,2,2,0,2,0,0,0,0,2
289742,LeyesMedia,,2,0,2,2,0,2,0,0,0,0,3
289920,djwrapidbeats,,2,0,2,2,0,2,0,0,0,0,6
289998,BitchBros,,3,0,3,3,0,3,0,0,0,0,2
290534,stich_ohana,,2,0,2,2,0,2,0,0,0,0,0
290535,FARBLACK,,2,0,2,2,0,2,0,0,0,0,0
290537,unda_da_bed,,2,0,2,2,0,2,0,0,0,0,0
290541,wiz_mouse,,2,0,2,2,0,2,0,0,0,0,0
290552,ClaudioDS6,,2,0,2,2,0,2,0,0,0,0,3
290571,natgeowild,,3,0,3,3,0,3,0,0,0,0,2
290573,AnimalPlanet,,3,0,3,3,0,3,0,0,0,0,2
290574,scifri,,2,0,2,2,0,2,0,0,0,0,1
290725,netskymusic,,2,0,2,2,0,2,0,0,0,0,1
290727,chaseandstatus,,2,0,2,2,0,2,0,0,0,0,2
290768,russano90,,2,0,2,2,0,2,0,0,0,0,3
290808,RossEdgley,,2,0,2,2,0,2,0,0,0,0,2
290837,tunein,,2,0,2,2,0,2,0,0,0,0,1
290851,JamieLaing_UK,,2,0,2,2,0,2,0,0,0,0,2
290864,iHeartRadio,,2,0,2,2,0,2,0,0,0,0,0
290865,PlanetRockRadio,,2,0,2,2,0,2,0,0,0,0,2
290871,BBCRadioWales,,2,0,2,2,0,2,0,0,0,0,2
290885,radiodisney,,3,0,3,3,0,3,0,0,0,0,3
290893,KerrangRadio,,2,0,2,2,0,2,0,0,0,0,2
290906,bbcradioulster,,2,0,2,2,0,2,0,0,0,0,3
290952,SAPNews,,2,0,2,2,0,2,0,0,0,0,0
290955,SAP,,2,0,2,2,0,2,0,0,0,0,2
291023,MTVUK,,3,0,3,3,0,3,0,0,0,0,2
291028,DubVisionMusic,,2,0,2,2,0,2,0,0,0,0,0
291029,tiestosclub,,2,0,2,2,0,2,0,0,0,0,6
291058,oasis,,3,0,3,3,0,3,0,0,0,0,6
291059,Reverend_Makers,,2,0,2,2,0,2,0,0,0,0,2
291060,theenemyband,,2,0,2,2,0,2,0,0,0,0,2
291213,wiz_mickey,,2,0,2,2,0,2,0,0,0,0,0
291268,Totalbiscuit,,2,0,2,2,0,2,0,0,0,0,2
291284,MarziaPie,,3,0,3,3,0,3,0,0,0,0,6
291285,ColleenB123,,2,0,2,2,0,2,0,0,0,0,2
291287,smosh,,2,0,2,2,0,2,0,0,0,0,2
291288,JoeyGraceffa,,2,0,2,2,0,2,0,0,0,0,2
291293,niomismart,,2,0,2,2,0,2,0,0,0,0,2
291296,sampottorff,,2,0,2,2,0,2,0,0,0,0,2
291299,jccaylen,,2,0,2,2,0,2,0,0,0,0,2
291303,sammywilk,,2,0,2,2,0,2,0,0,0,0,2
291304,BrentRivera,,2,0,2,2,0,2,0,0,0,0,2
291305,MahoganyLOX,,2,0,2,2,0,2,0,0,0,0,2
291308,JacobWhitesides,,2,0,2,2,0,2,0,0,0,0,2
291310,AaronCarpenter,,2,0,2,2,0,2,0,0,0,0,2
291311,taylorcaniff,,2,0,2,2,0,2,0,0,0,0,2
291313,carterreynolds,,2,0,2,2,0,2,0,0,0,0,2
291314,JVCKJ,,2,0,2,2,0,2,0,0,0,0,2
291316,MatthewEspinosa,,2,0,2,2,0,2,0,0,0,0,2
291317,TheDylanHolland,,2,0,2,2,0,2,0,0,0,0,2
291377,maddieziegler,,2,0,2,2,0,2,0,0,0,0,2
291382,nodoubt,,3,0,3,3,0,3,0,0,0,0,2
291383,TrueBornRecords,,2,0,2,2,0,2,0,0,0,0,2
291384,THEREALSWIZZZ,,2,0,2,2,0,2,0,0,0,0,0
291389,iamBig7,,2,0,2,2,0,2,0,0,0,0,0
291391,_misteruptown,,2,0,2,2,0,2,0,0,0,0,3
291411,IanCarey,,2,0,2,2,0,2,0,0,0,0,2
291632,shralpin,,2,0,2,2,0,2,0,0,0,0,8
291665,barbershoptop_,,2,0,2,2,0,2,0,0,0,0,0
291673,zootropio,,2,0,2,2,0,2,0,0,0,0,7
291679,OfficialAMart,,2,0,2,2,0,2,0,0,0,0,2
291682,ManuelKlimt,,2,0,2,2,0,2,0,0,0,0,7
291685,toddcarey,,2,0,2,2,0,2,0,0,0,0,2
291696,livedarts,,2,0,2,2,0,2,0,0,0,0,6
291700,listasadriand,,2,0,2,2,0,2,0,0,0,0,0
291705,il_Bec,,2,0,2,2,0,2,0,0,0,0,3
291719,Munieqita,,2,0,2,2,0,2,0,0,0,0,0
291725,4michaelwings,,2,0,2,2,0,2,0,0,0,0,1
291726,SocialMktgSltns,,2,0,2,2,0,2,0,0,0,0,3
291744,Productosnew,,2,0,2,2,0,2,0,0,0,0,6
291756,JamesLock__,,2,0,2,2,0,2,0,0,0,0,2
291757,DannyO,,2,0,2,2,0,2,0,0,0,0,2
291767,MissJessWright_,,2,0,2,2,0,2,0,0,0,0,2
291774,BinkyFelstead,,3,0,3,3,0,3,0,0,0,0,2
291791,JennaValleys,,2,0,2,2,0,2,0,0,0,0,0
291792,decfui,,2,0,2,2,0,2,0,0,0,0,2
291909,mtvgeordieshore,,3,0,3,3,0,3,0,0,0,0,2
291910,RobBrydon,,2,0,2,2,0,2,0,0,0,0,2
291911,chris_kammy,,2,0,2,2,0,2,0,0,0,0,2
291912,CelebJuice,,2,0,2,2,0,2,0,0,0,0,2
291915,ThisisDavina,,2,0,2,2,0,2,0,0,0,0,2
291917,cabinetofficeuk,,2,0,2,2,0,2,0,0,0,0,2
291918,UKHouseofLords,,4,0,4,4,0,4,0,0,0,0,2
291919,HouseofCommons,,4,0,4,4,0,4,0,0,0,0,2
291921,nick_clegg,,3,0,3,3,0,3,0,0,0,0,2
291922,George_Osborne,,2,0,2,2,0,2,0,0,0,0,2
291923,JohnBishop100,,3,0,3,3,0,3,0,0,0,0,2
291924,lemontwittor,,2,0,2,2,0,2,0,0,0,0,2
291925,Schofe,,2,0,2,2,0,2,0,0,0,0,2
291926,JoeyEssex_,,2,0,2,2,0,2,0,0,0,0,2
291927,ChrisMoyles,,2,0,2,2,0,2,0,0,0,0,2
291928,LeighFrancis,,2,0,2,2,0,2,0,0,0,0,2
291929,radioleary,,2,0,2,2,0,2,0,0,0,0,2
291930,Charlottegshore,,2,0,2,2,0,2,0,0,0,0,5
291931,MarkWright_,,3,0,3,3,0,3,0,0,0,0,2
291946,achrisevans,,3,0,3,3,0,3,0,0,0,0,2
291947,dragonjones,,2,0,2,2,0,2,0,0,0,0,2
291948,HenleyRegatta,,2,0,2,2,0,2,0,0,0,0,2
291951,imLucyWatson,,2,0,2,2,0,2,0,0,0,0,2
291958,GWRHelp,,3,0,3,3,0,3,0,0,0,0,2
291963,mermhart,,2,0,2,2,0,2,0,0,0,0,2
291964,didierdrogba,,2,0,2,2,0,2,0,0,0,0,3
291970,EDMNews___,,2,0,2,2,0,2,0,0,0,0,0
292003,thabestvines,,2,0,2,2,0,2,0,0,0,0,8
292006,ZAHOOFFICIEL,,2,0,2,2,0,2,0,0,0,0,8
292010,Bmesrimes,,2,0,2,2,0,2,0,0,0,0,7
292018,ouiiiiii_nadege,,2,0,2,2,0,2,0,0,0,0,8
292019,losclive,,2,0,2,2,0,2,0,0,0,0,8
292022,NRJhitmusiconly,,2,0,2,2,0,2,0,0,0,0,2
292027,JulieOfficiel26,,2,0,2,2,0,2,0,0,0,0,2
292028,Marion_officiel,,2,0,2,2,0,2,0,0,0,0,2
292030,Amelie_Officiel,,2,0,2,2,0,2,0,0,0,0,8
292035,Mdelormeau,,2,0,2,2,0,2,0,0,0,0,8
292037,ThomasVergara,,2,0,2,2,0,2,0,0,0,0,8
292042,TalOfficial,,2,0,2,2,0,2,0,0,0,0,8
292044,KeenvOfficiel,,2,0,2,2,0,2,0,0,0,0,5
292047,ch_carriere,,2,0,2,2,0,2,0,0,0,0,8
292050,BenaimValerie,,2,0,2,2,0,2,0,0,0,0,8
292051,ThierryMoreauTM,,2,0,2,2,0,2,0,0,0,0,8
292052,jmmaireofficiel,,2,0,2,2,0,2,0,0,0,0,8
292053,bchameroy,,2,0,2,2,0,2,0,0,0,0,8
292054,CamilleCombal,,2,0,2,2,0,2,0,0,0,0,8
292082,Parazhit,,2,0,2,2,0,2,0,0,0,0,2
292084,Divanna2007,,2,0,2,2,0,2,0,0,0,0,2
292085,laggazza,,2,0,2,2,0,2,0,0,0,0,2
292086,JeSuisTerryble,,3,0,3,3,0,3,0,0,0,0,3
292087,ra0878,,2,0,2,2,0,2,0,0,0,0,2
292088,LaSconosciuta8,,3,0,3,3,0,3,0,0,0,0,3
292090,LaRos_s,,2,0,2,2,0,2,0,0,0,0,3
292091,MeAltra,,2,0,2,2,0,2,0,0,0,0,2
292092,_ELiEclipse,,2,0,2,2,0,2,0,0,0,0,2
292093,CryScRyx,,2,0,2,2,0,2,0,0,0,0,2
292094,CeciliaSeppia,,2,0,2,2,0,2,0,0,0,0,3
292095,iparchia,,2,0,2,2,0,2,0,0,0,0,2
292096,ziacoca,,2,0,2,2,0,2,0,0,0,0,3
292097,eloisa_pi,,2,0,2,2,0,2,0,0,0,0,3
292098,alemarsia,,2,0,2,2,0,2,0,0,0,0,2
292101,vinkweb,,2,0,2,2,0,2,0,0,0,0,3
292108,dannic,,2,0,2,2,0,2,0,0,0,0,0
292109,Dyro,,2,0,2,2,0,2,0,0,0,0,0
292110,RevealedRec,,2,0,2,2,0,2,0,0,0,0,0
292111,ProtocolRec,,2,0,2,2,0,2,0,0,0,0,0
292113,SICKINDIVIDUALS,,2,0,2,2,0,2,0,0,0,0,0
292119,Dzekomusic,,2,0,2,2,0,2,0,0,0,0,0
292120,BorgeousMusic,,3,0,3,3,0,3,0,0,0,0,2
292121,DVBBS,,3,0,3,3,0,3,0,0,0,0,2
292122,Blasterjaxx,,3,0,3,3,0,3,0,0,0,0,0
292123,motiofficial,,2,0,2,2,0,2,0,0,0,0,0
292148,ChiNonMuore1,,2,0,2,2,0,2,0,0,0,0,3
292176,GAlessandrino,,2,0,2,2,0,2,0,0,0,0,3
292188,postofisso2012,,2,0,2,2,0,2,0,0,0,0,3
292199,thoughtworks,,2,0,2,2,0,2,0,0,0,0,2
292252,hugeinc,,2,0,2,2,0,2,0,0,0,0,2
292573,UnitedHumans,,2,0,2,2,0,2,0,0,0,0,1
292597,TuitRacconto,,2,0,2,2,0,2,0,0,0,0,3
292599,theindustryfash,,2,0,2,2,0,2,0,0,0,0,0
292655,simplicitypost,,2,0,2,2,0,2,0,0,0,0,2
292661,HJDB,,2,0,2,2,0,2,0,0,0,0,7
292714,StKittsTourism,,2,0,2,2,0,2,0,0,0,0,1
292720,AskJamaica,,2,0,2,2,0,2,0,0,0,0,0
292721,CFAProgram,,2,0,2,2,0,2,0,0,0,0,4
292723,DreamsResorts,,2,0,2,2,0,2,0,0,0,0,0
292725,SecretsResorts,,2,0,2,2,0,2,0,0,0,0,0
292726,CFAinstitute,,3,0,3,3,0,3,0,0,0,0,2
292730,SandalsResorts,,2,0,2,2,0,2,0,0,0,0,2
292752,OrgInAction,,2,0,2,2,0,2,0,0,0,0,8
292801,TimmyTrumpet,,2,0,2,2,0,2,0,0,0,0,2
292815,BethYen,,2,0,2,2,0,2,0,0,0,0,2
292845,los_suruba,,3,0,3,3,0,3,0,0,0,0,2
292858,jochemmyjer,,2,0,2,2,0,2,0,0,0,0,2
292874,OMGFacts,,2,0,2,2,0,2,0,0,0,0,2
292875,MacRumors,,2,0,2,2,0,2,0,0,0,0,2
292880,WTofficial,,2,0,2,2,0,2,0,0,0,0,2
292888,cultuur071,,2,0,2,2,0,2,0,0,0,0,3
292912,johnnymcdaid,,2,0,2,2,0,2,0,0,0,0,2
292945,BakermatMusic,,2,0,2,2,0,2,0,0,0,0,2
292954,LiveNation,,3,0,3,3,0,3,0,0,0,0,5
292958,Rock_Mafia,,2,0,2,2,0,2,0,0,0,0,6
292972,houseparty,,2,0,2,2,0,2,0,0,0,0,2
293062,WorldMEvents,,2,0,2,2,0,2,0,0,0,0,2
293095,funnyordie,,3,0,3,3,0,3,0,0,0,0,1
293097,SethMacFarlane,,3,0,3,3,0,3,0,0,0,0,2
293108,BlackBerry,,2,0,2,2,0,2,0,0,0,0,2
293110,LairdLife,,2,0,2,2,0,2,0,0,0,0,1
293111,TheJTimberlake,,2,0,2,2,0,2,0,0,0,0,2
293116,weatherchannel,,2,0,2,2,0,2,0,0,0,0,0
293171,obihardtechno,,2,0,2,2,0,2,0,0,0,0,6
293173,DjFerMartins,,3,0,3,3,0,3,0,0,0,0,2
293176,DjMartaRadical,,2,0,2,2,0,2,0,0,0,0,2
293178,MillanChristian,,2,0,2,2,0,2,0,0,0,0,2
293190,FreddyGirVel,,2,0,2,2,0,2,0,0,0,0,2
293235,Ronnie2K,,2,0,2,2,0,2,0,0,0,0,6
293292,Cody_Perez,,2,0,2,2,0,2,0,0,0,0,2
293298,realshoaibmalik,,2,0,2,2,0,2,0,0,0,0,2
293303,wasimakramlive,,2,0,2,2,0,2,0,0,0,0,2
293304,REALsaeedajmal,,2,0,2,2,0,2,0,0,0,0,2
293305,iamAhmadshahzad,,2,0,2,2,0,2,0,0,0,0,2
293318,PROCIVILSV,,2,0,2,2,0,2,0,0,0,0,0
293324,MedioLlenoSV,,2,0,2,2,0,2,0,0,0,0,6
293334,MedioAmbienteSV,,2,0,2,2,0,2,0,0,0,0,2
293343,elsalvadorcom,,2,0,2,2,0,2,0,0,0,0,2
293511,DMAXRecordings,,2,0,2,2,0,2,0,0,0,0,2
293527,nikesb,,2,0,2,2,0,2,0,0,0,0,3
293528,steezortiz,,2,0,2,2,0,2,0,0,0,0,8
293529,ToreyPudwill,,2,0,2,2,0,2,0,0,0,0,8
293530,shanejoneill,,2,0,2,2,0,2,0,0,0,0,8
293531,prod84,,2,0,2,2,0,2,0,0,0,0,8
293537,flipskateboards,,2,0,2,2,0,2,0,0,0,0,1
293539,thrashermag,,2,0,2,2,0,2,0,0,0,0,8
293542,hurley,,2,0,2,2,0,2,0,0,0,0,1
293543,Volcom,,2,0,2,2,0,2,0,0,0,0,1
293544,XGames,,3,0,3,3,0,3,0,0,0,0,1
293546,Quiksilver,,2,0,2,2,0,2,0,0,0,0,1
293549,Steven_Strauss,,2,0,2,2,0,2,0,0,0,0,6
293550,Converse,,3,0,3,3,0,3,0,0,0,0,2
293551,PayamZamani,,2,0,2,2,0,2,0,0,0,0,6
293554,RalphLauren,,3,0,3,3,0,3,0,0,0,0,2
293555,DanielPink,,2,0,2,2,0,2,0,0,0,0,3
293676,FastCoDesign,,3,0,3,3,0,3,0,0,0,0,3
293684,IBTimes,,2,0,2,2,0,2,0,0,0,0,1
293699,chicagobulls,,2,0,2,2,0,2,0,0,0,0,5
293714,rolandemmerich,,2,0,2,2,0,2,0,0,0,0,1
293715,MayorRahm,,2,0,2,2,0,2,0,0,0,0,3
293744,TheOnlyDJQualls,,2,0,2,2,0,2,0,0,0,0,2
293748,parlophone,,2,0,2,2,0,2,0,0,0,0,2
293749,WorldTeamTennis,,2,0,2,2,0,2,0,0,0,0,2
293750,polydorrecords,,2,0,2,2,0,2,0,0,0,0,2
293752,EpicRecords,,2,0,2,2,0,2,0,0,0,0,0
293754,RCALabelGroupUK,,2,0,2,2,0,2,0,0,0,0,2
293758,MichaelOrland,,2,0,2,2,0,2,0,0,0,0,2
293759,ColumbiaUK,,2,0,2,2,0,2,0,0,0,0,2
293762,mishacollins,,3,0,3,3,0,3,0,0,0,0,4
293763,jarpad,,2,0,2,2,0,2,0,0,0,0,4
293773,BadBoyEnt,,2,0,2,2,0,2,0,0,0,0,2
293775,islandrecordsuk,,2,0,2,2,0,2,0,0,0,0,2
293776,defjam,,2,0,2,2,0,2,0,0,0,0,0
293778,UMG,,3,0,3,3,0,3,0,0,0,0,5
293780,virginrecords,,2,0,2,2,0,2,0,0,0,0,2
293782,warnerrecords,,2,0,2,2,0,2,0,0,0,0,2
293783,ColumbiaRecords,,2,0,2,2,0,2,0,0,0,0,5
293785,warnermusic,,2,0,2,2,0,2,0,0,0,0,2
293789,sonymusic,,3,0,3,3,0,3,0,0,0,0,5
293829,Nelly_Mo,,2,0,2,2,0,2,0,0,0,0,2
293831,CFAwealth,,2,0,2,2,0,2,0,0,0,0,2
293834,WinningWP,,3,0,3,3,0,3,0,0,0,0,5
293844,JimDeMint,,3,0,3,3,0,3,0,0,0,0,1
293891,ZipcarUK,,2,0,2,2,0,2,0,0,0,0,2
293892,YahooCareers,,2,0,2,2,0,2,0,0,0,0,3
293910,africarenewal,,2,0,2,2,0,2,0,0,0,0,1
293917,MAS,,2,0,2,2,0,2,0,0,0,0,0
293921,crunchbase,,2,0,2,2,0,2,0,0,0,0,2
293923,Topshop,,3,0,3,3,0,3,0,0,0,0,2
293924,LANVINofficial,,3,0,3,3,0,3,0,0,0,0,2
293925,kenzo,,3,0,3,3,0,3,0,0,0,0,0
293927,AlexanderWangNY,,3,0,3,3,0,3,0,0,0,0,2
293928,WorldVisionUSA,,2,0,2,2,0,2,0,0,0,0,1
293929,BALENCIAGA,,3,0,3,3,0,3,0,0,0,0,2
293930,StellaMcCartney,,3,0,3,3,0,3,0,0,0,0,5
293931,givenchy,,3,0,3,3,0,3,0,0,0,0,2
293932,EInk,,2,0,2,2,0,2,0,0,0,0,6
293979,lolesports,,2,0,2,2,0,2,0,0,0,0,2
293981,LoLTurkiye,,2,0,2,2,0,2,0,0,0,0,2
293982,LeagueOfLegends,,2,0,2,2,0,2,0,0,0,0,6
293983,riotgames,,4,0,4,4,0,4,0,0,0,0,2
293984,EA_DICE,,2,0,2,2,0,2,0,0,0,0,2
293986,watchdogsgame,,2,0,2,2,0,2,0,0,0,0,2
293987,RiotSupport,,2,0,2,2,0,2,0,0,0,0,2
293988,Ubisoft_UK,,2,0,2,2,0,2,0,0,0,0,2
293989,Battlefield,,3,0,3,3,0,3,0,0,0,0,2
293991,Steam_Support,,3,0,3,3,0,3,0,0,0,0,2
293992,assassinscreed,,3,0,3,3,0,3,0,0,0,0,2
293993,EASPORTS,,3,0,3,3,0,3,0,0,0,0,2
293995,cloudfoundry,,2,0,2,2,0,2,0,0,0,0,0
293998,mozilla,,2,0,2,2,0,2,0,0,0,0,8
293999,e_kaspersky,,2,0,2,2,0,2,0,0,0,0,0
294000,GEResearch,,2,0,2,2,0,2,0,0,0,0,2
294002,ecomagination,,3,0,3,3,0,3,0,0,0,0,2
294005,McAfee,,2,0,2,2,0,2,0,0,0,0,2
294007,ESET,,3,0,3,3,0,3,0,0,0,0,2
294014,mariannethieme,,2,0,2,2,0,2,0,0,0,0,7
294018,emileroemer,,2,0,2,2,0,2,0,0,0,0,1
294021,2eKamertweets,,3,0,3,3,0,3,0,0,0,0,1
294022,diederiksamsom,,2,0,2,2,0,2,0,0,0,0,1
294030,Koning_NL,,2,0,2,2,0,2,0,0,0,0,1
294033,APechtold,,3,0,3,3,0,3,0,0,0,0,2
294034,LoesjeNL,,2,0,2,2,0,2,0,0,0,0,1
294036,RonaldKoeman,,3,0,3,3,0,3,0,0,0,0,0
294039,MinisterieEZK,,2,0,2,2,0,2,0,0,0,0,1
294059,Omdenken,,2,0,2,2,0,2,0,0,0,0,1
294062,RTLnieuws,,2,0,2,2,0,2,0,0,0,0,1
294063,NOS,,2,0,2,2,0,2,0,0,0,0,1
294090,urgenda,,2,0,2,2,0,2,0,0,0,0,1
294092,bnrduurzaam,,2,0,2,2,0,2,0,0,0,0,1
294096,willemlageweg,,2,0,2,2,0,2,0,0,0,0,1
294102,MVO_NL,,2,0,2,2,0,2,0,0,0,0,1
294104,RVO_Nederland,,2,0,2,2,0,2,0,0,0,0,1
294110,RVO_Int_Ond,,2,0,2,2,0,2,0,0,0,0,1
294120,RVO_Duurzaam,,2,0,2,2,0,2,0,0,0,0,1
294125,RVO_Innovatie,,2,0,2,2,0,2,0,0,0,0,1
294421,wpfreelance,,2,0,2,2,0,2,0,0,0,0,3
294422,WP101,,2,0,2,2,0,2,0,0,0,0,3
294423,wpbeginner,,3,0,3,3,0,3,0,0,0,0,3
294581,DJBander,,2,0,2,2,0,2,0,0,0,0,2
294585,jordan_rivera,,2,0,2,2,0,2,0,0,0,0,2
294697,island_ibiza,,2,0,2,2,0,2,0,0,0,0,2
294716,TranceFamilyIta,,2,0,2,2,0,2,0,0,0,0,1
294722,Traktor,,2,0,2,2,0,2,0,0,0,0,0
294741,iTunesTrailers,,3,0,3,3,0,3,0,0,0,0,7
294749,BT,,2,0,2,2,0,2,0,0,0,0,1
294774,DEEPACKDJ,,2,0,2,2,0,2,0,0,0,0,2
294826,logictemplates_,,2,0,2,2,0,2,0,0,0,0,0
294846,LIBIDOAMSTERDAM,,2,0,2,2,0,2,0,0,0,0,1
294868,djalvaro,,2,0,2,2,0,2,0,0,0,0,0
294882,musicalfreedom,,2,0,2,2,0,2,0,0,0,0,0
294895,maximalevreugde,,2,0,2,2,0,2,0,0,0,0,2
294900,PhilBash,,2,0,2,2,0,2,0,0,0,0,3
294910,Proefbunny,,2,0,2,2,0,2,0,0,0,0,3
294911,millionrecords_,,2,0,2,2,0,2,0,0,0,0,2
294925,Bassjackers,,3,0,3,3,0,3,0,0,0,0,2
294962,Triller_Records,,2,0,2,2,0,2,0,0,0,0,6
294984,SimplyAVUK,,2,0,2,2,0,2,0,0,0,0,3
295098,WarpRecords,,2,0,2,2,0,2,0,0,0,0,2
295158,didoofficial,,2,0,2,2,0,2,0,0,0,0,2
295183,thelittleidiot,,2,0,2,2,0,2,0,0,0,0,0
295198,EDC_LasVegas,,2,0,2,2,0,2,0,0,0,0,7
295206,RetweetTrance,,2,0,2,2,0,2,0,0,0,0,0
295236,djtommytrash,,2,0,2,2,0,2,0,0,0,0,6
295245,inna_ro,,3,0,3,3,0,3,0,0,0,0,6
295255,knifepartyinc,,3,0,3,3,0,3,0,0,0,0,2
295265,NeroUK,,2,0,2,2,0,2,0,0,0,0,2
295275,imogenheap,,2,0,2,2,0,2,0,0,0,0,2
295278,perfectorecords,,2,0,2,2,0,2,0,0,0,0,2
295288,Alesso,,3,0,3,3,0,3,0,0,0,0,6
295320,diplo,,3,0,3,3,0,3,0,0,0,0,5
295346,SebastianBrandt,,2,0,2,2,0,2,0,0,0,0,2
295359,SiedvanRiel,,2,0,2,2,0,2,0,0,0,0,2
295362,SusanaVocalist,,2,0,2,2,0,2,0,0,0,0,0
295370,dancingastro,,2,0,2,2,0,2,0,0,0,0,2
295373,SeanTyas,,2,0,2,2,0,2,0,0,0,0,2
295375,BEATOFICIAL,,2,0,2,2,0,2,0,0,0,0,2
295378,BlakeJarrell,,2,0,2,2,0,2,0,0,0,0,2
295411,rubenderonde,,2,0,2,2,0,2,0,0,0,0,2
295427,OttoKnows,,2,0,2,2,0,2,0,0,0,0,6
295438,DonDiablo,,2,0,2,2,0,2,0,0,0,0,2
295452,NPOpolitiek,,3,0,3,3,0,3,0,0,0,0,2
295455,wilfrieddejong,,2,0,2,2,0,2,0,0,0,0,2
295456,RvN1776,,3,0,3,3,0,3,0,0,0,0,0
295457,Ryanbabel,,2,0,2,2,0,2,0,0,0,0,2
295458,OnsOranje,,2,0,2,2,0,2,0,0,0,0,4
295482,XpressionMusic,,2,0,2,2,0,2,0,0,0,0,0
295495,mysteryland2018,,2,0,2,2,0,2,0,0,0,0,2
295496,sensation,,2,0,2,2,0,2,0,0,0,0,2
295500,asot,,2,0,2,2,0,2,0,0,0,0,2
295502,WandWmusic,,3,0,3,3,0,3,0,0,0,0,2
295505,BlackHoleRec,,3,0,3,3,0,3,0,0,0,0,2
295530,tranceachance,,2,0,2,2,0,2,0,0,0,0,6
295557,MTS_Music,,2,0,2,2,0,2,0,0,0,0,3
295563,orjan_nilsen,,2,0,2,2,0,2,0,0,0,0,2
295585,R3HAB,,3,0,3,3,0,3,0,0,0,0,2
295588,JOCofficial,,2,0,2,2,0,2,0,0,0,0,2
295630,geertwilderspvv,,2,0,2,2,0,2,0,0,0,0,2
295631,KarlDetkenProDJ,,3,0,3,3,0,3,0,0,0,0,2
295637,op1npo,,2,0,2,2,0,2,0,0,0,0,1
295639,caricevhouten,,3,0,3,3,0,3,0,0,0,0,2
295644,ParadisoAdam,,2,0,2,2,0,2,0,0,0,0,2
295657,aboveandbeyond,,2,0,2,2,0,2,0,0,0,0,2
295733,spinninNL,,2,0,2,2,0,2,0,0,0,0,2
295737,headhunterz,,2,0,2,2,0,2,0,0,0,0,2
295748,MarkusSchulz,,2,0,2,2,0,2,0,0,0,0,2
295750,DashBerlin,,3,0,3,3,0,3,0,0,0,0,2
295762,DeejayXris,,2,0,2,2,0,2,0,0,0,0,3
295781,GOttaviani,,3,0,3,3,0,3,0,0,0,0,2
295784,Firebeatz,,3,0,3,3,0,3,0,0,0,0,2
295795,blancoynegro,,2,0,2,2,0,2,0,0,0,0,3
295796,devooravondtv,,2,0,2,2,0,2,0,0,0,0,1
295817,cosmicgate,,2,0,2,2,0,2,0,0,0,0,2
295818,Armada,,2,0,2,2,0,2,0,0,0,0,2
295825,elpais_tele,,2,0,2,2,0,2,0,0,0,0,6
295827,spublicidad,,2,0,2,2,0,2,0,0,0,0,6
295828,EYN_ELMERCURIO,,2,0,2,2,0,2,0,0,0,0,6
295829,Ecofinanzas,,3,0,3,3,0,3,0,0,0,0,6
295830,i_globo,,2,0,2,2,0,2,0,0,0,0,6
295831,FprimaveraGR,,3,0,3,3,0,3,0,0,0,0,6
295838,IreneOlivencia,,3,0,3,3,0,3,0,0,0,0,6
295840,erasmusgranada,,2,0,2,2,0,2,0,0,0,0,6
295841,ErasmusyGranada,,2,0,2,2,0,2,0,0,0,0,0
295847,coordenadazero,,2,0,2,2,0,2,0,0,0,0,6
295848,isopixel,,3,0,3,3,0,3,0,0,0,0,6
295851,Nueva_Empresa,,2,0,2,2,0,2,0,0,0,0,6
295854,mariatgut,,2,0,2,2,0,2,0,0,0,0,6
295859,elbarco,,2,0,2,2,0,2,0,0,0,0,4
295861,secundelarosa,,3,0,3,3,0,3,0,0,0,0,6
295862,MelaniOlivaresM,,3,0,3,3,0,3,0,0,0,0,6
295863,NataliaSV94,,3,0,3,3,0,3,0,0,0,0,6
295865,CrisRuizM,,2,0,2,2,0,2,0,0,0,0,6
295872,chemarodriguez1,,2,0,2,2,0,2,0,0,0,0,6
295874,Ineestable,,2,0,2,2,0,2,0,0,0,0,6
295879,ungapa94,,2,0,2,2,0,2,0,0,0,0,6
295880,Rsjuradoarjona,,2,0,2,2,0,2,0,0,0,0,6
295892,ReflexionesGuru,,3,0,3,3,0,3,0,0,0,0,6
295893,ANGlotsoflaughs,,2,0,2,2,0,2,0,0,0,0,6
295895,caarmeenfg,,3,0,3,3,0,3,0,0,0,0,6
295909,Pablo_Garcia22,,2,0,2,2,0,2,0,0,0,0,6
295917,esnsakarya,,2,0,2,2,0,2,0,0,0,0,1
295925,CGorkemEla,,2,0,2,2,0,2,0,0,0,0,1
295928,OtizmveSpor,,2,0,2,2,0,2,0,0,0,0,1
295942,mvscotland,,2,0,2,2,0,2,0,0,0,0,1
295943,Scotland,,2,0,2,2,0,2,0,0,0,0,6
295946,UiTromso,,3,0,3,3,0,3,0,0,0,0,1
295947,Norduniversitet,,3,0,3,3,0,3,0,0,0,0,1
295948,uiagder,,3,0,3,3,0,3,0,0,0,0,1
295950,UniStavanger,,2,0,2,2,0,2,0,0,0,0,1
295954,wittenborg_uni,,2,0,2,2,0,2,0,0,0,0,1
295956,utwenteEN,,3,0,3,3,0,3,0,0,0,0,1
295957,SaxionUAS,,2,0,2,2,0,2,0,0,0,0,1
295959,comexcr,,2,0,2,2,0,2,0,0,0,0,5
295962,WBI_tweet,,2,0,2,2,0,2,0,0,0,0,1
295966,NAWA_Poland,,2,0,2,2,0,2,0,0,0,0,1
295967,LearnChile,,2,0,2,2,0,2,0,0,0,0,1
295971,BondUniversity,,3,0,3,3,0,3,0,0,0,0,4
295975,ANUIES,,3,0,3,3,0,3,0,0,0,0,4
295982,infoexpatries,,2,0,2,2,0,2,0,0,0,0,6
295992,Experience_Camp,,2,0,2,2,0,2,0,0,0,0,1
296000,NCState,,2,0,2,2,0,2,0,0,0,0,1
296002,studyabroadfans,,3,0,3,3,0,3,0,0,0,0,7
296004,StudyUSAcom,,2,0,2,2,0,2,0,0,0,0,1
296005,StudyinStates,,2,0,2,2,0,2,0,0,0,0,2
296006,christelleCoet,,2,0,2,2,0,2,0,0,0,0,3
296021,CSULB,,2,0,2,2,0,2,0,0,0,0,2
296031,Unilim_FLSH,,2,0,2,2,0,2,0,0,0,0,1
296035,weblaligue,,2,0,2,2,0,2,0,0,0,0,1
296036,Univ_CotedAzur,,3,0,3,3,0,3,0,0,0,0,1
296037,MaximeLeblanc35,,2,0,2,2,0,2,0,0,0,0,1
296041,Ftips_Spanish,,3,0,3,3,0,3,0,0,0,0,1
296067,cc_irlandais,,2,0,2,2,0,2,0,0,0,0,1
296071,CCI_Paris_IdF,,2,0,2,2,0,2,0,0,0,0,1
296074,Fondation_Af,,2,0,2,2,0,2,0,0,0,0,6
296076,DiploMix,,2,0,2,2,0,2,0,0,0,0,6
296077,YestudentFr,,2,0,2,2,0,2,0,0,0,0,1
296085,ch_rouillon,,2,0,2,2,0,2,0,0,0,0,1
296086,EIVP_Interntnl,,2,0,2,2,0,2,0,0,0,0,1
296088,JeromeBarrois,,3,0,3,3,0,3,0,0,0,0,1
296091,MLI_UK,,2,0,2,2,0,2,0,0,0,0,1
296096,RankingUnis,,2,0,2,2,0,2,0,0,0,0,4
296099,wearefirma,,2,0,2,2,0,2,0,0,0,0,1
296102,boohoo,,3,0,3,3,0,3,0,0,0,0,2
296106,FrenchMorningNY,,2,0,2,2,0,2,0,0,0,0,1
296116,OfficialGMAT,,3,0,3,3,0,3,0,0,0,0,3
296119,AllemagneDiplo,,2,0,2,2,0,2,0,0,0,0,1
296121,sarakcuster,,3,0,3,3,0,3,0,0,0,0,1
296122,AVA_assurance,,2,0,2,2,0,2,0,0,0,0,1
296123,JeanLoupSalzman,,2,0,2,2,0,2,0,0,0,0,1
296129,VatelFrance,,2,0,2,2,0,2,0,0,0,0,1
296131,lesroches_es,,3,0,3,3,0,3,0,0,0,0,1
296133,lesroches_en,,3,0,3,3,0,3,0,0,0,0,1
296140,Queensland,,2,0,2,2,0,2,0,0,0,0,6
296144,ArianeFery,,2,0,2,2,0,2,0,0,0,0,1
296146,FicepParis,,2,0,2,2,0,2,0,0,0,0,0
296149,fr_British,,2,0,2,2,0,2,0,0,0,0,1
296152,InfoMetiers,,2,0,2,2,0,2,0,0,0,0,1
296154,WorldEdServices,,2,0,2,2,0,2,0,0,0,0,1
296155,don_Quijote,,3,0,3,3,0,3,0,0,0,0,1
296156,DAADParis,,2,0,2,2,0,2,0,0,0,0,1
296165,UQ_News,,2,0,2,2,0,2,0,0,0,0,1
296174,SpanLinkAbroad,,2,0,2,2,0,2,0,0,0,0,1
296175,polymtl,,3,0,3,3,0,3,0,0,0,0,1
296178,IMTAtlantique,,3,0,3,3,0,3,0,0,0,0,1
296179,imt_bs,,2,0,2,2,0,2,0,0,0,0,1
296180,IMTechfr,,3,0,3,3,0,3,0,0,0,0,1
296181,MINES_ParisTech,,3,0,3,3,0,3,0,0,0,0,7
296183,EuropaCity,,2,0,2,2,0,2,0,0,0,0,1
296184,OlivierChiche,,2,0,2,2,0,2,0,0,0,0,1
296186,StudioItalia_,,2,0,2,2,0,2,0,0,0,0,1
296187,ofqj_france,,2,0,2,2,0,2,0,0,0,0,1
296188,MRIF_Quebec,,2,0,2,2,0,2,0,0,0,0,1
296191,Quebec_FR,,2,0,2,2,0,2,0,0,0,0,1
296192,MariestellPech,,2,0,2,2,0,2,0,0,0,0,1
296193,lauratail,,2,0,2,2,0,2,0,0,0,0,1
296194,EduInfographics,,2,0,2,2,0,2,0,0,0,0,1
296201,Comm_College,,2,0,2,2,0,2,0,0,0,0,2
296204,FrAffaires,,2,0,2,2,0,2,0,0,0,0,6
296205,ACEducation,,2,0,2,2,0,2,0,0,0,0,2
296211,AFStmaloBretagn,,2,0,2,2,0,2,0,0,0,0,6
296212,NACAC,,2,0,2,2,0,2,0,0,0,0,1
296218,WaldenU,,3,0,3,3,0,3,0,0,0,0,1
296219,LesRochesNews,,3,0,3,3,0,3,0,0,0,0,1
296223,sdabocconi,,3,0,3,3,0,3,0,0,0,0,1
296227,icefmonitor,,3,0,3,3,0,3,0,0,0,0,7
296236,ngomaty,,2,0,2,2,0,2,0,0,0,0,1
296241,MoreThanEnglish,,2,0,2,2,0,2,0,0,0,0,4
296249,CambrdgSeminars,,2,0,2,2,0,2,0,0,0,0,1
296259,AlianzaFLA,,2,0,2,2,0,2,0,0,0,0,7
296263,TheStudentHotel,,2,0,2,2,0,2,0,0,0,0,1
296272,WSE_London,,2,0,2,2,0,2,0,0,0,0,4
296278,StudyInRomania,,2,0,2,2,0,2,0,0,0,0,1
296286,womeninhighered,,2,0,2,2,0,2,0,0,0,0,1
296292,NewSchoolArch,,2,0,2,2,0,2,0,0,0,0,1
296296,ebs_Paris,,3,0,3,3,0,3,0,0,0,0,7
296307,Bau_bcn,,2,0,2,2,0,2,0,0,0,0,2
296309,IEDMadrid,,3,0,3,3,0,3,0,0,0,0,1
296310,iedbarcelona,,3,0,3,3,0,3,0,0,0,0,1
296314,ElisavaBCN,,2,0,2,2,0,2,0,0,0,0,1
296315,UZH_en,,3,0,3,3,0,3,0,0,0,0,1
296317,Inalco,,3,0,3,3,0,3,0,0,0,0,1
296318,UZH_Science,,3,0,3,3,0,3,0,0,0,0,1
296319,QF,,3,0,3,3,0,3,0,0,0,0,2
296321,hes_so,,3,0,3,3,0,3,0,0,0,0,1
296322,boalingua,,2,0,2,2,0,2,0,0,0,0,1
296324,audencia,,2,0,2,2,0,2,0,0,0,0,1
296325,Vocable_Espanol,,3,0,3,3,0,3,0,0,0,0,1
296327,DialogoEsFr,,2,0,2,2,0,2,0,0,0,0,6
296328,tbs_education,,3,0,3,3,0,3,0,0,0,0,1
296330,UniNeuchatel,,3,0,3,3,0,3,0,0,0,0,1
296331,HSGStGallen,,3,0,3,3,0,3,0,0,0,0,1
296332,EPFL_Park,,2,0,2,2,0,2,0,0,0,0,1
296333,ETH,,3,0,3,3,0,3,0,0,0,0,1
296334,UniLuzern,,3,0,3,3,0,3,0,0,0,0,1
296335,UZH_ch,,3,0,3,3,0,3,0,0,0,0,1
296336,ialc_languages,,2,0,2,2,0,2,0,0,0,0,4
296337,unibern,,3,0,3,3,0,3,0,0,0,0,1
296338,grandesecoles,,3,0,3,3,0,3,0,0,0,0,2
296340,heclausanne,,2,0,2,2,0,2,0,0,0,0,1
296342,mce_tv,,4,0,4,4,0,4,0,0,0,0,8
296343,BCUPressOffice,,3,0,3,3,0,3,0,0,0,0,1
296344,MyBCU,,3,0,3,3,0,3,0,0,0,0,1
296345,alliancefrparis,,2,0,2,2,0,2,0,0,0,0,6
296347,IFParis,,3,0,3,3,0,3,0,0,0,0,6
296348,lecourrierES,,2,0,2,2,0,2,0,0,0,0,6
296349,issuu,,3,0,3,3,0,3,0,0,0,0,1
296350,USherbrooke,,3,0,3,3,0,3,0,0,0,0,1
296351,universitelaval,,3,0,3,3,0,3,0,0,0,0,4
296352,CollegeBoard,,2,0,2,2,0,2,0,0,0,0,1
296353,CollegeWeekLive,,2,0,2,2,0,2,0,0,0,0,1
296357,PhalakoneMysay,,2,0,2,2,0,2,0,0,0,0,1
296359,prepahec,,3,0,3,3,0,3,0,0,0,0,8
296361,BrestBS,,2,0,2,2,0,2,0,0,0,0,1
296362,UJML,,3,0,3,3,0,3,0,0,0,0,1
296363,lepointetudiant,,3,0,3,3,0,3,0,0,0,0,1
296364,chiuni,,3,0,3,3,0,3,0,0,0,0,1
296365,HEC_Montreal,,2,0,2,2,0,2,0,0,0,0,1
296366,EduIrlAmb,,2,0,2,2,0,2,0,0,0,0,1
296368,Phil_Baty,,3,0,3,3,0,3,0,0,0,0,1
296369,RennesSB,,2,0,2,2,0,2,0,0,0,0,1
296370,EMStrasbourg,,3,0,3,3,0,3,0,0,0,0,1
296371,EMNormandie,,3,0,3,3,0,3,0,0,0,0,1
296372,Grenoble_EM,,3,0,3,3,0,3,0,0,0,0,7
296373,Tagemage,,2,0,2,2,0,2,0,0,0,0,1
296377,univcan,,2,0,2,2,0,2,0,0,0,0,1
296379,GoToIreland,,2,0,2,2,0,2,0,0,0,0,1
296381,OUPEconomics,,2,0,2,2,0,2,0,0,0,0,1
296382,helpgoabroadcom,,2,0,2,2,0,2,0,0,0,0,1
296384,FCconferences,,3,0,3,3,0,3,0,0,0,0,1
296385,ConferenceDesGE,,2,0,2,2,0,2,0,0,0,0,1
296386,franceintheus,,2,0,2,2,0,2,0,0,0,0,1
296397,OfficeofEdTech,,3,0,3,3,0,3,0,0,0,0,2
296398,SiPNetwork,,2,0,2,2,0,2,0,0,0,0,1
296399,VisitBCN_FR,,2,0,2,2,0,2,0,0,0,0,0
296403,otago,,3,0,3,3,0,3,0,0,0,0,4
296404,foropostgrado,,3,0,3,3,0,3,0,0,0,0,4
296405,salofutura,,2,0,2,2,0,2,0,0,0,0,1
296406,saloensenyament,,3,0,3,3,0,3,0,0,0,0,1
296409,StudyReviews,,2,0,2,2,0,2,0,0,0,0,7
296413,columbiajourn,,2,0,2,2,0,2,0,0,0,0,1
296415,BarcelonaTurism,,3,0,3,3,0,3,0,0,0,0,7
296416,StudyinValencia,,3,0,3,3,0,3,0,0,0,0,3
296417,turismoBCN,,3,0,3,3,0,3,0,0,0,0,0
296418,barcelonagse,,3,0,3,3,0,3,0,0,0,0,1
296420,uni_scot,,3,0,3,3,0,3,0,0,0,0,1
296422,SolentSU,,2,0,2,2,0,2,0,0,0,0,1
296423,solentuni,,3,0,3,3,0,3,0,0,0,0,1
296424,visitingmexico,,2,0,2,2,0,2,0,0,0,0,1
296425,StudyinMexico,,3,0,3,3,0,3,0,0,0,0,1
296428,TourismMalaysia,,3,0,3,3,0,3,0,0,0,0,0
296430,CumbriaUni,,3,0,3,3,0,3,0,0,0,0,1
296432,colgateuniv,,3,0,3,3,0,3,0,0,0,0,1
296433,emvaillant,,2,0,2,2,0,2,0,0,0,0,1
296434,bournemouthuni,,3,0,3,3,0,3,0,0,0,0,1
296435,livuninews,,3,0,3,3,0,3,0,0,0,0,1
296436,educationusa,,2,0,2,2,0,2,0,0,0,0,2
296437,soprincet,,2,0,2,2,0,2,0,0,0,0,1
296438,marylinebaumard,,2,0,2,2,0,2,0,0,0,0,1
296439,LivUni,,3,0,3,3,0,3,0,0,0,0,1
296441,BostonCollege,,3,0,3,3,0,3,0,0,0,0,1
296442,EF,,3,0,3,3,0,3,0,0,0,0,1
296448,TAMU,,3,0,3,3,0,3,0,0,0,0,1
296449,esllanguagesuk,,3,0,3,3,0,3,0,0,0,0,7
296451,StudyGlobal_ES,,2,0,2,2,0,2,0,0,0,0,1
296452,massalamanca,,3,0,3,3,0,3,0,0,0,0,4
296453,_Cast_y_Leon,,2,0,2,2,0,2,0,0,0,0,1
296454,AmeriCamp,,2,0,2,2,0,2,0,0,0,0,1
296455,inlingua_edin,,3,0,3,3,0,3,0,0,0,0,1
296459,txst,,3,0,3,3,0,3,0,0,0,0,1
296466,apsiainfo,,2,0,2,2,0,2,0,0,0,0,1
296469,WeVisitMexico,,2,0,2,2,0,2,0,0,0,0,7
296470,ucas_online,,3,0,3,3,0,3,0,0,0,0,1
296472,UPV_CFP,,3,0,3,3,0,3,0,0,0,0,4
296474,NYUStern,,2,0,2,2,0,2,0,0,0,0,2
296475,dartmouth,,3,0,3,3,0,3,0,0,0,0,0
296476,BrownUniversity,,3,0,3,3,0,3,0,0,0,0,1
296477,covcampus,,3,0,3,3,0,3,0,0,0,0,2
296478,wlv_uni,,3,0,3,3,0,3,0,0,0,0,1
296479,secguanajuato,,4,0,4,4,0,4,0,0,0,0,1
296481,Expatunited,,2,0,2,2,0,2,0,0,0,0,7
296482,lepetitjournal,,3,0,3,3,0,3,0,0,0,0,7
296483,IfMilano,,2,0,2,2,0,2,0,0,0,0,1
296485,LPJ_Espagne,,3,0,3,3,0,3,0,0,0,0,1
296492,O_Rollot,,2,0,2,2,0,2,0,0,0,0,1
296493,GvtMonaco,,2,0,2,2,0,2,0,0,0,0,2
296495,StudyInFlanders,,2,0,2,2,0,2,0,0,0,0,1
296496,igraduate,,3,0,3,3,0,3,0,0,0,0,1
296498,WarwickSU,,2,0,2,2,0,2,0,0,0,0,1
296499,StaffsUni,,3,0,3,3,0,3,0,0,0,0,1
296500,KeeleUniversity,,3,0,3,3,0,3,0,0,0,0,1
296501,unibirmingham,,4,0,4,4,0,4,0,0,0,0,4
296502,AstonUniversity,,4,0,4,4,0,4,0,0,0,0,4
296503,UniofHerts,,4,0,4,4,0,4,0,0,0,0,3
296504,UniKentNews,,2,0,2,2,0,2,0,0,0,0,1
296505,CanterburyCCUni,,3,0,3,3,0,3,0,0,0,0,1
296506,UniofGreenwich,,3,0,3,3,0,3,0,0,0,0,1
296509,GMACUpdates,,3,0,3,3,0,3,0,0,0,0,3
296512,GlobalHigherEd,,3,0,3,3,0,3,0,0,0,0,1
296513,LaSalleMAD,,2,0,2,2,0,2,0,0,0,0,1
296515,letudiantsalon,,2,0,2,2,0,2,0,0,0,0,1
296516,CUPeducation,,2,0,2,2,0,2,0,0,0,0,1
296517,redhispanistas,,2,0,2,2,0,2,0,0,0,0,1
296518,vbertereau,,2,0,2,2,0,2,0,0,0,0,1
296520,gencat,,3,0,3,3,0,3,0,0,0,0,0
296521,MathieuOui,,2,0,2,2,0,2,0,0,0,0,2
296524,tavennec,,2,0,2,2,0,2,0,0,0,0,1
296525,Vocable_Deutsch,,2,0,2,2,0,2,0,0,0,0,1
296527,SChesnel,,3,0,3,3,0,3,0,0,0,0,1
296528,SyLecherbonnier,,3,0,3,3,0,3,0,0,0,0,1
296530,YaelDidi,,3,0,3,3,0,3,0,0,0,0,1
296532,LangCanada,,2,0,2,2,0,2,0,0,0,0,1
296534,UNOSEL_info,,2,0,2,2,0,2,0,0,0,0,1
296535,LSBU,,3,0,3,3,0,3,0,0,0,0,1
296538,WestminsterSU,,2,0,2,2,0,2,0,0,0,0,1
296539,LondonMetUni,,3,0,3,3,0,3,0,0,0,0,1
296540,UEL_News,,3,0,3,3,0,3,0,0,0,0,1
296542,MalacaInstituto,,2,0,2,2,0,2,0,0,0,0,1
296544,CityUniLondon,,3,0,3,3,0,3,0,0,0,0,1
296545,cassbusiness,,3,0,3,3,0,3,0,0,0,0,1
296546,GCUIntNews,,2,0,2,2,0,2,0,0,0,0,1
296547,UninorteWorld,,2,0,2,2,0,2,0,0,0,0,1
296549,Studyin_turkey,,2,0,2,2,0,2,0,0,0,0,1
296551,Entirl,,4,0,4,4,0,4,0,0,0,0,1
296554,guildhallschool,,2,0,2,2,0,2,0,0,0,0,1
296558,EdUSAtips,,2,0,2,2,0,2,0,0,0,0,4
296561,finsupabroad,,2,0,2,2,0,2,0,0,0,0,1
296569,UCRoosevelt,,2,0,2,2,0,2,0,0,0,0,1
296572,stjohnsglobal,,3,0,3,3,0,3,0,0,0,0,1
296574,IOE_London,,2,0,2,2,0,2,0,0,0,0,2
296580,FulbrightAssoc,,2,0,2,2,0,2,0,0,0,0,1
296584,UGentIRO,,3,0,3,3,0,3,0,0,0,0,1
296585,uvic_relin,,2,0,2,2,0,2,0,0,0,0,1
296587,ShanghaiRanking,,3,0,3,3,0,3,0,0,0,0,1
296593,tshcampus,,2,0,2,2,0,2,0,0,0,0,7
296594,in_Spanish,,2,0,2,2,0,2,0,0,0,0,1
296596,METintl,,2,0,2,2,0,2,0,0,0,0,2
296601,WesternU,,3,0,3,3,0,3,0,0,0,0,7
296607,UVic_FCSB,,2,0,2,2,0,2,0,0,0,0,6
296610,MEI_Ireland,,2,0,2,2,0,2,0,0,0,0,4
296611,GMACResearchers,,2,0,2,2,0,2,0,0,0,0,2
296612,DCUIntl,,3,0,3,3,0,3,0,0,0,0,1
296616,EPEC_FiUNLP,,2,0,2,2,0,2,0,0,0,0,1
296620,MacmillanSpain,,2,0,2,2,0,2,0,0,0,0,4
296627,UALStudyAbroad,,2,0,2,2,0,2,0,0,0,0,2
296628,studyinnz,,2,0,2,2,0,2,0,0,0,0,1
296631,HKUniversity,,2,0,2,2,0,2,0,0,0,0,3
296633,uiabroad,,3,0,3,3,0,3,0,0,0,0,1
296639,MizzouAbroad,,2,0,2,2,0,2,0,0,0,0,1
296640,Leedsenglish,,2,0,2,2,0,2,0,0,0,0,4
296643,IDTICupf,,2,0,2,2,0,2,0,0,0,0,1
296650,ICOSirl,,2,0,2,2,0,2,0,0,0,0,1
296654,HetISO,,4,0,4,4,0,4,0,0,0,0,1
296655,ITCarlow_Intl,,4,0,4,4,0,4,0,0,0,0,1
296657,C_Noumi,,2,0,2,2,0,2,0,0,0,0,1
296658,UofAGoAbroad,,2,0,2,2,0,2,0,0,0,0,1
296659,kocunivoip,,2,0,2,2,0,2,0,0,0,0,1
296668,regentsuni,,3,0,3,3,0,3,0,0,0,0,1
296676,EricStoller,,2,0,2,2,0,2,0,0,0,0,1
296677,UoSGlobalOpps,,3,0,3,3,0,3,0,0,0,0,1
296678,NethERbxl,,3,0,3,3,0,3,0,0,0,0,4
296679,Webinars4you,,3,0,3,3,0,3,0,0,0,0,2
296681,eegronpolak,,2,0,2,2,0,2,0,0,0,0,1
296685,CAgovernor,,3,0,3,3,0,3,0,0,0,0,2
296688,UniBasel,,3,0,3,3,0,3,0,0,0,0,1
296689,CH_universities,,2,0,2,2,0,2,0,0,0,0,1
296690,enforex,,3,0,3,3,0,3,0,0,0,0,1
296691,StudyUKBritish,,3,0,3,3,0,3,0,0,0,0,4
296692,EduIreland,,3,0,3,3,0,3,0,0,0,0,1
296694,davidenkoff,,2,0,2,2,0,2,0,0,0,0,7
296696,Expolangues,,2,0,2,2,0,2,0,0,0,0,1
296705,raquelcarracedx,,2,0,2,2,0,2,0,0,0,0,5
296706,androidsis,,2,0,2,2,0,2,0,0,0,0,5
296707,CCompostela,,2,0,2,2,0,2,0,0,0,0,5
296715,CCultura,,2,0,2,2,0,2,0,0,0,0,5
296720,iPabloRM,,2,0,2,2,0,2,0,0,0,0,5
296728,Laura_Rama,,3,0,3,3,0,3,0,0,0,0,5
296730,MarinaSkyWalk,,2,0,2,2,0,2,0,0,0,0,5
296734,Cristina_Lia,,2,0,2,2,0,2,0,0,0,0,5
296735,TitoPlacer,,2,0,2,2,0,2,0,0,0,0,5
296744,thenoisehour,,2,0,2,2,0,2,0,0,0,0,5
296750,vargasbluesband,,2,0,2,2,0,2,0,0,0,0,5
296751,Sube_un_escalon,,2,0,2,2,0,2,0,0,0,0,5
296769,Necron0mic0n,,2,0,2,2,0,2,0,0,0,0,5
296786,gamestaresp,,2,0,2,2,0,2,0,0,0,0,5
296787,tricia_pa_tri,,2,0,2,2,0,2,0,0,0,0,5
296799,chefvictortega,,2,0,2,2,0,2,0,0,0,0,5
296808,JavidePablo,,3,0,3,3,0,3,0,0,0,0,5
296814,madridrunningco,,3,0,3,3,0,3,0,0,0,0,5
296816,PremiosFeroz,,2,0,2,2,0,2,0,0,0,0,5
296885,RedsTrueBBQ,,2,0,2,2,0,2,0,0,0,0,1
296902,LeedsBeckettSU,,3,0,3,3,0,3,0,0,0,0,1
296967,Leeds_Sport,,2,0,2,2,0,2,0,0,0,0,1
296975,LUFC,,2,0,2,2,0,2,0,0,0,0,1
296976,LeedsUniAHC,,2,0,2,2,0,2,0,0,0,0,1
296984,LeedsGloCo,,2,0,2,2,0,2,0,0,0,0,1
296985,metecoban92,,2,0,2,2,0,2,0,0,0,0,1
296986,mylifemysay,,3,0,3,3,0,3,0,0,0,0,1
296996,Unipol,,2,0,2,2,0,2,0,0,0,0,1
296999,leedsbeckett,,3,0,3,3,0,3,0,0,0,0,1
297000,UniversityLeeds,,3,0,3,3,0,3,0,0,0,0,1
297001,LeedsNews,,2,0,2,2,0,2,0,0,0,0,3
297002,TheGryphonLeeds,,3,0,3,3,0,3,0,0,0,0,1
297017,BetaList,,2,0,2,2,0,2,0,0,0,0,7
297031,MaximeDesmaris,,2,0,2,2,0,2,0,0,0,0,8
297061,grand_labo,,3,0,3,3,0,3,0,0,0,0,7
297063,HESAM_Univ,,3,0,3,3,0,3,0,0,0,0,1
297107,ilijavuckov,,2,0,2,2,0,2,0,0,0,0,2
297108,PierreAlquier,,2,0,2,2,0,2,0,0,0,0,7
297109,CampusCaracas,,2,0,2,2,0,2,0,0,0,0,7
297117,afalassociation,,2,0,2,2,0,2,0,0,0,0,7
297138,topemploi,,2,0,2,2,0,2,0,0,0,0,8
297140,OctopusVentures,,2,0,2,2,0,2,0,0,0,0,7
297147,Exchangestus,,2,0,2,2,0,2,0,0,0,0,7
297148,ExchanStudUtah,,2,0,2,2,0,2,0,0,0,0,7
297152,ExchangeAbroad,,2,0,2,2,0,2,0,0,0,0,7
297153,Exchange13_14,,2,0,2,2,0,2,0,0,0,0,7
297156,THSExchangeStud,,2,0,2,2,0,2,0,0,0,0,7
297185,VAEraleigh,,2,0,2,2,0,2,0,0,0,0,2
297201,EAPReciprocity,,2,0,2,2,0,2,0,0,0,0,7
297209,Exch_Student,,2,0,2,2,0,2,0,0,0,0,7
297210,UCT_S_exchange,,3,0,3,3,0,3,0,0,0,0,1
297215,ExchangeUPF,,3,0,3,3,0,3,0,0,0,0,1
297218,exchangestudent,,4,0,4,4,0,4,0,0,0,0,1
297220,ForeignExStu,,2,0,2,2,0,2,0,0,0,0,7
297222,BeykentErasmus,,2,0,2,2,0,2,0,0,0,0,7
297228,erasmuskoay,,3,0,3,3,0,3,0,0,0,0,3
297234,imran_08054,,2,0,2,2,0,2,0,0,0,0,1
297235,carelerasmus1,,2,0,2,2,0,2,0,0,0,0,7
297246,bonsaitreecoza,,2,0,2,2,0,2,0,0,0,0,2
297248,ErasmusOR,,2,0,2,2,0,2,0,0,0,0,2
297254,kpanijr,,2,0,2,2,0,2,0,0,0,0,1
297255,erasmus_east,,2,0,2,2,0,2,0,0,0,0,7
297256,GEMMA_MasterEM,,3,0,3,3,0,3,0,0,0,0,0
297257,stephan0103,,2,0,2,2,0,2,0,0,0,0,7
297258,PedroErasmus,,2,0,2,2,0,2,0,0,0,0,7
297260,neha_erasmus,,2,0,2,2,0,2,0,0,0,0,1
297261,erasmus70,,2,0,2,2,0,2,0,0,0,0,7
297262,thefremus,,2,0,2,2,0,2,0,0,0,0,7
297264,Thulani318,,2,0,2,2,0,2,0,0,0,0,4
297265,HankJones_26,,3,0,3,3,0,3,0,0,0,0,7
297266,metall0id,,2,0,2,2,0,2,0,0,0,0,7
297267,erasmuskwaw,,2,0,2,2,0,2,0,0,0,0,7
297269,_Munchkin10,,2,0,2,2,0,2,0,0,0,0,1
297271,JaunmariFrancis,,2,0,2,2,0,2,0,0,0,0,7
297273,cheffolliage,,2,0,2,2,0,2,0,0,0,0,7
297274,ErasmusMweene,,3,0,3,3,0,3,0,0,0,0,7
297275,erasmusdarwin,,3,0,3,3,0,3,0,0,0,0,7
297276,AlexErasmus,,3,0,3,3,0,3,0,0,0,0,7
297277,Lekrom,,2,0,2,2,0,2,0,0,0,0,7
297285,titoyooo,,2,0,2,2,0,2,0,0,0,0,8
297302,StartupBlink,,2,0,2,2,0,2,0,0,0,0,4
297316,Alexvizeo,,2,0,2,2,0,2,0,0,0,0,7
297317,romainworldtour,,3,0,3,3,0,3,0,0,0,0,7
297370,SEKeener,,2,0,2,2,0,2,0,0,0,0,7
297391,chrisguillebeau,,3,0,3,3,0,3,0,0,0,0,0
297397,HoneyTrek,,2,0,2,2,0,2,0,0,0,0,7
297402,SheilaS,,2,0,2,2,0,2,0,0,0,0,7
297404,llworldtour,,2,0,2,2,0,2,0,0,0,0,7
297408,AlexLeviton,,2,0,2,2,0,2,0,0,0,0,7
297414,KateLThomas,,2,0,2,2,0,2,0,0,0,0,7
297415,TheTripologist,,2,0,2,2,0,2,0,0,0,0,7
297417,samhouston,,2,0,2,2,0,2,0,0,0,0,7
297418,thetravelword,,2,0,2,2,0,2,0,0,0,0,7
297430,HTGlobe,,2,0,2,2,0,2,0,0,0,0,7
297431,JeromeShaw,,2,0,2,2,0,2,0,0,0,0,7
297437,bohemiantrav,,2,0,2,2,0,2,0,0,0,0,7
297438,gotravelyourway,,3,0,3,3,0,3,0,0,0,0,7
297445,KenDOWNunder,,2,0,2,2,0,2,0,0,0,0,7
297446,GreenGlobalTrvl,,2,0,2,2,0,2,0,0,0,0,7
297452,Mikeachim,,2,0,2,2,0,2,0,0,0,0,7
297454,JohnnyVagabond,,2,0,2,2,0,2,0,0,0,0,7
297456,2Backpackers,,2,0,2,2,0,2,0,0,0,0,7
297457,TheCultureist,,2,0,2,2,0,2,0,0,0,0,7
297463,gorenflo,,2,0,2,2,0,2,0,0,0,0,7
297470,brandyleebell,,2,0,2,2,0,2,0,0,0,0,7
297475,simonstevens74,,3,0,3,3,0,3,0,0,0,0,1
297487,polytechnicebde,,2,0,2,2,0,2,0,0,0,0,1
297491,BDE_CS,,2,0,2,2,0,2,0,0,0,0,7
297494,BdE_ESPCI,,3,0,3,3,0,3,0,0,0,0,7
297499,bdedauphine,,3,0,3,3,0,3,0,0,0,0,7
297501,BdeAllStars,,3,0,3,3,0,3,0,0,0,0,1
297503,BDEdesPonts,,2,0,2,2,0,2,0,0,0,0,7
297504,ANESTAPS,,2,0,2,2,0,2,0,0,0,0,8
297529,fprussak,,2,0,2,2,0,2,0,0,0,0,8
297539,IA_Nantes,,2,0,2,2,0,2,0,0,0,0,8
297541,GOurties,,2,0,2,2,0,2,0,0,0,0,8
297548,esyle13,,2,0,2,2,0,2,0,0,0,0,8
297549,AchibaneHamza,,2,0,2,2,0,2,0,0,0,0,8
297558,etienne_lanaud,,2,0,2,2,0,2,0,0,0,0,8
297571,RG2J,,3,0,3,3,0,3,0,0,0,0,8
297576,ThibautServant,,2,0,2,2,0,2,0,0,0,0,8
297604,MJS_Var,,2,0,2,2,0,2,0,0,0,0,8
297605,JeunesSoc84,,2,0,2,2,0,2,0,0,0,0,8
297607,lagrange2017,,2,0,2,2,0,2,0,0,0,0,8
297608,fedelorraine,,4,0,4,4,0,4,0,0,0,0,8
297609,HTOlivier,,2,0,2,2,0,2,0,0,0,0,8
297627,FedeFASEE,,2,0,2,2,0,2,0,0,0,0,8
297643,FAM_Interasso,,2,0,2,2,0,2,0,0,0,0,1
297654,AFGES,,3,0,3,3,0,3,0,0,0,0,1
297655,AFNEUS,,2,0,2,2,0,2,0,0,0,0,8
297657,LesNuitsdesCFF,,2,0,2,2,0,2,0,0,0,0,8
297668,maiilan_,,2,0,2,2,0,2,0,0,0,0,8
297670,BokaosAvignon,,2,0,2,2,0,2,0,0,0,0,8
297671,AfevAvignon,,2,0,2,2,0,2,0,0,0,0,8
297675,Pauline_DuBarry,,3,0,3,3,0,3,0,0,0,0,1
297676,France3Provence,,3,0,3,3,0,3,0,0,0,0,1
297683,campusavignon,,2,0,2,2,0,2,0,0,0,0,8
297689,emmanuel_ethis,,2,0,2,2,0,2,0,0,0,0,8
297690,blanchet_julien,,2,0,2,2,0,2,0,0,0,0,8
297695,Asso_UATV,,2,0,2,2,0,2,0,0,0,0,8
297698,SabrinaDkhn,,2,0,2,2,0,2,0,0,0,0,8
297701,Laurent_Beauvai,,2,0,2,2,0,2,0,0,0,0,8
297706,federationares,,2,0,2,2,0,2,0,0,0,0,8
297708,afremiot03,,2,0,2,2,0,2,0,0,0,0,8
297709,AEDAvignon,,2,0,2,2,0,2,0,0,0,0,8
297710,InterA_Avignon,,2,0,2,2,0,2,0,0,0,0,8
297712,Allan_Rochette,,2,0,2,2,0,2,0,0,0,0,8
297714,LionelRuiz_,,2,0,2,2,0,2,0,0,0,0,8
297715,enzaleblanc,,2,0,2,2,0,2,0,0,0,0,8
297726,NWSE,,2,0,2,2,0,2,0,0,0,0,1
297727,IberoExchange,,3,0,3,3,0,3,0,0,0,0,1
297728,MQ_Exchange,,2,0,2,2,0,2,0,0,0,0,1
297729,AFSUSA,,2,0,2,2,0,2,0,0,0,0,1
297730,Stagebuitenland,,2,0,2,2,0,2,0,0,0,0,1
297735,Visit_NL,,3,0,3,3,0,3,0,0,0,0,1
297745,ArtEZhogeschool,,3,0,3,3,0,3,0,0,0,0,1
297749,eurogates,,3,0,3,3,0,3,0,0,0,0,1
297751,WilmadeKoning,,2,0,2,2,0,2,0,0,0,0,1
297754,WO_nieuws,,2,0,2,2,0,2,0,0,0,0,1
297755,Onderwijsgids,,2,0,2,2,0,2,0,0,0,0,1
297780,deVSNU,,3,0,3,3,0,3,0,0,0,0,1
297787,UnivLyon1,,3,0,3,3,0,3,0,0,0,0,8
297797,Educasources,,3,0,3,3,0,3,0,0,0,0,8
297799,lestrepublicain,,2,0,2,2,0,2,0,0,0,0,8
297800,lerepu,,2,0,2,2,0,2,0,0,0,0,8
297812,VICEfr,,2,0,2,2,0,2,0,0,0,0,1
297850,Grand_Nancy,,2,0,2,2,0,2,0,0,0,0,8
297853,nancynumerique,,2,0,2,2,0,2,0,0,0,0,8
297876,Lopezcamille64,,2,0,2,2,0,2,0,0,0,0,8
297884,PierreLogette,,2,0,2,2,0,2,0,0,0,0,8
297899,SophiaAram,,2,0,2,2,0,2,0,0,0,0,8
297906,Remilamerat,,2,0,2,2,0,2,0,0,0,0,8
297914,wesleyfofana,,2,0,2,2,0,2,0,0,0,0,8
297921,benandjerrysUK,,2,0,2,2,0,2,0,0,0,0,8
297927,LekadirHa,,2,0,2,2,0,2,0,0,0,0,8
297938,OxfordUnion,,2,0,2,2,0,2,0,0,0,0,1
297939,k_satyarthi,,3,0,3,3,0,3,0,0,0,0,8
297968,prweekuknews,,2,0,2,2,0,2,0,0,0,0,2
297972,VisitPeru,,2,0,2,2,0,2,0,0,0,0,8
297973,walesdotcom,,3,0,3,3,0,3,0,0,0,0,8
297980,FIRpodcast,,2,0,2,2,0,2,0,0,0,0,8
297983,UoMStaffNet,,2,0,2,2,0,2,0,0,0,0,8
297996,RecruiterDotCom,,2,0,2,2,0,2,0,0,0,0,8
297998,RecruitingBlogs,,3,0,3,3,0,3,0,0,0,0,8
298002,GDforEmployers,,3,0,3,3,0,3,0,0,0,0,8
298006,nunnovation,,2,0,2,2,0,2,0,0,0,0,8
298072,GreenpeaceUK,,3,0,3,3,0,3,0,0,0,0,8
298073,wwf_uk,,3,0,3,3,0,3,0,0,0,0,8
298088,LeRL_Metz,,2,0,2,2,0,2,0,0,0,0,8
298092,MairiedeMetz,,2,0,2,2,0,2,0,0,0,0,8
298093,toutmetz,,2,0,2,2,0,2,0,0,0,0,8
298128,TheBHF,,2,0,2,2,0,2,0,0,0,0,8
298132,TimeOutArt,,2,0,2,2,0,2,0,0,0,0,8
298133,BBCClick,,3,0,3,3,0,3,0,0,0,0,8
298135,HisHoliness,,2,0,2,2,0,2,0,0,0,0,1
298136,RegionLorraine,,2,0,2,2,0,2,0,0,0,0,8
298137,VilledeNancy,,2,0,2,2,0,2,0,0,0,0,8
298138,viaMoselleTV,,2,0,2,2,0,2,0,0,0,0,8
298139,Mylorraine,,2,0,2,2,0,2,0,0,0,0,8
298140,fblorrainenord,,2,0,2,2,0,2,0,0,0,0,8
298141,LorraineActu,,2,0,2,2,0,2,0,0,0,0,8
298142,F3Lorraine,,2,0,2,2,0,2,0,0,0,0,8
298174,53degrees,,2,0,2,2,0,2,0,0,0,0,8
298181,SourcePreston,,2,0,2,2,0,2,0,0,0,0,8
298184,UCLanSU,,3,0,3,3,0,3,0,0,0,0,8
298190,ElenaPitkowski,,3,0,3,3,0,3,0,0,0,0,1
298191,spanishlsource,,3,0,3,3,0,3,0,0,0,0,1
298192,AmautaNL,,3,0,3,3,0,3,0,0,0,0,1
298198,quincetc,,3,0,3,3,0,3,0,0,0,0,1
298199,ProfesoresdeELE,,3,0,3,3,0,3,0,0,0,0,1
298202,LearnSpanishLiv,,3,0,3,3,0,3,0,0,0,0,1
298203,KFeatley,,3,0,3,3,0,3,0,0,0,0,1
298204,Ingrids_Project,,2,0,2,2,0,2,0,0,0,0,1
298205,GoLearnSpanish,,2,0,2,2,0,2,0,0,0,0,1
298207,AlbaLanguages,,2,0,2,2,0,2,0,0,0,0,1
298210,avueltasconele,,3,0,3,3,0,3,0,0,0,0,1
298213,freespanish,,3,0,3,3,0,3,0,0,0,0,1
298214,SonoraELE,,3,0,3,3,0,3,0,0,0,0,1
298216,ElequeEle_es,,2,0,2,2,0,2,0,0,0,0,1
298217,SpanishWiziq,,3,0,3,3,0,3,0,0,0,0,1
298223,DespertarMusica,,2,0,2,2,0,2,0,0,0,0,6
298224,pepe_olmedo,,3,0,3,3,0,3,0,0,0,0,6
298227,secretosdechica,,3,0,3,3,0,3,0,0,0,0,0
298228,boticariagarcia,,3,0,3,3,0,3,0,0,0,0,6
298229,waltzing_piglet,,2,0,2,2,0,2,0,0,0,0,6
298231,palomillatiena,,2,0,2,2,0,2,0,0,0,0,6
298243,wallapop,,2,0,2,2,0,2,0,0,0,0,6
298248,Aligarciaherrer,,2,0,2,2,0,2,0,0,0,0,1
298250,LuisMilla_6,,2,0,2,2,0,2,0,0,0,0,5
298252,Godivaciones,,2,0,2,2,0,2,0,0,0,0,6
298253,YosoyLauLobo,,2,0,2,2,0,2,0,0,0,0,2
298266,debatelibros,,2,0,2,2,0,2,0,0,0,0,6
298267,anr_running,,2,0,2,2,0,2,0,0,0,0,0
298268,Gorka_Maneiro,,2,0,2,2,0,2,0,0,0,0,0
298270,CrisolLuis,,2,0,2,2,0,2,0,0,0,0,6
298273,MiquelMontoro3,,2,0,2,2,0,2,0,0,0,0,0
298280,Todo_NBA_,,2,0,2,2,0,2,0,0,0,0,2
298285,ocanapaco,,2,0,2,2,0,2,0,0,0,0,0
298286,emilio_argueso,,3,0,3,3,0,3,0,0,0,0,6
298287,LaniakeaCom,,2,0,2,2,0,2,0,0,0,0,6
298290,Javier__CB,,3,0,3,3,0,3,0,0,0,0,0
298292,dbardavio,,2,0,2,2,0,2,0,0,0,0,6
298293,LaCausaGranada,,2,0,2,2,0,2,0,0,0,0,0
298300,VSocialGob,,2,0,2,2,0,2,0,0,0,0,4
298303,Fgarea,,3,0,3,3,0,3,0,0,0,0,5
298305,jicriado,,2,0,2,2,0,2,0,0,0,0,6
298307,aberron,,3,0,3,3,0,3,0,0,0,0,4
298308,SMerler,,2,0,2,2,0,2,0,0,0,0,3
298312,cronicaglobal,,2,0,2,2,0,2,0,0,0,0,6
298313,ChapuApaolaza,,2,0,2,2,0,2,0,0,0,0,0
298316,antoniorossi,,2,0,2,2,0,2,0,0,0,0,2
298324,rafatamames,,2,0,2,2,0,2,0,0,0,0,6
298326,ThinkingHeads,,2,0,2,2,0,2,0,0,0,0,6
298331,CristinaMM_Cs,,2,0,2,2,0,2,0,0,0,0,6
298338,rdomenechv,,2,0,2,2,0,2,0,0,0,0,8
298341,JICejudo,,2,0,2,2,0,2,0,0,0,0,6
298343,yaiza_cv,,2,0,2,2,0,2,0,0,0,0,0
298349,alexdelmas10,,2,0,2,2,0,2,0,0,0,0,2
298353,IfmifG,,2,0,2,2,0,2,0,0,0,0,6
298357,Ruben_Amon,,2,0,2,2,0,2,0,0,0,0,5
298358,joaquimcoll,,2,0,2,2,0,2,0,0,0,0,0
298361,lannaviv,,2,0,2,2,0,2,0,0,0,0,4
298364,DAZN_ES,,3,0,3,3,0,3,0,0,0,0,5
298366,isagonblanq,,2,0,2,2,0,2,0,0,0,0,0
298367,jrubiomart,,2,0,2,2,0,2,0,0,0,0,4
298371,MMContesti,,2,0,2,2,0,2,0,0,0,0,0
298372,Mjo_Calderon,,2,0,2,2,0,2,0,0,0,0,0
298374,fedeevalverde,,3,0,3,3,0,3,0,0,0,0,5
298378,viajareslou,,3,0,3,3,0,3,0,0,0,0,6
298384,jgjorrin,,2,0,2,2,0,2,0,0,0,0,6
298385,Cs_Lucena,,2,0,2,2,0,2,0,0,0,0,6
298387,andreamarmol_,,2,0,2,2,0,2,0,0,0,0,0
298388,EsTeFa_MeRcAdO,,2,0,2,2,0,2,0,0,0,0,5
298389,ESTINGUIENDONOS,,2,0,2,2,0,2,0,0,0,0,2
298390,GironaJean,,2,0,2,2,0,2,0,0,0,0,6
298393,davidmartinezg,,2,0,2,2,0,2,0,0,0,0,0
298395,DanSsalguero,,2,0,2,2,0,2,0,0,0,0,6
298396,FabrizioRomano,,2,0,2,2,0,2,0,0,0,0,5
298402,MenendezFaya,,2,0,2,2,0,2,0,0,0,0,2
298404,MaribelLeyvaTe,,2,0,2,2,0,2,0,0,0,0,6
298407,CrisMenendez_,,2,0,2,2,0,2,0,0,0,0,0
298408,juantri73,,3,0,3,3,0,3,0,0,0,0,2
298410,Escribano_R,,2,0,2,2,0,2,0,0,0,0,0
298411,CSIFenseA,,2,0,2,2,0,2,0,0,0,0,6
298413,franciscodequen,,2,0,2,2,0,2,0,0,0,0,6
298430,CsRoquetasdeMar,,3,0,3,3,0,3,0,0,0,0,0
298432,fp_empresa,,2,0,2,2,0,2,0,0,0,0,4
298434,Celiaavila24,,2,0,2,2,0,2,0,0,0,0,6
298435,Beatriz_Pino_,,2,0,2,2,0,2,0,0,0,0,6
298437,SaraGimnez,,2,0,2,2,0,2,0,0,0,0,2
298438,LauraCuestaPe,,2,0,2,2,0,2,0,0,0,0,6
298443,RobiGranada,,2,0,2,2,0,2,0,0,0,0,6
298444,Jtobaruela,,2,0,2,2,0,2,0,0,0,0,6
298446,Jesu_MD,,2,0,2,2,0,2,0,0,0,0,6
298448,lara_cazurrina,,2,0,2,2,0,2,0,0,0,0,6
298450,rosaguirado,,2,0,2,2,0,2,0,0,0,0,4
298451,mariagrrdr,,2,0,2,2,0,2,0,0,0,0,6
298457,VerdejoOscar,,3,0,3,3,0,3,0,0,0,0,0
298463,JoreCb1300,,3,0,3,3,0,3,0,0,0,0,6
298465,Alexgbueno,,2,0,2,2,0,2,0,0,0,0,6
298467,gemagomezolmos,,2,0,2,2,0,2,0,0,0,0,6
298478,marisagb80,,2,0,2,2,0,2,0,0,0,0,6
298482,apizarropalomo,,2,0,2,2,0,2,0,0,0,0,0
298484,Trinidad_Lobato,,2,0,2,2,0,2,0,0,0,0,6
298490,carlotaamigo,,3,0,3,3,0,3,0,0,0,0,0
298492,mariadelamiel,,2,0,2,2,0,2,0,0,0,0,6
298496,RbnHerrero,,2,0,2,2,0,2,0,0,0,0,6
298506,NoEstoyPaTontAs,,4,0,4,4,0,4,0,0,0,0,0
298507,GloriaLigero,,3,0,3,3,0,3,0,0,0,0,0
298512,Savater_,,2,0,2,2,0,2,0,0,0,0,6
298515,benitoruizCs,,3,0,3,3,0,3,0,0,0,0,0
298518,YanethGiraldoJ,,2,0,2,2,0,2,0,0,0,0,6
298519,GemmaVillarroel,,2,0,2,2,0,2,0,0,0,0,6
298526,mcastiellagc,,2,0,2,2,0,2,0,0,0,0,0
298527,mlmorell,,2,0,2,2,0,2,0,0,0,0,6
298528,ClinicaNeive,,2,0,2,2,0,2,0,0,0,0,6
298531,MonicaMoreno_Cs,,3,0,3,3,0,3,0,0,0,0,0
298532,angelescds,,2,0,2,2,0,2,0,0,0,0,6
298534,porteruco43,,2,0,2,2,0,2,0,0,0,0,6
298538,GrupoDcoop,,2,0,2,2,0,2,0,0,0,0,6
298543,MarHormigo_Cs,,2,0,2,2,0,2,0,0,0,0,6
298546,gimenezbarbat,,2,0,2,2,0,2,0,0,0,0,0
298549,magrciudadanos,,3,0,3,3,0,3,0,0,0,0,0
298550,maria__gomez,,2,0,2,2,0,2,0,0,0,0,5
298553,Avelazquezcs,,2,0,2,2,0,2,0,0,0,0,6
298554,Cristissa1,,2,0,2,2,0,2,0,0,0,0,6
298559,Delitavillegas,,2,0,2,2,0,2,0,0,0,0,6
298561,maar_arcas,,3,0,3,3,0,3,0,0,0,0,6
298562,AEscohotado,,2,0,2,2,0,2,0,0,0,0,0
298565,Cs_Saray,,2,0,2,2,0,2,0,0,0,0,6
298569,fernan_ruiz,,2,0,2,2,0,2,0,0,0,0,2
298572,GonBernardos,,2,0,2,2,0,2,0,0,0,0,0
298573,mariatad,,2,0,2,2,0,2,0,0,0,0,3
298577,pepecanonucia,,2,0,2,2,0,2,0,0,0,0,6
298578,AntonioRNaranjo,,2,0,2,2,0,2,0,0,0,0,5
298581,ESPCiudadana,,2,0,2,2,0,2,0,0,0,0,0
298588,miriam_pujola,,2,0,2,2,0,2,0,0,0,0,6
298594,MariaRP143,,2,0,2,2,0,2,0,0,0,0,6
298600,JaviRivero,,3,0,3,3,0,3,0,0,0,0,0
298602,MARIEVA__,,2,0,2,2,0,2,0,0,0,0,6
298604,Noemi_delaCalle,,3,0,3,3,0,3,0,0,0,0,0
298605,Lroldansu,,3,0,3,3,0,3,0,0,0,0,0
298606,PatriciaCazon,,2,0,2,2,0,2,0,0,0,0,5
298610,MiguelGardelVa,,2,0,2,2,0,2,0,0,0,0,6
298613,JCMaldonadoCs,,2,0,2,2,0,2,0,0,0,0,0
298614,Teknautas,,2,0,2,2,0,2,0,0,0,0,6
298615,pacogcaridad,,3,0,3,3,0,3,0,0,0,0,5
298616,VarskySports,,3,0,3,3,0,3,0,0,0,0,6
298617,rober_chani,,2,0,2,2,0,2,0,0,0,0,6
298619,CafeSolycrema,,2,0,2,2,0,2,0,0,0,0,0
298622,rubenmartinweb,,2,0,2,2,0,2,0,0,0,0,6
298624,DolcaCatalunya,,3,0,3,3,0,3,0,0,0,0,0
298626,dgpastor,,2,0,2,2,0,2,0,0,0,0,0
298631,SofiaMirandaCs,,3,0,3,3,0,3,0,0,0,0,0
298633,juliajg93,,3,0,3,3,0,3,0,0,0,0,6
298634,ysirp89,,2,0,2,2,0,2,0,0,0,0,6
298642,_JavierAmador,,2,0,2,2,0,2,0,0,0,0,0
298643,StefTsitsipas,,2,0,2,2,0,2,0,0,0,0,2
298646,SportYou,,3,0,3,3,0,3,0,0,0,0,0
298648,GenteQueLucha,,2,0,2,2,0,2,0,0,0,0,0
298649,davbencue,,2,0,2,2,0,2,0,0,0,0,6
298650,Lopezfrias,,2,0,2,2,0,2,0,0,0,0,6
298652,cultura_cs,,2,0,2,2,0,2,0,0,0,0,6
298654,PabloCamPiq,,3,0,3,3,0,3,0,0,0,0,0
298656,AMCAUTIVOGr,,3,0,3,3,0,3,0,0,0,0,6
298660,EduAguirre7,,2,0,2,2,0,2,0,0,0,0,6
298663,Darwin_Machis,,3,0,3,3,0,3,0,0,0,0,5
298670,AnderSkeleton,,3,0,3,3,0,3,0,0,0,0,0
298671,mabelmata1,,2,0,2,2,0,2,0,0,0,0,6
298672,Carol_TG9,,2,0,2,2,0,2,0,0,0,0,0
298677,democratland,,2,0,2,2,0,2,0,0,0,0,6
298679,CsQuentar,,2,0,2,2,0,2,0,0,0,0,6
298680,Saraliavilas,,2,0,2,2,0,2,0,0,0,0,6
298682,JoaquinPramos,,2,0,2,2,0,2,0,0,0,0,6
298684,n49mi,,2,0,2,2,0,2,0,0,0,0,6
298688,EliPinedo,,2,0,2,2,0,2,0,0,0,0,0
298690,leervidasextra,,2,0,2,2,0,2,0,0,0,0,6
298691,mvrl25,,2,0,2,2,0,2,0,0,0,0,6
298695,GrigorDimitrov,,2,0,2,2,0,2,0,0,0,0,2
298700,Celiahurtado_,,2,0,2,2,0,2,0,0,0,0,6
298701,Evaagalvez,,2,0,2,2,0,2,0,0,0,0,6
298703,JulioDiazCs,,2,0,2,2,0,2,0,0,0,0,6
298705,lydikit,,2,0,2,2,0,2,0,0,0,0,5
298708,FerSanchezPerez,,2,0,2,2,0,2,0,0,0,0,6
298710,Clarafdezg,,2,0,2,2,0,2,0,0,0,0,6
298716,Ryderfunes,,2,0,2,2,0,2,0,0,0,0,6
298717,NaataliiCarmona,,2,0,2,2,0,2,0,0,0,0,6
298727,lgm2566,,2,0,2,2,0,2,0,0,0,0,6
298729,paula13vr,,2,0,2,2,0,2,0,0,0,0,6
298738,sdesofx,,2,0,2,2,0,2,0,0,0,0,6
298744,Wikiwallapop,,2,0,2,2,0,2,0,0,0,0,6
298746,aliciallatorre,,2,0,2,2,0,2,0,0,0,0,6
298747,jesusmartin_lh,,2,0,2,2,0,2,0,0,0,0,0
298750,pacomeralmu,,2,0,2,2,0,2,0,0,0,0,6
298754,Anita26794,,2,0,2,2,0,2,0,0,0,0,6
298755,ameescalona,,2,0,2,2,0,2,0,0,0,0,6
298760,biwenger,,2,0,2,2,0,2,0,0,0,0,6
298766,DalmyRiia,,2,0,2,2,0,2,0,0,0,0,6
298771,AndreeaJC_13,,2,0,2,2,0,2,0,0,0,0,0
298774,RCafeBernabeu,,3,0,3,3,0,3,0,0,0,0,6
298776,anabelga95,,2,0,2,2,0,2,0,0,0,0,6
298777,mari_morena95,,2,0,2,2,0,2,0,0,0,0,6
298781,crissag25,,2,0,2,2,0,2,0,0,0,0,6
298782,mariapg98_,,3,0,3,3,0,3,0,0,0,0,6
298783,Marina_Martin98,,2,0,2,2,0,2,0,0,0,0,6
298784,mariaalamo_,,2,0,2,2,0,2,0,0,0,0,6
298786,pilar__bados,,3,0,3,3,0,3,0,0,0,0,6
298789,Eurosport_ES,,3,0,3,3,0,3,0,0,0,0,0
298790,LaHorizontalGCF,,2,0,2,2,0,2,0,0,0,0,6
298799,Cs_Barbastro,,2,0,2,2,0,2,0,0,0,0,6
298800,CsFernavarro,,2,0,2,2,0,2,0,0,0,0,6
298801,GuillermoDiazCs,,3,0,3,3,0,3,0,0,0,0,5
298802,JoseLoranca92,,2,0,2,2,0,2,0,0,0,0,6
298803,Cmonclus85,,2,0,2,2,0,2,0,0,0,0,6
298805,almurg91,,2,0,2,2,0,2,0,0,0,0,6
298808,soniamm9,,2,0,2,2,0,2,0,0,0,0,6
298809,FZkandoussi,,2,0,2,2,0,2,0,0,0,0,6
298810,carnacea,,2,0,2,2,0,2,0,0,0,0,6
298812,MCsanchezCs,,3,0,3,3,0,3,0,0,0,0,6
298814,sdelcampocs,,3,0,3,3,0,3,0,0,0,0,0
298815,martamartirio,,3,0,3,3,0,3,0,0,0,0,0
298816,tharitaguapa,,2,0,2,2,0,2,0,0,0,0,6
298817,JavierCabezasCs,,2,0,2,2,0,2,0,0,0,0,6
298818,ManuelBzn,,2,0,2,2,0,2,0,0,0,0,6
298820,alegrisisima,,3,0,3,3,0,3,0,0,0,0,0
298821,JcsCatalunya,,2,0,2,2,0,2,0,0,0,0,6
298822,Ivan_Garrido_,,2,0,2,2,0,2,0,0,0,0,6
298823,Jordi_Obon,,2,0,2,2,0,2,0,0,0,0,6
298828,larubiadeteleco,,3,0,3,3,0,3,0,0,0,0,0
298830,FonGonzalez,,3,0,3,3,0,3,0,0,0,0,0
298831,JMEQCadiz,,3,0,3,3,0,3,0,0,0,0,0
298832,eccemulier82,,2,0,2,2,0,2,0,0,0,0,6
298834,MMontalvoCs,,2,0,2,2,0,2,0,0,0,0,6
298837,M_L_Marin,,3,0,3,3,0,3,0,0,0,0,6
298838,AlbertoRodNews,,2,0,2,2,0,2,0,0,0,0,6
298839,LuciiPerezFdez,,2,0,2,2,0,2,0,0,0,0,6
298845,NanobytesSpain,,2,0,2,2,0,2,0,0,0,0,0
298846,MexuarEventos,,3,0,3,3,0,3,0,0,0,0,6
298849,AlcreaGrupo,,3,0,3,3,0,3,0,0,0,0,0
298853,monicadeza,,2,0,2,2,0,2,0,0,0,0,0
298857,isabelmnr,,2,0,2,2,0,2,0,0,0,0,6
298858,monisima_lisa,,2,0,2,2,0,2,0,0,0,0,0
298863,marina_astorga,,2,0,2,2,0,2,0,0,0,0,6
298869,Lauraliinares,,3,0,3,3,0,3,0,0,0,0,6
298873,marania,,2,0,2,2,0,2,0,0,0,0,6
298880,ClaudiaEntrena,,2,0,2,2,0,2,0,0,0,0,6
298881,rociogallego98,,2,0,2,2,0,2,0,0,0,0,6
298884,eugedlst1910,,2,0,2,2,0,2,0,0,0,0,6
298885,marinamorenis12,,2,0,2,2,0,2,0,0,0,0,6
298886,saracateg,,2,0,2,2,0,2,0,0,0,0,6
298894,BalconGranada,,2,0,2,2,0,2,0,0,0,0,0
298900,IsabelAlbas_Cs,,3,0,3,3,0,3,0,0,0,0,0
298903,JCMartinTorres,,2,0,2,2,0,2,0,0,0,0,0
298904,Gallato7,,3,0,3,3,0,3,0,0,0,0,0
298905,VirginiaSalmeCs,,3,0,3,3,0,3,0,0,0,0,0
298919,celia98L,,2,0,2,2,0,2,0,0,0,0,6
298920,sandragd90,,2,0,2,2,0,2,0,0,0,0,4
298921,anaais_10,,2,0,2,2,0,2,0,0,0,0,6
298922,CarmenCruzG,,3,0,3,3,0,3,0,0,0,0,6
298927,FranBrenes,,2,0,2,2,0,2,0,0,0,0,6
298929,_alejacastello,,2,0,2,2,0,2,0,0,0,0,0
298930,LuanaEscobar_99,,2,0,2,2,0,2,0,0,0,0,6
298933,juliadival,,3,0,3,3,0,3,0,0,0,0,0
298934,Mariangustias20,,2,0,2,2,0,2,0,0,0,0,6
298935,laura_mezcua,,3,0,3,3,0,3,0,0,0,0,6
298939,marisacanado,,2,0,2,2,0,2,0,0,0,0,5
298940,RtMSanNicolas,,2,0,2,2,0,2,0,0,0,0,6
298941,AnabelmartinH,,2,0,2,2,0,2,0,0,0,0,6
298942,ambrosiodurcal,,2,0,2,2,0,2,0,0,0,0,6
298945,_albalopezf,,2,0,2,2,0,2,0,0,0,0,6
298946,carmeen_95,,4,0,4,4,0,4,0,0,0,0,6
298949,elgansospain,,3,0,3,3,0,3,0,0,0,0,4
298950,LauraVilchezS,,2,0,2,2,0,2,0,0,0,0,0
298951,anabelruizp,,2,0,2,2,0,2,0,0,0,0,6
298952,SoniaDarraz,,3,0,3,3,0,3,0,0,0,0,6
298953,Grottamarecentr,,3,0,3,3,0,3,0,0,0,0,6
298955,CsCValenciana,,3,0,3,3,0,3,0,0,0,0,0
298956,CsAlmunecarLH,,3,0,3,3,0,3,0,0,0,0,0
298959,BombaiC,,2,0,2,2,0,2,0,0,0,0,6
298962,marigs98,,2,0,2,2,0,2,0,0,0,0,6
298964,Paloma_Egea,,2,0,2,2,0,2,0,0,0,0,6
298969,mariacbmarin,,2,0,2,2,0,2,0,0,0,0,6
298970,DanielPrredonda,,2,0,2,2,0,2,0,0,0,0,2
298971,nnamelessali,,2,0,2,2,0,2,0,0,0,0,6
298984,LuciaPuga95L,,2,0,2,2,0,2,0,0,0,0,6
298986,Barbaram98,,2,0,2,2,0,2,0,0,0,0,6
298993,Estela_Garcia_,,2,0,2,2,0,2,0,0,0,0,6
298994,rociolmosortega,,2,0,2,2,0,2,0,0,0,0,6
298995,CsCortesdelaF,,3,0,3,3,0,3,0,0,0,0,0
299000,Eurostars,,3,0,3,3,0,3,0,0,0,0,6
299001,mreglamg,,2,0,2,2,0,2,0,0,0,0,6
299015,Vi_wow,,2,0,2,2,0,2,0,0,0,0,6
299016,Aguilera_Miriam,,2,0,2,2,0,2,0,0,0,0,6
299025,CsBaza,,2,0,2,2,0,2,0,0,0,0,6
299026,LMT978,,2,0,2,2,0,2,0,0,0,0,2
299028,SeleneWaldorf,,2,0,2,2,0,2,0,0,0,0,6
299030,evacarneiro,,2,0,2,2,0,2,0,0,0,0,6
299031,atorresc13,,2,0,2,2,0,2,0,0,0,0,6
299034,mariajosejc98,,2,0,2,2,0,2,0,0,0,0,6
299035,LuciaaTJ,,2,0,2,2,0,2,0,0,0,0,6
299045,RocioArquero,,2,0,2,2,0,2,0,0,0,0,6
299046,bigtakeluv,,2,0,2,2,0,2,0,0,0,0,0
299050,vizkyconzeta,,3,0,3,3,0,3,0,0,0,0,6
299051,sweetdreamsor,,2,0,2,2,0,2,0,0,0,0,6
299052,AisteUlubey,,3,0,3,3,0,3,0,0,0,0,6
299053,marta_592,,2,0,2,2,0,2,0,0,0,0,6
299058,davinniapg,,3,0,3,3,0,3,0,0,0,0,0
299059,M_teresazafra,,2,0,2,2,0,2,0,0,0,0,6
299062,giovanalored,,2,0,2,2,0,2,0,0,0,0,6
299063,mariajose_rc97,,2,0,2,2,0,2,0,0,0,0,6
299065,electratc,,2,0,2,2,0,2,0,0,0,0,6
299066,demos_lavuelta,,3,0,3,3,0,3,0,0,0,0,0
299070,AnaDGBaza,,2,0,2,2,0,2,0,0,0,0,6
299073,BuenoJenni,,2,0,2,2,0,2,0,0,0,0,6
299074,mtrinigarrido98,,2,0,2,2,0,2,0,0,0,0,6
299075,NavyShh,,2,0,2,2,0,2,0,0,0,0,6
299077,MartaEmebe,,2,0,2,2,0,2,0,0,0,0,6
299079,rocioguardia191,,2,0,2,2,0,2,0,0,0,0,6
299084,Patri_FL,,2,0,2,2,0,2,0,0,0,0,6
299085,Aguedapeque,,3,0,3,3,0,3,0,0,0,0,6
299086,AnitaCuak,,2,0,2,2,0,2,0,0,0,0,6
299090,PrensaCs,,3,0,3,3,0,3,0,0,0,0,0
299091,AndreaTapia98,,2,0,2,2,0,2,0,0,0,0,6
299100,quironPREV,,2,0,2,2,0,2,0,0,0,0,0
299101,suusii51,,2,0,2,2,0,2,0,0,0,0,6
299104,RaquelJimAlv05,,2,0,2,2,0,2,0,0,0,0,6
299106,loretop17,,2,0,2,2,0,2,0,0,0,0,6
299109,veromartinez_,,2,0,2,2,0,2,0,0,0,0,6
299118,esthertata99,,2,0,2,2,0,2,0,0,0,0,6
299120,Maite_94,,2,0,2,2,0,2,0,0,0,0,0
299125,Lidia_TorrentA,,2,0,2,2,0,2,0,0,0,0,6
299127,SoniaSierra02,,3,0,3,3,0,3,0,0,0,0,0
299128,yanez_pablo,,2,0,2,2,0,2,0,0,0,0,6
299129,RonNegrita,,3,0,3,3,0,3,0,0,0,0,6
299132,CiudadanaMartaR,,3,0,3,3,0,3,0,0,0,0,0
299135,civitatis,,3,0,3,3,0,3,0,0,0,0,7
299136,IndexaCapital,,2,0,2,2,0,2,0,0,0,0,8
299150,Campus_Training,,2,0,2,2,0,2,0,0,0,0,4
299152,_SolHouse,,2,0,2,2,0,2,0,0,0,0,0
299153,evaanm_,,2,0,2,2,0,2,0,0,0,0,6
299155,upta_es,,3,0,3,3,0,3,0,0,0,0,0
299157,TuTuFuturo,,2,0,2,2,0,2,0,0,0,0,0
299160,belencllr,,2,0,2,2,0,2,0,0,0,0,6
299162,Beionica,,2,0,2,2,0,2,0,0,0,0,6
299163,ese_victor69,,2,0,2,2,0,2,0,0,0,0,0
299164,Laupaybra,,2,0,2,2,0,2,0,0,0,0,6
299165,Carmenp97,,2,0,2,2,0,2,0,0,0,0,6
299167,mariajo_guti95,,2,0,2,2,0,2,0,0,0,0,6
299170,martaefese,,2,0,2,2,0,2,0,0,0,0,6
299171,sariilla,,2,0,2,2,0,2,0,0,0,0,6
299175,Gemab96,,2,0,2,2,0,2,0,0,0,0,6
299177,AnaJimenez_22,,3,0,3,3,0,3,0,0,0,0,6
299179,MartaHerRuiz,,2,0,2,2,0,2,0,0,0,0,6
299181,Patrii_gm,,2,0,2,2,0,2,0,0,0,0,6
299183,EvaFerMartin,,2,0,2,2,0,2,0,0,0,0,6
299186,bea_bj,,3,0,3,3,0,3,0,0,0,0,6
299190,Bonachelas,,2,0,2,2,0,2,0,0,0,0,6
299193,OrtixYasmina,,2,0,2,2,0,2,0,0,0,0,6
299194,ElenitaLupi,,2,0,2,2,0,2,0,0,0,0,0
299195,martaba95,,2,0,2,2,0,2,0,0,0,0,0
299197,MariiaArcos,,2,0,2,2,0,2,0,0,0,0,0
299198,albalcaide,,3,0,3,3,0,3,0,0,0,0,6
299199,localchichi,,2,0,2,2,0,2,0,0,0,0,6
299201,mjuarezll,,2,0,2,2,0,2,0,0,0,0,6
299204,Cs_Peligros,,2,0,2,2,0,2,0,0,0,0,6
299205,LuisSalom39,,2,0,2,2,0,2,0,0,0,0,0
299206,gemmalaka,,2,0,2,2,0,2,0,0,0,0,0
299207,JJSanMartin,,2,0,2,2,0,2,0,0,0,0,0
299211,ememrq,,2,0,2,2,0,2,0,0,0,0,6
299214,Viedmamanda,,2,0,2,2,0,2,0,0,0,0,6
299215,BeatrizRuiz_10,,2,0,2,2,0,2,0,0,0,0,6
299216,Aranzazu93,,2,0,2,2,0,2,0,0,0,0,6
299217,Jimenaduran30,,2,0,2,2,0,2,0,0,0,0,6
299218,Lcs__19,,3,0,3,3,0,3,0,0,0,0,6
299219,juliancorrales_,,2,0,2,2,0,2,0,0,0,0,4
299220,JugoneslaSexta,,2,0,2,2,0,2,0,0,0,0,5
299221,FdGuardiaCivil,,3,0,3,3,0,3,0,0,0,0,6
299223,rociosalas22,,2,0,2,2,0,2,0,0,0,0,6
299227,anndrea236,,3,0,3,3,0,3,0,0,0,0,6
299228,Paularoldan36,,3,0,3,3,0,3,0,0,0,0,6
299229,jonsistiaga,,3,0,3,3,0,3,0,0,0,0,5
299232,FelixMensah8,,2,0,2,2,0,2,0,0,0,0,6
299235,CrisDM37,,3,0,3,3,0,3,0,0,0,0,0
299236,inma_sp,,2,0,2,2,0,2,0,0,0,0,6
299237,MCristinaRO,,3,0,3,3,0,3,0,0,0,0,6
299238,tatiSalinas93,,3,0,3,3,0,3,0,0,0,0,6
299239,Roxaku,,3,0,3,3,0,3,0,0,0,0,6
299240,CintiaChica1,,2,0,2,2,0,2,0,0,0,0,6
299241,crissarandaa,,2,0,2,2,0,2,0,0,0,0,6
299242,macaanguis,,2,0,2,2,0,2,0,0,0,0,6
299246,anaarama_,,2,0,2,2,0,2,0,0,0,0,0
299249,AureaGdeA,,2,0,2,2,0,2,0,0,0,0,6
299251,sara95estevez,,2,0,2,2,0,2,0,0,0,0,6
299259,ArjonaOllero,,2,0,2,2,0,2,0,0,0,0,0
299261,BandaEducandos,,2,0,2,2,0,2,0,0,0,0,6
299262,CentroComNevada,,2,0,2,2,0,2,0,0,0,0,6
299264,Monikita_8,,2,0,2,2,0,2,0,0,0,0,2
299265,Patricaballero,,2,0,2,2,0,2,0,0,0,0,6
299269,isalupion,,3,0,3,3,0,3,0,0,0,0,6
299270,gallardo_esther,,2,0,2,2,0,2,0,0,0,0,6
299271,melodydn_,,3,0,3,3,0,3,0,0,0,0,5
299273,aanniiitaa,,2,0,2,2,0,2,0,0,0,0,6
299274,marinitamarques,,3,0,3,3,0,3,0,0,0,0,0
299275,marienruano,,2,0,2,2,0,2,0,0,0,0,3
299277,RociCM94_DN,,2,0,2,2,0,2,0,0,0,0,0
299278,Saravargas25,,2,0,2,2,0,2,0,0,0,0,6
299282,Sabivardi,,2,0,2,2,0,2,0,0,0,0,6
299283,crstn94,,2,0,2,2,0,2,0,0,0,0,6
299285,inmags_,,2,0,2,2,0,2,0,0,0,0,6
299286,AmandaLopM,,2,0,2,2,0,2,0,0,0,0,6
299288,graciela_lobo,,2,0,2,2,0,2,0,0,0,0,0
299289,Melibrodemislib,,3,0,3,3,0,3,0,0,0,0,6
299295,martacj09,,2,0,2,2,0,2,0,0,0,0,0
299298,Aisamarquez_,,3,0,3,3,0,3,0,0,0,0,0
299300,SofifoS91,,2,0,2,2,0,2,0,0,0,0,6
299305,teresade26,,2,0,2,2,0,2,0,0,0,0,6
299306,rastosa,,3,0,3,3,0,3,0,0,0,0,0
299311,rociito_8,,2,0,2,2,0,2,0,0,0,0,6
299314,bj_elena,,2,0,2,2,0,2,0,0,0,0,6
299315,AliciaMelibea,,2,0,2,2,0,2,0,0,0,0,6
299327,sarita_delgado7,,2,0,2,2,0,2,0,0,0,0,6
299336,thayssalcedo,,2,0,2,2,0,2,0,0,0,0,6
299337,Noeliavallejo97,,2,0,2,2,0,2,0,0,0,0,0
299342,Marilo_AC,,2,0,2,2,0,2,0,0,0,0,6
299343,elenita10695,,2,0,2,2,0,2,0,0,0,0,6
299347,Rmar_96,,2,0,2,2,0,2,0,0,0,0,6
299350,TroyanoPilar,,2,0,2,2,0,2,0,0,0,0,6
299351,loluquicandy,,2,0,2,2,0,2,0,0,0,0,6
299357,MercheCano3,,2,0,2,2,0,2,0,0,0,0,0
299358,mariajimenez_99,,2,0,2,2,0,2,0,0,0,0,6
299364,Mariaalovelove,,2,0,2,2,0,2,0,0,0,0,6
299370,moniilloloco,,2,0,2,2,0,2,0,0,0,0,0
299376,Elviraluque,,2,0,2,2,0,2,0,0,0,0,0
299385,beilla_ogijares,,3,0,3,3,0,3,0,0,0,0,0
299396,marta_start93,,2,0,2,2,0,2,0,0,0,0,6
299398,simpsonizerTQ,,2,0,2,2,0,2,0,0,0,0,6
299404,rociiosfdz,,2,0,2,2,0,2,0,0,0,0,6
299406,SaraRuCa,,3,0,3,3,0,3,0,0,0,0,0
299407,isafernandez69,,2,0,2,2,0,2,0,0,0,0,6
299412,EspeCesarRuiz,,2,0,2,2,0,2,0,0,0,0,6
299415,SaritaSiiamyss,,3,0,3,3,0,3,0,0,0,0,6
299427,malditanu,,2,0,2,2,0,2,0,0,0,0,6
299428,canutiya,,2,0,2,2,0,2,0,0,0,0,6
299429,anali_lg,,2,0,2,2,0,2,0,0,0,0,1
299434,Loligr8,,2,0,2,2,0,2,0,0,0,0,6
299443,BeaMaybeYourBae,,2,0,2,2,0,2,0,0,0,0,6
299448,OlgitaGuerrero,,3,0,3,3,0,3,0,0,0,0,0
299451,Olga_Agea,,2,0,2,2,0,2,0,0,0,0,6
299464,lidiaalonso85,,2,0,2,2,0,2,0,0,0,0,6
299465,eligomez22,,2,0,2,2,0,2,0,0,0,0,6
299468,gloria_posadas,,2,0,2,2,0,2,0,0,0,0,6
299470,aguadoguerrero9,,2,0,2,2,0,2,0,0,0,0,6
299471,Bea_Rodriguez16,,2,0,2,2,0,2,0,0,0,0,6
299476,kiaralopez998,,2,0,2,2,0,2,0,0,0,0,6
299478,encarni_garcia6,,2,0,2,2,0,2,0,0,0,0,6
299486,CsPacoRodriguez,,2,0,2,2,0,2,0,0,0,0,6
299488,Meljb_94,,2,0,2,2,0,2,0,0,0,0,6
299492,irenee_992,,3,0,3,3,0,3,0,0,0,0,6
299493,sandriviri92,,2,0,2,2,0,2,0,0,0,0,6
299501,naruki_prt,,2,0,2,2,0,2,0,0,0,0,0
299503,AndreaJusto4,,3,0,3,3,0,3,0,0,0,0,6
299504,LauraMolina18,,3,0,3,3,0,3,0,0,0,0,0
299505,AXAGranada,,2,0,2,2,0,2,0,0,0,0,6
299506,Maariiasv,,2,0,2,2,0,2,0,0,0,0,6
299510,Isabeljg14,,3,0,3,3,0,3,0,0,0,0,6
299518,xete7,,3,0,3,3,0,3,0,0,0,0,6
299519,taniacp8,,2,0,2,2,0,2,0,0,0,0,6
299520,maca_mmf,,2,0,2,2,0,2,0,0,0,0,6
299526,bearp_7,,2,0,2,2,0,2,0,0,0,0,6
299528,Elena_Faba,,2,0,2,2,0,2,0,0,0,0,6
299536,RispaliyaMartin,,2,0,2,2,0,2,0,0,0,0,6
299539,EstrellaRP94,,3,0,3,3,0,3,0,0,0,0,6
299540,lavozdearmilla,,2,0,2,2,0,2,0,0,0,0,6
299547,celia_diaz,,2,0,2,2,0,2,0,0,0,0,6
299549,minipal11,,2,0,2,2,0,2,0,0,0,0,0
299551,koracm,,2,0,2,2,0,2,0,0,0,0,0
299552,lalyva_gr,,2,0,2,2,0,2,0,0,0,0,0
299555,MezquitaCatorce,,2,0,2,2,0,2,0,0,0,0,6
299561,mariiiaaamoya,,2,0,2,2,0,2,0,0,0,0,6
299563,PatriciaTojar,,2,0,2,2,0,2,0,0,0,0,0
299565,AsaderoAlhendin,,3,0,3,3,0,3,0,0,0,0,6
299566,ClinicaGaley,,3,0,3,3,0,3,0,0,0,0,6
299572,mariina_611,,2,0,2,2,0,2,0,0,0,0,6
299574,macarena29st,,3,0,3,3,0,3,0,0,0,0,6
299576,Andrea_Pelaez_,,2,0,2,2,0,2,0,0,0,0,6
299587,Esterogo,,3,0,3,3,0,3,0,0,0,0,6
299591,CarinaMejias,,3,0,3,3,0,3,0,0,0,0,0
299592,SofiaSegoviAsid,,3,0,3,3,0,3,0,0,0,0,6
299607,rulgom7,,2,0,2,2,0,2,0,0,0,0,6
299609,paulaacastilla,,2,0,2,2,0,2,0,0,0,0,6
299610,CsAlicante_C,,3,0,3,3,0,3,0,0,0,0,6
299611,ssn1991,,2,0,2,2,0,2,0,0,0,0,4
299619,Carmenmar13,,3,0,3,3,0,3,0,0,0,0,6
299622,AnitaBezares,,2,0,2,2,0,2,0,0,0,0,6
299625,mesaanita9,,2,0,2,2,0,2,0,0,0,0,6
299626,_anais_19,,3,0,3,3,0,3,0,0,0,0,0
299632,LuciaVelasco97,,2,0,2,2,0,2,0,0,0,0,6
299636,SheilaAguado96,,2,0,2,2,0,2,0,0,0,0,6
299637,patriciavall,,2,0,2,2,0,2,0,0,0,0,6
299643,VBESTILISTAS,,3,0,3,3,0,3,0,0,0,0,6
299646,chanchi73497112,,2,0,2,2,0,2,0,0,0,0,6
299647,lolamoreno1811,,3,0,3,3,0,3,0,0,0,0,0
299648,Stefytorcob,,2,0,2,2,0,2,0,0,0,0,0
299653,molinamartnezM,,3,0,3,3,0,3,0,0,0,0,0
299656,PaolaMorales16,,3,0,3,3,0,3,0,0,0,0,6
299658,lorena92_24,,2,0,2,2,0,2,0,0,0,0,6
299662,LaBoticaAzul,,3,0,3,3,0,3,0,0,0,0,6
299663,MoralArandaV,,2,0,2,2,0,2,0,0,0,0,6
299665,vSaraBoo,,2,0,2,2,0,2,0,0,0,0,6
299667,Maribel_L1995,,2,0,2,2,0,2,0,0,0,0,6
299672,IreeBosch,,2,0,2,2,0,2,0,0,0,0,6
299674,cniiagg,,2,0,2,2,0,2,0,0,0,0,6
299675,isacamachocc,,2,0,2,2,0,2,0,0,0,0,6
299678,MamenHuete,,3,0,3,3,0,3,0,0,0,0,6
299689,GloriaMontero,,3,0,3,3,0,3,0,0,0,0,6
299693,vickyburgos164,,3,0,3,3,0,3,0,0,0,0,6
299699,carmen__dlp,,2,0,2,2,0,2,0,0,0,0,6
299703,PizzaBi,,2,0,2,2,0,2,0,0,0,0,6
299710,laurajp27,,2,0,2,2,0,2,0,0,0,0,6
299718,estherglez1993,,2,0,2,2,0,2,0,0,0,0,0
299735,InPutCreativity,,2,0,2,2,0,2,0,0,0,0,0
299738,Maribau_,,2,0,2,2,0,2,0,0,0,0,6
299740,soy_Kino,,3,0,3,3,0,3,0,0,0,0,6
299744,Ana_MBL,,2,0,2,2,0,2,0,0,0,0,6
299745,starmy85,,2,0,2,2,0,2,0,0,0,0,6
299746,yOLimOreNiYa,,2,0,2,2,0,2,0,0,0,0,6
299748,Maria_pem,,2,0,2,2,0,2,0,0,0,0,0
299750,pazbailon_,,2,0,2,2,0,2,0,0,0,0,6
299752,Chirveches_,,2,0,2,2,0,2,0,0,0,0,6
299754,Lady_Kerrigan,,2,0,2,2,0,2,0,0,0,0,6
299770,IsamlopezIm,,2,0,2,2,0,2,0,0,0,0,6
299771,Yasmiinastt,,2,0,2,2,0,2,0,0,0,0,6
299775,_perpe_,,2,0,2,2,0,2,0,0,0,0,6
299784,4MariJoss,,2,0,2,2,0,2,0,0,0,0,6
299785,Helenamartinezh,,2,0,2,2,0,2,0,0,0,0,6
299794,LuisiyaMartin,,2,0,2,2,0,2,0,0,0,0,6
299796,LaauuraRamos,,2,0,2,2,0,2,0,0,0,0,6
299818,nieves_rivas98,,2,0,2,2,0,2,0,0,0,0,6
299821,MissMc207,,2,0,2,2,0,2,0,0,0,0,6
299824,Mireya1697,,2,0,2,2,0,2,0,0,0,0,6
299828,Carmenpd96,,2,0,2,2,0,2,0,0,0,0,6
299829,Cs_Linares_,,3,0,3,3,0,3,0,0,0,0,0
299833,laurialba9,,2,0,2,2,0,2,0,0,0,0,6
299834,lorena_2512,,2,0,2,2,0,2,0,0,0,0,6
299837,AlbyFernandezCs,,2,0,2,2,0,2,0,0,0,0,6
299841,Rocio_Fornell,,2,0,2,2,0,2,0,0,0,0,6
299846,Esther_Lechu,,2,0,2,2,0,2,0,0,0,0,6
299854,Junomipp81,,2,0,2,2,0,2,0,0,0,0,0
299855,noemigr_55,,2,0,2,2,0,2,0,0,0,0,6
299866,credond87,,2,0,2,2,0,2,0,0,0,0,6
299867,NatsHerondale,,2,0,2,2,0,2,0,0,0,0,6
299872,MnicaRodrg,,2,0,2,2,0,2,0,0,0,0,6
299873,meriicu2,,2,0,2,2,0,2,0,0,0,0,6
299874,Naza_OH,,3,0,3,3,0,3,0,0,0,0,8
299875,CarolinaHZNLL,,2,0,2,2,0,2,0,0,0,0,6
299876,Paulimartin19,,2,0,2,2,0,2,0,0,0,0,6
299879,Cs_Atarfe,,2,0,2,2,0,2,0,0,0,0,6
299880,CsGabiasHijar,,2,0,2,2,0,2,0,0,0,0,6
299883,emems__,,2,0,2,2,0,2,0,0,0,0,6
299885,MARIHELENN,,2,0,2,2,0,2,0,0,0,0,0
299888,Anne_Louisse,,2,0,2,2,0,2,0,0,0,0,0
299891,maripazcastill3,,2,0,2,2,0,2,0,0,0,0,6
299892,alidg1986,,3,0,3,3,0,3,0,0,0,0,0
299894,susanagaspar_cs,,3,0,3,3,0,3,0,0,0,0,0
299895,Erubiollas,,2,0,2,2,0,2,0,0,0,0,6
299898,Rosa_Madriid,,2,0,2,2,0,2,0,0,0,0,6
299903,TereBerastegui,,2,0,2,2,0,2,0,0,0,0,6
299904,MelisaRguezH,,3,0,3,3,0,3,0,0,0,0,5
299907,JavierAlfayate,,2,0,2,2,0,2,0,0,0,0,4
299912,StefaGarcia3,,2,0,2,2,0,2,0,0,0,0,6
299921,CarmentMaria,,2,0,2,2,0,2,0,0,0,0,6
299922,anymdnx,,2,0,2,2,0,2,0,0,0,0,6
299925,AntonellaGACMA,,2,0,2,2,0,2,0,0,0,0,4
299926,juliagmu,,3,0,3,3,0,3,0,0,0,0,6
299928,CarlosMorenilla,,2,0,2,2,0,2,0,0,0,0,6
299932,AnaGonzlezPinto,,2,0,2,2,0,2,0,0,0,0,0
299934,Inesml6,,2,0,2,2,0,2,0,0,0,0,6
299939,emelambda,,2,0,2,2,0,2,0,0,0,0,6
299940,RayPrietoM,,3,0,3,3,0,3,0,0,0,0,0
299948,nuriaroruiz12,,2,0,2,2,0,2,0,0,0,0,2
299956,Elena_Xula,,2,0,2,2,0,2,0,0,0,0,6
299957,AliciaMoreno_,,2,0,2,2,0,2,0,0,0,0,6
299959,anymadridv,,2,0,2,2,0,2,0,0,0,0,6
299975,Csdurcal,,3,0,3,3,0,3,0,0,0,0,6
299979,tereescu,,3,0,3,3,0,3,0,0,0,0,2
299985,SraBitcha,,2,0,2,2,0,2,0,0,0,0,0
299987,SierraPiscis,,2,0,2,2,0,2,0,0,0,0,8
299994,Raqueeliiiiita,,2,0,2,2,0,2,0,0,0,0,6
300004,Carmencita0308,,2,0,2,2,0,2,0,0,0,0,6
300006,pao_larg,,2,0,2,2,0,2,0,0,0,0,6
300007,Finilla14,,3,0,3,3,0,3,0,0,0,0,6
300008,ESICBarcelona,,3,0,3,3,0,3,0,0,0,0,4
300017,lorepsegura,,2,0,2,2,0,2,0,0,0,0,6
300021,Ro_Gomz9,,3,0,3,3,0,3,0,0,0,0,4
300023,Cs_Andujar,,3,0,3,3,0,3,0,0,0,0,0
300027,Jose_vazquezl,,2,0,2,2,0,2,0,0,0,0,6
300028,MarinaconH,,2,0,2,2,0,2,0,0,0,0,6
300029,Rsm2577,,3,0,3,3,0,3,0,0,0,0,6
300030,saralopezruiz91,,3,0,3,3,0,3,0,0,0,0,0
300031,TrattorieGr,,2,0,2,2,0,2,0,0,0,0,0
300032,Klaudia_LM,,2,0,2,2,0,2,0,0,0,0,6
300038,Cris_r_f,,3,0,3,3,0,3,0,0,0,0,6
300043,pacosierral,,3,0,3,3,0,3,0,0,0,0,0
300045,sandtwit_212,,2,0,2,2,0,2,0,0,0,0,6
300048,OcanaSonia,,3,0,3,3,0,3,0,0,0,0,0
300049,eLiii_Gtz,,2,0,2,2,0,2,0,0,0,0,6
300050,eesther_2_,,2,0,2,2,0,2,0,0,0,0,3
300052,Silvisfera,,2,0,2,2,0,2,0,0,0,0,6
300053,maaartasoler,,2,0,2,2,0,2,0,0,0,0,6
300054,SaraJessMA,,2,0,2,2,0,2,0,0,0,0,0
300055,Marta_Mmp,,2,0,2,2,0,2,0,0,0,0,6
300056,mrley96,,2,0,2,2,0,2,0,0,0,0,6
300057,CiutadansBCN,,2,0,2,2,0,2,0,0,0,0,6
300060,CarolinaPunset,,2,0,2,2,0,2,0,0,0,0,6
300063,MimiiGuerrero,,2,0,2,2,0,2,0,0,0,0,6
300065,Nanchinho,,2,0,2,2,0,2,0,0,0,0,6
300073,NireSplash,,3,0,3,3,0,3,0,0,0,0,6
300081,AirFranceES,,2,0,2,2,0,2,0,0,0,0,1
300082,RositaBonel,,2,0,2,2,0,2,0,0,0,0,6
300089,jordi_canyas,,3,0,3,3,0,3,0,0,0,0,6
300094,NoeCarbelo,,2,0,2,2,0,2,0,0,0,0,6
300095,alxrm97_,,2,0,2,2,0,2,0,0,0,0,6
300097,ElenaLima97,,2,0,2,2,0,2,0,0,0,0,6
300101,Rosa_Ba92,,2,0,2,2,0,2,0,0,0,0,6
300103,douglascosta,,2,0,2,2,0,2,0,0,0,0,3
300109,PatriciaRomerac,,2,0,2,2,0,2,0,0,0,0,6
300115,Marta_IA8,,2,0,2,2,0,2,0,0,0,0,6
300124,Srta_Terrones,,2,0,2,2,0,2,0,0,0,0,0
300126,Ceci_hr95,,3,0,3,3,0,3,0,0,0,0,6
300127,delia_linde,,3,0,3,3,0,3,0,0,0,0,6
300128,AnnaCano_,,2,0,2,2,0,2,0,0,0,0,5
300132,bolsacom,,2,0,2,2,0,2,0,0,0,0,0
300133,sdeSaskia,,3,0,3,3,0,3,0,0,0,0,6
300135,boliblanco,,2,0,2,2,0,2,0,0,0,0,6
300139,ireners96,,2,0,2,2,0,2,0,0,0,0,6
300146,formacion,,2,0,2,2,0,2,0,0,0,0,4
300148,JoseAMunozCs,,2,0,2,2,0,2,0,0,0,0,6
300150,_Raquel_Morales,,3,0,3,3,0,3,0,0,0,0,0
300154,paula27f,,2,0,2,2,0,2,0,0,0,0,6
300157,CrisLVDC,,3,0,3,3,0,3,0,0,0,0,6
300161,dolceamore81,,3,0,3,3,0,3,0,0,0,0,6
300168,IratxeLopez,,2,0,2,2,0,2,0,0,0,0,6
300170,TennisTV,,2,0,2,2,0,2,0,0,0,0,2
300172,InmitaLoveEllas,,3,0,3,3,0,3,0,0,0,0,6
300174,saaaaaaaris,,2,0,2,2,0,2,0,0,0,0,6
300177,Patricklandia,,2,0,2,2,0,2,0,0,0,0,6
300180,RqLStrawberry,,2,0,2,2,0,2,0,0,0,0,6
300185,victoriatortos1,,2,0,2,2,0,2,0,0,0,0,6
300191,emediterraneo,,2,0,2,2,0,2,0,0,0,0,6
300192,MiPrimaLondres2,,3,0,3,3,0,3,0,0,0,0,1
300197,aisharimi1,,2,0,2,2,0,2,0,0,0,0,1
300199,CocosBarTapas,,3,0,3,3,0,3,0,0,0,0,0
300204,BereBunbury,,2,0,2,2,0,2,0,0,0,0,6
300210,Aida_Checa,,2,0,2,2,0,2,0,0,0,0,5
300212,LucreBalsalobre,,2,0,2,2,0,2,0,0,0,0,6
300213,Lauryst86,,2,0,2,2,0,2,0,0,0,0,6
300214,luci_hp,,2,0,2,2,0,2,0,0,0,0,6
300215,brujitaipg,,2,0,2,2,0,2,0,0,0,0,6
300216,idoia_M,,3,0,3,3,0,3,0,0,0,0,6
300217,Albertozamm1,,2,0,2,2,0,2,0,0,0,0,6
300218,Stephanie_1791,,2,0,2,2,0,2,0,0,0,0,6
300223,Puri_motta90,,2,0,2,2,0,2,0,0,0,0,6
300224,Mariadelmargdp,,2,0,2,2,0,2,0,0,0,0,6
300227,Irenigs,,3,0,3,3,0,3,0,0,0,0,6
300228,mamenlf,,3,0,3,3,0,3,0,0,0,0,2
300230,Gina7580,,2,0,2,2,0,2,0,0,0,0,6
300236,NoSoyMalkovich,,2,0,2,2,0,2,0,0,0,0,6
300237,MAlejndraR,,2,0,2,2,0,2,0,0,0,0,6
300238,capovamartina,,2,0,2,2,0,2,0,0,0,0,6
300239,thelanguagelist,,2,0,2,2,0,2,0,0,0,0,1
300241,teacherinheaven,,3,0,3,3,0,3,0,0,0,0,1
300242,badgalpascal,,3,0,3,3,0,3,0,0,0,0,1
300245,trabajo_uk,,2,0,2,2,0,2,0,0,0,0,2
300246,basiulek7,,2,0,2,2,0,2,0,0,0,0,6
300247,CursosGranada,,4,0,4,4,0,4,0,0,0,0,0
300250,andreasuiyun,,2,0,2,2,0,2,0,0,0,0,6
300251,marinainor,,2,0,2,2,0,2,0,0,0,0,2
300252,Hiris_gb,,3,0,3,3,0,3,0,0,0,0,6
300253,compiyosoyrosa,,2,0,2,2,0,2,0,0,0,0,6
300256,__Paulaa_,,2,0,2,2,0,2,0,0,0,0,6
300257,88_claudia_cs,,2,0,2,2,0,2,0,0,0,0,6
300258,aguilera2896,,2,0,2,2,0,2,0,0,0,0,6
300259,margui9og,,2,0,2,2,0,2,0,0,0,0,6
300271,Avillaltafranco,,3,0,3,3,0,3,0,0,0,0,0
300272,TashaEdzard,,2,0,2,2,0,2,0,0,0,0,6
300273,Mariia_Lovely,,2,0,2,2,0,2,0,0,0,0,6
300276,GuiomarSD,,3,0,3,3,0,3,0,0,0,0,6
300278,LauraFuentespl,,2,0,2,2,0,2,0,0,0,0,6
300279,paulamedlands,,2,0,2,2,0,2,0,0,0,0,6
300280,Pameliadudder,,2,0,2,2,0,2,0,0,0,0,6
300281,ViduraCollin,,2,0,2,2,0,2,0,0,0,0,6
300282,Tashanakeinrat,,2,0,2,2,0,2,0,0,0,0,6
300283,TerryBloxham,,2,0,2,2,0,2,0,0,0,0,6
300286,MagnoliaGiova,,2,0,2,2,0,2,0,0,0,0,6
300293,MTCS27,,2,0,2,2,0,2,0,0,0,0,6
300295,Maria_Verdejo,,2,0,2,2,0,2,0,0,0,0,0
300296,almuddena95,,2,0,2,2,0,2,0,0,0,0,6
300301,Julia_Lorente,,2,0,2,2,0,2,0,0,0,0,6
300305,maximirandaca,,2,0,2,2,0,2,0,0,0,0,6
300307,Rocio591,,3,0,3,3,0,3,0,0,0,0,6
300318,SrtaASecas,,2,0,2,2,0,2,0,0,0,0,6
300320,_Marga28,,2,0,2,2,0,2,0,0,0,0,6
300326,Rocio3819,,2,0,2,2,0,2,0,0,0,0,6
300328,soniamoralelich,,2,0,2,2,0,2,0,0,0,0,6
300329,Martis5L,,3,0,3,3,0,3,0,0,0,0,6
300331,joaquinsidro,,3,0,3,3,0,3,0,0,0,0,0
300332,FatimukyG,,2,0,2,2,0,2,0,0,0,0,6
300336,tulita78,,2,0,2,2,0,2,0,0,0,0,6
300340,mariaagn96,,2,0,2,2,0,2,0,0,0,0,6
300343,gonzalezsasam,,2,0,2,2,0,2,0,0,0,0,6
300345,patry_smilee,,2,0,2,2,0,2,0,0,0,0,5
300347,tc_carbonell,,2,0,2,2,0,2,0,0,0,0,0
300351,maarycastellon,,2,0,2,2,0,2,0,0,0,0,6
300357,RosaDurnMontes,,2,0,2,2,0,2,0,0,0,0,6
300360,antoniomfc90,,2,0,2,2,0,2,0,0,0,0,6
300364,laura_cabello29,,2,0,2,2,0,2,0,0,0,0,6
300369,charlOtsl,,2,0,2,2,0,2,0,0,0,0,2
300371,CristinaPabloAl,,2,0,2,2,0,2,0,0,0,0,6
300373,CristiiZambudio,,2,0,2,2,0,2,0,0,0,0,0
300375,Carol__ML,,2,0,2,2,0,2,0,0,0,0,6
300379,m_rg94,,2,0,2,2,0,2,0,0,0,0,6
300387,noefc,,2,0,2,2,0,2,0,0,0,0,6
300390,Mercedesmaldon5,,3,0,3,3,0,3,0,0,0,0,6
300394,LuciaMadrid2,,2,0,2,2,0,2,0,0,0,0,6
300398,MariDC97,,3,0,3,3,0,3,0,0,0,0,6
300401,Beitamiranda,,2,0,2,2,0,2,0,0,0,0,1
300403,Lucia_Rubio43,,2,0,2,2,0,2,0,0,0,0,6
300409,ana_zalez,,2,0,2,2,0,2,0,0,0,0,6
300411,CristinaJimnez7,,2,0,2,2,0,2,0,0,0,0,6
300413,robles_007,,2,0,2,2,0,2,0,0,0,0,6
300415,elygasa,,2,0,2,2,0,2,0,0,0,0,6
300416,EstherRuizCs,,3,0,3,3,0,3,0,0,0,0,0
300417,ideal_gente,,4,0,4,4,0,4,0,0,0,0,6
300418,saritachocolat,,3,0,3,3,0,3,0,0,0,0,6
300423,ireneferroprz,,2,0,2,2,0,2,0,0,0,0,6
300424,Carliitadf,,2,0,2,2,0,2,0,0,0,0,6
300425,adelinaespinosa,,2,0,2,2,0,2,0,0,0,0,1
300433,honeydoll666,,2,0,2,2,0,2,0,0,0,0,6
300435,Pikaa_269,,2,0,2,2,0,2,0,0,0,0,6
300436,vickinthehat,,2,0,2,2,0,2,0,0,0,0,6
300437,ALolailo,,2,0,2,2,0,2,0,0,0,0,5
300442,mbortega91,,2,0,2,2,0,2,0,0,0,0,0
300443,blancagp_,,2,0,2,2,0,2,0,0,0,0,6
300446,Lunnaris_,,3,0,3,3,0,3,0,0,0,0,1
300448,PatriNDu,,2,0,2,2,0,2,0,0,0,0,1
300451,AlisonStinson1,,2,0,2,2,0,2,0,0,0,0,6
300455,VanesaPuertass,,2,0,2,2,0,2,0,0,0,0,6
300456,melinapg,,2,0,2,2,0,2,0,0,0,0,6
300457,JaqueAlReyLS,,2,0,2,2,0,2,0,0,0,0,6
300461,Inmavalles_10,,2,0,2,2,0,2,0,0,0,0,6
300463,lauraroldan22,,2,0,2,2,0,2,0,0,0,0,6
300468,SrtaChirosa,,2,0,2,2,0,2,0,0,0,0,0
300470,anabergillos9,,3,0,3,3,0,3,0,0,0,0,6
300474,Beatrizmf7,,2,0,2,2,0,2,0,0,0,0,6
300476,anafonolla,,2,0,2,2,0,2,0,0,0,0,6
300480,AvidalGuerrero,,2,0,2,2,0,2,0,0,0,0,6
300482,sandraemerap,,3,0,3,3,0,3,0,0,0,0,6
300487,sara3rodriguez,,2,0,2,2,0,2,0,0,0,0,6
300488,Yasminacast,,2,0,2,2,0,2,0,0,0,0,0
300494,bgf1996,,2,0,2,2,0,2,0,0,0,0,6
300495,lolicarrasco21,,2,0,2,2,0,2,0,0,0,0,6
300497,cintia_caos,,2,0,2,2,0,2,0,0,0,0,6
300499,Mirella8292,,2,0,2,2,0,2,0,0,0,0,6
300504,Noe54,,2,0,2,2,0,2,0,0,0,0,6
300505,iisaaa20,,2,0,2,2,0,2,0,0,0,0,6
300507,AnnaRuiz2,,2,0,2,2,0,2,0,0,0,0,6
300509,MartaLC_,,2,0,2,2,0,2,0,0,0,0,6
300512,Laurah_oficial,,3,0,3,3,0,3,0,0,0,0,0
300514,Cinnamonpg_,,2,0,2,2,0,2,0,0,0,0,6
300518,KiedisPal,,3,0,3,3,0,3,0,0,0,0,6
300519,kLaUdiia_RnB,,3,0,3,3,0,3,0,0,0,0,6
300522,laugrc_,,2,0,2,2,0,2,0,0,0,0,6
300523,victoriareyesh_,,2,0,2,2,0,2,0,0,0,0,6
300525,Anapovedano,,2,0,2,2,0,2,0,0,0,0,6
300526,Aicitelgr,,2,0,2,2,0,2,0,0,0,0,6
300527,Angelaortizgome,,2,0,2,2,0,2,0,0,0,0,6
300531,BelenCerezo_97,,2,0,2,2,0,2,0,0,0,0,6
300532,MaitePonce7,,3,0,3,3,0,3,0,0,0,0,6
300534,virginianavarr2,,2,0,2,2,0,2,0,0,0,0,6
300546,AnaRmirez25,,2,0,2,2,0,2,0,0,0,0,8
300549,MariaIsabel10_,,2,0,2,2,0,2,0,0,0,0,6
300553,Ines94_gl,,2,0,2,2,0,2,0,0,0,0,6
300566,virgicm95,,2,0,2,2,0,2,0,0,0,0,6
300567,Marianlc16,,2,0,2,2,0,2,0,0,0,0,6
300568,DelgadoCristi,,2,0,2,2,0,2,0,0,0,0,6
300576,paulamarzoj,,2,0,2,2,0,2,0,0,0,0,6
300578,AnaGraciaMR,,3,0,3,3,0,3,0,0,0,0,0
300579,CriadoGarc,,2,0,2,2,0,2,0,0,0,0,6
300580,mconthe,,2,0,2,2,0,2,0,0,0,0,0
300582,MMR1612,,2,0,2,2,0,2,0,0,0,0,6
300583,ChristinMari,,2,0,2,2,0,2,0,0,0,0,6
300585,DavidMarquez37,,2,0,2,2,0,2,0,0,0,0,6
300586,enriquedlachica,,2,0,2,2,0,2,0,0,0,0,6
300589,CsAlhendin,,2,0,2,2,0,2,0,0,0,0,6
300590,cristina_emece,,2,0,2,2,0,2,0,0,0,0,6
300603,FarmaciaGanivet,,2,0,2,2,0,2,0,0,0,0,6
300606,NalayaLaVoz,,2,0,2,2,0,2,0,0,0,0,2
300611,CriadoSusana,,2,0,2,2,0,2,0,0,0,0,6
300614,MiPrimaLondres,,3,0,3,3,0,3,0,0,0,0,6
300618,CierreCafeFCEE,,2,0,2,2,0,2,0,0,0,0,6
300619,CarlosGlezPerez,,3,0,3,3,0,3,0,0,0,0,6
300621,4LondonBusiness,,2,0,2,2,0,2,0,0,0,0,2
300622,lidiamartinez95,,2,0,2,2,0,2,0,0,0,0,6
300629,MauiMojacar,,2,0,2,2,0,2,0,0,0,0,0
300630,MojacarSBreak,,2,0,2,2,0,2,0,0,0,0,6
300631,Aliescribano,,3,0,3,3,0,3,0,0,0,0,6
300633,Martiis16,,2,0,2,2,0,2,0,0,0,0,6
300636,micaelaa01,,2,0,2,2,0,2,0,0,0,0,0
300637,Daniel_JimenezG,,2,0,2,2,0,2,0,0,0,0,6
300639,MaribelMazuecos,,2,0,2,2,0,2,0,0,0,0,6
300640,sandrafloresro,,3,0,3,3,0,3,0,0,0,0,0
300644,IssiRguez,,2,0,2,2,0,2,0,0,0,0,3
300669,pitraquilla,,3,0,3,3,0,3,0,0,0,0,6
300673,SheilaMartinn,,2,0,2,2,0,2,0,0,0,0,6
300674,crisbautistam,,3,0,3,3,0,3,0,0,0,0,6
300675,estefiiLP,,2,0,2,2,0,2,0,0,0,0,6
300676,cristialfaro,,2,0,2,2,0,2,0,0,0,0,6
300678,G10Sport,,3,0,3,3,0,3,0,0,0,0,0
300679,bearamirez25,,2,0,2,2,0,2,0,0,0,0,6
300686,mariaayra2,,2,0,2,2,0,2,0,0,0,0,6
300690,BeitaGr,,2,0,2,2,0,2,0,0,0,0,0
300694,Martalr_90,,2,0,2,2,0,2,0,0,0,0,0
300699,TallerExtranjer,,3,0,3,3,0,3,0,0,0,0,1
300700,englishchatcafe,,2,0,2,2,0,2,0,0,0,0,0
300703,RestFiorentina,,3,0,3,3,0,3,0,0,0,0,0
300704,aida_smesa,,3,0,3,3,0,3,0,0,0,0,6
300706,elEspeculador_,,2,0,2,2,0,2,0,0,0,0,4
300707,OCMMAR,,2,0,2,2,0,2,0,0,0,0,5
300708,farmsantamaria,,2,0,2,2,0,2,0,0,0,0,0
300710,SergioVilla_Dj,,3,0,3,3,0,3,0,0,0,0,6
300712,NYSE,,3,0,3,3,0,3,0,0,0,0,1
300713,10Piti,,3,0,3,3,0,3,0,0,0,0,0
300714,JeisonMurillo19,,3,0,3,3,0,3,0,0,0,0,8
300715,Marielamilkan,,2,0,2,2,0,2,0,0,0,0,6
300718,NikaSora,,2,0,2,2,0,2,0,0,0,0,6
300720,lauracaciaa,,3,0,3,3,0,3,0,0,0,0,0
300721,Angiekuning,,2,0,2,2,0,2,0,0,0,0,0
300723,lorenacyd,,2,0,2,2,0,2,0,0,0,0,0
300724,GambolioMusicC,,2,0,2,2,0,2,0,0,0,0,6
300725,MediPoz,,3,0,3,3,0,3,0,0,0,0,6
300726,eMartinPrieto,,2,0,2,2,0,2,0,0,0,0,0
300727,Michuoviedo,,3,0,3,3,0,3,0,0,0,0,2
300732,PadelGlobal,,2,0,2,2,0,2,0,0,0,0,5
300733,Mosquera_Sara,,3,0,3,3,0,3,0,0,0,0,0
300734,nachoguerreros,,3,0,3,3,0,3,0,0,0,0,5
300738,financialred,,2,0,2,2,0,2,0,0,0,0,4
300739,AndbankES,,3,0,3,3,0,3,0,0,0,0,7
300742,DFMas,,2,0,2,2,0,2,0,0,0,0,6
300743,91navyy,,2,0,2,2,0,2,0,0,0,0,6
300745,Geokeda,,3,0,3,3,0,3,0,0,0,0,6
300746,Lauramf88,,2,0,2,2,0,2,0,0,0,0,6
300748,Cortijo_Copas,,2,0,2,2,0,2,0,0,0,0,6
300754,bewanted_es,,3,0,3,3,0,3,0,0,0,0,4
300761,Las_Ninias,,3,0,3,3,0,3,0,0,0,0,0
300762,Tyba,,3,0,3,3,0,3,0,0,0,0,4
300763,SeRgiO_PeRNaM,,2,0,2,2,0,2,0,0,0,0,6
300770,alexcoeff,,3,0,3,3,0,3,0,0,0,0,0
300780,Irasemacg3,,3,0,3,3,0,3,0,0,0,0,0
300783,ARMILLACF,,2,0,2,2,0,2,0,0,0,0,6
300787,fcomasso,,3,0,3,3,0,3,0,0,0,0,0
300789,elbandejero,,2,0,2,2,0,2,0,0,0,0,0
300793,anafmrtn,,2,0,2,2,0,2,0,0,0,0,6
300794,MartaGxia,,3,0,3,3,0,3,0,0,0,0,6
300795,CursosEurolang,,3,0,3,3,0,3,0,0,0,0,1
300797,_Thetravelers_,,3,0,3,3,0,3,0,0,0,0,0
300800,VickyMerlo,,2,0,2,2,0,2,0,0,0,0,0
300802,MARIAVNH,,2,0,2,2,0,2,0,0,0,0,6
300807,teresuarezm,,2,0,2,2,0,2,0,0,0,0,4
300809,5dias_economia,,3,0,3,3,0,3,0,0,0,0,6
300812,TonyW,,2,0,2,2,0,2,0,0,0,0,0
300814,agenciaEyR,,2,0,2,2,0,2,0,0,0,0,4
300815,fut7granada,,2,0,2,2,0,2,0,0,0,0,0
300822,rnoremlas,,2,0,2,2,0,2,0,0,0,0,0
300825,LievenX,,2,0,2,2,0,2,0,0,0,0,2
300827,Invertia,,2,0,2,2,0,2,0,0,0,0,2
300829,vodafoneyu,,3,0,3,3,0,3,0,0,0,0,0
300830,WSJMoneyBeat,,2,0,2,2,0,2,0,0,0,0,2
300833,Afi_Research,,2,0,2,2,0,2,0,0,0,0,6
300834,el_limite,,2,0,2,2,0,2,0,0,0,0,6
300838,EpocaCoffee,,3,0,3,3,0,3,0,0,0,0,0
300842,elenaquesada,,3,0,3,3,0,3,0,0,0,0,0
300848,jessicaer18,,2,0,2,2,0,2,0,0,0,0,6
300851,asesordebolsas,,2,0,2,2,0,2,0,0,0,0,4
300854,point_bourse,,2,0,2,2,0,2,0,0,0,0,0
300855,JesusYepezAhora,,3,0,3,3,0,3,0,0,0,0,1
300858,5dias_opinion,,3,0,3,3,0,3,0,0,0,0,6
300861,trader_secrets,,3,0,3,3,0,3,0,0,0,0,0
300862,SheilaCortes,,2,0,2,2,0,2,0,0,0,0,6
300863,cambiadeempleo,,2,0,2,2,0,2,0,0,0,0,4
300868,masquedietacom,,2,0,2,2,0,2,0,0,0,0,0
300869,AngelaBonachera,,3,0,3,3,0,3,0,0,0,0,4
300870,BuscadorEmpleo,,3,0,3,3,0,3,0,0,0,0,0
300871,123trabajo,,2,0,2,2,0,2,0,0,0,0,6
300872,AsocFedumas,,2,0,2,2,0,2,0,0,0,0,0
300873,heladoslaperla,,2,0,2,2,0,2,0,0,0,0,0
300877,pizzeria7pecado,,2,0,2,2,0,2,0,0,0,0,0
300881,jobision,,2,0,2,2,0,2,0,0,0,0,6
300884,AppComedores,,3,0,3,3,0,3,0,0,0,0,6
300887,elecastipe,,2,0,2,2,0,2,0,0,0,0,6
300888,spanisheconomy,,2,0,2,2,0,2,0,0,0,0,6
300889,LoryMoneySupa,,3,0,3,3,0,3,0,0,0,0,6
300891,EdDzeko,,5,0,5,5,0,5,0,0,0,0,2
300892,mirodinero_es,,2,0,2,2,0,2,0,0,0,0,0
300895,yandom33,,3,0,3,3,0,3,0,0,0,0,0
300897,JobiJoba_ES,,3,0,3,3,0,3,0,0,0,0,4
300903,soyestudiantees,,3,0,3,3,0,3,0,0,0,0,6
300904,yessiB_19,,3,0,3,3,0,3,0,0,0,0,6
300909,rubio_gc,,2,0,2,2,0,2,0,0,0,0,6
300911,CarmenMorena29,,2,0,2,2,0,2,0,0,0,0,6
300914,MesonLaLoma,,3,0,3,3,0,3,0,0,0,0,0
300916,Evature,,2,0,2,2,0,2,0,0,0,0,0
300917,Structures_eng,,2,0,2,2,0,2,0,0,0,0,6
300920,empleopublicomu,,3,0,3,3,0,3,0,0,0,0,6
300921,Diego_Buona,,3,0,3,3,0,3,0,0,0,0,6
300922,laurarosacastro,,2,0,2,2,0,2,0,0,0,0,6
300924,AnaMr87,,2,0,2,2,0,2,0,0,0,0,6
300925,SoniaPerezJ,,2,0,2,2,0,2,0,0,0,0,6
300928,LaMedinaEs,,3,0,3,3,0,3,0,0,0,0,5
300929,kunfu_mkt,,4,0,4,4,0,4,0,0,0,0,0
300930,MarielaBejar,,2,0,2,2,0,2,0,0,0,0,6
300932,PATRICIAPADIAL2,,3,0,3,3,0,3,0,0,0,0,0
300936,ApuntesADE,,2,0,2,2,0,2,0,0,0,0,4
300946,ana__sierra,,2,0,2,2,0,2,0,0,0,0,6
300949,InversorAsesora,,2,0,2,2,0,2,0,0,0,0,6
300950,SoloCFDs,,2,0,2,2,0,2,0,0,0,0,6
300951,maaRiinaa911,,3,0,3,3,0,3,0,0,0,0,6
300955,RoxRou,,2,0,2,2,0,2,0,0,0,0,0
300956,Comercial_Es,,3,0,3,3,0,3,0,0,0,0,4
300958,SPGlobalRatings,,2,0,2,2,0,2,0,0,0,0,2
300965,AlvarezRiberna,,2,0,2,2,0,2,0,0,0,0,6
300966,GataGandiaSh,,3,0,3,3,0,3,0,0,0,0,6
300968,bonsaigranada,,2,0,2,2,0,2,0,0,0,0,0
300979,Marc__Fb,,2,0,2,2,0,2,0,0,0,0,6
300980,coacmalaga,,3,0,3,3,0,3,0,0,0,0,0
300981,MColladoC,,2,0,2,2,0,2,0,0,0,0,6
300988,PerroEconomista,,3,0,3,3,0,3,0,0,0,0,5
300992,flamashop_es,,2,0,2,2,0,2,0,0,0,0,6
300993,Deloitte_ES,,3,0,3,3,0,3,0,0,0,0,0
300994,UnileverSpain,,3,0,3,3,0,3,0,0,0,0,2
300995,aidacasillas,,3,0,3,3,0,3,0,0,0,0,0
300996,granadadiez,,3,0,3,3,0,3,0,0,0,0,0
300998,IEB_Spain,,3,0,3,3,0,3,0,0,0,0,4
300999,ticjob,,3,0,3,3,0,3,0,0,0,0,6
301003,PorteroMae,,4,0,4,4,0,4,0,0,0,0,4
301004,hazhe1,,4,0,4,4,0,4,0,0,0,0,0
301005,Lauclemot90,,3,0,3,3,0,3,0,0,0,0,6
301010,jmariasblog,,2,0,2,2,0,2,0,0,0,0,1
301011,qtrabajo,,3,0,3,3,0,3,0,0,0,0,0
301012,Jobssy,,2,0,2,2,0,2,0,0,0,0,0
301016,estoesLAPERA,,3,0,3,3,0,3,0,0,0,0,0
301020,beanavarro,,2,0,2,2,0,2,0,0,0,0,5
301021,ShottaDestroy,,3,0,3,3,0,3,0,0,0,0,8
301024,AnalisisIB,,3,0,3,3,0,3,0,0,0,0,4
301025,FGoria,,2,0,2,2,0,2,0,0,0,0,6
301026,Ana_Hidalgo_,,3,0,3,3,0,3,0,0,0,0,0
301028,ConceMLaguna,,2,0,2,2,0,2,0,0,0,0,6
301040,BelenJipe,,3,0,3,3,0,3,0,0,0,0,6
301041,BolsaLibre,,3,0,3,3,0,3,0,0,0,0,0
301045,DJperma,,2,0,2,2,0,2,0,0,0,0,6
301047,leadlagreport,,2,0,2,2,0,2,0,0,0,0,2
301050,MaryJimnez1,,2,0,2,2,0,2,0,0,0,0,6
301052,ana_bqs,,2,0,2,2,0,2,0,0,0,0,0
301059,MontielOrlando,,2,0,2,2,0,2,0,0,0,0,6
301061,bolsatiemporeal,,2,0,2,2,0,2,0,0,0,0,6
301062,elsanto_fa,,2,0,2,2,0,2,0,0,0,0,6
301063,CristinaFernM,,2,0,2,2,0,2,0,0,0,0,6
301064,axesor,,3,0,3,3,0,3,0,0,0,0,0
301066,juanhidalgocen,,2,0,2,2,0,2,0,0,0,0,6
301071,BolsaWallStreet,,2,0,2,2,0,2,0,0,0,0,6
301072,TxominTrader,,2,0,2,2,0,2,0,0,0,0,6
301077,sninobecerra,,3,0,3,3,0,3,0,0,0,0,5
301079,Rankia,,3,0,3,3,0,3,0,0,0,0,4
301080,UNIENFURECIDA,,3,0,3,3,0,3,0,0,0,0,3
301084,rtrading,,2,0,2,2,0,2,0,0,0,0,6
301086,IsaAsensio,,3,0,3,3,0,3,0,0,0,0,6
301087,Norman_Suarez,,2,0,2,2,0,2,0,0,0,0,6
301088,Gloria_MR,,3,0,3,3,0,3,0,0,0,0,6
301090,E_EnergyTV,,2,0,2,2,0,2,0,0,0,0,4
301094,tusasuntoslegal,,3,0,3,3,0,3,0,0,0,0,6
301100,MaryReyes_R,,2,0,2,2,0,2,0,0,0,0,6
301101,Dovegv,,2,0,2,2,0,2,0,0,0,0,6
301102,JoseAguad,,2,0,2,2,0,2,0,0,0,0,6
301106,robotdeforex,,2,0,2,2,0,2,0,0,0,0,0
301107,javigarcia06,,3,0,3,3,0,3,0,0,0,0,2
301108,TamaraPastor5,,3,0,3,3,0,3,0,0,0,0,0
301109,erikavillaecija,,2,0,2,2,0,2,0,0,0,0,5
301110,valentinolivera,,2,0,2,2,0,2,0,0,0,0,5
301112,PrimaRiesgoBot,,2,0,2,2,0,2,0,0,0,0,0
301113,irialg,,2,0,2,2,0,2,0,0,0,0,6
301114,BOZZONECOMICS,,2,0,2,2,0,2,0,0,0,0,6
301115,ALUMNOFCCEE_UGR,,3,0,3,3,0,3,0,0,0,0,5
301117,Activotrade,,2,0,2,2,0,2,0,0,0,0,0
301118,Reichel37,,2,0,2,2,0,2,0,0,0,0,0
301122,AnaaMar27,,3,0,3,3,0,3,0,0,0,0,6
301124,Egocrata,,2,0,2,2,0,2,0,0,0,0,0
301125,AleixSalo,,3,0,3,3,0,3,0,0,0,0,6
301126,Patrigarcia21,,2,0,2,2,0,2,0,0,0,0,6
301128,SamNasri19,,4,0,4,4,0,4,0,0,0,0,2
301130,bolsia,,2,0,2,2,0,2,0,0,0,0,6
301131,Elenasf18,,2,0,2,2,0,2,0,0,0,0,8
301132,Agora_Santander,,3,0,3,3,0,3,0,0,0,0,0
301133,xtbes,,2,0,2,2,0,2,0,0,0,0,5
301135,MarienNovi,,3,0,3,3,0,3,0,0,0,0,0
301136,escoinversion,,2,0,2,2,0,2,0,0,0,0,0
301137,eaudePep,,2,0,2,2,0,2,0,0,0,0,0
301138,PUB_KAMEL,,2,0,2,2,0,2,0,0,0,0,0
301140,stefanipe,,2,0,2,2,0,2,0,0,0,0,6
301144,ipuche87,,2,0,2,2,0,2,0,0,0,0,0
301146,economiaaldia,,2,0,2,2,0,2,0,0,0,0,6
301148,Samantha6291,,2,0,2,2,0,2,0,0,0,0,0
301149,Capaz_HP,,3,0,3,3,0,3,0,0,0,0,6
301152,opobusca,,3,0,3,3,0,3,0,0,0,0,4
301155,viajeroninja,,3,0,3,3,0,3,0,0,0,0,4
301156,mariamegias,,2,0,2,2,0,2,0,0,0,0,0
301157,Sandracm91,,3,0,3,3,0,3,0,0,0,0,0
301158,Lorenapaes92,,2,0,2,2,0,2,0,0,0,0,6
301159,PubWallStreet,,4,0,4,4,0,4,0,0,0,0,0
301165,laura_trigo,,4,0,4,4,0,4,0,0,0,0,0
301168,Martadival,,2,0,2,2,0,2,0,0,0,0,0
301170,KNariasOficial,,3,0,3,3,0,3,0,0,0,0,3
301171,AberronchoTV,,3,0,3,3,0,3,0,0,0,0,2
301174,Boamusica,,3,0,3,3,0,3,0,0,0,0,6
301175,Buscaoposicione,,3,0,3,3,0,3,0,0,0,0,4
301179,LausAguilera,,2,0,2,2,0,2,0,0,0,0,0
301181,legendarioDC,,3,0,3,3,0,3,0,0,0,0,6
301182,JefedelaM,,2,0,2,2,0,2,0,0,0,0,6
301183,STWGranada,,3,0,3,3,0,3,0,0,0,0,0
301184,ManuBejaranoF3,,2,0,2,2,0,2,0,0,0,0,0
301189,ZeropositivoSev,,2,0,2,2,0,2,0,0,0,0,6
301191,HRTF1Team,,2,0,2,2,0,2,0,0,0,0,0
301192,39DELIA,,2,0,2,2,0,2,0,0,0,0,0
301193,Sussiii27,,2,0,2,2,0,2,0,0,0,0,0
301194,debussic,,2,0,2,2,0,2,0,0,0,0,0
301196,josevg20,,2,0,2,2,0,2,0,0,0,0,6
301197,cursobolsa,,2,0,2,2,0,2,0,0,0,0,6
301198,Mallorca_Spring,,2,0,2,2,0,2,0,0,0,0,6
301199,ikeuche9,,4,0,4,4,0,4,0,0,0,0,0
301200,Martiiolii,,2,0,2,2,0,2,0,0,0,0,5
301201,Lass_Officiel,,2,0,2,2,0,2,0,0,0,0,2
301202,ToteKingOficial,,4,0,4,4,0,4,0,0,0,0,0
301203,EstevaSexta,,3,0,3,3,0,3,0,0,0,0,5
301205,DjRandyRuiz,,2,0,2,2,0,2,0,0,0,0,6
301206,lorena3c,,2,0,2,2,0,2,0,0,0,0,0
301208,Inversion_Bolsa,,2,0,2,2,0,2,0,0,0,0,2
301209,MariaRubio90,,2,0,2,2,0,2,0,0,0,0,0
301213,InfoRealM,,2,0,2,2,0,2,0,0,0,0,2
301228,goldel8,,3,0,3,3,0,3,0,0,0,0,3
301243,caguniversitesi,,2,0,2,2,0,2,0,0,0,0,3
301245,lis_tomasz,,2,0,2,2,0,2,0,0,0,0,3
301246,bweglarczyk,,2,0,2,2,0,2,0,0,0,0,3
301249,sekielski,,2,0,2,2,0,2,0,0,0,0,3
301250,RyszardKalisz,,2,0,2,2,0,2,0,0,0,0,3
301252,TygodnikWPROST,,3,0,3,3,0,3,0,0,0,0,3
301253,joannakrupa,,2,0,2,2,0,2,0,0,0,0,3
301256,JerzyBuzek,,3,0,3,3,0,3,0,0,0,0,3
301259,LBalcerowicz,,3,0,3,3,0,3,0,0,0,0,3
301261,Palikot_Janusz,,3,0,3,3,0,3,0,0,0,0,3
301262,WeszloCom,,2,0,2,2,0,2,0,0,0,0,3
301266,PremierRP,,3,0,3,3,0,3,0,0,0,0,3
301268,Pontifex_pl,,2,0,2,2,0,2,0,0,0,0,3
301269,CANALPLUS_SPORT,,2,0,2,2,0,2,0,0,0,0,3
301271,tvp_info,,3,0,3,3,0,3,0,0,0,0,3
301283,Jessica_Athayde,,2,0,2,2,0,2,0,0,0,0,7
301293,buraka,,2,0,2,2,0,2,0,0,0,0,7
301295,SSFCVieira,,2,0,2,2,0,2,0,0,0,0,7
301321,maria_rueff,,2,0,2,2,0,2,0,0,0,0,7
301322,SaraSampaio,,3,0,3,3,0,3,0,0,0,0,7
301394,jorcoms21,,3,0,3,3,0,3,0,0,0,0,1
301396,brainpicker,,3,0,3,3,0,3,0,0,0,0,1
301398,TANDEMSchools,,3,0,3,3,0,3,0,0,0,0,1
301400,colorstribe,,3,0,3,3,0,3,0,0,0,0,1
301404,iiydugr,,4,0,4,4,0,4,0,0,0,0,1
301405,CMIHanze,,2,0,2,2,0,2,0,0,0,0,1
301407,blogocorp,,2,0,2,2,0,2,0,0,0,0,1
301409,Original_Andalu,,2,0,2,2,0,2,0,0,0,0,1
301413,portal_com,,2,0,2,2,0,2,0,0,0,0,1
301416,micromachismos,,3,0,3,3,0,3,0,0,0,0,0
301418,filizsaracc,,2,0,2,2,0,2,0,0,0,0,0
301430,Carabao_Cup,,2,0,2,2,0,2,0,0,0,0,2
301446,Jules_Bianchi,,2,0,2,2,0,2,0,0,0,0,2
301452,KevinMagnussen,,2,0,2,2,0,2,0,0,0,0,0
301495,michaelgove,,2,0,2,2,0,2,0,0,0,0,2
301497,northernassist,,2,0,2,2,0,2,0,0,0,0,2
301502,soundgarden,,2,0,2,2,0,2,0,0,0,0,2
301517,sozialerhebung,,2,0,2,2,0,2,0,0,0,0,1
301518,campbellclaret,,2,0,2,2,0,2,0,0,0,0,2
301519,RoryStewartUK,,2,0,2,2,0,2,0,0,0,0,2
301533,EUflagmafia,,2,0,2,2,0,2,0,0,0,0,2
301536,ECB_cricket,,2,0,2,2,0,2,0,0,0,0,2
301543,LewisCapaldi,,2,0,2,2,0,2,0,0,0,0,2
301544,universityappg,,2,0,2,2,0,2,0,0,0,0,1
301545,4EUplusAlliance,,2,0,2,2,0,2,0,0,0,0,1
301547,ErasmusMundusNA,,3,0,3,3,0,3,0,0,0,0,2
301557,BPlinkertEU,,2,0,2,2,0,2,0,0,0,0,2
301564,LandoNorris,,2,0,2,2,0,2,0,0,0,0,2
301586,CoEDemocracy,,2,0,2,2,0,2,0,0,0,0,2
301590,BestWorldMaps,,2,0,2,2,0,2,0,0,0,0,2
301608,MUC_Airport,,2,0,2,2,0,2,0,0,0,0,2
301624,rehladak,,2,0,2,2,0,2,0,0,0,0,1
301628,AnthonyJVickers,,2,0,2,2,0,2,0,0,0,0,2
301634,UoS_Careers,,3,0,3,3,0,3,0,0,0,0,2
301636,OFOCBrexit,,2,0,2,2,0,2,0,0,0,0,2
301638,Babsmaylou,,2,0,2,2,0,2,0,0,0,0,2
301639,nbrusson,,2,0,2,2,0,2,0,0,0,0,2
301640,mazaic,,2,0,2,2,0,2,0,0,0,0,2
301642,BlaBlaCar,,2,0,2,2,0,2,0,0,0,0,2
301644,_Bands_FC,,2,0,2,2,0,2,0,0,0,0,2
301654,OpenEdGlobal,,2,0,2,2,0,2,0,0,0,0,6
301659,Wolves,,2,0,2,2,0,2,0,0,0,0,2
301665,JamesMilner,,2,0,2,2,0,2,0,0,0,0,2
301678,andrewbensonf1,,2,0,2,2,0,2,0,0,0,0,0
301684,allanmcnish,,2,0,2,2,0,2,0,0,0,0,2
301690,NataliePinkham,,2,0,2,2,0,2,0,0,0,0,0
301697,graziano_susan,,2,0,2,2,0,2,0,0,0,0,2
301699,Femi_Sorry,,2,0,2,2,0,2,0,0,0,0,2
301711,ScottBaldridge,,2,0,2,2,0,2,0,0,0,0,2
301713,SarahLudford,,2,0,2,2,0,2,0,0,0,0,2
301717,joswinson,,2,0,2,2,0,2,0,0,0,0,2
301721,natalieben,,2,0,2,2,0,2,0,0,0,0,2
301722,TheGreenParty,,2,0,2,2,0,2,0,0,0,0,2
301723,mseltzermayr,,2,0,2,2,0,2,0,0,0,0,2
301749,MrMoonUK,,2,0,2,2,0,2,0,0,0,0,2
301751,NagatomoTajiri,,2,0,2,2,0,2,0,0,0,0,2
301759,linguascope,,2,0,2,2,0,2,0,0,0,0,2
301761,MsAveryJordan,,2,0,2,2,0,2,0,0,0,0,2
301766,HackneyAbbott,,2,0,2,2,0,2,0,0,0,0,2
301767,SilviaCrocitta,,2,0,2,2,0,2,0,0,0,0,7
301768,HurricaneFac,,2,0,2,2,0,2,0,0,0,0,2
301769,AlastairTolan,,3,0,3,3,0,3,0,0,0,0,2
301775,mllerisette,,2,0,2,2,0,2,0,0,0,0,1
301776,bsaenen,,2,0,2,2,0,2,0,0,0,0,2
301779,TEDxBrussels,,3,0,3,3,0,3,0,0,0,0,1
301791,EGardiazabal,,2,0,2,2,0,2,0,0,0,0,2
301794,__ania__,,3,0,3,3,0,3,0,0,0,0,1
301795,e_languages,,3,0,3,3,0,3,0,0,0,0,2
301805,SI_games,,2,0,2,2,0,2,0,0,0,0,2
301807,FootballManager,,2,0,2,2,0,2,0,0,0,0,2
301813,Finnfield,,2,0,2,2,0,2,0,0,0,0,2
301814,christchurchsu,,2,0,2,2,0,2,0,0,0,0,2
301816,BelSecForum,,2,0,2,2,0,2,0,0,0,0,2
301828,FondazioneBML,,2,0,2,2,0,2,0,0,0,0,2
301832,Paula_Cojocaru,,2,0,2,2,0,2,0,0,0,0,2
301834,CharityJob,,2,0,2,2,0,2,0,0,0,0,2
301848,BESANews,,2,0,2,2,0,2,0,0,0,0,2
301852,WilmotsMarc,,2,0,2,2,0,2,0,0,0,0,2
301854,JasonElsom,,3,0,3,3,0,3,0,0,0,0,2
301857,alexbellars,,2,0,2,2,0,2,0,0,0,0,2
301858,lordthann,,3,0,3,3,0,3,0,0,0,0,1
301860,DashaBri,,3,0,3,3,0,3,0,0,0,0,7
301871,Vincentius,,2,0,2,2,0,2,0,0,0,0,2
301881,NCSEHE,,2,0,2,2,0,2,0,0,0,0,2
301882,CapitalSchool,,2,0,2,2,0,2,0,0,0,0,2
301885,ShottonHallMFL,,2,0,2,2,0,2,0,0,0,0,2
301886,SofPapaioannou,,2,0,2,2,0,2,0,0,0,0,1
301891,Andri_Ge,,2,0,2,2,0,2,0,0,0,0,2
301899,agnes_veres,,3,0,3,3,0,3,0,0,0,0,1
301901,NevladnaOrg,,2,0,2,2,0,2,0,0,0,0,1
301904,raczynskan,,4,0,4,4,0,4,0,0,0,0,7
301913,kent_police,,2,0,2,2,0,2,0,0,0,0,2
301924,msmfl,,2,0,2,2,0,2,0,0,0,0,2
301940,bbc606,,2,0,2,2,0,2,0,0,0,0,2
301943,Se_Railway,,2,0,2,2,0,2,0,0,0,0,2
301944,diegocosta,,3,0,3,3,0,3,0,0,0,0,5
301958,RosettaStoneUK,,2,0,2,2,0,2,0,0,0,0,2
301972,ragtaggiggagon,,2,0,2,2,0,2,0,0,0,0,1
301990,teatrolacomedi1,,3,0,3,3,0,3,0,0,0,0,2
302012,Madara_Apsalone,,3,0,3,3,0,3,0,0,0,0,1
302017,AccessU_inc,,2,0,2,2,0,2,0,0,0,0,2
302030,RayWJ,,3,0,3,3,0,3,0,0,0,0,2
302035,MsMultilingual,,2,0,2,2,0,2,0,0,0,0,2
302038,LanguagePoint_,,2,0,2,2,0,2,0,0,0,0,2
302061,tallgingerone,,2,0,2,2,0,2,0,0,0,0,1
302063,superdrug,,3,0,3,3,0,3,0,0,0,0,2
302066,Bira_SP,,2,0,2,2,0,2,0,0,0,0,3
302069,MichaelVaughan,,2,0,2,2,0,2,0,0,0,0,2
302070,RobHarris,,3,0,3,3,0,3,0,0,0,0,2
302071,markchapman,,2,0,2,2,0,2,0,0,0,0,2
302072,JamesOlley,,2,0,2,2,0,2,0,0,0,0,2
302073,skysports_bryan,,2,0,2,2,0,2,0,0,0,0,2
302074,LeeDixon2,,3,0,3,3,0,3,0,0,0,0,2
302075,markpougatch,,2,0,2,2,0,2,0,0,0,0,2
302076,flintoff11,,3,0,3,3,0,3,0,0,0,0,2
302077,StuartBroad8,,3,0,3,3,0,3,0,0,0,0,2
302078,JWTelegraph,,2,0,2,2,0,2,0,0,0,0,2
302079,ColeenRoo,,2,0,2,2,0,2,0,0,0,0,2
302080,clbleakley,,3,0,3,3,0,3,0,0,0,0,2
302081,TheRealKirstyG,,2,0,2,2,0,2,0,0,0,0,2
302082,mattletiss7,,2,0,2,2,0,2,0,0,0,0,2
302083,prodnose,,2,0,2,2,0,2,0,0,0,0,2
302084,AndyTCarroll,,2,0,2,2,0,2,0,0,0,0,2
302085,JasonRoberts30,,2,0,2,2,0,2,0,0,0,0,2
302086,OfficialVieira,,3,0,3,3,0,3,0,0,0,0,2
302087,jamosfoundation,,2,0,2,2,0,2,0,0,0,0,2
302088,BenFoster,,2,0,2,2,0,2,0,0,0,0,2
302089,chriswaddle93,,3,0,3,3,0,3,0,0,0,0,2
302090,TheGeoffHurst,,3,0,3,3,0,3,0,0,0,0,2
302091,RBarkley8,,3,0,3,3,0,3,0,0,0,0,2
302092,PJags06,,2,0,2,2,0,2,0,0,0,0,2
302093,OfficiallyGT,,2,0,2,2,0,2,0,0,0,0,2
302098,cgpgrey,,2,0,2,2,0,2,0,0,0,0,2
302111,sotonabroad,,3,0,3,3,0,3,0,0,0,0,2
302123,GuatduSalamanca,,3,0,3,3,0,3,0,0,0,0,2
302129,dntfeedthebears,,2,0,2,2,0,2,0,0,0,0,2
302137,boris_eu,,2,0,2,2,0,2,0,0,0,0,2
302139,tomaslorente,,2,0,2,2,0,2,0,0,0,0,2
302141,J_Ennis,,2,0,2,2,0,2,0,0,0,0,2
302143,SabadellCAM,,2,0,2,2,0,2,0,0,0,0,2
302145,Southampton_RAG,,2,0,2,2,0,2,0,0,0,0,2
302150,WessexScene,,2,0,2,2,0,2,0,0,0,0,2
302155,SotonTab,,2,0,2,2,0,2,0,0,0,0,2
302156,SurgeRadio,,2,0,2,2,0,2,0,0,0,0,2
302157,timlovejoy,,3,0,3,3,0,3,0,0,0,0,2
302159,therealdcf1,,2,0,2,2,0,2,0,0,0,0,2
302160,mrjakehumphrey,,3,0,3,3,0,3,0,0,0,0,2
302174,unionfilms,,2,0,2,2,0,2,0,0,0,0,2
302176,Union_Soton,,2,0,2,2,0,2,0,0,0,0,2
302181,FloBroderick,,2,0,2,2,0,2,0,0,0,0,2
302187,EFL,,2,0,2,2,0,2,0,0,0,0,2
302191,MLY_90,,2,0,2,2,0,2,0,0,0,0,2
302239,RafaMartin24,,2,0,2,2,0,2,0,0,0,0,6
302248,JuankyDinh,,2,0,2,2,0,2,0,0,0,0,6
302258,mariiajo1994,,3,0,3,3,0,3,0,0,0,0,6
302260,Teresa_Lara3,,2,0,2,2,0,2,0,0,0,0,6
302261,vimaprsa,,2,0,2,2,0,2,0,0,0,0,6
302270,Blasico9,,3,0,3,3,0,3,0,0,0,0,6
302272,s_villano92,,2,0,2,2,0,2,0,0,0,0,6
302273,Carmenxete,,2,0,2,2,0,2,0,0,0,0,6
302275,RoberPuga,,2,0,2,2,0,2,0,0,0,0,6
302294,beJohnC,,2,0,2,2,0,2,0,0,0,0,6
302297,Skilljoseph,,2,0,2,2,0,2,0,0,0,0,6
302298,Victormz_90,,3,0,3,3,0,3,0,0,0,0,6
302305,Marina_c14,,2,0,2,2,0,2,0,0,0,0,6
302310,Antonio_InfanT,,3,0,3,3,0,3,0,0,0,0,5
302311,maryunika,,2,0,2,2,0,2,0,0,0,0,6
302312,AdrianCC96,,2,0,2,2,0,2,0,0,0,0,6
302313,AlbaLaso,,2,0,2,2,0,2,0,0,0,0,6
302319,defefuentes,,2,0,2,2,0,2,0,0,0,0,6
302320,ufonauta_,,3,0,3,3,0,3,0,0,0,0,6
302321,AmancioOrtega_,,2,0,2,2,0,2,0,0,0,0,6
302322,SiropeClub,,2,0,2,2,0,2,0,0,0,0,6
302323,wavarama,,2,0,2,2,0,2,0,0,0,0,6
302325,DjGelogrx,,2,0,2,2,0,2,0,0,0,0,6
302327,Objetivo279,,2,0,2,2,0,2,0,0,0,0,6
302328,DRFLI,,3,0,3,3,0,3,0,0,0,0,6
302329,LNAI,,3,0,3,3,0,3,0,0,0,0,6
302330,prettychocobo,,2,0,2,2,0,2,0,0,0,0,6
302338,Daanikmichell,,2,0,2,2,0,2,0,0,0,0,2
302343,anabekoa,,2,0,2,2,0,2,0,0,0,0,2
302354,Xolos,,2,0,2,2,0,2,0,0,0,0,2
302355,clubleonfc,,2,0,2,2,0,2,0,0,0,0,2
302357,Rayados,,2,0,2,2,0,2,0,0,0,0,2
302359,Chivas,,2,0,2,2,0,2,0,0,0,0,2
302360,SonyChannelMX,,2,0,2,2,0,2,0,0,0,0,2
302361,carlosbremerg,,2,0,2,2,0,2,0,0,0,0,2
302362,Economia_UDP,,3,0,3,3,0,3,0,0,0,0,2
302363,RodrigoHerreraA,,2,0,2,2,0,2,0,0,0,0,2
302367,PlayboyPlus,,2,0,2,2,0,2,0,0,0,0,2
302368,santiagopgm,,2,0,2,2,0,2,0,0,0,0,2
302369,rocksxm,,2,0,2,2,0,2,0,0,0,0,2
302370,elhartista,,3,0,3,3,0,3,0,0,0,0,2
302375,ErubeyDe,,2,0,2,2,0,2,0,0,0,0,2
302380,SSalud_mx,,3,0,3,3,0,3,0,0,0,0,2
302402,ximenaNR,,2,0,2,2,0,2,0,0,0,0,2
302404,DINERTAD,,2,0,2,2,0,2,0,0,0,0,2
302405,miabuelasabia,,4,0,4,4,0,4,0,0,0,0,2
302412,landondonovan,,2,0,2,2,0,2,0,0,0,0,2
302419,Aeromexico,,3,0,3,3,0,3,0,0,0,0,2
302420,viajaVolaris,,3,0,3,3,0,3,0,0,0,0,2
302421,EVIDEGARAY,,2,0,2,2,0,2,0,0,0,0,2
302426,LuisOmarTapia,,2,0,2,2,0,2,0,0,0,0,2
302444,Frases_Futbol,,3,0,3,3,0,3,0,0,0,0,2
302455,11carlosV,,2,0,2,2,0,2,0,0,0,0,2
302460,realflorentm,,2,0,2,2,0,2,0,0,0,0,2
302461,salomonkalou,,2,0,2,2,0,2,0,0,0,0,2
302462,MiguelHerreraDT,,3,0,3,3,0,3,0,0,0,0,2
302463,PaolaRojas,,2,0,2,2,0,2,0,0,0,0,2
302464,SinEmbargoMX,,2,0,2,2,0,2,0,0,0,0,2
302465,LaJornada,,3,0,3,3,0,3,0,0,0,0,2
302467,rgomezjunco,,2,0,2,2,0,2,0,0,0,0,2
302468,PabloCarrilloL,,2,0,2,2,0,2,0,0,0,0,2
302469,adevaldes,,2,0,2,2,0,2,0,0,0,0,2
302471,fersch_4,,2,0,2,2,0,2,0,0,0,0,2
302474,joserra_espn,,3,0,3,3,0,3,0,0,0,0,2
302476,albertolati,,2,0,2,2,0,2,0,0,0,0,2
302478,GarciaPosti,,2,0,2,2,0,2,0,0,0,0,2
302482,vanehupp,,2,0,2,2,0,2,0,0,0,0,2
302486,espnsutcliffe,,2,0,2,2,0,2,0,0,0,0,2
302488,SanCadilla,,2,0,2,2,0,2,0,0,0,0,2
302489,mediotiempo,,2,0,2,2,0,2,0,0,0,0,2
302490,Miguel_Gurwitz,,2,0,2,2,0,2,0,0,0,0,2
302491,ESPNRF,,2,0,2,2,0,2,0,0,0,0,2
302494,laaficion,,2,0,2,2,0,2,0,0,0,0,2
302497,enriquebermudez,,2,0,2,2,0,2,0,0,0,0,2
302505,eazcarraga,,3,0,3,3,0,3,0,0,0,0,2
302506,futpicante,,2,0,2,2,0,2,0,0,0,0,2
302508,cuauhtemocb10,,2,0,2,2,0,2,0,0,0,0,2
302511,SProduzioni,,2,0,2,2,0,2,0,0,0,0,1
302516,esn_szczecin,,2,0,2,2,0,2,0,0,0,0,1
302517,ESN_Katowice,,2,0,2,2,0,2,0,0,0,0,1
302518,erasmusturkish,,2,0,2,2,0,2,0,0,0,0,1
302519,maldivescamp,,2,0,2,2,0,2,0,0,0,0,1
302525,peterterry_,,2,0,2,2,0,2,0,0,0,0,1
302538,YosahnSelecta,,2,0,2,2,0,2,0,0,0,0,6
302543,Wonderyland,,2,0,2,2,0,2,0,0,0,0,1
302547,makeupyourmind,,3,0,3,3,0,3,0,0,0,0,6
302549,Science_and_you,,2,0,2,2,0,2,0,0,0,0,8
302550,EnvialoBARATO,,3,0,3,3,0,3,0,0,0,0,1
302553,pepegran,,3,0,3,3,0,3,0,0,0,0,1
302557,SpanjeNederland,,4,0,4,4,0,4,0,0,0,0,1
302566,lavoraconnoiita,,3,0,3,3,0,3,0,0,0,0,1
302570,eventi_na,,3,0,3,3,0,3,0,0,0,0,1
302571,Daiana1991613,,3,0,3,3,0,3,0,0,0,0,1
302573,Ale_ilPorta,,2,0,2,2,0,2,0,0,0,0,3
302574,Granada_Erasmus,,2,0,2,2,0,2,0,0,0,0,1
302575,orkunnur,,2,0,2,2,0,2,0,0,0,0,2
302576,Jobfie,,2,0,2,2,0,2,0,0,0,0,1
302577,yosoyerasmus,,3,0,3,3,0,3,0,0,0,0,1
302578,Aylaris,,2,0,2,2,0,2,0,0,0,0,1
302582,uniserforli,,2,0,2,2,0,2,0,0,0,0,1
302584,RSMSTAR,,2,0,2,2,0,2,0,0,0,0,7
302587,UPWroclaw,,3,0,3,3,0,3,0,0,0,0,1
302588,USinKatowice,,3,0,3,3,0,3,0,0,0,0,1
302589,UE_Katowice,,4,0,4,4,0,4,0,0,0,0,1
302591,Uni_WUE,,3,0,3,3,0,3,0,0,0,0,4
302595,UninaIT,,3,0,3,3,0,3,0,0,0,0,1
302600,CRIJMontpellier,,2,0,2,2,0,2,0,0,0,0,1
302602,KULeuven_iGEM,,2,0,2,2,0,2,0,0,0,0,4
302605,yumaksamet,,3,0,3,3,0,3,0,0,0,0,6
302607,ManuelaFPinto,,3,0,3,3,0,3,0,0,0,0,1
302608,ErasmusOpendata,,2,0,2,2,0,2,0,0,0,0,4
302612,antoniotoro23,,2,0,2,2,0,2,0,0,0,0,1
302615,brivan74g,,3,0,3,3,0,3,0,0,0,0,0
302623,StudyAbroadUSAC,,3,0,3,3,0,3,0,0,0,0,1
302625,capastudyabroad,,3,0,3,3,0,3,0,0,0,0,1
302627,Hsynkrdm,,2,0,2,2,0,2,0,0,0,0,1
302631,ErasmusTersia,,3,0,3,3,0,3,0,0,0,0,1
302632,holaerasmus,,2,0,2,2,0,2,0,0,0,0,1
302633,ESHPM_EUR,,4,0,4,4,0,4,0,0,0,0,1
302648,hkmtgndl,,2,0,2,2,0,2,0,0,0,0,1
302649,Akagoyales,,2,0,2,2,0,2,0,0,0,0,3
302653,meltycasa,,2,0,2,2,0,2,0,0,0,0,1
302654,EuroPractice,,2,0,2,2,0,2,0,0,0,0,1
302658,RociioRRPP,,2,0,2,2,0,2,0,0,0,0,1
302659,HouseCafeGranad,,2,0,2,2,0,2,0,0,0,0,1
302660,LaBotellecagr,,3,0,3,3,0,3,0,0,0,0,6
302661,Quintana_isidro,,2,0,2,2,0,2,0,0,0,0,6
302662,NonoCaceres,,2,0,2,2,0,2,0,0,0,0,1
302664,GustavKlimtPUB,,3,0,3,3,0,3,0,0,0,0,1
302665,Batan55,,3,0,3,3,0,3,0,0,0,0,1
302666,nicogorellana,,2,0,2,2,0,2,0,0,0,0,1
302668,MariloMajial,,2,0,2,2,0,2,0,0,0,0,1
302674,villalobosx,,2,0,2,2,0,2,0,0,0,0,1
302675,vickisstabbingu,,2,0,2,2,0,2,0,0,0,0,1
302676,__diecinueve,,3,0,3,3,0,3,0,0,0,0,1
302678,josedcz,,2,0,2,2,0,2,0,0,0,0,1
302681,maribelmc92,,2,0,2,2,0,2,0,0,0,0,1
302684,Jesmorc,,2,0,2,2,0,2,0,0,0,0,1
302688,aranzazu5,,2,0,2,2,0,2,0,0,0,0,1
302689,verococado,,2,0,2,2,0,2,0,0,0,0,1
302690,granadaerasmus,,3,0,3,3,0,3,0,0,0,0,1
302693,TheStudentWorld,,2,0,2,2,0,2,0,0,0,0,1
302694,anabelenCarmtin,,3,0,3,3,0,3,0,0,0,0,1
302695,isabeiss,,2,0,2,2,0,2,0,0,0,0,2
302697,Atico_Valencia,,2,0,2,2,0,2,0,0,0,0,1
302702,juanxii93,,2,0,2,2,0,2,0,0,0,0,1
302703,GerardoUGR,,3,0,3,3,0,3,0,0,0,0,1
302705,bethanyhamilton,,2,0,2,2,0,2,0,0,0,0,2
302708,curtislepore,,2,0,2,2,0,2,0,0,0,0,2
302709,lelepons,,3,0,3,3,0,3,0,0,0,0,2
302710,ModernFam,,2,0,2,2,0,2,0,0,0,0,2
302711,itsJulieBowen,,2,0,2,2,0,2,0,0,0,0,2
302713,AndreaFaustini1,,2,0,2,2,0,2,0,0,0,0,2
302721,jes_chastain,,2,0,2,2,0,2,0,0,0,0,2
302724,francisjaime23,,3,0,3,3,0,3,0,0,0,0,0
302727,borrachosEs,,3,0,3,3,0,3,0,0,0,0,0
302728,rbnSerra,,3,0,3,3,0,3,0,0,0,0,0
302737,TVConchi,,3,0,3,3,0,3,0,0,0,0,0
302738,arabalears,,3,0,3,3,0,3,0,0,0,0,0
302739,ArtMadridferia,,3,0,3,3,0,3,0,0,0,0,0
302740,la_fabrica,,3,0,3,3,0,3,0,0,0,0,0
302749,cultura_cat,,2,0,2,2,0,2,0,0,0,0,1
302754,ICCROM,,2,0,2,2,0,2,0,0,0,0,0
302758,econservation,,2,0,2,2,0,2,0,0,0,0,0
302775,MuseuMorera,,2,0,2,2,0,2,0,0,0,0,0
302776,RazzmatazzClubs,,2,0,2,2,0,2,0,0,0,0,0
302779,COAATIEMU,,2,0,2,2,0,2,0,0,0,0,0
302781,alberscofield,,2,0,2,2,0,2,0,0,0,0,0
302785,soyeloc,,2,0,2,2,0,2,0,0,0,0,0
302798,artebellasartes,,2,0,2,2,0,2,0,0,0,0,0
302801,SexyZebras,,2,0,2,2,0,2,0,0,0,0,0
302802,DembArte,,2,0,2,2,0,2,0,0,0,0,0
302807,cuadernodebita1,,3,0,3,3,0,3,0,0,0,0,0
302814,JoseManuelDirk,,2,0,2,2,0,2,0,0,0,0,6
302817,eloimf,,2,0,2,2,0,2,0,0,0,0,5
302823,Amor_a_lArt,,2,0,2,2,0,2,0,0,0,0,3
302827,ModernetdeMerda,,2,0,2,2,0,2,0,0,0,0,0
302828,GrupManel,,3,0,3,3,0,3,0,0,0,0,0
302829,Antonia_Font,,2,0,2,2,0,2,0,0,0,0,0
302834,crackoviadeTV3,,2,0,2,2,0,2,0,0,0,0,0
302837,cine_cat,,2,0,2,2,0,2,0,0,0,0,0
302839,LAtheband,,2,0,2,2,0,2,0,0,0,0,0
302856,LaVanguardiaCAT,,3,0,3,3,0,3,0,0,0,0,0
302857,EspacioArteGR,,3,0,3,3,0,3,0,0,0,0,0
302858,InfoArtOnline,,3,0,3,3,0,3,0,0,0,0,0
302861,ElsPetsOficial,,2,0,2,2,0,2,0,0,0,0,0
302864,Irega94,,2,0,2,2,0,2,0,0,0,0,0
302872,ceskfreixas,,2,0,2,2,0,2,0,0,0,0,0
302897,margabonnin,,2,0,2,2,0,2,0,0,0,0,0
302918,amicsdelesarts,,3,0,3,3,0,3,0,0,0,0,0
302946,stukers_com,,2,0,2,2,0,2,0,0,0,0,2
302950,Ana_d_Armas,,3,0,3,3,0,3,0,0,0,0,2
302953,realcey,,3,0,3,3,0,3,0,0,0,0,1
302954,ozerferah,,2,0,2,2,0,2,0,0,0,0,1
302968,meltemkanar,,2,0,2,2,0,2,0,0,0,0,1
302971,TEDUBasketbol,,2,0,2,2,0,2,0,0,0,0,3
302979,princessofmnco,,2,0,2,2,0,2,0,0,0,0,1
302983,myLike_app,,3,0,3,3,0,3,0,0,0,0,1
302985,MindCharity,,2,0,2,2,0,2,0,0,0,0,1
302991,PapayaPods,,2,0,2,2,0,2,0,0,0,0,1
302998,livuniabroad,,2,0,2,2,0,2,0,0,0,0,1
303015,abdnhispanists,,2,0,2,2,0,2,0,0,0,0,1
303017,LivUniPress,,2,0,2,2,0,2,0,0,0,0,1
303023,LivUniAlumni,,2,0,2,2,0,2,0,0,0,0,1
303042,LivUniLibrary,,2,0,2,2,0,2,0,0,0,0,1
303043,IrishInstitute,,2,0,2,2,0,2,0,0,0,0,1
303046,LivEchonews,,2,0,2,2,0,2,0,0,0,0,1
303047,Liverpool_ONE,,2,0,2,2,0,2,0,0,0,0,1
303050,VisitLiverpool,,2,0,2,2,0,2,0,0,0,0,1
303051,itsliverpool,,2,0,2,2,0,2,0,0,0,0,1
303052,livunilanguages,,2,0,2,2,0,2,0,0,0,0,1
303053,LiverpoolGuild,,2,0,2,2,0,2,0,0,0,0,1
303058,LASAnimal,,2,0,2,2,0,2,0,0,0,0,6
303070,PrensAnimalista,,2,0,2,2,0,2,0,0,0,0,6
303071,FranB_Libano,,2,0,2,2,0,2,0,0,0,0,6
303078,defiestasevilla,,3,0,3,3,0,3,0,0,0,0,6
303084,NochesSevilla,,2,0,2,2,0,2,0,0,0,0,6
303087,CarliitosBoss,,2,0,2,2,0,2,0,0,0,0,6
303094,NewWStudios,,3,0,3,3,0,3,0,0,0,0,6
303129,DiarioAzafata,,2,0,2,2,0,2,0,0,0,0,6
303183,feansalgranada,,2,0,2,2,0,2,0,0,0,0,0
303185,JDBonillo,,3,0,3,3,0,3,0,0,0,0,0
303186,Agustin_de1,,2,0,2,2,0,2,0,0,0,0,0
303188,solerycordon,,2,0,2,2,0,2,0,0,0,0,0
303190,Juliomillanjaen,,2,0,2,2,0,2,0,0,0,0,0
303194,TraderAndreaN,,3,0,3,3,0,3,0,0,0,0,0
303197,Gabri_Gomez,,2,0,2,2,0,2,0,0,0,0,0
303199,Cristinitaaaa_,,2,0,2,2,0,2,0,0,0,0,0
303201,antoniomonteroj,,3,0,3,3,0,3,0,0,0,0,0
303203,jangelgarciaure,,2,0,2,2,0,2,0,0,0,0,0
303204,gloriaenlared,,3,0,3,3,0,3,0,0,0,0,0
303206,HumanAgeInsES,,2,0,2,2,0,2,0,0,0,0,0
303209,elfisgoncurioso,,2,0,2,2,0,2,0,0,0,0,0
303212,ajcastuera,,2,0,2,2,0,2,0,0,0,0,0
303215,jose91polo,,3,0,3,3,0,3,0,0,0,0,0
303216,marcasang95,,3,0,3,3,0,3,0,0,0,0,0
303217,florprotocolo,,2,0,2,2,0,2,0,0,0,0,0
303223,ZaidaLpezMartne,,2,0,2,2,0,2,0,0,0,0,0
303225,pguerrero82,,2,0,2,2,0,2,0,0,0,0,0
303226,jorge_antelo,,3,0,3,3,0,3,0,0,0,0,0
303227,ajesusdltr,,2,0,2,2,0,2,0,0,0,0,0
303231,SilviaSilabas,,2,0,2,2,0,2,0,0,0,0,0
303235,maricarmenjg89,,2,0,2,2,0,2,0,0,0,0,0
303236,VictorMolinaAng,,3,0,3,3,0,3,0,0,0,0,0
303238,carmencittarb,,3,0,3,3,0,3,0,0,0,0,6
303240,javierval2,,3,0,3,3,0,3,0,0,0,0,0
303241,Gon_VYPeat,,3,0,3,3,0,3,0,0,0,0,0
303242,Alvaro_MG_,,3,0,3,3,0,3,0,0,0,0,0
303245,maripi_23,,2,0,2,2,0,2,0,0,0,0,0
303246,marianporcel,,3,0,3,3,0,3,0,0,0,0,0
303248,fcasadoarias,,2,0,2,2,0,2,0,0,0,0,0
303250,JoostTom,,2,0,2,2,0,2,0,0,0,0,0
303252,jano20,,2,0,2,2,0,2,0,0,0,0,0
303260,fjcristofol,,2,0,2,2,0,2,0,0,0,0,0
303264,Nuvinoal,,2,0,2,2,0,2,0,0,0,0,0
303265,javier_rovira,,2,0,2,2,0,2,0,0,0,0,0
303267,ivegama,,2,0,2,2,0,2,0,0,0,0,4
303268,CongresoMB,,3,0,3,3,0,3,0,0,0,0,0
303276,ESICIdiomas,,2,0,2,2,0,2,0,0,0,0,0
303278,icemd,,2,0,2,2,0,2,0,0,0,0,0
303280,JacintoGPalma,,4,0,4,4,0,4,0,0,0,0,0
303281,ICMempresas,,3,0,3,3,0,3,0,0,0,0,0
303283,gzumeta,,2,0,2,2,0,2,0,0,0,0,0
303284,ESICSevilla,,2,0,2,2,0,2,0,0,0,0,0
303287,ESICMadrid,,3,0,3,3,0,3,0,0,0,0,0
303297,insoniascarvao,,2,0,2,2,0,2,0,0,0,0,3
303309,revistasuper,,2,0,2,2,0,2,0,0,0,0,3
303312,AbbottNews,,2,0,2,2,0,2,0,0,0,0,3
303313,sanofi,,3,0,3,3,0,3,0,0,0,0,3
303314,Pharmacy_Times,,2,0,2,2,0,2,0,0,0,0,3
303340,DigiEduHack,,2,0,2,2,0,2,0,0,0,0,1
303344,YoungMedVoices,,3,0,3,3,0,3,0,0,0,0,1
303355,UnionMetrics,,3,0,3,3,0,3,0,0,0,0,1
303357,TeachThought,,2,0,2,2,0,2,0,0,0,0,1
303360,EDUCUniverCity,,2,0,2,2,0,2,0,0,0,0,1
303361,ECIUniversities,,2,0,2,2,0,2,0,0,0,0,1
303369,VRHighEducation,,2,0,2,2,0,2,0,0,0,0,1
303370,TwitterMoments,,3,0,3,3,0,3,0,0,0,0,2
303385,JohannaR_Campus,,2,0,2,2,0,2,0,0,0,0,1
303386,alain_beretz,,2,0,2,2,0,2,0,0,0,0,1
303396,EUEB_DE,,3,0,3,3,0,3,0,0,0,0,1
303397,Historiana_EU,,2,0,2,2,0,2,0,0,0,0,1
303410,Baltazar_news,,2,0,2,2,0,2,0,0,0,0,1
303414,GJUniversity,,2,0,2,2,0,2,0,0,0,0,1
303422,HTW_Berlin,,2,0,2,2,0,2,0,0,0,0,1
303424,SonS_D,,2,0,2,2,0,2,0,0,0,0,1
303426,AvHStiftung,,3,0,3,3,0,3,0,0,0,0,1
303428,LeonardCheshire,,2,0,2,2,0,2,0,0,0,0,1
303439,Rijksoverheid,,2,0,2,2,0,2,0,0,0,0,1
303442,EurydiceatNFER,,2,0,2,2,0,2,0,0,0,0,1
303443,NewsNeus,,2,0,2,2,0,2,0,0,0,0,1
303458,GESForum,,2,0,2,2,0,2,0,0,0,0,1
303460,Poliglotti4eu,,3,0,3,3,0,3,0,0,0,0,1
303472,EUstudiesfair,,3,0,3,3,0,3,0,0,0,0,1
303478,nuriozturk_,,2,0,2,2,0,2,0,0,0,0,1
303479,LangTeachersIre,,3,0,3,3,0,3,0,0,0,0,1
303481,CedricKlapisch,,3,0,3,3,0,3,0,0,0,0,1
303484,politicshome,,2,0,2,2,0,2,0,0,0,0,1
303485,CVCEeu,,3,0,3,3,0,3,0,0,0,0,1
303491,ProfBrosig,,2,0,2,2,0,2,0,0,0,0,1
303493,JMFWouters,,2,0,2,2,0,2,0,0,0,0,1
303495,EHF_Activities,,2,0,2,2,0,2,0,0,0,0,1
303496,FIBA,,3,0,3,3,0,3,0,0,0,0,0
303497,FondacijaTempus,,3,0,3,3,0,3,0,0,0,0,1
303498,CEEMET,,2,0,2,2,0,2,0,0,0,0,1
303503,WSJPolitics,,2,0,2,2,0,2,0,0,0,0,1
303506,boredpanda,,2,0,2,2,0,2,0,0,0,0,1
303507,joelgonzaleztkd,,3,0,3,3,0,3,0,0,0,0,5
303528,Sportsister,,2,0,2,2,0,2,0,0,0,0,1
303537,ThisGirlCanUK,,2,0,2,2,0,2,0,0,0,0,1
303543,intstudent,,3,0,3,3,0,3,0,0,0,0,1
303550,NZSorg,,3,0,3,3,0,3,0,0,0,0,1
303552,Graham_IRISC,,2,0,2,2,0,2,0,0,0,0,1
303555,warwickmansell,,2,0,2,2,0,2,0,0,0,0,1
303556,tesfenews,,2,0,2,2,0,2,0,0,0,0,1
303560,alicewoolley1,,2,0,2,2,0,2,0,0,0,0,1
303561,SirKenRobinson,,3,0,3,3,0,3,0,0,0,0,1
303566,ankara_uni,,3,0,3,3,0,3,0,0,0,0,4
303568,mons_culturelle,,2,0,2,2,0,2,0,0,0,0,1
303571,doclisboa,,2,0,2,2,0,2,0,0,0,0,1
303573,OpenEdChallenge,,3,0,3,3,0,3,0,0,0,0,1
303575,ErasmusinTURKE1,,2,0,2,2,0,2,0,0,0,0,1
303576,HappyVoting,,2,0,2,2,0,2,0,0,0,0,1
303577,StreetGames,,2,0,2,2,0,2,0,0,0,0,2
303581,brusselsred,,2,0,2,2,0,2,0,0,0,0,1
303582,gr2014eu,,3,0,3,3,0,3,0,0,0,0,1
303587,Christina_D_S,,2,0,2,2,0,2,0,0,0,0,1
303589,CICIC_CICDI,,2,0,2,2,0,2,0,0,0,0,1
303590,KarinaUfert,,3,0,3,3,0,3,0,0,0,0,1
303593,WorldPolicyConf,,2,0,2,2,0,2,0,0,0,0,1
303598,linkass,,2,0,2,2,0,2,0,0,0,0,1
303603,ERSCharter,,2,0,2,2,0,2,0,0,0,0,1
303606,Generation_1992,,3,0,3,3,0,3,0,0,0,0,7
303607,WeMeanBusiness_,,3,0,3,3,0,3,0,0,0,0,1
303608,ciimaccy,,3,0,3,3,0,3,0,0,0,0,1
303609,CyprusCollege,,2,0,2,2,0,2,0,0,0,0,1
303610,uchipre,,2,0,2,2,0,2,0,0,0,0,1
303618,maitlis,,2,0,2,2,0,2,0,0,0,0,1
303622,afneil,,2,0,2,2,0,2,0,0,0,0,1
303626,BrunoBrussels,,2,0,2,2,0,2,0,0,0,0,1
303627,ReutersJamie,,2,0,2,2,0,2,0,0,0,0,1
303629,pefczucz,,2,0,2,2,0,2,0,0,0,0,2
303633,leedscitycoll,,3,0,3,3,0,3,0,0,0,0,1
303636,ErasmoosSN,,2,0,2,2,0,2,0,0,0,0,6
303637,ISSJP_Bilingue,,2,0,2,2,0,2,0,0,0,0,1
303640,BertVMbxl,,2,0,2,2,0,2,0,0,0,0,1
303642,aiesecworld,,2,0,2,2,0,2,0,0,0,0,1
303653,aiesecZagreb,,2,0,2,2,0,2,0,0,0,0,1
303655,CNIL,,2,0,2,2,0,2,0,0,0,0,1
303656,mdrechsler,,3,0,3,3,0,3,0,0,0,0,1
303657,euonymblog,,2,0,2,2,0,2,0,0,0,0,7
303658,les_euronautes,,3,0,3,3,0,3,0,0,0,0,1
303659,Travail_Gouv,,4,0,4,4,0,4,0,0,0,0,1
303661,RythmesSco,,2,0,2,2,0,2,0,0,0,0,1
303663,AcLille,,2,0,2,2,0,2,0,0,0,0,1
303665,cafebabel_DE,,3,0,3,3,0,3,0,0,0,0,3
303667,LaDocFrancaise,,2,0,2,2,0,2,0,0,0,0,1
303668,viepubliquefr,,2,0,2,2,0,2,0,0,0,0,1
303669,babelbudapest,,2,0,2,2,0,2,0,0,0,0,1
303670,europolitweeter,,2,0,2,2,0,2,0,0,0,0,1
303672,UNEF,,2,0,2,2,0,2,0,0,0,0,2
303673,gcampus,,2,0,2,2,0,2,0,0,0,0,7
303674,budapestinfo,,2,0,2,2,0,2,0,0,0,0,1
303679,GuideToBudapest,,2,0,2,2,0,2,0,0,0,0,1
303680,comcampus,,3,0,3,3,0,3,0,0,0,0,1
303681,acgrenoble,,2,0,2,2,0,2,0,0,0,0,1
303682,cafebabel,,2,0,2,2,0,2,0,0,0,0,1
303683,akoronakis,,3,0,3,3,0,3,0,0,0,0,1
303684,jessicagourdon,,3,0,3,3,0,3,0,0,0,0,3
303686,AIESECQld,,2,0,2,2,0,2,0,0,0,0,1
303687,euprofiler,,2,0,2,2,0,2,0,0,0,0,1
303688,AcademieNice,,2,0,2,2,0,2,0,0,0,0,1
303689,aiesecportugal,,3,0,3,3,0,3,0,0,0,0,3
303690,cafebabellondon,,2,0,2,2,0,2,0,0,0,0,1
303691,acbesancon,,2,0,2,2,0,2,0,0,0,0,1
303692,AcLaReunion,,2,0,2,2,0,2,0,0,0,0,1
303693,AcademieDijon,,2,0,2,2,0,2,0,0,0,0,7
303696,ac_normandie,,2,0,2,2,0,2,0,0,0,0,1
303697,acrennes,,3,0,3,3,0,3,0,0,0,0,1
303698,acnantes,,3,0,3,3,0,3,0,0,0,0,1
303699,AcBordeaux,,2,0,2,2,0,2,0,0,0,0,1
303700,acstrasbourg,,2,0,2,2,0,2,0,0,0,0,1
303701,acpoitiers,,2,0,2,2,0,2,0,0,0,0,1
303702,accorse,,2,0,2,2,0,2,0,0,0,0,1
303704,acguyane,,2,0,2,2,0,2,0,0,0,0,1
303705,Europa451,,3,0,3,3,0,3,0,0,0,0,1
303706,AIESECExchange,,2,0,2,2,0,2,0,0,0,0,1
303707,acmontpellier,,2,0,2,2,0,2,0,0,0,0,1
303708,Usages_TICE,,3,0,3,3,0,3,0,0,0,0,1
303715,expatlive,,2,0,2,2,0,2,0,0,0,0,7
303720,youthmedia_eu,,3,0,3,3,0,3,0,0,0,0,1
303721,Erasmusinfrance,,2,0,2,2,0,2,0,0,0,0,7
303722,cafebabel_FR,,3,0,3,3,0,3,0,0,0,0,1
303724,fiatalforum,,2,0,2,2,0,2,0,0,0,0,1
303725,CRT_RegionSud,,2,0,2,2,0,2,0,0,0,0,1
303726,CCIcotedazur,,2,0,2,2,0,2,0,0,0,0,1
303731,MkM_UE,,3,0,3,3,0,3,0,0,0,0,1
303738,ARRICOD,,2,0,2,2,0,2,0,0,0,0,1
303747,plantu,,2,0,2,2,0,2,0,0,0,0,1
303751,departement13,,2,0,2,2,0,2,0,0,0,0,1
303755,Afpa_Formation,,2,0,2,2,0,2,0,0,0,0,1
303757,DILA_officiel,,3,0,3,3,0,3,0,0,0,0,1
303759,servicepublicfr,,3,0,3,3,0,3,0,0,0,0,8
303765,Inffo_Ressource,,2,0,2,2,0,2,0,0,0,0,1
303769,AfevFrance,,2,0,2,2,0,2,0,0,0,0,8
303770,uniscite,,2,0,2,2,0,2,0,0,0,0,1
303782,mdenaxa,,2,0,2,2,0,2,0,0,0,0,1
303786,ijgrandest,,2,0,2,2,0,2,0,0,0,0,8
303793,demotulsa,,2,0,2,2,0,2,0,0,0,0,1
303794,InstitutIRIS,,3,0,3,3,0,3,0,0,0,0,1
303795,FMIactualites,,2,0,2,2,0,2,0,0,0,0,1
303797,MedCop21,,2,0,2,2,0,2,0,0,0,0,1
303798,UECestpasorcier,,3,0,3,3,0,3,0,0,0,0,1
303800,AFPA_JEUNES,,2,0,2,2,0,2,0,0,0,0,1
303813,UE_au_Maroc,,2,0,2,2,0,2,0,0,0,0,1
303814,UEenVenezuela,,3,0,3,3,0,3,0,0,0,0,1
303815,JanezPotocnik22,,3,0,3,3,0,3,0,0,0,0,1
303816,UEenNicaragua,,2,0,2,2,0,2,0,0,0,0,1
303817,UEenCostaRica,,2,0,2,2,0,2,0,0,0,0,1
303818,TV5MONDEINFO,,3,0,3,3,0,3,0,0,0,0,1
303825,Fondationfrance,,2,0,2,2,0,2,0,0,0,0,1
303827,emorucci,,3,0,3,3,0,3,0,0,0,0,1
303828,AAuteuil,,2,0,2,2,0,2,0,0,0,0,1
303831,droitsdesfemmes,,2,0,2,2,0,2,0,0,0,0,1
303834,mupillet,,2,0,2,2,0,2,0,0,0,0,1
303835,AMazzoli,,2,0,2,2,0,2,0,0,0,0,1
303836,BenoitSapin,,2,0,2,2,0,2,0,0,0,0,1
303837,europatwitt,,2,0,2,2,0,2,0,0,0,0,1
303846,lamarsweb,,2,0,2,2,0,2,0,0,0,0,1
303847,cinemathequefr,,3,0,3,3,0,3,0,0,0,0,1
303848,Inafr_officiel,,2,0,2,2,0,2,0,0,0,0,1
303849,PaulineArmandet,,3,0,3,3,0,3,0,0,0,0,1
303850,AnneHoutman,,3,0,3,3,0,3,0,0,0,0,1
303851,ClaudeOliviri,,2,0,2,2,0,2,0,0,0,0,1
303853,voteetvous,,2,0,2,2,0,2,0,0,0,0,1
303855,infos_jeunes,,2,0,2,2,0,2,0,0,0,0,1
303876,ICepfl,,2,0,2,2,0,2,0,0,0,0,8
303877,EKTgr,,2,0,2,2,0,2,0,0,0,0,8
303895,Genesys,,2,0,2,2,0,2,0,0,0,0,8
303910,ML_NLP,,2,0,2,2,0,2,0,0,0,0,8
303918,terns,,2,0,2,2,0,2,0,0,0,0,8
303919,TwitterU,,2,0,2,2,0,2,0,0,0,0,8
303959,CityofAthens,,2,0,2,2,0,2,0,0,0,0,1
303961,TheOfficialACM,,2,0,2,2,0,2,0,0,0,0,8
303964,MSFTResearch,,2,0,2,2,0,2,0,0,0,0,8
303969,DTIC_UPF,,2,0,2,2,0,2,0,0,0,0,8
303979,UlsterBizSchool,,2,0,2,2,0,2,0,0,0,0,8
303985,JolaPompeu,,2,0,2,2,0,2,0,0,0,0,8
303991,HumanBrainProj,,2,0,2,2,0,2,0,0,0,0,8
304007,FrontPsychol,,2,0,2,2,0,2,0,0,0,0,8
304008,FrontNeurosci,,2,0,2,2,0,2,0,0,0,0,8
304014,ThoughtCatalog,,3,0,3,3,0,3,0,0,0,0,8
304024,Rbloggers,,2,0,2,2,0,2,0,0,0,0,8
304041,AUEB,,3,0,3,3,0,3,0,0,0,0,8
304056,emiliagogu,,2,0,2,2,0,2,0,0,0,0,8
304061,brafmikeius,,2,0,2,2,0,2,0,0,0,0,8
304069,dpanabaker,,2,0,2,2,0,2,0,0,0,0,8
304070,Fact,,2,0,2,2,0,2,0,0,0,0,8
304076,SadSocrates,,2,0,2,2,0,2,0,0,0,0,8
304078,OUPPhilosophy,,2,0,2,2,0,2,0,0,0,0,8
304081,NeinQuarterly,,2,0,2,2,0,2,0,0,0,0,1
304101,UoPeople,,2,0,2,2,0,2,0,0,0,0,8
304107,trutriciahelfer,,2,0,2,2,0,2,0,0,0,0,8
304130,existentialcoms,,2,0,2,2,0,2,0,0,0,0,8
304132,Sebascrudeli,,2,0,2,2,0,2,0,0,0,0,8
304135,TheSchoolOfLife,,2,0,2,2,0,2,0,0,0,0,8
304168,DataCamp,,2,0,2,2,0,2,0,0,0,0,8
304207,FalmouthUni,,2,0,2,2,0,2,0,0,0,0,8
304211,Cheatography,,2,0,2,2,0,2,0,0,0,0,8
304230,GRnetLiveEvents,,2,0,2,2,0,2,0,0,0,0,1
304243,eEpimorfosi,,2,0,2,2,0,2,0,0,0,0,8
304245,uoaofficial,,2,0,2,2,0,2,0,0,0,0,8
304254,NintendoUK,,2,0,2,2,0,2,0,0,0,0,8
304255,xboxuk,,2,0,2,2,0,2,0,0,0,0,8
304266,GearBestES,,2,0,2,2,0,2,0,0,0,0,8
304272,edmodo,,3,0,3,3,0,3,0,0,0,0,8
304281,MonsterEnergyGR,,2,0,2,2,0,2,0,0,0,0,8
304284,isicusa,,2,0,2,2,0,2,0,0,0,0,8
304290,Jetstar_Asia,,2,0,2,2,0,2,0,0,0,0,8
304291,FlyAirNZ,,3,0,3,3,0,3,0,0,0,0,8
304292,JetstarAirways,,3,0,3,3,0,3,0,0,0,0,8
304293,SingaporeAir,,3,0,3,3,0,3,0,0,0,0,8
304307,StanfordOnline,,2,0,2,2,0,2,0,0,0,0,8
304308,paparizouhelena,,2,0,2,2,0,2,0,0,0,0,8
304318,DETOX_EVENTS,,2,0,2,2,0,2,0,0,0,0,1
304319,ejektfest,,2,0,2,2,0,2,0,0,0,0,1
304323,musicultura,,2,0,2,2,0,2,0,0,0,0,3
304328,manu_locci,,2,0,2,2,0,2,0,0,0,0,3
304330,lucatomasicchio,,2,0,2,2,0,2,0,0,0,0,3
304331,silviacatuzzi,,4,0,4,4,0,4,0,0,0,0,3
304333,UniMC,,3,0,3,3,0,3,0,0,0,0,3
304334,UniCamerino,,3,0,3,3,0,3,0,0,0,0,3
304338,AnsaMarche,,3,0,3,3,0,3,0,0,0,0,3
304339,maceratanotizie,,2,0,2,2,0,2,0,0,0,0,3
304340,TgrMarche,,2,0,2,2,0,2,0,0,0,0,3
304341,emmetvmacerata,,2,0,2,2,0,2,0,0,0,0,3
304343,etvmarche,,2,0,2,2,0,2,0,0,0,0,3
304344,TerraMarche,,2,0,2,2,0,2,0,0,0,0,3
304345,igersmarche,,3,0,3,3,0,3,0,0,0,0,3
304346,Andreas_Math,,3,0,3,3,0,3,0,0,0,0,3
304347,JuliaMarcincin,,4,0,4,4,0,4,0,0,0,0,3
304348,Unistudenti,,3,0,3,3,0,3,0,0,0,0,3
304349,ESNViterbo,,2,0,2,2,0,2,0,0,0,0,3
304350,Juanmikun,,3,0,3,3,0,3,0,0,0,0,1
304351,NewYorkerOnline,,3,0,3,3,0,3,0,0,0,0,2
304352,StefaniaCuz,,3,0,3,3,0,3,0,0,0,0,3
304353,CiesseviMilano,,3,0,3,3,0,3,0,0,0,0,3
304354,storie_erasmus,,2,0,2,2,0,2,0,0,0,0,3
304355,ExpoScuola,,3,0,3,3,0,3,0,0,0,0,3
304356,LILTnazionale,,3,0,3,3,0,3,0,0,0,0,3
304361,CecereFrancesco,,3,0,3,3,0,3,0,0,0,0,3
304370,CazandoChollos,,2,0,2,2,0,2,0,0,0,0,6
304375,NormaEditorial,,2,0,2,2,0,2,0,0,0,0,6
304376,Inesmellaman,,2,0,2,2,0,2,0,0,0,0,6
304378,casadellibro,,2,0,2,2,0,2,0,0,0,0,6
304387,ChiriparsaLQF,,2,0,2,2,0,2,0,0,0,0,6
304388,ConoceHP,,2,0,2,2,0,2,0,0,0,0,6
304392,SrTarro,,4,0,4,4,0,4,0,0,0,0,6
304404,NfAlejandra,,2,0,2,2,0,2,0,0,0,0,6
304405,cuentametve,,3,0,3,3,0,3,0,0,0,0,6
304407,GuerrerosMelen,,3,0,3,3,0,3,0,0,0,0,6
304411,emilio_roro,,2,0,2,2,0,2,0,0,0,0,6
304412,Aliciacullar,,2,0,2,2,0,2,0,0,0,0,6
304414,Fran94cp,,2,0,2,2,0,2,0,0,0,0,6
304416,HAPPYFMRADIO,,2,0,2,2,0,2,0,0,0,0,6
304417,bioenfurecido,,2,0,2,2,0,2,0,0,0,0,6
304420,tuteledigital,,2,0,2,2,0,2,0,0,0,0,6
304421,cSMoviesSpain,,2,0,2,2,0,2,0,0,0,0,6
304424,1MelendiFrases,,2,0,2,2,0,2,0,0,0,0,6
304426,Elena_RiveraV,,2,0,2,2,0,2,0,0,0,0,6
304429,Stana_Katic,,2,0,2,2,0,2,0,0,0,0,6
304433,ivanperez_27,,2,0,2,2,0,2,0,0,0,0,6
304435,Fran_JPF,,3,0,3,3,0,3,0,0,0,0,6
304440,kirstyandreseen,,2,0,2,2,0,2,0,0,0,0,6
304444,CuriosaBiologia,,2,0,2,2,0,2,0,0,0,0,6
304450,maartta95,,2,0,2,2,0,2,0,0,0,0,6
304452,saandraaom95,,2,0,2,2,0,2,0,0,0,0,6
304455,Saraa_lg,,2,0,2,2,0,2,0,0,0,0,6
304460,GiuseppeDiBella,,2,0,2,2,0,2,0,0,0,0,6
304464,javiimolinaVi9,,2,0,2,2,0,2,0,0,0,0,6
304467,un_dato,,3,0,3,3,0,3,0,0,0,0,6
304469,isachilindrina,,2,0,2,2,0,2,0,0,0,0,6
304472,saandrii95,,2,0,2,2,0,2,0,0,0,0,6
304475,Almu_mg21,,2,0,2,2,0,2,0,0,0,0,6
304478,lidimarshall,,3,0,3,3,0,3,0,0,0,0,6
304487,olga_f30,,2,0,2,2,0,2,0,0,0,0,6
304489,Salva608,,2,0,2,2,0,2,0,0,0,0,6
304491,rooguerrero94,,2,0,2,2,0,2,0,0,0,0,6
304493,JaviNieves,,3,0,3,3,0,3,0,0,0,0,6
304494,marisol_a_f,,2,0,2,2,0,2,0,0,0,0,6
304495,JuanAntonioMP,,3,0,3,3,0,3,0,0,0,0,6
304497,SaraCr2,,3,0,3,3,0,3,0,0,0,0,6
304499,AlbaMMD,,2,0,2,2,0,2,0,0,0,0,6
304502,Rocio_olmos,,3,0,3,3,0,3,0,0,0,0,6
304503,alhamacom,,2,0,2,2,0,2,0,0,0,0,2
304505,salvasantander,,2,0,2,2,0,2,0,0,0,0,6
304507,AngelTrapi,,2,0,2,2,0,2,0,0,0,0,6
304508,Ana2Luque,,2,0,2,2,0,2,0,0,0,0,6
304510,ElenaRayaM,,2,0,2,2,0,2,0,0,0,0,6
304511,taninavas,,2,0,2,2,0,2,0,0,0,0,6
304512,Marronhormi,,3,0,3,3,0,3,0,0,0,0,6
304514,rosemary2494,,2,0,2,2,0,2,0,0,0,0,6
304516,idiomasalicante,,3,0,3,3,0,3,0,0,0,0,1
304524,demturkish,,2,0,2,2,0,2,0,0,0,0,1
304527,Britannia_se,,2,0,2,2,0,2,0,0,0,0,4
304530,FYconsultant,,2,0,2,2,0,2,0,0,0,0,1
304536,adhoclanguage,,2,0,2,2,0,2,0,0,0,0,1
304544,languagesdirect,,3,0,3,3,0,3,0,0,0,0,1
304559,EOILlanes,,2,0,2,2,0,2,0,0,0,0,1
304562,nataliaferviu,,3,0,3,3,0,3,0,0,0,0,0
304565,EOIMonzon,,2,0,2,2,0,2,0,0,0,0,1
304566,apeoiasturias,,2,0,2,2,0,2,0,0,0,0,1
304573,AAupairMeeting,,2,0,2,2,0,2,0,0,0,0,1
304576,EOITudela,,2,0,2,2,0,2,0,0,0,0,1
304580,ELgo_es,,2,0,2,2,0,2,0,0,0,0,4
304587,smoll73,,2,0,2,2,0,2,0,0,0,0,1
304593,EXITO_OPOSITOR,,2,0,2,2,0,2,0,0,0,0,1
304608,WorldofLanguage,,3,0,3,3,0,3,0,0,0,0,2
304609,IH_Porto,,2,0,2,2,0,2,0,0,0,0,1
304613,RafaelGaresse,,2,0,2,2,0,2,0,0,0,0,1
304623,jmorenorivero,,2,0,2,2,0,2,0,0,0,0,1
304632,_mariamgd,,2,0,2,2,0,2,0,0,0,0,6
304641,kierandonaghy,,2,0,2,2,0,2,0,0,0,0,1
304648,langtrainers,,2,0,2,2,0,2,0,0,0,0,6
304669,PfS_website,,3,0,3,3,0,3,0,0,0,0,4
304675,iTEP_exam,,3,0,3,3,0,3,0,0,0,0,2
304704,sevillaidiomas,,2,0,2,2,0,2,0,0,0,0,1
304705,mosalingua,,3,0,3,3,0,3,0,0,0,0,1
304711,Intrepidenglish,,2,0,2,2,0,2,0,0,0,0,1
304728,ImDavidWaddell,,2,0,2,2,0,2,0,0,0,0,5
304730,comeinbookshop,,2,0,2,2,0,2,0,0,0,0,1
304739,jfcanovas,,2,0,2,2,0,2,0,0,0,0,1
304752,Huhcorporate,,3,0,3,3,0,3,0,0,0,0,1
304764,leVocab,,3,0,3,3,0,3,0,0,0,0,1
304775,aierim_gb,,2,0,2,2,0,2,0,0,0,0,1
304778,Sprachreiseinfo,,2,0,2,2,0,2,0,0,0,0,1
304784,PraskiBookNews,,2,0,2,2,0,2,0,0,0,0,2
304788,CrisProfeEOI,,2,0,2,2,0,2,0,0,0,0,1
304789,SchoolOfSpanis2,,2,0,2,2,0,2,0,0,0,0,1
304790,UminekoKaki,,3,0,3,3,0,3,0,0,0,0,1
304793,babla,,3,0,3,3,0,3,0,0,0,0,1
304798,EOIVALDEMORO,,2,0,2,2,0,2,0,0,0,0,1
304818,EOIEmbajadores,,2,0,2,2,0,2,0,0,0,0,1
304820,interactiveeng,,2,0,2,2,0,2,0,0,0,0,1
304827,IEDAIdiomas,,3,0,3,3,0,3,0,0,0,0,1
304832,alicia_cere,,2,0,2,2,0,2,0,0,0,0,5
304835,EOI_RIVAS,,2,0,2,2,0,2,0,0,0,0,1
304839,IdiomasGratis1,,2,0,2,2,0,2,0,0,0,0,1
304850,BelenmMontero,,2,0,2,2,0,2,0,0,0,0,1
304855,eoialcala,,2,0,2,2,0,2,0,0,0,0,1
304856,EOIELX,,2,0,2,2,0,2,0,0,0,0,1
304859,idiomes_upf,,2,0,2,2,0,2,0,0,0,0,1
304861,martaferdel1,,2,0,2,2,0,2,0,0,0,0,1
304863,uabidiomesbcn,,2,0,2,2,0,2,0,0,0,0,1
304868,EOIOrihuela,,2,0,2,2,0,2,0,0,0,0,1
304881,lyricstraining,,2,0,2,2,0,2,0,0,0,0,1
304882,pixabay,,3,0,3,3,0,3,0,0,0,0,4
304902,madi_uc3m,,2,0,2,2,0,2,0,0,0,0,1
304911,eoi_leon,,2,0,2,2,0,2,0,0,0,0,1
304912,EoiViveiro,,2,0,2,2,0,2,0,0,0,0,1
304916,rociolpuyol,,3,0,3,3,0,3,0,0,0,0,1
304925,qualitycourses,,2,0,2,2,0,2,0,0,0,0,1
304927,GlobalLink_ES,,2,0,2,2,0,2,0,0,0,0,1
304928,ResultsCabra,,2,0,2,2,0,2,0,0,0,0,1
304930,amigosingleses,,2,0,2,2,0,2,0,0,0,0,1
304934,neverlate2learn,,2,0,2,2,0,2,0,0,0,0,1
304936,TEH_Learning,,2,0,2,2,0,2,0,0,0,0,1
304937,BrendanDMRyan,,2,0,2,2,0,2,0,0,0,0,1
304961,Drew_Surman,,2,0,2,2,0,2,0,0,0,0,6
304969,ginsenglish,,3,0,3,3,0,3,0,0,0,0,1
304970,EnglishSmarts,,2,0,2,2,0,2,0,0,0,0,5
304971,EnglishBug7,,2,0,2,2,0,2,0,0,0,0,6
304972,Inglesatope,,2,0,2,2,0,2,0,0,0,0,5
304984,victoriavargast,,3,0,3,3,0,3,0,0,0,0,1
304999,EoiPlasencia,,2,0,2,2,0,2,0,0,0,0,1
305007,losdel592,,2,0,2,2,0,2,0,0,0,0,1
305008,uTandem,,4,0,4,4,0,4,0,0,0,0,3
305010,EOIMiranda,,2,0,2,2,0,2,0,0,0,0,1
305011,eoivillacarrill,,2,0,2,2,0,2,0,0,0,0,1
305012,eoilucena,,2,0,2,2,0,2,0,0,0,0,1
305013,EOIBarbastro,,2,0,2,2,0,2,0,0,0,0,1
305023,usariasg,,2,0,2,2,0,2,0,0,0,0,6
305027,EOIPRADODEALARC,,2,0,2,2,0,2,0,0,0,0,1
305029,EOI_Malaga,,2,0,2,2,0,2,0,0,0,0,1
305030,eoideparla,,2,0,2,2,0,2,0,0,0,0,1
305044,eoitalavera,,2,0,2,2,0,2,0,0,0,0,1
305053,aaeoisanroque,,2,0,2,2,0,2,0,0,0,0,1
305059,EOI_Montoro,,2,0,2,2,0,2,0,0,0,0,1
305062,EoiSagunt,,2,0,2,2,0,2,0,0,0,0,1
305063,joeplanas,,2,0,2,2,0,2,0,0,0,0,1
305064,eoitgn,,2,0,2,2,0,2,0,0,0,0,1
305065,eoiaxarquia,,2,0,2,2,0,2,0,0,0,0,1
305069,eoilogro,,2,0,2,2,0,2,0,0,0,0,1
305071,rc_yolanda,,2,0,2,2,0,2,0,0,0,0,1
305072,BibliotecaEOI3,,2,0,2,2,0,2,0,0,0,0,1
305073,Cam_EOIGirona,,2,0,2,2,0,2,0,0,0,0,1
305074,eoipozuelo,,2,0,2,2,0,2,0,0,0,0,1
305075,EOITorrevieja,,2,0,2,2,0,2,0,0,0,0,1
305076,EOIOviedoEurope,,2,0,2,2,0,2,0,0,0,0,1
305077,APEOIGA,,2,0,2,2,0,2,0,0,0,0,1
305079,EOIMurciacentro,,2,0,2,2,0,2,0,0,0,0,1
305080,eoisevilla,,2,0,2,2,0,2,0,0,0,0,1
305081,EOILorca,,2,0,2,2,0,2,0,0,0,0,1
305083,EOIMarbella,,2,0,2,2,0,2,0,0,0,0,1
305084,EOI_Langreo,,2,0,2,2,0,2,0,0,0,0,1
305085,EOI_AVILA,,2,0,2,2,0,2,0,0,0,0,1
305086,eoialbacete,,2,0,2,2,0,2,0,0,0,0,1
305087,Eoisoria,,2,0,2,2,0,2,0,0,0,0,1
305089,EOIAlmeria,,2,0,2,2,0,2,0,0,0,0,1
305090,eoitoledo,,2,0,2,2,0,2,0,0,0,0,1
305091,eoidemieres,,2,0,2,2,0,2,0,0,0,0,1
305093,EOIjesusmaestro,,2,0,2,2,0,2,0,0,0,0,1
305095,EOIPIHEO,,2,0,2,2,0,2,0,0,0,0,1
305097,eoigirona,,2,0,2,2,0,2,0,0,0,0,1
305098,EOI_Leganes,,2,0,2,2,0,2,0,0,0,0,1
305099,eoidelugo,,2,0,2,2,0,2,0,0,0,0,1
305100,EOIsanse,,2,0,2,2,0,2,0,0,0,0,1
305101,alcalaidiomas,,2,0,2,2,0,2,0,0,0,0,1
305104,eoimanresa,,2,0,2,2,0,2,0,0,0,0,1
305107,Aprendeingles90,,3,0,3,3,0,3,0,0,0,0,6
305110,englishandgo,,2,0,2,2,0,2,0,0,0,0,1
305117,eoi_alumnos,,2,0,2,2,0,2,0,0,0,0,1
305118,eoialcorcon,,2,0,2,2,0,2,0,0,0,0,1
305119,EOIMOSTOLES,,2,0,2,2,0,2,0,0,0,0,1
305121,EoiValladolid,,2,0,2,2,0,2,0,0,0,0,1
305122,InfoEOI,,2,0,2,2,0,2,0,0,0,0,1
305123,eoisantiago,,2,0,2,2,0,2,0,0,0,0,1
305125,hablaidiomaseoi,,2,0,2,2,0,2,0,0,0,0,1
305126,bibrioja,,2,0,2,2,0,2,0,0,0,0,1
305129,BNChile,,2,0,2,2,0,2,0,0,0,0,1
305132,BibRosalia,,2,0,2,2,0,2,0,0,0,0,1
305149,Crown_English,,3,0,3,3,0,3,0,0,0,0,2
305155,EnglishJobSpain,,2,0,2,2,0,2,0,0,0,0,1
305160,teachenglish_,,2,0,2,2,0,2,0,0,0,0,1
305193,UsableEnglish,,2,0,2,2,0,2,0,0,0,0,1
305218,audiolingo,,2,0,2,2,0,2,0,0,0,0,1
305234,EnglishExpYes,,2,0,2,2,0,2,0,0,0,0,1
305236,Ftips_Resources,,2,0,2,2,0,2,0,0,0,0,1
305250,PearsonEnglish,,2,0,2,2,0,2,0,0,0,0,1
305254,PhrasalVerbsYES,,2,0,2,2,0,2,0,0,0,0,6
305258,TeesArab,,2,0,2,2,0,2,0,0,0,0,1
305266,MusicaliaBodas,,2,0,2,2,0,2,0,0,0,0,1
305289,ag_lopezherrera,,2,0,2,2,0,2,0,0,0,0,1
305303,FLMadrid,,3,0,3,3,0,3,0,0,0,0,4
305310,ilearnenglish,,3,0,3,3,0,3,0,0,0,0,1
305317,AskPaulESL,,2,0,2,2,0,2,0,0,0,0,1
305319,thinkingenglish,,2,0,2,2,0,2,0,0,0,0,1
305321,English_Courses,,2,0,2,2,0,2,0,0,0,0,1
305342,theenglishtower,,2,0,2,2,0,2,0,0,0,0,1
305343,alendinez234,,2,0,2,2,0,2,0,0,0,0,6
305346,Rrppsalamamboja,,2,0,2,2,0,2,0,0,0,0,5
305347,rocio_mtc,,3,0,3,3,0,3,0,0,0,0,1
305349,paymaespectacul,,2,0,2,2,0,2,0,0,0,0,1
305350,DTJuanCortes,,2,0,2,2,0,2,0,0,0,0,1
305351,corkenglish,,2,0,2,2,0,2,0,0,0,0,1
305353,senior_equiis,,2,0,2,2,0,2,0,0,0,0,1
305354,SevillaMeetup,,3,0,3,3,0,3,0,0,0,0,4
305371,iCityJaen,,2,0,2,2,0,2,0,0,0,0,1
305374,IdiomesBalears,,2,0,2,2,0,2,0,0,0,0,1
305375,JaenIdiomas,,2,0,2,2,0,2,0,0,0,0,1
305376,OrtografiaTuits,,4,0,4,4,0,4,0,0,0,0,2
305378,eltallerdelbit,,3,0,3,3,0,3,0,0,0,0,1
305389,unidadeditorial,,2,0,2,2,0,2,0,0,0,0,1
305395,onestopenglish,,2,0,2,2,0,2,0,0,0,0,1
305396,english_idioms,,3,0,3,3,0,3,0,0,0,0,5
305397,Funny__English,,3,0,3,3,0,3,0,0,0,0,1
305516,eseibarcelona,,2,0,2,2,0,2,0,0,0,0,1
305591,InglesNavarra,,2,0,2,2,0,2,0,0,0,0,1
305594,twetterEIP,,2,0,2,2,0,2,0,0,0,0,4
305596,Regenbig,,2,0,2,2,0,2,0,0,0,0,4
305601,ACADEMIAEURODOM,,2,0,2,2,0,2,0,0,0,0,1
305605,acadparaninfo,,2,0,2,2,0,2,0,0,0,0,4
305610,AcademiaIdomas,,2,0,2,2,0,2,0,0,0,0,1
305611,Utfv_A_idiomas,,2,0,2,2,0,2,0,0,0,0,1
305612,academiaidiomas,,2,0,2,2,0,2,0,0,0,0,1
305616,TrevorDriscoll2,,2,0,2,2,0,2,0,0,0,0,1
305617,EssexSchool,,3,0,3,3,0,3,0,0,0,0,1
305618,dalejandro_rm,,2,0,2,2,0,2,0,0,0,0,1
305620,languages_cl,,2,0,2,2,0,2,0,0,0,0,1
305621,ClasesDeIdiomas,,3,0,3,3,0,3,0,0,0,0,1
305622,Que_leer,,2,0,2,2,0,2,0,0,0,0,0
305623,DiadeValladolid,,3,0,3,3,0,3,0,0,0,0,1
305629,Ruben_s_r,,3,0,3,3,0,3,0,0,0,0,6
305630,rafafergra,,3,0,3,3,0,3,0,0,0,0,6
305633,3Migue_,,2,0,2,2,0,2,0,0,0,0,6
305635,RAUL_TERESO,,2,0,2,2,0,2,0,0,0,0,6
305637,javiermcanavate,,2,0,2,2,0,2,0,0,0,0,6
305640,696914,,2,0,2,2,0,2,0,0,0,0,6
305642,mruizalba,,2,0,2,2,0,2,0,0,0,0,6
305643,kristiniya_2,,2,0,2,2,0,2,0,0,0,0,6
305652,CHHIMMII,,2,0,2,2,0,2,0,0,0,0,6
305654,sergiopochologa,,2,0,2,2,0,2,0,0,0,0,6
305655,ppogijares,,2,0,2,2,0,2,0,0,0,0,6
305664,podemosAtarfe,,2,0,2,2,0,2,0,0,0,0,6
305674,Fiesta_Grana,,3,0,3,3,0,3,0,0,0,0,6
305678,EstudioLFmotril,,2,0,2,2,0,2,0,0,0,0,6
305680,AlbertoLancha,,2,0,2,2,0,2,0,0,0,0,6
305683,lanuriki,,2,0,2,2,0,2,0,0,0,0,6
305688,esmolinar,,2,0,2,2,0,2,0,0,0,0,6
305689,miguelsrico,,3,0,3,3,0,3,0,0,0,0,6
305690,PACOGABIRRO,,2,0,2,2,0,2,0,0,0,0,6
305711,VoyVolandoGabia,,2,0,2,2,0,2,0,0,0,0,6
305717,rociolasgabias,,2,0,2,2,0,2,0,0,0,0,6
305722,escuelaMDG,,2,0,2,2,0,2,0,0,0,0,6
305724,EduArtGranada,,3,0,3,3,0,3,0,0,0,0,6
305725,GoToGranada,,3,0,3,3,0,3,0,0,0,0,6
305726,DjLukesGranada,,4,0,4,4,0,4,0,0,0,0,6
305727,HunterGranada,,3,0,3,3,0,3,0,0,0,0,0
305728,NazariesGranada,,3,0,3,3,0,3,0,0,0,0,6
305729,nnggsantafe,,2,0,2,2,0,2,0,0,0,0,6
305730,RocioSemar,,3,0,3,3,0,3,0,0,0,0,6
305731,RecupeilusionGR,,3,0,3,3,0,3,0,0,0,0,6
305734,adolfobertos,,2,0,2,2,0,2,0,0,0,0,6
305736,miriamrafer,,2,0,2,2,0,2,0,0,0,0,6
305737,LauraL_91,,2,0,2,2,0,2,0,0,0,0,6
305741,Ceci_crv,,2,0,2,2,0,2,0,0,0,0,6
305752,CristianChicaJ,,3,0,3,3,0,3,0,0,0,0,0
305756,CarazoGonzalo,,2,0,2,2,0,2,0,0,0,0,6
305759,Marvegasgenil,,2,0,2,2,0,2,0,0,0,0,6
305765,Bea_bsc,,3,0,3,3,0,3,0,0,0,0,6
305786,Suni_Sanchez,,2,0,2,2,0,2,0,0,0,0,6
305790,InmaSnchezBerto,,2,0,2,2,0,2,0,0,0,0,6
305793,alschwarzmann,,2,0,2,2,0,2,0,0,0,0,6
305794,sgarnica16,,2,0,2,2,0,2,0,0,0,0,6
305803,SanchezAnita,,3,0,3,3,0,3,0,0,0,0,6
305808,ClauSannez,,2,0,2,2,0,2,0,0,0,0,6
305809,adelarubiya4,,3,0,3,3,0,3,0,0,0,0,6
305810,manuarz1995,,2,0,2,2,0,2,0,0,0,0,6
305812,frank_vex,,3,0,3,3,0,3,0,0,0,0,5
305814,tabportal,,2,0,2,2,0,2,0,0,0,0,5
305819,Nuria85rr,,2,0,2,2,0,2,0,0,0,0,6
305828,LauraGarJim,,2,0,2,2,0,2,0,0,0,0,6
305833,CristiGonzalez9,,2,0,2,2,0,2,0,0,0,0,5
305835,rocio_carmona_f,,2,0,2,2,0,2,0,0,0,0,6
305837,Maria17rr,,3,0,3,3,0,3,0,0,0,0,6
305840,Zorypr88,,2,0,2,2,0,2,0,0,0,0,6
305845,MiriamJuarezS,,3,0,3,3,0,3,0,0,0,0,6
305847,isabel5966,,3,0,3,3,0,3,0,0,0,0,6
305849,DanielGabaldon,,2,0,2,2,0,2,0,0,0,0,6
305850,CSDesi,,3,0,3,3,0,3,0,0,0,0,0
305859,jo_ma_sa_mo,,2,0,2,2,0,2,0,0,0,0,6
305866,ErBory,,2,0,2,2,0,2,0,0,0,0,6
305874,LGBSescuelaseg,,2,0,2,2,0,2,0,0,0,0,6
305875,papaenlasgabias,,2,0,2,2,0,2,0,0,0,0,6
305879,JoseBuendia,,2,0,2,2,0,2,0,0,0,0,6
305888,PassionChillout,,2,0,2,2,0,2,0,0,0,0,6
305890,terrazasima,,3,0,3,3,0,3,0,0,0,0,6
305891,leticiilla,,3,0,3,3,0,3,0,0,0,0,6
305893,miviajedefindec,,2,0,2,2,0,2,0,0,0,0,6
305894,AguadoAnahi,,2,0,2,2,0,2,0,0,0,0,6
305895,realidad001,,3,0,3,3,0,3,0,0,0,0,0
305900,granadaviva1,,3,0,3,3,0,3,0,0,0,0,0
305901,FestivalMusica4,,2,0,2,2,0,2,0,0,0,0,6
305905,beabtc,,2,0,2,2,0,2,0,0,0,0,6
305906,Kmygarc,,2,0,2,2,0,2,0,0,0,0,6
305911,ppalhendin,,2,0,2,2,0,2,0,0,0,0,6
305926,CEARtirolimpico,,3,0,3,3,0,3,0,0,0,0,6
305933,Belenalpe,,2,0,2,2,0,2,0,0,0,0,6
305937,choricilla21,,2,0,2,2,0,2,0,0,0,0,6
305950,logluci,,2,0,2,2,0,2,0,0,0,0,6
305966,sonia_qg,,2,0,2,2,0,2,0,0,0,0,6
305979,JLCaballero_,,3,0,3,3,0,3,0,0,0,0,2
305987,dandyxaqueta,,3,0,3,3,0,3,0,0,0,0,6
306005,Jaenenpositivo,,3,0,3,3,0,3,0,0,0,0,6
306011,ibesco_social,,2,0,2,2,0,2,0,0,0,0,6
306012,CursoLastMinute,,2,0,2,2,0,2,0,0,0,0,6
306014,Ana__Collado,,2,0,2,2,0,2,0,0,0,0,6
306015,espabilaaa,,2,0,2,2,0,2,0,0,0,0,6
306016,albrold91,,2,0,2,2,0,2,0,0,0,0,6
306023,ADSierraSurJaen,,2,0,2,2,0,2,0,0,0,0,6
306025,castillera88,,2,0,2,2,0,2,0,0,0,0,6
306027,FatimaPeinadoM,,2,0,2,2,0,2,0,0,0,0,6
306029,AdoriMolinaColl,,2,0,2,2,0,2,0,0,0,0,0
306036,Language4you,,3,0,3,3,0,3,0,0,0,0,6
306041,CICODEMelilla,,3,0,3,3,0,3,0,0,0,0,6
306043,LorenaRguez,,2,0,2,2,0,2,0,0,0,0,6
306075,LaMafiaMalaga,,2,0,2,2,0,2,0,0,0,0,6
306095,Rafalitter_II,,2,0,2,2,0,2,0,0,0,0,6
306101,Anaaccastillo,,2,0,2,2,0,2,0,0,0,0,6
306121,RoContreras_,,2,0,2,2,0,2,0,0,0,0,6
306122,UJAShare,,3,0,3,3,0,3,0,0,0,0,6
306123,miriadax,,3,0,3,3,0,3,0,0,0,0,6
306124,JovenesFuturo,,2,0,2,2,0,2,0,0,0,0,6
306128,enrollate,,3,0,3,3,0,3,0,0,0,0,6
306135,rrmoy,,2,0,2,2,0,2,0,0,0,0,6
306139,Tri16CC,,2,0,2,2,0,2,0,0,0,0,6
306142,RrKoke,,2,0,2,2,0,2,0,0,0,0,0
306149,lagarto_jaen,,2,0,2,2,0,2,0,0,0,0,6
306159,NandoNavarro7,,3,0,3,3,0,3,0,0,0,0,6
306179,luismivicente,,2,0,2,2,0,2,0,0,0,0,1
306181,XtinaAleja,,2,0,2,2,0,2,0,0,0,0,1
306207,Matarromera,,2,0,2,2,0,2,0,0,0,0,1
306208,oferton_es,,2,0,2,2,0,2,0,0,0,0,1
306209,ElectrOfertitas,,2,0,2,2,0,2,0,0,0,0,1
306220,andysetrok,,2,0,2,2,0,2,0,0,0,0,1
306226,BlkSails_STARZ,,2,0,2,2,0,2,0,0,0,0,1
306253,Pedromsantos75,,2,0,2,2,0,2,0,0,0,0,1
306273,martibueno,,2,0,2,2,0,2,0,0,0,0,0
306277,Mundo_Viaje,,2,0,2,2,0,2,0,0,0,0,0
306278,ViajesNG,,3,0,3,3,0,3,0,0,0,0,0
306283,FeelTheCityT,,3,0,3,3,0,3,0,0,0,0,0
306284,salvagamarra,,2,0,2,2,0,2,0,0,0,0,0
306285,PacoRuizMolina,,3,0,3,3,0,3,0,0,0,0,0
306290,hotelscomhelp,,3,0,3,3,0,3,0,0,0,0,0
306292,jiugortega,,2,0,2,2,0,2,0,0,0,0,0
306294,fontecruzhotels,,3,0,3,3,0,3,0,0,0,0,0
306326,PublicStores,,3,0,3,3,0,3,0,0,0,0,1
306328,eudoxusgr,,2,0,2,2,0,2,0,0,0,0,1
306329,ProcterGamble,,3,0,3,3,0,3,0,0,0,0,2
306337,claireholt,,3,0,3,3,0,3,0,0,0,0,2
306338,KatGraham,,3,0,3,3,0,3,0,0,0,0,2
306339,vampirediaries,,2,0,2,2,0,2,0,0,0,0,2
306340,ElArvanitakiOff,,2,0,2,2,0,2,0,0,0,0,2
306349,LauraNarjes,,2,0,2,2,0,2,0,0,0,0,2
306350,AmericanHybrid_,,2,0,2,2,0,2,0,0,0,0,2
306351,zach_roerig,,2,0,2,2,0,2,0,0,0,0,2
306352,stathisdrogosis,,2,0,2,2,0,2,0,0,0,0,1
306354,maraveyas,,2,0,2,2,0,2,0,0,0,0,1
306358,JennyTheona,,2,0,2,2,0,2,0,0,0,0,2
306360,mariettafafouti,,2,0,2,2,0,2,0,0,0,0,1
306361,OtherView_,,2,0,2,2,0,2,0,0,0,0,2
306362,TatiStefanidou,,2,0,2,2,0,2,0,0,0,0,2
306363,XFerentinos,,2,0,2,2,0,2,0,0,0,0,2
306364,AthinaOik,,2,0,2,2,0,2,0,0,0,0,2
306365,spirossoulis,,2,0,2,2,0,2,0,0,0,0,2
306367,loukasyorkas,,2,0,2,2,0,2,0,0,0,0,2
306368,alexkatsaiti,,2,0,2,2,0,2,0,0,0,0,2
306369,IsaiasMatiaba,,2,0,2,2,0,2,0,0,0,0,2
306370,STAN_Official,,2,0,2,2,0,2,0,0,0,0,2
306371,evanescence,,3,0,3,3,0,3,0,0,0,0,2
306377,ArgirisAggelou,,2,0,2,2,0,2,0,0,0,0,2
306378,Penelope_A,,2,0,2,2,0,2,0,0,0,0,2
306381,skaigr,,2,0,2,2,0,2,0,0,0,0,2
306382,NikosVourliotis,,2,0,2,2,0,2,0,0,0,0,2
306383,mairiboo,,2,0,2,2,0,2,0,0,0,0,2
306384,ItsKalomira,,2,0,2,2,0,2,0,0,0,0,2
306385,ManolidouE,,2,0,2,2,0,2,0,0,0,0,2
306387,mariabacodimou,,2,0,2,2,0,2,0,0,0,0,2
306388,NonoraM,,2,0,2,2,0,2,0,0,0,0,2
306391,lydiadinner,,2,0,2,2,0,2,0,0,0,0,2
306392,VickyKaya_,,2,0,2,2,0,2,0,0,0,0,2
306393,fayskorda,,2,0,2,2,0,2,0,0,0,0,2
306396,alexkavdas,,2,0,2,2,0,2,0,0,0,0,2
306397,ProSinnerz,,2,0,2,2,0,2,0,0,0,0,2
306400,ZETA_DOUKA,,2,0,2,2,0,2,0,0,0,0,2
306401,SerFotis,,2,0,2,2,0,2,0,0,0,0,2
306402,adalivitsanou,,2,0,2,2,0,2,0,0,0,0,2
306403,MyronasStratis,,2,0,2,2,0,2,0,0,0,0,2
306404,Tsalikisgiorgos,,2,0,2,2,0,2,0,0,0,0,2
306405,katerinazarifi,,2,0,2,2,0,2,0,0,0,0,2
306406,kpapoutsaki,,2,0,2,2,0,2,0,0,0,0,2
306408,sakisrouvas,,2,0,2,2,0,2,0,0,0,0,2
306409,SissyChristidou,,2,0,2,2,0,2,0,0,0,0,2
306410,Onirama_band,,2,0,2,2,0,2,0,0,0,0,2
306411,nataliagermanou,,2,0,2,2,0,2,0,0,0,0,2
306412,ElliKokkinou,,2,0,2,2,0,2,0,0,0,0,2
306429,ipca,,2,0,2,2,0,2,0,0,0,0,1
306432,lourencomedeiro,,3,0,3,3,0,3,0,0,0,0,1
306433,granadayalmeria,,2,0,2,2,0,2,0,0,0,0,6
306438,larazondepensar,,2,0,2,2,0,2,0,0,0,0,6
306448,28sep87,,3,0,3,3,0,3,0,0,0,0,6
306449,Alba_JimenezG,,2,0,2,2,0,2,0,0,0,0,6
306451,miriamsuarez3,,2,0,2,2,0,2,0,0,0,0,6
306455,adhhjjkkk,,2,0,2,2,0,2,0,0,0,0,6
306456,evocado3,,2,0,2,2,0,2,0,0,0,0,6
306461,agenciaocio,,3,0,3,3,0,3,0,0,0,0,6
306467,Drmole,,3,0,3,3,0,3,0,0,0,0,6
306468,ventiladormusic,,2,0,2,2,0,2,0,0,0,0,6
306471,sandiadoe,,2,0,2,2,0,2,0,0,0,0,6
306475,Ap82Raquel,,2,0,2,2,0,2,0,0,0,0,6
306487,eliruizcasado,,2,0,2,2,0,2,0,0,0,0,6
306510,154BEL,,2,0,2,2,0,2,0,0,0,0,6
306523,artifices2,,2,0,2,2,0,2,0,0,0,0,6
306541,OhqueFoto,,2,0,2,2,0,2,0,0,0,0,6
306546,Fran5Olmo,,2,0,2,2,0,2,0,0,0,0,6
306548,Antogali76,,2,0,2,2,0,2,0,0,0,0,6
306550,EsperanzaFG,,2,0,2,2,0,2,0,0,0,0,6
306554,MrPlaneador,,2,0,2,2,0,2,0,0,0,0,6
306558,crsamblas,,2,0,2,2,0,2,0,0,0,0,6
306559,melontajaenmano,,2,0,2,2,0,2,0,0,0,0,6
306567,So_Sol_,,2,0,2,2,0,2,0,0,0,0,6
306572,IwanDonka,,2,0,2,2,0,2,0,0,0,0,6
306585,s_tre_lla,,2,0,2,2,0,2,0,0,0,0,6
306591,Farfaan,,2,0,2,2,0,2,0,0,0,0,6
306599,jess_pozo,,2,0,2,2,0,2,0,0,0,0,6
306602,HotelLosNogales,,2,0,2,2,0,2,0,0,0,0,6
306609,monkeydoo_es,,2,0,2,2,0,2,0,0,0,0,6
306627,MJesus_lopez,,2,0,2,2,0,2,0,0,0,0,6
306633,RedMadreUni,,2,0,2,2,0,2,0,0,0,0,6
306634,anguita_beatriz,,3,0,3,3,0,3,0,0,0,0,6
306635,roxbox80,,3,0,3,3,0,3,0,0,0,0,6
306636,Ro_fes,,2,0,2,2,0,2,0,0,0,0,6
306638,jignaciosm,,3,0,3,3,0,3,0,0,0,0,6
306640,frutamerca,,2,0,2,2,0,2,0,0,0,0,6
306664,LittleRockGZ,,2,0,2,2,0,2,0,0,0,0,6
306668,TICEducaUGR,,3,0,3,3,0,3,0,0,0,0,6
306673,urbanroosters,,2,0,2,2,0,2,0,0,0,0,0
306676,NutricionconQ,,3,0,3,3,0,3,0,0,0,0,0
306684,capricornio_hn,,2,0,2,2,0,2,0,0,0,0,0
306689,DieteticaSin,,2,0,2,2,0,2,0,0,0,0,0
306694,virginut,,2,0,2,2,0,2,0,0,0,0,0
306696,aedninforma,,2,0,2,2,0,2,0,0,0,0,0
306697,ndp_salud,,3,0,3,3,0,3,0,0,0,0,0
306702,ParamountNetESP,,3,0,3,3,0,3,0,0,0,0,0
306704,EHFEURO,,2,0,2,2,0,2,0,0,0,0,0
306707,Macarena__90,,2,0,2,2,0,2,0,0,0,0,0
306712,PostureoAlmeria,,3,0,3,3,0,3,0,0,0,0,0
306714,AlmeriaEsDistin,,2,0,2,2,0,2,0,0,0,0,0
306719,Pikachumaniaco,,2,0,2,2,0,2,0,0,0,0,0
306720,NutritionDNS,,2,0,2,2,0,2,0,0,0,0,0
306726,marinaag10,,3,0,3,3,0,3,0,0,0,0,0
306727,belencandau8,,2,0,2,2,0,2,0,0,0,0,0
306732,mabel_porras,,2,0,2,2,0,2,0,0,0,0,0
306737,Lacorat,,2,0,2,2,0,2,0,0,0,0,0
306738,juanhafner,,2,0,2,2,0,2,0,0,0,0,0
306746,SrtaFelipe,,2,0,2,2,0,2,0,0,0,0,0
306753,nacex_,,2,0,2,2,0,2,0,0,0,0,4
306754,mrw_es,,2,0,2,2,0,2,0,0,0,0,4
306755,Quotes_Wilde,,2,0,2,2,0,2,0,0,0,0,5
306756,zohraidaG,,2,0,2,2,0,2,0,0,0,0,5
306757,SEUR,,2,0,2,2,0,2,0,0,0,0,0
306761,SevillaFaB,,2,0,2,2,0,2,0,0,0,0,5
306762,fisioterapiaUGR,,2,0,2,2,0,2,0,0,0,0,5
306764,VaqueroEH,,3,0,3,3,0,3,0,0,0,0,5
306765,cris_villanueva,,2,0,2,2,0,2,0,0,0,0,5
306766,_InakiLopez_,,3,0,3,3,0,3,0,0,0,0,5
306771,siricomemelos,,2,0,2,2,0,2,0,0,0,0,5
306773,EURO2020FR,,3,0,3,3,0,3,0,0,0,0,7
306775,fernandopriego,,2,0,2,2,0,2,0,0,0,0,5
306776,Veronica_DCS,,2,0,2,2,0,2,0,0,0,0,5
306778,lainus86,,2,0,2,2,0,2,0,0,0,0,5
306781,Guardiolato,,2,0,2,2,0,2,0,0,0,0,5
306788,EspoticaiOficia,,2,0,2,2,0,2,0,0,0,0,5
306793,FdzBocanegra,,2,0,2,2,0,2,0,0,0,0,5
306796,rojano_aurora,,2,0,2,2,0,2,0,0,0,0,5
306803,Guaschcope,,3,0,3,3,0,3,0,0,0,0,0
306805,ElultimomonoL6,,3,0,3,3,0,3,0,0,0,0,5
306811,AISSESinergia,,2,0,2,2,0,2,0,0,0,0,5
306812,Juanayaojeda,,2,0,2,2,0,2,0,0,0,0,5
306814,DuendeJosele,,2,0,2,2,0,2,0,0,0,0,5
306819,ElClubComedia,,3,0,3,3,0,3,0,0,0,0,4
306820,DaniRoviraInfo,,3,0,3,3,0,3,0,0,0,0,5
306831,FutbolMediaset,,3,0,3,3,0,3,0,0,0,0,5
306834,cantecademacao,,3,0,3,3,0,3,0,0,0,0,5
306836,DaniRoviraDice,,3,0,3,3,0,3,0,0,0,0,5
306839,pau,,2,0,2,2,0,2,0,0,0,0,5
306840,gemmacamachotv,,3,0,3,3,0,3,0,0,0,0,5
306844,SimpsonTwits,,3,0,3,3,0,3,0,0,0,0,5
306852,Manutrevi,,2,0,2,2,0,2,0,0,0,0,5
306853,VivasMarta,,2,0,2,2,0,2,0,0,0,0,5
306859,raquelortegamo,,2,0,2,2,0,2,0,0,0,0,5
306860,Pablo_rogo,,2,0,2,2,0,2,0,0,0,0,5
306862,Laprimerahora,,2,0,2,2,0,2,0,0,0,0,0
306863,lafmarta,,2,0,2,2,0,2,0,0,0,0,5
306868,ana_rujas,,2,0,2,2,0,2,0,0,0,0,5
306869,debateCS,,2,0,2,2,0,2,0,0,0,0,5
306871,El_Luisma1,,3,0,3,3,0,3,0,0,0,0,5
306873,NTCfans,,2,0,2,2,0,2,0,0,0,0,3
306874,serieToyBoy,,2,0,2,2,0,2,0,0,0,0,5
306875,Saravegaoficial,,2,0,2,2,0,2,0,0,0,0,5
306883,SeHaceSaber_TVE,,2,0,2,2,0,2,0,0,0,0,5
306886,letiarenas,,2,0,2,2,0,2,0,0,0,0,5
306893,ayneia,,3,0,3,3,0,3,0,0,0,0,4
306894,Yomeveocontigo,,2,0,2,2,0,2,0,0,0,0,5
306897,EduRM__,,2,0,2,2,0,2,0,0,0,0,5
306903,tonyreturns,,2,0,2,2,0,2,0,0,0,0,5
306912,EstiloDeVidaEs,,2,0,2,2,0,2,0,0,0,0,5
306913,tabernaglobal,,2,0,2,2,0,2,0,0,0,0,5
306919,JorgeUzo,,2,0,2,2,0,2,0,0,0,0,5
306922,LocutorEC,,3,0,3,3,0,3,0,0,0,0,5
306929,ArrabalChef,,3,0,3,3,0,3,0,0,0,0,0
306930,meresbala,,2,0,2,2,0,2,0,0,0,0,5
306935,333Nestor,,2,0,2,2,0,2,0,0,0,0,5
306937,NegociaCP,,2,0,2,2,0,2,0,0,0,0,5
306941,MiguelVazquez89,,3,0,3,3,0,3,0,0,0,0,5
306942,FPlandia,,2,0,2,2,0,2,0,0,0,0,5
306943,sergiolo93,,3,0,3,3,0,3,0,0,0,0,5
306954,abrelabocaweb,,3,0,3,3,0,3,0,0,0,0,6
306955,fisiose,,3,0,3,3,0,3,0,0,0,0,4
306956,elcuesta7,,2,0,2,2,0,2,0,0,0,0,5
306961,downronda,,2,0,2,2,0,2,0,0,0,0,5
306964,DaniaDebla,,2,0,2,2,0,2,0,0,0,0,5
306965,FisioIres,,2,0,2,2,0,2,0,0,0,0,5
306966,villovi_fisio,,2,0,2,2,0,2,0,0,0,0,4
306967,fisioWin,,2,0,2,2,0,2,0,0,0,0,5
306969,PericoPan,,2,0,2,2,0,2,0,0,0,0,5
306978,RobCruz05,,2,0,2,2,0,2,0,0,0,0,5
306983,FDF_tv,,3,0,3,3,0,3,0,0,0,0,0
306985,Rondaysuencanto,,2,0,2,2,0,2,0,0,0,0,5
306988,raisaaofficial,,2,0,2,2,0,2,0,0,0,0,5
306989,belenmaj,,2,0,2,2,0,2,0,0,0,0,5
306990,Posture0Andaluz,,3,0,3,3,0,3,0,0,0,0,6
306991,rondaahora,,2,0,2,2,0,2,0,0,0,0,0
306997,CienciasSalud,,3,0,3,3,0,3,0,0,0,0,5
307007,ocasofia,,2,0,2,2,0,2,0,0,0,0,0
307010,luciia_ah,,2,0,2,2,0,2,0,0,0,0,5
307011,ProtCivilRonda,,2,0,2,2,0,2,0,0,0,0,5
307013,Fdetere,,2,0,2,2,0,2,0,0,0,0,5
307020,DaniBeefeater,,2,0,2,2,0,2,0,0,0,0,6
307021,Puercoespanda,,2,0,2,2,0,2,0,0,0,0,5
307022,2biibii,,2,0,2,2,0,2,0,0,0,0,2
307023,jessicaom17,,2,0,2,2,0,2,0,0,0,0,5
307032,jesusredhot,,2,0,2,2,0,2,0,0,0,0,6
307034,SenatorHR,,3,0,3,3,0,3,0,0,0,0,5
307035,vendotractor,,2,0,2,2,0,2,0,0,0,0,5
307036,hematocritico,,3,0,3,3,0,3,0,0,0,0,0
307040,losandalucesson,,2,0,2,2,0,2,0,0,0,0,0
307044,TWITSCHISTE,,2,0,2,2,0,2,0,0,0,0,5
307045,MisterBombillo,,3,0,3,3,0,3,0,0,0,0,5
307048,Clenemte_,,3,0,3,3,0,3,0,0,0,0,6
307052,LttMmi,,3,0,3,3,0,3,0,0,0,0,5
307055,Maria_Villalon,,3,0,3,3,0,3,0,0,0,0,0
307057,COFISCanarias,,2,0,2,2,0,2,0,0,0,0,5
307071,JuanRamonFisio,,2,0,2,2,0,2,0,0,0,0,0
307077,BICHILLOVERDE,,2,0,2,2,0,2,0,0,0,0,5
307079,DiosDelFutbolin,,2,0,2,2,0,2,0,0,0,0,5
307083,FisioAso,,2,0,2,2,0,2,0,0,0,0,0
307084,eltatuado,,2,0,2,2,0,2,0,0,0,0,0
307086,Salvador_Raya,,2,0,2,2,0,2,0,0,0,0,5
307087,PENSAD0RES,,2,0,2,2,0,2,0,0,0,0,6
307088,AidaHC3,,2,0,2,2,0,2,0,0,0,0,5
307089,JLGalindoRonda,,2,0,2,2,0,2,0,0,0,0,5
307091,LaDuquesaDeAlba,,2,0,2,2,0,2,0,0,0,0,5
307103,ReyJuanCarlosI,,2,0,2,2,0,2,0,0,0,0,5
307104,RondaEnfurecida,,2,0,2,2,0,2,0,0,0,0,5
307106,ManoloLama_Cope,,2,0,2,2,0,2,0,0,0,0,1
307107,Sr_WhatsApp,,2,0,2,2,0,2,0,0,0,0,5
307108,gasbutano,,3,0,3,3,0,3,0,0,0,0,5
307109,AndaluciCronica,,2,0,2,2,0,2,0,0,0,0,5
307112,JoaquinErPisha,,2,0,2,2,0,2,0,0,0,0,5
307116,umaenfurecida,,2,0,2,2,0,2,0,0,0,0,5
307126,SalvadorRaya,,3,0,3,3,0,3,0,0,0,0,6
307127,FisiotGlobal,,2,0,2,2,0,2,0,0,0,0,0
307129,quiero_cuidarme,,2,0,2,2,0,2,0,0,0,0,4
307133,RectorUGR,,3,0,3,3,0,3,0,0,0,0,6
307134,masbiosalud,,2,0,2,2,0,2,0,0,0,0,5
307135,__Guasch__,,2,0,2,2,0,2,0,0,0,0,5
307141,victorcabra_91,,2,0,2,2,0,2,0,0,0,0,5
307146,Policianacional,,2,0,2,2,0,2,0,0,0,0,5
307147,tvtuit_112,,2,0,2,2,0,2,0,0,0,0,5
307148,DonaSangreEs,,3,0,3,3,0,3,0,0,0,0,5
307149,Canoegea,,2,0,2,2,0,2,0,0,0,0,0
307153,jmacostapaul,,2,0,2,2,0,2,0,0,0,0,5
307158,juanjordanortiz,,2,0,2,2,0,2,0,0,0,0,0
307160,hermanomayortv,,2,0,2,2,0,2,0,0,0,0,4
307166,PacoMontenegro,,2,0,2,2,0,2,0,0,0,0,5
307177,MRR00791,,2,0,2,2,0,2,0,0,0,0,5
307181,serdirecto,,2,0,2,2,0,2,0,0,0,0,5
307182,lagranjugadacsr,,2,0,2,2,0,2,0,0,0,0,5
307185,OhEmprendedor,,3,0,3,3,0,3,0,0,0,0,5
307186,rondasemanal,,2,0,2,2,0,2,0,0,0,0,4
307188,Alberto2G,,2,0,2,2,0,2,0,0,0,0,5
307189,solocomedia,,3,0,3,3,0,3,0,0,0,0,6
307198,GiselleCalderon,,2,0,2,2,0,2,0,0,0,0,5
307207,Ismael_Beiro,,2,0,2,2,0,2,0,0,0,0,5
307208,univadis_es,,2,0,2,2,0,2,0,0,0,0,6
307209,LeoHarlem,,3,0,3,3,0,3,0,0,0,0,5
307212,oscarpereiro,,2,0,2,2,0,2,0,0,0,0,5
307215,lululuku23,,2,0,2,2,0,2,0,0,0,0,5
307216,tere_orce,,2,0,2,2,0,2,0,0,0,0,6
307217,cursosfisioter,,2,0,2,2,0,2,0,0,0,0,0
307219,BlancaMR93,,2,0,2,2,0,2,0,0,0,0,5
307220,chiquitocalzada,,2,0,2,2,0,2,0,0,0,0,5
307226,Rosito_lidlt,,2,0,2,2,0,2,0,0,0,0,5
307231,marquesenrique,,2,0,2,2,0,2,0,0,0,0,5
307235,rondawebsite,,2,0,2,2,0,2,0,0,0,0,5
307239,CrisREscudero,,2,0,2,2,0,2,0,0,0,0,5
307241,tribunaldelbuho,,2,0,2,2,0,2,0,0,0,0,5
307243,AnaPBuenoC,,2,0,2,2,0,2,0,0,0,0,5
307245,Maria230,,2,0,2,2,0,2,0,0,0,0,5
307246,PatriRguez5,,2,0,2,2,0,2,0,0,0,0,5
307250,GoodNewsEspanol,,3,0,3,3,0,3,0,0,0,0,5
307255,aresteixido,,3,0,3,3,0,3,0,0,0,0,5
307264,Deportescope_es,,2,0,2,2,0,2,0,0,0,0,6
307268,InakiUrrutia,,3,0,3,3,0,3,0,0,0,0,5
307269,Ricardo_DeLaPaz,,2,0,2,2,0,2,0,0,0,0,0
307280,Jjocana,,2,0,2,2,0,2,0,0,0,0,0
307282,Irene_gc92,,2,0,2,2,0,2,0,0,0,0,5
307287,mariadv9,,2,0,2,2,0,2,0,0,0,0,5
307291,antena3_,,2,0,2,2,0,2,0,0,0,0,0
307293,Terribiliz,,2,0,2,2,0,2,0,0,0,0,5
307299,Dieguisz,,2,0,2,2,0,2,0,0,0,0,5
307300,MiguelASanchz,,2,0,2,2,0,2,0,0,0,0,5
307304,Barea21,,2,0,2,2,0,2,0,0,0,0,5
307305,marta__cc,,2,0,2,2,0,2,0,0,0,0,5
307311,David74Sanchez,,2,0,2,2,0,2,0,0,0,0,5
307312,Palomero14,,3,0,3,3,0,3,0,0,0,0,0
307313,Felisuco_,,3,0,3,3,0,3,0,0,0,0,5
307314,AGUSTIJIMENEZ,,3,0,3,3,0,3,0,0,0,0,5
307315,josjaviersantos,,3,0,3,3,0,3,0,0,0,0,5
307316,JosAntonioRosa,,2,0,2,2,0,2,0,0,0,0,5
307318,laligaennumeros,,2,0,2,2,0,2,0,0,0,0,5
307319,TJChampionsCope,,2,0,2,2,0,2,0,0,0,0,5
307320,Flipytwit,,2,0,2,2,0,2,0,0,0,0,5
307321,jheviam,,2,0,2,2,0,2,0,0,0,0,5
307322,Menottinto,,2,0,2,2,0,2,0,0,0,0,5
307323,FantasyLaLiga,,2,0,2,2,0,2,0,0,0,0,5
307324,ferevangelio,,2,0,2,2,0,2,0,0,0,0,0
307325,pedritonumeros,,3,0,3,3,0,3,0,0,0,0,5
307330,yelow_ES,,2,0,2,2,0,2,0,0,0,0,6
307336,RevistaRITMO,,2,0,2,2,0,2,0,0,0,0,6
307344,LAPROVINCIAL52,,2,0,2,2,0,2,0,0,0,0,6
307346,lastomasas,,3,0,3,3,0,3,0,0,0,0,6
307351,bipdrive,,2,0,2,2,0,2,0,0,0,0,6
307362,Maroush,,2,0,2,2,0,2,0,0,0,0,6
307369,PNUD_Mexico,,3,0,3,3,0,3,0,0,0,0,6
307370,iForex_com,,2,0,2,2,0,2,0,0,0,0,6
307380,encarniSER,,2,0,2,2,0,2,0,0,0,0,6
307382,EcoChiru,,2,0,2,2,0,2,0,0,0,0,6
307383,SolMar_16,,2,0,2,2,0,2,0,0,0,0,6
307386,borjaechevarria,,2,0,2,2,0,2,0,0,0,0,6
307388,SushiAlmeria,,2,0,2,2,0,2,0,0,0,0,6
307400,RESTAURANTEBOHE,,4,0,4,4,0,4,0,0,0,0,6
307408,CustomHome_es,,2,0,2,2,0,2,0,0,0,0,6
307411,bogota_emprende,,2,0,2,2,0,2,0,0,0,0,6
307413,BossMenOficial,,3,0,3,3,0,3,0,0,0,0,6
307414,AP_Noticias,,3,0,3,3,0,3,0,0,0,0,6
307415,GCVA_Mcr,,2,0,2,2,0,2,0,0,0,0,0
307416,JuanCala_16,,3,0,3,3,0,3,0,0,0,0,6
307417,RUBENPEREZ_4,,3,0,3,3,0,3,0,0,0,0,6
307418,e_fascinante,,2,0,2,2,0,2,0,0,0,0,6
307424,maria_chi,,2,0,2,2,0,2,0,0,0,0,5
307431,DespegarMx,,3,0,3,3,0,3,0,0,0,0,7
307432,nomadasrne,,2,0,2,2,0,2,0,0,0,0,7
307435,futurobloguero,,3,0,3,3,0,3,0,0,0,0,7
307437,belfergue,,2,0,2,2,0,2,0,0,0,0,7
307439,xavier_martin,,2,0,2,2,0,2,0,0,0,0,7
307441,Carlodelaflor,,3,0,3,3,0,3,0,0,0,0,4
307442,ununiversomejor,,3,0,3,3,0,3,0,0,0,0,7
307443,dosmanzanas,,2,0,2,2,0,2,0,0,0,0,1
307445,paraelespiritu,,2,0,2,2,0,2,0,0,0,0,7
307446,ElParon_,,2,0,2,2,0,2,0,0,0,0,7
307450,travelnewsCND,,3,0,3,3,0,3,0,0,0,0,7
307457,revistgranhotel,,2,0,2,2,0,2,0,0,0,0,7
307469,axelfriendly,,2,0,2,2,0,2,0,0,0,0,7
307470,HotelsCombined,,2,0,2,2,0,2,0,0,0,0,7
307472,IberostarPT,,2,0,2,2,0,2,0,0,0,0,7
307474,RixosHotels,,2,0,2,2,0,2,0,0,0,0,7
307477,Accor,,2,0,2,2,0,2,0,0,0,0,7
307479,Marriott,,3,0,3,3,0,3,0,0,0,0,7
307480,ACHotels,,2,0,2,2,0,2,0,0,0,0,7
307481,raffleshotels,,2,0,2,2,0,2,0,0,0,0,7
307483,ShangriLaHotels,,2,0,2,2,0,2,0,0,0,0,7
307485,ChoiceHotels,,3,0,3,3,0,3,0,0,0,0,7
307486,fifaworldcup_fr,,2,0,2,2,0,2,0,0,0,0,2
307503,OTRAMSTOURISM,,2,0,2,2,0,2,0,0,0,0,7
307509,Tuviajedegrupo,,2,0,2,2,0,2,0,0,0,0,7
307511,viajesabrasil,,2,0,2,2,0,2,0,0,0,0,7
307513,TravelEchoes,,2,0,2,2,0,2,0,0,0,0,7
307516,viajasiempre,,2,0,2,2,0,2,0,0,0,0,7
307517,DSGViajes,,2,0,2,2,0,2,0,0,0,0,7
307518,PumciTravel,,2,0,2,2,0,2,0,0,0,0,7
307519,Viajesmarrakech,,3,0,3,3,0,3,0,0,0,0,7
307533,ChampionsLnet,,2,0,2,2,0,2,0,0,0,0,7
307538,ViajaPrimeroEC,,2,0,2,2,0,2,0,0,0,0,2
307539,TurismoEc,,3,0,3,3,0,3,0,0,0,0,2
307540,MINCETUR,,2,0,2,2,0,2,0,0,0,0,2
307543,LeadingHotels,,2,0,2,2,0,2,0,0,0,0,7
307544,IHGCorporate,,3,0,3,3,0,3,0,0,0,0,7
307545,mico_car,,3,0,3,3,0,3,0,0,0,0,7
307548,increibleviaje,,2,0,2,2,0,2,0,0,0,0,7
307550,IBEROSTAR,,3,0,3,3,0,3,0,0,0,0,7
307552,HotelesBoutique,,2,0,2,2,0,2,0,0,0,0,7
307555,BilbaoPues1,,2,0,2,2,0,2,0,0,0,0,7
307563,SabogaCatering,,2,0,2,2,0,2,0,0,0,0,7
307564,Espanoles_Mundo,,2,0,2,2,0,2,0,0,0,0,7
307566,sin_visado,,2,0,2,2,0,2,0,0,0,0,7
307568,RutaVinoCigales,,2,0,2,2,0,2,0,0,0,0,7
307569,turvalladolid,,2,0,2,2,0,2,0,0,0,0,7
307574,EditorialCep,,2,0,2,2,0,2,0,0,0,0,4
307580,tamarindospe,,2,0,2,2,0,2,0,0,0,0,7
307581,judithtiral,,2,0,2,2,0,2,0,0,0,0,4
307583,visitapeniscola,,2,0,2,2,0,2,0,0,0,0,7
307585,todopeniscola,,2,0,2,2,0,2,0,0,0,0,7
307586,_peniscola,,2,0,2,2,0,2,0,0,0,0,7
307587,VenACastello,,2,0,2,2,0,2,0,0,0,0,7
307588,valenciaturisme,,2,0,2,2,0,2,0,0,0,0,7
307590,Ecuador_Marca,,3,0,3,3,0,3,0,0,0,0,8
307600,RevTurismoyTech,,2,0,2,2,0,2,0,0,0,0,7
307602,zoomadrid,,2,0,2,2,0,2,0,0,0,0,1
307607,ParqueWarner,,3,0,3,3,0,3,0,0,0,0,0
307612,HotelBotanico,,2,0,2,2,0,2,0,0,0,0,7
307613,BenidormAyto,,3,0,3,3,0,3,0,0,0,0,0
307616,turismobenidorm,,4,0,4,4,0,4,0,0,0,0,7
307619,hello_valencia,,3,0,3,3,0,3,0,0,0,0,4
307629,SiamPark,,2,0,2,2,0,2,0,0,0,0,7
307631,fotoviajar,,2,0,2,2,0,2,0,0,0,0,7
307632,MarruecosCom,,3,0,3,3,0,3,0,0,0,0,7
307633,Viajareslomio,,2,0,2,2,0,2,0,0,0,0,7
307635,lavapiesenvivo,,2,0,2,2,0,2,0,0,0,0,7
307636,decideviajar,,2,0,2,2,0,2,0,0,0,0,7
307639,eclaxonsc,,2,0,2,2,0,2,0,0,0,0,7
307640,lpacarnaval,,2,0,2,2,0,2,0,0,0,0,7
307643,vamosacorrer,,2,0,2,2,0,2,0,0,0,0,7
307672,cedeprofesores,,2,0,2,2,0,2,0,0,0,0,7
307719,diarioviajeroes,,3,0,3,3,0,3,0,0,0,0,7
307727,HOYNavalmoral,,2,0,2,2,0,2,0,0,0,0,7
307732,NoticiaNoroeste,,3,0,3,3,0,3,0,0,0,0,7
307735,infolasrozas,,2,0,2,2,0,2,0,0,0,0,0
307743,Noticias_para,,2,0,2,2,0,2,0,0,0,0,7
307744,Getafecapital,,2,0,2,2,0,2,0,0,0,0,7
307752,gentedigital,,2,0,2,2,0,2,0,0,0,0,7
307753,laquincena,,2,0,2,2,0,2,0,0,0,0,7
307760,soymadridista,,2,0,2,2,0,2,0,0,0,0,7
307772,chamberidigital,,2,0,2,2,0,2,0,0,0,0,7
307773,TetuanMadrid,,2,0,2,2,0,2,0,0,0,0,7
307775,facilysencillo,,2,0,2,2,0,2,0,0,0,0,0
307789,REPORTURnews,,2,0,2,2,0,2,0,0,0,0,0
307793,RBL1912,,2,0,2,2,0,2,0,0,0,0,5
307794,UDMelilla,,2,0,2,2,0,2,0,0,0,0,7
307795,AlgecirasCF,,2,0,2,2,0,2,0,0,0,0,7
307813,WeCollectClub,,2,0,2,2,0,2,0,0,0,0,7
307816,ana_mglab,,2,0,2,2,0,2,0,0,0,0,7
307828,SestaoRC,,2,0,2,2,0,2,0,0,0,0,7
307833,LaRodaCf,,2,0,2,2,0,2,0,0,0,0,7
307838,CD_Toledo,,2,0,2,2,0,2,0,0,0,0,4
307863,alamedamalaguis,,2,0,2,2,0,2,0,0,0,0,7
307864,COMEPIPASFRENTE,,2,0,2,2,0,2,0,0,0,0,7
307865,PaMlgFuengirola,,2,0,2,2,0,2,0,0,0,0,0
307874,CDLealtad,,2,0,2,2,0,2,0,0,0,0,7
307876,clubdepguijuelo,,2,0,2,2,0,2,0,0,0,0,4
307878,SD_Compostela,,2,0,2,2,0,2,0,0,0,0,7
307880,CyDLeonesa,,2,0,2,2,0,2,0,0,0,0,7
307881,PontevedraCFSAD,,2,0,2,2,0,2,0,0,0,0,7
307902,viajandowithyou,,3,0,3,3,0,3,0,0,0,0,7
307905,mimundoviajeroo,,3,0,3,3,0,3,0,0,0,0,7
307922,KANANGAviajes,,3,0,3,3,0,3,0,0,0,0,0
307925,Viajacontuhijo,,2,0,2,2,0,2,0,0,0,0,0
307931,tualgoprestado,,2,0,2,2,0,2,0,0,0,0,7
307933,Envidienmiboda,,2,0,2,2,0,2,0,0,0,0,0
307935,FCO_Bustamante,,2,0,2,2,0,2,0,0,0,0,7
307945,DespedidasMlg,,2,0,2,2,0,2,0,0,0,0,7
307948,Robinjublog,,2,0,2,2,0,2,0,0,0,0,7
307951,ivanmarcos,,3,0,3,3,0,3,0,0,0,0,7
307955,Ocio_en_Madrid,,3,0,3,3,0,3,0,0,0,0,7
307957,Lorenagdiaz,,2,0,2,2,0,2,0,0,0,0,7
307958,ViajaconSingles,,2,0,2,2,0,2,0,0,0,0,0
307965,LenfexIdiomas,,2,0,2,2,0,2,0,0,0,0,4
307966,radiocablecom,,2,0,2,2,0,2,0,0,0,0,4
307970,EFEspana,,3,0,3,3,0,3,0,0,0,0,6
307987,bodegasfarina,,2,0,2,2,0,2,0,0,0,0,7
307988,piedrawines,,2,0,2,2,0,2,0,0,0,0,4
307994,VCRunning,,2,0,2,2,0,2,0,0,0,0,4
307998,maratonmalaga,,3,0,3,3,0,3,0,0,0,0,7
308007,VCCordobaES,,2,0,2,2,0,2,0,0,0,0,7
308019,biciclown,,2,0,2,2,0,2,0,0,0,0,7
308020,FundacionDEARTE,,2,0,2,2,0,2,0,0,0,0,7
308021,DanielTirado,,2,0,2,2,0,2,0,0,0,0,4
308022,viajesyfotograf,,3,0,3,3,0,3,0,0,0,0,7
308024,castillo_grisel,,2,0,2,2,0,2,0,0,0,0,7
308027,Hotel_Encanto,,2,0,2,2,0,2,0,0,0,0,4
308031,321mecaso,,3,0,3,3,0,3,0,0,0,0,1
308032,Sialsiquiero,,3,0,3,3,0,3,0,0,0,0,1
308041,LaViajeraBlog,,3,0,3,3,0,3,0,0,0,0,7
308044,eshowesp,,2,0,2,2,0,2,0,0,0,0,7
308051,events_spain,,3,0,3,3,0,3,0,0,0,0,0
308053,grupoeventoplus,,3,0,3,3,0,3,0,0,0,0,7
308058,eldiamasdulce,,2,0,2,2,0,2,0,0,0,0,0
308061,Masqueeventoses,,3,0,3,3,0,3,0,0,0,0,0
308062,AlgoPrestadowp,,2,0,2,2,0,2,0,0,0,0,0
308064,CrombysBodas,,3,0,3,3,0,3,0,0,0,0,7
308065,iloveverbena,,2,0,2,2,0,2,0,0,0,0,7
308077,U2Valencia,,3,0,3,3,0,3,0,0,0,0,7
308081,Kreative_Land,,2,0,2,2,0,2,0,0,0,0,7
308082,atelierdlanovia,,2,0,2,2,0,2,0,0,0,0,7
308083,QSBeventos,,2,0,2,2,0,2,0,0,0,0,0
308084,somniaeventos,,2,0,2,2,0,2,0,0,0,0,7
308088,GetMarried,,2,0,2,2,0,2,0,0,0,0,0
308091,SomethingBlue,,2,0,2,2,0,2,0,0,0,0,1
308098,LOVE_EVENTOS,,2,0,2,2,0,2,0,0,0,0,7
308109,azul_mandarina,,2,0,2,2,0,2,0,0,0,0,7
308113,turaseroficial,,2,0,2,2,0,2,0,0,0,0,7
308117,CantabricoExcel,,2,0,2,2,0,2,0,0,0,0,7
308132,lomejordeviajar,,3,0,3,3,0,3,0,0,0,0,7
308134,bodascolorin,,2,0,2,2,0,2,0,0,0,0,0
308135,WeddCam,,2,0,2,2,0,2,0,0,0,0,0
308137,WednesdayWP,,2,0,2,2,0,2,0,0,0,0,0
308145,SalonLook_,,2,0,2,2,0,2,0,0,0,0,6
308147,FeriaLiber,,3,0,3,3,0,3,0,0,0,0,0
308149,1001bodasifema,,2,0,2,2,0,2,0,0,0,0,0
308150,MOMADMadrid,,2,0,2,2,0,2,0,0,0,0,0
308154,alanxelmundo,,3,0,3,3,0,3,0,0,0,0,4
308156,Los40viajes,,4,0,4,4,0,4,0,0,0,0,7
308157,CadenaSerViajes,,2,0,2,2,0,2,0,0,0,0,7
308158,Mily1Viajes,,3,0,3,3,0,3,0,0,0,0,7
308159,Alisetter,,3,0,3,3,0,3,0,0,0,0,7
308160,GoTravelClubEsp,,3,0,3,3,0,3,0,0,0,0,7
308161,eduyeriviajes,,2,0,2,2,0,2,0,0,0,0,7
308162,holaviajes,,2,0,2,2,0,2,0,0,0,0,4
308173,mustafa_kemal,,2,0,2,2,0,2,0,0,0,0,2
308174,Naipunal,,2,0,2,2,0,2,0,0,0,0,2
308189,WeAreTennisTR,,2,0,2,2,0,2,0,0,0,0,2
308192,zgncocuk,,3,0,3,3,0,3,0,0,0,0,2
308194,bkaantan,,3,0,3,3,0,3,0,0,0,0,2
308195,ILBERORTAYLIGSU,,2,0,2,2,0,2,0,0,0,0,2
308196,burakgenc,,3,0,3,3,0,3,0,0,0,0,2
308199,asanuzun,,3,0,3,3,0,3,0,0,0,0,3
308220,npsamsungossip,,2,0,2,2,0,2,0,0,0,0,2
308228,OnceMulkiye,,2,0,2,2,0,2,0,0,0,0,2
308229,gurseltekin34,,3,0,3,3,0,3,0,0,0,0,2
308240,AdrasanGossip,,2,0,2,2,0,2,0,0,0,0,2
308247,mulkiyeliler,,2,0,2,2,0,2,0,0,0,0,2
308263,ykaratepe,,2,0,2,2,0,2,0,0,0,0,2
308276,Alex10,,3,0,3,3,0,3,0,0,0,0,2
308324,MektebiMulkiye,,2,0,2,2,0,2,0,0,0,0,2
308333,MobilityFriends,,2,0,2,2,0,2,0,0,0,0,1
308341,TimockiKlub,,2,0,2,2,0,2,0,0,0,0,1
308343,USAIDSerbia,,2,0,2,2,0,2,0,0,0,0,1
308345,BIMUN_UNASerbia,,2,0,2,2,0,2,0,0,0,0,1
308348,UNECOSOC,,3,0,3,3,0,3,0,0,0,0,1
308350,SRBDiplomacy,,3,0,3,3,0,3,0,0,0,0,1
308358,UNHCRSerbia,,2,0,2,2,0,2,0,0,0,0,1
308362,UNCT_Serbia,,2,0,2,2,0,2,0,0,0,0,1
308368,Univerzitet_BG,,2,0,2,2,0,2,0,0,0,0,1
308373,eotvos_uni,,2,0,2,2,0,2,0,0,0,0,1
308374,JonathanJelves,,3,0,3,3,0,3,0,0,0,0,1
308379,lArturita,,2,0,2,2,0,2,0,0,0,0,3
308381,F_Iacubino,,2,0,2,2,0,2,0,0,0,0,3
308382,MovimentoArturo,,2,0,2,2,0,2,0,0,0,0,3
308386,nonleggerlo,,3,0,3,3,0,3,0,0,0,0,3
308390,ruggero_timidi,,2,0,2,2,0,2,0,0,0,0,3
308400,quelloditermoli,,2,0,2,2,0,2,0,0,0,0,3
308401,unavitadacinema,,3,0,3,3,0,3,0,0,0,0,1
308402,SalernoSal,,2,0,2,2,0,2,0,0,0,0,3
308404,bandabardotweet,,2,0,2,2,0,2,0,0,0,0,3
308405,MCityRamblers,,2,0,2,2,0,2,0,0,0,0,3
308410,fguccini_net,,2,0,2,2,0,2,0,0,0,0,3
308412,GucciniOfficial,,2,0,2,2,0,2,0,0,0,0,3
308420,Iberia_it,,4,0,4,4,0,4,0,0,0,0,3
308424,MarcusMiller959,,2,0,2,2,0,2,0,0,0,0,3
308425,PieroPelu,,4,0,4,4,0,4,0,0,0,0,3
308426,MimmoDjAngelo,,2,0,2,2,0,2,0,0,0,0,3
308430,ByPeopleTeam,,2,0,2,2,0,2,0,0,0,0,3
308435,lampadread,,3,0,3,3,0,3,0,0,0,0,3
308437,eberlinguer,,2,0,2,2,0,2,0,0,0,0,3
308438,ledzeppelin,,2,0,2,2,0,2,0,0,0,0,3
308451,damianmarley,,3,0,3,3,0,3,0,0,0,0,3
308453,Alborosie,,2,0,2,2,0,2,0,0,0,0,3
308463,ricky11alvarez,,2,0,2,2,0,2,0,0,0,0,3
308464,TalkingMinions,,2,0,2,2,0,2,0,0,0,0,3
308465,RiccardoOnori,,2,0,2,2,0,2,0,0,0,0,3
308469,yamaharacingcom,,2,0,2,2,0,2,0,0,0,0,3
308470,KevinSchwantz,,2,0,2,2,0,2,0,0,0,0,3
308472,CLEMENTINOIENA,,3,0,3,3,0,3,0,0,0,0,3
308473,YamahaMotoGP,,3,0,3,3,0,3,0,0,0,0,3
308476,Antoniocairoli,,2,0,2,2,0,2,0,0,0,0,3
308477,UccioYellow46,,2,0,2,2,0,2,0,0,0,0,3
308478,Apndp,,3,0,3,3,0,3,0,0,0,0,3
308479,PirroRider,,2,0,2,2,0,2,0,0,0,0,3
308480,CarlosCheca7,,2,0,2,2,0,2,0,0,0,0,3
308482,NickyHayden,,3,0,3,3,0,3,0,0,0,0,3
308487,JavierZanetti_,,2,0,2,2,0,2,0,0,0,0,3
308491,fguarin13,,3,0,3,3,0,3,0,0,0,0,2
308494,NikonItalia,,3,0,3,3,0,3,0,0,0,0,3
308529,vivian11188,,2,0,2,2,0,2,0,0,0,0,6
308534,MatthijsvBonzel,,2,0,2,2,0,2,0,0,0,0,4
308536,onspain,,2,0,2,2,0,2,0,0,0,0,4
308552,nourmachlah,,4,0,4,4,0,4,0,0,0,0,4
308582,joseajarne,,2,0,2,2,0,2,0,0,0,0,4
308604,inspiredbysuces,,2,0,2,2,0,2,0,0,0,0,4
308624,espanaymas,,2,0,2,2,0,2,0,0,0,0,4
308653,sandrinemorel,,2,0,2,2,0,2,0,0,0,0,4
308654,CecileThibaud,,2,0,2,2,0,2,0,0,0,0,4
308655,ValerieDemon,,2,0,2,2,0,2,0,0,0,0,4
308662,ASAstudyabroad,,3,0,3,3,0,3,0,0,0,0,4
308673,Propertymadrid,,2,0,2,2,0,2,0,0,0,0,4
308680,Costa_Tropical,,3,0,3,3,0,3,0,0,0,0,4
308711,TaylorWimpeyEs,,2,0,2,2,0,2,0,0,0,0,4
308712,liveofgame,,2,0,2,2,0,2,0,0,0,0,4
308714,thespainreport,,3,0,3,3,0,3,0,0,0,0,4
308715,htc_es,,3,0,3,3,0,3,0,0,0,0,4
308719,FPPEDUMedia,,2,0,2,2,0,2,0,0,0,0,4
308720,JCWeAreValencia,,2,0,2,2,0,2,0,0,0,0,4
308721,daphneleprince,,3,0,3,3,0,3,0,0,0,0,4
308722,ApartmentBCN,,3,0,3,3,0,3,0,0,0,0,4
308726,amaitaliano,,2,0,2,2,0,2,0,0,0,0,4
308733,MMU_Languages,,2,0,2,2,0,2,0,0,0,0,4
308739,JKassteen,,2,0,2,2,0,2,0,0,0,0,4
308741,Smart_Advices,,2,0,2,2,0,2,0,0,0,0,3
308744,ErasmusSpain,,3,0,3,3,0,3,0,0,0,0,2
308749,Work_In_Spain,,2,0,2,2,0,2,0,0,0,0,4
308750,THEHARDFACE,,2,0,2,2,0,2,0,0,0,0,4
308754,BecasparaChile,,3,0,3,3,0,3,0,0,0,0,4
308758,mediosperuanos,,2,0,2,2,0,2,0,0,0,0,4
308761,ColombianosEnCa,,2,0,2,2,0,2,0,0,0,0,4
308768,Avacco_es,,3,0,3,3,0,3,0,0,0,0,4
308775,NiTanExtranjero,,2,0,2,2,0,2,0,0,0,0,4
308784,OVHcloud_ES,,3,0,3,3,0,3,0,0,0,0,4
308796,softonic_es,,2,0,2,2,0,2,0,0,0,0,4
308797,AciertoCom,,2,0,2,2,0,2,0,0,0,0,4
308799,phranet,,3,0,3,3,0,3,0,0,0,0,4
308800,CNET_Es,,3,0,3,3,0,3,0,0,0,0,4
308803,Grupo_Leader,,2,0,2,2,0,2,0,0,0,0,4
308810,OriginalArmenia,,2,0,2,2,0,2,0,0,0,0,7
308813,Lecoinvoyageurs,,2,0,2,2,0,2,0,0,0,0,7
308818,DanteHarker,,3,0,3,3,0,3,0,0,0,0,7
308832,PortugalAFrente,,2,0,2,2,0,2,0,0,0,0,7
308833,marcel_bagis,,2,0,2,2,0,2,0,0,0,0,7
308852,l3ahpar,,2,0,2,2,0,2,0,0,0,0,7
308864,monicagray_,,2,0,2,2,0,2,0,0,0,0,7
308865,ilovebairroalto,,3,0,3,3,0,3,0,0,0,0,7
308875,TheRebelChick,,2,0,2,2,0,2,0,0,0,0,7
308879,cloudhjose,,2,0,2,2,0,2,0,0,0,0,7
308903,vlogexpedition,,2,0,2,2,0,2,0,0,0,0,7
308919,yourlisbonguide,,3,0,3,3,0,3,0,0,0,0,7
308921,WheresSharon,,2,0,2,2,0,2,0,0,0,0,7
308926,surflasdunas,,3,0,3,3,0,3,0,0,0,0,7
308941,ReallySimpleSEO,,3,0,3,3,0,3,0,0,0,0,7
308950,ThisIsDez,,2,0,2,2,0,2,0,0,0,0,7
308960,ProgramoWebCom,,2,0,2,2,0,2,0,0,0,0,7
308973,abroaderworld,,3,0,3,3,0,3,0,0,0,0,7
308978,freetobook,,2,0,2,2,0,2,0,0,0,0,7
309036,ZAbreu3,,2,0,2,2,0,2,0,0,0,0,7
309057,Os_Lusiadas,,2,0,2,2,0,2,0,0,0,0,7
309075,rotosaylo,,2,0,2,2,0,2,0,0,0,0,7
309080,AnitasFeast,,2,0,2,2,0,2,0,0,0,0,7
309101,Bebenomada,,2,0,2,2,0,2,0,0,0,0,7
309113,MoritzBarcelona,,3,0,3,3,0,3,0,0,0,0,6
309114,trinamilan,,2,0,2,2,0,2,0,0,0,0,7
309127,julia_d008,,2,0,2,2,0,2,0,0,0,0,7
309144,brandoneliscott,,2,0,2,2,0,2,0,0,0,0,7
309146,aspiringnomads,,2,0,2,2,0,2,0,0,0,0,7
309183,VagabondJourney,,2,0,2,2,0,2,0,0,0,0,7
309191,GrowUpBilingual,,2,0,2,2,0,2,0,0,0,0,7
309205,ATTpolicyintl,,3,0,3,3,0,3,0,0,0,0,2
309215,HotelFaro,,2,0,2,2,0,2,0,0,0,0,7
309216,TravelVIP_US,,2,0,2,2,0,2,0,0,0,0,7
309234,NancyBadillo13,,3,0,3,3,0,3,0,0,0,0,7
309235,MandalaySamui,,2,0,2,2,0,2,0,0,0,0,7
309238,pinpointtarget,,2,0,2,2,0,2,0,0,0,0,7
309264,Travel_Squire,,2,0,2,2,0,2,0,0,0,0,7
309295,yendoporlavida,,2,0,2,2,0,2,0,0,0,0,7
309299,OpenGolfClub,,2,0,2,2,0,2,0,0,0,0,7
309307,Innofabio,,2,0,2,2,0,2,0,0,0,0,7
309310,senseswines,,2,0,2,2,0,2,0,0,0,0,7
309312,TwoScotsAbroad,,2,0,2,2,0,2,0,0,0,0,7
309314,lisbonluxcom,,3,0,3,3,0,3,0,0,0,0,7
309316,insideportugal,,2,0,2,2,0,2,0,0,0,0,7
309327,Denaroche,,2,0,2,2,0,2,0,0,0,0,1
309342,LAMOLA_VIAJES,,2,0,2,2,0,2,0,0,0,0,7
309351,L33_michelle,,2,0,2,2,0,2,0,0,0,0,7
309352,xKxrby,,2,0,2,2,0,2,0,0,0,0,7
309355,ThisAmericaGirl,,2,0,2,2,0,2,0,0,0,0,7
309356,wildheartedblog,,2,0,2,2,0,2,0,0,0,0,7
309358,LolaDiMarco,,2,0,2,2,0,2,0,0,0,0,7
309359,L_e_a_h,,2,0,2,2,0,2,0,0,0,0,7
309362,lazytravelers,,2,0,2,2,0,2,0,0,0,0,7
309363,latinAbroad,,2,0,2,2,0,2,0,0,0,0,7
309367,RedHeadExplorer,,2,0,2,2,0,2,0,0,0,0,7
309371,Christine27King,,3,0,3,3,0,3,0,0,0,0,7
309374,DoSomethingCool,,3,0,3,3,0,3,0,0,0,0,7
309393,TravellingKing1,,2,0,2,2,0,2,0,0,0,0,2
309401,LisbonMovieTour,,2,0,2,2,0,2,0,0,0,0,7
309408,BeyondBex,,2,0,2,2,0,2,0,0,0,0,7
309437,sabormexico,,2,0,2,2,0,2,0,0,0,0,7
309444,waysofwanderers,,2,0,2,2,0,2,0,0,0,0,7
309459,NarvijayYadav,,2,0,2,2,0,2,0,0,0,0,7
309473,soniafigone,,2,0,2,2,0,2,0,0,0,0,2
309487,thetravelbee,,2,0,2,2,0,2,0,0,0,0,7
309510,idbcpr,,2,0,2,2,0,2,0,0,0,0,6
309522,AnaGNews,,2,0,2,2,0,2,0,0,0,0,7
309530,raponchii,,3,0,3,3,0,3,0,0,0,0,7
309533,WorldLillie,,2,0,2,2,0,2,0,0,0,0,7
309534,abigailking,,2,0,2,2,0,2,0,0,0,0,7
309541,leighmcaldwell,,2,0,2,2,0,2,0,0,0,0,7
309544,Nancydbrown,,2,0,2,2,0,2,0,0,0,0,7
309550,tgosingtian,,2,0,2,2,0,2,0,0,0,0,2
309578,RichardBarrow,,2,0,2,2,0,2,0,0,0,0,7
309592,TravelWonders,,2,0,2,2,0,2,0,0,0,0,7
309595,TravelVlogger,,2,0,2,2,0,2,0,0,0,0,7
309605,SwankyTraveler,,2,0,2,2,0,2,0,0,0,0,7
309613,thetravelhack,,2,0,2,2,0,2,0,0,0,0,7
309624,VisitportugalAT,,2,0,2,2,0,2,0,0,0,0,7
309625,eDreams_pt,,3,0,3,3,0,3,0,0,0,0,7
309626,anujprajapati11,,3,0,3,3,0,3,0,0,0,0,7
309645,BullGuard,,2,0,2,2,0,2,0,0,0,0,7
309651,strasbourg,,3,0,3,3,0,3,0,0,0,0,2
309659,visit_algarve,,2,0,2,2,0,2,0,0,0,0,7
309662,AlgarveTourism,,2,0,2,2,0,2,0,0,0,0,7
309706,Algarve_com,,2,0,2,2,0,2,0,0,0,0,7
309709,JeffrenSuarezB,,2,0,2,2,0,2,0,0,0,0,1
309710,PaulaNevesD,,2,0,2,2,0,2,0,0,0,0,7
309724,EnzoLauretta,,2,0,2,2,0,2,0,0,0,0,7
309727,SUiro,,3,0,3,3,0,3,0,0,0,0,1
309728,kafkalidis,,2,0,2,2,0,2,0,0,0,0,7
309733,ErasmusSantiago,,2,0,2,2,0,2,0,0,0,0,7
309735,CEI_Secretariat,,2,0,2,2,0,2,0,0,0,0,7
309736,MemphisAbroad,,3,0,3,3,0,3,0,0,0,0,7
309737,MSUStudyAbroad,,3,0,3,3,0,3,0,0,0,0,7
309742,ExchangeStdnts,,2,0,2,2,0,2,0,0,0,0,7
309743,ExchangeLifee,,2,0,2,2,0,2,0,0,0,0,7
309744,ExchangeQuotes,,2,0,2,2,0,2,0,0,0,0,7
309745,DUAbroad,,3,0,3,3,0,3,0,0,0,0,7
309746,UTAstudyabroad,,3,0,3,3,0,3,0,0,0,0,7
309747,IllinoisAbroad,,3,0,3,3,0,3,0,0,0,0,7
309748,NCSUStudyAbroad,,3,0,3,3,0,3,0,0,0,0,7
309749,studyabroad8,,3,0,3,3,0,3,0,0,0,0,7
309750,studyabroad365,,2,0,2,2,0,2,0,0,0,0,7
309751,TheSAGuru,,2,0,2,2,0,2,0,0,0,0,7
309752,AppStateISESA,,2,0,2,2,0,2,0,0,0,0,7
309753,studyabroadHPU,,2,0,2,2,0,2,0,0,0,0,7
309754,SFU_StudyAbroad,,2,0,2,2,0,2,0,0,0,0,7
309755,studyabroadd,,2,0,2,2,0,2,0,0,0,0,7
309756,sd200911,,2,0,2,2,0,2,0,0,0,0,7
309757,StudyAbroadcoin,,2,0,2,2,0,2,0,0,0,0,7
309758,StudyAbroadAprl,,2,0,2,2,0,2,0,0,0,0,7
309759,KCLStudyAbroad,,3,0,3,3,0,3,0,0,0,0,7
309760,connect_at_hks,,2,0,2,2,0,2,0,0,0,0,7
309761,LifeAfterSA,,3,0,3,3,0,3,0,0,0,0,7
309766,lassalaillas,,2,0,2,2,0,2,0,0,0,0,0
309767,GranadaEsFutbol,,2,0,2,2,0,2,0,0,0,0,0
309768,PeligrosFS,,4,0,4,4,0,4,0,0,0,0,0
309769,alexgcfnumeros,,4,0,4,4,0,4,0,0,0,0,0
309772,CamisetasViajes,,3,0,3,3,0,3,0,0,0,0,0
309776,GranadaPro,,3,0,3,3,0,3,0,0,0,0,5
309777,vidriosgranada,,4,0,4,4,0,4,0,0,0,0,0
309778,Untelsur,,3,0,3,3,0,3,0,0,0,0,0
309779,elCockerBlog,,2,0,2,2,0,2,0,0,0,0,0
309780,GraduacionGrx,,3,0,3,3,0,3,0,0,0,0,0
309782,BrasaAway,,2,0,2,2,0,2,0,0,0,0,2
309786,QuarttoOficial,,3,0,3,3,0,3,0,0,0,0,1
309789,AT_NOTICIAS,,3,0,3,3,0,3,0,0,0,0,3
309795,carlosmchef3,,2,0,2,2,0,2,0,0,0,0,0
309796,cocinerosvolant,,2,0,2,2,0,2,0,0,0,0,0
309797,sitioparapostre,,3,0,3,3,0,3,0,0,0,0,0
309798,lugaresdenieve,,4,0,4,4,0,4,0,0,0,0,0
309799,Blobic_Granada,,3,0,3,3,0,3,0,0,0,0,0
309800,nevasport,,3,0,3,3,0,3,0,0,0,0,0
309801,Granaudio,,3,0,3,3,0,3,0,0,0,0,0
309802,FKGranada,,3,0,3,3,0,3,0,0,0,0,0
309803,diverplanes,,3,0,3,3,0,3,0,0,0,0,0
309805,CholloplanoA,,4,0,4,4,0,4,0,0,0,0,0
309806,Aceitesparati,,3,0,3,3,0,3,0,0,0,0,0
309807,GranadaFutbolin,,3,0,3,3,0,3,0,0,0,0,0
309808,FEDAGRANADA,,3,0,3,3,0,3,0,0,0,0,4
309809,ZapasGranada,,2,0,2,2,0,2,0,0,0,0,0
309810,YamahaGranada,,2,0,2,2,0,2,0,0,0,0,0
309811,Eneti2013,,3,0,3,3,0,3,0,0,0,0,0
309812,CRVeleta,,3,0,3,3,0,3,0,0,0,0,0
309813,BandasDeGranada,,3,0,3,3,0,3,0,0,0,0,0
309814,CofradesGranada,,3,0,3,3,0,3,0,0,0,0,0
309815,canalcbgranada,,3,0,3,3,0,3,0,0,0,0,0
309816,conrazoneresasi,,3,0,3,3,0,3,0,0,0,0,0
309817,oliveoiltimes,,2,0,2,2,0,2,0,0,0,0,0
309820,GrupoGastroarte,,2,0,2,2,0,2,0,0,0,0,0
309823,Foodtruckya,,3,0,3,3,0,3,0,0,0,0,0
309827,corroyexisto,,2,0,2,2,0,2,0,0,0,0,0
309829,CPpuntocom,,2,0,2,2,0,2,0,0,0,0,0
309830,PlanetaRunning,,2,0,2,2,0,2,0,0,0,0,0
309832,appvulebu,,2,0,2,2,0,2,0,0,0,0,6
309833,isagardiaz,,2,0,2,2,0,2,0,0,0,0,0
309834,HCastiLan,,3,0,3,3,0,3,0,0,0,0,0
309835,GastroRosaRivas,,3,0,3,3,0,3,0,0,0,0,0
309836,7canibales,,3,0,3,3,0,3,0,0,0,0,0
309837,PacoTorreblanca,,3,0,3,3,0,3,0,0,0,0,0
309838,raquelcarmona_,,2,0,2,2,0,2,0,0,0,0,0
309839,mfguada,,3,0,3,3,0,3,0,0,0,0,0
309840,losblogsdemaria,,2,0,2,2,0,2,0,0,0,0,0
309841,3daysdrunk_,,3,0,3,3,0,3,0,0,0,0,0
309842,holarecetas,,2,0,2,2,0,2,0,0,0,0,0
309843,missviajes,,3,0,3,3,0,3,0,0,0,0,0
309846,gourmeturbano,,3,0,3,3,0,3,0,0,0,0,0
309849,chefbusiness,,3,0,3,3,0,3,0,0,0,0,0
309850,tuvillarural,,3,0,3,3,0,3,0,0,0,0,2
309851,MarygreaceG,,2,0,2,2,0,2,0,0,0,0,0
309852,Almunecar_Ideal,,3,0,3,3,0,3,0,0,0,0,0
309853,abbahoteles,,4,0,4,4,0,4,0,0,0,0,0
309854,Vitahoteliers,,3,0,3,3,0,3,0,0,0,0,0
309855,hotelesma,,2,0,2,2,0,2,0,0,0,0,0
309856,hostelturcom,,2,0,2,2,0,2,0,0,0,0,0
309857,Rusticae,,3,0,3,3,0,3,0,0,0,0,0
309858,sonbossie,,2,0,2,2,0,2,0,0,0,0,0
309859,NewsTravelPhoto,,2,0,2,2,0,2,0,0,0,0,0
309860,TraviesoPress,,2,0,2,2,0,2,0,0,0,0,0
309861,ponientegranada,,2,0,2,2,0,2,0,0,0,0,0
309862,MercadoAndalusi,,2,0,2,2,0,2,0,0,0,0,0
309863,HotelLanjaron,,3,0,3,3,0,3,0,0,0,0,0
309864,manuelmartosp,,3,0,3,3,0,3,0,0,0,0,0
309865,asesorJarroyo,,3,0,3,3,0,3,0,0,0,0,0
309866,FiestaGranada,,5,0,5,5,0,5,0,0,0,0,0
309867,GlampingHub,,2,0,2,2,0,2,0,0,0,0,0
309868,eco_viajesweb,,2,0,2,2,0,2,0,0,0,0,0
309869,TorresVedras,,2,0,2,2,0,2,0,0,0,0,0
309870,toiromero2,,3,0,3,3,0,3,0,0,0,0,0
309871,RocioVicente_,,2,0,2,2,0,2,0,0,0,0,0
309872,GranadaTS,,3,0,3,3,0,3,0,0,0,0,6
309873,stabri,,2,0,2,2,0,2,0,0,0,0,0
309874,tripsbook,,2,0,2,2,0,2,0,0,0,0,0
309875,GTropical,,2,0,2,2,0,2,0,0,0,0,0
309876,TurismoShuetor,,3,0,3,3,0,3,0,0,0,0,0
309877,anadiazal,,2,0,2,2,0,2,0,0,0,0,0
309878,rlaestrella,,3,0,3,3,0,3,0,0,0,0,0
309879,NashiraGranada,,4,0,4,4,0,4,0,0,0,0,0
309880,BalneaLanjaron,,3,0,3,3,0,3,0,0,0,0,0
309881,MadinatIlbira,,2,0,2,2,0,2,0,0,0,0,0
309882,ChirimoyaDOP,,2,0,2,2,0,2,0,0,0,0,0
309883,Nexotour,,2,0,2,2,0,2,0,0,0,0,0
309884,taktice,,3,0,3,3,0,3,0,0,0,0,0
309885,jmbrocal,,3,0,3,3,0,3,0,0,0,0,0
309886,turispro,,2,0,2,2,0,2,0,0,0,0,0
309887,iturra_colocho,,3,0,3,3,0,3,0,0,0,0,0
309892,NMartinChange,,2,0,2,2,0,2,0,0,0,0,0
309893,valverdefernan,,3,0,3,3,0,3,0,0,0,0,0
309894,CristianArco,,2,0,2,2,0,2,0,0,0,0,0
309895,sergiomargar,,3,0,3,3,0,3,0,0,0,0,0
309896,AlexCM22,,3,0,3,3,0,3,0,0,0,0,0
309897,6adolfomartinez,,3,0,3,3,0,3,0,0,0,0,0
309900,alefeldman,,3,0,3,3,0,3,0,0,0,0,0
309901,ssgastronomika,,3,0,3,3,0,3,0,0,0,0,0
309902,aguadfuego,,2,0,2,2,0,2,0,0,0,0,0
309903,inexplorando,,2,0,2,2,0,2,0,0,0,0,0
309904,BancoTiempoJun,,4,0,4,4,0,4,0,0,0,0,0
309905,decasarural,,3,0,3,3,0,3,0,0,0,0,0
309907,rita_vz,,2,0,2,2,0,2,0,0,0,0,0
309908,HortoMartinSL,,2,0,2,2,0,2,0,0,0,0,0
309909,viajesrockyfoto,,2,0,2,2,0,2,0,0,0,0,0
309911,eventsbydaniela,,2,0,2,2,0,2,0,0,0,0,0
309912,MotionLookWeb,,3,0,3,3,0,3,0,0,0,0,0
309913,ecoprinterMotri,,3,0,3,3,0,3,0,0,0,0,0
309914,Fvico,,2,0,2,2,0,2,0,0,0,0,0
309915,inigolopez18,,3,0,3,3,0,3,0,0,0,0,0
309916,Remaipag,,3,0,3,3,0,3,0,0,0,0,0
309917,CampingPinarRey,,2,0,2,2,0,2,0,0,0,0,0
309918,guramix,,2,0,2,2,0,2,0,0,0,0,0
309919,kuveegr,,3,0,3,3,0,3,0,0,0,0,0
309920,marygreace8,,2,0,2,2,0,2,0,0,0,0,0
309921,dvgranada,,2,0,2,2,0,2,0,0,0,0,0
309922,Fleonrubio,,2,0,2,2,0,2,0,0,0,0,0
309923,avzarandieta,,2,0,2,2,0,2,0,0,0,0,0
309924,marperiodista26,,2,0,2,2,0,2,0,0,0,0,0
309925,Oscar5GR,,2,0,2,2,0,2,0,0,0,0,0
309926,RaquelJoaoLuz,,2,0,2,2,0,2,0,0,0,0,0
309927,manuelbustabad,,2,0,2,2,0,2,0,0,0,0,0
309928,GrxConsulting,,2,0,2,2,0,2,0,0,0,0,0
309929,eltomanotas,,3,0,3,3,0,3,0,0,0,0,0
309930,SoniaHinfre,,2,0,2,2,0,2,0,0,0,0,0
309931,diego_snchz,,2,0,2,2,0,2,0,0,0,0,0
309932,aapfotografo,,2,0,2,2,0,2,0,0,0,0,0
309933,RafaHdezCas,,3,0,3,3,0,3,0,0,0,0,0
309934,analeonrubio,,2,0,2,2,0,2,0,0,0,0,0
309935,frananera,,2,0,2,2,0,2,0,0,0,0,0
309936,aneratravel,,3,0,3,3,0,3,0,0,0,0,0
309937,CasitaCaracola,,2,0,2,2,0,2,0,0,0,0,0
309938,DanielaMartinsF,,2,0,2,2,0,2,0,0,0,0,0
309941,LibellulaMusic,,2,0,2,2,0,2,0,0,0,0,0
309976,ItalyWatchNews,,2,0,2,2,0,2,0,0,0,0,0
310055,israstiffler,,2,0,2,2,0,2,0,0,0,0,0
310090,CasaVinoJavea,,2,0,2,2,0,2,0,0,0,0,0
310111,alexanddips,,2,0,2,2,0,2,0,0,0,0,0
310126,AlveareDiceSi,,2,0,2,2,0,2,0,0,0,0,0
310140,AFCferrari,,2,0,2,2,0,2,0,0,0,0,0
310147,mkl,,2,0,2,2,0,2,0,0,0,0,0
310148,RiccardoE,,2,0,2,2,0,2,0,0,0,0,0
310184,PutzoluStefania,,3,0,3,3,0,3,0,0,0,0,3
310189,danilogpoggio,,2,0,2,2,0,2,0,0,0,0,0
310195,PAPCONGRESOS,,2,0,2,2,0,2,0,0,0,0,0
310196,PICCongresos,,3,0,3,3,0,3,0,0,0,0,0
310197,GrupoEvento,,2,0,2,2,0,2,0,0,0,0,0
310198,SeproEvents,,2,0,2,2,0,2,0,0,0,0,0
310211,MetroTorino,,2,0,2,2,0,2,0,0,0,0,2
310214,TorinoCronaca,,2,0,2,2,0,2,0,0,0,0,0
310217,MuseoArcheTO,,2,0,2,2,0,2,0,0,0,0,0
310223,SaraCostella,,2,0,2,2,0,2,0,0,0,0,0
310230,UdGFacTurisme,,2,0,2,2,0,2,0,0,0,0,0
310231,AHEAD_EU,,2,0,2,2,0,2,0,0,0,0,1
310232,ViBot_News,,2,0,2,2,0,2,0,0,0,0,0
310233,erasmusmundusve,,2,0,2,2,0,2,0,0,0,0,0
310235,MundusJourn,,2,0,2,2,0,2,0,0,0,0,1
310236,eucugoe,,2,0,2,2,0,2,0,0,0,0,0
310237,MundusEtEcrea,,3,0,3,3,0,3,0,0,0,0,1
310239,ErasmusMundusIN,,2,0,2,2,0,2,0,0,0,0,1
310240,erasmuscasia,,2,0,2,2,0,2,0,0,0,0,0
310241,EM_IMSE,,2,0,2,2,0,2,0,0,0,0,0
310242,TEEMEKent,,2,0,2,2,0,2,0,0,0,0,0
310243,ErasmusVolley,,2,0,2,2,0,2,0,0,0,0,0
310245,TEDxErasmus,,2,0,2,2,0,2,0,0,0,0,1
310248,Ipsoa,,2,0,2,2,0,2,0,0,0,0,0
310251,AssociazioneAIM,,2,0,2,2,0,2,0,0,0,0,0
310256,informazionecs,,2,0,2,2,0,2,0,0,0,0,0
310257,ZON_Tweet,,3,0,3,3,0,3,0,0,0,0,3
310260,paoladelusa,,2,0,2,2,0,2,0,0,0,0,0
310266,uninews24,,3,0,3,3,0,3,0,0,0,0,3
310267,LebDevNet,,2,0,2,2,0,2,0,0,0,0,0
310280,EXPLORAMAS,,3,0,3,3,0,3,0,0,0,0,0
310281,ProtocoolBlog,,2,0,2,2,0,2,0,0,0,0,0
310285,tuseteventos,,2,0,2,2,0,2,0,0,0,0,0
310287,evenTwo_com,,2,0,2,2,0,2,0,0,0,0,0
310288,ClubExclEventos,,2,0,2,2,0,2,0,0,0,0,0
310291,Esmovilidad,,2,0,2,2,0,2,0,0,0,0,0
310293,EXCELLEVENTS,,2,0,2,2,0,2,0,0,0,0,0
310297,vanmatnat,,2,0,2,2,0,2,0,0,0,0,0
310298,carmeloprotocol,,3,0,3,3,0,3,0,0,0,0,0
310302,tatiana_gordo,,2,0,2,2,0,2,0,0,0,0,0
310303,Nahirre,,2,0,2,2,0,2,0,0,0,0,0
310309,OICP_Protocolo,,2,0,2,2,0,2,0,0,0,0,0
310313,meraki_cultura,,2,0,2,2,0,2,0,0,0,0,0
310315,protocoloh_o,,2,0,2,2,0,2,0,0,0,0,0
310329,congresoOPC_es,,2,0,2,2,0,2,0,0,0,0,0
310334,soniadelrioh,,2,0,2,2,0,2,0,0,0,0,0
310337,chelisuarez,,3,0,3,3,0,3,0,0,0,0,0
310338,karl_sanz,,2,0,2,2,0,2,0,0,0,0,0
310347,Silvia_AguilarJ,,2,0,2,2,0,2,0,0,0,0,0
310348,Marichel_Lopez,,2,0,2,2,0,2,0,0,0,0,0
310355,GilAlbertIAC,,2,0,2,2,0,2,0,0,0,0,0
310357,ColPublirpCV,,2,0,2,2,0,2,0,0,0,0,0
310360,ProtocoloIPE,,2,0,2,2,0,2,0,0,0,0,0
310362,fjpradana,,2,0,2,2,0,2,0,0,0,0,0
310372,AEVEA_eventos,,3,0,3,3,0,3,0,0,0,0,0
310375,educaedupro,,3,0,3,3,0,3,0,0,0,0,0
310383,SemSeoyMas,,2,0,2,2,0,2,0,0,0,0,0
310384,staff_eventos,,3,0,3,3,0,3,0,0,0,0,0
310386,csmediterraneo,,2,0,2,2,0,2,0,0,0,0,0
310388,mmatmediadora,,2,0,2,2,0,2,0,0,0,0,0
310389,Estrella_staff,,2,0,2,2,0,2,0,0,0,0,0
310391,bocemtium,,2,0,2,2,0,2,0,0,0,0,0
310397,IssaJouaneh,,2,0,2,2,0,2,0,0,0,0,0
310400,Hector_MacGar,,2,0,2,2,0,2,0,0,0,0,0
310401,algomasquemk,,3,0,3,3,0,3,0,0,0,0,0
310409,SanaBlasco,,2,0,2,2,0,2,0,0,0,0,0
310410,DiplomaciaDigit,,2,0,2,2,0,2,0,0,0,0,0
310412,Orexco,,2,0,2,2,0,2,0,0,0,0,0
310414,majocerber,,2,0,2,2,0,2,0,0,0,0,0
310416,connexFr,,2,0,2,2,0,2,0,0,0,0,0
310417,ErasmusPoint,,2,0,2,2,0,2,0,0,0,0,0
310418,UKC_Erasmus,,2,0,2,2,0,2,0,0,0,0,0
310419,Erasmus_Bilbao,,3,0,3,3,0,3,0,0,0,0,7
310420,jpbalkenende,,2,0,2,2,0,2,0,0,0,0,0
310422,Erasmus_Burgos,,2,0,2,2,0,2,0,0,0,0,0
310425,Webchatlanguage,,2,0,2,2,0,2,0,0,0,0,0
310426,1place4you,,2,0,2,2,0,2,0,0,0,0,7
310430,ErasmusUAB,,2,0,2,2,0,2,0,0,0,0,7
310432,dondeteloenvio,,2,0,2,2,0,2,0,0,0,0,0
310433,Healthiack,,2,0,2,2,0,2,0,0,0,0,1
310434,serbebar,,2,0,2,2,0,2,0,0,0,0,0
310435,adele_sindoni,,2,0,2,2,0,2,0,0,0,0,0
310436,DE2015ESN,,2,0,2,2,0,2,0,0,0,0,0
310437,emtm_official,,3,0,3,3,0,3,0,0,0,0,2
310438,BNI_Erasmus,,2,0,2,2,0,2,0,0,0,0,0
310439,ErasmusMundusEC,,3,0,3,3,0,3,0,0,0,0,4
310440,erasmusmexico,,3,0,3,3,0,3,0,0,0,0,0
310441,OptimaErasmus,,3,0,3,3,0,3,0,0,0,0,0
310447,erasmusmcjobs,,3,0,3,3,0,3,0,0,0,0,2
310448,71Altay,,2,0,2,2,0,2,0,0,0,0,0
310449,FundLucaDeTena,,2,0,2,2,0,2,0,0,0,0,0
310452,VoresE,,2,0,2,2,0,2,0,0,0,0,0
310519,Alessia40LA,,2,0,2,2,0,2,0,0,0,0,3
310522,azael,,2,0,2,2,0,2,0,0,0,0,0
310610,alegiomi,,3,0,3,3,0,3,0,0,0,0,3
310621,Flaviaventosole,,3,0,3,3,0,3,0,0,0,0,3
310637,GodSaveTheMktg,,2,0,2,2,0,2,0,0,0,0,0
310673,TorinoMyCity,,2,0,2,2,0,2,0,0,0,0,0
310678,sitornabene,,2,0,2,2,0,2,0,0,0,0,0
310721,jgrobles,,2,0,2,2,0,2,0,0,0,0,0
310725,hamiltonsantia,,2,0,2,2,0,2,0,0,0,0,0
310744,Franconiphotos,,3,0,3,3,0,3,0,0,0,0,3
310766,RedGlow,,2,0,2,2,0,2,0,0,0,0,0
310866,MondoAeroporto,,2,0,2,2,0,2,0,0,0,0,2
310871,Erasmustorin011,,2,0,2,2,0,2,0,0,0,0,2
310924,newsTorino,,2,0,2,2,0,2,0,0,0,0,0
310959,Gameloft_Italy,,2,0,2,2,0,2,0,0,0,0,0
310969,card_student,,2,0,2,2,0,2,0,0,0,0,1
310980,StarshipRobots,,2,0,2,2,0,2,0,0,0,0,1
311014,AI_Madrid,,3,0,3,3,0,3,0,0,0,0,1
311020,BIGinterns,,2,0,2,2,0,2,0,0,0,0,1
311022,ByrdziakLoui,,2,0,2,2,0,2,0,0,0,0,1
311023,eucarioticax,,2,0,2,2,0,2,0,0,0,0,1
311027,wantedinrome,,2,0,2,2,0,2,0,0,0,0,1
311037,Travel_Naples,,2,0,2,2,0,2,0,0,0,0,3
311038,VisitCZ,,3,0,3,3,0,3,0,0,0,0,1
311039,PragueEU,,3,0,3,3,0,3,0,0,0,0,1
311058,studieren_ww,,2,0,2,2,0,2,0,0,0,0,1
311065,Visit__Croatia,,2,0,2,2,0,2,0,0,0,0,1
311066,StudentWise_UK,,2,0,2,2,0,2,0,0,0,0,1
311074,thewebsitegroup,,2,0,2,2,0,2,0,0,0,0,1
311091,gruenderszene,,2,0,2,2,0,2,0,0,0,0,1
311114,hubraum,,2,0,2,2,0,2,0,0,0,0,1
311117,theheureka,,2,0,2,2,0,2,0,0,0,0,1
311118,SloveniaInfo,,3,0,3,3,0,3,0,0,0,0,1
311125,ZavodYpsilon,,3,0,3,3,0,3,0,0,0,0,1
311126,Delo,,2,0,2,2,0,2,0,0,0,0,1
311128,TrendBelleza,,3,0,3,3,0,3,0,0,0,0,2
311130,omarmontesSr,,2,0,2,2,0,2,0,0,0,0,2
311131,jjaviervazquez,,4,0,4,4,0,4,0,0,0,0,2
311132,HugoGH121,,2,0,2,2,0,2,0,0,0,0,5
311133,exploreorg,,2,0,2,2,0,2,0,0,0,0,2
311136,lahabdelpanico,,2,0,2,2,0,2,0,0,0,0,2
311137,revistaQMD,,2,0,2,2,0,2,0,0,0,0,6
311138,jaimeguerrag,,3,0,3,3,0,3,0,0,0,0,2
311139,MariasanchezzGH,,3,0,3,3,0,3,0,0,0,0,5
311140,Paquirri74,,4,0,4,4,0,4,0,0,0,0,2
311141,aureliomanzano,,3,0,3,3,0,3,0,0,0,0,2
311142,jesuslocampos,,2,0,2,2,0,2,0,0,0,0,2
311144,olvihormigos,,2,0,2,2,0,2,0,0,0,0,2
311145,miteleonline,,3,0,3,3,0,3,0,0,0,0,2
311146,SandraBarneda,,3,0,3,3,0,3,0,0,0,0,2
311149,GHVIP_SV,,2,0,2,2,0,2,0,0,0,0,2
311152,gusgonzalves,,3,0,3,3,0,3,0,0,0,0,2
311154,ChiquiGH10,,2,0,2,2,0,2,0,0,0,0,2
311155,CarolinaSobeOfi,,3,0,3,3,0,3,0,0,0,0,2
311156,Omar_Su,,3,0,3,3,0,3,0,0,0,0,2
311157,maria_patino,,3,0,3,3,0,3,0,0,0,0,2
311158,Makoke_,,2,0,2,2,0,2,0,0,0,0,2
311159,RBenitoOficial,,3,0,3,3,0,3,0,0,0,0,2
311160,chgarciacortes,,3,0,3,3,0,3,0,0,0,0,2
311161,Porteroangela,,2,0,2,2,0,2,0,0,0,0,2
311162,TSanchisG,,2,0,2,2,0,2,0,0,0,0,2
311163,Caesaris,,2,0,2,2,0,2,0,0,0,0,2
311164,Anabel_DC,,2,0,2,2,0,2,0,0,0,0,2
311166,Pepeflores1306,,3,0,3,3,0,3,0,0,0,0,2
311167,yagohermidagh12,,2,0,2,2,0,2,0,0,0,0,2
311174,belenrdguez,,2,0,2,2,0,2,0,0,0,0,2
311175,LydiaLozanoOf,,2,0,2,2,0,2,0,0,0,0,2
311178,chivasregal_ES,,2,0,2,2,0,2,0,0,0,0,2
311188,LauraGH12,,3,0,3,3,0,3,0,0,0,0,2
311192,joselitohamster,,2,0,2,2,0,2,0,0,0,0,2
311194,CSanBernardino,,2,0,2,2,0,2,0,0,0,0,2
311210,Karolina_WO,,3,0,3,3,0,3,0,0,0,0,1
311217,CarrefourEurope,,2,0,2,2,0,2,0,0,0,0,1
311219,ZEIBonn,,2,0,2,2,0,2,0,0,0,0,1
311227,HeikoMaas,,2,0,2,2,0,2,0,0,0,0,1
311229,ErasmusVirtual,,3,0,3,3,0,3,0,0,0,0,1
311237,DanskIndustri,,2,0,2,2,0,2,0,0,0,0,1
311258,SeixoDani,,2,0,2,2,0,2,0,0,0,0,6
311269,SanamF24,,2,0,2,2,0,2,0,0,0,0,1
311297,Gulnuray,,2,0,2,2,0,2,0,0,0,0,2
311305,PervinBuldan,,2,0,2,2,0,2,0,0,0,0,2
311315,sthlmresilience,,2,0,2,2,0,2,0,0,0,0,1
311348,UNSDSN,,2,0,2,2,0,2,0,0,0,0,1
311352,SDSN_Germany,,2,0,2,2,0,2,0,0,0,0,1
311370,SDSNYouth,,2,0,2,2,0,2,0,0,0,0,1
311373,JY_LeDrian,,2,0,2,2,0,2,0,0,0,0,1
311377,SDG_Academy,,2,0,2,2,0,2,0,0,0,0,1
311380,Europarl_GA,,3,0,3,3,0,3,0,0,0,0,1
311383,WajidKhanMayor,,2,0,2,2,0,2,0,0,0,0,1
311385,RT_1917,,2,0,2,2,0,2,0,0,0,0,1
311391,ansa_english,,2,0,2,2,0,2,0,0,0,0,1
311392,letsdoitgreece,,2,0,2,2,0,2,0,0,0,0,1
311395,ReutersUK,,2,0,2,2,0,2,0,0,0,0,1
311404,UDIjeunes,,2,0,2,2,0,2,0,0,0,0,1
311406,JFD_UDI,,2,0,2,2,0,2,0,0,0,0,1
311408,nordenen,,2,0,2,2,0,2,0,0,0,0,1
311416,AlainCadec,,2,0,2,2,0,2,0,0,0,0,1
311417,TPicula,,2,0,2,2,0,2,0,0,0,0,1
311418,DacianaSarbu,,2,0,2,2,0,2,0,0,0,0,1
311420,renateweber,,2,0,2,2,0,2,0,0,0,0,1
311428,AlfonsoDastisQ,,3,0,3,3,0,3,0,0,0,0,2
311430,c_lindner,,2,0,2,2,0,2,0,0,0,0,1
311444,fggaleiden,,2,0,2,2,0,2,0,0,0,0,1
311445,Passim_ES,,2,0,2,2,0,2,0,0,0,0,1
311447,_carloscam_,,2,0,2,2,0,2,0,0,0,0,2
311453,France_UNESCO,,2,0,2,2,0,2,0,0,0,0,1
311455,MA_Campana,,2,0,2,2,0,2,0,0,0,0,1
311463,B_Izetbegovic,,2,0,2,2,0,2,0,0,0,0,1
311470,Alfonso_Hurtado,,2,0,2,2,0,2,0,0,0,0,0
311472,ColumbiaEurope,,2,0,2,2,0,2,0,0,0,0,1
311475,jason_deegan,,2,0,2,2,0,2,0,0,0,0,1
311476,AntiCorruptIntl,,3,0,3,3,0,3,0,0,0,0,1
311494,PLinRomania,,2,0,2,2,0,2,0,0,0,0,1
311495,TheEIU_Europe,,2,0,2,2,0,2,0,0,0,0,6
311496,FIIA_fi,,2,0,2,2,0,2,0,0,0,0,1
311497,SIPRIorg,,2,0,2,2,0,2,0,0,0,0,1
311500,S_Adomavicius,,2,0,2,2,0,2,0,0,0,0,1
311513,DantiNicola,,2,0,2,2,0,2,0,0,0,0,3
311523,SJLambrinidis,,2,0,2,2,0,2,0,0,0,0,1
311529,EPWashingtonDC,,3,0,3,3,0,3,0,0,0,0,1
311534,BorutPahor,,3,0,3,3,0,3,0,0,0,0,1
311536,EndaKennyTD,,2,0,2,2,0,2,0,0,0,0,1
311539,etorrespodemos,,2,0,2,2,0,2,0,0,0,0,1
311541,DavideDenti,,2,0,2,2,0,2,0,0,0,0,1
311551,1for7billion,,2,0,2,2,0,2,0,0,0,0,2
311562,mortenhelveg,,2,0,2,2,0,2,0,0,0,0,1
311564,MargreteAuken,,2,0,2,2,0,2,0,0,0,0,1
311566,Caninator,,3,0,3,3,0,3,0,0,0,0,0
311567,MarinaAlbiol,,3,0,3,3,0,3,0,0,0,0,1
311569,jaatteenmaki,,2,0,2,2,0,2,0,0,0,0,1
311570,petrisarvamaa,,2,0,2,2,0,2,0,0,0,0,1
311572,LauristinMarju,,2,0,2,2,0,2,0,0,0,0,1
311573,STA_novice,,2,0,2,2,0,2,0,0,0,0,1
311577,lidiageringer,,2,0,2,2,0,2,0,0,0,0,1
311578,DJazlowiecka,,2,0,2,2,0,2,0,0,0,0,1
311584,JillRhondda,,2,0,2,2,0,2,0,0,0,0,1
311587,NirjDeva,,2,0,2,2,0,2,0,0,0,0,1
311589,anthea_mcintyre,,2,0,2,2,0,2,0,0,0,0,1
311591,DCBMEP,,2,0,2,2,0,2,0,0,0,0,1
311592,WimvandeCamp,,2,0,2,2,0,2,0,0,0,0,1
311596,anjahazekamp,,2,0,2,2,0,2,0,0,0,0,1
311597,DdJong,,2,0,2,2,0,2,0,0,0,0,1
311600,KatiPiri,,2,0,2,2,0,2,0,0,0,0,1
311601,AnnieSchreijer,,2,0,2,2,0,2,0,0,0,0,1
311602,jeroen_lenaers,,2,0,2,2,0,2,0,0,0,0,1
311603,BZdrojewski,,2,0,2,2,0,2,0,0,0,0,1
311606,BartStaes,,2,0,2,2,0,2,0,0,0,0,1
311608,SofiaSakorafa,,2,0,2,2,0,2,0,0,0,0,1
311609,MariaSpyraki,,2,0,2,2,0,2,0,0,0,0,1
311610,M_Kefalogiannis,,2,0,2,2,0,2,0,0,0,0,1
311611,vozemberg,,2,0,2,2,0,2,0,0,0,0,1
311612,GiorgosKyrtsos,,2,0,2,2,0,2,0,0,0,0,1
311613,Chrysogonos_K,,2,0,2,2,0,2,0,0,0,0,1
311614,EvaKaili,,2,0,2,2,0,2,0,0,0,0,1
311615,papadimoulis,,2,0,2,2,0,2,0,0,0,0,1
311616,ENNA_EU,,2,0,2,2,0,2,0,0,0,0,1
311623,RomanaTomc,,2,0,2,2,0,2,0,0,0,0,1
311625,DavorSkrlec,,2,0,2,2,0,2,0,0,0,0,1
311627,damiandraghici,,2,0,2,2,0,2,0,0,0,0,1
311630,TheodorStolojan,,2,0,2,2,0,2,0,0,0,0,1
311631,CDPreda,,2,0,2,2,0,2,0,0,0,0,1
311634,AntonioPanzeri,,2,0,2,2,0,2,0,0,0,0,1
311635,borrellidavid,,2,0,2,2,0,2,0,0,0,0,1
311636,ignaziocorrao,,2,0,2,2,0,2,0,0,0,0,1
311637,FMCastaldo,,2,0,2,2,0,2,0,0,0,0,1
311638,cozzolino62,,2,0,2,2,0,2,0,0,0,0,3
311639,toiapatrizia,,2,0,2,2,0,2,0,0,0,0,1
311640,JuttaSteinruck,,2,0,2,2,0,2,0,0,0,0,1
311642,berndlange,,2,0,2,2,0,2,0,0,0,0,1
311643,paolodecastro,,2,0,2,2,0,2,0,0,0,0,1
311644,giovannilavia,,2,0,2,2,0,2,0,0,0,0,1
311648,LordKirkhope,,2,0,2,2,0,2,0,0,0,0,1
311650,WalesaJL,,2,0,2,2,0,2,0,0,0,0,1
311652,TomasZdechovsky,,2,0,2,2,0,2,0,0,0,0,1
311654,JezekCZ,,2,0,2,2,0,2,0,0,0,0,1
311655,pavelpoc,,2,0,2,2,0,2,0,0,0,0,1
311656,RadioPrague,,2,0,2,2,0,2,0,0,0,0,2
311658,EduardKukan,,2,0,2,2,0,2,0,0,0,0,1
311663,LinneaEngstrom,,2,0,2,2,0,2,0,0,0,0,1
311664,jensni,,2,0,2,2,0,2,0,0,0,0,1
311665,Fjellner,,3,0,3,3,0,3,0,0,0,0,1
311666,SorayaPostFi,,2,0,2,2,0,2,0,0,0,0,1
311667,AnnaHedh,,2,0,2,2,0,2,0,0,0,0,1
311669,maritaulvskog,,2,0,2,2,0,2,0,0,0,0,1
311670,federley,,2,0,2,2,0,2,0,0,0,0,1
311671,olleludvigsson,,2,0,2,2,0,2,0,0,0,0,1
311672,EuropaJens,,2,0,2,2,0,2,0,0,0,0,1
311675,AndorDeli,,2,0,2,2,0,2,0,0,0,0,1
311676,schpfln,,2,0,2,2,0,2,0,0,0,0,1
311693,childreninwar,,3,0,3,3,0,3,0,0,0,0,1
311694,Welthungerhilfe,,3,0,3,3,0,3,0,0,0,0,1
311695,DDisplacement,,2,0,2,2,0,2,0,0,0,0,1
311696,MFAgovge,,2,0,2,2,0,2,0,0,0,0,1
311700,UN_Valovaya,,2,0,2,2,0,2,0,0,0,0,1
311701,ISHRglobal,,2,0,2,2,0,2,0,0,0,0,2
311704,uni_li,,3,0,3,3,0,3,0,0,0,0,1
311714,amberinzaman,,2,0,2,2,0,2,0,0,0,0,2
311716,Senat_Direct,,3,0,3,3,0,3,0,0,0,0,8
311765,Wake_up_Europe,,2,0,2,2,0,2,0,0,0,0,7
311768,gloombat,,2,0,2,2,0,2,0,0,0,0,1
311902,gksteinhauser,,3,0,3,3,0,3,0,0,0,0,1
311907,PLinPortugal,,2,0,2,2,0,2,0,0,0,0,7
311915,UKRENtweets,,2,0,2,2,0,2,0,0,0,0,2
311918,StatewatchEU,,2,0,2,2,0,2,0,0,0,0,1
311919,FinInstLondon,,2,0,2,2,0,2,0,0,0,0,1
311921,CED_MIZIL,,2,0,2,2,0,2,0,0,0,0,1
311923,AnastasiadesCY,,2,0,2,2,0,2,0,0,0,0,1
311925,HardemanHildeML,,2,0,2,2,0,2,0,0,0,0,3
311926,H4Cooperation,,2,0,2,2,0,2,0,0,0,0,1
311933,PeterSimonMEP,,2,0,2,2,0,2,0,0,0,0,1
311934,ASanderMEP,,2,0,2,2,0,2,0,0,0,0,1
311936,richardhowitt,,3,0,3,3,0,3,0,0,0,0,1
311945,SDMumford,,2,0,2,2,0,2,0,0,0,0,1
311950,MelissaFleming,,2,0,2,2,0,2,0,0,0,0,3
311956,culturaltales,,2,0,2,2,0,2,0,0,0,0,1
311957,ShackletonLucy,,2,0,2,2,0,2,0,0,0,0,1
311985,MSF_USA,,3,0,3,3,0,3,0,0,0,0,2
311989,puremedias,,2,0,2,2,0,2,0,0,0,0,7
311993,EwanCMacphee,,2,0,2,2,0,2,0,0,0,0,1
312014,Partido_PAN,,2,0,2,2,0,2,0,0,0,0,7
312024,refugeestudies,,2,0,2,2,0,2,0,0,0,0,1
312030,guneyyildiz,,2,0,2,2,0,2,0,0,0,0,2
312037,planpolitik,,2,0,2,2,0,2,0,0,0,0,1
312043,VeikoSpolitis,,2,0,2,2,0,2,0,0,0,0,1
312046,vtchakarova,,3,0,3,3,0,3,0,0,0,0,1
312059,yann_bonnet,,2,0,2,2,0,2,0,0,0,0,8
312060,Europioneers,,2,0,2,2,0,2,0,0,0,0,3
312061,DirkHoeren,,2,0,2,2,0,2,0,0,0,0,1
312070,eujobsireland,,2,0,2,2,0,2,0,0,0,0,1
312071,DeirdreCluneMEP,,3,0,3,3,0,3,0,0,0,0,1
312075,MJRLdeGraaff,,2,0,2,2,0,2,0,0,0,0,1
312091,MartaInIndia,,2,0,2,2,0,2,0,0,0,0,1
312105,AnttiTimonen,,3,0,3,3,0,3,0,0,0,0,1
312108,Adrienn_Geges,,2,0,2,2,0,2,0,0,0,0,1
312110,E_Krukowska,,2,0,2,2,0,2,0,0,0,0,1
312118,demicolikeith,,2,0,2,2,0,2,0,0,0,0,1
312120,labellanhdez,,2,0,2,2,0,2,0,0,0,0,6
312121,KostasSasma,,2,0,2,2,0,2,0,0,0,0,1
312122,NicoleBockstall,,2,0,2,2,0,2,0,0,0,0,1
312123,StefanLeifert,,2,0,2,2,0,2,0,0,0,0,1
312127,daniel_puglisi,,2,0,2,2,0,2,0,0,0,0,1
312130,Gianna_lc,,2,0,2,2,0,2,0,0,0,0,1
312133,PhilippRicard,,3,0,3,3,0,3,0,0,0,0,1
312140,EUinRussia,,3,0,3,3,0,3,0,0,0,0,1
312148,P_VanDamme_EU,,2,0,2,2,0,2,0,0,0,0,1
312149,julianpopov,,2,0,2,2,0,2,0,0,0,0,2
312152,Kasparov63,,2,0,2,2,0,2,0,0,0,0,1
312154,charanzova,,2,0,2,2,0,2,0,0,0,0,1
312176,sven_giegold,,2,0,2,2,0,2,0,0,0,0,1
312184,Mercer_US,,2,0,2,2,0,2,0,0,0,0,1
312221,EMSEA_news,,2,0,2,2,0,2,0,0,0,0,1
312240,StyleEU,,2,0,2,2,0,2,0,0,0,0,1
312242,judithineuropa,,3,0,3,3,0,3,0,0,0,0,1
312243,JudithMerkies,,2,0,2,2,0,2,0,0,0,0,1
312259,EFBiotechnology,,2,0,2,2,0,2,0,0,0,0,2
312278,GulGTuran,,2,0,2,2,0,2,0,0,0,0,1
312281,euxcel,,2,0,2,2,0,2,0,0,0,0,3
312294,ever2excel,,2,0,2,2,0,2,0,0,0,0,1
312311,MattiaPontedera,,2,0,2,2,0,2,0,0,0,0,3
312314,MBross_pp,,2,0,2,2,0,2,0,0,0,0,0
312327,MorganinMadrid,,2,0,2,2,0,2,0,0,0,0,1
312328,Alvaro_DLaCruz,,2,0,2,2,0,2,0,0,0,0,1
312338,PauSolanilla,,2,0,2,2,0,2,0,0,0,0,5
312342,AntonellaBuja,,2,0,2,2,0,2,0,0,0,0,3
312351,btkrth,,2,0,2,2,0,2,0,0,0,0,1
312390,GrosseteteF,,2,0,2,2,0,2,0,0,0,0,1
312391,spietikainen,,2,0,2,2,0,2,0,0,0,0,1
312396,rMdes_,,2,0,2,2,0,2,0,0,0,0,1
312402,Efkouts,,2,0,2,2,0,2,0,0,0,0,1
312446,EINCentrEurope,,2,0,2,2,0,2,0,0,0,0,1
312449,EUCYS,,2,0,2,2,0,2,0,0,0,0,1
312450,OEPM_es,,3,0,3,3,0,3,0,0,0,0,4
312452,BESTorg_EBEC,,3,0,3,3,0,3,0,0,0,0,7
312455,ceseand_een,,2,0,2,2,0,2,0,0,0,0,4
312462,BabelSevilla,,2,0,2,2,0,2,0,0,0,0,1
312464,M_Gniazdowski,,2,0,2,2,0,2,0,0,0,0,3
312465,Judy_Dempsey,,3,0,3,3,0,3,0,0,0,0,1
312466,jan_techau,,2,0,2,2,0,2,0,0,0,0,1
312469,arena_uio,,2,0,2,2,0,2,0,0,0,0,1
312478,Tomjez,,2,0,2,2,0,2,0,0,0,0,1
312498,JeanPaulVillie,,2,0,2,2,0,2,0,0,0,0,1
312499,TEXMEDClusters,,2,0,2,2,0,2,0,0,0,0,1
312506,UmayyadRoute,,2,0,2,2,0,2,0,0,0,0,1
312507,EPSAawards,,2,0,2,2,0,2,0,0,0,0,1
312510,BETTER_PROJECT,,2,0,2,2,0,2,0,0,0,0,1
312512,marie_bul,,2,0,2,2,0,2,0,0,0,0,1
312532,Ecorys,,2,0,2,2,0,2,0,0,0,0,1
312553,ELSA_BG,,2,0,2,2,0,2,0,0,0,0,1
312554,ELSAGenova,,2,0,2,2,0,2,0,0,0,0,1
312555,ELSARoma,,2,0,2,2,0,2,0,0,0,0,1
312557,ELSA_Albania,,3,0,3,3,0,3,0,0,0,0,1
312558,ELSATrieste,,2,0,2,2,0,2,0,0,0,0,1
312561,ELSA_Passau,,2,0,2,2,0,2,0,0,0,0,1
312562,elsakoeln,,2,0,2,2,0,2,0,0,0,0,1
312563,elsaukraine,,2,0,2,2,0,2,0,0,0,0,1
312564,elsavienna,,2,0,2,2,0,2,0,0,0,0,1
312565,ELSAGiessen,,2,0,2,2,0,2,0,0,0,0,1
312567,ELSA_Belgium,,2,0,2,2,0,2,0,0,0,0,1
312568,ELSAPoland,,2,0,2,2,0,2,0,0,0,0,1
312570,elsaportugal,,2,0,2,2,0,2,0,0,0,0,1
312572,elsanantes,,2,0,2,2,0,2,0,0,0,0,1
312575,ELSATrento1,,2,0,2,2,0,2,0,0,0,0,1
312578,ElsaValladolid,,2,0,2,2,0,2,0,0,0,0,1
312579,ELSA_Germany,,3,0,3,3,0,3,0,0,0,0,1
312580,ELSATurkey,,2,0,2,2,0,2,0,0,0,0,1
312581,elsaaustria,,2,0,2,2,0,2,0,0,0,0,1
312585,elsaspb,,3,0,3,3,0,3,0,0,0,0,1
312588,ELSAMaribor,,2,0,2,2,0,2,0,0,0,0,1
312589,elsa_cordoba,,3,0,3,3,0,3,0,0,0,0,1
312590,ELSARotterdam,,3,0,3,3,0,3,0,0,0,0,1
312592,elsaspain,,2,0,2,2,0,2,0,0,0,0,1
312594,ELSARomania,,3,0,3,3,0,3,0,0,0,0,1
312600,ELSA_Lyon,,2,0,2,2,0,2,0,0,0,0,1
312601,ELSADeusto,,2,0,2,2,0,2,0,0,0,0,1
312604,ELSA_Palermo,,2,0,2,2,0,2,0,0,0,0,1
312605,ELSACagliari,,2,0,2,2,0,2,0,0,0,0,1
312606,ELSASlovenia,,2,0,2,2,0,2,0,0,0,0,1
312607,ELSA_Milano,,3,0,3,3,0,3,0,0,0,0,1
312610,ELSA_Konstanz,,2,0,2,2,0,2,0,0,0,0,1
312612,ELSABologna,,3,0,3,3,0,3,0,0,0,0,1
312613,ELSA_Spain_,,2,0,2,2,0,2,0,0,0,0,1
312614,ELSALeicester,,3,0,3,3,0,3,0,0,0,0,1
312615,Elsa_Bielefeld,,2,0,2,2,0,2,0,0,0,0,1
312616,elsaparisasso,,2,0,2,2,0,2,0,0,0,0,1
312617,ELSA_Ankara,,2,0,2,2,0,2,0,0,0,0,1
312618,ELSAItaly,,2,0,2,2,0,2,0,0,0,0,1
312619,ELSA_UK,,2,0,2,2,0,2,0,0,0,0,1
312620,ELSALuxembourg,,2,0,2,2,0,2,0,0,0,0,1
312626,EoEAlliance,,2,0,2,2,0,2,0,0,0,0,1
312631,NicoleZandi,,2,0,2,2,0,2,0,0,0,0,1
312638,auvergnerhalpes,,2,0,2,2,0,2,0,0,0,0,1
312672,EUDirectCham,,2,0,2,2,0,2,0,0,0,0,1
312673,EDTarnave,,3,0,3,3,0,3,0,0,0,0,1
312674,Danaradulescu,,2,0,2,2,0,2,0,0,0,0,1
312675,EuropeDirectVl,,2,0,2,2,0,2,0,0,0,0,1
312689,annawitten,,2,0,2,2,0,2,0,0,0,0,3
312692,Veroauger_eu,,2,0,2,2,0,2,0,0,0,0,1
312693,AJMonnet,,2,0,2,2,0,2,0,0,0,0,1
312696,edouardmartinEU,,2,0,2,2,0,2,0,0,0,0,1
312698,daniele_noel,,2,0,2,2,0,2,0,0,0,0,8
312699,PompidouMetz,,2,0,2,2,0,2,0,0,0,0,8
312700,julienpea,,3,0,3,3,0,3,0,0,0,0,1
312718,danielchernilo,,2,0,2,2,0,2,0,0,0,0,1
312720,kvanbrempt,,3,0,3,3,0,3,0,0,0,0,1
312723,LaurinaviciusM,,2,0,2,2,0,2,0,0,0,0,1
312725,MJanukonis,,2,0,2,2,0,2,0,0,0,0,1
312726,transatlantic,,2,0,2,2,0,2,0,0,0,0,1
312728,vadzol,,2,0,2,2,0,2,0,0,0,0,1
312737,Dav1s_21,,2,0,2,2,0,2,0,0,0,0,4
312763,varvuolis,,2,0,2,2,0,2,0,0,0,0,1
312773,MissMoulana,,2,0,2,2,0,2,0,0,0,0,1
312778,Frederick_M_,,2,0,2,2,0,2,0,0,0,0,1
312789,DeanHristov,,2,0,2,2,0,2,0,0,0,0,1
312792,andreykovatchev,,2,0,2,2,0,2,0,0,0,0,1
312793,LeandaBL,,2,0,2,2,0,2,0,0,0,0,1
312794,tomeuk,,2,0,2,2,0,2,0,0,0,0,1
312800,negrescuvictor,,2,0,2,2,0,2,0,0,0,0,1
312802,eleonoraforenza,,2,0,2,2,0,2,0,0,0,0,1
312804,ClaudiaTapardel,,2,0,2,2,0,2,0,0,0,0,1
312808,GLandsbergis,,2,0,2,2,0,2,0,0,0,0,1
312810,PiaMicallef,,2,0,2,2,0,2,0,0,0,0,1
312812,MlleMadzia,,2,0,2,2,0,2,0,0,0,0,1
312814,Franc_Bogovic,,2,0,2,2,0,2,0,0,0,0,1
312825,LinkedInHelp,,3,0,3,3,0,3,0,0,0,0,3
312829,Europe_Centre,,2,0,2,2,0,2,0,0,0,0,1
312834,em_finland,,2,0,2,2,0,2,0,0,0,0,1
312835,EuroCite_EU,,2,0,2,2,0,2,0,0,0,0,1
312840,CyriaqueBouchet,,2,0,2,2,0,2,0,0,0,0,1
312843,alvaro_ims,,2,0,2,2,0,2,0,0,0,0,1
312844,MartaJunque,,2,0,2,2,0,2,0,0,0,0,1
312845,cafebabel_ES,,2,0,2,2,0,2,0,0,0,0,1
312851,FoursquareGuide,,4,0,4,4,0,4,0,0,0,0,2
312853,martalbertini,,2,0,2,2,0,2,0,0,0,0,1
312856,karolinho,,2,0,2,2,0,2,0,0,0,0,1
312859,ecasinge,,2,0,2,2,0,2,0,0,0,0,1
312861,JohnstonJules,,2,0,2,2,0,2,0,0,0,0,1
312862,hadviger,,2,0,2,2,0,2,0,0,0,0,1
312867,SophiaBengtsson,,2,0,2,2,0,2,0,0,0,0,1
312868,tjspragg,,3,0,3,3,0,3,0,0,0,0,1
312878,elenakindyni,,2,0,2,2,0,2,0,0,0,0,1
312890,BrusselsGeek,,2,0,2,2,0,2,0,0,0,0,1
312893,jancienski,,2,0,2,2,0,2,0,0,0,0,1
312896,MarietjeSchaake,,3,0,3,3,0,3,0,0,0,0,1
312897,NvOndarza,,2,0,2,2,0,2,0,0,0,0,1
312908,vanessamock,,2,0,2,2,0,2,0,0,0,0,1
312915,eu_journalist,,2,0,2,2,0,2,0,0,0,0,1
312918,LeonardoZannier,,2,0,2,2,0,2,0,0,0,0,1
312920,AncaGurzu,,2,0,2,2,0,2,0,0,0,0,1
312922,DemsocEurope,,2,0,2,2,0,2,0,0,0,0,1
312926,IsaacvaleroEU,,2,0,2,2,0,2,0,0,0,0,1
312927,geekeconomist,,2,0,2,2,0,2,0,0,0,0,1
312932,VonElisa,,2,0,2,2,0,2,0,0,0,0,1
312936,dajla,,2,0,2,2,0,2,0,0,0,0,1
312941,BergJanina,,2,0,2,2,0,2,0,0,0,0,1
312944,JeanComte,,2,0,2,2,0,2,0,0,0,0,1
312960,Mlowell88,,2,0,2,2,0,2,0,0,0,0,1
312971,PT_Moldova,,2,0,2,2,0,2,0,0,0,0,1
312972,SarajevoTimes,,2,0,2,2,0,2,0,0,0,0,1
312975,JSaryuszWolski,,2,0,2,2,0,2,0,0,0,0,1
312976,MFABulgaria,,2,0,2,2,0,2,0,0,0,0,2
312978,CyprusMFA,,2,0,2,2,0,2,0,0,0,0,1
312979,Ulkoministerio,,3,0,3,3,0,3,0,0,0,0,1
312980,DanishMFA,,2,0,2,2,0,2,0,0,0,0,1
312981,ARVershbow,,2,0,2,2,0,2,0,0,0,0,1
312982,margotwallstrom,,2,0,2,2,0,2,0,0,0,0,1
312983,maw75,,2,0,2,2,0,2,0,0,0,0,3
312987,UKinItaly,,2,0,2,2,0,2,0,0,0,0,1
312989,EutopiaMag,,2,0,2,2,0,2,0,0,0,0,1
312990,StumbleUpon,,2,0,2,2,0,2,0,0,0,0,2
313001,Mosquitas77,,2,0,2,2,0,2,0,0,0,0,3
313003,lorferr,,2,0,2,2,0,2,0,0,0,0,3
313028,myEPlt,,2,0,2,2,0,2,0,0,0,0,1
313032,LRSeimas,,2,0,2,2,0,2,0,0,0,0,1
313044,WorkinEurope,,2,0,2,2,0,2,0,0,0,0,1
313047,ThePathfounder,,3,0,3,3,0,3,0,0,0,0,7
313072,eu2012dk,,3,0,3,3,0,3,0,0,0,0,2
313073,cluj2015,,2,0,2,2,0,2,0,0,0,0,1
313074,MariaDamanakiEU,,3,0,3,3,0,3,0,0,0,0,1
313076,VoxEuropRO,,2,0,2,2,0,2,0,0,0,0,1
313077,DigiDiploRO,,2,0,2,2,0,2,0,0,0,0,1
313098,GlobalFund,,3,0,3,3,0,3,0,0,0,0,1
313102,PrimeministerGR,,3,0,3,3,0,3,0,0,0,0,1
313103,EuropaPSC,,2,0,2,2,0,2,0,0,0,0,1
313104,camanpour,,3,0,3,3,0,3,0,0,0,0,2
313113,Europe_Academy,,2,0,2,2,0,2,0,0,0,0,1
313118,SanaAfouaiz,,2,0,2,2,0,2,0,0,0,0,6
313119,NacoesUnidas,,3,0,3,3,0,3,0,0,0,0,1
313123,TIMEWorld,,2,0,2,2,0,2,0,0,0,0,1
313130,EuHouseSkopje,,2,0,2,2,0,2,0,0,0,0,1
313139,j_wisniewska,,2,0,2,2,0,2,0,0,0,0,1
313140,DawidJackiewicz,,2,0,2,2,0,2,0,0,0,0,1
313152,RubenRC_,,2,0,2,2,0,2,0,0,0,0,1
313165,M_Mocanu,,2,0,2,2,0,2,0,0,0,0,1
313168,RobbieGramer,,2,0,2,2,0,2,0,0,0,0,2
313171,petras_petras,,2,0,2,2,0,2,0,0,0,0,1
313172,BranoSkripek,,2,0,2,2,0,2,0,0,0,0,1
313173,EuropaTrinity,,2,0,2,2,0,2,0,0,0,0,1
313175,celinebras,,3,0,3,3,0,3,0,0,0,0,1
313176,FBroich,,2,0,2,2,0,2,0,0,0,0,1
313193,JakubMarian,,2,0,2,2,0,2,0,0,0,0,1
313194,moreurope,,2,0,2,2,0,2,0,0,0,0,1
313197,RedaccionEuropa,,2,0,2,2,0,2,0,0,0,0,7
313199,mon_empresarial,,2,0,2,2,0,2,0,0,0,0,1
313225,republica,,2,0,2,2,0,2,0,0,0,0,1
313227,ask_europe_now,,3,0,3,3,0,3,0,0,0,0,1
313245,migrationliz,,2,0,2,2,0,2,0,0,0,0,1
313256,Stbragh,,2,0,2,2,0,2,0,0,0,0,7
313260,MarinaRoqueM,,2,0,2,2,0,2,0,0,0,0,2
313261,EurJRR,,2,0,2,2,0,2,0,0,0,0,1
313262,iverna1,,3,0,3,3,0,3,0,0,0,0,1
313283,EuroBlawg,,2,0,2,2,0,2,0,0,0,0,1
313290,oh1984,,2,0,2,2,0,2,0,0,0,0,1
313298,FrauGies,,2,0,2,2,0,2,0,0,0,0,1
313301,JMFernandesEU,,2,0,2,2,0,2,0,0,0,0,1
313310,Jess_europe,,3,0,3,3,0,3,0,0,0,0,1
313321,emmaklever,,3,0,3,3,0,3,0,0,0,0,1
313322,Ju_Carp,,2,0,2,2,0,2,0,0,0,0,1
313323,LVPermRepEU,,2,0,2,2,0,2,0,0,0,0,1
313334,FlaviaYouth,,2,0,2,2,0,2,0,0,0,0,1
313353,D_Schwarzer,,3,0,3,3,0,3,0,0,0,0,1
313356,Niklas_Ro,,2,0,2,2,0,2,0,0,0,0,1
313362,KlubsMaja,,2,0,2,2,0,2,0,0,0,0,3
313367,AnnaWilsonEU,,2,0,2,2,0,2,0,0,0,0,1
313368,ATolliday,,2,0,2,2,0,2,0,0,0,0,1
313382,KasiaJasik,,2,0,2,2,0,2,0,0,0,0,1
313383,StudyatIES,,2,0,2,2,0,2,0,0,0,0,1
313386,rinakari,,2,0,2,2,0,2,0,0,0,0,1
313388,ksnavarra,,2,0,2,2,0,2,0,0,0,0,1
313389,T_Mark_Lange,,2,0,2,2,0,2,0,0,0,0,1
313423,corinna_rubiu,,2,0,2,2,0,2,0,0,0,0,1
313435,bielik_ivan,,2,0,2,2,0,2,0,0,0,0,1
313444,MalinBjork_EU,,2,0,2,2,0,2,0,0,0,0,1
313447,killermedia,,2,0,2,2,0,2,0,0,0,0,1
313452,nomesnebs,,2,0,2,2,0,2,0,0,0,0,1
313453,cjbxl,,2,0,2,2,0,2,0,0,0,0,1
313454,europolitico,,2,0,2,2,0,2,0,0,0,0,1
313467,Ladaktusson,,2,0,2,2,0,2,0,0,0,0,1
313473,V3n0m_1337,,2,0,2,2,0,2,0,0,0,0,6
313492,hugowinn,,2,0,2,2,0,2,0,0,0,0,1
313550,ToniCowanBrown,,2,0,2,2,0,2,0,0,0,0,1
313557,thereillywriter,,2,0,2,2,0,2,0,0,0,0,1
313563,SrdjanSusic,,2,0,2,2,0,2,0,0,0,0,1
313573,jandro_allo,,3,0,3,3,0,3,0,0,0,0,1
313590,ThinkforEurope,,2,0,2,2,0,2,0,0,0,0,1
313599,thinkeurope,,2,0,2,2,0,2,0,0,0,0,1
313618,Isabel_thomasEU,,2,0,2,2,0,2,0,0,0,0,1
313626,aambros,,2,0,2,2,0,2,0,0,0,0,1
313631,SPE_Ro,,2,0,2,2,0,2,0,0,0,0,1
313633,jrcanedoUD,,2,0,2,2,0,2,0,0,0,0,1
313649,SomosEuropa,,3,0,3,3,0,3,0,0,0,0,1
313659,ECFRBerlin,,2,0,2,2,0,2,0,0,0,0,1
313666,PhilippePerchoc,,2,0,2,2,0,2,0,0,0,0,1
313667,montenegro90,,2,0,2,2,0,2,0,0,0,0,1
313673,delRioPilar,,2,0,2,2,0,2,0,0,0,0,1
313675,ElisaFerreiraEP,,2,0,2,2,0,2,0,0,0,0,1
313695,Forum_2000,,2,0,2,2,0,2,0,0,0,0,1
313696,MFAIceland,,2,0,2,2,0,2,0,0,0,0,1
313697,dfatirl,,3,0,3,3,0,3,0,0,0,0,1
313699,AlMonitor,,2,0,2,2,0,2,0,0,0,0,1
313700,CzechMFA,,2,0,2,2,0,2,0,0,0,0,1
313704,setavakfi,,2,0,2,2,0,2,0,0,0,0,1
313712,PironHelena,,2,0,2,2,0,2,0,0,0,0,1
313714,VisitMalta,,2,0,2,2,0,2,0,0,0,0,7
313715,visit_albania,,2,0,2,2,0,2,0,0,0,0,1
313718,EFTAsecretariat,,2,0,2,2,0,2,0,0,0,0,1
313722,DaniBachmannCH,,2,0,2,2,0,2,0,0,0,0,1
313732,UN_CSW,,3,0,3,3,0,3,0,0,0,0,1
313735,Balkan_Fund,,2,0,2,2,0,2,0,0,0,0,1
313744,BASEES,,2,0,2,2,0,2,0,0,0,0,1
313746,eleuropeista,,2,0,2,2,0,2,0,0,0,0,1
313753,EuroGradSchool,,2,0,2,2,0,2,0,0,0,0,1
313754,f_guerrieri,,3,0,3,3,0,3,0,0,0,0,1
313757,HarrimanInst,,2,0,2,2,0,2,0,0,0,0,1
313758,es_ucc,,2,0,2,2,0,2,0,0,0,0,1
313765,LesJeunesFeds,,2,0,2,2,0,2,0,0,0,0,1
313766,RonjaScheler,,2,0,2,2,0,2,0,0,0,0,1
313767,europatermine,,2,0,2,2,0,2,0,0,0,0,1
313771,politixs,,3,0,3,3,0,3,0,0,0,0,1
313777,UCLSSEESLibrary,,2,0,2,2,0,2,0,0,0,0,1
313778,nolsemily,,2,0,2,2,0,2,0,0,0,0,1
313781,UCLSSEES,,2,0,2,2,0,2,0,0,0,0,1
313784,NHelwig,,2,0,2,2,0,2,0,0,0,0,1
313788,DijkstraHylke,,3,0,3,3,0,3,0,0,0,0,1
313793,Karolka55,,2,0,2,2,0,2,0,0,0,0,1
313798,EUinfo1,,2,0,2,2,0,2,0,0,0,0,1
313806,AlexDEMitchell,,2,0,2,2,0,2,0,0,0,0,2
313817,Arte_Yourope,,3,0,3,3,0,3,0,0,0,0,1
313818,IlvesToomas,,2,0,2,2,0,2,0,0,0,0,1
313820,JEUrope_eu,,3,0,3,3,0,3,0,0,0,0,1
313825,ImMadeInEU,,2,0,2,2,0,2,0,0,0,0,1
313828,visiteurope,,3,0,3,3,0,3,0,0,0,0,7
313831,A_Vivancos,,2,0,2,2,0,2,0,0,0,0,0
313839,EdMcMillanScott,,2,0,2,2,0,2,0,0,0,0,1
313845,sirgrahamwatson,,2,0,2,2,0,2,0,0,0,0,1
313853,ForumFed,,2,0,2,2,0,2,0,0,0,0,1
313856,JVEuropeseZaken,,3,0,3,3,0,3,0,0,0,0,1
313858,Europaindeklas,,3,0,3,3,0,3,0,0,0,0,1
313860,tomfillis,,2,0,2,2,0,2,0,0,0,0,3
313864,eucenter,,2,0,2,2,0,2,0,0,0,0,1
313871,LuisSimn,,2,0,2,2,0,2,0,0,0,0,1
313876,hanskundnani,,2,0,2,2,0,2,0,0,0,0,1
313878,theELN,,2,0,2,2,0,2,0,0,0,0,1
313883,schwarzenbergk,,2,0,2,2,0,2,0,0,0,0,2
313888,SvMalinov,,2,0,2,2,0,2,0,0,0,0,1
313900,lahnabee,,2,0,2,2,0,2,0,0,0,0,1
313907,tomislavdonchev,,2,0,2,2,0,2,0,0,0,0,1
313911,BELinCoE,,2,0,2,2,0,2,0,0,0,0,1
313913,GiuliaLucchese,,2,0,2,2,0,2,0,0,0,0,1
313918,CorHersbach,,2,0,2,2,0,2,0,0,0,0,1
313928,mikakosinska,,3,0,3,3,0,3,0,0,0,0,1
313929,JCMS_EU,,2,0,2,2,0,2,0,0,0,0,1
313932,usosce,,2,0,2,2,0,2,0,0,0,0,1
313936,schwarzmar,,2,0,2,2,0,2,0,0,0,0,1
313937,TheLocalSwitz,,2,0,2,2,0,2,0,0,0,0,1
313939,Leigh_Phillips,,2,0,2,2,0,2,0,0,0,0,1
313952,Reilly_IRL,,2,0,2,2,0,2,0,0,0,0,1
313962,rafaelxllerena,,3,0,3,3,0,3,0,0,0,0,1
313964,thebaltictimes,,2,0,2,2,0,2,0,0,0,0,1
313966,MSImbert,,2,0,2,2,0,2,0,0,0,0,1
313970,JohnOBrennan2,,3,0,3,3,0,3,0,0,0,0,1
313975,FilipSekan,,2,0,2,2,0,2,0,0,0,0,1
313978,derekvaughan,,2,0,2,2,0,2,0,0,0,0,1
313979,AngelaCorbalan,,2,0,2,2,0,2,0,0,0,0,1
313981,almutmoeller,,2,0,2,2,0,2,0,0,0,0,1
313988,FedericoPirino,,2,0,2,2,0,2,0,0,0,0,1
313994,rdfemmott,,2,0,2,2,0,2,0,0,0,0,1
313997,AlinaTryfonidou,,2,0,2,2,0,2,0,0,0,0,1
314000,MKellerdal,,2,0,2,2,0,2,0,0,0,0,1
314007,ToivakkaLenita,,2,0,2,2,0,2,0,0,0,0,1
314009,UlfBergstrom,,2,0,2,2,0,2,0,0,0,0,1
314014,YanniKouts,,2,0,2,2,0,2,0,0,0,0,1
314018,eyemreyilmaz,,2,0,2,2,0,2,0,0,0,0,1
314022,AtaruGomes,,2,0,2,2,0,2,0,0,0,0,2
314028,michelreimon,,2,0,2,2,0,2,0,0,0,0,1
314030,oegfe,,2,0,2,2,0,2,0,0,0,0,1
314033,TobiasBtow,,2,0,2,2,0,2,0,0,0,0,1
314035,KinsellaDE,,2,0,2,2,0,2,0,0,0,0,1
314036,CLEER_research,,2,0,2,2,0,2,0,0,0,0,1
314058,altraeuropa,,2,0,2,2,0,2,0,0,0,0,3
314059,sinistra_europa,,2,0,2,2,0,2,0,0,0,0,3
314067,xdamman,,2,0,2,2,0,2,0,0,0,0,1
314069,ECP_FG,,2,0,2,2,0,2,0,0,0,0,1
314085,YPascouau,,2,0,2,2,0,2,0,0,0,0,1
314115,Ale_Fusco,,2,0,2,2,0,2,0,0,0,0,1
314119,JJansaSDS,,2,0,2,2,0,2,0,0,0,0,1
314122,Europarl_sv,,2,0,2,2,0,2,0,0,0,0,1
314124,ZygisPavilionis,,2,0,2,2,0,2,0,0,0,0,1
314133,GreeceInGermany,,2,0,2,2,0,2,0,0,0,0,1
314166,TheresaAFallon,,2,0,2,2,0,2,0,0,0,0,1
314168,EliGambardella,,3,0,3,3,0,3,0,0,0,0,3
314171,MedmuseLieve,,2,0,2,2,0,2,0,0,0,0,1
314176,MarcoMariani_IT,,2,0,2,2,0,2,0,0,0,0,7
314184,elias_salva,,2,0,2,2,0,2,0,0,0,0,1
314207,biblioUPM,,2,0,2,2,0,2,0,0,0,0,4
314236,HosuVlad,,2,0,2,2,0,2,0,0,0,0,1
314242,norberthalko,,2,0,2,2,0,2,0,0,0,0,1
314246,Infoegio,,3,0,3,3,0,3,0,0,0,0,3
314248,MusicaGreco,,3,0,3,3,0,3,0,0,0,0,4
314258,Dezfuli,,3,0,3,3,0,3,0,0,0,0,7
314259,MySwitzerland_e,,3,0,3,3,0,3,0,0,0,0,1
314262,ElisainBrussels,,2,0,2,2,0,2,0,0,0,0,1
314263,EU4Schools,,2,0,2,2,0,2,0,0,0,0,1
314268,Irrepressible_,,2,0,2,2,0,2,0,0,0,0,4
314275,GirayPhD,,2,0,2,2,0,2,0,0,0,0,3
314276,giusy4europe,,3,0,3,3,0,3,0,0,0,0,3
314277,susanabeltranga,,3,0,3,3,0,3,0,0,0,0,0
314278,cosmopublic,,2,0,2,2,0,2,0,0,0,0,1
314284,er1cmau,,2,0,2,2,0,2,0,0,0,0,1
314285,DanielFiott,,4,0,4,4,0,4,0,0,0,0,1
314289,Susana_S_F,,2,0,2,2,0,2,0,0,0,0,7
314302,KathrinLudwig,,2,0,2,2,0,2,0,0,0,0,1
314311,ypiliouras,,2,0,2,2,0,2,0,0,0,0,1
314326,EUStories,,2,0,2,2,0,2,0,0,0,0,1
314332,NewEastEurope,,2,0,2,2,0,2,0,0,0,0,1
314338,ConfEUROPA,,3,0,3,3,0,3,0,0,0,0,1
314349,BiteTheBallot,,2,0,2,2,0,2,0,0,0,0,1
314356,euronewsreport,,2,0,2,2,0,2,0,0,0,0,1
314357,encarnahr,,2,0,2,2,0,2,0,0,0,0,0
314364,LSESUEuroSoc,,3,0,3,3,0,3,0,0,0,0,1
314368,dw_politik,,3,0,3,3,0,3,0,0,0,0,1
314380,MsElleSandberg,,2,0,2,2,0,2,0,0,0,0,1
314384,_EP19,,2,0,2,2,0,2,0,0,0,0,1
314385,WIP4EU,,3,0,3,3,0,3,0,0,0,0,1
314387,EuropeInOurHand,,3,0,3,3,0,3,0,0,0,0,1
314395,electio2014,,2,0,2,2,0,2,0,0,0,0,1
314422,olgatokariuk,,2,0,2,2,0,2,0,0,0,0,1
314445,AlvesRobin,,2,0,2,2,0,2,0,0,0,0,4
314449,lopaulos,,2,0,2,2,0,2,0,0,0,0,7
314452,TEC_South,,2,0,2,2,0,2,0,0,0,0,1
314453,MyVote2014,,3,0,3,3,0,3,0,0,0,0,1
314454,EU4_You,,3,0,3,3,0,3,0,0,0,0,1
314456,EUgonzo,,2,0,2,2,0,2,0,0,0,0,1
314458,WECeurope,,2,0,2,2,0,2,0,0,0,0,1
314459,YVote14,,3,0,3,3,0,3,0,0,0,0,2
314461,PeterBDoran,,2,0,2,2,0,2,0,0,0,0,6
314501,costajoaoda,,2,0,2,2,0,2,0,0,0,0,1
314506,EuroMaydan,,2,0,2,2,0,2,0,0,0,0,2
314518,euromaidan,,3,0,3,3,0,3,0,0,0,0,2
314544,susannekendler,,2,0,2,2,0,2,0,0,0,0,1
314555,gilmour_joanna,,2,0,2,2,0,2,0,0,0,0,1
314556,IurieLeanca,,2,0,2,2,0,2,0,0,0,0,1
314558,iioannoulbs,,2,0,2,2,0,2,0,0,0,0,6
314559,UnivBabesBolyai,,3,0,3,3,0,3,0,0,0,0,1
314563,wenningchris,,2,0,2,2,0,2,0,0,0,0,1
314564,jonathanfryer,,2,0,2,2,0,2,0,0,0,0,1
314565,SaveErasmus,,2,0,2,2,0,2,0,0,0,0,4
314566,MartijnKleppe,,2,0,2,2,0,2,0,0,0,0,4
314567,UdoErasmus,,3,0,3,3,0,3,0,0,0,0,4
314591,EuroIntegration,,2,0,2,2,0,2,0,0,0,0,1
314595,SportsparkUEA,,2,0,2,2,0,2,0,0,0,0,1
314605,UNDPEurasia,,3,0,3,3,0,3,0,0,0,0,7
314619,EuropedirectMos,,2,0,2,2,0,2,0,0,0,0,1
314620,SPDEuropa,,2,0,2,2,0,2,0,0,0,0,1
314632,AudeForestier,,2,0,2,2,0,2,0,0,0,0,1
314638,AndreaCanil,,2,0,2,2,0,2,0,0,0,0,3
314645,Brusselicious,,2,0,2,2,0,2,0,0,0,0,1
314658,aegeesarajevo,,2,0,2,2,0,2,0,0,0,0,1
314662,AEGEEPloiestiPH,,2,0,2,2,0,2,0,0,0,0,1
314664,Aegee_Moscow,,2,0,2,2,0,2,0,0,0,0,1
314666,aegeeiasi,,2,0,2,2,0,2,0,0,0,0,1
314667,AEGEE_Izmir_PR,,3,0,3,3,0,3,0,0,0,0,1
314673,aegeepavia,,2,0,2,2,0,2,0,0,0,0,1
314674,AEGEEHogwarts,,2,0,2,2,0,2,0,0,0,0,1
314675,EuroArabAEGEE,,3,0,3,3,0,3,0,0,0,0,1
314676,alicante2009,,2,0,2,2,0,2,0,0,0,0,3
314678,AegeeHatay,,2,0,2,2,0,2,0,0,0,0,1
314679,AEGEEKastoria,,3,0,3,3,0,3,0,0,0,0,1
314680,AEGEEBrescia,,3,0,3,3,0,3,0,0,0,0,1
314681,AEGEE_MoskvaRU,,2,0,2,2,0,2,0,0,0,0,1
314682,AEGEECanakkale,,2,0,2,2,0,2,0,0,0,0,1
314683,AEGEEToulouse,,2,0,2,2,0,2,0,0,0,0,1
314685,aegee_kh,,2,0,2,2,0,2,0,0,0,0,1
314686,AEGEE_BOLU,,2,0,2,2,0,2,0,0,0,0,1
314687,AEGEEPLOIESTI,,2,0,2,2,0,2,0,0,0,0,1
314688,AEGEE_Darmstadt,,2,0,2,2,0,2,0,0,0,0,1
314689,aegee_sakarya,,2,0,2,2,0,2,0,0,0,0,1
314690,AEGEE_Antalya,,2,0,2,2,0,2,0,0,0,0,1
314691,AegeeAgrigento,,2,0,2,2,0,2,0,0,0,0,1
314693,AEGEE_Castello,,3,0,3,3,0,3,0,0,0,0,1
314694,AEGEE_Praha,,3,0,3,3,0,3,0,0,0,0,1
314695,AEGEE_Tallinn,,2,0,2,2,0,2,0,0,0,0,1
314696,AEGEE_Santander,,2,0,2,2,0,2,0,0,0,0,1
314697,AEGEE_WIEN,,2,0,2,2,0,2,0,0,0,0,1
314698,AEGEE_WDEE,,2,0,2,2,0,2,0,0,0,0,1
314699,aegeelyon,,2,0,2,2,0,2,0,0,0,0,1
314700,aegeewarszawa,,3,0,3,3,0,3,0,0,0,0,1
314701,AEGEEAmsterdam,,2,0,2,2,0,2,0,0,0,0,1
314702,AegeeKyiv,,2,0,2,2,0,2,0,0,0,0,1
314703,AEGEE_Izmir,,3,0,3,3,0,3,0,0,0,0,1
314704,AEGEE_Firenze,,2,0,2,2,0,2,0,0,0,0,1
314705,AEGEE_ISTANBUL,,2,0,2,2,0,2,0,0,0,0,1
314706,AEGEETenerife,,3,0,3,3,0,3,0,0,0,0,4
314707,AEGEEOgre,,3,0,3,3,0,3,0,0,0,0,1
314708,aegeebilbao,,2,0,2,2,0,2,0,0,0,0,1
314709,AEGEE_Rotterdam,,3,0,3,3,0,3,0,0,0,0,1
314710,AEGEE_LasPalmas,,3,0,3,3,0,3,0,0,0,0,1
314711,AEGEE_Salerno,,2,0,2,2,0,2,0,0,0,0,1
314712,MiguelAEGEE,,4,0,4,4,0,4,0,0,0,0,1
314715,Europeanissima,,3,0,3,3,0,3,0,0,0,0,1
314717,edgaras_katinas,,2,0,2,2,0,2,0,0,0,0,1
314723,Peteroomsels,,2,0,2,2,0,2,0,0,0,0,1
314724,TomiHuhtanen,,2,0,2,2,0,2,0,0,0,0,1
314725,BelarusPolicy,,2,0,2,2,0,2,0,0,0,0,1
314726,piotr_ec,,2,0,2,2,0,2,0,0,0,0,1
314728,ECBNetwork,,2,0,2,2,0,2,0,0,0,0,1
314729,EU_MED,,3,0,3,3,0,3,0,0,0,0,1
314733,Anda19,,2,0,2,2,0,2,0,0,0,0,1
314734,EPinUK_Stats,,3,0,3,3,0,3,0,0,0,0,1
314735,huettemann,,3,0,3,3,0,3,0,0,0,0,1
314736,jjoxe,,2,0,2,2,0,2,0,0,0,0,1
314737,hferchiu,,2,0,2,2,0,2,0,0,0,0,1
314738,EuropeWatch2,,2,0,2,2,0,2,0,0,0,0,1
314744,AnneLaumen,,3,0,3,3,0,3,0,0,0,0,1
314748,joaodiogopinto,,3,0,3,3,0,3,0,0,0,0,1
314753,MSZ_RP,,3,0,3,3,0,3,0,0,0,0,1
314760,maitea6,,3,0,3,3,0,3,0,0,0,0,1
314766,StarttechVC,,2,0,2,2,0,2,0,0,0,0,1
314770,KCLEuroSoc,,2,0,2,2,0,2,0,0,0,0,4
314771,NataliaComms,,2,0,2,2,0,2,0,0,0,0,1
314773,MariuzzoAndrea,,2,0,2,2,0,2,0,0,0,0,2
314775,Darmell,,2,0,2,2,0,2,0,0,0,0,1
314782,picattaneo,,3,0,3,3,0,3,0,0,0,0,3
314792,Roberta3Carbone,,3,0,3,3,0,3,0,0,0,0,1
314801,citydiplomat,,3,0,3,3,0,3,0,0,0,0,1
314812,poljourno,,2,0,2,2,0,2,0,0,0,0,1
314820,Bloggingportal2,,3,0,3,3,0,3,0,0,0,0,1
314823,i_montaigne,,2,0,2,2,0,2,0,0,0,0,1
314826,AlArabiya_Eng,,2,0,2,2,0,2,0,0,0,0,3
314829,Lvalentina09,,2,0,2,2,0,2,0,0,0,0,4
314833,AreaEstudiantis,,3,0,3,3,0,3,0,0,0,0,4
314871,EstudiantesPTY,,2,0,2,2,0,2,0,0,0,0,4
314887,hablamemadrid,,2,0,2,2,0,2,0,0,0,0,4
314906,GabrielRaMar,,2,0,2,2,0,2,0,0,0,0,4
314907,AromaCafes,,3,0,3,3,0,3,0,0,0,0,4
314909,ArtSevilla,,2,0,2,2,0,2,0,0,0,0,4
314948,jesusrodri11,,2,0,2,2,0,2,0,0,0,0,4
314957,J_GarciaMartin,,2,0,2,2,0,2,0,0,0,0,4
314967,EnjoyMadTuriel,,2,0,2,2,0,2,0,0,0,0,4
314968,IdiomasUC3M,,2,0,2,2,0,2,0,0,0,0,4
314969,alumniUC3M,,2,0,2,2,0,2,0,0,0,0,4
314970,uc3mFacultadHCD,,3,0,3,3,0,3,0,0,0,0,4
314971,radiogul,,2,0,2,2,0,2,0,0,0,0,4
314972,guluc3m,,2,0,2,2,0,2,0,0,0,0,4
314973,picleganes_uc3m,,3,0,3,3,0,3,0,0,0,0,4
314975,DAP_uc3m,,3,0,3,3,0,3,0,0,0,0,4
314976,davidortegaUPyD,,2,0,2,2,0,2,0,0,0,0,4
314977,SCMPNews,,3,0,3,3,0,3,0,0,0,0,4
314978,auladelasartes,,2,0,2,2,0,2,0,0,0,0,4
314980,MadridErasmus12,,2,0,2,2,0,2,0,0,0,0,4
314981,Madrideserasmus,,2,0,2,2,0,2,0,0,0,0,4
314982,ErasMadrid,,3,0,3,3,0,3,0,0,0,0,4
314984,Erasmus_life_md,,3,0,3,3,0,3,0,0,0,0,2
314985,erasmusenmadrid,,3,0,3,3,0,3,0,0,0,0,2
314986,EMA_Erasmus,,2,0,2,2,0,2,0,0,0,0,4
314989,Evoanuncioscom,,2,0,2,2,0,2,0,0,0,0,4
314990,marco_agency,,2,0,2,2,0,2,0,0,0,0,4
314992,ErasmusMadridAg,,2,0,2,2,0,2,0,0,0,0,4
314994,telling_things,,3,0,3,3,0,3,0,0,0,0,4
314995,uedsanlazaro,,2,0,2,2,0,2,0,0,0,0,6
314996,OPOSICIONESNOTI,,2,0,2,2,0,2,0,0,0,0,6
314998,albebai,,2,0,2,2,0,2,0,0,0,0,6
315002,aescott88,,2,0,2,2,0,2,0,0,0,0,6
315003,_empleopublico,,3,0,3,3,0,3,0,0,0,0,6
315005,_Aprendemos_,,2,0,2,2,0,2,0,0,0,0,6
315006,yolandafigue_68,,2,0,2,2,0,2,0,0,0,0,6
315007,elena18140,,2,0,2,2,0,2,0,0,0,0,6
315008,Rosario_Garrido,,2,0,2,2,0,2,0,0,0,0,6
315010,davidgarenas,,2,0,2,2,0,2,0,0,0,0,6
315011,ValdirNogueir15,,2,0,2,2,0,2,0,0,0,0,6
315021,Manu___Velasco,,2,0,2,2,0,2,0,0,0,0,6
315022,robertobgdoc,,2,0,2,2,0,2,0,0,0,0,6
315033,appwebdesigner,,3,0,3,3,0,3,0,0,0,0,6
315036,SkalGranada,,3,0,3,3,0,3,0,0,0,0,6
315039,JCCapel,,3,0,3,3,0,3,0,0,0,0,6
315040,Gourmet_patata,,3,0,3,3,0,3,0,0,0,0,0
315042,PadillaRui,,2,0,2,2,0,2,0,0,0,0,6
315043,EvaEvaalvarez,,3,0,3,3,0,3,0,0,0,0,6
315046,gatopaulov,,2,0,2,2,0,2,0,0,0,0,6
315047,Licea_Edu,,2,0,2,2,0,2,0,0,0,0,6
315048,montondemierda,,2,0,2,2,0,2,0,0,0,0,6
315049,pizzeria_real,,2,0,2,2,0,2,0,0,0,0,6
315050,tmciudadgranada,,5,0,5,5,0,5,0,0,0,0,6
315051,TuModaGranada,,2,0,2,2,0,2,0,0,0,0,6
315052,granadabaila1,,3,0,3,3,0,3,0,0,0,0,6
315054,gcubo_linux,,4,0,4,4,0,4,0,0,0,0,6
315056,CCLaLoma,,3,0,3,3,0,3,0,0,0,0,6
315065,EmiliaPHenares,,2,0,2,2,0,2,0,0,0,0,5
315069,empleia,,3,0,3,3,0,3,0,0,0,0,6
315070,barato_bueno,,2,0,2,2,0,2,0,0,0,0,6
315071,94Malz,,2,0,2,2,0,2,0,0,0,0,0
315076,SelfieExtrema,,2,0,2,2,0,2,0,0,0,0,6
315077,grenhua,,2,0,2,2,0,2,0,0,0,0,5
315078,Carnaval247,,3,0,3,3,0,3,0,0,0,0,5
315080,Panilla93,,2,0,2,2,0,2,0,0,0,0,6
315087,AlexJandrito87,,2,0,2,2,0,2,0,0,0,0,6
315096,CarmenAliseda,,2,0,2,2,0,2,0,0,0,0,6
315101,CarlaBarralC,,2,0,2,2,0,2,0,0,0,0,6
315108,ochi_36,,2,0,2,2,0,2,0,0,0,0,6
315116,CastilloLauren,,2,0,2,2,0,2,0,0,0,0,6
315143,Fralome_10,,3,0,3,3,0,3,0,0,0,0,5
315149,PepeSabiote,,3,0,3,3,0,3,0,0,0,0,6
315156,EloyRomon,,3,0,3,3,0,3,0,0,0,0,6
315158,pauliya_,,2,0,2,2,0,2,0,0,0,0,6
315159,WolfseaIV,,3,0,3,3,0,3,0,0,0,0,6
315163,GIOSER_MUSIC,,2,0,2,2,0,2,0,0,0,0,6
315166,rafaortizmusica,,2,0,2,2,0,2,0,0,0,0,6
315169,Jeniferlopezmrt,,3,0,3,3,0,3,0,0,0,0,6
315172,DarwinBreaker,,2,0,2,2,0,2,0,0,0,0,6
315174,Criswhibley,,2,0,2,2,0,2,0,0,0,0,6
315177,Alex_BautistaR,,3,0,3,3,0,3,0,0,0,0,6
315181,MiniBernastruch,,2,0,2,2,0,2,0,0,0,0,6
315187,Ire_cue_cue,,3,0,3,3,0,3,0,0,0,0,6
315195,AlbaMelguizo,,2,0,2,2,0,2,0,0,0,0,6
315197,7Adri1996,,2,0,2,2,0,2,0,0,0,0,6
315201,26juanma18,,2,0,2,2,0,2,0,0,0,0,6
315205,LoveLivendLaugh,,2,0,2,2,0,2,0,0,0,0,6
315221,JulianBPR,,2,0,2,2,0,2,0,0,0,0,6
315224,Rafossi,,2,0,2,2,0,2,0,0,0,0,6
315226,SusanaSMFM,,2,0,2,2,0,2,0,0,0,0,6
315229,Laurabg142,,2,0,2,2,0,2,0,0,0,0,6
315230,GemaGemarti,,3,0,3,3,0,3,0,0,0,0,6
315232,soletelopez,,2,0,2,2,0,2,0,0,0,0,6
315235,beamot,,3,0,3,3,0,3,0,0,0,0,4
315236,m_zegri,,3,0,3,3,0,3,0,0,0,0,6
315246,KuvutES,,2,0,2,2,0,2,0,0,0,0,1
315248,juanmiguellucas,,2,0,2,2,0,2,0,0,0,0,6
315253,Pao__grana,,2,0,2,2,0,2,0,0,0,0,6
315257,rosagta3,,2,0,2,2,0,2,0,0,0,0,6
315263,rubiafisio,,2,0,2,2,0,2,0,0,0,0,6
315275,CristinaArchi,,2,0,2,2,0,2,0,0,0,0,6
315289,jljduque,,2,0,2,2,0,2,0,0,0,0,1
315294,ESNTVNetwork,,2,0,2,2,0,2,0,0,0,0,1
315308,Striscia,,3,0,3,3,0,3,0,0,0,0,3
315309,unibs_official,,3,0,3,3,0,3,0,0,0,0,3
315313,sergioparisse,,2,0,2,2,0,2,0,0,0,0,3
315316,GdB_it,,2,0,2,2,0,2,0,0,0,0,3
315317,bresciaoggi_it,,2,0,2,2,0,2,0,0,0,0,3
315320,RumoreWeb,,2,0,2,2,0,2,0,0,0,0,3
315321,cittadimodena,,4,0,4,4,0,4,0,0,0,0,3
315322,gazzettamodena,,3,0,3,3,0,3,0,0,0,0,3
315323,UNIMORE_univ,,3,0,3,3,0,3,0,0,0,0,3
315324,Esercito,,2,0,2,2,0,2,0,0,0,0,3
315325,DanteSommoPoeta,,2,0,2,2,0,2,0,0,0,0,3
315328,TweetSportShow,,2,0,2,2,0,2,0,0,0,0,3
315337,rep_tecno,,2,0,2,2,0,2,0,0,0,0,3
315348,kiss,,2,0,2,2,0,2,0,0,0,0,3
315351,Agghiacciante69,,2,0,2,2,0,2,0,0,0,0,3
315353,MauroCasciari,,2,0,2,2,0,2,0,0,0,0,3
315356,ModenaFC_1912,,2,0,2,2,0,2,0,0,0,0,3
315357,Nesta,,3,0,3,3,0,3,0,0,0,0,3
315358,mancio6,,2,0,2,2,0,2,0,0,0,0,3
315359,officialmaz,,2,0,2,2,0,2,0,0,0,0,3
315360,Nirvana,,3,0,3,3,0,3,0,0,0,0,3
315366,coccodj,,2,0,2,2,0,2,0,0,0,0,3
315371,CostaD19,,2,0,2,2,0,2,0,0,0,0,3
315374,Ruttosporc,,2,0,2,2,0,2,0,0,0,0,3
315375,la_pessimae,,3,0,3,3,0,3,0,0,0,0,3
315378,meganfox,,2,0,2,2,0,2,0,0,0,0,3
315380,OfficialPippo,,2,0,2,2,0,2,0,0,0,0,3
315382,JimmyGhione,,2,0,2,2,0,2,0,0,0,0,3
315385,AC_DC,,2,0,2,2,0,2,0,0,0,0,3
315386,BaggioOfficial,,3,0,3,3,0,3,0,0,0,0,3
315388,eva_henger,,2,0,2,2,0,2,0,0,0,0,3
315391,LorisCapirossi1,,2,0,2,2,0,2,0,0,0,0,3
315393,Aidayespica27,,2,0,2,2,0,2,0,0,0,0,3
315395,AndreaPellizzar,,2,0,2,2,0,2,0,0,0,0,3
315404,andyrice72,,2,0,2,2,0,2,0,0,0,0,2
315407,MauroBergamasco,,2,0,2,2,0,2,0,0,0,0,3
315411,andreanegri39,,2,0,2,2,0,2,0,0,0,0,3
315439,bilbaoturismo,,2,0,2,2,0,2,0,0,0,0,1
315442,anotacionesele,,2,0,2,2,0,2,0,0,0,0,1
315444,BilbaoHistoriko,,2,0,2,2,0,2,0,0,0,0,1
315446,Ocio_Bilbao,,2,0,2,2,0,2,0,0,0,0,1
315447,Bilbao_Centro,,2,0,2,2,0,2,0,0,0,0,1
315450,bilbaoclick,,2,0,2,2,0,2,0,0,0,0,1
315452,eatntravelspain,,2,0,2,2,0,2,0,0,0,0,1
315456,AmeriAuPair,,2,0,2,2,0,2,0,0,0,0,1
315461,lnnovationNerd,,2,0,2,2,0,2,0,0,0,0,1
315462,lnnovationNews,,2,0,2,2,0,2,0,0,0,0,1
315463,SolversTribe,,2,0,2,2,0,2,0,0,0,0,1
315464,inspirepodcast,,2,0,2,2,0,2,0,0,0,0,1
315468,JamWithLauren,,2,0,2,2,0,2,0,0,0,0,1
315487,Sprachreisenvgl,,2,0,2,2,0,2,0,0,0,0,1
315488,Magsonthemove,,2,0,2,2,0,2,0,0,0,0,1
315505,wtravelertip_es,,2,0,2,2,0,2,0,0,0,0,1
315508,HispAmericaELE,,3,0,3,3,0,3,0,0,0,0,1
315509,sprachreisetest,,2,0,2,2,0,2,0,0,0,0,1
315512,TheTravelWell,,2,0,2,2,0,2,0,0,0,0,7
315517,infosspanish,,2,0,2,2,0,2,0,0,0,0,1
315518,LinguSpanish,,2,0,2,2,0,2,0,0,0,0,1
315520,501SpanishVerbs,,2,0,2,2,0,2,0,0,0,0,1
315524,Spanish_Medrar,,2,0,2,2,0,2,0,0,0,0,1
315525,BegSpanish101,,3,0,3,3,0,3,0,0,0,0,1
315528,wilsonvoight,,3,0,3,3,0,3,0,0,0,0,1
315529,ilerispanish,,3,0,3,3,0,3,0,0,0,0,1
315536,SecretosSevilla,,3,0,3,3,0,3,0,0,0,0,5
315537,TourneBilbao,,2,0,2,2,0,2,0,0,0,0,1
315541,SSTurismo,,2,0,2,2,0,2,0,0,0,0,1
315544,cyprustourism,,2,0,2,2,0,2,0,0,0,0,1
315553,latimesphotos,,3,0,3,3,0,3,0,0,0,0,1
315577,BilbaoEkintza,,2,0,2,2,0,2,0,0,0,0,1
315583,ForbesInspector,,2,0,2,2,0,2,0,0,0,0,1
315587,indtravel,,2,0,2,2,0,2,0,0,0,0,1
315591,spanish21cent,,2,0,2,2,0,2,0,0,0,0,1
315592,multilingualmag,,3,0,3,3,0,3,0,0,0,0,1
315593,thepolyglot,,2,0,2,2,0,2,0,0,0,0,1
315594,Language_Today,,2,0,2,2,0,2,0,0,0,0,1
315595,aboutworldlangs,,3,0,3,3,0,3,0,0,0,0,1
315596,EspaNioLearn,,2,0,2,2,0,2,0,0,0,0,1
315597,verax90,,2,0,2,2,0,2,0,0,0,0,1
315601,radiobilbao,,2,0,2,2,0,2,0,0,0,0,1
315602,BilbaoKultura,,2,0,2,2,0,2,0,0,0,0,1
315606,verybilbao,,2,0,2,2,0,2,0,0,0,0,1
315609,eLMformacion,,2,0,2,2,0,2,0,0,0,0,1
315610,uriolaeus,,2,0,2,2,0,2,0,0,0,0,1
315618,SpeakInSpanish,,2,0,2,2,0,2,0,0,0,0,1
315620,languageschool,,2,0,2,2,0,2,0,0,0,0,1
315624,IWLanguages,,2,0,2,2,0,2,0,0,0,0,1
315625,MXSpanishSchool,,2,0,2,2,0,2,0,0,0,0,1
315633,newspanishword,,2,0,2,2,0,2,0,0,0,0,1
315637,malagasi,,3,0,3,3,0,3,0,0,0,0,1
315640,letsgospanish,,3,0,3,3,0,3,0,0,0,0,1
315643,taronjaspanish,,2,0,2,2,0,2,0,0,0,0,0
315645,spanish_schools,,2,0,2,2,0,2,0,0,0,0,1
315646,LetsGetSpanish,,2,0,2,2,0,2,0,0,0,0,1
315649,Huaraspsch,,2,0,2,2,0,2,0,0,0,0,1
315650,SoleaSchool,,3,0,3,3,0,3,0,0,0,0,4
315651,debocaaenbocaa,,2,0,2,2,0,2,0,0,0,0,1
315657,profesoradeELE,,2,0,2,2,0,2,0,0,0,0,1
315662,escmaravillas,,2,0,2,2,0,2,0,0,0,0,1
315664,ColegiodeEspana,,2,0,2,2,0,2,0,0,0,0,1
315665,hispanalia,,3,0,3,3,0,3,0,0,0,0,1
315668,RamonBilbao,,3,0,3,3,0,3,0,0,0,0,1
315669,ErasmusicMurcia,,2,0,2,2,0,2,0,0,0,0,1
315670,ErasmusAlicant,,2,0,2,2,0,2,0,0,0,0,1
315672,UMazaOficial,,2,0,2,2,0,2,0,0,0,0,1
315673,vamosleones,,3,0,3,3,0,3,0,0,0,0,1
315675,ubeduar,,2,0,2,2,0,2,0,0,0,0,1
315677,udelima,,3,0,3,3,0,3,0,0,0,0,2
315678,UnivYacambu,,2,0,2,2,0,2,0,0,0,0,1
315679,udec_oficial,,3,0,3,3,0,3,0,0,0,0,1
315680,universidad_uci,,3,0,3,3,0,3,0,0,0,0,1
315681,LaUNacional,,2,0,2,2,0,2,0,0,0,0,1
315682,_UdeChile_,,3,0,3,3,0,3,0,0,0,0,1
315683,UnivAustral,,3,0,3,3,0,3,0,0,0,0,1
315684,ugalileo_edu,,2,0,2,2,0,2,0,0,0,0,1
315685,udechile,,3,0,3,3,0,3,0,0,0,0,4
315689,formacionele,,3,0,3,3,0,3,0,0,0,0,1
315690,IHRivieraMaya,,2,0,2,2,0,2,0,0,0,0,1
315691,ihpacific,,2,0,2,2,0,2,0,0,0,0,1
315692,Hablammucho,,2,0,2,2,0,2,0,0,0,0,1
315693,SpanishLessonCo,,2,0,2,2,0,2,0,0,0,0,1
315694,spanishkype,,3,0,3,3,0,3,0,0,0,0,1
315695,hablaconene,,2,0,2,2,0,2,0,0,0,0,1
315698,lovele_ucl,,2,0,2,2,0,2,0,0,0,0,1
315702,ICVarsovia,,2,0,2,2,0,2,0,0,0,0,1
315704,SLROUTE,,3,0,3,3,0,3,0,0,0,0,1
315713,EduLearnSpanish,,2,0,2,2,0,2,0,0,0,0,1
315714,LearnSpanish_SA,,2,0,2,2,0,2,0,0,0,0,1
315715,SpeakSpanishToo,,2,0,2,2,0,2,0,0,0,0,1
315716,SpanishHouseLon,,2,0,2,2,0,2,0,0,0,0,1
315719,SchoolSpain,,3,0,3,3,0,3,0,0,0,0,1
315720,Spanishaid,,2,0,2,2,0,2,0,0,0,0,1
315722,LearnSpanishO,,3,0,3,3,0,3,0,0,0,0,1
315723,nolimit_people,,3,0,3,3,0,3,0,0,0,0,1
315724,babylonidiomas,,2,0,2,2,0,2,0,0,0,0,1
315725,spanishbot,,2,0,2,2,0,2,0,0,0,0,6
315726,SpanishZone,,3,0,3,3,0,3,0,0,0,0,1
315727,learn10spanish,,3,0,3,3,0,3,0,0,0,0,2
315732,Signuplanguages,,2,0,2,2,0,2,0,0,0,0,1
315733,SpeakatGredos,,2,0,2,2,0,2,0,0,0,0,1
315735,Alcalaenespanol,,2,0,2,2,0,2,0,0,0,0,1
315738,idiomELE,,2,0,2,2,0,2,0,0,0,0,1
315740,torosenbilbao,,2,0,2,2,0,2,0,0,0,0,1
315741,Seix_Barral,,3,0,3,3,0,3,0,0,0,0,1
315743,prosumidoresele,,2,0,2,2,0,2,0,0,0,0,1
315745,SchoolsCourses,,3,0,3,3,0,3,0,0,0,0,1
315747,TwitSpain,,2,0,2,2,0,2,0,0,0,0,1
315748,Mercadelaribera,,2,0,2,2,0,2,0,0,0,0,1
315751,speaklanguages,,2,0,2,2,0,2,0,0,0,0,1
315753,bilbofest,,2,0,2,2,0,2,0,0,0,0,1
315755,Espanolxxi,,2,0,2,2,0,2,0,0,0,0,1
315756,guiabilbao,,3,0,3,3,0,3,0,0,0,0,1
315758,zazpikaleak,,3,0,3,3,0,3,0,0,0,0,1
315760,MyLingoMusic,,2,0,2,2,0,2,0,0,0,0,1
315761,ilovebilbao1,,2,0,2,2,0,2,0,0,0,0,1
315762,TheBoletin,,2,0,2,2,0,2,0,0,0,0,1
315763,EnamoradoBilbao,,2,0,2,2,0,2,0,0,0,0,2
315764,kafeantzokia,,3,0,3,3,0,3,0,0,0,0,0
315765,elcorreo_com,,3,0,3,3,0,3,0,0,0,0,1
315769,encarnitamb,,2,0,2,2,0,2,0,0,0,0,1
315771,AkelarreHostel,,2,0,2,2,0,2,0,0,0,0,1
315776,cactuslanguage,,2,0,2,2,0,2,0,0,0,0,1
315782,SpanishTogether,,3,0,3,3,0,3,0,0,0,0,1
315783,rosettastone,,2,0,2,2,0,2,0,0,0,0,1
315787,salaBBK,,2,0,2,2,0,2,0,0,0,0,1
315789,AzkunaZentroa,,3,0,3,3,0,3,0,0,0,0,1
315790,abroadlanguages,,3,0,3,3,0,3,0,0,0,0,1
315791,acastrillejo,,3,0,3,3,0,3,0,0,0,0,1
315793,NegocioELESL,,2,0,2,2,0,2,0,0,0,0,1
315794,spanish_online,,2,0,2,2,0,2,0,0,0,0,1
315799,thelanguagedojo,,2,0,2,2,0,2,0,0,0,0,1
315802,spanish_lang,,2,0,2,2,0,2,0,0,0,0,1
315803,funlearnspanish,,3,0,3,3,0,3,0,0,0,0,2
315806,spanishhelpnow,,2,0,2,2,0,2,0,0,0,0,1
315891,getintoteaching,,2,0,2,2,0,2,0,0,0,0,2
315943,ukedchat,,2,0,2,2,0,2,0,0,0,0,2
315945,uk_sport,,2,0,2,2,0,2,0,0,0,0,2
315947,TheMarmotReview,,2,0,2,2,0,2,0,0,0,0,2
315949,_SchoolGames,,2,0,2,2,0,2,0,0,0,0,2
315982,HSJEditor,,2,0,2,2,0,2,0,0,0,0,2
315988,BritAthletics,,2,0,2,2,0,2,0,0,0,0,2
315994,Mental_Elf,,2,0,2,2,0,2,0,0,0,0,2
316011,PookyH,,2,0,2,2,0,2,0,0,0,0,0
316061,SoccerAM,,2,0,2,2,0,2,0,0,0,0,2
316083,WestSuffolk,,3,0,3,3,0,3,0,0,0,0,1
316092,FootballFoundtn,,2,0,2,2,0,2,0,0,0,0,1
316112,nlevett,,2,0,2,2,0,2,0,0,0,0,2
316115,seecharlottej,,2,0,2,2,0,2,0,0,0,0,2
316116,femalesoccer,,2,0,2,2,0,2,0,0,0,0,2
316117,fmuamba6,,2,0,2,2,0,2,0,0,0,0,2
316190,clubwebsite,,2,0,2,2,0,2,0,0,0,0,2
316237,ambergirls,,2,0,2,2,0,2,0,0,0,0,2
316342,SundayChants,,2,0,2,2,0,2,0,0,0,0,2
316374,PlanItCoach,,3,0,3,3,0,3,0,0,0,0,2
316560,FIFAWWC,,3,0,3,3,0,3,0,0,0,0,2
316632,savegrassroots,,2,0,2,2,0,2,0,0,0,0,1
316697,TdotChambers94,,2,0,2,2,0,2,0,0,0,0,2
316807,WSCFEurope,,2,0,2,2,0,2,0,0,0,0,2
317539,LACountyArts,,2,0,2,2,0,2,0,0,0,0,2
317541,LASchools,,2,0,2,2,0,2,0,0,0,0,2
317544,LAUnitedWay,,2,0,2,2,0,2,0,0,0,0,2
317554,disclifechannel,,2,0,2,2,0,2,0,0,0,0,2
317555,TNCNatureLab,,2,0,2,2,0,2,0,0,0,0,2
317561,BabyCenter,,2,0,2,2,0,2,0,0,0,0,2
317565,NCIMedia,,2,0,2,2,0,2,0,0,0,0,2
317589,ePasadenaNow,,2,0,2,2,0,2,0,0,0,0,2
317615,826National,,2,0,2,2,0,2,0,0,0,0,3
317621,WaitingSuperman,,2,0,2,2,0,2,0,0,0,0,2
317630,AAEteachers,,2,0,2,2,0,2,0,0,0,0,1
317641,aspirationtech,,2,0,2,2,0,2,0,0,0,0,3
317686,goWeSpire,,2,0,2,2,0,2,0,0,0,0,2
317709,LAConservancy,,2,0,2,2,0,2,0,0,0,0,2
317711,TreePeople_org,,2,0,2,2,0,2,0,0,0,0,2
317712,OfficialGreenLA,,2,0,2,2,0,2,0,0,0,0,2
317747,AmexBusiness,,2,0,2,2,0,2,0,0,0,0,2
317754,ArtisanalLA,,2,0,2,2,0,2,0,0,0,0,2
317786,CoolhausLA,,2,0,2,2,0,2,0,0,0,0,2
317798,SmallerEarth,,2,0,2,2,0,2,0,0,0,0,2
317815,CasaDelMar,,2,0,2,2,0,2,0,0,0,0,2
317837,EveMayerMedia,,2,0,2,2,0,2,0,0,0,0,0
317899,KPCC,,2,0,2,2,0,2,0,0,0,0,2
317900,taketwo,,2,0,2,2,0,2,0,0,0,0,2
317912,amomsimpression,,2,0,2,2,0,2,0,0,0,0,2
317915,katewalsh,,3,0,3,3,0,3,0,0,0,0,2
317929,stonefiregrill,,2,0,2,2,0,2,0,0,0,0,2
317945,HumanTravels,,2,0,2,2,0,2,0,0,0,0,7
318036,GEOgovuk,,2,0,2,2,0,2,0,0,0,0,2
318056,RaziNurullayev,,2,0,2,2,0,2,0,0,0,0,6
318139,fawcettsociety,,2,0,2,2,0,2,0,0,0,0,2
318140,RefugeCharity,,2,0,2,2,0,2,0,0,0,0,2
318158,fairdeal2015,,2,0,2,2,0,2,0,0,0,0,2
318160,RGuerrina,,2,0,2,2,0,2,0,0,0,0,1
318202,Sethmaxwell1,,2,0,2,2,0,2,0,0,0,0,1
318318,GlobalYouthNet,,2,0,2,2,0,2,0,0,0,0,2
318337,HollyBranson,,2,0,2,2,0,2,0,0,0,0,2
318350,AngelLosadaEU,,2,0,2,2,0,2,0,0,0,0,3
318351,LIDC_UK,,2,0,2,2,0,2,0,0,0,0,2
318385,Jago_Kosolosky,,2,0,2,2,0,2,0,0,0,0,2
318390,VSustentable,,2,0,2,2,0,2,0,0,0,0,4
318410,necminkamil,,2,0,2,2,0,2,0,0,0,0,2
318447,mipumh,,2,0,2,2,0,2,0,0,0,0,2
318475,brewster_kahle,,2,0,2,2,0,2,0,0,0,0,3
318503,anaterradillos,,2,0,2,2,0,2,0,0,0,0,5
318508,EscuelaDeDatos,,2,0,2,2,0,2,0,0,0,0,2
318554,eugeniasiapera,,2,0,2,2,0,2,0,0,0,0,2
318566,MedillSchool,,3,0,3,3,0,3,0,0,0,0,1
318581,Mexleaks,,2,0,2,2,0,2,0,0,0,0,2
318617,adelgado,,3,0,3,3,0,3,0,0,0,0,6
318624,DJVde,,2,0,2,2,0,2,0,0,0,0,1
318653,CronicaUno,,3,0,3,3,0,3,0,0,0,0,2
318654,visualisingdata,,2,0,2,2,0,2,0,0,0,0,0
318696,antoinekowalski,,2,0,2,2,0,2,0,0,0,0,8
318697,anaprieto,,2,0,2,2,0,2,0,0,0,0,4
318712,opendatacon,,2,0,2,2,0,2,0,0,0,0,3
318742,galka_max,,2,0,2,2,0,2,0,0,0,0,2
318745,fuyanik,,2,0,2,2,0,2,0,0,0,0,2
318752,nelsonmau,,2,0,2,2,0,2,0,0,0,0,3
318779,LatAmPeriodismo,,2,0,2,2,0,2,0,0,0,0,2
318825,CARTO,,3,0,3,3,0,3,0,0,0,0,0
318856,HiVolda,,2,0,2,2,0,2,0,0,0,0,2
318861,silviavinas,,2,0,2,2,0,2,0,0,0,0,0
318862,socialtic,,2,0,2,2,0,2,0,0,0,0,2
318871,ramseygeorge,,2,0,2,2,0,2,0,0,0,0,8
318880,Teksterin,,2,0,2,2,0,2,0,0,0,0,1
318940,FrederikFischer,,2,0,2,2,0,2,0,0,0,0,1
318955,McGrathWriter,,2,0,2,2,0,2,0,0,0,0,1
318958,JoDemocracy,,2,0,2,2,0,2,0,0,0,0,2
318975,OSISA,,2,0,2,2,0,2,0,0,0,0,2
319010,louiserau,,2,0,2,2,0,2,0,0,0,0,8
319046,AymanMhanna,,2,0,2,2,0,2,0,0,0,0,1
319055,gvamericalatina,,2,0,2,2,0,2,0,0,0,0,0
319060,chinaeconreview,,2,0,2,2,0,2,0,0,0,0,2
319105,cityjournalism,,2,0,2,2,0,2,0,0,0,0,1
319151,datosperiodismo,,2,0,2,2,0,2,0,0,0,0,2
319183,MohaJichoPevu,,2,0,2,2,0,2,0,0,0,0,2
319192,gijn,,2,0,2,2,0,2,0,0,0,0,2
319238,leap_cc,,3,0,3,3,0,3,0,0,0,0,2
319267,EncountersSFF,,2,0,2,2,0,2,0,0,0,0,2
319270,JermainJackman,,2,0,2,2,0,2,0,0,0,0,2
319302,ScreenwritingU,,2,0,2,2,0,2,0,0,0,0,2
319316,IOTNQDfilm,,2,0,2,2,0,2,0,0,0,0,2
319321,PYNHaringey,,2,0,2,2,0,2,0,0,0,0,4
319347,harringayonline,,2,0,2,2,0,2,0,0,0,0,4
319357,BBCArchive,,3,0,3,3,0,3,0,0,0,0,2
319387,miFutureApp,,2,0,2,2,0,2,0,0,0,0,2
319392,SQMagazine,,2,0,2,2,0,2,0,0,0,0,1
319424,youngvictheatre,,2,0,2,2,0,2,0,0,0,0,2
319457,ewanbaileyfilms,,2,0,2,2,0,2,0,0,0,0,2
319503,biography,,2,0,2,2,0,2,0,0,0,0,2
319516,KekePalmer,,2,0,2,2,0,2,0,0,0,0,2
319519,mdebyoungpeople,,2,0,2,2,0,2,0,0,0,0,2
319525,onlymediajobs,,3,0,3,3,0,3,0,0,0,0,1
319555,YoungWebBuilder,,2,0,2,2,0,2,0,0,0,0,2
319574,towerhamletscol,,2,0,2,2,0,2,0,0,0,0,2
319577,LambFilms,,2,0,2,2,0,2,0,0,0,0,2
319599,BlkHistStudies,,2,0,2,2,0,2,0,0,0,0,1
319629,omarepps,,2,0,2,2,0,2,0,0,0,0,5
319636,thestudentjob,,2,0,2,2,0,2,0,0,0,0,1
319698,YouthWellNet,,2,0,2,2,0,2,0,0,0,0,1
319711,londonswf,,2,0,2,2,0,2,0,0,0,0,2
319737,PaulOxo,,2,0,2,2,0,2,0,0,0,0,7
319750,shortsdown,,2,0,2,2,0,2,0,0,0,0,2
319759,StudentFilmMag,,3,0,3,3,0,3,0,0,0,0,2
319813,yfst,,2,0,2,2,0,2,0,0,0,0,2
319820,SFXsourceSounds,,2,0,2,2,0,2,0,0,0,0,2
319901,StreetFeastLDN,,2,0,2,2,0,2,0,0,0,0,2
319979,LondonStudent,,3,0,3,3,0,3,0,0,0,0,1
320036,secretcinema,,2,0,2,2,0,2,0,0,0,0,2
320091,luefkens,,2,0,2,2,0,2,0,0,0,0,7
320100,traynorbrussels,,3,0,3,3,0,3,0,0,0,0,1
320101,martwittenberg,,2,0,2,2,0,2,0,0,0,0,1
320104,mvanhulten,,2,0,2,2,0,2,0,0,0,0,2
320105,didacgp,,2,0,2,2,0,2,0,0,0,0,1
320113,giopank,,3,0,3,3,0,3,0,0,0,0,3
320116,LondonerVince,,2,0,2,2,0,2,0,0,0,0,2
320118,tseymat,,3,0,3,3,0,3,0,0,0,0,1
320126,Usherwood,,2,0,2,2,0,2,0,0,0,0,1
320141,rapidis,,2,0,2,2,0,2,0,0,0,0,1
320142,FanfareEnPetard,,2,0,2,2,0,2,0,0,0,0,2
320143,GovFaces,,2,0,2,2,0,2,0,0,0,0,1
320146,mayer_michl,,2,0,2,2,0,2,0,0,0,0,2
320156,GherardoLiguori,,2,0,2,2,0,2,0,0,0,0,6
320157,bennosaurus,,2,0,2,2,0,2,0,0,0,0,2
320159,BTodorovski,,2,0,2,2,0,2,0,0,0,0,1
320160,mgtf84,,2,0,2,2,0,2,0,0,0,0,1
320161,MaksimasMilta,,2,0,2,2,0,2,0,0,0,0,1
320164,SWLiege,,2,0,2,2,0,2,0,0,0,0,2
320171,ShapeNote,,2,0,2,2,0,2,0,0,0,0,2
320190,MonikaRafajova,,2,0,2,2,0,2,0,0,0,0,1
320191,jmlanfranco,,3,0,3,3,0,3,0,0,0,0,1
320195,JeunesElecteurs,,2,0,2,2,0,2,0,0,0,0,2
320200,_juliaharrer,,2,0,2,2,0,2,0,0,0,0,1
320241,FelixDeist,,2,0,2,2,0,2,0,0,0,0,1
320244,ivanzivkovic,,2,0,2,2,0,2,0,0,0,0,2
320245,EnriqueHernd10,,2,0,2,2,0,2,0,0,0,0,4
320246,AbBrightman,,2,0,2,2,0,2,0,0,0,0,2
320258,CHIPxSCOUTS,,2,0,2,2,0,2,0,0,0,0,2
320270,TonoEPP,,3,0,3,3,0,3,0,0,0,0,1
320284,MarijeC,,2,0,2,2,0,2,0,0,0,0,2
320290,marklittlenews,,2,0,2,2,0,2,0,0,0,0,2
320291,bueti,,2,0,2,2,0,2,0,0,0,0,2
320303,MarieTuley,,2,0,2,2,0,2,0,0,0,0,5
320309,ruairimckiernan,,2,0,2,2,0,2,0,0,0,0,1
320311,youthsessioncoe,,2,0,2,2,0,2,0,0,0,0,1
320319,bodilvalero,,2,0,2,2,0,2,0,0,0,0,2
320339,j_klute,,2,0,2,2,0,2,0,0,0,0,2
320342,RiaOomenRuijten,,2,0,2,2,0,2,0,0,0,0,1
320351,ReclaimYouth,,2,0,2,2,0,2,0,0,0,0,2
320352,giuseppinatucci,,2,0,2,2,0,2,0,0,0,0,2
320354,YouthDebatesOrg,,2,0,2,2,0,2,0,0,0,0,2
320358,Seb_Chailleux,,2,0,2,2,0,2,0,0,0,0,2
320359,vf_institute,,2,0,2,2,0,2,0,0,0,0,2
320360,AlessioPisano,,2,0,2,2,0,2,0,0,0,0,2
320361,YSInow,,3,0,3,3,0,3,0,0,0,0,2
320363,cwburnstorm,,2,0,2,2,0,2,0,0,0,0,2
320368,Galway2017,,2,0,2,2,0,2,0,0,0,0,2
320373,YouthOpps,,2,0,2,2,0,2,0,0,0,0,1
320376,internavenue,,2,0,2,2,0,2,0,0,0,0,1
320382,PaulBrummell,,3,0,3,3,0,3,0,0,0,0,2
320385,AodhanORiordain,,2,0,2,2,0,2,0,0,0,0,2
320387,nessmul18,,2,0,2,2,0,2,0,0,0,0,2
320388,c_ducourtieux,,2,0,2,2,0,2,0,0,0,0,1
320393,enfoires,,2,0,2,2,0,2,0,0,0,0,6
320394,restosducoeur,,2,0,2,2,0,2,0,0,0,0,8
320397,EiropasKustiba,,3,0,3,3,0,3,0,0,0,0,1
320421,gulesin,,2,0,2,2,0,2,0,0,0,0,2
320422,marketaylor,,2,0,2,2,0,2,0,0,0,0,2
320423,Y00USee,,2,0,2,2,0,2,0,0,0,0,2
320424,stephiestas,,2,0,2,2,0,2,0,0,0,0,2
320429,wallonia4ever,,2,0,2,2,0,2,0,0,0,0,1
320430,TRAMEuropa,,3,0,3,3,0,3,0,0,0,0,1
320443,AnneBoghean,,2,0,2,2,0,2,0,0,0,0,1
320444,stctweets,,3,0,3,3,0,3,0,0,0,0,2
320449,Policy,,2,0,2,2,0,2,0,0,0,0,3
320450,DavidN,,3,0,3,3,0,3,0,0,0,0,2
320451,KikeLevy,,2,0,2,2,0,2,0,0,0,0,2
320455,NLTijne,,2,0,2,2,0,2,0,0,0,0,2
320471,HannaZdanowska,,2,0,2,2,0,2,0,0,0,0,1
320488,jc_varlet,,2,0,2,2,0,2,0,0,0,0,2
320501,AdrianaAlonso90,,2,0,2,2,0,2,0,0,0,0,6
320503,gemwelsh6,,2,0,2,2,0,2,0,0,0,0,2
320506,xchangescotland,,3,0,3,3,0,3,0,0,0,0,1
320509,hjroy,,2,0,2,2,0,2,0,0,0,0,1
320515,duemigsimon,,2,0,2,2,0,2,0,0,0,0,2
320516,RMarbinah,,2,0,2,2,0,2,0,0,0,0,2
320519,GraceRogerson_,,2,0,2,2,0,2,0,0,0,0,2
320522,lccharlet,,2,0,2,2,0,2,0,0,0,0,2
320530,salvamarra,,2,0,2,2,0,2,0,0,0,0,2
320531,JoventRepublica,,2,0,2,2,0,2,0,0,0,0,0
320533,avossel,,2,0,2,2,0,2,0,0,0,0,2
320547,lucillerieux,,2,0,2,2,0,2,0,0,0,0,6
320550,UPYD_Madrid,,2,0,2,2,0,2,0,0,0,0,0
320556,ruppacher,,2,0,2,2,0,2,0,0,0,0,2
320565,MOFedu,,2,0,2,2,0,2,0,0,0,0,3
320584,CraigWinneker,,2,0,2,2,0,2,0,0,0,0,2
320585,JamesPanichi,,2,0,2,2,0,2,0,0,0,0,2
320638,glosinfo,,2,0,2,2,0,2,0,0,0,0,2
320854,TelegraphRugby,,2,0,2,2,0,2,0,0,0,0,2
320855,TubesSoccerAM,,2,0,2,2,0,2,0,0,0,0,2
320899,belfastcc,,3,0,3,3,0,3,0,0,0,0,0
320901,News_Letter,,2,0,2,2,0,2,0,0,0,0,2
320907,lanzaroterugby,,2,0,2,2,0,2,0,0,0,0,2
320932,StudyAtUlster,,3,0,3,3,0,3,0,0,0,0,2
321016,richardosman,,2,0,2,2,0,2,0,0,0,0,2
321236,WNBA,,2,0,2,2,0,2,0,0,0,0,2
321244,dauntllc,,2,0,2,2,0,2,0,0,0,0,2
321247,BrendonBurchard,,2,0,2,2,0,2,0,0,0,0,3
321296,De11eDonne,,2,0,2,2,0,2,0,0,0,0,2
321300,hustleu,,2,0,2,2,0,2,0,0,0,0,1
321329,SkyDigg4,,2,0,2,2,0,2,0,0,0,0,5
321406,IMG,,2,0,2,2,0,2,0,0,0,0,2
321410,wnd,,2,0,2,2,0,2,0,0,0,0,2
321466,Faiyla,,2,0,2,2,0,2,0,0,0,0,8
321555,AZRosamarRue,,2,0,2,2,0,2,0,0,0,0,0
321563,ChillChannel,,2,0,2,2,0,2,0,0,0,0,0
321587,SMChimps,,2,0,2,2,0,2,0,0,0,0,7
321602,SidewaysthePlay,,2,0,2,2,0,2,0,0,0,0,2
321779,dfect,,2,0,2,2,0,2,0,0,0,0,0
321781,DitadeH,,2,0,2,2,0,2,0,0,0,0,2
321793,norellana,,2,0,2,2,0,2,0,0,0,0,0
321795,solamentejoy,,2,0,2,2,0,2,0,0,0,0,2
321797,EndeavorMexico,,2,0,2,2,0,2,0,0,0,0,2
321799,foundersintofun,,2,0,2,2,0,2,0,0,0,0,2
321803,CasadelCineMx,,2,0,2,2,0,2,0,0,0,0,2
321806,peigarza,,3,0,3,3,0,3,0,0,0,0,2
321808,SkyAlertStorm,,3,0,3,3,0,3,0,0,0,0,4
321809,Gatopardocom,,2,0,2,2,0,2,0,0,0,0,2
321810,BuhoGrande,,2,0,2,2,0,2,0,0,0,0,4
321811,artesdemexico,,2,0,2,2,0,2,0,0,0,0,2
321815,CulturaLibreDF,,2,0,2,2,0,2,0,0,0,0,2
321820,sabinaberman,,2,0,2,2,0,2,0,0,0,0,2
321821,RealGDT,,3,0,3,3,0,3,0,0,0,0,2
321824,revistamoi,,2,0,2,2,0,2,0,0,0,0,2
321826,magamastretta,,2,0,2,2,0,2,0,0,0,0,4
321827,CinePREMIERE,,3,0,3,3,0,3,0,0,0,0,2
321839,rtovarydeteresa,,2,0,2,2,0,2,0,0,0,0,2
321845,Super_Forever,,2,0,2,2,0,2,0,0,0,0,6
321849,NewVenturesMX,,2,0,2,2,0,2,0,0,0,0,2
321850,Fondeadora,,3,0,3,3,0,3,0,0,0,0,4
321851,AVM_Mex,,2,0,2,2,0,2,0,0,0,0,2
321880,amoelcine,,3,0,3,3,0,3,0,0,0,0,4
321887,CanalOnceTV,,3,0,3,3,0,3,0,0,0,0,2
321993,TuCrecimiento,,2,0,2,2,0,2,0,0,0,0,2
322058,BreatheEasy2016,,2,0,2,2,0,2,0,0,0,0,2
322064,RicardoRmz_G,,2,0,2,2,0,2,0,0,0,0,2
322077,TylerT22,,2,0,2,2,0,2,0,0,0,0,2
322098,c_insurgentes,,2,0,2,2,0,2,0,0,0,0,4
322103,pinchopin,,3,0,3,3,0,3,0,0,0,0,6
322113,DeBernardi1000,,2,0,2,2,0,2,0,0,0,0,6
322120,Javo_h,,2,0,2,2,0,2,0,0,0,0,6
322124,monteronacho,,3,0,3,3,0,3,0,0,0,0,6
322141,My_Recipes,,2,0,2,2,0,2,0,0,0,0,0
322169,Epic_Liverpool,,2,0,2,2,0,2,0,0,0,0,2
322203,prokopp,,2,0,2,2,0,2,0,0,0,0,2
322430,AutoCritic,,2,0,2,2,0,2,0,0,0,0,2
322431,WSJautos,,2,0,2,2,0,2,0,0,0,0,2
322433,Fixes_Solutions,,2,0,2,2,0,2,0,0,0,0,2
322434,WardsAuto,,2,0,2,2,0,2,0,0,0,0,2
322435,Autoline,,2,0,2,2,0,2,0,0,0,0,2
322443,seriouseats,,2,0,2,2,0,2,0,0,0,0,3
322444,eaterla,,2,0,2,2,0,2,0,0,0,0,2
322460,CBSSports,,2,0,2,2,0,2,0,0,0,0,1
322461,NBCSports,,2,0,2,2,0,2,0,0,0,0,1
322562,911_Mag,,2,0,2,2,0,2,0,0,0,0,6
322576,TravelseeWorld,,2,0,2,2,0,2,0,0,0,0,1
322577,FoxNewsTravel,,2,0,2,2,0,2,0,0,0,0,7
322633,magicalkenya,,2,0,2,2,0,2,0,0,0,0,1
322635,KenyaAirways,,2,0,2,2,0,2,0,0,0,0,7
322640,TheIJR,,2,0,2,2,0,2,0,0,0,0,2
322687,empleosemploy,,2,0,2,2,0,2,0,0,0,0,4
322703,JDPowerAutos,,2,0,2,2,0,2,0,0,0,0,2
322704,Autosinsider,,2,0,2,2,0,2,0,0,0,0,2
322705,WhichCar,,2,0,2,2,0,2,0,0,0,0,2
322706,autocar,,2,0,2,2,0,2,0,0,0,0,2
322707,AutoExpress,,2,0,2,2,0,2,0,0,0,0,2
322708,whatcar,,2,0,2,2,0,2,0,0,0,0,2
322709,evomagazine,,2,0,2,2,0,2,0,0,0,0,2
322710,CARmagazine,,2,0,2,2,0,2,0,0,0,0,2
322711,AutoGuide,,2,0,2,2,0,2,0,0,0,0,2
322712,AutoTrader_com,,2,0,2,2,0,2,0,0,0,0,2
322713,carsdotcom,,2,0,2,2,0,2,0,0,0,0,2
322714,AutoweekUSA,,2,0,2,2,0,2,0,0,0,0,2
322715,RoadandTrack,,2,0,2,2,0,2,0,0,0,0,2
322716,MotorWeek,,2,0,2,2,0,2,0,0,0,0,2
322717,therealautoblog,,2,0,2,2,0,2,0,0,0,0,2
322718,automobilemag,,2,0,2,2,0,2,0,0,0,0,2
322721,Automotive_News,,2,0,2,2,0,2,0,0,0,0,2
323056,IamJoelBrown,,2,0,2,2,0,2,0,0,0,0,2
323114,ColectivaLatina,,2,0,2,2,0,2,0,0,0,0,1
323160,Beisbologo,,2,0,2,2,0,2,0,0,0,0,2
323196,CapsulasInfo,,2,0,2,2,0,2,0,0,0,0,2
323216,ROBUZZnews,,2,0,2,2,0,2,0,0,0,0,2
323288,KarenGentry99,,2,0,2,2,0,2,0,0,0,0,2
323427,AmayaSorrento,,2,0,2,2,0,2,0,0,0,0,7
323470,FilmFreeway,,3,0,3,3,0,3,0,0,0,0,2
323745,arts_business,,2,0,2,2,0,2,0,0,0,0,2
323746,ArtsPro,,2,0,2,2,0,2,0,0,0,0,1
323797,ace_national,,2,0,2,2,0,2,0,0,0,0,1
323845,UWEBristol,,3,0,3,3,0,3,0,0,0,0,2
323878,LDNFilmAcademy,,2,0,2,2,0,2,0,0,0,0,1
323882,TheBlackout,,2,0,2,2,0,2,0,0,0,0,2
323888,bristolcourses,,2,0,2,2,0,2,0,0,0,0,1
323913,unisnotforme,,2,0,2,2,0,2,0,0,0,0,2
323919,gchahal,,2,0,2,2,0,2,0,0,0,0,0
323967,Artangel,,2,0,2,2,0,2,0,0,0,0,2
324110,CraftandMore,,3,0,3,3,0,3,0,0,0,0,4
324141,ForcepointSec,,2,0,2,2,0,2,0,0,0,0,2
324182,draginol,,2,0,2,2,0,2,0,0,0,0,7
324183,REGYATES,,2,0,2,2,0,2,0,0,0,0,2
324208,dgh,,2,0,2,2,0,2,0,0,0,0,7
324242,rachelschraer,,2,0,2,2,0,2,0,0,0,0,2
324280,bbcCultureShow,,2,0,2,2,0,2,0,0,0,0,2
324312,haighdavid,,2,0,2,2,0,2,0,0,0,0,7
324487,Bristol_2015,,2,0,2,2,0,2,0,0,0,0,1
324495,MightyCreatives,,2,0,2,2,0,2,0,0,0,0,2
324514,CSkidmoreUK,,2,0,2,2,0,2,0,0,0,0,2
324540,BootstrapCook,,2,0,2,2,0,2,0,0,0,0,2
324593,FAIreland,,2,0,2,2,0,2,0,0,0,0,1
324598,BWWings,,2,0,2,2,0,2,0,0,0,0,2
324631,ESPNDRadio,,2,0,2,2,0,2,0,0,0,0,2
324641,NCAA,,2,0,2,2,0,2,0,0,0,0,2
324673,umterps,,2,0,2,2,0,2,0,0,0,0,2
324674,GoStanford,,2,0,2,2,0,2,0,0,0,0,2
324707,James_Phelps,,4,0,4,4,0,4,0,0,0,0,2
324717,usatodaysports,,2,0,2,2,0,2,0,0,0,0,1
324720,flyLAXairport,,2,0,2,2,0,2,0,0,0,0,2
324732,CarlosRodrigueM,,2,0,2,2,0,2,0,0,0,0,2
324747,umichsoccer,,2,0,2,2,0,2,0,0,0,0,2
324795,IntChampionsCup,,2,0,2,2,0,2,0,0,0,0,2
324806,BenJerrysWest,,2,0,2,2,0,2,0,0,0,0,2
324820,TheGroveLA,,2,0,2,2,0,2,0,0,0,0,2
324872,thejgold,,2,0,2,2,0,2,0,0,0,0,2
324873,ericgarcetti,,2,0,2,2,0,2,0,0,0,0,2
324915,TheMeltBusLA,,2,0,2,2,0,2,0,0,0,0,2
324921,tyronebiggins,,2,0,2,2,0,2,0,0,0,0,2
324949,danleydon,,2,0,2,2,0,2,0,0,0,0,3
324957,FootGolfUSA,,2,0,2,2,0,2,0,0,0,0,2
325101,emilycook,,2,0,2,2,0,2,0,0,0,0,2
325102,juliebenz,,2,0,2,2,0,2,0,0,0,0,2
325149,LaOpinionLA,,2,0,2,2,0,2,0,0,0,0,0
325187,juanfutbol_us,,2,0,2,2,0,2,0,0,0,0,1
325220,pressenterprise,,2,0,2,2,0,2,0,0,0,0,2
325231,ladailynews,,2,0,2,2,0,2,0,0,0,0,2
325232,HerbalifeES,,2,0,2,2,0,2,0,0,0,0,2
325255,santaanitapark,,2,0,2,2,0,2,0,0,0,0,2
325285,SenFeinstein,,2,0,2,2,0,2,0,0,0,0,2
325318,TheBeast980,,2,0,2,2,0,2,0,0,0,0,2
325404,IslamicThinking,,2,0,2,2,0,2,0,0,0,0,2
325521,ASEANstudies,,2,0,2,2,0,2,0,0,0,0,2
325526,AzzamTamimi,,2,0,2,2,0,2,0,0,0,0,2
325581,Tr724,,2,0,2,2,0,2,0,0,0,0,2
325590,rterdogan_ar,,2,0,2,2,0,2,0,0,0,0,2
325612,ISEAS,,2,0,2,2,0,2,0,0,0,0,2
325733,mujtahidd,,2,0,2,2,0,2,0,0,0,0,5
325886,866SmartLaw,,2,0,2,2,0,2,0,0,0,0,2
326085,Matt_Pagan,,2,0,2,2,0,2,0,0,0,0,1
326091,RepKarenBass,,2,0,2,2,0,2,0,0,0,0,2
326169,schock,,2,0,2,2,0,2,0,0,0,0,2
326302,RockVocals_DFW,,2,0,2,2,0,2,0,0,0,0,3
326364,MrStevenGeorge,,2,0,2,2,0,2,0,0,0,0,4
326453,myrollingstocks,,2,0,2,2,0,2,0,0,0,0,7
326480,LAPublicLibrary,,2,0,2,2,0,2,0,0,0,0,2
326484,WendyNuSkin,,2,0,2,2,0,2,0,0,0,0,0
326491,COACHELLAEVENTS,,2,0,2,2,0,2,0,0,0,0,2
326494,LA2050,,2,0,2,2,0,2,0,0,0,0,2
326496,HomeboyInd,,2,0,2,2,0,2,0,0,0,0,2
326501,ScollarsCoin,,2,0,2,2,0,2,0,0,0,0,1
326534,sabramLA,,2,0,2,2,0,2,0,0,0,0,2
326573,JuriSense,,2,0,2,2,0,2,0,0,0,0,2
326577,bizcartoons,,2,0,2,2,0,2,0,0,0,0,2
326589,MitchOFarrell,,2,0,2,2,0,2,0,0,0,0,2
326698,Forsh,,2,0,2,2,0,2,0,0,0,0,2
326700,Dwellable,,2,0,2,2,0,2,0,0,0,0,1
326712,SustainableAds,,2,0,2,2,0,2,0,0,0,0,6
326713,PlasticBankIND,,2,0,2,2,0,2,0,0,0,0,2
326805,JadenCornelious,,2,0,2,2,0,2,0,0,0,0,2
326807,davidgcant,,2,0,2,2,0,2,0,0,0,0,7
326836,1_2_3_4_5_A_B_,,2,0,2,2,0,2,0,0,0,0,2
326838,CiaoBambino,,2,0,2,2,0,2,0,0,0,0,2
326840,KingWeddington,,3,0,3,3,0,3,0,0,0,0,2
326865,DJordanAgents,,2,0,2,2,0,2,0,0,0,0,1
326896,GIUPHQ,,2,0,2,2,0,2,0,0,0,0,4
326925,STSportUK,,2,0,2,2,0,2,0,0,0,0,2
326926,CVLibrary,,2,0,2,2,0,2,0,0,0,0,2
326928,NETacademies,,2,0,2,2,0,2,0,0,0,0,2
326932,ESCINTL,,3,0,3,3,0,3,0,0,0,0,2
326934,BHASVIC,,2,0,2,2,0,2,0,0,0,0,2
326948,Lighthouse_BTN,,2,0,2,2,0,2,0,0,0,0,1
326951,bbcapprentice,,3,0,3,3,0,3,0,0,0,0,1
326952,kellyhoppen,,2,0,2,2,0,2,0,0,0,0,2
326956,BBCSouthNews,,2,0,2,2,0,2,0,0,0,0,2
326974,SussexBizAwards,,2,0,2,2,0,2,0,0,0,0,1
326979,AoC_info,,2,0,2,2,0,2,0,0,0,0,1
326980,FEWeek,,2,0,2,2,0,2,0,0,0,0,2
326982,BlatchMill,,2,0,2,2,0,2,0,0,0,0,2
326998,LearningExNS,,3,0,3,3,0,3,0,0,0,0,1
327007,rankingguide,,2,0,2,2,0,2,0,0,0,0,7
327015,CapitaCareers,,2,0,2,2,0,2,0,0,0,0,4
327078,IndeedUK,,2,0,2,2,0,2,0,0,0,0,2
327080,reedcouk,,4,0,4,4,0,4,0,0,0,0,2
327086,UndercoverRec,,3,0,3,3,0,3,0,0,0,0,4
327135,wimha,,2,0,2,2,0,2,0,0,0,0,4
327269,inkyillo,,2,0,2,2,0,2,0,0,0,0,2
327330,kittyloum,,2,0,2,2,0,2,0,0,0,0,2
327354,wempydyoctakoto,,4,0,4,4,0,4,0,0,0,0,1
327377,Start_Ups_Co,,2,0,2,2,0,2,0,0,0,0,2
327435,NCLSixthForm,,2,0,2,2,0,2,0,0,0,0,2
327500,TeacherLike,,3,0,3,3,0,3,0,0,0,0,2
327555,karren_brady,,3,0,3,3,0,3,0,0,0,0,1
327565,BucksCollGroup,,2,0,2,2,0,2,0,0,0,0,2
327566,Schools_News,,3,0,3,3,0,3,0,0,0,0,2
327591,GSAUK,,2,0,2,2,0,2,0,0,0,0,2
327593,EpsomCollegeUK,,2,0,2,2,0,2,0,0,0,0,1
327600,InclusiveAwards,,2,0,2,2,0,2,0,0,0,0,2
327608,UKboarding,,2,0,2,2,0,2,0,0,0,0,2
327616,GregHurstTimes,,2,0,2,2,0,2,0,0,0,0,2
327633,schooltruth,,2,0,2,2,0,2,0,0,0,0,2
327658,DeputyMitchell,,2,0,2,2,0,2,0,0,0,0,1
327661,HeadsRoundtable,,2,0,2,2,0,2,0,0,0,0,2
327665,AdcoteSchool,,2,0,2,2,0,2,0,0,0,0,1
327673,lisajaneashes,,2,0,2,2,0,2,0,0,0,0,2
327688,schoolsontap,,3,0,3,3,0,3,0,0,0,0,2
327690,jessshepherd1,,2,0,2,2,0,2,0,0,0,0,2
327699,SchoolsWeek,,2,0,2,2,0,2,0,0,0,0,1
327836,Cyndiburnett,,3,0,3,3,0,3,0,0,0,0,5
327913,StMarysCalne,,2,0,2,2,0,2,0,0,0,0,2
327981,CentrelineUk,,2,0,2,2,0,2,0,0,0,0,2
327984,fnsthe,,2,0,2,2,0,2,0,0,0,0,2
327992,EntrepreneurQ,,2,0,2,2,0,2,0,0,0,0,2
327996,genchayatvakfi,,3,0,3,3,0,3,0,0,0,0,2
327997,kagider,,2,0,2,2,0,2,0,0,0,0,2
327998,BugdayDernegi,,2,0,2,2,0,2,0,0,0,0,2
327999,girvak,,2,0,2,2,0,2,0,0,0,0,2
328001,YP4,,2,0,2,2,0,2,0,0,0,0,1
328002,yo_ormedi,,2,0,2,2,0,2,0,0,0,0,6
328005,DogaOkullari,,3,0,3,3,0,3,0,0,0,0,2
328017,colegioTiaTula,,3,0,3,3,0,3,0,0,0,0,4
328029,TeachersNet,,3,0,3,3,0,3,0,0,0,0,2
328034,janoskians,,2,0,2,2,0,2,0,0,0,0,2
328045,IniRiv,,2,0,2,2,0,2,0,0,0,0,2
328048,InnovateMySchl,,2,0,2,2,0,2,0,0,0,0,1
328054,Bett_show,,2,0,2,2,0,2,0,0,0,0,1
328055,HYPRBrands,,2,0,2,2,0,2,0,0,0,0,3
328056,TheoPaphitis,,3,0,3,3,0,3,0,0,0,0,1
328067,UKContingent,,2,0,2,2,0,2,0,0,0,0,2
328162,DerbyshireYC,,2,0,2,2,0,2,0,0,0,0,2
328242,CRYSTALCASTLESS,,2,0,2,2,0,2,0,0,0,0,2
328243,thecribs,,2,0,2,2,0,2,0,0,0,0,2
328245,YYYs,,2,0,2,2,0,2,0,0,0,0,1
328251,derbycollege,,2,0,2,2,0,2,0,0,0,0,1
328255,BCUSU,,3,0,3,3,0,3,0,0,0,0,4
328263,NMEFestivals,,2,0,2,2,0,2,0,0,0,0,2
328269,youngfollowill,,2,0,2,2,0,2,0,0,0,0,2
328275,TheSTMagazine,,3,0,3,3,0,3,0,0,0,0,2
328280,BestCoast,,2,0,2,2,0,2,0,0,0,0,0
328364,Casablancas_J,,2,0,2,2,0,2,0,0,0,0,6
328448,Guy_Garvey,,2,0,2,2,0,2,0,0,0,0,2
328465,jowhiley,,2,0,2,2,0,2,0,0,0,0,2
328480,rocksound,,2,0,2,2,0,2,0,0,0,0,2
328498,guardianweekend,,2,0,2,2,0,2,0,0,0,0,2
328553,introducingmcr,,2,0,2,2,0,2,0,0,0,0,2
328554,KendalCalling,,2,0,2,2,0,2,0,0,0,0,2
328560,ST_Culture,,2,0,2,2,0,2,0,0,0,0,2
328561,Vicky_McClure,,2,0,2,2,0,2,0,0,0,0,2
328569,darwindeez,,2,0,2,2,0,2,0,0,0,0,2
328577,punktastic,,2,0,2,2,0,2,0,0,0,0,2
328591,What_Liam_Said,,2,0,2,2,0,2,0,0,0,0,2
328610,MetalHammer,,2,0,2,2,0,2,0,0,0,0,2
328614,SimpsonsQOTD,,2,0,2,2,0,2,0,0,0,0,1
328624,terrychristian,,2,0,2,2,0,2,0,0,0,0,2
328634,ashofficial,,2,0,2,2,0,2,0,0,0,0,2
328637,Franz_Ferdinand,,2,0,2,2,0,2,0,0,0,0,6
328683,tomclarkemusic,,2,0,2,2,0,2,0,0,0,0,2
328686,noelfielding11,,3,0,3,3,0,3,0,0,0,0,2
328688,KomediaBath,,2,0,2,2,0,2,0,0,0,0,1
328735,theipaper,,2,0,2,2,0,2,0,0,0,0,2
328739,MyNottingham,,2,0,2,2,0,2,0,0,0,0,1
328774,wonderlandmag,,2,0,2,2,0,2,0,0,0,0,0
328791,Johnny_Marr,,2,0,2,2,0,2,0,0,0,0,2
328869,MaryFitzger,,2,0,2,2,0,2,0,0,0,0,3
328870,alihashem_tv,,2,0,2,2,0,2,0,0,0,0,1
328932,AliBakeer,,2,0,2,2,0,2,0,0,0,0,1
328973,krmaher,,2,0,2,2,0,2,0,0,0,0,8
329039,Ed_Husain,,2,0,2,2,0,2,0,0,0,0,7
329115,InstitutFrLiban,,2,0,2,2,0,2,0,0,0,0,1
329149,radikale,,2,0,2,2,0,2,0,0,0,0,2
329155,LunaSafwan,,2,0,2,2,0,2,0,0,0,0,1
329159,erinmcunningham,,2,0,2,2,0,2,0,0,0,0,2
329172,digiphile,,2,0,2,2,0,2,0,0,0,0,3
329190,wya_mena,,3,0,3,3,0,3,0,0,0,0,2
329260,SalamTammam,,2,0,2,2,0,2,0,0,0,0,1
329302,jbdacey,,2,0,2,2,0,2,0,0,0,0,1
329317,Josiensor,,2,0,2,2,0,2,0,0,0,0,2
329327,NDItech,,2,0,2,2,0,2,0,0,0,0,2
329331,DanaSleiman,,2,0,2,2,0,2,0,0,0,0,2
329333,Levitt_Matt,,2,0,2,2,0,2,0,0,0,0,2
329417,secolourbano,,3,0,3,3,0,3,0,0,0,0,3
329431,TheAtlIdeas,,2,0,2,2,0,2,0,0,0,0,8
329479,arcatl,,3,0,3,3,0,3,0,0,0,0,1
329485,LarrySabato,,2,0,2,2,0,2,0,0,0,0,3
329537,aiesecosu,,3,0,3,3,0,3,0,0,0,0,3
329543,janeswalk,,2,0,2,2,0,2,0,0,0,0,2
329568,City_Mayors,,3,0,3,3,0,3,0,0,0,0,1
329633,DeptEnterprise,,3,0,3,3,0,3,0,0,0,0,1
329674,mdantus,,2,0,2,2,0,2,0,0,0,0,2
329677,startupmexico,,2,0,2,2,0,2,0,0,0,0,2
329694,BACreativa,,2,0,2,2,0,2,0,0,0,0,2
329899,Moblized_Tech,,2,0,2,2,0,2,0,0,0,0,2
329905,MMartin,,2,0,2,2,0,2,0,0,0,0,7
329959,tobiakiode,,2,0,2,2,0,2,0,0,0,0,2
330072,a_m_papagiotis,,2,0,2,2,0,2,0,0,0,0,6
330107,domlondonvip,,2,0,2,2,0,2,0,0,0,0,2
330408,VacciNewsNet,,2,0,2,2,0,2,0,0,0,0,4
330424,SeeTheRoses,,2,0,2,2,0,2,0,0,0,0,2
330426,KnowledgeBishop,,2,0,2,2,0,2,0,0,0,0,6
330525,WindPow,,2,0,2,2,0,2,0,0,0,0,3
330562,AndrewKelsall,,2,0,2,2,0,2,0,0,0,0,2
330614,DesignSoak,,2,0,2,2,0,2,0,0,0,0,2
330644,TINKER2ELVIS,,2,0,2,2,0,2,0,0,0,0,0
330645,AhhPhotography,,2,0,2,2,0,2,0,0,0,0,3
330646,BBCAfricaHYS,,2,0,2,2,0,2,0,0,0,0,1
330657,DigitalPhotoTrk,,2,0,2,2,0,2,0,0,0,0,0
330690,iceboxdesigns,,2,0,2,2,0,2,0,0,0,0,2
330699,keybiscayne,,2,0,2,2,0,2,0,0,0,0,7
330709,ceoBossyGals,,2,0,2,2,0,2,0,0,0,0,2
330716,lalocrp,,3,0,3,3,0,3,0,0,0,0,1
330717,SRCollegeSports,,3,0,3,3,0,3,0,0,0,0,0
330727,GramProdigy,,2,0,2,2,0,2,0,0,0,0,7
330755,pressure_kickz,,2,0,2,2,0,2,0,0,0,0,2
330770,AboutHormones,,2,0,2,2,0,2,0,0,0,0,2
330773,NatalieZfat,,2,0,2,2,0,2,0,0,0,0,6
330785,aheartforgod,,2,0,2,2,0,2,0,0,0,0,2
330821,brianstelter,,2,0,2,2,0,2,0,0,0,0,2
330837,DallasLawrence,,2,0,2,2,0,2,0,0,0,0,6
330850,DuaneReade,,3,0,3,3,0,3,0,0,0,0,7
330863,1pcornwell,,3,0,3,3,0,3,0,0,0,0,2
330866,OolaLife,,2,0,2,2,0,2,0,0,0,0,0
330871,jeffarazzi,,2,0,2,2,0,2,0,0,0,0,7
330886,ItsGrahamDragon,,2,0,2,2,0,2,0,0,0,0,0
330893,OolaGuru,,2,0,2,2,0,2,0,0,0,0,2
330898,randygravitt,,2,0,2,2,0,2,0,0,0,0,2
330906,allbakern,,2,0,2,2,0,2,0,0,0,0,6
330919,David_Gergen,,2,0,2,2,0,2,0,0,0,0,2
330959,CPJAfrica,,2,0,2,2,0,2,0,0,0,0,1
330971,FadiZaghmout,,2,0,2,2,0,2,0,0,0,0,2
330973,Loveszar,,2,0,2,2,0,2,0,0,0,0,7
330976,mtnparkmedia,,2,0,2,2,0,2,0,0,0,0,6
330988,HopeForHaiti,,2,0,2,2,0,2,0,0,0,0,1
331062,BayAreaDivorce,,2,0,2,2,0,2,0,0,0,0,4
331066,iamscottpatters,,2,0,2,2,0,2,0,0,0,0,2
331069,mslavenov,,2,0,2,2,0,2,0,0,0,0,2
331071,living_check,,2,0,2,2,0,2,0,0,0,0,2
331080,fywus,,2,0,2,2,0,2,0,0,0,0,2
331081,burakballii,,2,0,2,2,0,2,0,0,0,0,2
331166,Messina2012,,2,0,2,2,0,2,0,0,0,0,3
331192,YacineBaroudi,,2,0,2,2,0,2,0,0,0,0,7
331199,dj_xoxof,,2,0,2,2,0,2,0,0,0,0,6
331233,LaChicaDeSol,,2,0,2,2,0,2,0,0,0,0,0
331235,myretailmedia,,2,0,2,2,0,2,0,0,0,0,7
331239,UNSSC,,2,0,2,2,0,2,0,0,0,0,2
331241,EmployerBrandUK,,2,0,2,2,0,2,0,0,0,0,2
331271,coronel_marcos,,2,0,2,2,0,2,0,0,0,0,0
331284,GranjeroVerde,,3,0,3,3,0,3,0,0,0,0,2
331287,Bahai_Teachings,,2,0,2,2,0,2,0,0,0,0,6
331289,CokeZero,,3,0,3,3,0,3,0,0,0,0,0
331292,gramilano,,2,0,2,2,0,2,0,0,0,0,3
331323,dougulman,,3,0,3,3,0,3,0,0,0,0,3
331324,johnwoodRTR,,2,0,2,2,0,2,0,0,0,0,1
331332,petezdanis,,2,0,2,2,0,2,0,0,0,0,0
331336,social_netwrk,,2,0,2,2,0,2,0,0,0,0,4
331349,ErwinFlikweert,,2,0,2,2,0,2,0,0,0,0,6
331363,GirlDateForFree,,2,0,2,2,0,2,0,0,0,0,7
331479,Jerry_D_Ross,,2,0,2,2,0,2,0,0,0,0,2
331484,UNIC_Kazakhstan,,2,0,2,2,0,2,0,0,0,0,2
331595,UNSomalia,,2,0,2,2,0,2,0,0,0,0,1
331619,WEWomenForExpo,,3,0,3,3,0,3,0,0,0,0,3
331649,WorldBankIndia,,2,0,2,2,0,2,0,0,0,0,2
331675,UNHCRSom,,2,0,2,2,0,2,0,0,0,0,1
331729,eflclassroom,,2,0,2,2,0,2,0,0,0,0,1
331732,TheCLAlliance,,2,0,2,2,0,2,0,0,0,0,1
331809,ErikDuval,,2,0,2,2,0,2,0,0,0,0,8
331812,cemcan,,2,0,2,2,0,2,0,0,0,0,1
331890,bacigalupe,,2,0,2,2,0,2,0,0,0,0,2
331894,ronnieburt,,2,0,2,2,0,2,0,0,0,0,1
331904,Jessifer,,2,0,2,2,0,2,0,0,0,0,2
332194,HybridPed,,2,0,2,2,0,2,0,0,0,0,2
332272,LookSocialMedia,,2,0,2,2,0,2,0,0,0,0,2
332294,feministteacher,,2,0,2,2,0,2,0,0,0,0,2
332304,emilybell,,2,0,2,2,0,2,0,0,0,0,2
332311,WOLA_org,,3,0,3,3,0,3,0,0,0,0,2
332313,africaarguments,,2,0,2,2,0,2,0,0,0,0,1
332382,gadyepstein,,2,0,2,2,0,2,0,0,0,0,2
332401,bondngo,,2,0,2,2,0,2,0,0,0,0,2
332411,Praxis_Projects,,2,0,2,2,0,2,0,0,0,0,1
332444,NickNorbrook,,2,0,2,2,0,2,0,0,0,0,1
332462,UKinSomalia,,2,0,2,2,0,2,0,0,0,0,1
332468,khanfarw,,2,0,2,2,0,2,0,0,0,0,5
332552,GCR2P,,2,0,2,2,0,2,0,0,0,0,2
332576,globalfreemedia,,2,0,2,2,0,2,0,0,0,0,2
332578,liamstack,,2,0,2,2,0,2,0,0,0,0,5
332581,sherryrehman,,2,0,2,2,0,2,0,0,0,0,2
332619,OSFGrants,,2,0,2,2,0,2,0,0,0,0,1
332678,HasnainKazim,,2,0,2,2,0,2,0,0,0,0,1
332679,andreaslandwehr,,2,0,2,2,0,2,0,0,0,0,1
332709,mikelemora,,2,0,2,2,0,2,0,0,0,0,6
332715,javiercasqueiro,,2,0,2,2,0,2,0,0,0,0,0
332719,hxhassan,,2,0,2,2,0,2,0,0,0,0,1
332737,gemagemma,,2,0,2,2,0,2,0,0,0,0,2
332738,carlescosta_,,2,0,2,2,0,2,0,0,0,0,2
332753,LizSly,,2,0,2,2,0,2,0,0,0,0,2
332763,Lara,,2,0,2,2,0,2,0,0,0,0,7
332766,dw_wirtschaft,,2,0,2,2,0,2,0,0,0,0,1
332784,GuardianData,,2,0,2,2,0,2,0,0,0,0,2
332804,risingvoices,,2,0,2,2,0,2,0,0,0,0,1
332808,javierespinosa2,,2,0,2,2,0,2,0,0,0,0,6
332831,infobeautiful,,3,0,3,3,0,3,0,0,0,0,0
332842,OnOurRadar,,2,0,2,2,0,2,0,0,0,0,2
332847,ShweMaung_MP,,2,0,2,2,0,2,0,0,0,0,2
332867,mmagierowski,,3,0,3,3,0,3,0,0,0,0,3
332885,nurcan_kaya_,,2,0,2,2,0,2,0,0,0,0,2
332923,Maina_Kiai,,2,0,2,2,0,2,0,0,0,0,2
332939,Uni_of_Essex,,4,0,4,4,0,4,0,0,0,0,4
333030,Radiozurnal1,,2,0,2,2,0,2,0,0,0,0,2
333031,CRozhlas,,2,0,2,2,0,2,0,0,0,0,2
333035,lidovky,,2,0,2,2,0,2,0,0,0,0,2
333036,RESPEKT_CZ,,3,0,3,3,0,3,0,0,0,0,2
333038,rimvydasvalatka,,2,0,2,2,0,2,0,0,0,0,2
333042,Hospodarky,,2,0,2,2,0,2,0,0,0,0,2
333043,CTK_news,,2,0,2,2,0,2,0,0,0,0,2
333044,Aktualnecz,,2,0,2,2,0,2,0,0,0,0,2
333045,mfdnes,,2,0,2,2,0,2,0,0,0,0,2
333049,pugaciauskas,,2,0,2,2,0,2,0,0,0,0,2
333056,TomaszSakiewicz,,3,0,3,3,0,3,0,0,0,0,3
333067,Polityka_pl,,3,0,3,3,0,3,0,0,0,0,3
333068,przekroj_pl,,2,0,2,2,0,2,0,0,0,0,2
333095,SBSisters,,2,0,2,2,0,2,0,0,0,0,2
333099,adammbaron,,2,0,2,2,0,2,0,0,0,0,1
333134,ESSieteiglesias,,2,0,2,2,0,2,0,0,0,0,6
333140,patmitchell,,2,0,2,2,0,2,0,0,0,0,2
333203,Kennedy_School,,3,0,3,3,0,3,0,0,0,0,1
333235,hechingerreport,,2,0,2,2,0,2,0,0,0,0,2
333238,maiasz,,2,0,2,2,0,2,0,0,0,0,2
333283,DrHubaEvaluator,,2,0,2,2,0,2,0,0,0,0,2
333321,EdDiveK12,,2,0,2,2,0,2,0,0,0,0,1
333353,BlackPhysicists,,2,0,2,2,0,2,0,0,0,0,2
333371,vivafifty,,2,0,2,2,0,2,0,0,0,0,1
333392,HoustonDebate,,2,0,2,2,0,2,0,0,0,0,2
333416,FitFabMargo,,2,0,2,2,0,2,0,0,0,0,2
333419,hseas,,2,0,2,2,0,2,0,0,0,0,2
333429,AlbertEinstein,,2,0,2,2,0,2,0,0,0,0,3
333466,KatchHQ,,3,0,3,3,0,3,0,0,0,0,2
333857,szizekian,,2,0,2,2,0,2,0,0,0,0,2
333878,brainpickings,,2,0,2,2,0,2,0,0,0,0,2
333883,NeuroNow,,2,0,2,2,0,2,0,0,0,0,2
333889,seanmcarroll,,2,0,2,2,0,2,0,0,0,0,2
333895,cragcrest,,2,0,2,2,0,2,0,0,0,0,2
333896,AnnFinkbeiner,,2,0,2,2,0,2,0,0,0,0,2
333904,oiioxford,,2,0,2,2,0,2,0,0,0,0,2
333919,Neuro_Skeptic,,2,0,2,2,0,2,0,0,0,0,2
333966,consumerist,,2,0,2,2,0,2,0,0,0,0,7
333980,mkonnikova,,2,0,2,2,0,2,0,0,0,0,2
333985,DreJoanneLiu,,2,0,2,2,0,2,0,0,0,0,2
333988,WalterIsaacson,,2,0,2,2,0,2,0,0,0,0,2
333999,GRRMspeaking,,4,0,4,4,0,4,0,0,0,0,3
334015,zoltan_istvan,,2,0,2,2,0,2,0,0,0,0,2
334028,CatholicUniv,,3,0,3,3,0,3,0,0,0,0,1
334040,istanbulstartup,,2,0,2,2,0,2,0,0,0,0,3
334050,maysoonzayid,,2,0,2,2,0,2,0,0,0,0,2
334099,pmanzo70,,2,0,2,2,0,2,0,0,0,0,2
334113,dorieclark,,2,0,2,2,0,2,0,0,0,0,2
334131,KoffieRosita,,2,0,2,2,0,2,0,0,0,0,8
334191,AptAllStars,,2,0,2,2,0,2,0,0,0,0,7
334193,JenniferSertl,,2,0,2,2,0,2,0,0,0,0,2
334199,myplanat,,2,0,2,2,0,2,0,0,0,0,2
334223,AnasAlaoui,,2,0,2,2,0,2,0,0,0,0,7
334275,picardonhealth,,3,0,3,3,0,3,0,0,0,0,2
334304,rcallimachi,,2,0,2,2,0,2,0,0,0,0,2
334358,NeuroscienceNew,,2,0,2,2,0,2,0,0,0,0,2
334402,juliagalef,,2,0,2,2,0,2,0,0,0,0,2
334437,Innovandiamo,,2,0,2,2,0,2,0,0,0,0,2
334443,dsolana,,3,0,3,3,0,3,0,0,0,0,4
334454,RedHat,,2,0,2,2,0,2,0,0,0,0,8
334475,juan_silta,,2,0,2,2,0,2,0,0,0,0,5
334488,lucymarcus,,2,0,2,2,0,2,0,0,0,0,7
334523,EclecticMethod,,2,0,2,2,0,2,0,0,0,0,1
334530,JohnWreford,,2,0,2,2,0,2,0,0,0,0,7
334549,IFLScience,,3,0,3,3,0,3,0,0,0,0,3
334559,DianeRavitch,,2,0,2,2,0,2,0,0,0,0,2
334569,edtraveler,,2,0,2,2,0,2,0,0,0,0,2
334632,DataIsBeautiful,,2,0,2,2,0,2,0,0,0,0,8
334657,bachelrrooks,,2,0,2,2,0,2,0,0,0,0,2
334661,InfantesAlbert,,2,0,2,2,0,2,0,0,0,0,3
334668,LukeRobertMason,,2,0,2,2,0,2,0,0,0,0,0
334701,USGSted,,2,0,2,2,0,2,0,0,0,0,2
334729,VolvoCarUSA,,3,0,3,3,0,3,0,0,0,0,2
334752,exploratorium,,3,0,3,3,0,3,0,0,0,0,2
334768,JAXA_en,,2,0,2,2,0,2,0,0,0,0,0
334787,NCAR_Science,,2,0,2,2,0,2,0,0,0,0,2
334794,bibekdebroy,,2,0,2,2,0,2,0,0,0,0,2
334804,Chellaney,,2,0,2,2,0,2,0,0,0,0,2
334833,RailMinIndia,,2,0,2,2,0,2,0,0,0,0,2
334839,hashtags,,2,0,2,2,0,2,0,0,0,0,2
334864,maspeb,,2,0,2,2,0,2,0,0,0,0,2
334875,PTI_News,,2,0,2,2,0,2,0,0,0,0,2
334881,THPMexico,,2,0,2,2,0,2,0,0,0,0,2
334885,konkonas,,2,0,2,2,0,2,0,0,0,0,2
334886,ashabhosle,,2,0,2,2,0,2,0,0,0,0,2
334919,IndianExpress,,2,0,2,2,0,2,0,0,0,0,2
334925,nramind,,2,0,2,2,0,2,0,0,0,0,2
334927,NMenonRao,,2,0,2,2,0,2,0,0,0,0,2
334934,AFPphoto,,2,0,2,2,0,2,0,0,0,0,2
334958,deanthompson,,2,0,2,2,0,2,0,0,0,0,2
334973,ColleeninLondon,,2,0,2,2,0,2,0,0,0,0,2
334985,dhume,,2,0,2,2,0,2,0,0,0,0,2
334986,BBCBodyPositive,,2,0,2,2,0,2,0,0,0,0,2
334995,InfosysCareers,,2,0,2,2,0,2,0,0,0,0,1
335000,the_hindu,,2,0,2,2,0,2,0,0,0,0,2
335008,NITIAayog,,2,0,2,2,0,2,0,0,0,0,2
335013,ManjuPatel_Nair,,2,0,2,2,0,2,0,0,0,0,2
335030,news18dotcom,,2,0,2,2,0,2,0,0,0,0,2
335044,feministing,,3,0,3,3,0,3,0,0,0,0,0
335045,AsiaSociety,,2,0,2,2,0,2,0,0,0,0,2
335064,gdarmsta,,2,0,2,2,0,2,0,0,0,0,2
335080,ProyectoEmpleo,,2,0,2,2,0,2,0,0,0,0,4
335087,fbhutto,,2,0,2,2,0,2,0,0,0,0,2
335094,FrenchCultureUS,,2,0,2,2,0,2,0,0,0,0,1
335095,GermanyinUSA,,3,0,3,3,0,3,0,0,0,0,1
335134,guia_andalucia,,2,0,2,2,0,2,0,0,0,0,0
335136,MicroteatroGDL,,2,0,2,2,0,2,0,0,0,0,0
335139,microteatro,,2,0,2,2,0,2,0,0,0,0,0
335144,DanzadanceOrg,,2,0,2,2,0,2,0,0,0,0,0
335147,LaRed_deTeatros,,2,0,2,2,0,2,0,0,0,0,0
335169,AJT_PrimerAviso,,2,0,2,2,0,2,0,0,0,0,0
335176,Cia_Barraca,,2,0,2,2,0,2,0,0,0,0,0
335179,TNTAtalaya,,2,0,2,2,0,2,0,0,0,0,0
335181,ALALBATEATRO,,2,0,2,2,0,2,0,0,0,0,0
335182,teatrescorxador,,2,0,2,2,0,2,0,0,0,0,0
335183,eventosevilla,,2,0,2,2,0,2,0,0,0,0,0
335185,Teatre_Romea,,2,0,2,2,0,2,0,0,0,0,0
335189,PerisMencheta,,3,0,3,3,0,3,0,0,0,0,0
335191,TrisUlloa,,2,0,2,2,0,2,0,0,0,0,0
335192,JuanDiegoBotto,,3,0,3,3,0,3,0,0,0,0,5
335194,CineAndCine,,2,0,2,2,0,2,0,0,0,0,0
335197,adrianpinored,,2,0,2,2,0,2,0,0,0,0,0
335206,SindromeClown,,2,0,2,2,0,2,0,0,0,0,0
335210,sevillacultura,,2,0,2,2,0,2,0,0,0,0,0
335213,sevillaevento,,2,0,2,2,0,2,0,0,0,0,0
335220,ES__ARTE,,2,0,2,2,0,2,0,0,0,0,0
335221,CristSchwarz93,,2,0,2,2,0,2,0,0,0,0,0
335225,ByB_Elmusical,,2,0,2,2,0,2,0,0,0,0,0
335227,La_Fundicion,,2,0,2,2,0,2,0,0,0,0,0
335228,TeatroTwitteado,,2,0,2,2,0,2,0,0,0,0,0
335229,cdaem,,2,0,2,2,0,2,0,0,0,0,0
335230,salaceroteatro,,2,0,2,2,0,2,0,0,0,0,0
335259,keeperasmusplus,,2,0,2,2,0,2,0,0,0,0,2
335264,IdiomasyEmpleo,,2,0,2,2,0,2,0,0,0,0,5
335266,PolibaOfficial,,2,0,2,2,0,2,0,0,0,0,1
335267,unibait,,4,0,4,4,0,4,0,0,0,0,3
335283,Ostravska_Uni,,2,0,2,2,0,2,0,0,0,0,1
335286,vsecz,,2,0,2,2,0,2,0,0,0,0,1
335287,CVUTPraha,,2,0,2,2,0,2,0,0,0,0,1
335288,muni_cz,,2,0,2,2,0,2,0,0,0,0,1
335289,UniKarlova,,2,0,2,2,0,2,0,0,0,0,1
335291,CharlesUniPRG,,2,0,2,2,0,2,0,0,0,0,1
335296,EnglishDomain1,,2,0,2,2,0,2,0,0,0,0,1
335300,univ_lille,,2,0,2,2,0,2,0,0,0,0,1
335301,Lille3,,2,0,2,2,0,2,0,0,0,0,1
335307,BerlitzMalta,,2,0,2,2,0,2,0,0,0,0,1
335315,UCAuvergne,,2,0,2,2,0,2,0,0,0,0,1
335316,studentitaranto,,2,0,2,2,0,2,0,0,0,0,2
335317,Univ_Europea,,4,0,4,4,0,4,0,0,0,0,3
335318,UnintUniversita,,3,0,3,3,0,3,0,0,0,0,1
335319,unissTweet,,3,0,3,3,0,3,0,0,0,0,1
335325,UniLIUC,,3,0,3,3,0,3,0,0,0,0,1
335326,uni_cassino,,3,0,3,3,0,3,0,0,0,0,1
335327,UniperugiaNews,,3,0,3,3,0,3,0,0,0,0,1
335332,Cafe_Langues,,2,0,2,2,0,2,0,0,0,0,3
335334,Univ_Artois,,2,0,2,2,0,2,0,0,0,0,1
335335,UniversiteCergy,,2,0,2,2,0,2,0,0,0,0,1
335337,InternHungary,,2,0,2,2,0,2,0,0,0,0,1
335338,InternMarket,,2,0,2,2,0,2,0,0,0,0,1
335339,InternPortugal,,2,0,2,2,0,2,0,0,0,0,1
335341,sd_universitesi,,2,0,2,2,0,2,0,0,0,0,2
335351,IrishEducation,,2,0,2,2,0,2,0,0,0,0,1
335354,wissensschule,,2,0,2,2,0,2,0,0,0,0,1
335355,VisMedNet_Malta,,2,0,2,2,0,2,0,0,0,0,3
335357,etTutorials,,2,0,2,2,0,2,0,0,0,0,2
335363,bildung_news,,2,0,2,2,0,2,0,0,0,0,1
335364,bildungsXperten,,2,0,2,2,0,2,0,0,0,0,1
335365,BildungsSpiegel,,2,0,2,2,0,2,0,0,0,0,1
335366,bildungsklick,,2,0,2,2,0,2,0,0,0,0,1
335367,bildungsweb,,2,0,2,2,0,2,0,0,0,0,1
335369,DeutscheBildung,,2,0,2,2,0,2,0,0,0,0,1
335370,DBS_20,,2,0,2,2,0,2,0,0,0,0,1
335371,bildungnews,,2,0,2,2,0,2,0,0,0,0,1
335383,comunidadupm,,2,0,2,2,0,2,0,0,0,0,4
335403,DidacDduck,,2,0,2,2,0,2,0,0,0,0,1
335404,uniLUM,,3,0,3,3,0,3,0,0,0,0,1
335405,eaec_erasmus,,2,0,2,2,0,2,0,0,0,0,4
335406,erinnor,,2,0,2,2,0,2,0,0,0,0,2
335409,tuinternship,,2,0,2,2,0,2,0,0,0,0,1
335410,TempoRealeFI,,2,0,2,2,0,2,0,0,0,0,3
335421,YorkUnews,,2,0,2,2,0,2,0,0,0,0,4
335422,intern_uk,,2,0,2,2,0,2,0,0,0,0,1
335425,hochschulweb,,2,0,2,2,0,2,0,0,0,0,1
335426,einestages,,2,0,2,2,0,2,0,0,0,0,1
335430,HSAnhalt,,2,0,2,2,0,2,0,0,0,0,1
335431,HS_Harz,,2,0,2,2,0,2,0,0,0,0,1
335432,Studienprofile,,2,0,2,2,0,2,0,0,0,0,1
335433,UniHalle_Presse,,2,0,2,2,0,2,0,0,0,0,1
335436,InternIreland,,2,0,2,2,0,2,0,0,0,0,1
335438,UNICUMde,,2,0,2,2,0,2,0,0,0,0,1
335439,unikold,,2,0,2,2,0,2,0,0,0,0,1
335441,OVGUpresse,,2,0,2,2,0,2,0,0,0,0,1
335442,tuBraunschweig,,2,0,2,2,0,2,0,0,0,0,1
335443,jlugiessen,,2,0,2,2,0,2,0,0,0,0,1
335445,Jobmensa,,2,0,2,2,0,2,0,0,0,0,2
335446,uni_mainz_event,,2,0,2,2,0,2,0,0,0,0,1
335447,UniHannover,,2,0,2,2,0,2,0,0,0,0,1
335448,HS_Fresenius,,2,0,2,2,0,2,0,0,0,0,1
335449,HsKANews,,2,0,2,2,0,2,0,0,0,0,4
335450,HS_Augsburg,,2,0,2,2,0,2,0,0,0,0,1
335451,FOMHochschule,,2,0,2,2,0,2,0,0,0,0,1
335453,InfoHSAS,,2,0,2,2,0,2,0,0,0,0,1
335454,koebenhavns_uni,,2,0,2,2,0,2,0,0,0,0,1
335455,hochschule_calw,,2,0,2,2,0,2,0,0,0,0,1
335456,hs_pforzheim,,2,0,2,2,0,2,0,0,0,0,1
335457,hs_coburg,,2,0,2,2,0,2,0,0,0,0,1
335458,th_koeln,,2,0,2,2,0,2,0,0,0,0,1
335459,unidue,,2,0,2,2,0,2,0,0,0,0,1
335460,UniWH,,2,0,2,2,0,2,0,0,0,0,1
335461,unierfurt,,2,0,2,2,0,2,0,0,0,0,1
335463,InternAccounts,,2,0,2,2,0,2,0,0,0,0,1
335464,InternCivil,,2,0,2,2,0,2,0,0,0,0,1
335465,InternElectro,,2,0,2,2,0,2,0,0,0,0,1
335466,InternChemical,,2,0,2,2,0,2,0,0,0,0,1
335468,InternMechanica,,2,0,2,2,0,2,0,0,0,0,1
335469,rabiavezne,,2,0,2,2,0,2,0,0,0,0,1
335470,InternshipItaly,,2,0,2,2,0,2,0,0,0,0,1
335471,InternFinland,,2,0,2,2,0,2,0,0,0,0,1
335472,InterStatistics,,2,0,2,2,0,2,0,0,0,0,1
335473,InternPoland,,2,0,2,2,0,2,0,0,0,0,4
335474,InternNorway,,2,0,2,2,0,2,0,0,0,0,2
335475,InternSpain,,2,0,2,2,0,2,0,0,0,0,1
335476,InternshipSpain,,2,0,2,2,0,2,0,0,0,0,5
335477,internCzechRep,,2,0,2,2,0,2,0,0,0,0,1
335478,EuroInternship,,2,0,2,2,0,2,0,0,0,0,5
335479,bariccoale,,2,0,2,2,0,2,0,0,0,0,3
335480,Wu_Ming_Foundt,,2,0,2,2,0,2,0,0,0,0,3
335481,urbana_granada,,2,0,2,2,0,2,0,0,0,0,5
335487,F_Galmes,,2,0,2,2,0,2,0,0,0,0,5
335489,josematrujillo,,2,0,2,2,0,2,0,0,0,0,0
335490,DETS_UGR,,2,0,2,2,0,2,0,0,0,0,6
335491,PieComDoc,,2,0,2,2,0,2,0,0,0,0,6
335493,bpradosp,,2,0,2,2,0,2,0,0,0,0,6
335494,chuesomontoro,,2,0,2,2,0,2,0,0,0,0,6
335497,MCAkseki,,2,0,2,2,0,2,0,0,0,0,2
335498,celinegur,,2,0,2,2,0,2,0,0,0,0,2
335501,mimozaclk,,2,0,2,2,0,2,0,0,0,0,2
335502,Malagazine,,3,0,3,3,0,3,0,0,0,0,4
335504,Antena3Deportes,,2,0,2,2,0,2,0,0,0,0,5
335508,culturacyl,,2,0,2,2,0,2,0,0,0,0,1
335512,RadioOdyssey,,2,0,2,2,0,2,0,0,0,0,2
335516,MAGODEOZOFIC,,3,0,3,3,0,3,0,0,0,0,6
335524,OakPower,,2,0,2,2,0,2,0,0,0,0,0
335533,ARTEspectaculo,,2,0,2,2,0,2,0,0,0,0,0
335539,donarfonzo,,2,0,2,2,0,2,0,0,0,0,0
335560,GladysPalmera,,2,0,2,2,0,2,0,0,0,0,0
335568,Esteban_Gamez_R,,2,0,2,2,0,2,0,0,0,0,0
335575,weezermij,,2,0,2,2,0,2,0,0,0,0,5
335577,elpuntarron,,2,0,2,2,0,2,0,0,0,0,0
335584,AzkenaRockFest,,2,0,2,2,0,2,0,0,0,0,2
335587,grecfestivalbcn,,2,0,2,2,0,2,0,0,0,0,0
335594,WebSoloRock,,2,0,2,2,0,2,0,0,0,0,2
335596,NovedadesRock,,2,0,2,2,0,2,0,0,0,0,2
335598,LHMagazin,,2,0,2,2,0,2,0,0,0,0,2
335606,BCCTTelSalvador,,2,0,2,2,0,2,0,0,0,0,2
335607,LaBalconada,,2,0,2,2,0,2,0,0,0,0,0
335608,RevistaZoomEs,,3,0,3,3,0,3,0,0,0,0,0
335620,AngelaMuromusic,,2,0,2,2,0,2,0,0,0,0,0
335621,MarchesiLeonor,,2,0,2,2,0,2,0,0,0,0,2
335624,docenotas,,2,0,2,2,0,2,0,0,0,0,0
335627,jlcastilloch,,2,0,2,2,0,2,0,0,0,0,0
335639,Guitarrista_Com,,2,0,2,2,0,2,0,0,0,0,0
335640,r0s1k4,,2,0,2,2,0,2,0,0,0,0,0
335641,sofiamop,,2,0,2,2,0,2,0,0,0,0,6
335650,joseluispelopo,,2,0,2,2,0,2,0,0,0,0,0
335663,FilmBayona,,2,0,2,2,0,2,0,0,0,0,0
335672,figaron,,2,0,2,2,0,2,0,0,0,0,4
335701,LaBienQuerida,,2,0,2,2,0,2,0,0,0,0,0
335702,jabalinamusica,,2,0,2,2,0,2,0,0,0,0,0
335703,MushroomPillow,,2,0,2,2,0,2,0,0,0,0,0
335704,WASlovesyou,,2,0,2,2,0,2,0,0,0,0,0
335706,BIMEnet,,2,0,2,2,0,2,0,0,0,0,0
335717,fedecomin,,2,0,2,2,0,2,0,0,0,0,0
335718,AlbertoAlcalaR,,2,0,2,2,0,2,0,0,0,0,0
335725,guejar,,2,0,2,2,0,2,0,0,0,0,0
335728,ofunkilloband,,2,0,2,2,0,2,0,0,0,0,2
335729,rpettinato,,2,0,2,2,0,2,0,0,0,0,2
335733,AxelOficial,,2,0,2,2,0,2,0,0,0,0,0
335755,Piturdajaen,,2,0,2,2,0,2,0,0,0,0,0
335787,ElBeastoAC,,2,0,2,2,0,2,0,0,0,0,4
335792,boticamusica,,2,0,2,2,0,2,0,0,0,0,0
335794,cierrastereo,,2,0,2,2,0,2,0,0,0,0,4
335809,Playmuser_es,,2,0,2,2,0,2,0,0,0,0,0
335816,Dia_delaMusica,,2,0,2,2,0,2,0,0,0,0,0
335820,enderrock,,2,0,2,2,0,2,0,0,0,0,2
335821,MishimaBCN,,2,0,2,2,0,2,0,0,0,0,6
335822,standstill_bcn,,2,0,2,2,0,2,0,0,0,0,0
335824,_Retorna,,2,0,2,2,0,2,0,0,0,0,4
335825,deresiduos,,2,0,2,2,0,2,0,0,0,0,4
335826,Vertidos_Cero,,2,0,2,2,0,2,0,0,0,0,4
335829,revista_efeeme,,2,0,2,2,0,2,0,0,0,0,0
335831,81Dudu,,2,0,2,2,0,2,0,0,0,0,0
335833,MiriamBF97,,2,0,2,2,0,2,0,0,0,0,6
335843,ATorres_5,,2,0,2,2,0,2,0,0,0,0,6
335850,paco_gamez2,,2,0,2,2,0,2,0,0,0,0,0
335852,carlitos16L,,2,0,2,2,0,2,0,0,0,0,0
335881,CLinaresGR,,2,0,2,2,0,2,0,0,0,0,0
335883,UPyDmetrGranada,,2,0,2,2,0,2,0,0,0,0,0
335893,_LenaBu_,,2,0,2,2,0,2,0,0,0,0,6
335898,ElFiesta_es,,2,0,2,2,0,2,0,0,0,0,2
335901,carlimochon,,2,0,2,2,0,2,0,0,0,0,6
335911,Laranaroja_web,,2,0,2,2,0,2,0,0,0,0,0
335919,Friquiland,,2,0,2,2,0,2,0,0,0,0,0
335921,CEliaSJ__,,2,0,2,2,0,2,0,0,0,0,0
335923,elgranrefranero,,2,0,2,2,0,2,0,0,0,0,0
335925,ALTER_info,,2,0,2,2,0,2,0,0,0,0,0
335927,ginestal,,2,0,2,2,0,2,0,0,0,0,0
335930,david_gr22,,2,0,2,2,0,2,0,0,0,0,6
335931,LatinoSuits,,2,0,2,2,0,2,0,0,0,0,0
335935,DistribRuiz,,2,0,2,2,0,2,0,0,0,0,0
335937,ivanqgarcia,,2,0,2,2,0,2,0,0,0,0,0
335940,NoosphereR,,2,0,2,2,0,2,0,0,0,0,0
335941,JUANCHOELCHARRO,,2,0,2,2,0,2,0,0,0,0,0
335942,PoliticaPlural,,2,0,2,2,0,2,0,0,0,0,0
335946,pirucho769,,2,0,2,2,0,2,0,0,0,0,6
335950,AurynersGranada,,2,0,2,2,0,2,0,0,0,0,0
335952,world_fitness00,,2,0,2,2,0,2,0,0,0,0,0
335953,miguelsanchezfm,,2,0,2,2,0,2,0,0,0,0,0
335954,Lluis_Serra,,2,0,2,2,0,2,0,0,0,0,0
335955,Sonia_a_veces,,2,0,2,2,0,2,0,0,0,0,0
335956,SchwanGr,,2,0,2,2,0,2,0,0,0,0,0
335959,RepartiendoRock,,2,0,2,2,0,2,0,0,0,0,0
335960,CSPeinado,,2,0,2,2,0,2,0,0,0,0,0
335961,estercasanova_,,2,0,2,2,0,2,0,0,0,0,0
335964,GeraSantaella,,2,0,2,2,0,2,0,0,0,0,6
335974,fisioterapiaGR,,2,0,2,2,0,2,0,0,0,0,0
335978,classora,,2,0,2,2,0,2,0,0,0,0,6
335981,CelybelP,,2,0,2,2,0,2,0,0,0,0,0
335984,NostalgiaSpain,,2,0,2,2,0,2,0,0,0,0,0
335987,AngelLuisMarti4,,2,0,2,2,0,2,0,0,0,0,0
335992,JUANKILLA32,,2,0,2,2,0,2,0,0,0,0,6
335994,jcarlos_viedma,,2,0,2,2,0,2,0,0,0,0,6
335995,Kronnenband,,2,0,2,2,0,2,0,0,0,0,0
335999,GuadixCircuit,,2,0,2,2,0,2,0,0,0,0,0
336004,MJTmotorsport,,2,0,2,2,0,2,0,0,0,0,0
336008,tiendasdtodo,,2,0,2,2,0,2,0,0,0,0,0
336017,Mariana__Lozano,,2,0,2,2,0,2,0,0,0,0,2
336022,Faltariamascom,,2,0,2,2,0,2,0,0,0,0,6
336026,joseman46jose,,3,0,3,3,0,3,0,0,0,0,0
336028,servuccionseg,,3,0,3,3,0,3,0,0,0,0,0
336030,mariaporcelgali,,2,0,2,2,0,2,0,0,0,0,0
336037,intereconomia_c,,2,0,2,2,0,2,0,0,0,0,6
336039,Anibal_Moreno_,,2,0,2,2,0,2,0,0,0,0,0
336040,prao_GR,,2,0,2,2,0,2,0,0,0,0,0
336042,DamonRLaVoz,,2,0,2,2,0,2,0,0,0,0,6
336048,UEFADIE,,2,0,2,2,0,2,0,0,0,0,0
336056,LuisGLucasMusic,,2,0,2,2,0,2,0,0,0,0,0
336060,GoogleNewsMX,,2,0,2,2,0,2,0,0,0,0,0
336065,Domingo_Funes,,2,0,2,2,0,2,0,0,0,0,0
336066,DonCorleoneLaws,,2,0,2,2,0,2,0,0,0,0,0
336070,ContrerasMay,,2,0,2,2,0,2,0,0,0,0,0
336071,laicismoorg,,2,0,2,2,0,2,0,0,0,0,0
336073,diegocoquillat,,2,0,2,2,0,2,0,0,0,0,0
336075,CarlosCanoAutor,,2,0,2,2,0,2,0,0,0,0,0
336079,FrentesurG,,2,0,2,2,0,2,0,0,0,0,6
336087,CarmelaRios,,2,0,2,2,0,2,0,0,0,0,0
336089,mtascon,,2,0,2,2,0,2,0,0,0,0,0
336091,PabloHerreros,,2,0,2,2,0,2,0,0,0,0,0
336094,GoodwillComunic,,2,0,2,2,0,2,0,0,0,0,0
336101,Pilarsmith,,2,0,2,2,0,2,0,0,0,0,2
336102,Elasombrario,,2,0,2,2,0,2,0,0,0,0,0
336104,borderlinepress,,2,0,2,2,0,2,0,0,0,0,0
336108,RFC_radio,,2,0,2,2,0,2,0,0,0,0,5
336116,jaimecantizano,,2,0,2,2,0,2,0,0,0,0,0
336117,QTTF,,2,0,2,2,0,2,0,0,0,0,0
336118,Alexkalextrik,,2,0,2,2,0,2,0,0,0,0,3
336119,AlbertoGarciaFM,,2,0,2,2,0,2,0,0,0,0,3
336133,hipersonica,,2,0,2,2,0,2,0,0,0,0,6
336140,startvideojuego,,2,0,2,2,0,2,0,0,0,0,0
336143,Muebles_Sainz,,2,0,2,2,0,2,0,0,0,0,6
336147,PacoCifuentes,,2,0,2,2,0,2,0,0,0,0,0
336157,ASIGranada,,2,0,2,2,0,2,0,0,0,0,6
336158,Rocio_gil95,,2,0,2,2,0,2,0,0,0,0,6
336159,cegemsa,,2,0,2,2,0,2,0,0,0,0,4
336160,GranadaC_F,,2,0,2,2,0,2,0,0,0,0,0
336161,dasgranada,,2,0,2,2,0,2,0,0,0,0,0
336164,happyfmgranada,,2,0,2,2,0,2,0,0,0,0,0
336165,SSGranada,,3,0,3,3,0,3,0,0,0,0,0
336166,cutbaigranada,,2,0,2,2,0,2,0,0,0,0,0
336167,TriniMegias,,2,0,2,2,0,2,0,0,0,0,0
336168,AmparoAlvarezGR,,2,0,2,2,0,2,0,0,0,0,0
336169,IglesiaIlloraYa,,2,0,2,2,0,2,0,0,0,0,6
336170,Rotarygranada,,2,0,2,2,0,2,0,0,0,0,0
336171,Soledad_Granada,,2,0,2,2,0,2,0,0,0,0,0
336172,ElGoldeGranada,,3,0,3,3,0,3,0,0,0,0,0
336173,srkikigranada,,3,0,3,3,0,3,0,0,0,0,0
336174,CiclismoAND,,2,0,2,2,0,2,0,0,0,0,0
336175,Fans_DB_granada,,3,0,3,3,0,3,0,0,0,0,0
336177,PlzTorosGranada,,2,0,2,2,0,2,0,0,0,0,0
336178,rboateng07,,2,0,2,2,0,2,0,0,0,0,0
336180,la__guardia,,2,0,2,2,0,2,0,0,0,0,0
336181,ComparsaGranada,,2,0,2,2,0,2,0,0,0,0,0
336182,HebreoUGRGranad,,2,0,2,2,0,2,0,0,0,0,0
336183,Granada_IU,,2,0,2,2,0,2,0,0,0,0,0
336184,mariano9605,,2,0,2,2,0,2,0,0,0,0,6
336188,carmenvmartinez,,2,0,2,2,0,2,0,0,0,0,0
336196,RadioEducacion,,2,0,2,2,0,2,0,0,0,0,4
336202,elgarajeprod,,2,0,2,2,0,2,0,0,0,0,2
336204,portAmerica,,2,0,2,2,0,2,0,0,0,0,5
336207,rafa_basa,,2,0,2,2,0,2,0,0,0,0,2
336208,mariskalrock,,2,0,2,2,0,2,0,0,0,0,2
336209,insonoro,,2,0,2,2,0,2,0,0,0,0,2
336210,portaldelrock,,2,0,2,2,0,2,0,0,0,0,2
336211,AlmadeRockWeb,,2,0,2,2,0,2,0,0,0,0,2
336212,Rock2_0,,2,0,2,2,0,2,0,0,0,0,2
336213,AldeaDelRock,,2,0,2,2,0,2,0,0,0,0,2
336215,NoeMagnetikProd,,2,0,2,2,0,2,0,0,0,0,2
336216,rockestatal,,2,0,2,2,0,2,0,0,0,0,2
336217,laselvasur,,2,0,2,2,0,2,0,0,0,0,0
336218,sonidovegetal,,2,0,2,2,0,2,0,0,0,0,6
336220,Fnac_Musica,,2,0,2,2,0,2,0,0,0,0,0
336223,lacalmamagazine,,2,0,2,2,0,2,0,0,0,0,0
336229,victorclares,,2,0,2,2,0,2,0,0,0,0,3
336242,CorrupcionZero,,2,0,2,2,0,2,0,0,0,0,6
336247,Mujerhoy,,2,0,2,2,0,2,0,0,0,0,4
336249,ZCelemin,,2,0,2,2,0,2,0,0,0,0,4
336263,munoz_rafa,,2,0,2,2,0,2,0,0,0,0,0
336264,asieretxeandia,,2,0,2,2,0,2,0,0,0,0,0
336265,monicaragon,,2,0,2,2,0,2,0,0,0,0,0
336268,Cinedepatio,,2,0,2,2,0,2,0,0,0,0,6
336269,777albertor,,2,0,2,2,0,2,0,0,0,0,0
336275,pelayoale,,2,0,2,2,0,2,0,0,0,0,0
336277,LeonorWatling1,,2,0,2,2,0,2,0,0,0,0,0
336283,Siglo21_Radio3,,2,0,2,2,0,2,0,0,0,0,0
336286,vuelofenix_r3,,2,0,2,2,0,2,0,0,0,0,2
336288,Turbo3r3,,2,0,2,2,0,2,0,0,0,0,8
336289,ComoLoOyes_R3,,2,0,2,2,0,2,0,0,0,0,0
336290,skiandtweet,,2,0,2,2,0,2,0,0,0,0,0
336291,caroruizc4,,2,0,2,2,0,2,0,0,0,0,0
336293,FernandoMTC,,2,0,2,2,0,2,0,0,0,0,0
336296,JsCigarbox,,2,0,2,2,0,2,0,0,0,0,0
336300,kPonchok,,2,0,2,2,0,2,0,0,0,0,4
336312,MjSierr,,2,0,2,2,0,2,0,0,0,0,0
336313,elcheffessieri,,2,0,2,2,0,2,0,0,0,0,0
336319,VanesaKershawi,,2,0,2,2,0,2,0,0,0,0,0
336324,goyofotografos,,2,0,2,2,0,2,0,0,0,0,6
336329,victorfdez12,,2,0,2,2,0,2,0,0,0,0,0
336332,irene_Vil,,2,0,2,2,0,2,0,0,0,0,6
336336,vigalondo,,2,0,2,2,0,2,0,0,0,0,0
336351,marcos_seijas,,2,0,2,2,0,2,0,0,0,0,7
336357,CGMeetup,,2,0,2,2,0,2,0,0,0,0,2
336365,pixologic,,2,0,2,2,0,2,0,0,0,0,2
336375,VFXSociety,,2,0,2,2,0,2,0,0,0,0,2
336376,ArtofVFX,,2,0,2,2,0,2,0,0,0,0,2
336377,imageworksvfx,,2,0,2,2,0,2,0,0,0,0,2
336378,DigitalDomainDD,,2,0,2,2,0,2,0,0,0,0,2
336379,ImageEngine,,2,0,2,2,0,2,0,0,0,0,2
336380,Cinesite,,2,0,2,2,0,2,0,0,0,0,2
336381,MPC_Film,,2,0,2,2,0,2,0,0,0,0,2
336382,dneg,,2,0,2,2,0,2,0,0,0,0,2
336383,MillChannel,,2,0,2,2,0,2,0,0,0,0,2
336384,Framestore,,2,0,2,2,0,2,0,0,0,0,2
336385,Escape_Studios,,2,0,2,2,0,2,0,0,0,0,2
336388,ChesterBe,,2,0,2,2,0,2,0,0,0,0,2
336392,SQUARE_ENIX_EU,,2,0,2,2,0,2,0,0,0,0,2
336393,SquareEnix,,2,0,2,2,0,2,0,0,0,0,2
336395,FFXVEN,,2,0,2,2,0,2,0,0,0,0,2
336413,booksandparty,,2,0,2,2,0,2,0,0,0,0,2
336422,ribasdiego10,,2,0,2,2,0,2,0,0,0,0,5
336428,kScodders,,2,0,2,2,0,2,0,0,0,0,1
336430,AntoniaLThomas,,2,0,2,2,0,2,0,0,0,0,2
336443,SantiCamach0,,2,0,2,2,0,2,0,0,0,0,2
336447,RaiRobledo,,2,0,2,2,0,2,0,0,0,0,2
336454,MareaLetras,,2,0,2,2,0,2,0,0,0,0,2
336464,chesterbenn,,2,0,2,2,0,2,0,0,0,0,2
336468,Fuboltv,,2,0,2,2,0,2,0,0,0,0,6
336473,entrelectores,,2,0,2,2,0,2,0,0,0,0,2
336475,lifeatgoogle,,2,0,2,2,0,2,0,0,0,0,1
336481,mihoalee,,2,0,2,2,0,2,0,0,0,0,6
336484,MercedesRecio,,2,0,2,2,0,2,0,0,0,0,0
336495,RotamundosLatAm,,2,0,2,2,0,2,0,0,0,0,2
336503,ffrancis63,,2,0,2,2,0,2,0,0,0,0,6
336508,Isabel_Catolica,,2,0,2,2,0,2,0,0,0,0,0
336511,Big_Wyoming,,2,0,2,2,0,2,0,0,0,0,0
336515,19Bautista,,2,0,2,2,0,2,0,0,0,0,5
336516,PlanetaNatGeo,,2,0,2,2,0,2,0,0,0,0,0
336517,GokuSarcastico,,2,0,2,2,0,2,0,0,0,0,0
336524,laiamorella,,2,0,2,2,0,2,0,0,0,0,1
336527,kristang_88,,2,0,2,2,0,2,0,0,0,0,5
336531,AdriaCorso,,3,0,3,3,0,3,0,0,0,0,1
336533,borprb,,2,0,2,2,0,2,0,0,0,0,1
336536,gnolus,,2,0,2,2,0,2,0,0,0,0,8
336537,maaa_rio,,2,0,2,2,0,2,0,0,0,0,1
336538,marioalarcon85,,2,0,2,2,0,2,0,0,0,0,5
336539,vetcihangir,,2,0,2,2,0,2,0,0,0,0,2
336541,DarthCalta,,2,0,2,2,0,2,0,0,0,0,1
336545,stra_nna,,2,0,2,2,0,2,0,0,0,0,3
336546,cmuley,,2,0,2,2,0,2,0,0,0,0,1
336547,naty_nata_,,2,0,2,2,0,2,0,0,0,0,1
336548,r4ph43l_castel,,2,0,2,2,0,2,0,0,0,0,3
336552,RupsssHangover,,2,0,2,2,0,2,0,0,0,0,2
336553,Nar6mes3,,2,0,2,2,0,2,0,0,0,0,6
336554,zaidasoler,,2,0,2,2,0,2,0,0,0,0,2
336555,perez_manon,,2,0,2,2,0,2,0,0,0,0,5
336557,MartinaSivieri,,2,0,2,2,0,2,0,0,0,0,1
336558,lucky_vale87,,2,0,2,2,0,2,0,0,0,0,1
336563,R_TravelAddict,,2,0,2,2,0,2,0,0,0,0,1
336564,AitorLpezSnchez,,2,0,2,2,0,2,0,0,0,0,3
336566,Alba_Zaria,,2,0,2,2,0,2,0,0,0,0,1
336570,nuriaguillenc,,2,0,2,2,0,2,0,0,0,0,2
336571,DianaCambres,,2,0,2,2,0,2,0,0,0,0,1
336572,MickaGolinski,,2,0,2,2,0,2,0,0,0,0,3
336575,PalomaGuerrero4,,3,0,3,3,0,3,0,0,0,0,1
336576,mArivijdp,,2,0,2,2,0,2,0,0,0,0,1
336577,ebollito,,2,0,2,2,0,2,0,0,0,0,1
336578,LorenaBlaya1,,2,0,2,2,0,2,0,0,0,0,1
336579,PalomaFuentesSa,,2,0,2,2,0,2,0,0,0,0,1
336580,mlsalaices,,2,0,2,2,0,2,0,0,0,0,1
336581,Martanove,,2,0,2,2,0,2,0,0,0,0,1
336582,CCruzRastrojo,,2,0,2,2,0,2,0,0,0,0,1
336583,Clin_Clin,,2,0,2,2,0,2,0,0,0,0,1
336585,zahira_martin,,2,0,2,2,0,2,0,0,0,0,1
336586,Macarena_AguiDi,,2,0,2,2,0,2,0,0,0,0,1
336588,raulcapillas,,2,0,2,2,0,2,0,0,0,0,1
336589,DaSentry,,2,0,2,2,0,2,0,0,0,0,1
336590,algerlp,,2,0,2,2,0,2,0,0,0,0,1
336591,mati_bol,,2,0,2,2,0,2,0,0,0,0,1
336592,Ana_Sans,,2,0,2,2,0,2,0,0,0,0,3
336593,PieroBaciCh,,2,0,2,2,0,2,0,0,0,0,1
336603,submarinas,,2,0,2,2,0,2,0,0,0,0,1
336607,JCF_Valencia,,2,0,2,2,0,2,0,0,0,0,1
336625,d_boeselager,,2,0,2,2,0,2,0,0,0,0,2
336632,LeoVaradkar,,2,0,2,2,0,2,0,0,0,0,1
336635,SwedishPM,,2,0,2,2,0,2,0,0,0,0,2
336642,LtitiaV,,2,0,2,2,0,2,0,0,0,0,1
336702,lovidal88,,2,0,2,2,0,2,0,0,0,0,1
336726,EByard,,2,0,2,2,0,2,0,0,0,0,1
336743,fffjjj77,,2,0,2,2,0,2,0,0,0,0,1
336745,aureamolto,,2,0,2,2,0,2,0,0,0,0,0
336747,thehertieschool,,2,0,2,2,0,2,0,0,0,0,1
336763,targiwkrakowie,,2,0,2,2,0,2,0,0,0,0,1
336772,VincentiDaniela,,2,0,2,2,0,2,0,0,0,0,1
336824,CliMates_intl,,2,0,2,2,0,2,0,0,0,0,1
336826,SENSD_Europe,,2,0,2,2,0,2,0,0,0,0,4
336829,EFPSA,,2,0,2,2,0,2,0,0,0,0,4
336831,LondonMUN,,2,0,2,2,0,2,0,0,0,0,2
336851,TheFoundGenUK,,2,0,2,2,0,2,0,0,0,0,2
336863,AIESECRiga,,2,0,2,2,0,2,0,0,0,0,3
336879,JongenDuurzaam,,2,0,2,2,0,2,0,0,0,0,1
336883,YoungPiratesEU,,2,0,2,2,0,2,0,0,0,0,1
336899,YouAct_Europe,,2,0,2,2,0,2,0,0,0,0,3
336909,JVunesco,,2,0,2,2,0,2,0,0,0,0,1
336916,NCVOvolunteers,,2,0,2,2,0,2,0,0,0,0,0
336922,YouthareUnited,,2,0,2,2,0,2,0,0,0,0,2
336947,gruene_jugend,,2,0,2,2,0,2,0,0,0,0,1
336962,fnuja,,2,0,2,2,0,2,0,0,0,0,8
336977,entreprnschool,,2,0,2,2,0,2,0,0,0,0,5
336980,LabourStudents,,2,0,2,2,0,2,0,0,0,0,1
336994,FouGen,,2,0,2,2,0,2,0,0,0,0,2
336995,CNVJongeren,,2,0,2,2,0,2,0,0,0,0,1
336996,FnvJong,,2,0,2,2,0,2,0,0,0,0,1
336998,AIESECUA,,2,0,2,2,0,2,0,0,0,0,3
336999,aiesecbv,,2,0,2,2,0,2,0,0,0,0,3
337000,AIESEC_Bulgaria,,2,0,2,2,0,2,0,0,0,0,1
337007,jeeeurope,,2,0,2,2,0,2,0,0,0,0,1
337016,RealTimeWW1,,2,0,2,2,0,2,0,0,0,0,1
337039,EUPRIO,,2,0,2,2,0,2,0,0,0,0,1
337044,new_rootz,,2,0,2,2,0,2,0,0,0,0,1
337048,YAS_Society,,2,0,2,2,0,2,0,0,0,0,2
337052,NCVYS,,3,0,3,3,0,3,0,0,0,0,1
337053,MattSL,,2,0,2,2,0,2,0,0,0,0,2
337061,NUSScotland,,2,0,2,2,0,2,0,0,0,0,1
337063,aiesec_ff,,2,0,2,2,0,2,0,0,0,0,3
337066,AIESEC_BerlinTU,,2,0,2,2,0,2,0,0,0,0,1
337071,bpb_de,,2,0,2,2,0,2,0,0,0,0,1
337075,GEYCRomania,,2,0,2,2,0,2,0,0,0,0,2
337077,ElenaValenciano,,2,0,2,2,0,2,0,0,0,0,5
337082,emorinchartier,,2,0,2,2,0,2,0,0,0,0,1
337096,aheully,,2,0,2,2,0,2,0,0,0,0,1
337104,mtvnews_it,,2,0,2,2,0,2,0,0,0,0,3
337110,giusi_nicolini,,2,0,2,2,0,2,0,0,0,0,3
337114,fm_lewiatan,,2,0,2,2,0,2,0,0,0,0,1
337117,MicheTiraboschi,,2,0,2,2,0,2,0,0,0,0,3
337135,LxGi,,2,0,2,2,0,2,0,0,0,0,1
337153,Fred_Moulin,,2,0,2,2,0,2,0,0,0,0,7
337162,AnnaSjoukjevO,,2,0,2,2,0,2,0,0,0,0,1
337172,franzibxl,,2,0,2,2,0,2,0,0,0,0,1
337176,AlessiaTrip,,2,0,2,2,0,2,0,0,0,0,3
337179,beaudonnet,,2,0,2,2,0,2,0,0,0,0,1
337181,RicercaSapienza,,2,0,2,2,0,2,0,0,0,0,1
337191,IZM_Jaunatne,,2,0,2,2,0,2,0,0,0,0,1
337195,Maros_Korman,,2,0,2,2,0,2,0,0,0,0,7
337197,EconmiaCreativa,,2,0,2,2,0,2,0,0,0,0,0
337209,NChildersMEP,,2,0,2,2,0,2,0,0,0,0,1
337223,EaPYF2017,,2,0,2,2,0,2,0,0,0,0,1
337241,shawjon,,2,0,2,2,0,2,0,0,0,0,1
337242,AlbankAldawli,,2,0,2,2,0,2,0,0,0,0,8
337245,engerer,,2,0,2,2,0,2,0,0,0,0,1
337248,thelaurym,,2,0,2,2,0,2,0,0,0,0,4
337251,MJMPretel,,2,0,2,2,0,2,0,0,0,0,1
337258,FplusDofficiel,,2,0,2,2,0,2,0,0,0,0,1
337273,paularisikko,,2,0,2,2,0,2,0,0,0,0,1
337280,YleUutiset_pol,,2,0,2,2,0,2,0,0,0,0,1
337283,skprufo,,2,0,2,2,0,2,0,0,0,0,2
337285,karisherrodd,,2,0,2,2,0,2,0,0,0,0,2
337300,grupobaratz,,2,0,2,2,0,2,0,0,0,0,0
337301,revista_EPI,,2,0,2,2,0,2,0,0,0,0,6
337304,JulianMarquina,,2,0,2,2,0,2,0,0,0,0,6
337308,auxbib,,2,0,2,2,0,2,0,0,0,0,6
337311,InfoTecarios,,2,0,2,2,0,2,0,0,0,0,6
337312,Documania20,,2,0,2,2,0,2,0,0,0,0,4
337314,HelenCampbellEU,,2,0,2,2,0,2,0,0,0,0,1
337326,noviasalcedo,,2,0,2,2,0,2,0,0,0,0,4
337329,PIJGracia,,2,0,2,2,0,2,0,0,0,0,1
337330,JCPJobsPlusMore,,2,0,2,2,0,2,0,0,0,0,1
337333,EjLaFontana,,2,0,2,2,0,2,0,0,0,0,1
337475,plalanda_II,,2,0,2,2,0,2,0,0,0,0,0
337501,EYCBinfo,,2,0,2,2,0,2,0,0,0,0,1
337521,Etudes_Chantier,,2,0,2,2,0,2,0,0,0,0,1
337522,lemonde_europe,,2,0,2,2,0,2,0,0,0,0,1
337524,HeySuccess,,2,0,2,2,0,2,0,0,0,0,7
337529,YouthPlatform1,,2,0,2,2,0,2,0,0,0,0,1
337547,JerrydenHaan,,2,0,2,2,0,2,0,0,0,0,1
337549,TEC_NWest,,2,0,2,2,0,2,0,0,0,0,1
337558,opendiplo,,2,0,2,2,0,2,0,0,0,0,1
337559,youngvotersuk,,2,0,2,2,0,2,0,0,0,0,1
337563,Ma_ia3,,2,0,2,2,0,2,0,0,0,0,7
337568,AlecJRoss,,2,0,2,2,0,2,0,0,0,0,3
337580,YoungAdvisors,,2,0,2,2,0,2,0,0,0,0,1
337582,njrjongineuropa,,2,0,2,2,0,2,0,0,0,0,1
337585,sandrinebelier,,2,0,2,2,0,2,0,0,0,0,1
337586,YouthAccess,,2,0,2,2,0,2,0,0,0,0,1
337589,opengeneration,,2,0,2,2,0,2,0,0,0,0,2
337593,teamplanetworld,,2,0,2,2,0,2,0,0,0,0,1
337602,RoderickParkes,,2,0,2,2,0,2,0,0,0,0,1
337621,EU_Armenia,,2,0,2,2,0,2,0,0,0,0,2
337648,PiotrJSzulc,,2,0,2,2,0,2,0,0,0,0,1
337656,jongerenraden,,2,0,2,2,0,2,0,0,0,0,1
337661,fixmystreet,,2,0,2,2,0,2,0,0,0,0,2
337665,allemagnefrance,,2,0,2,2,0,2,0,0,0,0,1
337666,misspress,,2,0,2,2,0,2,0,0,0,0,7
337673,Polaroidised,,2,0,2,2,0,2,0,0,0,0,1
337675,SeniorTrainee,,2,0,2,2,0,2,0,0,0,0,1
337680,LeonEmirali,,2,0,2,2,0,2,0,0,0,0,1
337691,laltraeuropa,,2,0,2,2,0,2,0,0,0,0,3
337700,puxapali,,2,0,2,2,0,2,0,0,0,0,4
337708,professeurfle,,2,0,2,2,0,2,0,0,0,0,1
337714,tillmannheidelk,,2,0,2,2,0,2,0,0,0,0,3
337715,Borjadejorge,,2,0,2,2,0,2,0,0,0,0,4
337728,LukeShore,,2,0,2,2,0,2,0,0,0,0,1
337729,chrishughes,,2,0,2,2,0,2,0,0,0,0,2
337746,lasciailsegnoEU,,2,0,2,2,0,2,0,0,0,0,3
337768,miihais,,2,0,2,2,0,2,0,0,0,0,1
337774,oipolites,,2,0,2,2,0,2,0,0,0,0,1
337775,StradedeuropaMC,,2,0,2,2,0,2,0,0,0,0,3
337781,Arlene_McC,,2,0,2,2,0,2,0,0,0,0,1
337782,ConcettaFonzo,,2,0,2,2,0,2,0,0,0,0,3
337789,StrasActu,,2,0,2,2,0,2,0,0,0,0,1
337791,StefanFuleEU,,2,0,2,2,0,2,0,0,0,0,1
337798,monvote2014,,2,0,2,2,0,2,0,0,0,0,1
337801,RKacinskas,,2,0,2,2,0,2,0,0,0,0,1
337803,AnneCbxl,,2,0,2,2,0,2,0,0,0,0,7
337807,DiogenesCynicus,,2,0,2,2,0,2,0,0,0,0,1
337826,unitorvergata2,,2,0,2,2,0,2,0,0,0,0,1
337827,univUda,,2,0,2,2,0,2,0,0,0,0,1
337829,Unifortunato,,2,0,2,2,0,2,0,0,0,0,1
337831,unitorvergata,,2,0,2,2,0,2,0,0,0,0,1
337832,CostaCoffee,,2,0,2,2,0,2,0,0,0,0,1
337833,Lavoroecorsi,,2,0,2,2,0,2,0,0,0,0,1
337839,CartaGiovani30,,2,0,2,2,0,2,0,0,0,0,1
337840,YouNet_,,2,0,2,2,0,2,0,0,0,0,1
337845,TweetingSpazi,,2,0,2,2,0,2,0,0,0,0,3
337859,AbsoluteInterns,,2,0,2,2,0,2,0,0,0,0,2
337868,IG_Macerata,,2,0,2,2,0,2,0,0,0,0,3
337877,giovanichiavari,,2,0,2,2,0,2,0,0,0,0,1
337885,USMjaya,,2,0,2,2,0,2,0,0,0,0,1
337890,InfogiovaniBL,,2,0,2,2,0,2,0,0,0,0,3
337895,ma_chung,,2,0,2,2,0,2,0,0,0,0,1
337897,Eurodesk_nl,,2,0,2,2,0,2,0,0,0,0,1
337898,cliclavoro,,2,0,2,2,0,2,0,0,0,0,1
337900,urjcenfurecido,,2,0,2,2,0,2,0,0,0,0,0
337901,Ticonsiglio,,2,0,2,2,0,2,0,0,0,0,1
337912,giovanisi,,2,0,2,2,0,2,0,0,0,0,3
337919,infogiovaniLU,,2,0,2,2,0,2,0,0,0,0,2
337926,radiobocconi,,2,0,2,2,0,2,0,0,0,0,3
337927,Informagio,,2,0,2,2,0,2,0,0,0,0,3
337929,UnivPoliMarche,,2,0,2,2,0,2,0,0,0,0,1
337930,RadioSapienza,,2,0,2,2,0,2,0,0,0,0,3
337932,ciaosapienza,,2,0,2,2,0,2,0,0,0,0,2
337933,StudentiPer_Udu,,2,0,2,2,0,2,0,0,0,0,0
337934,UniCalPortale,,2,0,2,2,0,2,0,0,0,0,1
337935,UstaUnisannio,,2,0,2,2,0,2,0,0,0,0,1
337937,UniStraSiena,,2,0,2,2,0,2,0,0,0,0,3
337948,SportSapienza,,3,0,3,3,0,3,0,0,0,0,3
337951,censisguida,,2,0,2,2,0,2,0,0,0,0,1
337952,StudentiFi,,3,0,3,3,0,3,0,0,0,0,3
337954,Cineca1969,,2,0,2,2,0,2,0,0,0,0,3
337957,ngadc,,2,0,2,2,0,2,0,0,0,0,0
337963,RedSMVeneto,,2,0,2,2,0,2,0,0,0,0,0
337971,Rete_Studenti,,2,0,2,2,0,2,0,0,0,0,3
337991,sciencemuseum,,2,0,2,2,0,2,0,0,0,0,2
337999,studentitorino,,2,0,2,2,0,2,0,0,0,0,2
338002,iulmstudenti,,2,0,2,2,0,2,0,0,0,0,3
338004,studentihr,,2,0,2,2,0,2,0,0,0,0,2
338007,Studenti_Verona,,2,0,2,2,0,2,0,0,0,0,2
338008,studenti_s3,,2,0,2,2,0,2,0,0,0,0,3
338015,AteneoStudenti,,2,0,2,2,0,2,0,0,0,0,0
338020,studenti_it,,2,0,2,2,0,2,0,0,0,0,3
338021,AlmaLaurea,,2,0,2,2,0,2,0,0,0,0,1
338022,SalamancaUniver,,2,0,2,2,0,2,0,0,0,0,4
338025,UniSalerno,,2,0,2,2,0,2,0,0,0,0,3
338027,italiancourses,,2,0,2,2,0,2,0,0,0,0,4
338028,_UNBARA,,2,0,2,2,0,2,0,0,0,0,1
338030,UCPeople,,2,0,2,2,0,2,0,0,0,0,1
338032,UnivCiputra,,2,0,2,2,0,2,0,0,0,0,1
338035,UniversitasRiau,,2,0,2,2,0,2,0,0,0,0,1
338036,RUniversitas,,2,0,2,2,0,2,0,0,0,0,1
338037,uyarsi,,2,0,2,2,0,2,0,0,0,0,1
338038,universando,,2,0,2,2,0,2,0,0,0,0,3
338039,univ_riau,,2,0,2,2,0,2,0,0,0,0,1
338041,uniecampus,,2,0,2,2,0,2,0,0,0,0,2
338042,UniFerrara,,2,0,2,2,0,2,0,0,0,0,3
338043,unpas_bandung,,2,0,2,2,0,2,0,0,0,0,1
338044,UdayanaUniv,,2,0,2,2,0,2,0,0,0,0,1
338045,UBcampus,,2,0,2,2,0,2,0,0,0,0,1
338046,UnivLampung,,2,0,2,2,0,2,0,0,0,0,1
338047,UniversitdiPisa,,2,0,2,2,0,2,0,0,0,0,1
338050,univda,,3,0,3,3,0,3,0,0,0,0,3
338051,UniBergamo,,2,0,2,2,0,2,0,0,0,0,1
338052,unicusano,,3,0,3,3,0,3,0,0,0,0,3
338053,UnivTerbuka,,2,0,2,2,0,2,0,0,0,0,1
338054,uni_ecampus,,2,0,2,2,0,2,0,0,0,0,4
338055,uni_ct,,3,0,3,3,0,3,0,0,0,0,1
338056,UniEuropeaRoma,,2,0,2,2,0,2,0,0,0,0,4
338057,MasterWebTech,,2,0,2,2,0,2,0,0,0,0,1
338059,UniGenova,,2,0,2,2,0,2,0,0,0,0,1
338060,unipegaso_it,,2,0,2,2,0,2,0,0,0,0,1
338061,UniversitasTef,,2,0,2,2,0,2,0,0,0,0,1
338073,HKUtrecht,,2,0,2,2,0,2,0,0,0,0,3
338119,Anandstweets,,2,0,2,2,0,2,0,0,0,0,2
338125,Infoblu_Roma,,2,0,2,2,0,2,0,0,0,0,3
338135,FRolfi,,2,0,2,2,0,2,0,0,0,0,3
338145,seeedstudio,,2,0,2,2,0,2,0,0,0,0,3
338197,unienna,,2,0,2,2,0,2,0,0,0,0,3
338208,sssup_eventi,,2,0,2,2,0,2,0,0,0,0,3
338213,CRToscana,,2,0,2,2,0,2,0,0,0,0,3
338244,marpaniz,,2,0,2,2,0,2,0,0,0,0,3
338245,UnivRoma3,,2,0,2,2,0,2,0,0,0,0,3
338291,Milanodavedere,,2,0,2,2,0,2,0,0,0,0,3
338292,ConsLomb,,2,0,2,2,0,2,0,0,0,0,3
338293,Assolombarda,,2,0,2,2,0,2,0,0,0,0,3
338295,museodel900,,2,0,2,2,0,2,0,0,0,0,3
338298,POLI_design,,2,0,2,2,0,2,0,0,0,0,3
338304,NUAccommodation,,2,0,2,2,0,2,0,0,0,0,0
338322,chambadalton,,2,0,2,2,0,2,0,0,0,0,0
338354,WeHubs,,2,0,2,2,0,2,0,0,0,0,3
338357,CincubatorHUB,,2,0,2,2,0,2,0,0,0,0,0
338399,EstherPiB,,2,0,2,2,0,2,0,0,0,0,3
338400,VignatiArianna,,2,0,2,2,0,2,0,0,0,0,7
338401,f6s,,2,0,2,2,0,2,0,0,0,0,3
338416,sabroma01,,2,0,2,2,0,2,0,0,0,0,8
338433,ThePeakyBlinder,,2,0,2,2,0,2,0,0,0,0,8
338457,Laelia_Ve,,2,0,2,2,0,2,0,0,0,0,8
338461,Juritravail,,2,0,2,2,0,2,0,0,0,0,8
338488,alexandreruiz,,2,0,2,2,0,2,0,0,0,0,8
338559,RokhayaDiallo,,2,0,2,2,0,2,0,0,0,0,8
338563,leconquiosetout,,2,0,2,2,0,2,0,0,0,0,8
338587,lavocatier,,2,0,2,2,0,2,0,0,0,0,8
338588,m_clem,,2,0,2,2,0,2,0,0,0,0,8
338589,GajaNonCensure,,2,0,2,2,0,2,0,0,0,0,8
338600,WolfpackAlan,,2,0,2,2,0,2,0,0,0,0,2
338621,jpsp47,,2,0,2,2,0,2,0,0,0,0,2
338628,luisao4oficial,,2,0,2,2,0,2,0,0,0,0,8
338631,totosalvio8,,2,0,2,2,0,2,0,0,0,0,8
338718,AnabelBenito99,,2,0,2,2,0,2,0,0,0,0,5
338735,PSManzano317,,2,0,2,2,0,2,0,0,0,0,5
338758,mrbm98,,2,0,2,2,0,2,0,0,0,0,5
338788,miriam_hp15,,2,0,2,2,0,2,0,0,0,0,6
338797,celiapc98,,2,0,2,2,0,2,0,0,0,0,5
338822,dunbarvoids,,2,0,2,2,0,2,0,0,0,0,5
338826,MontseGranada,,2,0,2,2,0,2,0,0,0,0,6
338828,olganeveryawns,,2,0,2,2,0,2,0,0,0,0,5
338830,TheFortuneMage,,2,0,2,2,0,2,0,0,0,0,5
338836,arquimorgan,,2,0,2,2,0,2,0,0,0,0,6
338869,AnaSCTrad,,2,0,2,2,0,2,0,0,0,0,5
338880,Hebseyinket,,2,0,2,2,0,2,0,0,0,0,5
338883,Rethsemm,,2,0,2,2,0,2,0,0,0,0,5
338886,Rica4Cappa,,2,0,2,2,0,2,0,0,0,0,5
338888,AngryTeI,,2,0,2,2,0,2,0,0,0,0,5
338893,OpEuropa,,2,0,2,2,0,2,0,0,0,0,6
338896,UEM_traduccion,,2,0,2,2,0,2,0,0,0,0,5
338901,ITEA_idiomas,,2,0,2,2,0,2,0,0,0,0,1
338907,AGedeikis,,2,0,2,2,0,2,0,0,0,0,5
338913,iupossiamo,,2,0,2,2,0,2,0,0,0,0,5
338915,jamonayork,,2,0,2,2,0,2,0,0,0,0,5
338916,Antoniczke,,2,0,2,2,0,2,0,0,0,0,5
338921,Amandaqr_98,,2,0,2,2,0,2,0,0,0,0,5
338922,RousseTropical,,2,0,2,2,0,2,0,0,0,0,5
338925,7amparito,,2,0,2,2,0,2,0,0,0,0,5
338927,Thalassa_28,,2,0,2,2,0,2,0,0,0,0,5
338929,isabr98,,2,0,2,2,0,2,0,0,0,0,5
338932,IPC_SPA,,2,0,2,2,0,2,0,0,0,0,5
338933,connectingtrans,,2,0,2,2,0,2,0,0,0,0,0
338934,amro27_,,2,0,2,2,0,2,0,0,0,0,5
338935,fatimaayelo,,2,0,2,2,0,2,0,0,0,0,5
338936,AndreaMellinas,,2,0,2,2,0,2,0,0,0,0,5
338938,anabbbb7,,2,0,2,2,0,2,0,0,0,0,5
338939,Antonioo_jer,,2,0,2,2,0,2,0,0,0,0,5
338943,patrii_castillo,,2,0,2,2,0,2,0,0,0,0,5
338944,soldaado_alba,,2,0,2,2,0,2,0,0,0,0,5
338946,RevEducacionUCR,,2,0,2,2,0,2,0,0,0,0,5
338953,AngelaEsspinosa,,2,0,2,2,0,2,0,0,0,0,5
338967,shiftinorality,,2,0,2,2,0,2,0,0,0,0,5
338970,weltsprachen,,2,0,2,2,0,2,0,0,0,0,5
338975,labastoune86,,2,0,2,2,0,2,0,0,0,0,5
338976,bla_n_qui,,2,0,2,2,0,2,0,0,0,0,5
338977,curiousspanish,,2,0,2,2,0,2,0,0,0,0,5
338995,MireiaRupe,,2,0,2,2,0,2,0,0,0,0,5
338998,beetlejuicegrrl,,2,0,2,2,0,2,0,0,0,0,6
339002,ant_mrubio,,2,0,2,2,0,2,0,0,0,0,6
339003,ohnrubia,,2,0,2,2,0,2,0,0,0,0,6
339008,MdelMar94,,2,0,2,2,0,2,0,0,0,0,5
339019,rocioLarue,,2,0,2,2,0,2,0,0,0,0,6
339020,traduciendopyb,,2,0,2,2,0,2,0,0,0,0,5
339021,rubendelafuente,,2,0,2,2,0,2,0,0,0,0,4
339022,scervantesbonet,,2,0,2,2,0,2,0,0,0,0,5
339024,r_navajas,,2,0,2,2,0,2,0,0,0,0,6
339025,Nazapn,,2,0,2,2,0,2,0,0,0,0,6
339029,mc_leyva,,2,0,2,2,0,2,0,0,0,0,6
339032,LauritaVLopez,,2,0,2,2,0,2,0,0,0,0,6
339034,AndreaGleser,,2,0,2,2,0,2,0,0,0,0,5
339038,chicadelautobus,,2,0,2,2,0,2,0,0,0,0,6
339039,Rutmg1,,2,0,2,2,0,2,0,0,0,0,4
339041,ethnicticity,,2,0,2,2,0,2,0,0,0,0,0
339042,ampi_17,,2,0,2,2,0,2,0,0,0,0,6
339046,barbara311le,,2,0,2,2,0,2,0,0,0,0,5
339050,Silvia_Mol,,2,0,2,2,0,2,0,0,0,0,0
339053,NeeruWasHere,,2,0,2,2,0,2,0,0,0,0,6
339071,traduenfuresida,,2,0,2,2,0,2,0,0,0,0,6
339076,LiceoGr,,2,0,2,2,0,2,0,0,0,0,0
339079,AsensioArantxa,,2,0,2,2,0,2,0,0,0,0,6
339080,InPuzzleES,,2,0,2,2,0,2,0,0,0,0,5
339087,Leidieme,,2,0,2,2,0,2,0,0,0,0,6
339104,naschcasas,,2,0,2,2,0,2,0,0,0,0,6
339111,foneticaenfurec,,2,0,2,2,0,2,0,0,0,0,6
339113,jsenso_,,2,0,2,2,0,2,0,0,0,0,5
339119,sandraromerogz,,2,0,2,2,0,2,0,0,0,0,6
339126,Akram_tkd,,2,0,2,2,0,2,0,0,0,0,6
339128,frxntrxd,,2,0,2,2,0,2,0,0,0,0,5
339138,Patriico,,2,0,2,2,0,2,0,0,0,0,0
339153,inmarres,,2,0,2,2,0,2,0,0,0,0,6
339157,AliHoliii,,2,0,2,2,0,2,0,0,0,0,6
339164,RUCarmenSalles,,2,0,2,2,0,2,0,0,0,0,6
339166,AnimussIocandi,,2,0,2,2,0,2,0,0,0,0,6
339171,Hortensiiaa,,2,0,2,2,0,2,0,0,0,0,5
339173,MPDLPracticas4,,2,0,2,2,0,2,0,0,0,0,5
339181,martagarcia31,,2,0,2,2,0,2,0,0,0,0,5
339182,GabrielaDicheva,,2,0,2,2,0,2,0,0,0,0,6
339193,Dani10Nieto,,2,0,2,2,0,2,0,0,0,0,6
339206,muve_,,2,0,2,2,0,2,0,0,0,0,0
339210,Puerto_presente,,2,0,2,2,0,2,0,0,0,0,6
339214,Patx_md,,2,0,2,2,0,2,0,0,0,0,5
339215,Bitorikova,,2,0,2,2,0,2,0,0,0,0,5
339216,Manumuozrobles,,2,0,2,2,0,2,0,0,0,0,6
339229,bibakaname,,2,0,2,2,0,2,0,0,0,0,6
339234,Hegavic,,2,0,2,2,0,2,0,0,0,0,0
339243,agpti,,2,0,2,2,0,2,0,0,0,0,5
339246,Natolia9,,2,0,2,2,0,2,0,0,0,0,6
339247,Kasiaaxd,,2,0,2,2,0,2,0,0,0,0,0
339252,Miryam_milien,,2,0,2,2,0,2,0,0,0,0,6
339254,Aidahaw,,2,0,2,2,0,2,0,0,0,0,0
339259,leti12595,,2,0,2,2,0,2,0,0,0,0,6
339260,_EduMM_,,2,0,2,2,0,2,0,0,0,0,5
339262,VicoLR,,2,0,2,2,0,2,0,0,0,0,6
339263,DMcasas,,2,0,2,2,0,2,0,0,0,0,0
339266,meryOrbl,,2,0,2,2,0,2,0,0,0,0,5
339274,alvarocampagne,,2,0,2,2,0,2,0,0,0,0,5
339282,miriame_bm,,2,0,2,2,0,2,0,0,0,0,5
339283,Celi_Celita_CeL,,2,0,2,2,0,2,0,0,0,0,0
339284,barbaraperez93,,2,0,2,2,0,2,0,0,0,0,6
339285,AdrianChambo,,2,0,2,2,0,2,0,0,0,0,6
339288,bennounarubia,,2,0,2,2,0,2,0,0,0,0,6
339289,UrsulaJRaya,,2,0,2,2,0,2,0,0,0,0,5
339290,MarinaPolack,,2,0,2,2,0,2,0,0,0,0,6
339291,laurinhaMAS,,2,0,2,2,0,2,0,0,0,0,1
339292,Marimepierdo,,2,0,2,2,0,2,0,0,0,0,5
339294,MerSantisteban,,2,0,2,2,0,2,0,0,0,0,6
339296,PepeFdezEspinar,,2,0,2,2,0,2,0,0,0,0,6
339298,grosszugig,,2,0,2,2,0,2,0,0,0,0,1
339314,NdreaMontiBurns,,2,0,2,2,0,2,0,0,0,0,6
339319,Lu_tr5,,2,0,2,2,0,2,0,0,0,0,0
339334,inmabonetb,,2,0,2,2,0,2,0,0,0,0,5
339342,_MariaSR,,2,0,2,2,0,2,0,0,0,0,5
339344,abecetrad,,2,0,2,2,0,2,0,0,0,0,5
339345,Vayawomp,,2,0,2,2,0,2,0,0,0,0,5
339354,cilbtrad,,2,0,2,2,0,2,0,0,0,0,1
339358,macos_13,,2,0,2,2,0,2,0,0,0,0,5
339375,iisa_molina,,2,0,2,2,0,2,0,0,0,0,5
339377,EvillaRc,,2,0,2,2,0,2,0,0,0,0,6
339378,Mayte_Alcalde,,2,0,2,2,0,2,0,0,0,0,6
339381,ciemer_,,2,0,2,2,0,2,0,0,0,0,6
339386,CrissAranda7,,2,0,2,2,0,2,0,0,0,0,6
339388,hildfuns95,,2,0,2,2,0,2,0,0,0,0,5
339389,eneti2014,,2,0,2,2,0,2,0,0,0,0,5
339397,aleex4ever,,2,0,2,2,0,2,0,0,0,0,6
339398,_irenadas,,2,0,2,2,0,2,0,0,0,0,6
339399,elrond90,,2,0,2,2,0,2,0,0,0,0,5
339400,carrotplumcake,,2,0,2,2,0,2,0,0,0,0,6
339401,lipiam95,,2,0,2,2,0,2,0,0,0,0,6
339404,juanrabeltran,,2,0,2,2,0,2,0,0,0,0,5
339405,danaegosan,,2,0,2,2,0,2,0,0,0,0,0
339406,pakita93,,2,0,2,2,0,2,0,0,0,0,6
339410,OrtizAlejandroC,,2,0,2,2,0,2,0,0,0,0,6
339411,Currixan,,2,0,2,2,0,2,0,0,0,0,5
339413,EstyCantero,,2,0,2,2,0,2,0,0,0,0,0
339414,dani22MAD,,2,0,2,2,0,2,0,0,0,0,5
339416,Serch_guijo94,,2,0,2,2,0,2,0,0,0,0,5
339421,littlemofletes,,2,0,2,2,0,2,0,0,0,0,5
339422,Lisle13,,2,0,2,2,0,2,0,0,0,0,0
339427,silviita93,,2,0,2,2,0,2,0,0,0,0,5
339430,TheAmySeeker,,2,0,2,2,0,2,0,0,0,0,6
339431,MariaTorralba90,,2,0,2,2,0,2,0,0,0,0,5
339435,Nicalexo,,2,0,2,2,0,2,0,0,0,0,7
339436,BelnRuizRuiz,,2,0,2,2,0,2,0,0,0,0,6
339437,lomalusca,,2,0,2,2,0,2,0,0,0,0,0
339438,Cris_Baena,,2,0,2,2,0,2,0,0,0,0,6
339441,afcarper,,2,0,2,2,0,2,0,0,0,0,6
339442,vanenaranjo12,,2,0,2,2,0,2,0,0,0,0,6
339444,maribelG93,,2,0,2,2,0,2,0,0,0,0,6
339451,Albabsolutely,,2,0,2,2,0,2,0,0,0,0,6
339452,DavidPancho,,2,0,2,2,0,2,0,0,0,0,5
339459,virginiadelacr4,,2,0,2,2,0,2,0,0,0,0,6
339460,ClaudiaMescudi,,2,0,2,2,0,2,0,0,0,0,6
339462,Saraii990,,2,0,2,2,0,2,0,0,0,0,6
339465,MariaGBena,,2,0,2,2,0,2,0,0,0,0,0
339469,Niky333,,2,0,2,2,0,2,0,0,0,0,0
339476,alba_monis,,2,0,2,2,0,2,0,0,0,0,6
339479,mmoliz,,2,0,2,2,0,2,0,0,0,0,0
339480,Herr_X,,2,0,2,2,0,2,0,0,0,0,5
339484,beitate,,2,0,2,2,0,2,0,0,0,0,0
339487,ana_jimher,,2,0,2,2,0,2,0,0,0,0,2
339489,Politta22,,2,0,2,2,0,2,0,0,0,0,0
339492,augamaria,,2,0,2,2,0,2,0,0,0,0,6
339496,Kiketvega,,2,0,2,2,0,2,0,0,0,0,6
339497,_luciamolina,,2,0,2,2,0,2,0,0,0,0,0
339502,MartaBellido,,2,0,2,2,0,2,0,0,0,0,5
339503,MarinaOliMaq,,2,0,2,2,0,2,0,0,0,0,0
339504,MartLoves,,2,0,2,2,0,2,0,0,0,0,8
339511,DerekTVShow,,2,0,2,2,0,2,0,0,0,0,2
339521,SergioNovelli,,2,0,2,2,0,2,0,0,0,0,2
339578,cristiancrespoj,,2,0,2,2,0,2,0,0,0,0,2
339586,ArmandoInfo,,2,0,2,2,0,2,0,0,0,0,2
339587,nachomdeo,,2,0,2,2,0,2,0,0,0,0,2
339614,manuelmedrano,,2,0,2,2,0,2,0,0,0,0,4
339621,VICEenEspanol,,2,0,2,2,0,2,0,0,0,0,4
339643,manriquehector,,2,0,2,2,0,2,0,0,0,0,4
339720,PresidenciaPy,,2,0,2,2,0,2,0,0,0,0,6
339736,cafreeland,,2,0,2,2,0,2,0,0,0,0,2
339740,lamorenolam,,2,0,2,2,0,2,0,0,0,0,4
339741,Lenin,,2,0,2,2,0,2,0,0,0,0,2
339745,davidluhnow,,2,0,2,2,0,2,0,0,0,0,2
339747,AlemaniaVzla,,2,0,2,2,0,2,0,0,0,0,1
339752,netanyahu,,2,0,2,2,0,2,0,0,0,0,2
339763,maibortpetit,,2,0,2,2,0,2,0,0,0,0,2
339767,robertoampuero,,2,0,2,2,0,2,0,0,0,0,2
339799,enpaiszeta,,2,0,2,2,0,2,0,0,0,0,2
339800,elestimulo,,2,0,2,2,0,2,0,0,0,0,2
339805,PhilAMellows,,2,0,2,2,0,2,0,0,0,0,8
339808,COFAVIC,,2,0,2,2,0,2,0,0,0,0,2
339856,UCV_Noticias,,2,0,2,2,0,2,0,0,0,0,4
339876,jesusmedinae,,2,0,2,2,0,2,0,0,0,0,2
339885,Ollanta_HumalaT,,2,0,2,2,0,2,0,0,0,0,2
339944,DarvinsonRojas,,2,0,2,2,0,2,0,0,0,0,2
339954,CancilleriaEc,,2,0,2,2,0,2,0,0,0,0,2
339971,lortegadiaz,,2,0,2,2,0,2,0,0,0,0,2
339972,venezueladice_,,2,0,2,2,0,2,0,0,0,0,0
339974,elcomercio_peru,,2,0,2,2,0,2,0,0,0,0,2
339983,CompuParaEducar,,2,0,2,2,0,2,0,0,0,0,4
339984,DragonJAR,,2,0,2,2,0,2,0,0,0,0,6
339991,cala,,2,0,2,2,0,2,0,0,0,0,0
339999,TAMARA_SUJU,,2,0,2,2,0,2,0,0,0,0,2
340001,ChangeorgCO,,2,0,2,2,0,2,0,0,0,0,2
340026,ElPitazoTV,,2,0,2,2,0,2,0,0,0,0,2
340053,AnonymousVene10,,2,0,2,2,0,2,0,0,0,0,2
340082,MariaAlesiaSosa,,2,0,2,2,0,2,0,0,0,0,0
340085,academiachaplin,,2,0,2,2,0,2,0,0,0,0,0
340145,OneEyeland,,2,0,2,2,0,2,0,0,0,0,6
340150,TomatazosCom,,2,0,2,2,0,2,0,0,0,0,2
340164,ManuelSilvaH,,2,0,2,2,0,2,0,0,0,0,0
340168,xagullo,,2,0,2,2,0,2,0,0,0,0,0
340171,fubiz,,2,0,2,2,0,2,0,0,0,0,0
340179,ComoUnChef,,2,0,2,2,0,2,0,0,0,0,0
340182,TuAccesoTotal,,2,0,2,2,0,2,0,0,0,0,0
340193,Mercadolibre,,2,0,2,2,0,2,0,0,0,0,2
340196,ML_Ayuda,,2,0,2,2,0,2,0,0,0,0,2
340203,Despegar,,2,0,2,2,0,2,0,0,0,0,0
340212,iroser_RSE,,2,0,2,2,0,2,0,0,0,0,4
340214,ferSolariScope,,2,0,2,2,0,2,0,0,0,0,4
340231,PokeVisionGo,,2,0,2,2,0,2,0,0,0,0,0
340271,CopaAmerica,,2,0,2,2,0,2,0,0,0,0,2
340285,Floralicianzola,,2,0,2,2,0,2,0,0,0,0,4
340321,hector_noysi,,2,0,2,2,0,2,0,0,0,0,6
340325,Yusnaby,,2,0,2,2,0,2,0,0,0,0,0
340357,jorgemillant,,2,0,2,2,0,2,0,0,0,0,2
340358,jesusarmasccs,,2,0,2,2,0,2,0,0,0,0,6
340366,Nautispots,,2,0,2,2,0,2,0,0,0,0,6
340376,eduardoyeyati,,2,0,2,2,0,2,0,0,0,0,4
340379,dalesmm,,2,0,2,2,0,2,0,0,0,0,4
340383,orlandopablo,,2,0,2,2,0,2,0,0,0,0,4
340385,bdalimentos,,2,0,2,2,0,2,0,0,0,0,2
340399,SilviaTorresC,,2,0,2,2,0,2,0,0,0,0,4
340412,libermanmartin,,2,0,2,2,0,2,0,0,0,0,2
340414,wqueijeiro,,2,0,2,2,0,2,0,0,0,0,2
340458,FernandoChau,,2,0,2,2,0,2,0,0,0,0,6
340462,undiosuniversal,,2,0,2,2,0,2,0,0,0,0,2
340466,mitreyelcampo,,2,0,2,2,0,2,0,0,0,0,0
340467,estoyconelcampo,,2,0,2,2,0,2,0,0,0,0,0
340490,CinemaxLA,,2,0,2,2,0,2,0,0,0,0,2
340491,fravegaonline,,2,0,2,2,0,2,0,0,0,0,2
340502,CanalFXM,,2,0,2,2,0,2,0,0,0,0,2
340515,PhotoMakeupProV,,2,0,2,2,0,2,0,0,0,0,0
340539,QuantumWord,,2,0,2,2,0,2,0,0,0,0,6
340591,Stephen_Curry,,2,0,2,2,0,2,0,0,0,0,1
340597,guillermonanni,,2,0,2,2,0,2,0,0,0,0,6
340603,elpolitwicon,,2,0,2,2,0,2,0,0,0,0,4
340606,Informe21,,2,0,2,2,0,2,0,0,0,0,2
340613,El_Cooperante,,2,0,2,2,0,2,0,0,0,0,0
340632,HernanSCastillo,,2,0,2,2,0,2,0,0,0,0,2
340642,BobbyComedia,,2,0,2,2,0,2,0,0,0,0,2
340654,udepalermo,,2,0,2,2,0,2,0,0,0,0,1
340657,DossierNet,,2,0,2,2,0,2,0,0,0,0,2
340697,tercer3ojo,,2,0,2,2,0,2,0,0,0,0,2
340702,jesusmiranda,,2,0,2,2,0,2,0,0,0,0,0
340703,nacholacriatura,,2,0,2,2,0,2,0,0,0,0,0
340705,abogadoscomar,,2,0,2,2,0,2,0,0,0,0,2
340708,TRLaLey,,2,0,2,2,0,2,0,0,0,0,2
340742,victoramaya,,2,0,2,2,0,2,0,0,0,0,2
340763,JuanGaranton,,2,0,2,2,0,2,0,0,0,0,2
340778,IvanZavaIa,,2,0,2,2,0,2,0,0,0,0,6
340785,angliaruskinDL,,2,0,2,2,0,2,0,0,0,0,1
340850,carlosferrin,,2,0,2,2,0,2,0,0,0,0,2
340883,laverdadweb,,2,0,2,2,0,2,0,0,0,0,0
340911,canva,,2,0,2,2,0,2,0,0,0,0,3
340935,martinbossi,,2,0,2,2,0,2,0,0,0,0,2
340936,BombitaDarin,,2,0,2,2,0,2,0,0,0,0,0
340938,juancampanella,,2,0,2,2,0,2,0,0,0,0,2
340939,favioposca,,2,0,2,2,0,2,0,0,0,0,2
340966,Almagro_OEA2015,,2,0,2,2,0,2,0,0,0,0,2
341017,FestivalesGCBA,,2,0,2,2,0,2,0,0,0,0,2
341020,DonRudi,,2,0,2,2,0,2,0,0,0,0,4
341021,BAecobici,,2,0,2,2,0,2,0,0,0,0,0
341042,iudica,,2,0,2,2,0,2,0,0,0,0,2
341075,lexdoctor,,2,0,2,2,0,2,0,0,0,0,2
341086,Sprite_Ar,,2,0,2,2,0,2,0,0,0,0,2
341089,nachaguevara,,2,0,2,2,0,2,0,0,0,0,0
341090,mica_tinelli,,2,0,2,2,0,2,0,0,0,0,2
341092,candetinelli,,2,0,2,2,0,2,0,0,0,0,2
341102,SANTIAGODELMORO,,2,0,2,2,0,2,0,0,0,0,2
341108,CINUmexico,,2,0,2,2,0,2,0,0,0,0,4
341109,UniNoticias,,2,0,2,2,0,2,0,0,0,0,0
341115,uniceflac,,2,0,2,2,0,2,0,0,0,0,4
341116,UNICEFMexico,,2,0,2,2,0,2,0,0,0,0,4
341117,cejil,,2,0,2,2,0,2,0,0,0,0,2
341118,ocdeenespanol,,2,0,2,2,0,2,0,0,0,0,0
341119,ONUMX,,2,0,2,2,0,2,0,0,0,0,4
341120,BID_Idear,,2,0,2,2,0,2,0,0,0,0,4
341135,ferraraoficial,,2,0,2,2,0,2,0,0,0,0,0
341142,ProCiudadanos,,2,0,2,2,0,2,0,0,0,0,5
341158,garbarino,,2,0,2,2,0,2,0,0,0,0,2
341159,Ripple,,2,0,2,2,0,2,0,0,0,0,2
341160,SamsungArg,,2,0,2,2,0,2,0,0,0,0,2
341167,VenteJoven,,2,0,2,2,0,2,0,0,0,0,6
341169,AlexSanabriaR,,2,0,2,2,0,2,0,0,0,0,0
341170,EFE_estilo,,2,0,2,2,0,2,0,0,0,0,0
341176,styleinmadrid,,2,0,2,2,0,2,0,0,0,0,0
341180,crespobarbara,,2,0,2,2,0,2,0,0,0,0,0
341187,mjesusgarnica,,2,0,2,2,0,2,0,0,0,0,0
341191,MaisonPenedes,,2,0,2,2,0,2,0,0,0,0,2
341192,becariadelamoda,,2,0,2,2,0,2,0,0,0,0,6
341197,Style_Lovely,,2,0,2,2,0,2,0,0,0,0,0
341199,marialeonstyle,,2,0,2,2,0,2,0,0,0,0,0
341204,balamoda,,2,0,2,2,0,2,0,0,0,0,0
341211,Grazia_es,,2,0,2,2,0,2,0,0,0,0,0
341215,EndeavorArg,,2,0,2,2,0,2,0,0,0,0,0
341217,PsicologiaEsp,,2,0,2,2,0,2,0,0,0,0,4
341221,harpersbazaarES,,2,0,2,2,0,2,0,0,0,0,0
341222,modareforma,,2,0,2,2,0,2,0,0,0,0,0
341223,NuestraBelleza,,2,0,2,2,0,2,0,0,0,0,2
341224,HolaCDMX,,3,0,3,3,0,3,0,0,0,0,1
341225,HolaNuevoLeon,,2,0,2,2,0,2,0,0,0,0,2
341226,HolaJalisco,,2,0,2,2,0,2,0,0,0,0,0
341227,HolaBelleza,,2,0,2,2,0,2,0,0,0,0,0
341228,BezziaWeb,,3,0,3,3,0,3,0,0,0,0,1
341229,revistafucsia,,2,0,2,2,0,2,0,0,0,0,2
341230,mujerdehoy,,2,0,2,2,0,2,0,0,0,0,2
341231,GlamourMex,,2,0,2,2,0,2,0,0,0,0,0
341236,HoyAfirmo,,2,0,2,2,0,2,0,0,0,0,4
341238,sofffiaaa,,2,0,2,2,0,2,0,0,0,0,2
341239,FrasesEinstein,,2,0,2,2,0,2,0,0,0,0,2
341251,ComedyCentralLA,,2,0,2,2,0,2,0,0,0,0,6
341260,cinetonala,,2,0,2,2,0,2,0,0,0,0,4
341261,DocsMX,,2,0,2,2,0,2,0,0,0,0,4
341262,FilmotecaUNAM,,2,0,2,2,0,2,0,0,0,0,4
341263,Ambulante,,2,0,2,2,0,2,0,0,0,0,4
341264,FICUNAM,,2,0,2,2,0,2,0,0,0,0,0
341267,enacunam,,2,0,2,2,0,2,0,0,0,0,4
341270,CCCMexico,,2,0,2,2,0,2,0,0,0,0,4
341271,pillanes,,2,0,2,2,0,2,0,0,0,0,2
341272,Filmsteria,,2,0,2,2,0,2,0,0,0,0,0
341273,Cinegarage,,2,0,2,2,0,2,0,0,0,0,0
341274,amantesdelcine,,2,0,2,2,0,2,0,0,0,0,6
341275,yovoyalcine,,2,0,2,2,0,2,0,0,0,0,6
341276,ADELAREGUERA,,2,0,2,2,0,2,0,0,0,0,0
341277,diegoluna_,,2,0,2,2,0,2,0,0,0,0,2
341278,CorazonFilms,,2,0,2,2,0,2,0,0,0,0,0
341279,CinemaNET,,2,0,2,2,0,2,0,0,0,0,0
341280,loschoriperros,,2,0,2,2,0,2,0,0,0,0,6
341281,Berasategui,,2,0,2,2,0,2,0,0,0,0,0
341282,chef_oropeza,,2,0,2,2,0,2,0,0,0,0,0
341283,derechupete,,2,0,2,2,0,2,0,0,0,0,0
341284,AquilesChavez,,2,0,2,2,0,2,0,0,0,0,0
341285,queremoscomer,,2,0,2,2,0,2,0,0,0,0,4
341286,recetasen140,,2,0,2,2,0,2,0,0,0,0,0
341287,makeenespanol,,2,0,2,2,0,2,0,0,0,0,0
341288,TNTrends,,2,0,2,2,0,2,0,0,0,0,6
341290,DocuCiencia,,2,0,2,2,0,2,0,0,0,0,0
341306,surface,,2,0,2,2,0,2,0,0,0,0,2
341309,futbol_transfer,,2,0,2,2,0,2,0,0,0,0,2
341355,Liz_Chay,,2,0,2,2,0,2,0,0,0,0,2
341356,ManoloDiazMiron,,2,0,2,2,0,2,0,0,0,0,2
341362,TwitterTurkiye,,2,0,2,2,0,2,0,0,0,0,3
341380,soymajulozano,,2,0,2,2,0,2,0,0,0,0,2
341383,mnsaldivar,,2,0,2,2,0,2,0,0,0,0,2
341394,ReaIJhonathan,,2,0,2,2,0,2,0,0,0,0,6
341399,BebeMusicTW,,2,0,2,2,0,2,0,0,0,0,0
341411,Emilio07FB,,2,0,2,2,0,2,0,0,0,0,6
341431,TwitterCareers,,2,0,2,2,0,2,0,0,0,0,4
341433,Techo,,2,0,2,2,0,2,0,0,0,0,4
341435,ximenamusic,,2,0,2,2,0,2,0,0,0,0,2
341438,LatinGRAMMYs,,2,0,2,2,0,2,0,0,0,0,0
341439,MolotovBanda,,2,0,2,2,0,2,0,0,0,0,2
341445,yakirawmusic,,2,0,2,2,0,2,0,0,0,0,6
341450,SinCodificarTV,,2,0,2,2,0,2,0,0,0,0,2
341461,mauroszeta,,2,0,2,2,0,2,0,0,0,0,2
341491,ginecoestetica,,2,0,2,2,0,2,0,0,0,0,0
341493,AeroIasca,,2,0,2,2,0,2,0,0,0,0,6
341504,Cadena3Com,,2,0,2,2,0,2,0,0,0,0,0
341508,DalaiLamaFrases,,2,0,2,2,0,2,0,0,0,0,0
341509,dhammapada_es,,2,0,2,2,0,2,0,0,0,0,0
341517,MensajesDeBuda,,2,0,2,2,0,2,0,0,0,0,2
341531,DisneylandToday,,2,0,2,2,0,2,0,0,0,0,0
341533,MCKSPranica,,2,0,2,2,0,2,0,0,0,0,2
341546,diariouno,,2,0,2,2,0,2,0,0,0,0,2
341595,LuisVenturaSoy,,2,0,2,2,0,2,0,0,0,0,2
341601,BrunoVD,,2,0,2,2,0,2,0,0,0,0,6
341609,iProfesional,,2,0,2,2,0,2,0,0,0,0,4
341753,ClaroArgentina,,2,0,2,2,0,2,0,0,0,0,2
341758,ueshiba,,2,0,2,2,0,2,0,0,0,0,2
341765,IHMarketingTeam,,2,0,2,2,0,2,0,0,0,0,7
341766,mycleanstreak,,2,0,2,2,0,2,0,0,0,0,2
341770,The_ButterSnap,,2,0,2,2,0,2,0,0,0,0,2
341786,socialfresh,,2,0,2,2,0,2,0,0,0,0,2
341787,socialnws,,2,0,2,2,0,2,0,0,0,0,2
341808,herlombardi,,2,0,2,2,0,2,0,0,0,0,2
341830,CNNnewsroom,,2,0,2,2,0,2,0,0,0,0,3
341837,marcosgzpr,,2,0,2,2,0,2,0,0,0,0,4
341839,FabianUrrutia,,2,0,2,2,0,2,0,0,0,0,2
341840,Upsocl,,2,0,2,2,0,2,0,0,0,0,7
341845,jomachc,,2,0,2,2,0,2,0,0,0,0,2
341848,ItsCesarMunoz,,2,0,2,2,0,2,0,0,0,0,4
341863,santisiri,,2,0,2,2,0,2,0,0,0,0,4
341868,gpeltzer,,2,0,2,2,0,2,0,0,0,0,0
341873,gilbertoSR,,2,0,2,2,0,2,0,0,0,0,2
341882,GreenpeaceArg,,2,0,2,2,0,2,0,0,0,0,4
341891,PPT_oficial,,2,0,2,2,0,2,0,0,0,0,2
341894,Nikgaturro,,2,0,2,2,0,2,0,0,0,0,2
341919,piscitelli,,2,0,2,2,0,2,0,0,0,0,2
341920,andyfreire,,2,0,2,2,0,2,0,0,0,0,0
341930,carlosbaute,,2,0,2,2,0,2,0,0,0,0,0
341931,InformadorVeraz,,2,0,2,2,0,2,0,0,0,0,0
341942,viamultimedia,,2,0,2,2,0,2,0,0,0,0,0
341948,AnonsVenezuela,,2,0,2,2,0,2,0,0,0,0,0
341952,bilinkis,,2,0,2,2,0,2,0,0,0,0,0
341956,sabiasundato_o,,3,0,3,3,0,3,0,0,0,0,5
341957,andykusnetzoff,,2,0,2,2,0,2,0,0,0,0,2
341958,MrDiccionario,,3,0,3,3,0,3,0,0,0,0,5
342046,AhoraYaLoSabes,,2,0,2,2,0,2,0,0,0,0,2
342066,guiaoleo,,2,0,2,2,0,2,0,0,0,0,6
342069,CapacitaRSE,,2,0,2,2,0,2,0,0,0,0,4
342072,hajduk,,2,0,2,2,0,2,0,0,0,0,2
342073,anandmahindra,,2,0,2,2,0,2,0,0,0,0,2
342080,bianet_org,,2,0,2,2,0,2,0,0,0,0,2
342107,dw_turkce,,2,0,2,2,0,2,0,0,0,0,2
342119,askidanevar,,2,0,2,2,0,2,0,0,0,0,2
342139,arsivtarih,,2,0,2,2,0,2,0,0,0,0,2
342140,lugat365,,2,0,2,2,0,2,0,0,0,0,2
342183,sol_siyaset,,2,0,2,2,0,2,0,0,0,0,2
342184,fikirkulupleri,,2,0,2,2,0,2,0,0,0,0,2
342188,ihsaneliacik,,2,0,2,2,0,2,0,0,0,0,2
342192,solhaberportali,,2,0,2,2,0,2,0,0,0,0,2
342243,turkeytourism,,2,0,2,2,0,2,0,0,0,0,2
342253,HrantDinkVakfi,,2,0,2,2,0,2,0,0,0,0,2
342256,barisatay,,2,0,2,2,0,2,0,0,0,0,2
342258,1915teBugun,,2,0,2,2,0,2,0,0,0,0,2
342261,AGOSgazetesi,,2,0,2,2,0,2,0,0,0,0,2
342286,alphagalileo,,2,0,2,2,0,2,0,0,0,0,1
342289,DAADSouthAfrica,,2,0,2,2,0,2,0,0,0,0,1
342295,UIAinnovation,,2,0,2,2,0,2,0,0,0,0,1
342297,SHSGermanDept,,2,0,2,2,0,2,0,0,0,0,1
342298,niskygerman,,2,0,2,2,0,2,0,0,0,0,1
342309,GermanyNYbiz,,2,0,2,2,0,2,0,0,0,0,1
342313,JHUAPL,,2,0,2,2,0,2,0,0,0,0,1
342317,ScienceMIT,,2,0,2,2,0,2,0,0,0,0,1
342319,FAU_Germany,,2,0,2,2,0,2,0,0,0,0,1
342322,medical_xpress,,2,0,2,2,0,2,0,0,0,0,0
342325,germanlanguage,,2,0,2,2,0,2,0,0,0,0,1
342327,DAADTokyo,,2,0,2,2,0,2,0,0,0,0,1
342331,germanforall,,2,0,2,2,0,2,0,0,0,0,1
342332,maristMFL,,2,0,2,2,0,2,0,0,0,0,1
342335,SheffGermanic,,2,0,2,2,0,2,0,0,0,0,1
342336,LHSLanguages,,2,0,2,2,0,2,0,0,0,0,1
342342,PortalAlemania,,2,0,2,2,0,2,0,0,0,0,0
342348,AmChamGermany,,2,0,2,2,0,2,0,0,0,0,1
342349,CBYX_YP,,2,0,2,2,0,2,0,0,0,0,1
342350,GermanEmbassyTN,,2,0,2,2,0,2,0,0,0,0,8
342351,GermanyinZambia,,2,0,2,2,0,2,0,0,0,0,1
342352,GermanyTanzania,,2,0,2,2,0,2,0,0,0,0,1
342353,GermanEmbassySA,,2,0,2,2,0,2,0,0,0,0,1
342354,PressGerEmbAnk,,2,0,2,2,0,2,0,0,0,0,1
342355,GermanyinHanoi,,2,0,2,2,0,2,0,0,0,0,1
342357,GermanyinSL,,2,0,2,2,0,2,0,0,0,0,1
342358,GermanAtHallam,,2,0,2,2,0,2,0,0,0,0,1
342360,GermanAtPompey,,2,0,2,2,0,2,0,0,0,0,1
342361,DWIH_NewDelhi,,2,0,2,2,0,2,0,0,0,0,1
342362,Germany_Kolkata,,2,0,2,2,0,2,0,0,0,0,1
342364,gaccphilly,,2,0,2,2,0,2,0,0,0,0,1
342365,GACCCalifornia,,2,0,2,2,0,2,0,0,0,0,1
342366,GACCSouth,,2,0,2,2,0,2,0,0,0,0,1
342367,GACC_Midwest,,2,0,2,2,0,2,0,0,0,0,1
342368,GACCNewYork,,2,0,2,2,0,2,0,0,0,0,1
342370,GermanyinBoston,,2,0,2,2,0,2,0,0,0,0,1
342371,DAAD_Greece,,2,0,2,2,0,2,0,0,0,0,1
342372,GoetheInstBsAs,,2,0,2,2,0,2,0,0,0,0,1
342373,ACG_USA,,2,0,2,2,0,2,0,0,0,0,1
342375,GermanChamberOz,,2,0,2,2,0,2,0,0,0,0,1
342377,GermanyNY,,2,0,2,2,0,2,0,0,0,0,1
342378,GI_LaPaz,,2,0,2,2,0,2,0,0,0,0,1
342380,GermanyinLA,,2,0,2,2,0,2,0,0,0,0,1
342381,GermanyinKenya,,2,0,2,2,0,2,0,0,0,0,1
342383,GermanyInOz,,2,0,2,2,0,2,0,0,0,0,1
342384,ThisWeekGermany,,2,0,2,2,0,2,0,0,0,0,1
342387,GatesUS,,2,0,2,2,0,2,0,0,0,0,1
342395,SmithsonianMag,,2,0,2,2,0,2,0,0,0,0,0
342400,NEGN_UK,,2,0,2,2,0,2,0,0,0,0,1
342403,hubsonline,,2,0,2,2,0,2,0,0,0,0,1
342404,UoMNews,,2,0,2,2,0,2,0,0,0,0,1
342405,HullUni_Library,,2,0,2,2,0,2,0,0,0,0,1
342412,dw_culture,,2,0,2,2,0,2,0,0,0,0,1
342417,PsyPost,,2,0,2,2,0,2,0,0,0,0,4
342420,USGS,,2,0,2,2,0,2,0,0,0,0,1
342421,CBCHealth,,2,0,2,2,0,2,0,0,0,0,2
342432,pamrhughes,,2,0,2,2,0,2,0,0,0,0,1
342433,GI_LosAngeles,,2,0,2,2,0,2,0,0,0,0,1
342434,sfgoethe,,2,0,2,2,0,2,0,0,0,0,1
342435,GoetheATL,,2,0,2,2,0,2,0,0,0,0,1
342436,DAADCairo,,2,0,2,2,0,2,0,0,0,0,1
342437,GoetheToronto,,2,0,2,2,0,2,0,0,0,0,1
342440,GI_Alexandria,,2,0,2,2,0,2,0,0,0,0,1
342441,GI_Chennai,,2,0,2,2,0,2,0,0,0,0,1
342442,GI_Boston,,2,0,2,2,0,2,0,0,0,0,1
342444,goethelome,,2,0,2,2,0,2,0,0,0,0,1
342445,goethegulf,,2,0,2,2,0,2,0,0,0,0,1
342446,GI_Bangalore,,2,0,2,2,0,2,0,0,0,0,1
342452,GI_MMB_Delhi,,2,0,2,2,0,2,0,0,0,0,1
342453,DAAD_Brasil,,2,0,2,2,0,2,0,0,0,0,1
342454,GI_Australien,,2,0,2,2,0,2,0,0,0,0,1
342456,DAAD_Australia,,2,0,2,2,0,2,0,0,0,0,1
342460,StudyCalculator,,2,0,2,2,0,2,0,0,0,0,1
342475,StudyAbroadDIS,,2,0,2,2,0,2,0,0,0,0,1
342476,NUstudyabroad,,2,0,2,2,0,2,0,0,0,0,7
342518,ArcadiaAbroad,,2,0,2,2,0,2,0,0,0,0,1
342521,DAADnewyork,,2,0,2,2,0,2,0,0,0,0,1
342522,AFAvH,,2,0,2,2,0,2,0,0,0,0,1
342527,FraunhoferFEP,,2,0,2,2,0,2,0,0,0,0,1
342536,Red_INVECA,,2,0,2,2,0,2,0,0,0,0,1
342539,QIAGENBiox,,2,0,2,2,0,2,0,0,0,0,6
342542,WUR,,2,0,2,2,0,2,0,0,0,0,1
342548,StudereninD,,2,0,2,2,0,2,0,0,0,0,1
342550,IOPPublishing,,2,0,2,2,0,2,0,0,0,0,1
342572,Fogarty_NIH,,2,0,2,2,0,2,0,0,0,0,2
342593,nytimestech,,2,0,2,2,0,2,0,0,0,0,3
342594,gadgetlab,,2,0,2,2,0,2,0,0,0,0,1
342634,PCMag,,2,0,2,2,0,2,0,0,0,0,2
342635,ZDNet,,2,0,2,2,0,2,0,0,0,0,8
342637,uclnews,,2,0,2,2,0,2,0,0,0,0,1
342639,GI_NewYork,,2,0,2,2,0,2,0,0,0,0,1
342641,irish_news,,2,0,2,2,0,2,0,0,0,0,1
342647,dana_fdn,,2,0,2,2,0,2,0,0,0,0,5
342661,GoEnrol,,2,0,2,2,0,2,0,0,0,0,4
342674,DAADIndia,,2,0,2,2,0,2,0,0,0,0,1
342675,GermanEmbassy,,2,0,2,2,0,2,0,0,0,0,1
342676,GermanyInCanada,,2,0,2,2,0,2,0,0,0,0,1
342677,GermanyinIndia,,2,0,2,2,0,2,0,0,0,0,1
342693,NIST,,2,0,2,2,0,2,0,0,0,0,2
342694,TechnionLive,,2,0,2,2,0,2,0,0,0,0,1
342698,BirkbeckUoL,,2,0,2,2,0,2,0,0,0,0,1
342701,uniofeastanglia,,2,0,2,2,0,2,0,0,0,0,1
342705,UCLAnewsroom,,2,0,2,2,0,2,0,0,0,0,7
342706,ColumbiaMed,,2,0,2,2,0,2,0,0,0,0,3
342707,uni_copenhagen,,2,0,2,2,0,2,0,0,0,0,2
342720,SyddanskUni,,2,0,2,2,0,2,0,0,0,0,1
342722,Edudemic,,2,0,2,2,0,2,0,0,0,0,1
342728,JG_THE,,2,0,2,2,0,2,0,0,0,0,1
342730,dw_learngerman,,2,0,2,2,0,2,0,0,0,0,1
342733,DAAD_UK_Ireland,,2,0,2,2,0,2,0,0,0,0,7
342756,matthewherper,,2,0,2,2,0,2,0,0,0,0,1
342806,de_deutschland,,2,0,2,2,0,2,0,0,0,0,7
342807,en_germany,,2,0,2,2,0,2,0,0,0,0,1
342809,GAINnetwork,,2,0,2,2,0,2,0,0,0,0,1
342810,dwih_ny,,2,0,2,2,0,2,0,0,0,0,1
342815,OAPlanet,,2,0,2,2,0,2,0,0,0,0,2
342817,NEJM,,2,0,2,2,0,2,0,0,0,0,3
342819,JPhysA,,2,0,2,2,0,2,0,0,0,0,1
342822,PLOSMedicine,,2,0,2,2,0,2,0,0,0,0,2
342827,Azione_it,,2,0,2,2,0,2,0,0,0,0,3
342833,FrankUnderwocd,,2,0,2,2,0,2,0,0,0,0,3
342842,_Elix_,,2,0,2,2,0,2,0,0,0,0,3
342844,durexitalia,,2,0,2,2,0,2,0,0,0,0,3
342846,ritags553,,2,0,2,2,0,2,0,0,0,0,3
342847,Giorgiobass,,2,0,2,2,0,2,0,0,0,0,3
342848,josemgtrindade,,2,0,2,2,0,2,0,0,0,0,3
342851,pippo_87,,2,0,2,2,0,2,0,0,0,0,3
342853,ritabersi,,2,0,2,2,0,2,0,0,0,0,3
342854,aka_hugh,,2,0,2,2,0,2,0,0,0,0,3
342857,markoshughes,,2,0,2,2,0,2,0,0,0,0,3
342918,BOL_Granada,,2,0,2,2,0,2,0,0,0,0,0
342924,MiguelNoguera,,2,0,2,2,0,2,0,0,0,0,6
342940,ICF_Granada,,2,0,2,2,0,2,0,0,0,0,0
342947,augreade,,2,0,2,2,0,2,0,0,0,0,0
342951,JuCRios,,2,0,2,2,0,2,0,0,0,0,0
342962,gpsiete,,2,0,2,2,0,2,0,0,0,0,0
342978,fashionshowage,,2,0,2,2,0,2,0,0,0,0,0
342979,envirooES,,2,0,2,2,0,2,0,0,0,0,0
342981,AnabelVeloso,,2,0,2,2,0,2,0,0,0,0,0
342983,GedisaEditorial,,2,0,2,2,0,2,0,0,0,0,0
342986,OYAabogados,,3,0,3,3,0,3,0,0,0,0,0
342991,Sevillaalminuto,,2,0,2,2,0,2,0,0,0,0,0
342994,danielhm117,,2,0,2,2,0,2,0,0,0,0,0
342998,livesevilla,,2,0,2,2,0,2,0,0,0,0,0
342999,EscherGranada,,2,0,2,2,0,2,0,0,0,0,0
343003,pcdunia,,2,0,2,2,0,2,0,0,0,0,0
343023,LaughingSquid,,2,0,2,2,0,2,0,0,0,0,2
343034,augmentreality,,2,0,2,2,0,2,0,0,0,0,0
343044,BW_React,,2,0,2,2,0,2,0,0,0,0,7
343045,evaristonogales,,2,0,2,2,0,2,0,0,0,0,0
343064,40kBooks,,2,0,2,2,0,2,0,0,0,0,0
343068,totalimmersion,,2,0,2,2,0,2,0,0,0,0,2
343074,tm_augmentedrea,,2,0,2,2,0,2,0,0,0,0,0
343082,GaryPHayes,,2,0,2,2,0,2,0,0,0,0,0
343093,AugmentedPlanet,,2,0,2,2,0,2,0,0,0,0,0
343096,ARtweets,,2,0,2,2,0,2,0,0,0,0,0
343097,innodevices,,2,0,2,2,0,2,0,0,0,0,0
343110,jjmmgranada,,2,0,2,2,0,2,0,0,0,0,6
343117,Curcurbitacea,,2,0,2,2,0,2,0,0,0,0,0
343119,_cactusl,,2,0,2,2,0,2,0,0,0,0,6
343143,Proteopiscinas,,3,0,3,3,0,3,0,0,0,0,2
343146,mantemar,,2,0,2,2,0,2,0,0,0,0,6
343181,AgapGranada,,2,0,2,2,0,2,0,0,0,0,6
343185,AndreaGor,,2,0,2,2,0,2,0,0,0,0,6
343189,AF_LYON,,2,0,2,2,0,2,0,0,0,0,1
343193,carmenchuuss,,2,0,2,2,0,2,0,0,0,0,6
343201,PabloMorillas2,,2,0,2,2,0,2,0,0,0,0,5
343202,albalan,,2,0,2,2,0,2,0,0,0,0,6
343205,angelaferji,,2,0,2,2,0,2,0,0,0,0,6
343207,FranXHR,,2,0,2,2,0,2,0,0,0,0,6
343218,libromorado,,2,0,2,2,0,2,0,0,0,0,6
343226,mpsandrita,,2,0,2,2,0,2,0,0,0,0,6
343231,Monica_Nieto_Es,,2,0,2,2,0,2,0,0,0,0,6
343233,MGonzlez_UBSp,,2,0,2,2,0,2,0,0,0,0,6
343235,CCamarca_UBSp,,2,0,2,2,0,2,0,0,0,0,6
343237,Ana_Molinero,,2,0,2,2,0,2,0,0,0,0,6
343247,danielprdab1,,2,0,2,2,0,2,0,0,0,0,6
343255,Sandraeli22,,2,0,2,2,0,2,0,0,0,0,6
343265,losbronxeros,,2,0,2,2,0,2,0,0,0,0,6
343266,ajcontreras,,3,0,3,3,0,3,0,0,0,0,6
343278,mrmempresas,,2,0,2,2,0,2,0,0,0,0,6
343292,monamonalisa82,,2,0,2,2,0,2,0,0,0,0,6
343300,glschool_,,3,0,3,3,0,3,0,0,0,0,6
343305,fco_carrillo_,,2,0,2,2,0,2,0,0,0,0,6
343312,AnouckBolliet,,2,0,2,2,0,2,0,0,0,0,6
343317,du_figuier,,2,0,2,2,0,2,0,0,0,0,6
343318,scazebonne,,2,0,2,2,0,2,0,0,0,0,6
343321,navarrisky,,2,0,2,2,0,2,0,0,0,0,4
343329,vlgab87,,2,0,2,2,0,2,0,0,0,0,6
343338,AFOGRA,,2,0,2,2,0,2,0,0,0,0,6
343355,ZonArte_Granada,,2,0,2,2,0,2,0,0,0,0,6
343362,LeticiaDeco,,2,0,2,2,0,2,0,0,0,0,6
343380,alestar7,,2,0,2,2,0,2,0,0,0,0,0
343381,Sara16Naranjo,,2,0,2,2,0,2,0,0,0,0,6
343384,callejuela_luna,,2,0,2,2,0,2,0,0,0,0,6
343387,FR_GranadaCF,,2,0,2,2,0,2,0,0,0,0,5
343408,afglasgow,,2,0,2,2,0,2,0,0,0,0,6
343419,manolux4444,,2,0,2,2,0,2,0,0,0,0,6
343425,A_Literatura,,3,0,3,3,0,3,0,0,0,0,6
343433,cahierscinema,,2,0,2,2,0,2,0,0,0,0,6
343439,ColmenaGranada,,2,0,2,2,0,2,0,0,0,0,6
343440,AFMexico,,2,0,2,2,0,2,0,0,0,0,6
343446,thot,,2,0,2,2,0,2,0,0,0,0,8
343459,lepointdufle,,2,0,2,2,0,2,0,0,0,0,6
343478,fdlmorg,,2,0,2,2,0,2,0,0,0,0,6
343490,ifpaysbas,,2,0,2,2,0,2,0,0,0,0,6
343494,NullPointerGr,,2,0,2,2,0,2,0,0,0,0,6
343512,DavidPanaderoMo,,2,0,2,2,0,2,0,0,0,0,5
343515,crisma8,,2,0,2,2,0,2,0,0,0,0,6
343522,ClaudioGomezJi1,,2,0,2,2,0,2,0,0,0,0,6
343539,DemianStylesPro,,2,0,2,2,0,2,0,0,0,0,0
343541,todo7arte,,2,0,2,2,0,2,0,0,0,0,6
343543,airebathsES,,2,0,2,2,0,2,0,0,0,0,6
343552,rubesanjimenez,,2,0,2,2,0,2,0,0,0,0,6
343572,algomx,,2,0,2,2,0,2,0,0,0,0,2
343579,zummandriel,,2,0,2,2,0,2,0,0,0,0,6
343582,GuzmanLoma,,2,0,2,2,0,2,0,0,0,0,6
343585,CrisRubiaa,,2,0,2,2,0,2,0,0,0,0,6
343589,prudenramos,,2,0,2,2,0,2,0,0,0,0,6
343595,maticalancha,,2,0,2,2,0,2,0,0,0,0,6
343615,bubagrx2000,,2,0,2,2,0,2,0,0,0,0,6
343616,jorgelololololo,,2,0,2,2,0,2,0,0,0,0,6
343617,PacoSaavedraGCF,,2,0,2,2,0,2,0,0,0,0,6
343619,marblackmusic,,2,0,2,2,0,2,0,0,0,0,6
343620,sarajm93,,2,0,2,2,0,2,0,0,0,0,6
343621,conchiviriss,,2,0,2,2,0,2,0,0,0,0,0
343624,LotOrtega,,2,0,2,2,0,2,0,0,0,0,0
343626,miiriiamfa,,2,0,2,2,0,2,0,0,0,0,6
343632,PintandolaMona1,,2,0,2,2,0,2,0,0,0,0,0
343634,lidia_lush,,2,0,2,2,0,2,0,0,0,0,0
343638,Pizzatuttogran1,,2,0,2,2,0,2,0,0,0,0,0
343639,LarssonLopez,,2,0,2,2,0,2,0,0,0,0,6
343640,anitadlopez,,2,0,2,2,0,2,0,0,0,0,6
343641,IVANGRANALADINO,,2,0,2,2,0,2,0,0,0,0,0
343642,aleortiz_,,2,0,2,2,0,2,0,0,0,0,6
343646,1_martita,,2,0,2,2,0,2,0,0,0,0,6
343648,Cortes_9,,2,0,2,2,0,2,0,0,0,0,6
343654,ingrid_delgado_,,2,0,2,2,0,2,0,0,0,0,6
343672,SubstationGrana,,2,0,2,2,0,2,0,0,0,0,6
343686,GrRegionales,,2,0,2,2,0,2,0,0,0,0,6
343719,BegoGR93,,2,0,2,2,0,2,0,0,0,0,6
343721,NatinataliaDF,,2,0,2,2,0,2,0,0,0,0,6
343728,EHosteleria,,2,0,2,2,0,2,0,0,0,0,0
343732,aeelees,,2,0,2,2,0,2,0,0,0,0,6
343734,JoseRodri94,,2,0,2,2,0,2,0,0,0,0,6
343740,talaataboelward,,2,0,2,2,0,2,0,0,0,0,6
343741,inklida,,2,0,2,2,0,2,0,0,0,0,6
343742,lellielaili,,2,0,2,2,0,2,0,0,0,0,6
343743,lorymarin959,,2,0,2,2,0,2,0,0,0,0,6
343745,todayartinitiat,,2,0,2,2,0,2,0,0,0,0,6
343746,pastorius_paco,,2,0,2,2,0,2,0,0,0,0,6
343748,LeonildeCasale,,2,0,2,2,0,2,0,0,0,0,6
343750,MariellaNica,,2,0,2,2,0,2,0,0,0,0,2
343786,ausencio5,,2,0,2,2,0,2,0,0,0,0,6
343814,Aldearan,,2,0,2,2,0,2,0,0,0,0,6
343818,Patritravel,,2,0,2,2,0,2,0,0,0,0,6
343819,JoseRomeroSEM,,2,0,2,2,0,2,0,0,0,0,0
343822,cortinasdeaire,,2,0,2,2,0,2,0,0,0,0,3
343824,cociditodemi,,2,0,2,2,0,2,0,0,0,0,0
343829,carmenluciaguia,,2,0,2,2,0,2,0,0,0,0,0
343830,missblondy_,,2,0,2,2,0,2,0,0,0,0,0
343836,Gelartter,,2,0,2,2,0,2,0,0,0,0,0
343845,nanny_es,,2,0,2,2,0,2,0,0,0,0,0
343846,politica_inf,,2,0,2,2,0,2,0,0,0,0,4
343848,OscarsanjuanS,,2,0,2,2,0,2,0,0,0,0,6
343902,VendoyoCV,,2,0,2,2,0,2,0,0,0,0,5
343906,trobsky,,2,0,2,2,0,2,0,0,0,0,6
343911,GregorioOleum,,2,0,2,2,0,2,0,0,0,0,6
343915,isomorfic,,2,0,2,2,0,2,0,0,0,0,6
343922,cuerpoYalmaGRX,,2,0,2,2,0,2,0,0,0,0,6
343928,AngeCant,,2,0,2,2,0,2,0,0,0,0,8
343944,EstudioNanoTv,,2,0,2,2,0,2,0,0,0,0,6
343950,carmencitagram,,2,0,2,2,0,2,0,0,0,0,1
343956,Jennifer_Mailen,,2,0,2,2,0,2,0,0,0,0,2
343958,TheKatCode,,2,0,2,2,0,2,0,0,0,0,0
343968,Tatiana_couret,,2,0,2,2,0,2,0,0,0,0,6
343971,SavageNightD,,2,0,2,2,0,2,0,0,0,0,0
343972,ManuelMFajardo,,2,0,2,2,0,2,0,0,0,0,8
344002,NuriaM10C,,2,0,2,2,0,2,0,0,0,0,0
344004,pablomontoro19,,2,0,2,2,0,2,0,0,0,0,0
344007,Angela3094,,2,0,2,2,0,2,0,0,0,0,6
344014,shei7,,2,0,2,2,0,2,0,0,0,0,6
344018,saritisima248,,2,0,2,2,0,2,0,0,0,0,6
344030,GranadaRRPP,,2,0,2,2,0,2,0,0,0,0,0
344031,MarinaBarreto_8,,2,0,2,2,0,2,0,0,0,0,0
344032,BeitaMeg,,2,0,2,2,0,2,0,0,0,0,6
344034,stpyossy,,2,0,2,2,0,2,0,0,0,0,6
344035,RRPPGR,,2,0,2,2,0,2,0,0,0,0,6
344039,DiegoMimosin,,2,0,2,2,0,2,0,0,0,0,6
344044,stfania89,,2,0,2,2,0,2,0,0,0,0,0
344045,DukeGranada,,2,0,2,2,0,2,0,0,0,0,6
344047,Patry_1590,,2,0,2,2,0,2,0,0,0,0,0
344048,FabioCromak,,2,0,2,2,0,2,0,0,0,0,6
344053,Daviles92,,2,0,2,2,0,2,0,0,0,0,8
344056,LauraOlms,,2,0,2,2,0,2,0,0,0,0,6
344058,kamiki89,,2,0,2,2,0,2,0,0,0,0,0
344063,Nataliita9,,2,0,2,2,0,2,0,0,0,0,6
344065,ivancortestruji,,2,0,2,2,0,2,0,0,0,0,5
344069,NataliaGaarcia_,,2,0,2,2,0,2,0,0,0,0,6
344070,Ana_LSanchez,,2,0,2,2,0,2,0,0,0,0,8
344071,marisol_zipi,,2,0,2,2,0,2,0,0,0,0,6
344072,jvdlrs89,,2,0,2,2,0,2,0,0,0,0,0
344074,kukiitb,,2,0,2,2,0,2,0,0,0,0,6
344078,elkangri23,,2,0,2,2,0,2,0,0,0,0,0
344079,Yadi_Zape,,2,0,2,2,0,2,0,0,0,0,0
344081,heeillan,,2,0,2,2,0,2,0,0,0,0,6
344083,dolce_amy,,2,0,2,2,0,2,0,0,0,0,0
344085,mariancl91,,2,0,2,2,0,2,0,0,0,0,6
344088,mdelmar_,,2,0,2,2,0,2,0,0,0,0,8
344090,mariaisabelco11,,2,0,2,2,0,2,0,0,0,0,6
344099,MarianaToure,,2,0,2,2,0,2,0,0,0,0,6
344105,PalomaJB22,,2,0,2,2,0,2,0,0,0,0,6
344108,SergioFernand88,,2,0,2,2,0,2,0,0,0,0,6
344110,nuriicobos,,2,0,2,2,0,2,0,0,0,0,6
344111,TanyGR1,,2,0,2,2,0,2,0,0,0,0,0
344116,salomlpezruiz,,2,0,2,2,0,2,0,0,0,0,0
344128,longplaydiscos,,2,0,2,2,0,2,0,0,0,0,4
344130,SalamancaViva,,2,0,2,2,0,2,0,0,0,0,4
344134,LanguageLog,,2,0,2,2,0,2,0,0,0,0,1
344145,LeireParamas,,2,0,2,2,0,2,0,0,0,0,6
344146,AsocSALabailar,,2,0,2,2,0,2,0,0,0,0,6
344150,NCantesVictoria,,2,0,2,2,0,2,0,0,0,0,4
344152,cafemilu,,2,0,2,2,0,2,0,0,0,0,4
344154,CCElTormes,,2,0,2,2,0,2,0,0,0,0,4
344157,VialiaSalamanca,,2,0,2,2,0,2,0,0,0,0,8
344159,zonacharra,,2,0,2,2,0,2,0,0,0,0,4
344162,ENTRESIERRASrd,,2,0,2,2,0,2,0,0,0,0,4
344163,RadarSalamanca,,2,0,2,2,0,2,0,0,0,0,6
344199,davidgibertm,,2,0,2,2,0,2,0,0,0,0,4
344200,CECOemplea,,2,0,2,2,0,2,0,0,0,0,4
344205,monicasua,,2,0,2,2,0,2,0,0,0,0,4
344211,gapformacion,,2,0,2,2,0,2,0,0,0,0,4
344213,DomingoGonzalez,,2,0,2,2,0,2,0,0,0,0,4
344214,GrupoFemxa,,2,0,2,2,0,2,0,0,0,0,4
344234,carmenss_murcia,,2,0,2,2,0,2,0,0,0,0,4
344239,jesusanteanas,,2,0,2,2,0,2,0,0,0,0,0
344242,CautivodelCielo,,2,0,2,2,0,2,0,0,0,0,4
344250,FielesSalvacion,,2,0,2,2,0,2,0,0,0,0,4
344261,ampatapia,,2,0,2,2,0,2,0,0,0,0,4
344291,paz_mensajeros,,2,0,2,2,0,2,0,0,0,0,4
344292,mouriz,,2,0,2,2,0,2,0,0,0,0,4
344295,Serpadres_es,,2,0,2,2,0,2,0,0,0,0,0
344297,Superpadres,,2,0,2,2,0,2,0,0,0,0,4
344298,todoparalafamil,,2,0,2,2,0,2,0,0,0,0,0
344299,HacerFamilia,,2,0,2,2,0,2,0,0,0,0,4
344316,osanchezalonso,,2,0,2,2,0,2,0,0,0,0,0
344329,hallamunion,,2,0,2,2,0,2,0,0,0,0,1
344335,StudentMinistry,,2,0,2,2,0,2,0,0,0,0,2
344336,StuAthleteLife,,2,0,2,2,0,2,0,0,0,0,2
344337,brunelstudents,,2,0,2,2,0,2,0,0,0,0,4
344338,GuildofStudents,,2,0,2,2,0,2,0,0,0,0,4
344342,UoNSU,,2,0,2,2,0,2,0,0,0,0,1
344343,DerbyUnion,,2,0,2,2,0,2,0,0,0,0,2
344345,USSU,,2,0,2,2,0,2,0,0,0,0,1
344347,AZedmFAM,,2,0,2,2,0,2,0,0,0,0,4
344349,VSFSatState,,2,0,2,2,0,2,0,0,0,0,2
344350,LSUstudents,,2,0,2,2,0,2,0,0,0,0,7
344354,StudentsforLife,,2,0,2,2,0,2,0,0,0,0,1
344359,CNN10,,2,0,2,2,0,2,0,0,0,0,2
344367,ETSII_Bejar,,2,0,2,2,0,2,0,0,0,0,4
344369,IkerGL,,2,0,2,2,0,2,0,0,0,0,6
344373,EHosteleriaSa,,2,0,2,2,0,2,0,0,0,0,4
344374,PuertoSierra,,2,0,2,2,0,2,0,0,0,0,4
344383,ADUSRUGBY,,2,0,2,2,0,2,0,0,0,0,4
344392,Udedeportes,,2,0,2,2,0,2,0,0,0,0,2
344394,UniversiaChile,,2,0,2,2,0,2,0,0,0,0,4
344407,canalunivalletv,,2,0,2,2,0,2,0,0,0,0,2
344409,Universitarios_,,2,0,2,2,0,2,0,0,0,0,4
344410,Universitario,,2,0,2,2,0,2,0,0,0,0,4
344494,students,,2,0,2,2,0,2,0,0,0,0,4
344496,AdvocacyLabs,,2,0,2,2,0,2,0,0,0,0,4
344498,ConsejoETSIAM,,2,0,2,2,0,2,0,0,0,0,6
344501,JAEstudiantes,,2,0,2,2,0,2,0,0,0,0,1
344502,EstudiantesLugo,,2,0,2,2,0,2,0,0,0,0,4
344504,ConseyuEst,,2,0,2,2,0,2,0,0,0,0,4
344510,ESIN_usal,,2,0,2,2,0,2,0,0,0,0,4
344515,EstudiantesOVD,,2,0,2,2,0,2,0,0,0,0,4
344524,Agorastudiantes,,2,0,2,2,0,2,0,0,0,0,4
344527,cm_sanbartolome,,2,0,2,2,0,2,0,0,0,0,4
344529,CMFrayLuis,,2,0,2,2,0,2,0,0,0,0,4
344531,com_salamanca,,2,0,2,2,0,2,0,0,0,0,4
344543,Scopeo_,,2,0,2,2,0,2,0,0,0,0,4
344544,SalamancaPedale,,2,0,2,2,0,2,0,0,0,0,0
344547,SalamancaTrabaj,,2,0,2,2,0,2,0,0,0,0,4
344549,SPIRIT_SALAMANC,,2,0,2,2,0,2,0,0,0,0,4
344551,ruloivan14,,2,0,2,2,0,2,0,0,0,0,4
344553,DS_Viajes,,2,0,2,2,0,2,0,0,0,0,4
344554,agromaq_ifesa,,2,0,2,2,0,2,0,0,0,0,4
344555,SalamancaRed,,2,0,2,2,0,2,0,0,0,0,4
344559,JIUsalamanca,,2,0,2,2,0,2,0,0,0,0,6
344562,Paulaottaku,,2,0,2,2,0,2,0,0,0,0,6
344564,SALAMANCACOMPRA,,2,0,2,2,0,2,0,0,0,0,4
344566,SalamancaSuite,,2,0,2,2,0,2,0,0,0,0,4
344567,AMASALAMANCA,,2,0,2,2,0,2,0,0,0,0,4
344571,AES_Salamanca,,2,0,2,2,0,2,0,0,0,0,4
344577,PadelSalamanca,,2,0,2,2,0,2,0,0,0,0,6
344578,TrabajSalamanca,,2,0,2,2,0,2,0,0,0,0,4
344582,SalesianosPiza,,2,0,2,2,0,2,0,0,0,0,6
344583,Medialabusal,,2,0,2,2,0,2,0,0,0,0,4
344585,HiperCarne,,2,0,2,2,0,2,0,0,0,0,4
344588,SoldeSalamanca,,2,0,2,2,0,2,0,0,0,0,6
344589,CAFsalamanca,,2,0,2,2,0,2,0,0,0,0,4
344591,SalamancaNU,,2,0,2,2,0,2,0,0,0,0,4
344596,Potemkim_sala,,2,0,2,2,0,2,0,0,0,0,4
344600,bisusalamanca,,2,0,2,2,0,2,0,0,0,0,6
344602,InformerCharro,,2,0,2,2,0,2,0,0,0,0,4
344606,SalamancaCuenta,,2,0,2,2,0,2,0,0,0,0,4
344607,guia_salamanca,,2,0,2,2,0,2,0,0,0,0,4
344608,noticiascyl,,2,0,2,2,0,2,0,0,0,0,4
344612,SalamancaToday,,2,0,2,2,0,2,0,0,0,0,4
344613,PartyHandsalama,,2,0,2,2,0,2,0,0,0,0,4
344617,nngg_salamanca,,2,0,2,2,0,2,0,0,0,0,6
344622,iniciador_sal,,2,0,2,2,0,2,0,0,0,0,4
344623,CoolSalamanca,,2,0,2,2,0,2,0,0,0,0,4
344625,joserrasalamanc,,2,0,2,2,0,2,0,0,0,0,4
344628,hoyensalamanca,,2,0,2,2,0,2,0,0,0,0,4
344631,AntifaSalamanca,,2,0,2,2,0,2,0,0,0,0,4
344632,SIP_USAL,,2,0,2,2,0,2,0,0,0,0,4
344635,merlovega,,2,0,2,2,0,2,0,0,0,0,4
344636,IsaSanchez_com,,2,0,2,2,0,2,0,0,0,0,6
344638,CoffeeCornerSA,,2,0,2,2,0,2,0,0,0,0,4
344641,Charrosfera,,2,0,2,2,0,2,0,0,0,0,4
344643,ofertasalamanca,,2,0,2,2,0,2,0,0,0,0,4
344644,Todo_Salamanca,,2,0,2,2,0,2,0,0,0,0,4
344646,locafunsala,,2,0,2,2,0,2,0,0,0,0,4
344648,RadioUSAL,,2,0,2,2,0,2,0,0,0,0,4
344651,Rrpp_Salamanca,,2,0,2,2,0,2,0,0,0,0,4
344654,Salamancca,,2,0,2,2,0,2,0,0,0,0,4
344655,atlet_salamanca,,2,0,2,2,0,2,0,0,0,0,4
344656,RSalasBajas,,2,0,2,2,0,2,0,0,0,0,4
344657,LMdSalamanca,,2,0,2,2,0,2,0,0,0,0,4
344658,JulioLRevuelta,,2,0,2,2,0,2,0,0,0,0,4
344659,INNOVASalamanca,,2,0,2,2,0,2,0,0,0,0,4
344660,DOZESalamanca,,2,0,2,2,0,2,0,0,0,0,4
344665,escritoras,,2,0,2,2,0,2,0,0,0,0,4
344666,LibrodeNotas,,2,0,2,2,0,2,0,0,0,0,4
344668,papelenblanco,,2,0,2,2,0,2,0,0,0,0,4
344669,LaPerlaNegraSA,,2,0,2,2,0,2,0,0,0,0,4
344671,MusicFactorySal,,2,0,2,2,0,2,0,0,0,0,4
344674,tilllateCYL,,2,0,2,2,0,2,0,0,0,0,4
344675,PetersSalamanca,,2,0,2,2,0,2,0,0,0,0,4
344676,paki_palla,,2,0,2,2,0,2,0,0,0,0,4
344679,carliiiiccc,,2,0,2,2,0,2,0,0,0,0,6
344682,miraSalamanca,,2,0,2,2,0,2,0,0,0,0,4
344683,psoeaytosa,,2,0,2,2,0,2,0,0,0,0,6
344684,BetiSalamanca,,2,0,2,2,0,2,0,0,0,0,6
344685,asesorsalamanca,,2,0,2,2,0,2,0,0,0,0,4
344687,UnionistasCF,,2,0,2,2,0,2,0,0,0,0,4
344688,cdsalamancaff,,2,0,2,2,0,2,0,0,0,0,6
344689,SalamancaLatina,,2,0,2,2,0,2,0,0,0,0,4
344690,FBCyLSalamanca,,2,0,2,2,0,2,0,0,0,0,4
344691,ceoecepymesa,,2,0,2,2,0,2,0,0,0,0,4
344692,CSalamancaTV,,2,0,2,2,0,2,0,0,0,0,4
344693,helmanticonews,,2,0,2,2,0,2,0,0,0,0,6
344694,pmsalamanca,,2,0,2,2,0,2,0,0,0,0,6
344695,JoveneSalamanca,,2,0,2,2,0,2,0,0,0,0,4
344696,SalamancaNegra,,2,0,2,2,0,2,0,0,0,0,6
344697,SalamancaNoti,,2,0,2,2,0,2,0,0,0,0,4
344698,COAATSalamanca,,2,0,2,2,0,2,0,0,0,0,4
344701,rafaperez_,,2,0,2,2,0,2,0,0,0,0,7
344702,asturbiosfera,,2,0,2,2,0,2,0,0,0,0,4
344706,gemaconga,,2,0,2,2,0,2,0,0,0,0,4
344707,milaximenez,,2,0,2,2,0,2,0,0,0,0,4
344719,aeus,,2,0,2,2,0,2,0,0,0,0,4
344722,emma_prieto,,2,0,2,2,0,2,0,0,0,0,6
344726,AndreaFerre3,,2,0,2,2,0,2,0,0,0,0,6
344733,Nacho_S9,,2,0,2,2,0,2,0,0,0,0,4
344738,SaraJulian,,2,0,2,2,0,2,0,0,0,0,6
344751,ErasmusRdam,,2,0,2,2,0,2,0,0,0,0,2
344753,CrazyTourTicket,,2,0,2,2,0,2,0,0,0,0,4
344754,salmancaerasmus,,2,0,2,2,0,2,0,0,0,0,0
344755,Sophia150jaar,,3,0,3,3,0,3,0,0,0,0,6
344756,grupo_erasmus,,2,0,2,2,0,2,0,0,0,0,4
344759,erasmusbcafe,,2,0,2,2,0,2,0,0,0,0,4
344760,VivirEnForma,,2,0,2,2,0,2,0,0,0,0,4
344761,BossJMontano,,2,0,2,2,0,2,0,0,0,0,4
344770,IndraCompany,,2,0,2,2,0,2,0,0,0,0,4
344784,infestudiantes,,2,0,2,2,0,2,0,0,0,0,4
344789,Salamancaparty8,,2,0,2,2,0,2,0,0,0,0,4
344792,camelotsalamanc,,2,0,2,2,0,2,0,0,0,0,4
344796,SAuniversitaria,,2,0,2,2,0,2,0,0,0,0,4
344797,KenakeSalamanca,,2,0,2,2,0,2,0,0,0,0,4
344803,Salamanca0091,,2,0,2,2,0,2,0,0,0,0,4
344804,NieblaSalamanca,,2,0,2,2,0,2,0,0,0,0,4
344805,IrishSalamanca,,2,0,2,2,0,2,0,0,0,0,4
344806,SalamancaJoven,,2,0,2,2,0,2,0,0,0,0,4
344807,Salamanca_Toros,,2,0,2,2,0,2,0,0,0,0,6
344808,Co_Salamanca,,2,0,2,2,0,2,0,0,0,0,6
344809,ViajarViajescom,,2,0,2,2,0,2,0,0,0,0,4
344810,diocesissalaman,,2,0,2,2,0,2,0,0,0,0,4
344812,Pasionsalamanca,,2,0,2,2,0,2,0,0,0,0,6
344813,la8salamanca,,2,0,2,2,0,2,0,0,0,0,8
344814,Oferplan_Salama,,2,0,2,2,0,2,0,0,0,0,4
344815,bmsalamanca,,2,0,2,2,0,2,0,0,0,0,6
344816,salamancaatope,,2,0,2,2,0,2,0,0,0,0,4
344817,Los40Salamanca,,2,0,2,2,0,2,0,0,0,0,6
344818,CsSalamanca,,2,0,2,2,0,2,0,0,0,0,6
344819,Salamanca_R_C,,2,0,2,2,0,2,0,0,0,0,4
344820,grial_usal,,2,0,2,2,0,2,0,0,0,0,4
344821,SalamancaBlog,,2,0,2,2,0,2,0,0,0,0,4
344822,iusalamanca,,2,0,2,2,0,2,0,0,0,0,6
344823,LaSalamanca,,2,0,2,2,0,2,0,0,0,0,6
344824,PSOESalamanca,,2,0,2,2,0,2,0,0,0,0,6
344827,vivesalamanca,,2,0,2,2,0,2,0,0,0,0,4
344829,Elena_Salamanca,,2,0,2,2,0,2,0,0,0,0,0
344830,NNGGSalamanca,,2,0,2,2,0,2,0,0,0,0,4
344831,dtosalamancapp,,2,0,2,2,0,2,0,0,0,0,6
344832,acampadasala,,2,0,2,2,0,2,0,0,0,0,6
344833,alferma1,,2,0,2,2,0,2,0,0,0,0,4
344835,BarrioSalamanc_,,2,0,2,2,0,2,0,0,0,0,4
344836,UD_Salamanca,,2,0,2,2,0,2,0,0,0,0,4
344837,ConciertosenSal,,2,0,2,2,0,2,0,0,0,0,4
344847,noebabbs,,2,0,2,2,0,2,0,0,0,0,4
344850,RosaSantiagoL,,2,0,2,2,0,2,0,0,0,0,4
344851,congressWECOM,,2,0,2,2,0,2,0,0,0,0,6
344852,laramajo_13,,2,0,2,2,0,2,0,0,0,0,6
344855,GonChristopher,,2,0,2,2,0,2,0,0,0,0,6
344856,RubenTejada,,2,0,2,2,0,2,0,0,0,0,6
344857,igualeslgtb,,2,0,2,2,0,2,0,0,0,0,6
344860,EstudianteUSAL,,2,0,2,2,0,2,0,0,0,0,4
344861,joseadserias,,2,0,2,2,0,2,0,0,0,0,4
344874,estua_ua,,2,0,2,2,0,2,0,0,0,0,4
344900,VillalobosPablo,,2,0,2,2,0,2,0,0,0,0,5
344901,DXTextremadura,,2,0,2,2,0,2,0,0,0,0,4
344904,LBO_Abogados,,2,0,2,2,0,2,0,0,0,0,4
344908,empleoex,,2,0,2,2,0,2,0,0,0,0,5
344910,Fextur,,2,0,2,2,0,2,0,0,0,0,4
344911,DeportesTiempo,,2,0,2,2,0,2,0,0,0,0,4
344916,Locosxlamoda,,2,0,2,2,0,2,0,0,0,0,0
344922,Fermelero16,,2,0,2,2,0,2,0,0,0,0,6
344939,maaria_daiquiri,,2,0,2,2,0,2,0,0,0,0,6
344950,volldamm,,2,0,2,2,0,2,0,0,0,0,4
344953,Dani_Varo,,2,0,2,2,0,2,0,0,0,0,1
344954,jramon,,2,0,2,2,0,2,0,0,0,0,1
344962,MastercardES,,2,0,2,2,0,2,0,0,0,0,4
344964,juanluispolo,,2,0,2,2,0,2,0,0,0,0,4
344965,VisitNavarra,,2,0,2,2,0,2,0,0,0,0,4
344966,SuTurgalicia,,2,0,2,2,0,2,0,0,0,0,4
344967,Spanair,,2,0,2,2,0,2,0,0,0,0,4
344969,vuelomania,,2,0,2,2,0,2,0,0,0,0,0
344971,PepperMallorca,,2,0,2,2,0,2,0,0,0,0,7
344976,barcelohoteles,,2,0,2,2,0,2,0,0,0,0,0
344981,makingvanesa,,2,0,2,2,0,2,0,0,0,0,4
345042,Pawelcpv,,2,0,2,2,0,2,0,0,0,0,4
345058,EFEnglishLiveDE,,3,0,3,3,0,3,0,0,0,0,1
345076,estorde,,2,0,2,2,0,2,0,0,0,0,7
345082,mentosycocacola,,2,0,2,2,0,2,0,0,0,0,4
345099,guzmaniria8,,2,0,2,2,0,2,0,0,0,0,4
345107,P3MentalHealth,,2,0,2,2,0,2,0,0,0,0,1
345120,Rociodiezr,,2,0,2,2,0,2,0,0,0,0,6
345163,PauBC_,,2,0,2,2,0,2,0,0,0,0,4
345175,idisalud,,2,0,2,2,0,2,0,0,0,0,4
345199,jerezsinfro,,2,0,2,2,0,2,0,0,0,0,1
345297,CamaraRioja,,2,0,2,2,0,2,0,0,0,0,4
345298,M_Emprendedora,,3,0,3,3,0,3,0,0,0,0,4
345317,CorredorPlata,,2,0,2,2,0,2,0,0,0,0,4
345410,ricologias,,2,0,2,2,0,2,0,0,0,0,0
345430,ViveroVallecas,,2,0,2,2,0,2,0,0,0,0,4
345438,loles__pruiz,,2,0,2,2,0,2,0,0,0,0,4
345448,Adrisneverland,,2,0,2,2,0,2,0,0,0,0,4
345469,formalius,,2,0,2,2,0,2,0,0,0,0,4
345476,Asemeco1,,2,0,2,2,0,2,0,0,0,0,4
345485,ICEFglobal,,2,0,2,2,0,2,0,0,0,0,4
345500,lovingseries,,2,0,2,2,0,2,0,0,0,0,6
345502,SpanishPlaygrd,,2,0,2,2,0,2,0,0,0,0,1
345503,CECOes_,,2,0,2,2,0,2,0,0,0,0,4
345513,1785es,,2,0,2,2,0,2,0,0,0,0,4
345544,antigualumual,,2,0,2,2,0,2,0,0,0,0,4
345552,trendhombre,,2,0,2,2,0,2,0,0,0,0,5
345553,World_Language2,,2,0,2,2,0,2,0,0,0,0,4
345591,educamacho21,,2,0,2,2,0,2,0,0,0,0,4
345594,ConsejoSocialUS,,2,0,2,2,0,2,0,0,0,0,0
345601,alternativaftf,,2,0,2,2,0,2,0,0,0,0,0
345632,europaschool,,2,0,2,2,0,2,0,0,0,0,4
345638,istudentglobal,,2,0,2,2,0,2,0,0,0,0,4
345649,elceastbourne,,2,0,2,2,0,2,0,0,0,0,1
345652,LALschools,,2,0,2,2,0,2,0,0,0,0,1
345656,AreaEmprendedor,,2,0,2,2,0,2,0,0,0,0,4
345660,directasesores,,2,0,2,2,0,2,0,0,0,0,6
345665,EIC_Valladolid,,2,0,2,2,0,2,0,0,0,0,1
345666,derechoyccssext,,2,0,2,2,0,2,0,0,0,0,4
345668,Derecho_CR_UCLM,,2,0,2,2,0,2,0,0,0,0,4
345669,Busqueda_Empleo,,2,0,2,2,0,2,0,0,0,0,4
345671,CEBANC,,2,0,2,2,0,2,0,0,0,0,4
345676,LaConsula13,,2,0,2,2,0,2,0,0,0,0,0
345678,ESHOBescola,,2,0,2,2,0,2,0,0,0,0,4
345692,Work_Volunteer,,2,0,2,2,0,2,0,0,0,0,4
345696,Upedroches,,2,0,2,2,0,2,0,0,0,0,4
345709,carosantosR,,2,0,2,2,0,2,0,0,0,0,4
345716,albertolunarito,,2,0,2,2,0,2,0,0,0,0,2
345731,Luha_90,,2,0,2,2,0,2,0,0,0,0,4
345749,arturplv,,2,0,2,2,0,2,0,0,0,0,6
345764,OrientaAngela,,2,0,2,2,0,2,0,0,0,0,4
345777,benitezrafa,,2,0,2,2,0,2,0,0,0,0,4
345778,esc_europea_emp,,2,0,2,2,0,2,0,0,0,0,4
345783,AhorroFactura,,2,0,2,2,0,2,0,0,0,0,0
345784,AhorrarGratis,,2,0,2,2,0,2,0,0,0,0,0
345785,Verbumls,,2,0,2,2,0,2,0,0,0,0,6
345787,cordobaactiva,,2,0,2,2,0,2,0,0,0,0,6
345790,translatext,,2,0,2,2,0,2,0,0,0,0,1
345791,PromoSpain,,2,0,2,2,0,2,0,0,0,0,4
345792,ESH_Sevilla,,2,0,2,2,0,2,0,0,0,0,4
345794,consultinginteg,,2,0,2,2,0,2,0,0,0,0,0
345797,checkinidiomas,,2,0,2,2,0,2,0,0,0,0,1
345801,espaciojoven,,2,0,2,2,0,2,0,0,0,0,6
345802,MyNulu,,2,0,2,2,0,2,0,0,0,0,1
345807,amartinmachuca,,2,0,2,2,0,2,0,0,0,0,1
345821,lfsorguk,,2,0,2,2,0,2,0,0,0,0,1
345831,Hermesparcels,,2,0,2,2,0,2,0,0,0,0,1
345875,Ginfester,,2,0,2,2,0,2,0,0,0,0,1
345889,realmikefox,,2,0,2,2,0,2,0,0,0,0,1
345890,nelltigerfree,,2,0,2,2,0,2,0,0,0,0,1
345894,Modexpor,,2,0,2,2,0,2,0,0,0,0,1
345913,SacromonteFilm,,2,0,2,2,0,2,0,0,0,0,4
346007,thepaddymone,,2,0,2,2,0,2,0,0,0,0,1
346034,disneyplus,,2,0,2,2,0,2,0,0,0,0,2
346053,nbcsnl,,2,0,2,2,0,2,0,0,0,0,2
346054,iamjohnoliver,,2,0,2,2,0,2,0,0,0,0,2
346055,Bill_Gross,,2,0,2,2,0,2,0,0,0,0,2
346094,AZairBot,,2,0,2,2,0,2,0,0,0,0,2
346107,NarcosNetflix,,2,0,2,2,0,2,0,0,0,0,2
346112,CityofSopot,,2,0,2,2,0,2,0,0,0,0,2
346114,Cision,,2,0,2,2,0,2,0,0,0,0,2
346124,absolvent_pl,,2,0,2,2,0,2,0,0,0,0,2
346135,MuzeumMiastaGdy,,2,0,2,2,0,2,0,0,0,0,2
346140,gleeks,,2,0,2,2,0,2,0,0,0,0,2
346147,EarthOutreach,,2,0,2,2,0,2,0,0,0,0,2
346148,googlefonts,,2,0,2,2,0,2,0,0,0,0,2
346156,UniGraz,,2,0,2,2,0,2,0,0,0,0,1
346157,TurkeyInfo,,2,0,2,2,0,2,0,0,0,0,1
346159,AvarBanu,,2,0,2,2,0,2,0,0,0,0,1
346190,IFTTT,,2,0,2,2,0,2,0,0,0,0,1
346197,robersperanza,,2,0,2,2,0,2,0,0,0,0,3
346220,MedicalFactsIT,,2,0,2,2,0,2,0,0,0,0,3
346233,LalaHu9,,2,0,2,2,0,2,0,0,0,0,3
346244,qgis,,2,0,2,2,0,2,0,0,0,0,3
346257,pycon,,2,0,2,2,0,2,0,0,0,0,3
346259,pycharm,,2,0,2,2,0,2,0,0,0,0,3
346260,djangoproject,,2,0,2,2,0,2,0,0,0,0,8
346268,SciPyConf,,2,0,2,2,0,2,0,0,0,0,3
346285,FicarraePicone,,2,0,2,2,0,2,0,0,0,0,3
346291,NumFOCUS,,2,0,2,2,0,2,0,0,0,0,3
346312,CelenzaFabio,,2,0,2,2,0,2,0,0,0,0,3
346314,cgiamestre,,2,0,2,2,0,2,0,0,0,0,3
346317,DottorWatson,,2,0,2,2,0,2,0,0,0,0,3
346327,Biblioteca_UMA,,2,0,2,2,0,2,0,0,0,0,1
346328,economicasUMA,,2,0,2,2,0,2,0,0,0,0,4
346329,mirkopallera,,2,0,2,2,0,2,0,0,0,0,1
346332,AnnaAscani,,2,0,2,2,0,2,0,0,0,0,3
346333,JohannesBuckler,,2,0,2,2,0,2,0,0,0,0,3
346342,Luigi_Di_Mario,,2,0,2,2,0,2,0,0,0,0,3
346352,vaticannews_it,,2,0,2,2,0,2,0,0,0,0,1
346363,PythonInsider,,2,0,2,2,0,2,0,0,0,0,3
346374,lynda,,3,0,3,3,0,3,0,0,0,0,3
346381,moltogentili,,2,0,2,2,0,2,0,0,0,0,3
346382,MassimoLeaderPD,,2,0,2,2,0,2,0,0,0,0,3
346383,piwati,,2,0,2,2,0,2,0,0,0,0,3
346384,GianniCuperIoPD,,2,0,2,2,0,2,0,0,0,0,3
346394,diegopia,,2,0,2,2,0,2,0,0,0,0,3
346395,rstudio,,2,0,2,2,0,2,0,0,0,0,3
346396,RLangTip,,2,0,2,2,0,2,0,0,0,0,3
346405,ProjectJupyter,,2,0,2,2,0,2,0,0,0,0,3
346406,IPythonDev,,2,0,2,2,0,2,0,0,0,0,3
346407,PyData,,2,0,2,2,0,2,0,0,0,0,3
346411,TDataScience,,2,0,2,2,0,2,0,0,0,0,3
346414,ApuliaFilmComm,,2,0,2,2,0,2,0,0,0,0,3
346419,AnonymousPress,,2,0,2,2,0,2,0,0,0,0,0
346435,openstreetmap,,2,0,2,2,0,2,0,0,0,0,3
346438,herbertballeri,,2,0,2,2,0,2,0,0,0,0,3
346449,quinta,,2,0,2,2,0,2,0,0,0,0,7
346453,rufuspollock,,2,0,2,2,0,2,0,0,0,0,3
346467,BleepinComputer,,2,0,2,2,0,2,0,0,0,0,3
346470,MalwareTechBlog,,2,0,2,2,0,2,0,0,0,0,8
346476,pcworld,,2,0,2,2,0,2,0,0,0,0,2
346477,LiveSpinoza,,2,0,2,2,0,2,0,0,0,0,3
346478,PythonHub,,2,0,2,2,0,2,0,0,0,0,3
346479,importpython,,2,0,2,2,0,2,0,0,0,0,3
346480,fullstackpython,,2,0,2,2,0,2,0,0,0,0,8
346481,realpython,,2,0,2,2,0,2,0,0,0,0,3
346498,LeftAvvenimenti,,2,0,2,2,0,2,0,0,0,0,3
346521,Piersoft,,2,0,2,2,0,2,0,0,0,0,3
346535,pycoders,,2,0,2,2,0,2,0,0,0,0,3
346536,torproject,,2,0,2,2,0,2,0,0,0,0,8
346538,EdoardoBuffoni,,2,0,2,2,0,2,0,0,0,0,3
346540,three_cube,,2,0,2,2,0,2,0,0,0,0,8
346563,WonderHowTo,,2,0,2,2,0,2,0,0,0,0,2
346572,nomfup,,2,0,2,2,0,2,0,0,0,0,3
346573,Viminale,,2,0,2,2,0,2,0,0,0,0,3
346576,ElenaDiCioccio,,2,0,2,2,0,2,0,0,0,0,3
346589,lukacasa,,2,0,2,2,0,2,0,0,0,0,3
346596,robertalombardi,,2,0,2,2,0,2,0,0,0,0,3
346598,dsutoscana,,2,0,2,2,0,2,0,0,0,0,3
346609,azcivile,,2,0,2,2,0,2,0,0,0,0,3
346610,AntonioIngroia,,2,0,2,2,0,2,0,0,0,0,3
346618,byoblu,,2,0,2,2,0,2,0,0,0,0,3
346620,tweet_quake,,2,0,2,2,0,2,0,0,0,0,3
346621,RaiEconomia,,2,0,2,2,0,2,0,0,0,0,3
346625,pierofassino,,2,0,2,2,0,2,0,0,0,0,3
346658,educajccm,,4,0,4,4,0,4,0,0,0,0,4
346667,inmariu,,2,0,2,2,0,2,0,0,0,0,4
346669,fedetoempresas,,2,0,2,2,0,2,0,0,0,0,4
346678,cienciaterapia,,2,0,2,2,0,2,0,0,0,0,4
346700,elfarmajoven,,2,0,2,2,0,2,0,0,0,0,4
346701,elfarma20,,2,0,2,2,0,2,0,0,0,0,4
346702,Area_Salud,,3,0,3,3,0,3,0,0,0,0,0
346706,copgalicia,,2,0,2,2,0,2,0,0,0,0,4
346707,COPBizkaia,,2,0,2,2,0,2,0,0,0,0,4
346708,COPGipuzkoa,,2,0,2,2,0,2,0,0,0,0,4
346709,copsctenerife,,2,0,2,2,0,2,0,0,0,0,4
346710,SEPCyS,,2,0,2,2,0,2,0,0,0,0,4
346711,sonarventures,,2,0,2,2,0,2,0,0,0,0,4
346723,Susa_nana,,2,0,2,2,0,2,0,0,0,0,0
346748,Consujaen,,2,0,2,2,0,2,0,0,0,0,4
346754,esthergili_,,2,0,2,2,0,2,0,0,0,0,0
346773,pevelalo,,2,0,2,2,0,2,0,0,0,0,4
346906,Luis_Enrique_MG,,2,0,2,2,0,2,0,0,0,0,0
346918,copclm,,2,0,2,2,0,2,0,0,0,0,4
346924,RobertoVerbo,,2,0,2,2,0,2,0,0,0,0,6
346925,mitvesvideo,,2,0,2,2,0,2,0,0,0,0,4
346974,RubenCondeCid,,2,0,2,2,0,2,0,0,0,0,0
347005,antonio_perejil,,2,0,2,2,0,2,0,0,0,0,6
347006,marianoruizr,,2,0,2,2,0,2,0,0,0,0,6
347014,lanjahotelParis,,2,0,2,2,0,2,0,0,0,0,0
347020,equolanjaron,,2,0,2,2,0,2,0,0,0,0,0
347021,NNGG_Lanjaron,,2,0,2,2,0,2,0,0,0,0,0
347044,JuandeFdez98,,2,0,2,2,0,2,0,0,0,0,0
347056,pablosalo,,2,0,2,2,0,2,0,0,0,0,0
347062,salobrenajoven,,2,0,2,2,0,2,0,0,0,0,0
347065,anisaloo,,2,0,2,2,0,2,0,0,0,0,0
347075,AlmunecarInfo,,2,0,2,2,0,2,0,0,0,0,0
347079,PortalAlmuneca1,,2,0,2,2,0,2,0,0,0,0,0
347084,RinconAlmunecar,,2,0,2,2,0,2,0,0,0,0,0
347090,AlmunecarVias,,2,0,2,2,0,2,0,0,0,0,0
347092,Patronalmunecar,,2,0,2,2,0,2,0,0,0,0,0
347094,Fly_Almunecar,,2,0,2,2,0,2,0,0,0,0,0
347095,lamasfm,,2,0,2,2,0,2,0,0,0,0,0
347097,AlmunecarLife,,2,0,2,2,0,2,0,0,0,0,2
347098,AMEncarnacion,,2,0,2,2,0,2,0,0,0,0,0
347101,Almunecar_Spain,,2,0,2,2,0,2,0,0,0,0,0
347105,Lideravonsexi,,2,0,2,2,0,2,0,0,0,0,0
347108,pmdalmunecar,,2,0,2,2,0,2,0,0,0,0,0
347110,KamasutraxAlmu,,2,0,2,2,0,2,0,0,0,0,0
347111,almudenasepul,,2,0,2,2,0,2,0,0,0,0,2
347112,PlayasAlmunecar,,2,0,2,2,0,2,0,0,0,0,0
347113,Mujer_Almunecar,,2,0,2,2,0,2,0,0,0,0,0
347119,FeriAlmunecar,,2,0,2,2,0,2,0,0,0,0,0
347122,AlmunecarHotel,,2,0,2,2,0,2,0,0,0,0,0
347124,PhoneHouseAlmu,,2,0,2,2,0,2,0,0,0,0,0
347125,apama_almunecar,,2,0,2,2,0,2,0,0,0,0,0
347126,Zeppelin_986,,2,0,2,2,0,2,0,0,0,0,0
347127,AlmunecarEstate,,2,0,2,2,0,2,0,0,0,0,0
347129,empleoalmunecar,,2,0,2,2,0,2,0,0,0,0,0
347132,masalmunecar,,2,0,2,2,0,2,0,0,0,0,0
347133,fotoalmunecar,,2,0,2,2,0,2,0,0,0,0,0
347134,6d0ca3d6ccda41c,,2,0,2,2,0,2,0,0,0,0,0
347136,pacosexitano,,2,0,2,2,0,2,0,0,0,0,0
347137,hostalaltamar,,2,0,2,2,0,2,0,0,0,0,0
347138,PPAlmunecar,,2,0,2,2,0,2,0,0,0,0,0
347139,almunecartoday,,2,0,2,2,0,2,0,0,0,0,0
347141,NNGGAlmuecar,,2,0,2,2,0,2,0,0,0,0,6
347142,Alm_Cofrade,,2,0,2,2,0,2,0,0,0,0,0
347143,HBahiaAlmunecar,,2,0,2,2,0,2,0,0,0,0,0
347144,AthAlmunecar,,2,0,2,2,0,2,0,0,0,0,0
347145,Biblioalmune,,2,0,2,2,0,2,0,0,0,0,0
347146,Bmusicalmu,,2,0,2,2,0,2,0,0,0,0,0
347147,ATLEALMU,,2,0,2,2,0,2,0,0,0,0,0
347148,nazarenoalmunec,,2,0,2,2,0,2,0,0,0,0,0
347149,AlmunecarFacts,,2,0,2,2,0,2,0,0,0,0,0
347150,silencioalmu,,2,0,2,2,0,2,0,0,0,0,0
347151,Bm_Almunecar,,2,0,2,2,0,2,0,0,0,0,0
347194,CabalgataMotril,,2,0,2,2,0,2,0,0,0,0,0
347218,motrilmarinap,,2,0,2,2,0,2,0,0,0,0,4
347226,descubremotril,,2,0,2,2,0,2,0,0,0,0,0
347229,vilar_alejandro,,2,0,2,2,0,2,0,0,0,0,0
347231,tropiautomotril,,2,0,2,2,0,2,0,0,0,0,0
347235,RosaMariaM3,,2,0,2,2,0,2,0,0,0,0,0
347239,kike_iboleon,,2,0,2,2,0,2,0,0,0,0,5
347242,Fdlp96,,2,0,2,2,0,2,0,0,0,0,0
347243,arraezmoda,,2,0,2,2,0,2,0,0,0,0,0
347248,almoraimakebab,,2,0,2,2,0,2,0,0,0,0,0
347250,danipineda1978,,2,0,2,2,0,2,0,0,0,0,0
347253,LaCurianaMotril,,2,0,2,2,0,2,0,0,0,0,0
347255,AteneoMotril,,2,0,2,2,0,2,0,0,0,0,0
347276,dMotril,,2,0,2,2,0,2,0,0,0,0,0
347301,eDu_xULi,,2,0,2,2,0,2,0,0,0,0,6
347310,A_Morales_B,,2,0,2,2,0,2,0,0,0,0,0
347312,motrilsemueve,,2,0,2,2,0,2,0,0,0,0,0
347318,outletmotril,,2,0,2,2,0,2,0,0,0,0,0
347320,sherpamotril,,2,0,2,2,0,2,0,0,0,0,0
347329,TallerMotril,,2,0,2,2,0,2,0,0,0,0,2
347335,telepizzamotril,,2,0,2,2,0,2,0,0,0,0,2
347336,PColumnayAurora,,2,0,2,2,0,2,0,0,0,0,0
347339,adeslasmotril,,2,0,2,2,0,2,0,0,0,0,0
347343,OcularMotril,,2,0,2,2,0,2,0,0,0,0,0
347345,ACC_Motril,,2,0,2,2,0,2,0,0,0,0,0
347349,CateringMotril,,2,0,2,2,0,2,0,0,0,0,2
347352,UPyDMotril,,2,0,2,2,0,2,0,0,0,0,0
347354,Motrilenfureci2,,2,0,2,2,0,2,0,0,0,0,0
347355,jornadasmotril,,2,0,2,2,0,2,0,0,0,0,2
347369,MotrilaunTuit,,2,0,2,2,0,2,0,0,0,0,0
347372,CANMotril,,2,0,2,2,0,2,0,0,0,0,0
347374,Motril_metroo,,2,0,2,2,0,2,0,0,0,0,0
347383,Gerve_Motril,,2,0,2,2,0,2,0,0,0,0,0
347385,RosarioMotril,,2,0,2,2,0,2,0,0,0,0,2
347386,SSMotril,,2,0,2,2,0,2,0,0,0,0,2
347389,ppmotril,,2,0,2,2,0,2,0,0,0,0,0
347399,JeroMotril,,2,0,2,2,0,2,0,0,0,0,6
347401,VespaclubMotril,,2,0,2,2,0,2,0,0,0,0,0
347402,MeGustaMotril,,2,0,2,2,0,2,0,0,0,0,2
347404,feriamotril,,2,0,2,2,0,2,0,0,0,0,0
347408,AjedrezMotril,,2,0,2,2,0,2,0,0,0,0,0
347413,clubdemarmotril,,2,0,2,2,0,2,0,0,0,0,0
347417,motrilenpasion,,2,0,2,2,0,2,0,0,0,0,0
347418,JuventudMotril,,2,0,2,2,0,2,0,0,0,0,0
347420,la_chicota,,2,0,2,2,0,2,0,0,0,0,0
347421,MiguelMotril,,2,0,2,2,0,2,0,0,0,0,0
347423,ElFaroMotril,,2,0,2,2,0,2,0,0,0,0,0
347428,BalonmanoMotril,,2,0,2,2,0,2,0,0,0,0,6
347432,hablademotril,,2,0,2,2,0,2,0,0,0,0,0
347434,espe_motril,,2,0,2,2,0,2,0,0,0,0,2
347435,rcnmotril,,2,0,2,2,0,2,0,0,0,0,6
347436,MotrilAtletico,,2,0,2,2,0,2,0,0,0,0,6
347438,laurentGrana,,2,0,2,2,0,2,0,0,0,0,4
347439,JavierGranada,,3,0,3,3,0,3,0,0,0,0,0
347441,GranadaDaniela,,2,0,2,2,0,2,0,0,0,0,0
347443,granadabarrero,,2,0,2,2,0,2,0,0,0,0,0
347446,_AlanGranada_,,2,0,2,2,0,2,0,0,0,0,0
347447,LaFiel85,,2,0,2,2,0,2,0,0,0,0,0
347448,365_cities,,3,0,3,3,0,3,0,0,0,0,0
347450,iCofradeGranada,,2,0,2,2,0,2,0,0,0,0,0
347451,GranadaCF1931,,3,0,3,3,0,3,0,0,0,0,0
347455,diocesisgranada,,2,0,2,2,0,2,0,0,0,0,0
347456,elio_granada,,2,0,2,2,0,2,0,0,0,0,0
347457,SilenciosGranad,,2,0,2,2,0,2,0,0,0,0,0
347500,aseemb,,2,0,2,2,0,2,0,0,0,0,2
347522,simonmainwaring,,2,0,2,2,0,2,0,0,0,0,2
347561,VanderbiltOwen,,2,0,2,2,0,2,0,0,0,0,3
347581,RyanBank,,2,0,2,2,0,2,0,0,0,0,2
347613,saramarietweets,,2,0,2,2,0,2,0,0,0,0,2
347623,usnews,,2,0,2,2,0,2,0,0,0,0,2
347640,TalkClearing,,2,0,2,2,0,2,0,0,0,0,2
347661,thierrypasto,,2,0,2,2,0,2,0,0,0,0,8
347678,SecEd_Education,,2,0,2,2,0,2,0,0,0,0,2
347697,CornellMBA,,2,0,2,2,0,2,0,0,0,0,3
347698,DardenMBA,,2,0,2,2,0,2,0,0,0,0,1
347699,LBS_Masters,,2,0,2,2,0,2,0,0,0,0,1
347712,UMich,,2,0,2,2,0,2,0,0,0,0,7
347717,HEontap,,2,0,2,2,0,2,0,0,0,0,1
347749,GMACNewsCenter,,2,0,2,2,0,2,0,0,0,0,3
347753,SocialCoachB2B,,2,0,2,2,0,2,0,0,0,0,0
347757,MarkGoulston,,2,0,2,2,0,2,0,0,0,0,2
347762,AdobeForEdu,,2,0,2,2,0,2,0,0,0,0,2
347765,thecrimson,,2,0,2,2,0,2,0,0,0,0,2
347767,KelleySchool,,2,0,2,2,0,2,0,0,0,0,1
347771,tomfriedman,,2,0,2,2,0,2,0,0,0,0,2
347782,CentraleLyon,,2,0,2,2,0,2,0,0,0,0,2
347786,topedutweets,,2,0,2,2,0,2,0,0,0,0,2
347787,CommonsEd,,2,0,2,2,0,2,0,0,0,0,1
347789,Education_com,,2,0,2,2,0,2,0,0,0,0,2
347791,JaneAKarr,,2,0,2,2,0,2,0,0,0,0,4
347795,HarvardGSAS,,2,0,2,2,0,2,0,0,0,0,2
347798,CambridgeJBS,,2,0,2,2,0,2,0,0,0,0,3
347799,IMD_Bschool,,2,0,2,2,0,2,0,0,0,0,2
347801,nprscience,,2,0,2,2,0,2,0,0,0,0,2
347804,skillshare,,2,0,2,2,0,2,0,0,0,0,2
347806,hyper_drive,,2,0,2,2,0,2,0,0,0,0,2
347808,Wharton_EMBA,,2,0,2,2,0,2,0,0,0,0,3
347819,TeachForAmerica,,2,0,2,2,0,2,0,0,0,0,2
347830,ColumbiaUP,,2,0,2,2,0,2,0,0,0,0,2
347832,MayoClinic,,2,0,2,2,0,2,0,0,0,0,3
347833,HarvardHealth,,2,0,2,2,0,2,0,0,0,0,3
347835,HarvardAlumni,,2,0,2,2,0,2,0,0,0,0,0
347845,TuckSchool,,2,0,2,2,0,2,0,0,0,0,2
347851,DeborahMeaden,,2,0,2,2,0,2,0,0,0,0,1
347853,DuncanBannatyne,,2,0,2,2,0,2,0,0,0,0,3
347862,GSmartServices,,2,0,2,2,0,2,0,0,0,0,3
347872,Shelter,,2,0,2,2,0,2,0,0,0,0,2
347874,Number10press,,2,0,2,2,0,2,0,0,0,0,2
347881,teachers20,,2,0,2,2,0,2,0,0,0,0,2
347883,TeachHub,,2,0,2,2,0,2,0,0,0,0,2
347884,pbsteachers,,2,0,2,2,0,2,0,0,0,0,2
347885,ScholasticTeach,,2,0,2,2,0,2,0,0,0,0,2
347886,DiscoveryEd,,2,0,2,2,0,2,0,0,0,0,2
347888,edublogs,,2,0,2,2,0,2,0,0,0,0,1
347891,joinbranch,,2,0,2,2,0,2,0,0,0,0,3
347898,dharmesh,,2,0,2,2,0,2,0,0,0,0,2
347901,carr2n,,2,0,2,2,0,2,0,0,0,0,4
347947,CIREFE,,2,0,2,2,0,2,0,0,0,0,6
347975,acclermont,,2,0,2,2,0,2,0,0,0,0,1
347982,US_FranceFR,,2,0,2,2,0,2,0,0,0,0,1
348013,gilbertogil,,2,0,2,2,0,2,0,0,0,0,2
348014,UfcDrif,,2,0,2,2,0,2,0,0,0,0,1
348026,LeMansUniv,,2,0,2,2,0,2,0,0,0,0,1
348027,Universite_Caen,,2,0,2,2,0,2,0,0,0,0,1
348028,UBMontaigne,,2,0,2,2,0,2,0,0,0,0,1
348029,Univ_Savoie,,2,0,2,2,0,2,0,0,0,0,1
348030,UnivRennes_2,,2,0,2,2,0,2,0,0,0,0,1
348033,Gerard_Lorcher,,2,0,2,2,0,2,0,0,0,0,1
348034,UMontp2,,2,0,2,2,0,2,0,0,0,0,1
348035,universitelyon2,,2,0,2,2,0,2,0,0,0,0,1
348036,normandieuniv,,2,0,2,2,0,2,0,0,0,0,1
348041,COMUE_LRU,,2,0,2,2,0,2,0,0,0,0,1
348045,P_van_de_Weghe,,2,0,2,2,0,2,0,0,0,0,1
348067,Univ_Reunion,,2,0,2,2,0,2,0,0,0,0,1
348076,Univ_St_Etienne,,2,0,2,2,0,2,0,0,0,0,1
348078,UnivCorse,,2,0,2,2,0,2,0,0,0,0,1
348104,FranciaenMexico,,2,0,2,2,0,2,0,0,0,0,1
348116,alsitiolenguas,,2,0,2,2,0,2,0,0,0,0,1
348141,AFguadalajara,,2,0,2,2,0,2,0,0,0,0,2
348146,o_fle,,2,0,2,2,0,2,0,0,0,0,6
348160,IFP_Varsovie,,2,0,2,2,0,2,0,0,0,0,1
348229,IFI_Indonesia,,2,0,2,2,0,2,0,0,0,0,1
348254,WarwickLanguage,,2,0,2,2,0,2,0,0,0,0,1
348260,bernardpivot1,,2,0,2,2,0,2,0,0,0,0,1
348273,Emilangues,,2,0,2,2,0,2,0,0,0,0,1
348275,ESCClermont,,2,0,2,2,0,2,0,0,0,0,1
348278,wagjuer,,2,0,2,2,0,2,0,0,0,0,1
348294,AEFsuprecherche,,2,0,2,2,0,2,0,0,0,0,1
348304,UNESSfr,,2,0,2,2,0,2,0,0,0,0,8
348313,UnivChampollion,,2,0,2,2,0,2,0,0,0,0,1
348320,univtoulon,,2,0,2,2,0,2,0,0,0,0,1
348376,LeoAuteur,,2,0,2,2,0,2,0,0,0,0,8
348408,AFpuertorico,,2,0,2,2,0,2,0,0,0,0,0
348409,AF_Mexique,,2,0,2,2,0,2,0,0,0,0,5
348438,univbourgogne,,2,0,2,2,0,2,0,0,0,0,1
348466,AFdeKL,,2,0,2,2,0,2,0,0,0,0,1
348468,BlitmanS,,2,0,2,2,0,2,0,0,0,0,8
348515,ifru_london,,2,0,2,2,0,2,0,0,0,0,1
348562,cla_besancon,,2,0,2,2,0,2,0,0,0,0,1
348572,WorldTopESN,,2,0,2,2,0,2,0,0,0,0,1
348598,bumbumlove21,,2,0,2,2,0,2,0,0,0,0,0
348639,Twitergrafias,,2,0,2,2,0,2,0,0,0,0,0
348644,dzoom,,2,0,2,2,0,2,0,0,0,0,7
348647,xatakafoto,,2,0,2,2,0,2,0,0,0,0,7
348655,AgendaDeFoto,,2,0,2,2,0,2,0,0,0,0,7
348659,QDfotos,,2,0,2,2,0,2,0,0,0,0,7
348742,robertopampa9,,2,0,2,2,0,2,0,0,0,0,7
348796,GOLFIBERICATOUR,,2,0,2,2,0,2,0,0,0,0,0
348808,tour_thaifly,,2,0,2,2,0,2,0,0,0,0,7
348848,maxmara,,2,0,2,2,0,2,0,0,0,0,3
348879,GustavoRenteria,,2,0,2,2,0,2,0,0,0,0,7
348956,AeroportoPa,,2,0,2,2,0,2,0,0,0,0,7
348962,ExpoMilano2015,,2,0,2,2,0,2,0,0,0,0,3
348964,vivocosi,,2,0,2,2,0,2,0,0,0,0,1
348969,USConsMilan,,2,0,2,2,0,2,0,0,0,0,3
349010,GolfNumberOne,,2,0,2,2,0,2,0,0,0,0,0
349019,TIE_TOUR_OPER,,2,0,2,2,0,2,0,0,0,0,0
349035,TravellinPuglia,,2,0,2,2,0,2,0,0,0,0,3
349067,egypt_agent,,2,0,2,2,0,2,0,0,0,0,7
349075,ClimbTour,,2,0,2,2,0,2,0,0,0,0,7
349078,Kerala_tours,,2,0,2,2,0,2,0,0,0,0,7
349085,keralastateinfo,,2,0,2,2,0,2,0,0,0,0,7
349087,EveconTour,,2,0,2,2,0,2,0,0,0,0,7
349092,InGolfTO,,2,0,2,2,0,2,0,0,0,0,7
349094,RediscoverIndia,,2,0,2,2,0,2,0,0,0,0,7
349096,braziltours,,2,0,2,2,0,2,0,0,0,0,7
349105,euLegendsTour,,2,0,2,2,0,2,0,0,0,0,0
349111,wbtourlondon,,2,0,2,2,0,2,0,0,0,0,5
349185,GI_Indonesien,,2,0,2,2,0,2,0,0,0,0,7
349217,YahooNews,,2,0,2,2,0,2,0,0,0,0,7
349395,Laura_theoldnow,,2,0,2,2,0,2,0,0,0,0,3
349427,androlone,,2,0,2,2,0,2,0,0,0,0,3
349428,MarioBoccuto,,2,0,2,2,0,2,0,0,0,0,7
349436,apmusei,,2,0,2,2,0,2,0,0,0,0,7
349443,DescubreNavarra,,2,0,2,2,0,2,0,0,0,0,4
349495,Olivens,,2,0,2,2,0,2,0,0,0,0,4
349531,Companeroviaje,,2,0,2,2,0,2,0,0,0,0,7
349558,Volagratis,,2,0,2,2,0,2,0,0,0,0,1
349591,paolozaccheo,,2,0,2,2,0,2,0,0,0,0,7
349627,gparagone,,2,0,2,2,0,2,0,0,0,0,7
349629,ansacalciosport,,2,0,2,2,0,2,0,0,0,0,3
349630,masechi,,2,0,2,2,0,2,0,0,0,0,7
349646,EdUSAIndonesia,,2,0,2,2,0,2,0,0,0,0,2
349647,BeasiswaGratis,,2,0,2,2,0,2,0,0,0,0,2
349648,BeasiswaIndo,,2,0,2,2,0,2,0,0,0,0,2
349654,edarabia,,2,0,2,2,0,2,0,0,0,0,2
349662,K_University,,2,0,2,2,0,2,0,0,0,0,2
349697,Aspire_Academy,,2,0,2,2,0,2,0,0,0,0,2
349702,AdelphiU,,2,0,2,2,0,2,0,0,0,0,2
349722,elcomerciocom,,2,0,2,2,0,2,0,0,0,0,2
349727,7piliers,,2,0,2,2,0,2,0,0,0,0,2
349729,DavitKortava,,2,0,2,2,0,2,0,0,0,0,2
349732,ISICTurkey,,2,0,2,2,0,2,0,0,0,0,2
349733,Atlas_Junior_,,2,0,2,2,0,2,0,0,0,0,2
349734,GroningenLife,,2,0,2,2,0,2,0,0,0,0,2
349739,HanzeMag,,2,0,2,2,0,2,0,0,0,0,2
349742,InternationalGL,,2,0,2,2,0,2,0,0,0,0,2
349743,sondertravel,,2,0,2,2,0,2,0,0,0,0,2
349744,eurolingua,,2,0,2,2,0,2,0,0,0,0,2
349745,StudentenStad,,2,0,2,2,0,2,0,0,0,0,2
349765,UniCreativeArts,,2,0,2,2,0,2,0,0,0,0,2
349809,UNITEGroup,,2,0,2,2,0,2,0,0,0,0,2
349810,Unite_Student,,2,0,2,2,0,2,0,0,0,0,2
349811,thisisfreshlife,,2,0,2,2,0,2,0,0,0,0,2
349815,TheUniPaper,,2,0,2,2,0,2,0,0,0,0,2
349817,Brunel_Int,,2,0,2,2,0,2,0,0,0,0,2
349875,LaurieHosken,,2,0,2,2,0,2,0,0,0,0,2
349876,SocialErasmusNL,,2,0,2,2,0,2,0,0,0,0,2
349881,AbdessYF,,2,0,2,2,0,2,0,0,0,0,2
349886,DowningStudents,,2,0,2,2,0,2,0,0,0,0,2
349887,sjrconsulting1,,2,0,2,2,0,2,0,0,0,0,2
349912,TAMUabroad,,2,0,2,2,0,2,0,0,0,0,2
349913,TCNJAbroad,,2,0,2,2,0,2,0,0,0,0,2
349914,StudyAbroadAlum,,2,0,2,2,0,2,0,0,0,0,2
349917,eslmovielesson,,2,0,2,2,0,2,0,0,0,0,2
349954,Bob_Bruner,,2,0,2,2,0,2,0,0,0,0,2
349967,sorayaworldwide,,2,0,2,2,0,2,0,0,0,0,2
349987,JoseMartinVayas,,2,0,2,2,0,2,0,0,0,0,0
349988,ToiCarrillo4,,2,0,2,2,0,2,0,0,0,0,0
349995,pepe_casanova,,2,0,2,2,0,2,0,0,0,0,0
350003,AFBedmar,,2,0,2,2,0,2,0,0,0,0,0
350004,AgriLaCalle,,2,0,2,2,0,2,0,0,0,0,0
350018,JuanJulome,,2,0,2,2,0,2,0,0,0,0,4
350025,laurarodmej,,2,0,2,2,0,2,0,0,0,0,0
350042,marivibroto,,2,0,2,2,0,2,0,0,0,0,2
350050,luismguerrero75,,2,0,2,2,0,2,0,0,0,0,6
350060,TaxiBusiness,,2,0,2,2,0,2,0,0,0,0,0
350063,spain_taxi,,2,0,2,2,0,2,0,0,0,0,0
350064,MotoTaxiGranada,,2,0,2,2,0,2,0,0,0,0,6
350066,taxi_granada,,2,0,2,2,0,2,0,0,0,0,4
350068,jlrosmedina,,2,0,2,2,0,2,0,0,0,0,0
350069,javiporre,,2,0,2,2,0,2,0,0,0,0,6
350076,EditorialNazari,,2,0,2,2,0,2,0,0,0,0,4
350086,LuisdeManuel_,,2,0,2,2,0,2,0,0,0,0,0
350087,gsemprunmdg,,2,0,2,2,0,2,0,0,0,0,0
350090,NaniCervera,,2,0,2,2,0,2,0,0,0,0,0
350092,andreaobp,,2,0,2,2,0,2,0,0,0,0,0
350094,EduRodriguezLRG,,2,0,2,2,0,2,0,0,0,0,0
350095,LauraOliiver,,2,0,2,2,0,2,0,0,0,0,0
350096,jrg9Ruiz,,2,0,2,2,0,2,0,0,0,0,0
350098,missmartines,,2,0,2,2,0,2,0,0,0,0,0
350099,LaListaDeVirg,,2,0,2,2,0,2,0,0,0,0,0
350100,Andres_Maeso,,2,0,2,2,0,2,0,0,0,0,0
350101,jmhernandezgr,,2,0,2,2,0,2,0,0,0,0,6
350102,jajulca,,2,0,2,2,0,2,0,0,0,0,0
350103,pablomadina,,2,0,2,2,0,2,0,0,0,0,0
350104,robertoavila74,,2,0,2,2,0,2,0,0,0,0,6
350106,ipdolset,,2,0,2,2,0,2,0,0,0,0,0
350107,HibaAbouk,,3,0,3,3,0,3,0,0,0,0,5
350108,JRSandovalH,,2,0,2,2,0,2,0,0,0,0,5
350110,Estrella_Rafa,,2,0,2,2,0,2,0,0,0,0,0
350112,salvamurcia,,2,0,2,2,0,2,0,0,0,0,0
350113,josedavid_upyd,,2,0,2,2,0,2,0,0,0,0,0
350116,manuelhi,,2,0,2,2,0,2,0,0,0,0,0
350118,kiko_ac,,2,0,2,2,0,2,0,0,0,0,0
350119,faustinocliment,,2,0,2,2,0,2,0,0,0,0,0
350120,m_poyatos,,2,0,2,2,0,2,0,0,0,0,0
350122,fjalexcandas,,2,0,2,2,0,2,0,0,0,0,0
350123,RolanGut,,2,0,2,2,0,2,0,0,0,0,0
350126,damianferez,,2,0,2,2,0,2,0,0,0,0,0
350127,frannlu,,2,0,2,2,0,2,0,0,0,0,8
350128,seravb,,2,0,2,2,0,2,0,0,0,0,8
350131,RafaAlbayzin,,2,0,2,2,0,2,0,0,0,0,6
350150,Joaquinsarabia,,2,0,2,2,0,2,0,0,0,0,0
350155,pgarciagalvez,,2,0,2,2,0,2,0,0,0,0,0
350156,daviddeldedo,,2,0,2,2,0,2,0,0,0,0,0
350157,Luis_Miguel_MJ,,2,0,2,2,0,2,0,0,0,0,0
350158,AlmudenaFdS,,2,0,2,2,0,2,0,0,0,0,0
350159,langamarta,,2,0,2,2,0,2,0,0,0,0,0
350160,antonimarti1,,2,0,2,2,0,2,0,0,0,0,0
350161,diazcasado,,2,0,2,2,0,2,0,0,0,0,0
350163,MICELAY,,2,0,2,2,0,2,0,0,0,0,0
350167,LaSemanaGrandeS,,2,0,2,2,0,2,0,0,0,0,0
350171,GRayoVictor,,2,0,2,2,0,2,0,0,0,0,0
350172,EstebanRomeraTv,,2,0,2,2,0,2,0,0,0,0,0
350185,Clara_Serra_,,2,0,2,2,0,2,0,0,0,0,4
350187,antonigr,,2,0,2,2,0,2,0,0,0,0,0
350195,GranadaEntiende,,2,0,2,2,0,2,0,0,0,0,0
350196,Jhon_James,,2,0,2,2,0,2,0,0,0,0,0
350198,ElHumilladero,,2,0,2,2,0,2,0,0,0,0,0
350202,jotagrana,,2,0,2,2,0,2,0,0,0,0,0
350207,kanfloyd83,,2,0,2,2,0,2,0,0,0,0,6
350211,jmolinavazquez,,2,0,2,2,0,2,0,0,0,0,6
350220,Meabanico,,2,0,2,2,0,2,0,0,0,0,0
350232,FC_FotoCuellar,,2,0,2,2,0,2,0,0,0,0,0
350237,Andalucistascan,,2,0,2,2,0,2,0,0,0,0,0
350238,TomalaUGR,,2,0,2,2,0,2,0,0,0,0,6
350240,YoComproEnAlc,,2,0,2,2,0,2,0,0,0,0,0
350247,DeMeligrana,,2,0,2,2,0,2,0,0,0,0,0
350264,pablo_realejo,,2,0,2,2,0,2,0,0,0,0,6
350266,CalleTomaLaUni,,2,0,2,2,0,2,0,0,0,0,0
350267,lavozdegranada,,2,0,2,2,0,2,0,0,0,0,0
350270,ascensinjimnez1,,2,0,2,2,0,2,0,0,0,0,6
350272,herminiap,,2,0,2,2,0,2,0,0,0,0,6
350273,Maria_Morillas,,2,0,2,2,0,2,0,0,0,0,0
350277,cobaya93,,2,0,2,2,0,2,0,0,0,0,6
350279,hdadconcepcion,,2,0,2,2,0,2,0,0,0,0,6
350280,sergioac2,,2,0,2,2,0,2,0,0,0,0,0
350281,Alicantweet,,2,0,2,2,0,2,0,0,0,0,2
350282,laurentgranada,,2,0,2,2,0,2,0,0,0,0,0
350290,Aminatg,,2,0,2,2,0,2,0,0,0,0,0
350312,BF_Esp,,2,0,2,2,0,2,0,0,0,0,0
350331,odonelorza2011,,2,0,2,2,0,2,0,0,0,0,5
350334,msl_oficial,,2,0,2,2,0,2,0,0,0,0,4
350338,ViviendaCCC,,2,0,2,2,0,2,0,0,0,0,0
350342,_eljornalero,,2,0,2,2,0,2,0,0,0,0,6
350343,ViictorMadrid,,2,0,2,2,0,2,0,0,0,0,0
350348,waonda,,2,0,2,2,0,2,0,0,0,0,0
350349,ErtecoRoberto,,2,0,2,2,0,2,0,0,0,0,0
350353,danirmoya,,2,0,2,2,0,2,0,0,0,0,6
350354,gcalejandra82,,3,0,3,3,0,3,0,0,0,0,0
350355,AnaRMarti,,2,0,2,2,0,2,0,0,0,0,0
350357,MariaFeal,,2,0,2,2,0,2,0,0,0,0,0
350358,CulturaTG7,,2,0,2,2,0,2,0,0,0,0,0
350362,Pablo_Martin_Gr,,2,0,2,2,0,2,0,0,0,0,0
350368,Alberto_GH_81,,2,0,2,2,0,2,0,0,0,0,0
350382,AfectUciGranada,,2,0,2,2,0,2,0,0,0,0,0
350385,Stop_Desahucios,,2,0,2,2,0,2,0,0,0,0,0
350387,LA_PAH,,2,0,2,2,0,2,0,0,0,0,4
350392,morenoluaces,,2,0,2,2,0,2,0,0,0,0,6
350393,red_revolution3,,2,0,2,2,0,2,0,0,0,0,6
350398,Programas_PSOE,,2,0,2,2,0,2,0,0,0,0,0
350402,mescuderosan,,2,0,2,2,0,2,0,0,0,0,0
350405,ayudasmas,,2,0,2,2,0,2,0,0,0,0,0
350407,cucamirando,,2,0,2,2,0,2,0,0,0,0,0
350418,nefeerr,,2,0,2,2,0,2,0,0,0,0,6
350420,logopedaencasa,,2,0,2,2,0,2,0,0,0,0,4
350436,xaviergl,,2,0,2,2,0,2,0,0,0,0,0
350437,soyAO,,3,0,3,3,0,3,0,0,0,0,0
350442,cuartopoder,,2,0,2,2,0,2,0,0,0,0,4
350443,MamenPedemonte,,2,0,2,2,0,2,0,0,0,0,0
350445,JuddyRg,,2,0,2,2,0,2,0,0,0,0,6
350446,rosa_ronda89,,2,0,2,2,0,2,0,0,0,0,6
350457,ElAguijon_,,2,0,2,2,0,2,0,0,0,0,0
350459,LagartijaSoy,,2,0,2,2,0,2,0,0,0,0,8
350462,CapitalGranada,,2,0,2,2,0,2,0,0,0,0,0
350464,mujeryucateca,,2,0,2,2,0,2,0,0,0,0,6
350466,LCTH59,,2,0,2,2,0,2,0,0,0,0,0
350471,Calri_JAnd,,2,0,2,2,0,2,0,0,0,0,0
350476,mcarmenbarrera,,2,0,2,2,0,2,0,0,0,0,0
350478,pilarabad,,2,0,2,2,0,2,0,0,0,0,0
350480,almartinezperez,,2,0,2,2,0,2,0,0,0,0,0
350482,granadahp,,2,0,2,2,0,2,0,0,0,0,0
350483,PeriodistaKaren,,2,0,2,2,0,2,0,0,0,0,0
350484,kikesalvatierra,,2,0,2,2,0,2,0,0,0,0,0
350487,jesusabrilvela,,2,0,2,2,0,2,0,0,0,0,0
350488,rivadullafelix,,2,0,2,2,0,2,0,0,0,0,0
350489,mvcobo,,2,0,2,2,0,2,0,0,0,0,0
350491,fjmartinf,,2,0,2,2,0,2,0,0,0,0,6
350492,felixtrigueros7,,2,0,2,2,0,2,0,0,0,0,6
350493,surquero,,3,0,3,3,0,3,0,0,0,0,0
350494,Joseguerrero13,,2,0,2,2,0,2,0,0,0,0,0
350502,E_Concursal,,2,0,2,2,0,2,0,0,0,0,4
350504,DrKraszynskaMD,,2,0,2,2,0,2,0,0,0,0,7
350515,MERKAMUEBLEPADU,,2,0,2,2,0,2,0,0,0,0,0
350516,Partido_X,,2,0,2,2,0,2,0,0,0,0,5
350526,DemoGranada,,2,0,2,2,0,2,0,0,0,0,0
350530,Gr_SierraNevada,,2,0,2,2,0,2,0,0,0,0,0
350534,Planchamagica,,2,0,2,2,0,2,0,0,0,0,0
350542,logopediayvoz,,2,0,2,2,0,2,0,0,0,0,0
350543,soyparoga,,2,0,2,2,0,2,0,0,0,0,0
350550,OrientaMontesOr,,2,0,2,2,0,2,0,0,0,0,0
350551,R_AQ_A,,2,0,2,2,0,2,0,0,0,0,0
350553,MundoAyudas,,2,0,2,2,0,2,0,0,0,0,4
350554,maxpradera,,2,0,2,2,0,2,0,0,0,0,5
350559,hasta_el_lunes,,2,0,2,2,0,2,0,0,0,0,0
350560,OPIMEC,,2,0,2,2,0,2,0,0,0,0,6
350561,andaluciasalud,,2,0,2,2,0,2,0,0,0,0,4
350591,artesinbarreras,,2,0,2,2,0,2,0,0,0,0,4
350595,la_oveja_negra,,2,0,2,2,0,2,0,0,0,0,0
350600,GranadaEnfureci,,2,0,2,2,0,2,0,0,0,0,6
350612,TS_EsNecesario,,2,0,2,2,0,2,0,0,0,0,0
350613,catrabajosocial,,2,0,2,2,0,2,0,0,0,0,0
350616,JovenesIU,,2,0,2,2,0,2,0,0,0,0,0
350618,guirado_,,2,0,2,2,0,2,0,0,0,0,0
350620,EstrellaPine,,2,0,2,2,0,2,0,0,0,0,0
350626,PeterBishop_ES,,6,0,6,6,0,6,0,0,0,0,0
350632,NayraLoNe,,2,0,2,2,0,2,0,0,0,0,0
350634,cpaaronbeck,,2,0,2,2,0,2,0,0,0,0,0
350636,NachoFnandez,,2,0,2,2,0,2,0,0,0,0,0
350640,lescroniques,,2,0,2,2,0,2,0,0,0,0,0
350644,MarioOrtega,,2,0,2,2,0,2,0,0,0,0,0
350646,PRAO_ES,,2,0,2,2,0,2,0,0,0,0,0
350649,JuanSpitzley,,3,0,3,3,0,3,0,0,0,0,0
350659,MercedesRR2,,2,0,2,2,0,2,0,0,0,0,0
350666,Soy_Churrianero,,3,0,3,3,0,3,0,0,0,0,0
350668,AEBGRANADA,,2,0,2,2,0,2,0,0,0,0,0
350669,COMFIAGRANADA,,2,0,2,2,0,2,0,0,0,0,0
350670,jovenesiugr,,2,0,2,2,0,2,0,0,0,0,0
350671,RadioGranadaa,,2,0,2,2,0,2,0,0,0,0,0
350673,VoyConAndalucia,,2,0,2,2,0,2,0,0,0,0,0
350683,Acumen,,2,0,2,2,0,2,0,0,0,0,0
350688,IsmaelBarros,,2,0,2,2,0,2,0,0,0,0,0
350691,kaosenlarednet,,2,0,2,2,0,2,0,0,0,0,2
350705,garajedeideas,,2,0,2,2,0,2,0,0,0,0,0
350707,JesusGallent,,2,0,2,2,0,2,0,0,0,0,0
350709,omixam,,2,0,2,2,0,2,0,0,0,0,4
350712,Nodrizismo,,2,0,2,2,0,2,0,0,0,0,5
350720,martinplanb,,2,0,2,2,0,2,0,0,0,0,6
350724,esepuntoge,,2,0,2,2,0,2,0,0,0,0,0
350731,MastersOfNaming,,2,0,2,2,0,2,0,0,0,0,0
350745,jlvallejo,,2,0,2,2,0,2,0,0,0,0,0
350758,CuarentenaFest,,2,0,2,2,0,2,0,0,0,0,0
350780,IrnMM,,2,0,2,2,0,2,0,0,0,0,2
350796,Crazzyintheusa,,2,0,2,2,0,2,0,0,0,0,0
350803,noepmp,,2,0,2,2,0,2,0,0,0,0,0
350824,tcanalysis,,2,0,2,2,0,2,0,0,0,0,0
350829,pacocalavera,,2,0,2,2,0,2,0,0,0,0,0
350852,CarolinaLafita,,2,0,2,2,0,2,0,0,0,0,0
350853,monzo,,2,0,2,2,0,2,0,0,0,0,2
350864,DES_show,,2,0,2,2,0,2,0,0,0,0,0
350869,manoloruiz,,2,0,2,2,0,2,0,0,0,0,0
350880,DarkoPericActor,,2,0,2,2,0,2,0,0,0,0,0
350893,rtayar,,2,0,2,2,0,2,0,0,0,0,0
350905,ulainova,,2,0,2,2,0,2,0,0,0,0,0
350906,babypixel,,2,0,2,2,0,2,0,0,0,0,0
350918,uxerdan,,2,0,2,2,0,2,0,0,0,0,0
350934,soymarios,,2,0,2,2,0,2,0,0,0,0,0
350935,expfighters,,2,0,2,2,0,2,0,0,0,0,0
350949,ClaudeLoeffen,,2,0,2,2,0,2,0,0,0,0,6
350985,la_fernandez,,2,0,2,2,0,2,0,0,0,0,0
351063,thejimf,,2,0,2,2,0,2,0,0,0,0,0
351085,PauAlbert_,,2,0,2,2,0,2,0,0,0,0,0
351121,recsmarter,,2,0,2,2,0,2,0,0,0,0,0
351125,EspeOlea,,2,0,2,2,0,2,0,0,0,0,0
351142,Abroadjobs,,2,0,2,2,0,2,0,0,0,0,2
351145,ThePlanCompany,,2,0,2,2,0,2,0,0,0,0,0
351157,Jesus_MMoya,,2,0,2,2,0,2,0,0,0,0,0
351167,elpadrecorajede,,2,0,2,2,0,2,0,0,0,0,0
351180,Alfremartinezz,,2,0,2,2,0,2,0,0,0,0,0
351181,agonzalezpozo,,2,0,2,2,0,2,0,0,0,0,0
351183,upoemprende,,2,0,2,2,0,2,0,0,0,0,0
351185,lorenteje,,2,0,2,2,0,2,0,0,0,0,0
351196,InseeFr,,2,0,2,2,0,2,0,0,0,0,8
351209,HABLANDOdeELE,,2,0,2,2,0,2,0,0,0,0,1
351210,aulaELE,,2,0,2,2,0,2,0,0,0,0,1
351211,ELE_USAL,,2,0,2,2,0,2,0,0,0,0,1
351218,Trabalenguasr,,2,0,2,2,0,2,0,0,0,0,1
351220,MilanoFree,,2,0,2,2,0,2,0,0,0,0,3
351224,Notizie_Milano,,2,0,2,2,0,2,0,0,0,0,3
351225,AnsaToscana,,2,0,2,2,0,2,0,0,0,0,3
351226,Recrutement2,,2,0,2,2,0,2,0,0,0,0,8
351227,toscananotizie,,2,0,2,2,0,2,0,0,0,0,3
351240,consejeriabr,,2,0,2,2,0,2,0,0,0,0,1
351245,CampusChannel,,2,0,2,2,0,2,0,0,0,0,1
351246,NEOMAbs,,2,0,2,2,0,2,0,0,0,0,1
351249,fasterempleo,,2,0,2,2,0,2,0,0,0,0,1
351251,IAELille,,2,0,2,2,0,2,0,0,0,0,1
351252,TSM_Toulouse,,2,0,2,2,0,2,0,0,0,0,1
351253,iae_aix,,2,0,2,2,0,2,0,0,0,0,1
351256,IAE_Montpellier,,2,0,2,2,0,2,0,0,0,0,1
351257,iaeparis,,2,0,2,2,0,2,0,0,0,0,1
351259,IAERennes,,2,0,2,2,0,2,0,0,0,0,1
351260,ucly,,2,0,2,2,0,2,0,0,0,0,1
351264,pakata_france,,2,0,2,2,0,2,0,0,0,0,1
351265,unimesfr,,2,0,2,2,0,2,0,0,0,0,1
351266,toulouseinp,,3,0,3,3,0,3,0,0,0,0,1
351267,DePosgrado,,2,0,2,2,0,2,0,0,0,0,0
351268,Hauteurs_UGA,,2,0,2,2,0,2,0,0,0,0,1
351270,GerminetCY,,2,0,2,2,0,2,0,0,0,0,1
351271,atlasrural,,2,0,2,2,0,2,0,0,0,0,1
351272,SeleccionRural,,2,0,2,2,0,2,0,0,0,0,0
351273,digitalingua,,2,0,2,2,0,2,0,0,0,0,1
351275,ruralandia,,2,0,2,2,0,2,0,0,0,0,1
351276,Ruralgia,,3,0,3,3,0,3,0,0,0,0,0
351277,portalrural,,2,0,2,2,0,2,0,0,0,0,1
351278,informarural,,2,0,2,2,0,2,0,0,0,0,1
351286,CronopiosLondon,,2,0,2,2,0,2,0,0,0,0,1
351287,insadelyon,,2,0,2,2,0,2,0,0,0,0,1
351289,spainexch,,2,0,2,2,0,2,0,0,0,0,1
351291,centralesupelec,,2,0,2,2,0,2,0,0,0,0,1
351301,LaRanaFilmFest,,2,0,2,2,0,2,0,0,0,0,1
351303,multipapelhiper,,2,0,2,2,0,2,0,0,0,0,4
351304,C_Intercultural,,2,0,2,2,0,2,0,0,0,0,1
351307,Mon_ESC,,2,0,2,2,0,2,0,0,0,0,1
351308,ecoles2commerce,,2,0,2,2,0,2,0,0,0,0,1
351309,s_grandesecoles,,2,0,2,2,0,2,0,0,0,0,1
351312,marieannenourry,,2,0,2,2,0,2,0,0,0,0,3
351314,ticele,,2,0,2,2,0,2,0,0,0,0,1
351329,AticoLibros,,2,0,2,2,0,2,0,0,0,0,4
351330,columnaedicions,,2,0,2,2,0,2,0,0,0,0,4
351332,arallibres,,2,0,2,2,0,2,0,0,0,0,4
351336,Revistadelibros,,2,0,2,2,0,2,0,0,0,0,1
351338,quelibroleo,,2,0,2,2,0,2,0,0,0,0,1
351339,EdDestino,,2,0,2,2,0,2,0,0,0,0,1
351340,librosylit,,2,0,2,2,0,2,0,0,0,0,1
351341,ComprensLectora,,2,0,2,2,0,2,0,0,0,0,1
351343,courses_spanish,,2,0,2,2,0,2,0,0,0,0,1
351344,colegiodelibes,,2,0,2,2,0,2,0,0,0,0,4
351346,LangueEspagnole,,2,0,2,2,0,2,0,0,0,0,1
351350,MapaEnlaMaleta,,2,0,2,2,0,2,0,0,0,0,0
351352,lamaletadeglo,,2,0,2,2,0,2,0,0,0,0,1
351354,ELEparaninos,,2,0,2,2,0,2,0,0,0,0,1
351356,letstrip007,,2,0,2,2,0,2,0,0,0,0,0
351358,darvueltalmundo,,2,0,2,2,0,2,0,0,0,0,1
351359,viajeroo_,,2,0,2,2,0,2,0,0,0,0,1
351363,Matignon,,2,0,2,2,0,2,0,0,0,0,2
351364,iria_marino,,2,0,2,2,0,2,0,0,0,0,1
351366,EmbajadaEspUy,,2,0,2,2,0,2,0,0,0,0,1
351369,QhacerSalamanca,,2,0,2,2,0,2,0,0,0,0,4
351370,elpatioespanol,,2,0,2,2,0,2,0,0,0,0,1
351371,Profespag,,2,0,2,2,0,2,0,0,0,0,1
351373,cursoespanholsp,,2,0,2,2,0,2,0,0,0,0,1
351375,franherrera,,2,0,2,2,0,2,0,0,0,0,1
351376,lamardele,,2,0,2,2,0,2,0,0,0,0,1
351377,AdrianaRepila,,2,0,2,2,0,2,0,0,0,0,1
351378,ba_bnt,,2,0,2,2,0,2,0,0,0,0,1
351379,cometa23,,2,0,2,2,0,2,0,0,0,0,1
351380,kontarini,,2,0,2,2,0,2,0,0,0,0,0
351381,masqueELE,,2,0,2,2,0,2,0,0,0,0,0
351384,ferfilol,,2,0,2,2,0,2,0,0,0,0,1
351385,spaniards_es,,2,0,2,2,0,2,0,0,0,0,1
351387,Hispanovision,,2,0,2,2,0,2,0,0,0,0,1
351390,thedigiteachers,,2,0,2,2,0,2,0,0,0,0,4
351391,cefoimformacion,,2,0,2,2,0,2,0,0,0,0,4
351393,MiComunicacionE,,2,0,2,2,0,2,0,0,0,0,4
351396,conectiza,,2,0,2,2,0,2,0,0,0,0,4
351402,ErasmusUPM,,2,0,2,2,0,2,0,0,0,0,1
351403,Luzmaria1989,,2,0,2,2,0,2,0,0,0,0,7
351405,mvigonr,,2,0,2,2,0,2,0,0,0,0,4
351410,promhogar,,2,0,2,2,0,2,0,0,0,0,1
351411,vivesoy,,2,0,2,2,0,2,0,0,0,0,1
351412,TribunaUni,,2,0,2,2,0,2,0,0,0,0,4
351413,SalamancaRTV,,2,0,2,2,0,2,0,0,0,0,1
351414,urbaniza,,2,0,2,2,0,2,0,0,0,0,1
351415,cyleconomica,,3,0,3,3,0,3,0,0,0,0,1
351416,delg_ffl,,2,0,2,2,0,2,0,0,0,0,1
351417,casaktua,,2,0,2,2,0,2,0,0,0,0,1
351418,SpasmoTeatro,,2,0,2,2,0,2,0,0,0,0,1
351421,tablondanuncios,,2,0,2,2,0,2,0,0,0,0,0
351423,dllanosg,,2,0,2,2,0,2,0,0,0,0,4
351426,sciusal,,2,0,2,2,0,2,0,0,0,0,1
351427,casasmarket,,2,0,2,2,0,2,0,0,0,0,1
351429,Godisbutik,,2,0,2,2,0,2,0,0,0,0,6
351434,erasmusinspain,,2,0,2,2,0,2,0,0,0,0,1
351435,CursosInt_USAL,,2,0,2,2,0,2,0,0,0,0,4
351436,fcomsalamanca,,2,0,2,2,0,2,0,0,0,0,1
351437,USALTV,,2,0,2,2,0,2,0,0,0,0,1
351438,cebusal,,2,0,2,2,0,2,0,0,0,0,1
351441,inzoco,,2,0,2,2,0,2,0,0,0,0,6
351442,vibbo,,2,0,2,2,0,2,0,0,0,0,1
351444,Campus_EM,,2,0,2,2,0,2,0,0,0,0,1
351445,MaxiMilic,,3,0,3,3,0,3,0,0,0,0,3
351446,JulianAmorrich,,2,0,2,2,0,2,0,0,0,0,0
351447,cosasparavagos,,2,0,2,2,0,2,0,0,0,0,1
351452,CICAUDC,,2,0,2,2,0,2,0,0,0,0,4
351453,FIC_UDC,,2,0,2,2,0,2,0,0,0,0,4
351459,CompostelaGroup,,2,0,2,2,0,2,0,0,0,0,4
351467,turisriasbaixas,,2,0,2,2,0,2,0,0,0,0,4
351472,IRO_UDC,,2,0,2,2,0,2,0,0,0,0,4
351477,BambooPubVigo,,2,0,2,2,0,2,0,0,0,0,5
351478,TrasteverePub,,2,0,2,2,0,2,0,0,0,0,5
351481,fcoblancoaragon,,2,0,2,2,0,2,0,0,0,0,4
351482,redeamigaudc,,2,0,2,2,0,2,0,0,0,0,4
351485,4gotas_com,,2,0,2,2,0,2,0,0,0,0,4
351486,gadis,,2,0,2,2,0,2,0,0,0,0,4
351488,TVGalicia,,2,0,2,2,0,2,0,0,0,0,4
351511,independanceBil,,2,0,2,2,0,2,0,0,0,0,0
351519,augustomorenoa1,,2,0,2,2,0,2,0,0,0,0,0
351521,mmartaherran,,2,0,2,2,0,2,0,0,0,0,0
351525,Feriaestampa,,2,0,2,2,0,2,0,0,0,0,0
351528,InterviewMag,,2,0,2,2,0,2,0,0,0,0,0
351529,AnOtherMagazine,,2,0,2,2,0,2,0,0,0,0,0
351531,CGuerrillaMBlog,,2,0,2,2,0,2,0,0,0,0,0
351533,IATV,,2,0,2,2,0,2,0,0,0,0,4
351540,DescubrirelArte,,2,0,2,2,0,2,0,0,0,0,0
351541,filmotecacat,,2,0,2,2,0,2,0,0,0,0,1
351550,AlfonsoPerez_AP,,3,0,3,3,0,3,0,0,0,0,0
351551,oblimchannel,,2,0,2,2,0,2,0,0,0,0,0
351564,mntemaravillosa,,2,0,2,2,0,2,0,0,0,0,6
351567,laeconomica,,2,0,2,2,0,2,0,0,0,0,4
351568,5diasfiscalidad,,2,0,2,2,0,2,0,0,0,0,6
351569,decanatomadrid,,2,0,2,2,0,2,0,0,0,0,4
351574,soyAliciaRo,,2,0,2,2,0,2,0,0,0,0,4
351575,CybercampEs,,2,0,2,2,0,2,0,0,0,0,4
351577,osiseguridad,,2,0,2,2,0,2,0,0,0,0,4
351579,chicageek,,2,0,2,2,0,2,0,0,0,0,2
351580,JMLarena,,2,0,2,2,0,2,0,0,0,0,4
351581,TIPSA_red,,2,0,2,2,0,2,0,0,0,0,4
351582,PequeHinchables,,2,0,2,2,0,2,0,0,0,0,0
351584,si2info,,2,0,2,2,0,2,0,0,0,0,4
351586,CanalGranada,,2,0,2,2,0,2,0,0,0,0,5
351590,GestoresVlc,,2,0,2,2,0,2,0,0,0,0,4
351595,XatakaWindows,,2,0,2,2,0,2,0,0,0,0,4
351596,xatakaon,,2,0,2,2,0,2,0,0,0,0,4
351598,DealerWorldes,,2,0,2,2,0,2,0,0,0,0,2
351599,RescataTalentos,,2,0,2,2,0,2,0,0,0,0,6
351605,siliconspain,,2,0,2,2,0,2,0,0,0,0,4
351606,ITespresso,,2,0,2,2,0,2,0,0,0,0,4
351608,muycomputer,,2,0,2,2,0,2,0,0,0,0,0
351610,micasaengranada,,2,0,2,2,0,2,0,0,0,0,4
351616,edu_roam,,2,0,2,2,0,2,0,0,0,0,4
351622,HangoutON,,2,0,2,2,0,2,0,0,0,0,4
351624,victormoreno78,,2,0,2,2,0,2,0,0,0,0,4
351636,ArrabeAsesores,,2,0,2,2,0,2,0,0,0,0,4
351638,ExpansionaT,,2,0,2,2,0,2,0,0,0,0,0
351639,EquiposyTalento,,2,0,2,2,0,2,0,0,0,0,4
351642,Formacionski,,2,0,2,2,0,2,0,0,0,0,0
351645,smartdata_es,,2,0,2,2,0,2,0,0,0,0,4
351650,merceroura,,2,0,2,2,0,2,0,0,0,0,0
351652,Lucipielgrim,,5,0,5,5,0,5,0,0,0,0,0
351655,mcantalapiedra,,2,0,2,2,0,2,0,0,0,0,6
351656,glabatut,,2,0,2,2,0,2,0,0,0,0,6
351659,APAFCV,,2,0,2,2,0,2,0,0,0,0,4
351665,enpapeldestraza,,2,0,2,2,0,2,0,0,0,0,4
351669,Lefebvre_ES,,2,0,2,2,0,2,0,0,0,0,6
351670,antoniogimeno,,2,0,2,2,0,2,0,0,0,0,4
351674,Quondos,,2,0,2,2,0,2,0,0,0,0,6
351675,jjimenez,,2,0,2,2,0,2,0,0,0,0,4
351678,thegreimor,,2,0,2,2,0,2,0,0,0,0,6
351685,Fijaplast,,3,0,3,3,0,3,0,0,0,0,6
351686,AndaluciaFrases,,2,0,2,2,0,2,0,0,0,0,0
351687,ComplejoParaiso,,2,0,2,2,0,2,0,0,0,0,4
351689,RafaOsuna,,2,0,2,2,0,2,0,0,0,0,4
351690,fjvazquez86,,2,0,2,2,0,2,0,0,0,0,4
351691,misterempresa,,2,0,2,2,0,2,0,0,0,0,0
351692,SpainForFinance,,2,0,2,2,0,2,0,0,0,0,4
351695,Ofizonacom,,2,0,2,2,0,2,0,0,0,0,0
351701,echaleku,,2,0,2,2,0,2,0,0,0,0,0
351703,Gedesco,,2,0,2,2,0,2,0,0,0,0,4
351704,mundoemprende1,,2,0,2,2,0,2,0,0,0,0,0
351707,BRuizNegocios,,2,0,2,2,0,2,0,0,0,0,4
351710,kunfu_code,,2,0,2,2,0,2,0,0,0,0,0
351713,GonzaloRodGar,,2,0,2,2,0,2,0,0,0,0,4
351714,eautonomos,,2,0,2,2,0,2,0,0,0,0,4
351715,kunfu_business,,2,0,2,2,0,2,0,0,0,0,6
351719,yuzzgranada,,2,0,2,2,0,2,0,0,0,0,6
351720,Eurocei,,2,0,2,2,0,2,0,0,0,0,0
351721,DelisussGranada,,2,0,2,2,0,2,0,0,0,0,0
351723,BarbaLight,,2,0,2,2,0,2,0,0,0,0,4
351724,NeuroAware,,2,0,2,2,0,2,0,0,0,0,4
351725,vidagnu,,2,0,2,2,0,2,0,0,0,0,4
351726,NinaSEO,,2,0,2,2,0,2,0,0,0,0,0
351729,GlobalGROUP_Esp,,2,0,2,2,0,2,0,0,0,0,4
351730,jpyegen,,2,0,2,2,0,2,0,0,0,0,4
351732,PoliciaJUN,,3,0,3,3,0,3,0,0,0,0,0
351733,ElChisteDelDia,,2,0,2,2,0,2,0,0,0,0,0
351734,garridocoronado,,2,0,2,2,0,2,0,0,0,0,4
351735,audiolis,,2,0,2,2,0,2,0,0,0,0,6
351736,dreamin_es,,2,0,2,2,0,2,0,0,0,0,0
351737,TomaCupon,,2,0,2,2,0,2,0,0,0,0,4
351740,OBSAE,,2,0,2,2,0,2,0,0,0,0,0
351741,codeko,,2,0,2,2,0,2,0,0,0,0,6
351742,vzlahosting,,2,0,2,2,0,2,0,0,0,0,2
351743,Cinkcoworking,,2,0,2,2,0,2,0,0,0,0,0
351744,digizen,,2,0,2,2,0,2,0,0,0,0,1
351746,sintetia,,2,0,2,2,0,2,0,0,0,0,0
351747,jaesteban,,2,0,2,2,0,2,0,0,0,0,4
351750,MasimEsqui,,2,0,2,2,0,2,0,0,0,0,4
351753,H3fincas,,2,0,2,2,0,2,0,0,0,0,0
351754,GOFCOM,,2,0,2,2,0,2,0,0,0,0,0
351755,Victorguadix,,2,0,2,2,0,2,0,0,0,0,0
351756,JoaquinTorres_V,,2,0,2,2,0,2,0,0,0,0,4
351757,AnyK_StyloXXI,,2,0,2,2,0,2,0,0,0,0,0
351758,alazor1,,2,0,2,2,0,2,0,0,0,0,0
351759,ClinicaCentroGr,,2,0,2,2,0,2,0,0,0,0,0
351760,TalkingEnglish1,,2,0,2,2,0,2,0,0,0,0,4
351762,atlasdecoracion,,2,0,2,2,0,2,0,0,0,0,0
351765,quierouncolchon,,2,0,2,2,0,2,0,0,0,0,0
351766,Trevole,,2,0,2,2,0,2,0,0,0,0,0
351767,abyssgranada,,2,0,2,2,0,2,0,0,0,0,0
351768,GranadaSB,,2,0,2,2,0,2,0,0,0,0,0
351769,TMcreative_,,2,0,2,2,0,2,0,0,0,0,4
351772,despensamalaga,,2,0,2,2,0,2,0,0,0,0,0
351775,jabravo,,2,0,2,2,0,2,0,0,0,0,4
351780,PROMOIMPACTO,,2,0,2,2,0,2,0,0,0,0,0
351781,WebEmpresa,,2,0,2,2,0,2,0,0,0,0,0
351783,edutedis,,2,0,2,2,0,2,0,0,0,0,4
351787,Camerpyme,,2,0,2,2,0,2,0,0,0,0,0
351788,Sergio_Biable,,2,0,2,2,0,2,0,0,0,0,4
351789,RguezBurgos,,2,0,2,2,0,2,0,0,0,0,6
351790,CDTICAndalucia,,2,0,2,2,0,2,0,0,0,0,0
351792,camarascom2011,,2,0,2,2,0,2,0,0,0,0,0
351794,lexureditorial,,2,0,2,2,0,2,0,0,0,0,0
351797,Fer_GGarcia,,2,0,2,2,0,2,0,0,0,0,6
351801,mangelesruzafa,,2,0,2,2,0,2,0,0,0,0,0
351802,Laurarfrias,,2,0,2,2,0,2,0,0,0,0,4
351810,WKa3Software,,2,0,2,2,0,2,0,0,0,0,4
351813,bartolomebz,,2,0,2,2,0,2,0,0,0,0,2
351814,vaniladulcebar,,2,0,2,2,0,2,0,0,0,0,0
351817,Alejand16264861,,2,0,2,2,0,2,0,0,0,0,0
351820,killokea,,2,0,2,2,0,2,0,0,0,0,0
351826,spereiralibros,,2,0,2,2,0,2,0,0,0,0,0
351833,rdg_bea,,2,0,2,2,0,2,0,0,0,0,0
351843,JBarroso_Autor,,2,0,2,2,0,2,0,0,0,0,0
351845,javivirisasmil,,2,0,2,2,0,2,0,0,0,0,0
351849,PcR2011,,2,0,2,2,0,2,0,0,0,0,6
351850,Auditorium2015,,2,0,2,2,0,2,0,0,0,0,0
351854,noniyo23,,2,0,2,2,0,2,0,0,0,0,0
351857,MariCarmenGalde,,2,0,2,2,0,2,0,0,0,0,0
351859,Dulcesbtrix,,2,0,2,2,0,2,0,0,0,0,0
351860,clarinetilla2,,2,0,2,2,0,2,0,0,0,0,0
351866,cijpadul,,3,0,3,3,0,3,0,0,0,0,6
351867,AytoPulianas,,2,0,2,2,0,2,0,0,0,0,0
351874,limpiezasecolym,,3,0,3,3,0,3,0,0,0,0,0
351875,Ap46lasPedrizas,,3,0,3,3,0,3,0,0,0,0,0
351877,massimograni,,2,0,2,2,0,2,0,0,0,0,0
351878,manuelapardo60,,2,0,2,2,0,2,0,0,0,0,0
351882,JoanVilaplanaE,,2,0,2,2,0,2,0,0,0,0,0
351884,P_puerta,,2,0,2,2,0,2,0,0,0,0,0
351887,talentoyvida,,2,0,2,2,0,2,0,0,0,0,0
351889,DiantoEmpresa,,2,0,2,2,0,2,0,0,0,0,0
351892,Moncho_981,,2,0,2,2,0,2,0,0,0,0,0
351894,anajjimena,,2,0,2,2,0,2,0,0,0,0,0
351897,librerialuces,,2,0,2,2,0,2,0,0,0,0,0
351898,MMourreau,,2,0,2,2,0,2,0,0,0,0,0
351904,magenbook,,2,0,2,2,0,2,0,0,0,0,0
351908,SALAELTREN,,2,0,2,2,0,2,0,0,0,0,6
351909,Cafeteriahipica,,2,0,2,2,0,2,0,0,0,0,0
351910,MoleonToni,,2,0,2,2,0,2,0,0,0,0,0
351912,jsimoncubero,,2,0,2,2,0,2,0,0,0,0,0
351915,fanyUrbano,,2,0,2,2,0,2,0,0,0,0,4
351927,yakadlin,,2,0,2,2,0,2,0,0,0,0,0
351928,saraclarinete,,2,0,2,2,0,2,0,0,0,0,6
351929,VirginiaViceira,,2,0,2,2,0,2,0,0,0,0,6
351930,mortmaschine,,2,0,2,2,0,2,0,0,0,0,0
351931,SerjiusKan,,2,0,2,2,0,2,0,0,0,0,0
351947,Xarofix,,2,0,2,2,0,2,0,0,0,0,0
351952,Macare_Astor,,2,0,2,2,0,2,0,0,0,0,0
351953,yesicavipo,,2,0,2,2,0,2,0,0,0,0,0
351958,DaniJuarez83,,2,0,2,2,0,2,0,0,0,0,0
351959,HacomarPineda,,2,0,2,2,0,2,0,0,0,0,0
351964,fhhwz,,2,0,2,2,0,2,0,0,0,0,1
351966,USI_university,,2,0,2,2,0,2,0,0,0,0,1
351971,Tulane,,2,0,2,2,0,2,0,0,0,0,1
351972,ualbany,,2,0,2,2,0,2,0,0,0,0,1
351976,UF,,2,0,2,2,0,2,0,0,0,0,1
351978,studiaWSU,,2,0,2,2,0,2,0,0,0,0,1
351979,WSPKorczak,,2,0,2,2,0,2,0,0,0,0,1
351980,PolitechnikaKos,,2,0,2,2,0,2,0,0,0,0,1
351981,rzeczniksgh,,2,0,2,2,0,2,0,0,0,0,1
351982,KUL_Lublin,,2,0,2,2,0,2,0,0,0,0,1
351983,UMK_Torun,,2,0,2,2,0,2,0,0,0,0,1
351984,UKWBydgoszcz,,2,0,2,2,0,2,0,0,0,0,1
351985,PWT_Wroclaw,,2,0,2,2,0,2,0,0,0,0,1
351986,AWFWroclaw,,2,0,2,2,0,2,0,0,0,0,1
351987,mvillasalero,,2,0,2,2,0,2,0,0,0,0,4
351988,DBN_UWr,,2,0,2,2,0,2,0,0,0,0,1
351989,RzecznikPW,,2,0,2,2,0,2,0,0,0,0,1
351990,HAAGAHELIAamk,,2,0,2,2,0,2,0,0,0,0,1
351991,oamk_ouas,,2,0,2,2,0,2,0,0,0,0,1
351992,kmdbergen,,2,0,2,2,0,2,0,0,0,0,1
351993,HAMK_UAS,,2,0,2,2,0,2,0,0,0,0,1
351994,SeAMK,,2,0,2,2,0,2,0,0,0,0,1
351995,centriaamk,,2,0,2,2,0,2,0,0,0,0,1
351997,UczelniaGWSH,,2,0,2,2,0,2,0,0,0,0,1
351998,UE_Wro,,2,0,2,2,0,2,0,0,0,0,1
351999,PolitechnikaGda,,2,0,2,2,0,2,0,0,0,0,1
352001,p_lodz_pl,,3,0,3,3,0,3,0,0,0,0,1
352002,AGH_Krakow,,2,0,2,2,0,2,0,0,0,0,1
352003,UniFAU,,2,0,2,2,0,2,0,0,0,0,1
352010,TU_Dortmund,,2,0,2,2,0,2,0,0,0,0,1
352012,RTU_LV,,2,0,2,2,0,2,0,0,0,0,1
352015,Uniwersytet_GD,,2,0,2,2,0,2,0,0,0,0,1
352016,GrenobleINP,,2,0,2,2,0,2,0,0,0,0,1
352020,hslu,,2,0,2,2,0,2,0,0,0,0,1
352022,unilodz,,3,0,3,3,0,3,0,0,0,0,1
352023,UMCSLublin,,2,0,2,2,0,2,0,0,0,0,1
352024,jelena3121,,2,0,2,2,0,2,0,0,0,0,1
352025,JonkopingUni,,2,0,2,2,0,2,0,0,0,0,1
352031,WitsUniversity,,2,0,2,2,0,2,0,0,0,0,4
352033,UniversiaUy,,2,0,2,2,0,2,0,0,0,0,0
352034,UniversiaMex,,2,0,2,2,0,2,0,0,0,0,1
352036,FHNWbusiness,,2,0,2,2,0,2,0,0,0,0,1
352037,ha_ax,,2,0,2,2,0,2,0,0,0,0,1
352039,RGSL_LV,,2,0,2,2,0,2,0,0,0,0,1
352043,KITKarlsruhe,,2,0,2,2,0,2,0,0,0,0,1
352045,wu_vienna,,2,0,2,2,0,2,0,0,0,0,1
352046,kieluni,,2,0,2,2,0,2,0,0,0,0,1
352047,AcademicTrnsfr,,2,0,2,2,0,2,0,0,0,0,2
352054,UAlberta,,2,0,2,2,0,2,0,0,0,0,8
352057,UCalgary,,2,0,2,2,0,2,0,0,0,0,1
352058,TrentUniversity,,2,0,2,2,0,2,0,0,0,0,1
352061,dehogeschoolede,,2,0,2,2,0,2,0,0,0,0,1
352062,AucklandUni,,2,0,2,2,0,2,0,0,0,0,1
352063,VicUniWgtn,,2,0,2,2,0,2,0,0,0,0,1
352066,UiB,,2,0,2,2,0,2,0,0,0,0,1
352067,hvl_no,,2,0,2,2,0,2,0,0,0,0,1
352069,UmeaUniversity,,2,0,2,2,0,2,0,0,0,0,1
352070,UNIGEmedianews,,2,0,2,2,0,2,0,0,0,0,1
352071,UniLUT,,2,0,2,2,0,2,0,0,0,0,1
352072,TallinnTech,,2,0,2,2,0,2,0,0,0,0,1
352073,uni_obuda,,2,0,2,2,0,2,0,0,0,0,1
352075,andrassyuni,,2,0,2,2,0,2,0,0,0,0,1
352076,lvuniversity,,2,0,2,2,0,2,0,0,0,0,1
352078,Windesheiminfo,,2,0,2,2,0,2,0,0,0,0,1
352079,alpenadriauni,,2,0,2,2,0,2,0,0,0,0,1
352081,uniinnsbruck,,2,0,2,2,0,2,0,0,0,0,1
352083,HANnl,,2,0,2,2,0,2,0,0,0,0,1
352086,HU_Utrecht,,2,0,2,2,0,2,0,0,0,0,1
352091,LAMKfi,,2,0,2,2,0,2,0,0,0,0,1
352094,OregonState,,2,0,2,2,0,2,0,0,0,0,2
352095,UPOlomouc,,2,0,2,2,0,2,0,0,0,0,1
352096,TECcampusMTY,,2,0,2,2,0,2,0,0,0,0,1
352098,UPadua,,2,0,2,2,0,2,0,0,0,0,3
352099,LazarskiUni,,2,0,2,2,0,2,0,0,0,0,1
352101,Hanken_fi,,2,0,2,2,0,2,0,0,0,0,1
352119,NVAO,,2,0,2,2,0,2,0,0,0,0,1
352121,ScienceGuideEU,,2,0,2,2,0,2,0,0,0,0,1
352122,IHEglobal,,2,0,2,2,0,2,0,0,0,0,2
352123,UTodayNL,,2,0,2,2,0,2,0,0,0,0,1
352124,Transfer_nl,,2,0,2,2,0,2,0,0,0,0,1
352128,kennisnet,,2,0,2,2,0,2,0,0,0,0,1
352129,Wetenschap,,2,0,2,2,0,2,0,0,0,0,2
352183,BTeamPictures,,2,0,2,2,0,2,0,0,0,0,6
352184,cinerevius,,2,0,2,2,0,2,0,0,0,0,6
352191,CortoEspana,,2,0,2,2,0,2,0,0,0,0,0
352224,irene_domingz,,2,0,2,2,0,2,0,0,0,0,0
352225,AlvaroLario,,2,0,2,2,0,2,0,0,0,0,0
352234,intolaura,,2,0,2,2,0,2,0,0,0,0,0
352239,Lecume_edit,,2,0,2,2,0,2,0,0,0,0,0
352367,olivares_javier,,2,0,2,2,0,2,0,0,0,0,5
352415,cabreramedina1,,2,0,2,2,0,2,0,0,0,0,5
352430,ciudad_dormida,,2,0,2,2,0,2,0,0,0,0,7
352451,Migue_twitt,,2,0,2,2,0,2,0,0,0,0,0
352595,webbtertainment,,2,0,2,2,0,2,0,0,0,0,0
352757,JFAcroll,,2,0,2,2,0,2,0,0,0,0,0
352759,kleililk,,2,0,2,2,0,2,0,0,0,0,0
352779,miguelmonzonph,,2,0,2,2,0,2,0,0,0,0,0
352788,NikitinLn,,2,0,2,2,0,2,0,0,0,0,6
352789,DesiMilena,,2,0,2,2,0,2,0,0,0,0,0
352799,franctireur,,2,0,2,2,0,2,0,0,0,0,0
352826,patriciagascon,,2,0,2,2,0,2,0,0,0,0,4
352831,_picxe,,2,0,2,2,0,2,0,0,0,0,0
352869,esXrebellion,,2,0,2,2,0,2,0,0,0,0,4
352888,SouthTechWeek,,2,0,2,2,0,2,0,0,0,0,5
352917,krokanto,,2,0,2,2,0,2,0,0,0,0,6
352952,jpgualda,,2,0,2,2,0,2,0,0,0,0,0
352955,DdeDesastre,,2,0,2,2,0,2,0,0,0,0,0
352960,pilarcclavarana,,2,0,2,2,0,2,0,0,0,0,0
352965,erperol,,2,0,2,2,0,2,0,0,0,0,0
352980,Sombrereraloca_,,2,0,2,2,0,2,0,0,0,0,6
352997,RayadaLife,,2,0,2,2,0,2,0,0,0,0,0
353019,Lanoeliarosa,,2,0,2,2,0,2,0,0,0,0,0
353021,festivalmeria,,2,0,2,2,0,2,0,0,0,0,0
353023,ideasconalma,,2,0,2,2,0,2,0,0,0,0,4
353042,AdobeVideo,,2,0,2,2,0,2,0,0,0,0,0
353059,vxalimentos,,2,0,2,2,0,2,0,0,0,0,0
353078,CyberHarvest,,2,0,2,2,0,2,0,0,0,0,0
353092,nekoplayer,,2,0,2,2,0,2,0,0,0,0,0
353105,CervantesLib,,2,0,2,2,0,2,0,0,0,0,1
353123,granadawebs,,2,0,2,2,0,2,0,0,0,0,0
353127,CentroArteBit,,2,0,2,2,0,2,0,0,0,0,0
353135,EstrellaLlaLla,,2,0,2,2,0,2,0,0,0,0,0
353143,DominaPLSQL,,2,0,2,2,0,2,0,0,0,0,3
353165,4cocosmarketing,,2,0,2,2,0,2,0,0,0,0,0
353168,cuantohipster,,2,0,2,2,0,2,0,0,0,0,0
353172,LartDafne,,2,0,2,2,0,2,0,0,0,0,0
353177,SexologOnline,,2,0,2,2,0,2,0,0,0,0,0
353186,ClubdeCinefilos,,2,0,2,2,0,2,0,0,0,0,0
353208,Mdoloresruizsa1,,2,0,2,2,0,2,0,0,0,0,0
353210,salobrenajose,,2,0,2,2,0,2,0,0,0,0,0
353211,verajoya,,2,0,2,2,0,2,0,0,0,0,0
353216,barcelonista55,,2,0,2,2,0,2,0,0,0,0,0
353218,javiracosta,,2,0,2,2,0,2,0,0,0,0,0
353238,EcoVallePedidos,,2,0,2,2,0,2,0,0,0,0,0
353244,alipopof,,2,0,2,2,0,2,0,0,0,0,0
353245,alhambreventos,,2,0,2,2,0,2,0,0,0,0,6
353257,maria_alonsoM,,2,0,2,2,0,2,0,0,0,0,0
353260,AndreaEmese,,2,0,2,2,0,2,0,0,0,0,6
353263,JoseMarquezSEO,,2,0,2,2,0,2,0,0,0,0,6
353269,ramongaspar,,2,0,2,2,0,2,0,0,0,0,0
353270,ariixbeauty,,2,0,2,2,0,2,0,0,0,0,0
353275,saritarang,,2,0,2,2,0,2,0,0,0,0,0
353296,DiegoPmphoto,,2,0,2,2,0,2,0,0,0,0,0
353301,ComandoFoto,,2,0,2,2,0,2,0,0,0,0,0
353303,MiradaViajera,,2,0,2,2,0,2,0,0,0,0,0
353313,spaincoming,,2,0,2,2,0,2,0,0,0,0,0
353332,gusbernal,,2,0,2,2,0,2,0,0,0,0,0
353344,seville70,,2,0,2,2,0,2,0,0,0,0,0
353346,blancalisboa,,2,0,2,2,0,2,0,0,0,0,0
353353,salsamondj,,2,0,2,2,0,2,0,0,0,0,6
353377,chuisochuisez,,2,0,2,2,0,2,0,0,0,0,0
353388,Pablo11artin,,2,0,2,2,0,2,0,0,0,0,0
353399,bealopezdeprieg,,2,0,2,2,0,2,0,0,0,0,0
353405,pilaralberdi,,2,0,2,2,0,2,0,0,0,0,0
353437,ReflejosDeModa,,2,0,2,2,0,2,0,0,0,0,4
353439,255GR,,2,0,2,2,0,2,0,0,0,0,0
353440,Elduenderevista,,2,0,2,2,0,2,0,0,0,0,0
353441,LaSemanaEAG,,2,0,2,2,0,2,0,0,0,0,0
353442,andaluciafvf,,2,0,2,2,0,2,0,0,0,0,0
353444,AdobeTV,,2,0,2,2,0,2,0,0,0,0,4
353445,PKN_Malaga,,2,0,2,2,0,2,0,0,0,0,0
353452,MarketingModa_,,2,0,2,2,0,2,0,0,0,0,0
353454,ESTUDIO_MYTAKI,,2,0,2,2,0,2,0,0,0,0,0
353456,ArtediezEscuela,,2,0,2,2,0,2,0,0,0,0,0
353457,AndCreaModa,,2,0,2,2,0,2,0,0,0,0,0
353460,sevilla_ficcion,,2,0,2,2,0,2,0,0,0,0,0
353463,yngrid_aguirre,,2,0,2,2,0,2,0,0,0,0,6
353465,OperadeDomingo,,2,0,2,2,0,2,0,0,0,0,0
353469,Inmirriqui,,2,0,2,2,0,2,0,0,0,0,0
353482,Brenda_Risquez,,2,0,2,2,0,2,0,0,0,0,5
353485,Saraswati1167,,2,0,2,2,0,2,0,0,0,0,0
353490,alexrod,,2,0,2,2,0,2,0,0,0,0,0
353491,olalla_ruiz,,2,0,2,2,0,2,0,0,0,0,0
353496,Mar_gial,,2,0,2,2,0,2,0,0,0,0,0
353509,CarmenHerrero14,,2,0,2,2,0,2,0,0,0,0,1
353550,antoniodavidfv,,2,0,2,2,0,2,0,0,0,0,6
353551,MariaCanas,,2,0,2,2,0,2,0,0,0,0,0
353567,superfilmica,,2,0,2,2,0,2,0,0,0,0,0
353593,anapanc,,2,0,2,2,0,2,0,0,0,0,0
353599,laru3d,,2,0,2,2,0,2,0,0,0,0,0
353612,Karlos_Pascual,,2,0,2,2,0,2,0,0,0,0,0
353615,MSiciliaM,,2,0,2,2,0,2,0,0,0,0,4
353628,edsparalelo,,2,0,2,2,0,2,0,0,0,0,5
353630,Art_of_Day,,2,0,2,2,0,2,0,0,0,0,0
353639,todo_cine,,2,0,2,2,0,2,0,0,0,0,0
353640,makeupacademy_,,2,0,2,2,0,2,0,0,0,0,0
353668,JGabriArco,,2,0,2,2,0,2,0,0,0,0,6
353681,helgorlat,,2,0,2,2,0,2,0,0,0,0,6
353700,bau_cadiz,,2,0,2,2,0,2,0,0,0,0,0
353713,mmerinoru,,2,0,2,2,0,2,0,0,0,0,4
353717,learningcouncil,,2,0,2,2,0,2,0,0,0,0,1
353721,Signoeditores,,2,0,2,2,0,2,0,0,0,0,0
353722,nesrin0406,,2,0,2,2,0,2,0,0,0,0,0
353732,MugaProject,,2,0,2,2,0,2,0,0,0,0,0
353753,Lauraavivar,,2,0,2,2,0,2,0,0,0,0,3
353754,CarlosRVillalba,,2,0,2,2,0,2,0,0,0,0,6
353756,david88dmc,,2,0,2,2,0,2,0,0,0,0,0
353768,saragraphika,,2,0,2,2,0,2,0,0,0,0,0
353782,AqueronteFilms,,2,0,2,2,0,2,0,0,0,0,0
353795,Juarez_Alcazar,,2,0,2,2,0,2,0,0,0,0,0
353797,bachimport,,2,0,2,2,0,2,0,0,0,0,0
353798,erayolanda,,2,0,2,2,0,2,0,0,0,0,6
353806,acmartos81,,2,0,2,2,0,2,0,0,0,0,0
353812,valeriosevilla,,2,0,2,2,0,2,0,0,0,0,6
353821,nahiafilmfest,,2,0,2,2,0,2,0,0,0,0,0
353828,JSouhis,,2,0,2,2,0,2,0,0,0,0,6
353837,LuciernagaFest,,2,0,2,2,0,2,0,0,0,0,0
353841,ibizamelian,,2,0,2,2,0,2,0,0,0,0,0
353845,LosIrvins,,2,0,2,2,0,2,0,0,0,0,0
353847,JoshueGuerrero,,2,0,2,2,0,2,0,0,0,0,0
353860,AlvarezLurdes,,2,0,2,2,0,2,0,0,0,0,4
353862,isasaweis,,2,0,2,2,0,2,0,0,0,0,6
353872,ElEspoileador,,2,0,2,2,0,2,0,0,0,0,0
353882,WeAreFourMinds,,2,0,2,2,0,2,0,0,0,0,0
353934,Maria_Airam5,,2,0,2,2,0,2,0,0,0,0,0
353963,alkayzin_es,,2,0,2,2,0,2,0,0,0,0,0
353968,earprotech,,2,0,2,2,0,2,0,0,0,0,0
353974,BaeGabcikova,,2,0,2,2,0,2,0,0,0,0,0
353990,chromesemantic,,2,0,2,2,0,2,0,0,0,0,0
353991,Adriantejero_,,2,0,2,2,0,2,0,0,0,0,4
353993,Forococina,,2,0,2,2,0,2,0,0,0,0,0
353999,cine_malaga,,2,0,2,2,0,2,0,0,0,0,2
354000,granadacine,,2,0,2,2,0,2,0,0,0,0,0
354001,alandaluzphoto,,2,0,2,2,0,2,0,0,0,0,2
354003,allBcardsLatino,,2,0,2,2,0,2,0,0,0,0,0
354012,Punktual_AK,,2,0,2,2,0,2,0,0,0,0,0
354018,El_Palomitron,,2,0,2,2,0,2,0,0,0,0,6
354021,RedGiantNews,,2,0,2,2,0,2,0,0,0,0,0
354027,Woody_Campbell,,2,0,2,2,0,2,0,0,0,0,6
354028,AccionCine,,2,0,2,2,0,2,0,0,0,0,0
354029,TrailersyEstren,,3,0,3,3,0,3,0,0,0,0,0
354030,ecartelera,,3,0,3,3,0,3,0,0,0,0,0
354031,400butacas,,2,0,2,2,0,2,0,0,0,0,0
354033,cineenserio,,2,0,2,2,0,2,0,0,0,0,5
354037,Dirigido_por,,2,0,2,2,0,2,0,0,0,0,4
354050,Five5photograph,,2,0,2,2,0,2,0,0,0,0,0
354051,atajofestival,,2,0,2,2,0,2,0,0,0,0,0
354060,ElMielecillo,,2,0,2,2,0,2,0,0,0,0,6
354075,flamenkocouk,,2,0,2,2,0,2,0,0,0,0,0
354082,roihombre,,2,0,2,2,0,2,0,0,0,0,0
354085,ymas_eu,,2,0,2,2,0,2,0,0,0,0,6
354090,raqueldlrosario,,2,0,2,2,0,2,0,0,0,0,0
354091,almadigital_es,,2,0,2,2,0,2,0,0,0,0,0
354108,ChakanJenkins,,2,0,2,2,0,2,0,0,0,0,0
354109,Cadabaret,,2,0,2,2,0,2,0,0,0,0,0
354119,La_Morello,,2,0,2,2,0,2,0,0,0,0,0
354122,javierzamorama,,2,0,2,2,0,2,0,0,0,0,0
354137,nereadelteso,,2,0,2,2,0,2,0,0,0,0,0
354142,Neyu_Limon,,2,0,2,2,0,2,0,0,0,0,0
354143,AnaWesli,,2,0,2,2,0,2,0,0,0,0,6
354149,lolamedinaortiz,,2,0,2,2,0,2,0,0,0,0,0
354150,alvarezjoseluis,,2,0,2,2,0,2,0,0,0,0,6
354163,cpappas,,2,0,2,2,0,2,0,0,0,0,7
354164,Area_Tecnologia,,2,0,2,2,0,2,0,0,0,0,6
354180,Bucodente,,2,0,2,2,0,2,0,0,0,0,6
354190,cineptos,,2,0,2,2,0,2,0,0,0,0,0
354193,Luis_Endera,,2,0,2,2,0,2,0,0,0,0,0
354197,CineSublime,,2,0,2,2,0,2,0,0,0,0,0
354204,felicidadbruno,,2,0,2,2,0,2,0,0,0,0,0
354219,lacolonialtex,,2,0,2,2,0,2,0,0,0,0,0
354225,BaikalVisual,,2,0,2,2,0,2,0,0,0,0,0
354231,StudentSpain,,2,0,2,2,0,2,0,0,0,0,0
354232,FotoLaserGR,,3,0,3,3,0,3,0,0,0,0,0
354236,seodecontenidos,,2,0,2,2,0,2,0,0,0,0,0
354238,racamo80,,2,0,2,2,0,2,0,0,0,0,0
354240,MERKAJAMON,,2,0,2,2,0,2,0,0,0,0,0
354241,airedejabugo,,2,0,2,2,0,2,0,0,0,0,0
354246,Dep_NeoAttack,,2,0,2,2,0,2,0,0,0,0,0
354247,Oleodiel,,2,0,2,2,0,2,0,0,0,0,0
354251,AlbertGingerUp,,2,0,2,2,0,2,0,0,0,0,0
354254,MediaSourceMX,,2,0,2,2,0,2,0,0,0,0,0
354259,ImDanielMoran,,2,0,2,2,0,2,0,0,0,0,0
354260,alcasvaz,,2,0,2,2,0,2,0,0,0,0,0
354262,FlavioGarciaSeo,,2,0,2,2,0,2,0,0,0,0,3
354265,jose2seo,,2,0,2,2,0,2,0,0,0,0,6
354270,ZencerCoop,,2,0,2,2,0,2,0,0,0,0,0
354276,GhorbaniAlireza,,2,0,2,2,0,2,0,0,0,0,4
354284,jjblanesmalaga,,2,0,2,2,0,2,0,0,0,0,0
354285,ELuqueDo,,2,0,2,2,0,2,0,0,0,0,0
354286,jmatencia,,2,0,2,2,0,2,0,0,0,0,0
354287,pacorodrigue,,2,0,2,2,0,2,0,0,0,0,0
354288,teoleongross,,2,0,2,2,0,2,0,0,0,0,0
354289,JuanCanoSUR,,2,0,2,2,0,2,0,0,0,0,0
354291,amendezn,,2,0,2,2,0,2,0,0,0,0,0
354292,ReginaSotorrio,,2,0,2,2,0,2,0,0,0,0,0
354293,CurroTroya,,2,0,2,2,0,2,0,0,0,0,0
354296,pilarrquiros,,2,0,2,2,0,2,0,0,0,0,0
354298,noidesur,,2,0,2,2,0,2,0,0,0,0,0
354299,anaperezbryan,,2,0,2,2,0,2,0,0,0,0,0
354300,JoseLiebana,,2,0,2,2,0,2,0,0,0,0,0
354302,PacoGrinan,,2,0,2,2,0,2,0,0,0,0,6
354303,CinetecaMadrid,,2,0,2,2,0,2,0,0,0,0,0
354310,juanraolmos,,2,0,2,2,0,2,0,0,0,0,0
354313,VictorAnaya,,2,0,2,2,0,2,0,0,0,0,0
354315,lasblogenpunto,,2,0,2,2,0,2,0,0,0,0,0
354316,cineinvisib,,2,0,2,2,0,2,0,0,0,0,0
354337,Frikimalismo,,2,0,2,2,0,2,0,0,0,0,4
354339,MuellesdeGoon,,2,0,2,2,0,2,0,0,0,0,0
354341,malagadecine,,2,0,2,2,0,2,0,0,0,0,0
354348,canalCTK,,2,0,2,2,0,2,0,0,0,0,0
354349,MargenesOnline,,2,0,2,2,0,2,0,0,0,0,0
354364,lacircular_,,2,0,2,2,0,2,0,0,0,0,4
354365,AliciaRuizCM,,2,0,2,2,0,2,0,0,0,0,0
354370,Miaumor_apa,,2,0,2,2,0,2,0,0,0,0,0
354372,AuryLondon,,2,0,2,2,0,2,0,0,0,0,0
354378,cicemadrid,,2,0,2,2,0,2,0,0,0,0,4
354379,Trazos,,2,0,2,2,0,2,0,0,0,0,2
354381,inoffgrx,,2,0,2,2,0,2,0,0,0,0,0
354383,Laualm,,2,0,2,2,0,2,0,0,0,0,2
354384,Potoppitta,,2,0,2,2,0,2,0,0,0,0,0
354386,javiercerezo,,2,0,2,2,0,2,0,0,0,0,2
354388,artesvisuales,,2,0,2,2,0,2,0,0,0,0,0
354391,SergioFloresRon,,2,0,2,2,0,2,0,0,0,0,0
354421,onppo_,,2,0,2,2,0,2,0,0,0,0,0
354423,Sarabez,,2,0,2,2,0,2,0,0,0,0,6
354431,imprentarealepe,,2,0,2,2,0,2,0,0,0,0,2
354436,Faico_innova,,2,0,2,2,0,2,0,0,0,0,6
354439,lavozenoffnet,,2,0,2,2,0,2,0,0,0,0,5
354441,Cinemascomics,,2,0,2,2,0,2,0,0,0,0,6
354445,Claquetados,,2,0,2,2,0,2,0,0,0,0,6
354447,Cinemaficionado,,2,0,2,2,0,2,0,0,0,0,6
354448,Objetivocine,,2,0,2,2,0,2,0,0,0,0,0
354456,IndustriadeCine,,2,0,2,2,0,2,0,0,0,0,0
354461,FilmsVertigo,,2,0,2,2,0,2,0,0,0,0,6
354463,guerreroalvaro_,,2,0,2,2,0,2,0,0,0,0,0
354470,Cultura_blog,,2,0,2,2,0,2,0,0,0,0,0
354476,iajimeneza,,2,0,2,2,0,2,0,0,0,0,0
354492,cosmogea,,2,0,2,2,0,2,0,0,0,0,0
354493,FotoService_es,,2,0,2,2,0,2,0,0,0,0,0
354496,MusicAddVideo,,2,0,2,2,0,2,0,0,0,0,0
354498,Cine_VAVEL,,2,0,2,2,0,2,0,0,0,0,6
354516,carEsGue,,2,0,2,2,0,2,0,0,0,0,0
354518,germannm,,2,0,2,2,0,2,0,0,0,0,0
354523,mariadiaz111291,,2,0,2,2,0,2,0,0,0,0,0
354530,brokeredkey,,2,0,2,2,0,2,0,0,0,0,4
354557,usi_sa,,2,0,2,2,0,2,0,0,0,0,0
354561,Maksym,,2,0,2,2,0,2,0,0,0,0,0
354586,JoseLYerbabuena,,2,0,2,2,0,2,0,0,0,0,0
354589,_albamoreno,,2,0,2,2,0,2,0,0,0,0,0
354592,FestSpotExpress,,2,0,2,2,0,2,0,0,0,0,6
354594,VeiaModa,,2,0,2,2,0,2,0,0,0,0,0
354601,MAMolina_22,,2,0,2,2,0,2,0,0,0,0,0
354607,topitrepadora,,2,0,2,2,0,2,0,0,0,0,0
354608,digital_cine,,2,0,2,2,0,2,0,0,0,0,0
354612,FilmsQuiz,,2,0,2,2,0,2,0,0,0,0,0
354615,quinotweet,,2,0,2,2,0,2,0,0,0,0,6
354619,DraMartinezLara,,2,0,2,2,0,2,0,0,0,0,6
354620,cortoloquenunca,,2,0,2,2,0,2,0,0,0,0,0
354631,TodoEsChic,,2,0,2,2,0,2,0,0,0,0,0
354632,iberia_3,,2,0,2,2,0,2,0,0,0,0,5
354645,eventosgranada8,,2,0,2,2,0,2,0,0,0,0,0
354650,BoombastikParty,,2,0,2,2,0,2,0,0,0,0,6
354652,nexofoto2014,,2,0,2,2,0,2,0,0,0,0,0
354653,GnomoVfx,,2,0,2,2,0,2,0,0,0,0,0
354657,MonCoindeMode,,2,0,2,2,0,2,0,0,0,0,0
354659,Alicia_AMMA,,2,0,2,2,0,2,0,0,0,0,6
354662,RP_GRANADA,,2,0,2,2,0,2,0,0,0,0,0
354663,sannicolasgr,,2,0,2,2,0,2,0,0,0,0,0
354666,Econsumocom,,2,0,2,2,0,2,0,0,0,0,0
354671,RocioTapiaMUA,,2,0,2,2,0,2,0,0,0,0,0
354672,isabelaka7,,2,0,2,2,0,2,0,0,0,0,0
354673,dasensio_es,,2,0,2,2,0,2,0,0,0,0,0
354674,MIAMAYA_,,2,0,2,2,0,2,0,0,0,0,4
354676,BelliceEdit,,2,0,2,2,0,2,0,0,0,0,0
354677,Anahis_anainma,,2,0,2,2,0,2,0,0,0,0,6
354678,Tecno_Sat,,2,0,2,2,0,2,0,0,0,0,0
354679,tunacienciasugr,,2,0,2,2,0,2,0,0,0,0,6
354680,A7cinemistica,,2,0,2,2,0,2,0,0,0,0,6
354682,Animacomic,,2,0,2,2,0,2,0,0,0,0,0
354683,MalagaCineBlog,,2,0,2,2,0,2,0,0,0,0,0
354692,ElDiaMasCorto,,2,0,2,2,0,2,0,0,0,0,4
354696,lyosabizarre,,3,0,3,3,0,3,0,0,0,0,0
354699,Cristina_QS,,2,0,2,2,0,2,0,0,0,0,0
354701,Artecarbel,,2,0,2,2,0,2,0,0,0,0,0
354704,wunderbaum,,2,0,2,2,0,2,0,0,0,0,4
354711,id20es,,2,0,2,2,0,2,0,0,0,0,6
354718,_FrasesDeCine,,2,0,2,2,0,2,0,0,0,0,0
354721,photocertamen,,2,0,2,2,0,2,0,0,0,0,0
354722,Esmeraldasmart,,2,0,2,2,0,2,0,0,0,0,0
354726,3yaccion,,2,0,2,2,0,2,0,0,0,0,0
354728,masshenta,,2,0,2,2,0,2,0,0,0,0,6
354729,Radical_Image,,2,0,2,2,0,2,0,0,0,0,0
354732,FannySchiele,,2,0,2,2,0,2,0,0,0,0,0
354736,CarmelaML,,2,0,2,2,0,2,0,0,0,0,6
354738,conachede,,2,0,2,2,0,2,0,0,0,0,4
354739,HolaDixit,,2,0,2,2,0,2,0,0,0,0,0
354742,porXrazones,,2,0,2,2,0,2,0,0,0,0,0
354743,KaputtVe,,2,0,2,2,0,2,0,0,0,0,0
354744,MoisesTunon,,2,0,2,2,0,2,0,0,0,0,0
354746,mundrop3D,,2,0,2,2,0,2,0,0,0,0,6
354748,academiasCOM,,2,0,2,2,0,2,0,0,0,0,0
354750,Teatroavoces,,2,0,2,2,0,2,0,0,0,0,0
354753,Cafe_Latino_,,2,0,2,2,0,2,0,0,0,0,0
354755,AnaTorresA,,2,0,2,2,0,2,0,0,0,0,0
354759,Thruik,,2,0,2,2,0,2,0,0,0,0,0
354765,doiserofi,,2,0,2,2,0,2,0,0,0,0,6
354769,finalcutproes,,2,0,2,2,0,2,0,0,0,0,0
354777,BCNComedyClub,,2,0,2,2,0,2,0,0,0,0,0
354789,TodoMaridaje,,2,0,2,2,0,2,0,0,0,0,0
354791,Emmeritweb,,2,0,2,2,0,2,0,0,0,0,0
354798,AlKiimiKa,,2,0,2,2,0,2,0,0,0,0,0
354800,Carmenjoliva,,2,0,2,2,0,2,0,0,0,0,6
354801,bgofigares,,2,0,2,2,0,2,0,0,0,0,0
354803,Unnium,,2,0,2,2,0,2,0,0,0,0,0
354805,cinelosvergeles,,2,0,2,2,0,2,0,0,0,0,1
354811,guilleboon82,,2,0,2,2,0,2,0,0,0,0,0
354823,memoriagranada,,2,0,2,2,0,2,0,0,0,0,0
354826,GISur2012,,2,0,2,2,0,2,0,0,0,0,0
354832,cerezaguinda,,2,0,2,2,0,2,0,0,0,0,6
354842,PiornoFest,,2,0,2,2,0,2,0,0,0,0,0
354844,AjedreaCosmetic,,2,0,2,2,0,2,0,0,0,0,0
354862,olgamarba,,2,0,2,2,0,2,0,0,0,0,0
354863,Fbrica_Creativa,,2,0,2,2,0,2,0,0,0,0,0
354864,juegoslegendari,,3,0,3,3,0,3,0,0,0,0,0
354871,PixelTheoryFilm,,2,0,2,2,0,2,0,0,0,0,0
354876,AdriSola,,2,0,2,2,0,2,0,0,0,0,0
354878,TerribleDeShoro,,2,0,2,2,0,2,0,0,0,0,0
354879,Mujerenlaluna,,2,0,2,2,0,2,0,0,0,0,6
354883,NRebollar,,2,0,2,2,0,2,0,0,0,0,0
354892,escac,,2,0,2,2,0,2,0,0,0,0,0
354895,Gavilan_PT,,2,0,2,2,0,2,0,0,0,0,6
354896,Audio_Packs,,2,0,2,2,0,2,0,0,0,0,0
354897,GESTFormacion,,2,0,2,2,0,2,0,0,0,0,6
354898,c_verbena,,2,0,2,2,0,2,0,0,0,0,0
354902,Costa_Perruquer,,2,0,2,2,0,2,0,0,0,0,0
354909,Nubelo,,2,0,2,2,0,2,0,0,0,0,0
354910,marpri17,,2,0,2,2,0,2,0,0,0,0,0
354916,cssblog_es,,2,0,2,2,0,2,0,0,0,0,0
354920,todocine,,2,0,2,2,0,2,0,0,0,0,0
354923,cocederodecine,,2,0,2,2,0,2,0,0,0,0,0
354925,AzaharaVb,,2,0,2,2,0,2,0,0,0,0,0
354931,juanmitagranada,,2,0,2,2,0,2,0,0,0,0,0
354932,Rosama_Torres,,2,0,2,2,0,2,0,0,0,0,0
354933,alejandraaydee,,2,0,2,2,0,2,0,0,0,0,0
354936,saramandrazu,,2,0,2,2,0,2,0,0,0,0,6
354942,monyka_sg,,2,0,2,2,0,2,0,0,0,0,0
354944,carlosdr_16,,2,0,2,2,0,2,0,0,0,0,0
354945,Carl0sPereira,,2,0,2,2,0,2,0,0,0,0,0
354949,REMediavilla,,2,0,2,2,0,2,0,0,0,0,4
354951,TLcursos,,2,0,2,2,0,2,0,0,0,0,4
354953,Diredefoto,,2,0,2,2,0,2,0,0,0,0,0
354963,Plataforma48,,2,0,2,2,0,2,0,0,0,0,0
354968,JMarinov,,2,0,2,2,0,2,0,0,0,0,2
354973,eltipografo,,2,0,2,2,0,2,0,0,0,0,0
354983,edea44,,2,0,2,2,0,2,0,0,0,0,6
354987,hotelvoy,,2,0,2,2,0,2,0,0,0,0,0
354989,kuska,,2,0,2,2,0,2,0,0,0,0,0
355000,JoclarBH,,2,0,2,2,0,2,0,0,0,0,3
355010,ACGilabert,,2,0,2,2,0,2,0,0,0,0,6
355011,IsahMonkeys,,2,0,2,2,0,2,0,0,0,0,2
355018,CEOGestama,,2,0,2,2,0,2,0,0,0,0,6
355019,FernanRuedaS,,2,0,2,2,0,2,0,0,0,0,6
355022,Reeditor_com,,3,0,3,3,0,3,0,0,0,0,0
355025,GESTAMA,,2,0,2,2,0,2,0,0,0,0,6
355026,Dermavan,,3,0,3,3,0,3,0,0,0,0,2
355027,la_roisin,,2,0,2,2,0,2,0,0,0,0,0
355031,FARSALIBRO,,2,0,2,2,0,2,0,0,0,0,6
355033,lapaguer,,2,0,2,2,0,2,0,0,0,0,0
355037,MariangelesRoGo,,2,0,2,2,0,2,0,0,0,0,0
355040,concursosdefoto,,2,0,2,2,0,2,0,0,0,0,0
355041,saul_ripoll,,3,0,3,3,0,3,0,0,0,0,0
355043,CineramaEs,,2,0,2,2,0,2,0,0,0,0,0
355045,CortosRodinia,,2,0,2,2,0,2,0,0,0,0,0
355053,vessmedia,,2,0,2,2,0,2,0,0,0,0,0
355054,ShortRoundfilm,,2,0,2,2,0,2,0,0,0,0,0
355056,AlbertoQueroM,,2,0,2,2,0,2,0,0,0,0,6
355057,martuky91,,2,0,2,2,0,2,0,0,0,0,6
355059,ProyectoZ_CF,,2,0,2,2,0,2,0,0,0,0,6
355060,ZeferinoLights,,2,0,2,2,0,2,0,0,0,0,0
355067,dentrocine,,2,0,2,2,0,2,0,0,0,0,0
355068,shavielmusic,,2,0,2,2,0,2,0,0,0,0,0
355072,LigaFutbol7Gran,,2,0,2,2,0,2,0,0,0,0,0
355074,5Planesofficial,,2,0,2,2,0,2,0,0,0,0,0
355079,AlexBoada,,2,0,2,2,0,2,0,0,0,0,4
355084,Camaralia,,2,0,2,2,0,2,0,0,0,0,0
355087,obaidassg,,2,0,2,2,0,2,0,0,0,0,0
355088,lahuellapuntoes,,2,0,2,2,0,2,0,0,0,0,0
355096,PedrovNL,,2,0,2,2,0,2,0,0,0,0,0
355100,omnifoto,,2,0,2,2,0,2,0,0,0,0,6
355102,somoscustom,,2,0,2,2,0,2,0,0,0,0,0
355108,CristinaBrondo_,,2,0,2,2,0,2,0,0,0,0,0
355110,PEstarli,,2,0,2,2,0,2,0,0,0,0,0
355126,noticiascine,,2,0,2,2,0,2,0,0,0,0,0
355133,EstudioLaBase,,2,0,2,2,0,2,0,0,0,0,0
355140,catalanfilms,,2,0,2,2,0,2,0,0,0,0,4
355141,Libros8ymedio,,2,0,2,2,0,2,0,0,0,0,0
355143,El_Calendario,,2,0,2,2,0,2,0,0,0,0,2
355145,AsAsbooking,,2,0,2,2,0,2,0,0,0,0,0
355149,canhailla,,2,0,2,2,0,2,0,0,0,0,4
355154,Gimnasio_Imagen,,2,0,2,2,0,2,0,0,0,0,0
355156,tshowerbae,,2,0,2,2,0,2,0,0,0,0,0
355159,ONclub_,,2,0,2,2,0,2,0,0,0,0,0
355164,talentorama,,2,0,2,2,0,2,0,0,0,0,6
355165,rlopezperez,,2,0,2,2,0,2,0,0,0,0,0
355175,AcdcUgr,,2,0,2,2,0,2,0,0,0,0,6
355179,DjHOSO,,2,0,2,2,0,2,0,0,0,0,6
355180,atresmediacine,,2,0,2,2,0,2,0,0,0,0,6
355181,JuanJoRivas_,,2,0,2,2,0,2,0,0,0,0,0
355185,LudivikoPinto,,2,0,2,2,0,2,0,0,0,0,4
355193,Mundodelseguro,,2,0,2,2,0,2,0,0,0,0,2
355194,CBucleWhile,,2,0,2,2,0,2,0,0,0,0,0
355197,MainAdvisers,,2,0,2,2,0,2,0,0,0,0,0
355207,santiagomeral,,2,0,2,2,0,2,0,0,0,0,6
355209,rupejo86,,2,0,2,2,0,2,0,0,0,0,0
355214,ImagenNucleo,,2,0,2,2,0,2,0,0,0,0,0
355215,AngelGBernardi,,2,0,2,2,0,2,0,0,0,0,0
355220,dobletrama,,2,0,2,2,0,2,0,0,0,0,0
355222,storresruiz,,2,0,2,2,0,2,0,0,0,0,0
355223,adriandlfl78,,2,0,2,2,0,2,0,0,0,0,0
355224,plazapj,,2,0,2,2,0,2,0,0,0,0,6
355228,makinguclm,,2,0,2,2,0,2,0,0,0,0,4
355229,GiorgioFasulo,,2,0,2,2,0,2,0,0,0,0,0
355231,ComunicacionyDi,,2,0,2,2,0,2,0,0,0,0,0
355233,FICPuebla,,2,0,2,2,0,2,0,0,0,0,0
355235,ClagAudiovisual,,2,0,2,2,0,2,0,0,0,0,4
355237,espaciodelibros,,2,0,2,2,0,2,0,0,0,0,4
355246,pelomultinivel,,2,0,2,2,0,2,0,0,0,0,0
355250,TheBasedUpdate,,2,0,2,2,0,2,0,0,0,0,2
355252,hotelesmascotas,,2,0,2,2,0,2,0,0,0,0,4
355260,Codisformacion,,2,0,2,2,0,2,0,0,0,0,0
355268,GmezCoral,,2,0,2,2,0,2,0,0,0,0,6
355269,Jose_Anguita,,2,0,2,2,0,2,0,0,0,0,0
355272,MarioOjeda4,,2,0,2,2,0,2,0,0,0,0,0
355275,Copea_Primavera,,2,0,2,2,0,2,0,0,0,0,0
355278,colbrain,,2,0,2,2,0,2,0,0,0,0,6
355288,OroLibros,,2,0,2,2,0,2,0,0,0,0,6
355290,CineICAA,,2,0,2,2,0,2,0,0,0,0,0
355296,DaddyToysES,,2,0,2,2,0,2,0,0,0,0,4
355300,resourcemedia,,2,0,2,2,0,2,0,0,0,0,7
355303,TransfersPrint,,2,0,2,2,0,2,0,0,0,0,0
355304,PideCurso,,2,0,2,2,0,2,0,0,0,0,0
355305,cugar190,,2,0,2,2,0,2,0,0,0,0,6
355311,fotografiaspain,,3,0,3,3,0,3,0,0,0,0,4
355312,fide,,2,0,2,2,0,2,0,0,0,0,0
355314,GeoRemindMe,,2,0,2,2,0,2,0,0,0,0,6
355315,webcongress,,2,0,2,2,0,2,0,0,0,0,0
355316,ValetudoDVD,,2,0,2,2,0,2,0,0,0,0,0
355317,jesuscastill,,2,0,2,2,0,2,0,0,0,0,0
355321,tutecnicograna,,2,0,2,2,0,2,0,0,0,0,0
355333,estrenosdecine_,,2,0,2,2,0,2,0,0,0,0,0
355335,LaScript,,2,0,2,2,0,2,0,0,0,0,0
355355,MagnetReleasing,,2,0,2,2,0,2,0,0,0,0,0
355358,FS_Espana,,2,0,2,2,0,2,0,0,0,0,4
355360,jbalaguero,,2,0,2,2,0,2,0,0,0,0,0
355361,montxoarmendari,,2,0,2,2,0,2,0,0,0,0,0
355362,EPcine,,2,0,2,2,0,2,0,0,0,0,0
355364,CineActual,,2,0,2,2,0,2,0,0,0,0,0
355371,Patricia_izq,,2,0,2,2,0,2,0,0,0,0,0
355373,SamuMartinLopez,,2,0,2,2,0,2,0,0,0,0,0
355375,aaronalejandro,,2,0,2,2,0,2,0,0,0,0,0
355380,Cinefagos,,2,0,2,2,0,2,0,0,0,0,0
355382,elviramiralles,,2,0,2,2,0,2,0,0,0,0,0
355385,gescaem,,2,0,2,2,0,2,0,0,0,0,4
355388,AnaAcostaAcosta,,2,0,2,2,0,2,0,0,0,0,0
355390,TecTendencias,,2,0,2,2,0,2,0,0,0,0,4
355391,PersonaEmpresas,,2,0,2,2,0,2,0,0,0,0,4
355392,Stevemilesjr,,2,0,2,2,0,2,0,0,0,0,3
355393,locoporelcine,,2,0,2,2,0,2,0,0,0,0,0
355394,cineralia,,2,0,2,2,0,2,0,0,0,0,6
355395,el7arte,,2,0,2,2,0,2,0,0,0,0,0
355396,labutaca,,2,0,2,2,0,2,0,0,0,0,0
355401,WEDOcreaciones,,2,0,2,2,0,2,0,0,0,0,0
355403,BasilioArt,,2,0,2,2,0,2,0,0,0,0,0
355406,InfoCde,,2,0,2,2,0,2,0,0,0,0,0
355411,lagranimprenta,,2,0,2,2,0,2,0,0,0,0,0
355412,miradasdecine,,2,0,2,2,0,2,0,0,0,0,0
355415,HelloFriki,,2,0,2,2,0,2,0,0,0,0,6
355416,VictorMYeste,,2,0,2,2,0,2,0,0,0,0,6
355418,titomaho,,2,0,2,2,0,2,0,0,0,0,4
355421,mip72,,2,0,2,2,0,2,0,0,0,0,0
355430,Afluente1,,2,0,2,2,0,2,0,0,0,0,0
355432,findcreatives,,2,0,2,2,0,2,0,0,0,0,2
355433,alberto_uea,,2,0,2,2,0,2,0,0,0,0,0
355437,AlvaroGarpe,,2,0,2,2,0,2,0,0,0,0,0
355442,FirfilSanchez,,2,0,2,2,0,2,0,0,0,0,0
355448,EspectaculosGra,,2,0,2,2,0,2,0,0,0,0,0
355449,MARIANGELSRB,,2,0,2,2,0,2,0,0,0,0,0
355453,guionista2011,,2,0,2,2,0,2,0,0,0,0,0
355465,bigopo,,2,0,2,2,0,2,0,0,0,0,0
355470,twixttor,,2,0,2,2,0,2,0,0,0,0,0
355478,canalcursos_com,,2,0,2,2,0,2,0,0,0,0,4
355479,EFECTO_AV,,2,0,2,2,0,2,0,0,0,0,0
355483,mdelmarfdealba,,2,0,2,2,0,2,0,0,0,0,6
355484,Circulo_Bipolar,,2,0,2,2,0,2,0,0,0,0,6
355486,Carmenrnovi,,2,0,2,2,0,2,0,0,0,0,0
355488,atrap_hada,,2,0,2,2,0,2,0,0,0,0,0
355489,nasiocs,,2,0,2,2,0,2,0,0,0,0,6
355491,PalaciodelCine_,,2,0,2,2,0,2,0,0,0,0,0
355497,aniiturri,,2,0,2,2,0,2,0,0,0,0,6
355501,PedroBahon,,2,0,2,2,0,2,0,0,0,0,0
355502,ryleihs,,2,0,2,2,0,2,0,0,0,0,0
355509,P1R0R,,2,0,2,2,0,2,0,0,0,0,0
355510,Latidocreativo,,3,0,3,3,0,3,0,0,0,0,6
355511,assa_visual,,2,0,2,2,0,2,0,0,0,0,0
355512,Mjetejera,,2,0,2,2,0,2,0,0,0,0,0
355513,Koonkoko,,2,0,2,2,0,2,0,0,0,0,0
355514,anachevere,,2,0,2,2,0,2,0,0,0,0,0
355516,feriaFIEP,,2,0,2,2,0,2,0,0,0,0,4
355517,brugos90,,2,0,2,2,0,2,0,0,0,0,0
355518,FusionDigitalve,,2,0,2,2,0,2,0,0,0,0,0
355519,Ryokodark,,3,0,3,3,0,3,0,0,0,0,6
355520,Oze_Luiz,,2,0,2,2,0,2,0,0,0,0,0
355521,tolteca,,2,0,2,2,0,2,0,0,0,0,4
355522,jomarte,,2,0,2,2,0,2,0,0,0,0,0
355530,ecozinefilmfest,,2,0,2,2,0,2,0,0,0,0,4
355538,PanoramaAV,,2,0,2,2,0,2,0,0,0,0,0
355539,infocine,,2,0,2,2,0,2,0,0,0,0,0
355541,decine21,,2,0,2,2,0,2,0,0,0,0,0
355542,Cine365Films,,2,0,2,2,0,2,0,0,0,0,0
355546,vientosdecine,,2,0,2,2,0,2,0,0,0,0,4
355550,theHouseOfFilms,,2,0,2,2,0,2,0,0,0,0,0
355554,pablobullejos,,2,0,2,2,0,2,0,0,0,0,0
355567,clusterAA,,2,0,2,2,0,2,0,0,0,0,0
355569,TeatrodelLazzi,,2,0,2,2,0,2,0,0,0,0,6
355571,CINEVIVOorg,,2,0,2,2,0,2,0,0,0,0,0
355575,ChapiPiruli,,2,0,2,2,0,2,0,0,0,0,6
355576,GranadaDesigner,,2,0,2,2,0,2,0,0,0,0,0
355582,zonanatural,,2,0,2,2,0,2,0,0,0,0,0
355585,AportaC,,2,0,2,2,0,2,0,0,0,0,0
355587,MaYLu_RaSo,,2,0,2,2,0,2,0,0,0,0,0
355588,airedeparis,,2,0,2,2,0,2,0,0,0,0,0
355589,SuGarrido,,2,0,2,2,0,2,0,0,0,0,0
355590,TM_System,,3,0,3,3,0,3,0,0,0,0,0
355591,Bahu_vrihi,,2,0,2,2,0,2,0,0,0,0,0
355592,GuerraEnRED,,2,0,2,2,0,2,0,0,0,0,0
355593,Canarilha,,2,0,2,2,0,2,0,0,0,0,6
355597,Diesursl,,2,0,2,2,0,2,0,0,0,0,0
355600,ValeskaGranada,,2,0,2,2,0,2,0,0,0,0,0
355601,Karumen_karumen,,2,0,2,2,0,2,0,0,0,0,6
355602,JuanjoChoco,,2,0,2,2,0,2,0,0,0,0,0
355603,FlamencoGrana,,2,0,2,2,0,2,0,0,0,0,0
355604,adrivaz_,,2,0,2,2,0,2,0,0,0,0,0
355605,alvar501,,2,0,2,2,0,2,0,0,0,0,0
355606,MildSmilesink,,2,0,2,2,0,2,0,0,0,0,0
355614,javierharo,,2,0,2,2,0,2,0,0,0,0,0
355617,bebecillas,,2,0,2,2,0,2,0,0,0,0,5
355618,wgiazda,,2,0,2,2,0,2,0,0,0,0,0
355620,encarnitorres,,2,0,2,2,0,2,0,0,0,0,0
355622,Zebra_AV,,3,0,3,3,0,3,0,0,0,0,6
355625,richardmorillas,,2,0,2,2,0,2,0,0,0,0,0
355627,yolandanieto,,3,0,3,3,0,3,0,0,0,0,0
355628,FuenciX,,2,0,2,2,0,2,0,0,0,0,0
355630,egeria80,,2,0,2,2,0,2,0,0,0,0,0
355631,ervija,,2,0,2,2,0,2,0,0,0,0,0
355632,Gasoleos,,2,0,2,2,0,2,0,0,0,0,6
355633,Infostudio_3D,,2,0,2,2,0,2,0,0,0,0,0
355635,VictorEspigares,,2,0,2,2,0,2,0,0,0,0,0
355638,cifunet,,3,0,3,3,0,3,0,0,0,0,6
355639,maseru73,,3,0,3,3,0,3,0,0,0,0,0
355640,TintaRed,,2,0,2,2,0,2,0,0,0,0,0
355642,Pabloss75,,2,0,2,2,0,2,0,0,0,0,0
355644,AsInevitable,,2,0,2,2,0,2,0,0,0,0,0
355645,JoseACampana,,3,0,3,3,0,3,0,0,0,0,0
355646,mariaphi,,2,0,2,2,0,2,0,0,0,0,0
355647,BASMOVE,,2,0,2,2,0,2,0,0,0,0,6
355648,Trini_Hills,,2,0,2,2,0,2,0,0,0,0,6
355649,mariagonqui,,2,0,2,2,0,2,0,0,0,0,0
355651,HitayArcos,,2,0,2,2,0,2,0,0,0,0,0
355652,Garciolo,,3,0,3,3,0,3,0,0,0,0,0
355654,mariioos,,2,0,2,2,0,2,0,0,0,0,0
355656,AlbaSFDC,,2,0,2,2,0,2,0,0,0,0,0
355657,fueraofuese,,2,0,2,2,0,2,0,0,0,0,0
355658,followmiguel,,2,0,2,2,0,2,0,0,0,0,0
355660,Franquelomon,,2,0,2,2,0,2,0,0,0,0,0
355667,AlexTC1_J,,2,0,2,2,0,2,0,0,0,0,0
355673,RaquelCantos,,2,0,2,2,0,2,0,0,0,0,0
355675,juanicolamiel,,2,0,2,2,0,2,0,0,0,0,0
355677,AlgonEditores,,2,0,2,2,0,2,0,0,0,0,0
355681,Viryir,,2,0,2,2,0,2,0,0,0,0,5
355683,Afrikoski,,2,0,2,2,0,2,0,0,0,0,0
355684,PekAnabel,,2,0,2,2,0,2,0,0,0,0,0
355686,marcosjulian8,,2,0,2,2,0,2,0,0,0,0,0
355688,lamurgadenito,,2,0,2,2,0,2,0,0,0,0,0
355690,MDaviip,,2,0,2,2,0,2,0,0,0,0,6
355691,duermesimon,,2,0,2,2,0,2,0,0,0,0,6
355696,estifllovs,,2,0,2,2,0,2,0,0,0,0,4
355701,rayadesvarios,,2,0,2,2,0,2,0,0,0,0,0
355702,chinlover12,,2,0,2,2,0,2,0,0,0,0,0
355703,smate64,,2,0,2,2,0,2,0,0,0,0,6
355704,RCastilloS,,2,0,2,2,0,2,0,0,0,0,6
355708,paterosrock,,2,0,2,2,0,2,0,0,0,0,0
355709,AnuskaRB,,2,0,2,2,0,2,0,0,0,0,0
355711,Antarikanaria,,2,0,2,2,0,2,0,0,0,0,0
355713,jrugarc,,2,0,2,2,0,2,0,0,0,0,4
355720,LoloSulayro,,2,0,2,2,0,2,0,0,0,0,0
355728,enkacorrales,,2,0,2,2,0,2,0,0,0,0,0
355730,apdieteticos,,2,0,2,2,0,2,0,0,0,0,0
355742,soyunasupernova,,2,0,2,2,0,2,0,0,0,0,0
355743,voz_en_off_,,2,0,2,2,0,2,0,0,0,0,6
355746,Estrenos21,,2,0,2,2,0,2,0,0,0,0,0
355748,morenafilms,,2,0,2,2,0,2,0,0,0,0,6
355750,estrenosdcine,,2,0,2,2,0,2,0,0,0,0,0
355751,BoxOfficeSpain,,2,0,2,2,0,2,0,0,0,0,0
355753,Cinefiloes,,2,0,2,2,0,2,0,0,0,0,0
355754,cineycine,,2,0,2,2,0,2,0,0,0,0,6
355755,FCAT_CineAfrica,,2,0,2,2,0,2,0,0,0,0,6
355763,PuntodVistaFest,,2,0,2,2,0,2,0,0,0,0,0
355764,engranajes,,2,0,2,2,0,2,0,0,0,0,1
355767,fantasmagoriaff,,2,0,2,2,0,2,0,0,0,0,0
355768,CineBlogEs,,2,0,2,2,0,2,0,0,0,0,4
355773,demasiadocine,,2,0,2,2,0,2,0,0,0,0,0
355775,RebecaSola,,2,0,2,2,0,2,0,0,0,0,0
355777,ES_RADIO_GR,,2,0,2,2,0,2,0,0,0,0,0
355784,pintoconluz,,2,0,2,2,0,2,0,0,0,0,0
355785,ireneaybar,,3,0,3,3,0,3,0,0,0,0,0
355789,rodion19,,2,0,2,2,0,2,0,0,0,0,0
355791,sariiyaa,,2,0,2,2,0,2,0,0,0,0,6
355796,LocationsSpain,,2,0,2,2,0,2,0,0,0,0,0
355799,tertulia,,2,0,2,2,0,2,0,0,0,0,0
355800,mascogo,,2,0,2,2,0,2,0,0,0,0,0
355801,Videos_Espana,,2,0,2,2,0,2,0,0,0,0,0
355837,LorenzAmato,,2,0,2,2,0,2,0,0,0,0,3
355838,giacomo_darrigo,,2,0,2,2,0,2,0,0,0,0,3
355839,Andrea_Picciolo,,2,0,2,2,0,2,0,0,0,0,3
355840,TitoHyerace,,2,0,2,2,0,2,0,0,0,0,3
355843,SOS_Vivienda,,2,0,2,2,0,2,0,0,0,0,3
355845,thetallestuser,,2,0,2,2,0,2,0,0,0,0,3
355847,amarrella,,2,0,2,2,0,2,0,0,0,0,3
355848,francescorusso,,2,0,2,2,0,2,0,0,0,0,3
355889,energelia,,2,0,2,2,0,2,0,0,0,0,4
355890,CENER_Energia,,3,0,3,3,0,3,0,0,0,0,4
355891,renovarte,,2,0,2,2,0,2,0,0,0,0,4
355892,BBVAPrensa,,2,0,2,2,0,2,0,0,0,0,4
355893,NaturgyPrensaEs,,2,0,2,2,0,2,0,0,0,0,4
355901,CultivaMedicina,,2,0,2,2,0,2,0,0,0,0,2
355912,FranBVG,,2,0,2,2,0,2,0,0,0,0,4
355933,jardineshervas,,2,0,2,2,0,2,0,0,0,0,4
356021,hogarmania,,2,0,2,2,0,2,0,0,0,0,4
356024,floresyplantasb,,2,0,2,2,0,2,0,0,0,0,2
356043,guiajardineria,,2,0,2,2,0,2,0,0,0,0,0
356044,thyssenkruppHom,,2,0,2,2,0,2,0,0,0,0,4
356046,Ingespro,,2,0,2,2,0,2,0,0,0,0,4
356047,whiskyembrujo,,2,0,2,2,0,2,0,0,0,0,4
356048,Gr_cofrade,,3,0,3,3,0,3,0,0,0,0,4
356051,Pandora_Granada,,3,0,3,3,0,3,0,0,0,0,4
356052,granada_guia,,3,0,3,3,0,3,0,0,0,0,4
356057,isemcospain,,2,0,2,2,0,2,0,0,0,0,4
356058,gcgdq,,2,0,2,2,0,2,0,0,0,0,4
356062,CarlosFuente1,,2,0,2,2,0,2,0,0,0,0,4
356065,protocolovista,,2,0,2,2,0,2,0,0,0,0,4
356098,gharziak,,2,0,2,2,0,2,0,0,0,0,6
356100,Eslocuraporti,,2,0,2,2,0,2,0,0,0,0,6
356107,StdvGr,,2,0,2,2,0,2,0,0,0,0,6
356110,Cristealer,,2,0,2,2,0,2,0,0,0,0,6
356112,Fucktastic13,,2,0,2,2,0,2,0,0,0,0,8
356113,universolamaga,,3,0,3,3,0,3,0,0,0,0,6
356121,MarioMerinoG,,2,0,2,2,0,2,0,0,0,0,6
356127,AnaValverdeKrki,,2,0,2,2,0,2,0,0,0,0,6
356154,PabloAloP,,2,0,2,2,0,2,0,0,0,0,6
356159,TheMikasTheory,,2,0,2,2,0,2,0,0,0,0,8
356165,reporterremoto,,2,0,2,2,0,2,0,0,0,0,6
356167,AntonioGuzmanDi,,2,0,2,2,0,2,0,0,0,0,3
356169,Doc_Peter_,,2,0,2,2,0,2,0,0,0,0,6
356186,_NiedzielaGH16_,,2,0,2,2,0,2,0,0,0,0,6
356187,DVeraMusic,,2,0,2,2,0,2,0,0,0,0,6
356188,toni_lr92,,2,0,2,2,0,2,0,0,0,0,6
356195,equiequitapang,,2,0,2,2,0,2,0,0,0,0,6
356230,Instagmen,,2,0,2,2,0,2,0,0,0,0,6
356239,vuelcapeta,,2,0,2,2,0,2,0,0,0,0,3
356240,j_vgar,,2,0,2,2,0,2,0,0,0,0,3
356247,churrianabanda,,2,0,2,2,0,2,0,0,0,0,0
356271,SobrelamesaBlog,,2,0,2,2,0,2,0,0,0,0,6
356276,YairEMerip,,2,0,2,2,0,2,0,0,0,0,2
356287,curiosidadesn24,,2,0,2,2,0,2,0,0,0,0,6
356296,mspfloyd,,2,0,2,2,0,2,0,0,0,0,6
356303,EsHeroina,,2,0,2,2,0,2,0,0,0,0,6
356304,ecointeligencia,,2,0,2,2,0,2,0,0,0,0,6
356311,India_Yuridia,,2,0,2,2,0,2,0,0,0,0,6
356318,VersosParaVoz,,2,0,2,2,0,2,0,0,0,0,6
356335,paulasifora,,2,0,2,2,0,2,0,0,0,0,0
356352,EstiloDeChicas,,2,0,2,2,0,2,0,0,0,0,5
356354,pte_continuo,,2,0,2,2,0,2,0,0,0,0,6
356364,Zhonre,,2,0,2,2,0,2,0,0,0,0,6
356365,Sandra04zg,,2,0,2,2,0,2,0,0,0,0,6
356367,DavidSorroche,,3,0,3,3,0,3,0,0,0,0,6
356369,KikeHCab,,2,0,2,2,0,2,0,0,0,0,2
356374,mujeresartistas,,2,0,2,2,0,2,0,0,0,0,6
356378,julisanta_22,,2,0,2,2,0,2,0,0,0,0,6
356381,Auroralonso91,,2,0,2,2,0,2,0,0,0,0,6
356384,rjsacristan,,3,0,3,3,0,3,0,0,0,0,0
356386,disenograficopr,,2,0,2,2,0,2,0,0,0,0,0
356387,graficoworkshop,,2,0,2,2,0,2,0,0,0,0,6
356389,ngimenez_design,,2,0,2,2,0,2,0,0,0,0,6
356392,GranadaSantos,,2,0,2,2,0,2,0,0,0,0,0
356393,ArtsEdGranadaSB,,2,0,2,2,0,2,0,0,0,0,0
356394,ArteWebGranada,,2,0,2,2,0,2,0,0,0,0,0
356396,Grupo_Bribones,,2,0,2,2,0,2,0,0,0,0,6
356397,agendaociogr,,2,0,2,2,0,2,0,0,0,0,6
356407,Bvlxp,,2,0,2,2,0,2,0,0,0,0,6
356410,SoyNovioDeTodas,,2,0,2,2,0,2,0,0,0,0,6
356414,iMicrocuentos,,2,0,2,2,0,2,0,0,0,0,8
356448,NutriologoGiron,,2,0,2,2,0,2,0,0,0,0,6
356458,JaimePalma93,,2,0,2,2,0,2,0,0,0,0,0
356492,ImChampangepapi,,2,0,2,2,0,2,0,0,0,0,6
356508,alexhawkers,,2,0,2,2,0,2,0,0,0,0,0
356509,MissMetaforas,,2,0,2,2,0,2,0,0,0,0,6
356519,MundoDCuriosos,,2,0,2,2,0,2,0,0,0,0,5
356528,iNotasMusicales,,2,0,2,2,0,2,0,0,0,0,6
356531,Mmgermana,,2,0,2,2,0,2,0,0,0,0,6
356534,WalterNajeraG,,2,0,2,2,0,2,0,0,0,0,6
356540,nocheycafe,,2,0,2,2,0,2,0,0,0,0,6
356554,Aldo_Lamorte,,2,0,2,2,0,2,0,0,0,0,6
356564,EventualDjs,,2,0,2,2,0,2,0,0,0,0,6
356567,VidasJovenes,,2,0,2,2,0,2,0,0,0,0,6
356571,mhou_,,2,0,2,2,0,2,0,0,0,0,2
356572,UnosTiposDuros,,2,0,2,2,0,2,0,0,0,0,6
356573,AulaCreactiva,,2,0,2,2,0,2,0,0,0,0,6
356575,versoshits,,3,0,3,3,0,3,0,0,0,0,5
356577,israelico,,2,0,2,2,0,2,0,0,0,0,6
356582,BuenosTextos,,2,0,2,2,0,2,0,0,0,0,6
356588,PeliTuits,,2,0,2,2,0,2,0,0,0,0,6
356589,migue__garrido,,2,0,2,2,0,2,0,0,0,0,6
356592,AMSanCristobal,,2,0,2,2,0,2,0,0,0,0,5
356594,EncantoDeModa,,2,0,2,2,0,2,0,0,0,0,5
356597,tuqueridasocia,,2,0,2,2,0,2,0,0,0,0,0
356605,RafaelCabaliere,,2,0,2,2,0,2,0,0,0,0,6
356607,Asunarill,,2,0,2,2,0,2,0,0,0,0,6
356609,AlbaDelgado05,,2,0,2,2,0,2,0,0,0,0,6
356612,elmendadetuiter,,2,0,2,2,0,2,0,0,0,0,5
356615,noisedox,,2,0,2,2,0,2,0,0,0,0,0
356618,iSomosJovenes,,2,0,2,2,0,2,0,0,0,0,6
356619,Desita88,,2,0,2,2,0,2,0,0,0,0,6
356623,calzimer,,2,0,2,2,0,2,0,0,0,0,4
356630,Owwrlando,,2,0,2,2,0,2,0,0,0,0,6
356648,oscarg_g,,2,0,2,2,0,2,0,0,0,0,0
356655,alumnado_ugr,,2,0,2,2,0,2,0,0,0,0,6
356666,YesoMS,,2,0,2,2,0,2,0,0,0,0,0
356668,josanchez62,,2,0,2,2,0,2,0,0,0,0,6
356687,movilesymas_es,,2,0,2,2,0,2,0,0,0,0,0
356693,gmaroto21,,2,0,2,2,0,2,0,0,0,0,6
356708,GranaFlamenco,,2,0,2,2,0,2,0,0,0,0,6
356736,josebenitez94,,2,0,2,2,0,2,0,0,0,0,6
356767,sympathy_lawyer,,3,0,3,3,0,3,0,0,0,0,0
356786,FranListUTHOPIA,,2,0,2,2,0,2,0,0,0,0,6
356789,NorcCap,,2,0,2,2,0,2,0,0,0,0,6
356802,ClubInversion,,2,0,2,2,0,2,0,0,0,0,0
356805,PACOFERNANDEZ5,,2,0,2,2,0,2,0,0,0,0,6
356809,UthopiaFranB,,2,0,2,2,0,2,0,0,0,0,6
356813,lrjimenezc,,2,0,2,2,0,2,0,0,0,0,4
356839,nacholabarga,,2,0,2,2,0,2,0,0,0,0,0
356848,PacienteCero,,2,0,2,2,0,2,0,0,0,0,6
356866,beitacast,,2,0,2,2,0,2,0,0,0,0,6
356878,AnaNarraspe,,2,0,2,2,0,2,0,0,0,0,1
356884,CristianCarrera,,2,0,2,2,0,2,0,0,0,0,2
356885,EnEquiMental,,2,0,2,2,0,2,0,0,0,0,4
356888,tucoachdeventas,,2,0,2,2,0,2,0,0,0,0,6
356890,Calvo_es,,2,0,2,2,0,2,0,0,0,0,6
356898,comprapublica,,2,0,2,2,0,2,0,0,0,0,6
356899,rcerrada,,2,0,2,2,0,2,0,0,0,0,6
356900,rodrigobarreir,,2,0,2,2,0,2,0,0,0,0,6
356926,AmilcarJara,,2,0,2,2,0,2,0,0,0,0,6
356927,Deberiaserseda,,2,0,2,2,0,2,0,0,0,0,6
356938,UTHOPIA_FranBau,,2,0,2,2,0,2,0,0,0,0,6
356950,coachingfutbol,,2,0,2,2,0,2,0,0,0,0,6
357002,ChampionsTOP,,2,0,2,2,0,2,0,0,0,0,6
357018,invercerdeli,,2,0,2,2,0,2,0,0,0,0,0
357036,footbup___,,2,0,2,2,0,2,0,0,0,0,6
357050,momala_es,,2,0,2,2,0,2,0,0,0,0,6
357051,JoelMolinaExito,,2,0,2,2,0,2,0,0,0,0,0
357056,FranBautiiista,,2,0,2,2,0,2,0,0,0,0,6
357058,abisticks,,2,0,2,2,0,2,0,0,0,0,6
357085,CarlosDavid_MKT,,2,0,2,2,0,2,0,0,0,0,0
357089,gerardeulofeu,,2,0,2,2,0,2,0,0,0,0,5
357090,anagsan,,2,0,2,2,0,2,0,0,0,0,4
357107,RaulListaRosso,,2,0,2,2,0,2,0,0,0,0,6
357110,neteris_company,,2,0,2,2,0,2,0,0,0,0,3
357131,seguridadrescat,,2,0,2,2,0,2,0,0,0,0,0
357132,Danigomezdi,,2,0,2,2,0,2,0,0,0,0,0
357139,DSNSTORE,,2,0,2,2,0,2,0,0,0,0,6
357140,gamerastreator,,2,0,2,2,0,2,0,0,0,0,4
357145,AntonioMartinM,,2,0,2,2,0,2,0,0,0,0,6
357216,ucacb,,2,0,2,2,0,2,0,0,0,0,5
357235,ElMartes1,,2,0,2,2,0,2,0,0,0,0,6
357402,rascaybebe,,2,0,2,2,0,2,0,0,0,0,5
357414,LosBecariosMX,,2,0,2,2,0,2,0,0,0,0,6
357459,FutbolModerno_,,2,0,2,2,0,2,0,0,0,0,6
357461,SentimientoGCF,,2,0,2,2,0,2,0,0,0,0,6
357464,Fotosdefut,,2,0,2,2,0,2,0,0,0,0,6
357482,TipsFutbol,,2,0,2,2,0,2,0,0,0,0,6
357500,_antoniog,,2,0,2,2,0,2,0,0,0,0,2
357503,moisesaldeire9,,2,0,2,2,0,2,0,0,0,0,6
357536,MadridCFyB,,2,0,2,2,0,2,0,0,0,0,5
357544,Libano_FranB,,2,0,2,2,0,2,0,0,0,0,6
357575,sergiolopezz93,,2,0,2,2,0,2,0,0,0,0,6
357583,Codigobox,,2,0,2,2,0,2,0,0,0,0,6
357635,PESUniverse_es,,2,0,2,2,0,2,0,0,0,0,2
357657,Jodete_Mamon,,2,0,2,2,0,2,0,0,0,0,6
357661,YihiRM,,2,0,2,2,0,2,0,0,0,0,2
357679,Xde_PUTOCALBO,,2,0,2,2,0,2,0,0,0,0,6
357684,MikeVazquez14,,2,0,2,2,0,2,0,0,0,0,6
357690,Rumian23,,2,0,2,2,0,2,0,0,0,0,6
357719,CF_Granada,,2,0,2,2,0,2,0,0,0,0,0
357751,Jandra_Lopez,,2,0,2,2,0,2,0,0,0,0,6
357763,Vanesa_afrodyta,,2,0,2,2,0,2,0,0,0,0,6
357770,luhesa5,,2,0,2,2,0,2,0,0,0,0,6
357778,AlbuksFp,,2,0,2,2,0,2,0,0,0,0,4
357780,Cristinagp11,,2,0,2,2,0,2,0,0,0,0,0
357783,Javirodma,,2,0,2,2,0,2,0,0,0,0,0
357785,sophy_rg,,2,0,2,2,0,2,0,0,0,0,0
357788,EstherCanaveral,,2,0,2,2,0,2,0,0,0,0,0
357799,Criss8390,,2,0,2,2,0,2,0,0,0,0,6
357800,trasmilvecesno,,3,0,3,3,0,3,0,0,0,0,0
357801,anairurita,,2,0,2,2,0,2,0,0,0,0,6
357806,AlpujarraMusica,,2,0,2,2,0,2,0,0,0,0,0
357814,pedr0bg,,2,0,2,2,0,2,0,0,0,0,6
357818,nosolocine_,,2,0,2,2,0,2,0,0,0,0,6
357820,granadad10,,2,0,2,2,0,2,0,0,0,0,6
357826,Teremaldonado87,,2,0,2,2,0,2,0,0,0,0,6
357838,JoseCH1986,,2,0,2,2,0,2,0,0,0,0,6
357840,lorcathebest,,2,0,2,2,0,2,0,0,0,0,6
357841,cotrinatrujillo,,2,0,2,2,0,2,0,0,0,0,6
357852,fran_alhama,,2,0,2,2,0,2,0,0,0,0,2
357853,ActualidadChana,,2,0,2,2,0,2,0,0,0,0,6
357859,ericmerville,,2,0,2,2,0,2,0,0,0,0,6
357863,MartaPeregrina,,2,0,2,2,0,2,0,0,0,0,3
357866,JaviPlegue,,2,0,2,2,0,2,0,0,0,0,6
357868,Luigi_jo,,2,0,2,2,0,2,0,0,0,0,5
357870,andreycorcodel,,2,0,2,2,0,2,0,0,0,0,8
357874,carlospierce,,3,0,3,3,0,3,0,0,0,0,6
357880,_marky__,,2,0,2,2,0,2,0,0,0,0,8
357886,Neocrow7,,2,0,2,2,0,2,0,0,0,0,6
357894,JechuuLopez,,2,0,2,2,0,2,0,0,0,0,6
357899,mortega87,,2,0,2,2,0,2,0,0,0,0,5
357900,lufr89,,2,0,2,2,0,2,0,0,0,0,6
357904,Pablo_Lozano6,,2,0,2,2,0,2,0,0,0,0,0
357905,JorgeHengge5,,2,0,2,2,0,2,0,0,0,0,6
357907,Algaoso,,2,0,2,2,0,2,0,0,0,0,6
357908,miguecampos87,,2,0,2,2,0,2,0,0,0,0,0
357909,luishboca_15,,2,0,2,2,0,2,0,0,0,0,6
357912,javimc13,,2,0,2,2,0,2,0,0,0,0,6
357914,TARANTINORR88,,2,0,2,2,0,2,0,0,0,0,6
357915,AdrianRm10,,2,0,2,2,0,2,0,0,0,0,6
357916,RauliyoGM,,2,0,2,2,0,2,0,0,0,0,6
357918,nass17,,2,0,2,2,0,2,0,0,0,0,5
357919,PepeCrovetto,,2,0,2,2,0,2,0,0,0,0,6
357920,AlbertoValeGo,,2,0,2,2,0,2,0,0,0,0,5
357927,cesar__tm,,2,0,2,2,0,2,0,0,0,0,0
357937,nachopama,,2,0,2,2,0,2,0,0,0,0,6
357938,jorge_rodri4,,2,0,2,2,0,2,0,0,0,0,6
357940,jmMarquezMacias,,2,0,2,2,0,2,0,0,0,0,6
357941,GeorgeeGa,,2,0,2,2,0,2,0,0,0,0,0
357942,jose_jeje,,2,0,2,2,0,2,0,0,0,0,0
357943,JMGarcia34,,2,0,2,2,0,2,0,0,0,0,0
357948,AlfonBailon,,2,0,2,2,0,2,0,0,0,0,6
357949,JaviSerrano18,,2,0,2,2,0,2,0,0,0,0,6
357950,GiorgioRamosGG,,2,0,2,2,0,2,0,0,0,0,0
357953,AbelCM9,,2,0,2,2,0,2,0,0,0,0,6
357955,SanromaP,,2,0,2,2,0,2,0,0,0,0,6
357963,PabloAndradedj,,2,0,2,2,0,2,0,0,0,0,0
357965,juanpamoliina7,,2,0,2,2,0,2,0,0,0,0,6
357974,pablopacastell,,2,0,2,2,0,2,0,0,0,0,5
357977,Nievesyo,,2,0,2,2,0,2,0,0,0,0,6
357978,srjcantero,,2,0,2,2,0,2,0,0,0,0,6
357986,PesManiacos,,2,0,2,2,0,2,0,0,0,0,6
358003,marziaaa3,,2,0,2,2,0,2,0,0,0,0,1
358020,ungglobal,,2,0,2,2,0,2,0,0,0,0,2
358026,GSUStudyAbroad,,2,0,2,2,0,2,0,0,0,0,1
358027,TheExperimentWL,,2,0,2,2,0,2,0,0,0,0,1
358035,UTCStudyAbroad,,2,0,2,2,0,2,0,0,0,0,2
358048,LUstudyabroad,,2,0,2,2,0,2,0,0,0,0,7
358049,JWUStudyAbroad,,2,0,2,2,0,2,0,0,0,0,1
358051,BSUstudyabroad,,2,0,2,2,0,2,0,0,0,0,1
358053,StudentCell,,2,0,2,2,0,2,0,0,0,0,1
358055,GoucherGoAbroad,,2,0,2,2,0,2,0,0,0,0,1
358057,WIUStudyAbroad,,2,0,2,2,0,2,0,0,0,0,1
358059,FSUIP,,2,0,2,2,0,2,0,0,0,0,1
358064,UMStudyAbroad,,2,0,2,2,0,2,0,0,0,0,1
358067,IrishAbroad_com,,2,0,2,2,0,2,0,0,0,0,1
358075,MiamiOHabroad,,2,0,2,2,0,2,0,0,0,0,1
358078,spartansabroad,,2,0,2,2,0,2,0,0,0,0,1
358091,ToledoMuseum,,2,0,2,2,0,2,0,0,0,0,4
358129,WSJarts,,2,0,2,2,0,2,0,0,0,0,2
358152,FTLifeArts,,2,0,2,2,0,2,0,0,0,0,3
358209,ItalyEurope24,,2,0,2,2,0,2,0,0,0,0,3
358220,dreamofitaly,,2,0,2,2,0,2,0,0,0,0,3
358251,AnonNewsDE,,2,0,2,2,0,2,0,0,0,0,0
358254,Anon_Germany,,2,0,2,2,0,2,0,0,0,0,0
358261,GermanyinAFG,,2,0,2,2,0,2,0,0,0,0,1
358262,germanysoccer,,2,0,2,2,0,2,0,0,0,0,1
358266,MakeitinGermany,,2,0,2,2,0,2,0,0,0,0,1
358269,GermanyinKHI,,2,0,2,2,0,2,0,0,0,0,1
358270,UKinGermany,,2,0,2,2,0,2,0,0,0,0,1
358286,familyitrips,,2,0,2,2,0,2,0,0,0,0,7
358295,revistatrip,,2,0,2,2,0,2,0,0,0,0,2
358322,ugavetmed,,2,0,2,2,0,2,0,0,0,0,1
358336,FoxCollegeSport,,2,0,2,2,0,2,0,0,0,0,2
358340,CornwallCollege,,2,0,2,2,0,2,0,0,0,0,1
358366,ChiCityColleges,,2,0,2,2,0,2,0,0,0,0,3
358377,CollegeGameDay,,2,0,2,2,0,2,0,0,0,0,2
358395,LNLawSchool,,2,0,2,2,0,2,0,0,0,0,1
358400,RutgersBSchool,,2,0,2,2,0,2,0,0,0,0,3
358412,browardschools,,2,0,2,2,0,2,0,0,0,0,1
358414,FletcherSchool,,2,0,2,2,0,2,0,0,0,0,1
358418,The_SchoolGyrls,,2,0,2,2,0,2,0,0,0,0,1
358426,NewhouseSU,,2,0,2,2,0,2,0,0,0,0,1
358427,Rice_Biz,,2,0,2,2,0,2,0,0,0,0,1
358434,schoolchoicewk,,2,0,2,2,0,2,0,0,0,0,1
358438,UTexasMcCombs,,2,0,2,2,0,2,0,0,0,0,3
358442,NSBAPublicEd,,2,0,2,2,0,2,0,0,0,0,1
358443,SchoolBook,,2,0,2,2,0,2,0,0,0,0,2
358445,ChiPubSchools,,2,0,2,2,0,2,0,0,0,0,1
358447,NYCSchools,,2,0,2,2,0,2,0,0,0,0,1
358580,dw_sports,,2,0,2,2,0,2,0,0,0,0,1
358582,Deadspin,,2,0,2,2,0,2,0,0,0,0,2
358588,YahooSports,,2,0,2,2,0,2,0,0,0,0,2
358590,SInow,,2,0,2,2,0,2,0,0,0,0,2
358671,Blobic_Valencia,,2,0,2,2,0,2,0,0,0,0,1
358672,JetValencia,,2,0,2,2,0,2,0,0,0,0,1
358693,for91days,,2,0,2,2,0,2,0,0,0,0,7
358694,MarietaEvans,,2,0,2,2,0,2,0,0,0,0,1
358698,VLC_Campus,,2,0,2,2,0,2,0,0,0,0,4
358699,firallibrevlc,,2,0,2,2,0,2,0,0,0,0,1
358701,FdEconomiaUV,,2,0,2,2,0,2,0,0,0,0,1
358703,Mistral_Raymond,,2,0,2,2,0,2,0,0,0,0,1
358706,vlcnoticias,,2,0,2,2,0,2,0,0,0,0,1
358707,MiltonValencia,,2,0,2,2,0,2,0,0,0,0,1
358712,826valencia,,2,0,2,2,0,2,0,0,0,0,1
358713,wahwah_valencia,,2,0,2,2,0,2,0,0,0,0,1
358714,ValenciaBlog,,2,0,2,2,0,2,0,0,0,0,2
358716,aftgomes,,2,0,2,2,0,2,0,0,0,0,2
358717,Valencia,,2,0,2,2,0,2,0,0,0,0,1
358718,berkleevalencia,,2,0,2,2,0,2,0,0,0,0,1
358720,valenciamusic,,2,0,2,2,0,2,0,0,0,0,1
358729,CountyGalway,,2,0,2,2,0,2,0,0,0,0,1
358764,CasualTraveling,,2,0,2,2,0,2,0,0,0,0,1
358794,BurbankTourism,,2,0,2,2,0,2,0,0,0,0,2
358805,nantestourisme,,2,0,2,2,0,2,0,0,0,0,1
358813,TourismPinas,,2,0,2,2,0,2,0,0,0,0,0
358841,visitmaine,,2,0,2,2,0,2,0,0,0,0,0
358842,discover_PR,,2,0,2,2,0,2,0,0,0,0,0
358846,VisitVirginia,,2,0,2,2,0,2,0,0,0,0,0
358854,TourismPHL,,2,0,2,2,0,2,0,0,0,0,0
358855,GoWhistler,,2,0,2,2,0,2,0,0,0,0,0
358857,VisitJordan,,2,0,2,2,0,2,0,0,0,0,2
358887,scholarship,,2,0,2,2,0,2,0,0,0,0,1
358906,infoscholarship,,2,0,2,2,0,2,0,0,0,0,7
358908,scholarshipkeys,,2,0,2,2,0,2,0,0,0,0,1
358918,OASscholarships,,2,0,2,2,0,2,0,0,0,0,1
358924,scholarships360,,2,0,2,2,0,2,0,0,0,0,8
358928,ScholarshipsDB,,2,0,2,2,0,2,0,0,0,0,1
358930,Edvisors,,2,0,2,2,0,2,0,0,0,0,8
358932,ScholarMentor,,2,0,2,2,0,2,0,0,0,0,1
358933,Scholarshipscom,,2,0,2,2,0,2,0,0,0,0,1
358948,seguimoseduc,,2,0,2,2,0,2,0,0,0,0,1
358974,preschoolers,,2,0,2,2,0,2,0,0,0,0,1
359000,SOAS,,2,0,2,2,0,2,0,0,0,0,1
359023,StudyInKrakow,,2,0,2,2,0,2,0,0,0,0,1
359030,germanytostudy,,2,0,2,2,0,2,0,0,0,0,1
359032,Erasmusalacarta,,2,0,2,2,0,2,0,0,0,0,6
359037,LithuaniaBasket,,2,0,2,2,0,2,0,0,0,0,2
359044,CNBCWEX,,2,0,2,2,0,2,0,0,0,0,2
359048,CNNGlobalEx,,2,0,2,2,0,2,0,0,0,0,2
359049,globalexchange,,2,0,2,2,0,2,0,0,0,0,7
359050,BradfordEx,,2,0,2,2,0,2,0,0,0,0,2
359055,escenaerasmus,,2,0,2,2,0,2,0,0,0,0,4
359064,UReginaFuture,,2,0,2,2,0,2,0,0,0,0,1
359070,mitsloanies,,2,0,2,2,0,2,0,0,0,0,3
359085,TheStudentPaper,,2,0,2,2,0,2,0,0,0,0,2
359091,studenthubs,,2,0,2,2,0,2,0,0,0,0,1
359097,SPLC,,2,0,2,2,0,2,0,0,0,0,2
359099,AdobeGenCreate,,2,0,2,2,0,2,0,0,0,0,7
359100,wesleyan_u,,2,0,2,2,0,2,0,0,0,0,1
359101,bentleyu,,2,0,2,2,0,2,0,0,0,0,1
359102,uakron,,2,0,2,2,0,2,0,0,0,0,1
359103,mangauniversity,,2,0,2,2,0,2,0,0,0,0,1
359107,MarquetteU,,2,0,2,2,0,2,0,0,0,0,1
359109,tuftsvet,,2,0,2,2,0,2,0,0,0,0,1
359110,ugaunion,,2,0,2,2,0,2,0,0,0,0,1
359116,osaka_univ_e,,2,0,2,2,0,2,0,0,0,0,1
359117,AshfordU,,2,0,2,2,0,2,0,0,0,0,2
359119,UniversalORL,,2,0,2,2,0,2,0,0,0,0,1
359120,uoregon,,2,0,2,2,0,2,0,0,0,0,1
359121,University,,2,0,2,2,0,2,0,0,0,0,1
359123,ERASMUVALENCIA,,2,0,2,2,0,2,0,0,0,0,4
359134,viviralaire,,2,0,2,2,0,2,0,0,0,0,4
359143,AliJhonsons,,2,0,2,2,0,2,0,0,0,0,1
359151,erasmus_cool,,2,0,2,2,0,2,0,0,0,0,4
359152,valenciaerasmus,,2,0,2,2,0,2,0,0,0,0,2
359153,ErasmusVLC_,,2,0,2,2,0,2,0,0,0,0,2
359160,erasmusvalencia,,2,0,2,2,0,2,0,0,0,0,4
359165,CarlosJoaquin,,2,0,2,2,0,2,0,0,0,0,4
359166,thegigigoode,,2,0,2,2,0,2,0,0,0,0,5
359167,jansportnyc,,2,0,2,2,0,2,0,0,0,0,5
359183,YouTubeMexico,,2,0,2,2,0,2,0,0,0,0,4
359193,Fiazgo,,2,0,2,2,0,2,0,0,0,0,6
359212,RockMyWedding,,2,0,2,2,0,2,0,0,0,0,4
359213,BridalMusings,,2,0,2,2,0,2,0,0,0,0,4
359217,ParaEsteFin,,2,0,2,2,0,2,0,0,0,0,4
359222,Fotografo,,2,0,2,2,0,2,0,0,0,0,4
359232,InsurgentesSur,,2,0,2,2,0,2,0,0,0,0,4
359233,elteatro_mx,,2,0,2,2,0,2,0,0,0,0,4
359242,Boy4ME,,2,0,2,2,0,2,0,0,0,0,4
359258,XcaretPark,,2,0,2,2,0,2,0,0,0,0,4
359260,Honesticidio,,2,0,2,2,0,2,0,0,0,0,4
359274,PabloHernandezO,,2,0,2,2,0,2,0,0,0,0,4
359293,ggiaco,,2,0,2,2,0,2,0,0,0,0,4
359302,oscardelvallepr,,2,0,2,2,0,2,0,0,0,0,4
359322,CovidCdmx,,2,0,2,2,0,2,0,0,0,0,4
359327,Publicidadlinea,,2,0,2,2,0,2,0,0,0,0,4
359342,sopitas,,3,0,3,3,0,3,0,0,0,0,4
359343,gpbolde,,2,0,2,2,0,2,0,0,0,0,4
359348,Reporte_Indigo,,2,0,2,2,0,2,0,0,0,0,4
359349,Cesardelacruzb,,2,0,2,2,0,2,0,0,0,0,4
359371,SimplesComillas,,2,0,2,2,0,2,0,0,0,0,5
359416,nelagarnela,,2,0,2,2,0,2,0,0,0,0,5
359424,edfisica30,,2,0,2,2,0,2,0,0,0,0,5
359427,EMTfemerides,,2,0,2,2,0,2,0,0,0,0,5
359429,DictadoresSA,,2,0,2,2,0,2,0,0,0,0,5
359438,badischezeitung,,2,0,2,2,0,2,0,0,0,0,5
359441,r4six,,2,0,2,2,0,2,0,0,0,0,5
359444,pallares17,,2,0,2,2,0,2,0,0,0,0,5
359447,lalibreta,,2,0,2,2,0,2,0,0,0,0,5
359450,SRHoteles,,2,0,2,2,0,2,0,0,0,0,0
359451,ArabelujHotel,,2,0,2,2,0,2,0,0,0,0,6
359454,BaobabEventos,,2,0,2,2,0,2,0,0,0,0,0
359456,CarmenFavores,,2,0,2,2,0,2,0,0,0,0,0
359457,Davidsotoro,,2,0,2,2,0,2,0,0,0,0,0
359458,pplu_fdez,,2,0,2,2,0,2,0,0,0,0,0
359461,SP_Guillermo,,2,0,2,2,0,2,0,0,0,0,4
359466,firmvm,,2,0,2,2,0,2,0,0,0,0,0
359473,rte_almafuerte,,2,0,2,2,0,2,0,0,0,0,0
359478,relguerra,,2,0,2,2,0,2,0,0,0,0,6
359479,alacenaloja,,2,0,2,2,0,2,0,0,0,0,0
359481,ANASOLA1983,,2,0,2,2,0,2,0,0,0,0,0
359483,ogade_asesores,,2,0,2,2,0,2,0,0,0,0,0
359484,AlegnaLiveReef,,2,0,2,2,0,2,0,0,0,0,0
359485,peggito,,2,0,2,2,0,2,0,0,0,0,0
359486,BFQuintanilla,,2,0,2,2,0,2,0,0,0,0,0
359487,Estefigraya,,2,0,2,2,0,2,0,0,0,0,0
359488,maciek_str,,2,0,2,2,0,2,0,0,0,0,0
359490,franciscoenguix,,2,0,2,2,0,2,0,0,0,0,0
359491,agaliano,,2,0,2,2,0,2,0,0,0,0,6
359492,estudiosici,,2,0,2,2,0,2,0,0,0,0,0
359493,EulaliaJimenez,,2,0,2,2,0,2,0,0,0,0,0
359494,quimera8,,2,0,2,2,0,2,0,0,0,0,0
359495,Natividad_mc,,2,0,2,2,0,2,0,0,0,0,0
359496,falvarezmar,,2,0,2,2,0,2,0,0,0,0,6
359500,acarlosgonz,,2,0,2,2,0,2,0,0,0,0,0
359501,powerlopez,,2,0,2,2,0,2,0,0,0,0,0
359509,emprendedorXXI,,2,0,2,2,0,2,0,0,0,0,0
359520,MireiaEmprende,,2,0,2,2,0,2,0,0,0,0,0
359523,evemprendedor,,2,0,2,2,0,2,0,0,0,0,6
359524,emasi_emprende,,2,0,2,2,0,2,0,0,0,0,0
359526,EmprendedoresVe,,2,0,2,2,0,2,0,0,0,0,0
359528,becaemprendedor,,2,0,2,2,0,2,0,0,0,0,0
359529,c_Emprende_Alc,,2,0,2,2,0,2,0,0,0,0,0
359530,emprendedor2030,,2,0,2,2,0,2,0,0,0,0,0
359531,EEExitosos,,2,0,2,2,0,2,0,0,0,0,0
359532,empremadrimasd,,2,0,2,2,0,2,0,0,0,0,0
359533,emprender2020,,2,0,2,2,0,2,0,0,0,0,0
359534,elemprendedorve,,2,0,2,2,0,2,0,0,0,0,0
359536,EMPRENDEREMOS,,2,0,2,2,0,2,0,0,0,0,0
359537,elemprendedor,,2,0,2,2,0,2,0,0,0,0,0
359540,Emprendedor_XXI,,2,0,2,2,0,2,0,0,0,0,0
359541,eemprendedores,,2,0,2,2,0,2,0,0,0,0,0
359542,FacInnovacionMx,,2,0,2,2,0,2,0,0,0,0,0
359543,20Emprendedores,,2,0,2,2,0,2,0,0,0,0,0
359544,emprendertv,,2,0,2,2,0,2,0,0,0,0,0
359548,OpherTon,,2,0,2,2,0,2,0,0,0,0,6
359551,MiriamJusto4,,2,0,2,2,0,2,0,0,0,0,0
359582,Deliveroo_Italy,,2,0,2,2,0,2,0,0,0,0,3
359621,WSSMwLodzi,,2,0,2,2,0,2,0,0,0,0,3
359636,ricardotavio,,2,0,2,2,0,2,0,0,0,0,6
359638,Sharing_Europe,,2,0,2,2,0,2,0,0,0,0,3
359642,WordLo,,2,0,2,2,0,2,0,0,0,0,5
359718,chiarettachia,,2,0,2,2,0,2,0,0,0,0,6
359785,GetFitForGolf,,2,0,2,2,0,2,0,0,0,0,0
360126,AnnaScalzi,,2,0,2,2,0,2,0,0,0,0,1
360319,Francescami,,2,0,2,2,0,2,0,0,0,0,3
360433,MaestosaTerra,,2,0,2,2,0,2,0,0,0,0,3
360439,Allimprovvisoil,,2,0,2,2,0,2,0,0,0,0,3
360463,ToninoCagnucci,,2,0,2,2,0,2,0,0,0,0,3
360470,PagliaAle,,2,0,2,2,0,2,0,0,0,0,3
360472,ReteSport,,2,0,2,2,0,2,0,0,0,0,3
360479,mart_museum,,2,0,2,2,0,2,0,0,0,0,3
360605,UILDMnazionale,,2,0,2,2,0,2,0,0,0,0,3
360694,frivieraparties,,3,0,3,3,0,3,0,0,0,0,1
360697,Rec_23,,2,0,2,2,0,2,0,0,0,0,3
360705,Gostodesal,,2,0,2,2,0,2,0,0,0,0,3
360707,robtietze,,3,0,3,3,0,3,0,0,0,0,1
360713,Ann_Eiv,,2,0,2,2,0,2,0,0,0,0,3
360718,EhlehnaM,,2,0,2,2,0,2,0,0,0,0,6
360722,GuideMeRight,,2,0,2,2,0,2,0,0,0,0,3
360724,cosentinosimone,,2,0,2,2,0,2,0,0,0,0,3
360725,LuisFoncea_,,2,0,2,2,0,2,0,0,0,0,3
360737,ExpatBlog,,2,0,2,2,0,2,0,0,0,0,3
360742,Green_Mobility,,2,0,2,2,0,2,0,0,0,0,3
360748,Merry_Verry,,3,0,3,3,0,3,0,0,0,0,1
360749,ShannasisMarque,,2,0,2,2,0,2,0,0,0,0,3
360767,VeniVidiVisit,,2,0,2,2,0,2,0,0,0,0,3
360769,Oljicka,,2,0,2,2,0,2,0,0,0,0,2
360770,agapenkajlo,,2,0,2,2,0,2,0,0,0,0,1
360771,Valentyna_Ukr,,2,0,2,2,0,2,0,0,0,0,3
360781,inesiannotti,,2,0,2,2,0,2,0,0,0,0,3
360785,StudentitaB,,2,0,2,2,0,2,0,0,0,0,3
360806,N2Snoticias,,2,0,2,2,0,2,0,0,0,0,3
360844,fainfocultura,,2,0,2,2,0,2,0,0,0,0,2
360941,UniCologneIO,,2,0,2,2,0,2,0,0,0,0,4
360949,Derecho_US,,2,0,2,2,0,2,0,0,0,0,4
360952,ACFarmaciaUS,,2,0,2,2,0,2,0,0,0,0,4
360953,fafarsevilla,,2,0,2,2,0,2,0,0,0,0,4
360954,ErasmusCrazySe1,,2,0,2,2,0,2,0,0,0,0,4
360955,psicl,,2,0,2,2,0,2,0,0,0,0,4
360956,Infocop_Revista,,2,0,2,2,0,2,0,0,0,0,4
360965,Sevilla_Erasmus,,2,0,2,2,0,2,0,0,0,0,4
360966,sevillaerasmus,,2,0,2,2,0,2,0,0,0,0,4
360981,aleticia_t,,2,0,2,2,0,2,0,0,0,0,2
361019,ArubaEMEA,,2,0,2,2,0,2,0,0,0,0,1
361028,RekklesLoL,,2,0,2,2,0,2,0,0,0,0,6
361052,Joe_Miller,,2,0,2,2,0,2,0,0,0,0,2
361060,CSGO,,2,0,2,2,0,2,0,0,0,0,2
361106,dev1ce,,2,0,2,2,0,2,0,0,0,0,2
361130,shroud,,2,0,2,2,0,2,0,0,0,0,6
361149,vattsap,,2,0,2,2,0,2,0,0,0,0,2
361150,tambllr,,2,0,2,2,0,2,0,0,0,0,2
361151,mediamarkt_tr,,2,0,2,2,0,2,0,0,0,0,2
361152,ugurdundarsozcu,,2,0,2,2,0,2,0,0,0,0,2
361163,JorgeMartnBente,,2,0,2,2,0,2,0,0,0,0,1
361172,samihazinses,,2,0,2,2,0,2,0,0,0,0,2
361194,SandraBodalo,,2,0,2,2,0,2,0,0,0,0,2
361206,ubbernova,,2,0,2,2,0,2,0,0,0,0,2
361221,cerengumusel,,2,0,2,2,0,2,0,0,0,0,2
361224,bing,,2,0,2,2,0,2,0,0,0,0,2
361226,RLewisReports,,2,0,2,2,0,2,0,0,0,0,2
361243,Kurdistandk,,2,0,2,2,0,2,0,0,0,0,2
361245,Zamazingo3512,,2,0,2,2,0,2,0,0,0,0,2
361246,Karikateist,,2,0,2,2,0,2,0,0,0,0,2
361249,Flats4enjoy,,2,0,2,2,0,2,0,0,0,0,2
361250,ulusalkanal,,2,0,2,2,0,2,0,0,0,0,2
361269,mariuserasm1978,,2,0,2,2,0,2,0,0,0,0,2
361271,ErasmusHighbay,,2,0,2,2,0,2,0,0,0,0,2
361272,Erasmerc,,2,0,2,2,0,2,0,0,0,0,2
361274,DesideriErasmus,,2,0,2,2,0,2,0,0,0,0,2
361277,erasmusapparel,,2,0,2,2,0,2,0,0,0,0,2
361281,RevErasmus,,2,0,2,2,0,2,0,0,0,0,2
361282,denzilerasmus,,2,0,2,2,0,2,0,0,0,0,2
361284,JohnnyErasmus,,2,0,2,2,0,2,0,0,0,0,7
361285,ArubanAbroad,,2,0,2,2,0,2,0,0,0,0,5
361287,LeanyBurmeister,,2,0,2,2,0,2,0,0,0,0,3
361289,Erasmus_,,2,0,2,2,0,2,0,0,0,0,2
361291,EMA_LA_Chapter,,2,0,2,2,0,2,0,0,0,0,2
361292,ErasmusporelMun,,2,0,2,2,0,2,0,0,0,0,1
361293,SMManila,,2,0,2,2,0,2,0,0,0,0,2
361294,ARSVVALCAZAR,,2,0,2,2,0,2,0,0,0,0,2
361295,Radioerasmus,,3,0,3,3,0,3,0,0,0,0,7
361296,DiscoverErasmus,,2,0,2,2,0,2,0,0,0,0,2
361298,mtozdemir,,2,0,2,2,0,2,0,0,0,0,1
361312,cizenbayan,,2,0,2,2,0,2,0,0,0,0,2
361331,Dtoid,,2,0,2,2,0,2,0,0,0,0,2
361333,bioware,,2,0,2,2,0,2,0,0,0,0,2
361425,SteelSeries,,2,0,2,2,0,2,0,0,0,0,0
361457,FNATIC,,2,0,2,2,0,2,0,0,0,0,6
361463,digital_arts,,2,0,2,2,0,2,0,0,0,0,2
361474,rupikaur_,,2,0,2,2,0,2,0,0,0,0,2
361493,OnePinkVoice,,2,0,2,2,0,2,0,0,0,0,2
361500,playbuzz,,2,0,2,2,0,2,0,0,0,0,2
361568,Dove,,2,0,2,2,0,2,0,0,0,0,2
361770,TigerairSG,,2,0,2,2,0,2,0,0,0,0,2
361836,itsmeleighton,,2,0,2,2,0,2,0,0,0,0,0
361917,eRaSMuSBooK,,2,0,2,2,0,2,0,0,0,0,8
361918,CartedesColocs,,2,0,2,2,0,2,0,0,0,0,1
361933,philharmonie,,2,0,2,2,0,2,0,0,0,0,8
361948,USAttyBharara,,2,0,2,2,0,2,0,0,0,0,7
362076,exhibition61,,2,0,2,2,0,2,0,0,0,0,1
362188,CliensolEnergy,,2,0,2,2,0,2,0,0,0,0,4
362201,KelimePerileri,,2,0,2,2,0,2,0,0,0,0,1
362281,technik_aau,,2,0,2,2,0,2,0,0,0,0,1
362295,Biletix,,2,0,2,2,0,2,0,0,0,0,7
362298,BeyogluHayal,,2,0,2,2,0,2,0,0,0,0,7
362299,BaBaZuLa,,2,0,2,2,0,2,0,0,0,0,2
362311,omeraslan93,,2,0,2,2,0,2,0,0,0,0,2
362322,eventistanbull,,2,0,2,2,0,2,0,0,0,0,7
362337,burshaberleri,,2,0,2,2,0,2,0,0,0,0,1
362346,KaliteliTwitler,,2,0,2,2,0,2,0,0,0,0,2
362366,southern_wales,,2,0,2,2,0,2,0,0,0,0,1
362372,aslisokmen,,2,0,2,2,0,2,0,0,0,0,1
362386,FundacjaAtalaya,,2,0,2,2,0,2,0,0,0,0,1
362397,tarrysingh,,2,0,2,2,0,2,0,0,0,0,1
362398,StaceyStaged,,2,0,2,2,0,2,0,0,0,0,1
362427,climaNoticias,,2,0,2,2,0,2,0,0,0,0,1
362432,Feria_CR,,2,0,2,2,0,2,0,0,0,0,1
362436,FeriaGenera,,2,0,2,2,0,2,0,0,0,0,1
362437,conectabioener,,2,0,2,2,0,2,0,0,0,0,1
362441,energetica_xxi,,2,0,2,2,0,2,0,0,0,0,0
362444,BCNecologia,,2,0,2,2,0,2,0,0,0,0,4
362459,CBSSbaltic2030,,2,0,2,2,0,2,0,0,0,0,1
362464,Solartys,,2,0,2,2,0,2,0,0,0,0,1
362489,VilledeNice,,2,0,2,2,0,2,0,0,0,0,1
362497,fvmpendirecto,,2,0,2,2,0,2,0,0,0,0,1
362498,puertodecadiz,,2,0,2,2,0,2,0,0,0,0,0
362503,portdebarcelona,,2,0,2,2,0,2,0,0,0,0,4
362538,hcuello_,,2,0,2,2,0,2,0,0,0,0,4
362541,AlumniUFV,,2,0,2,2,0,2,0,0,0,0,1
362550,innojobs_info,,2,0,2,2,0,2,0,0,0,0,0
362559,FPM_Paris,,2,0,2,2,0,2,0,0,0,0,1
362560,CIDEMparis,,2,0,2,2,0,2,0,0,0,0,1
362565,boun_otk,,2,0,2,2,0,2,0,0,0,0,2
362566,NCLalumni,,2,0,2,2,0,2,0,0,0,0,1
362577,WWEUniverse,,2,0,2,2,0,2,0,0,0,0,1
362578,purdueglobal,,2,0,2,2,0,2,0,0,0,0,1
362583,UMDstudyabroad,,2,0,2,2,0,2,0,0,0,0,1
362584,sotebror,,2,0,2,2,0,2,0,0,0,0,1
362585,socionext,,2,0,2,2,0,2,0,0,0,0,1
362587,cusu,,2,0,2,2,0,2,0,0,0,0,1
362595,ErasmusTurkey,,2,0,2,2,0,2,0,0,0,0,2
362626,DijitalHabitat,,2,0,2,2,0,2,0,0,0,0,2
362634,Jav_JP,,2,0,2,2,0,2,0,0,0,0,1
362643,NordicBlanket,,2,0,2,2,0,2,0,0,0,0,1
362644,aroagp03,,2,0,2,2,0,2,0,0,0,0,2
362649,TheRealKMcKidd,,2,0,2,2,0,2,0,0,0,0,2
362662,GreysABC,,2,0,2,2,0,2,0,0,0,0,2
362689,SonataArctica,,2,0,2,2,0,2,0,0,0,0,2
362690,Michael_Trevino,,2,0,2,2,0,2,0,0,0,0,2
362700,ShamsCharania,,2,0,2,2,0,2,0,0,0,0,3
362701,AleBorghi_,,2,0,2,2,0,2,0,0,0,0,3
362709,JohnKingCNN,,2,0,2,2,0,2,0,0,0,0,3
362727,f_ronchetti,,2,0,2,2,0,2,0,0,0,0,3
362740,luka7doncic,,2,0,2,2,0,2,0,0,0,0,3
362741,DomaniGiornale,,2,0,2,2,0,2,0,0,0,0,3
362775,galbcasanova,,2,0,2,2,0,2,0,0,0,0,1
362776,petro_francesco,,2,0,2,2,0,2,0,0,0,0,1
362779,tizianacorda,,2,0,2,2,0,2,0,0,0,0,3
362781,jacoposcita,,2,0,2,2,0,2,0,0,0,0,3
362785,FCoticchia,,2,0,2,2,0,2,0,0,0,0,3
362790,LorenaStMartini,,2,0,2,2,0,2,0,0,0,0,3
362792,annalisaPe,,2,0,2,2,0,2,0,0,0,0,3
362796,jannisgrimm,,2,0,2,2,0,2,0,0,0,0,3
362798,kev_koehler,,2,0,2,2,0,2,0,0,0,0,3
362802,FlorenceGaub,,2,0,2,2,0,2,0,0,0,0,3
362809,el_khawaga,,2,0,2,2,0,2,0,0,0,0,3
362843,AngeloTofalo,,2,0,2,2,0,2,0,0,0,0,3
362846,Kawa__Hassan,,2,0,2,2,0,2,0,0,0,0,3
362851,Cinzia_Bianco,,2,0,2,2,0,2,0,0,0,0,3
362894,timbusiness,,2,0,2,2,0,2,0,0,0,0,3
362907,LucaMiehe,,2,0,2,2,0,2,0,0,0,0,3
362961,ilPortaborse_,,2,0,2,2,0,2,0,0,0,0,3
362980,IpsosItalia,,2,0,2,2,0,2,0,0,0,0,3
362987,aics_it,,2,0,2,2,0,2,0,0,0,0,3
363003,silviacarenzi,,2,0,2,2,0,2,0,0,0,0,3
363020,ilariacapua,,2,0,2,2,0,2,0,0,0,0,3
363046,Ibn_Trovarelli,,2,0,2,2,0,2,0,0,0,0,1
363047,f_marone,,2,0,2,2,0,2,0,0,0,0,3
363048,GiuseppeDentice,,2,0,2,2,0,2,0,0,0,0,3
363049,ChiaraLovotti,,2,0,2,2,0,2,0,0,0,0,3
363057,simongerman600,,2,0,2,2,0,2,0,0,0,0,3
363067,GiuliaSciorati,,2,0,2,2,0,2,0,0,0,0,1
363094,Avvenire_Nei,,2,0,2,2,0,2,0,0,0,0,3
363116,paoloroversi,,2,0,2,2,0,2,0,0,0,0,3
363141,MatteoMainardi,,2,0,2,2,0,2,0,0,0,0,3
363292,szefernaker,,2,0,2,2,0,2,0,0,0,0,3
363464,opener_festival,,2,0,2,2,0,2,0,0,0,0,1
363494,wirtualnapolska,,2,0,2,2,0,2,0,0,0,0,3
363595,antamen,,2,0,2,2,0,2,0,0,0,0,3
363764,SteveMullUSA,,2,0,2,2,0,2,0,0,0,0,2
363769,OSW_pl,,2,0,2,2,0,2,0,0,0,0,3
363788,IBRiS_PL,,2,0,2,2,0,2,0,0,0,0,3
363920,Najwazniejsze,,2,0,2,2,0,2,0,0,0,0,3
363936,DobreSerducho,,2,0,2,2,0,2,0,0,0,0,3
363939,Lideres_DFutbol,,2,0,2,2,0,2,0,0,0,0,0
363941,Salon24pl,,2,0,2,2,0,2,0,0,0,0,3
363956,jandom1,,2,0,2,2,0,2,0,0,0,0,3
363967,MATYLDA__,,2,0,2,2,0,2,0,0,0,0,3
364001,MuzeumWodzislaw,,2,0,2,2,0,2,0,0,0,0,3
364009,PiotrGociek,,2,0,2,2,0,2,0,0,0,0,3
364021,BaranowskaKam,,2,0,2,2,0,2,0,0,0,0,3
364022,fannicanelles,,2,0,2,2,0,2,0,0,0,0,3
364025,mbeccarelli,,2,0,2,2,0,2,0,0,0,0,1
364028,PAPinformacje,,2,0,2,2,0,2,0,0,0,0,3
364029,IObywatelski,,2,0,2,2,0,2,0,0,0,0,3
364067,RadekZyzik,,2,0,2,2,0,2,0,0,0,0,3
364081,gazetaprawnapl,,2,0,2,2,0,2,0,0,0,0,3
364091,mobilewashunit,,2,0,2,2,0,2,0,0,0,0,3
364093,GPCodziennie,,2,0,2,2,0,2,0,0,0,0,3
364094,Tygodnik_Sieci,,2,0,2,2,0,2,0,0,0,0,3
364095,RepublikaTV,,2,0,2,2,0,2,0,0,0,0,3
364096,tterlikowski,,2,0,2,2,0,2,0,0,0,0,3
364102,Nowe_Media,,2,0,2,2,0,2,0,0,0,0,3
364103,wirtualnemedia,,2,0,2,2,0,2,0,0,0,0,3
364104,PressRedakcja,,2,0,2,2,0,2,0,0,0,0,3
364105,tygodnik,,2,0,2,2,0,2,0,0,0,0,3
364107,DziennikPL,,2,0,2,2,0,2,0,0,0,0,3
364163,BeataGWinter,,2,0,2,2,0,2,0,0,0,0,1
364175,TVN24BiS,,2,0,2,2,0,2,0,0,0,0,3
364176,USEmbassyWarsaw,,2,0,2,2,0,2,0,0,0,0,3
364178,onetpl,,2,0,2,2,0,2,0,0,0,0,3
364215,MichalOlech,,2,0,2,2,0,2,0,0,0,0,3
364220,PatrykJaki,,2,0,2,2,0,2,0,0,0,0,3
364254,RaiperilSociale,,3,0,3,3,0,3,0,0,0,0,3
364272,WarnerPoland,,2,0,2,2,0,2,0,0,0,0,2
364277,iRockPoland,,2,0,2,2,0,2,0,0,0,0,2
364293,u_jazdowski,,2,0,2,2,0,2,0,0,0,0,3
364299,svoltastudenti,,2,0,2,2,0,2,0,0,0,0,2
364301,giannibaratta,,2,0,2,2,0,2,0,0,0,0,3
364304,Markino87,,2,0,2,2,0,2,0,0,0,0,3
364305,alamura88,,2,0,2,2,0,2,0,0,0,0,3
364316,fabiogaeta,,2,0,2,2,0,2,0,0,0,0,3
364331,BenniIorio,,2,0,2,2,0,2,0,0,0,0,3
364350,ilcile,,2,0,2,2,0,2,0,0,0,0,3
364359,TfosiPartenopei,,2,0,2,2,0,2,0,0,0,0,3
364392,ciroimmobile,,2,0,2,2,0,2,0,0,0,0,3
364407,ale_cerci_7,,2,0,2,2,0,2,0,0,0,0,0
364410,PasqualeVespa,,2,0,2,2,0,2,0,0,0,0,3
364414,l_desilvestri,,2,0,2,2,0,2,0,0,0,0,0
364416,DavideAstori,,2,0,2,2,0,2,0,0,0,0,3
364419,sportinvernali,,2,0,2,2,0,2,0,0,0,0,2
364421,NapoliClubUSA,,2,0,2,2,0,2,0,0,0,0,3
364425,CitizenSalerno,,2,0,2,2,0,2,0,0,0,0,3
364454,Luigi_Bisogno,,2,0,2,2,0,2,0,0,0,0,3
364506,PaoloCannavaro,,2,0,2,2,0,2,0,0,0,0,3
364510,300polityka,,2,0,2,2,0,2,0,0,0,0,3
364511,lkwarzecha,,2,0,2,2,0,2,0,0,0,0,3
364515,SeanWalrus1,,2,0,2,2,0,2,0,0,0,0,3
364526,R_A_Ziemkiewicz,,2,0,2,2,0,2,0,0,0,0,3
364528,SalernoInforma,,2,0,2,2,0,2,0,0,0,0,3
364530,GarganoOfficial,,2,0,2,2,0,2,0,0,0,0,3
364556,PAPBiznes,,2,0,2,2,0,2,0,0,0,0,3
364562,JMiziolek,,2,0,2,2,0,2,0,0,0,0,3
364601,KwadransPolit,,2,0,2,2,0,2,0,0,0,0,3
364603,MSWiA_GOV_PL,,2,0,2,2,0,2,0,0,0,0,1
364607,FaktyTVN,,2,0,2,2,0,2,0,0,0,0,3
364613,rmf_fm,,2,0,2,2,0,2,0,0,0,0,3
364614,Radio_ZET,,2,0,2,2,0,2,0,0,0,0,3
364616,gaz_krakowska,,2,0,2,2,0,2,0,0,0,0,3
364617,RadioKrakow,,2,0,2,2,0,2,0,0,0,0,3
364620,biagioizzo1,,2,0,2,2,0,2,0,0,0,0,3
364627,RoccoHunt,,2,0,2,2,0,2,0,0,0,0,3
364636,GokhanInler,,2,0,2,2,0,2,0,0,0,0,3
364639,ladifferenzaaa,,2,0,2,2,0,2,0,0,0,0,3
364640,LottiLuca,,2,0,2,2,0,2,0,0,0,0,3
364643,ValonBera,,2,0,2,2,0,2,0,0,0,0,3
364645,cilentonotizie,,2,0,2,2,0,2,0,0,0,0,3
364646,sa_forte,,2,0,2,2,0,2,0,0,0,0,3
364653,RafAuriemma,,2,0,2,2,0,2,0,0,0,0,3
364666,madeinsud_rai,,2,0,2,2,0,2,0,0,0,0,3
364694,PinoPinobatman,,2,0,2,2,0,2,0,0,0,0,3
364700,borjavalero20,,2,0,2,2,0,2,0,0,0,0,3
364748,SassariNotizie,,2,0,2,2,0,2,0,0,0,0,3
364750,encosenza,,2,0,2,2,0,2,0,0,0,0,3
364751,GaFarci,,2,0,2,2,0,2,0,0,0,0,3
364753,ilboma,,2,0,2,2,0,2,0,0,0,0,3
364756,bautistakarate,,2,0,2,2,0,2,0,0,0,0,3
364769,RomeMUN,,2,0,2,2,0,2,0,0,0,0,3
364771,saraucci,,2,0,2,2,0,2,0,0,0,0,3
364783,articoloUnoMDP,,2,0,2,2,0,2,0,0,0,0,3
364789,NGAHR,,2,0,2,2,0,2,0,0,0,0,3
364801,Agenzia_Dire,,2,0,2,2,0,2,0,0,0,0,3
364804,hrreview,,2,0,2,2,0,2,0,0,0,0,2
364805,OKLavoro,,2,0,2,2,0,2,0,0,0,0,3
364840,YBUTurkey,,2,0,2,2,0,2,0,0,0,0,1
364854,radiobicocca,,2,0,2,2,0,2,0,0,0,0,3
364859,Dansai75,,2,0,2,2,0,2,0,0,0,0,3
364886,socialbizforum,,2,0,2,2,0,2,0,0,0,0,3
364909,marketsound,,2,0,2,2,0,2,0,0,0,0,3
364917,Etsy,,2,0,2,2,0,2,0,0,0,0,0
364925,stefano_venturi,,2,0,2,2,0,2,0,0,0,0,3
364964,dariobolis1969,,2,0,2,2,0,2,0,0,0,0,3
364979,MondoCTS,,2,0,2,2,0,2,0,0,0,0,3
364991,CriPasqualini,,2,0,2,2,0,2,0,0,0,0,3
364998,CittaNascostaM,,2,0,2,2,0,2,0,0,0,0,3
365000,fondazionenegri,,2,0,2,2,0,2,0,0,0,0,3
365042,BolognaBSchool,,2,0,2,2,0,2,0,0,0,0,1
365060,WorldPressPhoto,,2,0,2,2,0,2,0,0,0,0,1
365114,LauraGaravini,,2,0,2,2,0,2,0,0,0,0,3
365133,Loft_Cafe_BS,,2,0,2,2,0,2,0,0,0,0,3
365174,Futur_Is_Now,,2,0,2,2,0,2,0,0,0,0,3
365213,TweetConcorsi,,2,0,2,2,0,2,0,0,0,0,3
365233,marcobenadusi,,2,0,2,2,0,2,0,0,0,0,3
365237,bsnewsit,,2,0,2,2,0,2,0,0,0,0,3
365271,Expo2017_Int,,2,0,2,2,0,2,0,0,0,0,2
365288,Swiss_Pavilion,,2,0,2,2,0,2,0,0,0,0,3
365306,Womens_eNews,,2,0,2,2,0,2,0,0,0,0,2
365308,Unindustria_NA,,2,0,2,2,0,2,0,0,0,0,3
365352,JobCentreIT,,2,0,2,2,0,2,0,0,0,0,3
365357,BandiONG,,2,0,2,2,0,2,0,0,0,0,2
365412,MarchesaFashion,,2,0,2,2,0,2,0,0,0,0,0
365420,Forchielli,,2,0,2,2,0,2,0,0,0,0,3
365421,LVMH,,2,0,2,2,0,2,0,0,0,0,0
365498,SmithQueensMBA,,2,0,2,2,0,2,0,0,0,0,3
365539,umissouripress,,2,0,2,2,0,2,0,0,0,0,1
365540,MIUMIUofficial,,2,0,2,2,0,2,0,0,0,0,3
365573,VzlaExpoMI2015,,2,0,2,2,0,2,0,0,0,0,3
365587,HUBgiovani,,2,0,2,2,0,2,0,0,0,0,3
365588,GazzettaDellaSc,,2,0,2,2,0,2,0,0,0,0,3
365610,zooppaitalia,,2,0,2,2,0,2,0,0,0,0,3
365638,Womenforexpo,,2,0,2,2,0,2,0,0,0,0,3
365665,chiara_valerio,,2,0,2,2,0,2,0,0,0,0,3
365675,emanuelaminucci,,2,0,2,2,0,2,0,0,0,0,3
365688,SerbiaEXPO2015,,2,0,2,2,0,2,0,0,0,0,3
365699,PadiglioneCH,,2,0,2,2,0,2,0,0,0,0,3
365706,USAPavilion2015,,2,0,2,2,0,2,0,0,0,0,3
365707,LatviaExpo2015,,2,0,2,2,0,2,0,0,0,0,3
365709,Expo2015Albania,,2,0,2,2,0,2,0,0,0,0,3
365710,qn_carlino,,2,0,2,2,0,2,0,0,0,0,3
365713,mashablejobs,,2,0,2,2,0,2,0,0,0,0,4
365720,Glassdoor,,2,0,2,2,0,2,0,0,0,0,8
365730,MIBSchool,,2,0,2,2,0,2,0,0,0,0,1
365737,sportnotizie24,,2,0,2,2,0,2,0,0,0,0,3
365750,GiGroupSpa,,2,0,2,2,0,2,0,0,0,0,3
365769,PCPadoan,,2,0,2,2,0,2,0,0,0,0,2
365778,aiesechyderabad,,2,0,2,2,0,2,0,0,0,0,1
365780,AIESECHongKong,,2,0,2,2,0,2,0,0,0,0,1
365781,SOLIDWORKSedu,,2,0,2,2,0,2,0,0,0,0,5
365783,doanbe10,,2,0,2,2,0,2,0,0,0,0,3
365784,AIESECsoton,,2,0,2,2,0,2,0,0,0,0,1
365790,PCM_Expo2015,,2,0,2,2,0,2,0,0,0,0,3
365797,fmdigitale,,2,0,2,2,0,2,0,0,0,0,3
365812,24Cultura,,2,0,2,2,0,2,0,0,0,0,3
365847,TheNewSchool,,2,0,2,2,0,2,0,0,0,0,1
365860,ComunePV,,2,0,2,2,0,2,0,0,0,0,6
365861,provinciapavese,,2,0,2,2,0,2,0,0,0,0,3
365863,RandstadItalia,,2,0,2,2,0,2,0,0,0,0,3
365873,Fare2014,,2,0,2,2,0,2,0,0,0,0,3
365890,MyJobPage_Net,,2,0,2,2,0,2,0,0,0,0,3
365911,edizpiemme,,2,0,2,2,0,2,0,0,0,0,3
365912,LibriCorbaccio,,2,0,2,2,0,2,0,0,0,0,3
365923,andreas212nyc,,2,0,2,2,0,2,0,0,0,0,8
365926,girlrising,,2,0,2,2,0,2,0,0,0,0,2
365929,girleffect,,2,0,2,2,0,2,0,0,0,0,0
365931,digital_fest,,2,0,2,2,0,2,0,0,0,0,3
365961,SardiniaStartup,,2,0,2,2,0,2,0,0,0,0,3
366011,qn_lanazione,,2,0,2,2,0,2,0,0,0,0,3
366021,giusev76,,2,0,2,2,0,2,0,0,0,0,3
366065,IBMItalia,,2,0,2,2,0,2,0,0,0,0,3
366077,decathlonitalia,,2,0,2,2,0,2,0,0,0,0,3
366140,ftworkcareers,,2,0,2,2,0,2,0,0,0,0,3
366161,salernonotizie,,2,0,2,2,0,2,0,0,0,0,3
366162,CittadiSalerno,,2,0,2,2,0,2,0,0,0,0,3
366165,UBSf1,,2,0,2,2,0,2,0,0,0,0,1
366168,a_bassolino,,2,0,2,2,0,2,0,0,0,0,3
366187,pdcamcom,,2,0,2,2,0,2,0,0,0,0,3
366190,cciaafoggia,,2,0,2,2,0,2,0,0,0,0,1
366202,giuliotrivelli,,2,0,2,2,0,2,0,0,0,0,4
366208,francev__,,2,0,2,2,0,2,0,0,0,0,1
366216,PierMaran,,2,0,2,2,0,2,0,0,0,0,3
366218,MezziPubbliciMi,,2,0,2,2,0,2,0,0,0,0,3
366227,unibz_news,,2,0,2,2,0,2,0,0,0,0,1
366236,360by360,,2,0,2,2,0,2,0,0,0,0,2
366242,ANSACampania,,2,0,2,2,0,2,0,0,0,0,3
366244,StartUpWeCan,,2,0,2,2,0,2,0,0,0,0,1
366251,skuolanet,,2,0,2,2,0,2,0,0,0,0,3
366301,CesopCom,,2,0,2,2,0,2,0,0,0,0,3
366307,Desigual_Italia,,2,0,2,2,0,2,0,0,0,0,1
366342,ManpowerGroupIT,,2,0,2,2,0,2,0,0,0,0,3
366343,gu_epifani,,2,0,2,2,0,2,0,0,0,0,3
366350,masterinfo_news,,2,0,2,2,0,2,0,0,0,0,3
366362,ConfSardegna,,2,0,2,2,0,2,0,0,0,0,3
366365,ConfindustriaCa,,2,0,2,2,0,2,0,0,0,0,3
366378,YIForum,,2,0,2,2,0,2,0,0,0,0,3
366415,dirittoalloblio,,2,0,2,2,0,2,0,0,0,0,3
366422,SeedLab_,,2,0,2,2,0,2,0,0,0,0,1
366424,musaorman48,,2,0,2,2,0,2,0,0,0,0,7
366425,PietroIchino,,2,0,2,2,0,2,0,0,0,0,3
366440,ItaliaCamp,,2,0,2,2,0,2,0,0,0,0,1
366445,purassan,,2,0,2,2,0,2,0,0,0,0,1
366498,Startupandmore,,2,0,2,2,0,2,0,0,0,0,1
366504,OkConcorsi,,2,0,2,2,0,2,0,0,0,0,3
366511,BarbaraGamb,,2,0,2,2,0,2,0,0,0,0,3
366572,PromoDelGiorno,,2,0,2,2,0,2,0,0,0,0,2
366581,Ddcnews,,2,0,2,2,0,2,0,0,0,0,3
366608,SELMontecitorio,,2,0,2,2,0,2,0,0,0,0,3
366615,LavoroeConcorsi,,2,0,2,2,0,2,0,0,0,0,4
366656,JobiJoba_IT,,2,0,2,2,0,2,0,0,0,0,1
366708,Pontifex_ln,,2,0,2,2,0,2,0,0,0,0,3
366757,catchawork,,2,0,2,2,0,2,0,0,0,0,3
366786,Giuseppedimagg,,2,0,2,2,0,2,0,0,0,0,3
366809,DigitalBraid,,2,0,2,2,0,2,0,0,0,0,2
366820,i_lab_rm,,2,0,2,2,0,2,0,0,0,0,3
366838,Monster_Italia,,2,0,2,2,0,2,0,0,0,0,3
366839,ioworkitalia,,2,0,2,2,0,2,0,0,0,0,3
366844,ItalianiMondo,,2,0,2,2,0,2,0,0,0,0,1
366846,BretEastonEllis,,2,0,2,2,0,2,0,0,0,0,3
366886,Digital_Magics,,2,0,2,2,0,2,0,0,0,0,1
366897,VincenzoNovari,,2,0,2,2,0,2,0,0,0,0,3
366899,BOOKCITYMILANO,,2,0,2,2,0,2,0,0,0,0,3
366904,srhtdd,,2,0,2,2,0,2,0,0,0,0,3
366938,Briatore,,2,0,2,2,0,2,0,0,0,0,3
366956,ISTUD_IT,,2,0,2,2,0,2,0,0,0,0,1
366975,KenwitJobRumors,,2,0,2,2,0,2,0,0,0,0,3
366987,lasoncini,,2,0,2,2,0,2,0,0,0,0,3
367004,webgol,,2,0,2,2,0,2,0,0,0,0,3
367018,guidaformazione,,2,0,2,2,0,2,0,0,0,0,3
367019,guidamaster,,2,0,2,2,0,2,0,0,0,0,3
367030,FerzanOzpetek,,2,0,2,2,0,2,0,0,0,0,3
367034,TuriCaggegi,,2,0,2,2,0,2,0,0,0,0,3
367042,montemagno,,2,0,2,2,0,2,0,0,0,0,2
367043,pandemia,,2,0,2,2,0,2,0,0,0,0,3
367044,LivePaola,,2,0,2,2,0,2,0,0,0,0,7
367048,NiccoloVecchia,,2,0,2,2,0,2,0,0,0,0,3
367053,Vaerk1,,2,0,2,2,0,2,0,0,0,0,2
367078,okstage,,2,0,2,2,0,2,0,0,0,0,1
367102,istao,,2,0,2,2,0,2,0,0,0,0,1
367112,Giuseppe_Peveri,,2,0,2,2,0,2,0,0,0,0,3
367139,terredimezzo,,2,0,2,2,0,2,0,0,0,0,3
367144,pinterestitaly,,2,0,2,2,0,2,0,0,0,0,3
367151,patriziaprestip,,2,0,2,2,0,2,0,0,0,0,3
367171,abeggi,,2,0,2,2,0,2,0,0,0,0,3
367175,gluca,,2,0,2,2,0,2,0,0,0,0,3
367226,pduniversita,,2,0,2,2,0,2,0,0,0,0,1
367239,circuitolavoro,,2,0,2,2,0,2,0,0,0,0,3
367256,isbnedizioni,,2,0,2,2,0,2,0,0,0,0,3
367267,JusticeFB,,2,0,2,2,0,2,0,0,0,0,3
367272,Chiara_Formenti,,2,0,2,2,0,2,0,0,0,0,1
367274,100Milan_R24,,2,0,2,2,0,2,0,0,0,0,3
367294,gg,,2,0,2,2,0,2,0,0,0,0,3
367302,OccupyWallStNYC,,2,0,2,2,0,2,0,0,0,0,3
367303,metilparaben,,2,0,2,2,0,2,0,0,0,0,3
367306,massimo_russo,,2,0,2,2,0,2,0,0,0,0,3
367308,Falacosa_Giusta,,2,0,2,2,0,2,0,0,0,0,3
367330,PaloAltoNtwks,,2,0,2,2,0,2,0,0,0,0,3
367334,IlDucato,,2,0,2,2,0,2,0,0,0,0,3
367345,Neolaureati,,2,0,2,2,0,2,0,0,0,0,1
367348,GiulioTerzi,,2,0,2,2,0,2,0,0,0,0,3
367351,tedeschini,,2,0,2,2,0,2,0,0,0,0,1
367368,udu_sind,,2,0,2,2,0,2,0,0,0,0,3
367373,ele_voltolina,,2,0,2,2,0,2,0,0,0,0,1
367382,IAmBiotech,,2,0,2,2,0,2,0,0,0,0,0
367386,fiomnet,,2,0,2,2,0,2,0,0,0,0,3
367394,creativecommons,,2,0,2,2,0,2,0,0,0,0,6
367439,iulmsocialmedia,,2,0,2,2,0,2,0,0,0,0,1
367445,freeNYTimes,,2,0,2,2,0,2,0,0,0,0,0
367451,GetTheJob,,2,0,2,2,0,2,0,0,0,0,0
367482,lavoro_org,,2,0,2,2,0,2,0,0,0,0,2
367495,MarcoPatuano,,2,0,2,2,0,2,0,0,0,0,3
367497,coworkingcowo,,2,0,2,2,0,2,0,0,0,0,0
367505,Joi,,2,0,2,2,0,2,0,0,0,0,4
367520,EmmeBi,,2,0,2,2,0,2,0,0,0,0,2
367528,brasilnaitalia,,2,0,2,2,0,2,0,0,0,0,7
367531,CBforEmployers,,2,0,2,2,0,2,0,0,0,0,8
367535,LSECareers,,2,0,2,2,0,2,0,0,0,0,1
367548,anobii,,2,0,2,2,0,2,0,0,0,0,3
367551,miojob_lavoro,,2,0,2,2,0,2,0,0,0,0,3
367552,U_station,,2,0,2,2,0,2,0,0,0,0,3
367555,MaurizioSacconi,,2,0,2,2,0,2,0,0,0,0,3
367573,Yunus_Centre,,2,0,2,2,0,2,0,0,0,0,4
367586,loliva2011,,2,0,2,2,0,2,0,0,0,0,1
367587,lavoroinspagna,,2,0,2,2,0,2,0,0,0,0,2
367589,italiansinfuga,,2,0,2,2,0,2,0,0,0,0,1
367591,InfoJobsIT,,2,0,2,2,0,2,0,0,0,0,3
367592,alka_hest,,2,0,2,2,0,2,0,0,0,0,3
367596,mrlavoro,,2,0,2,2,0,2,0,0,0,0,1
367601,bakecait,,2,0,2,2,0,2,0,0,0,0,3
367612,liquida,,2,0,2,2,0,2,0,0,0,0,3
367616,ivanscalfarotto,,2,0,2,2,0,2,0,0,0,0,3
367631,stevenbjohnson,,2,0,2,2,0,2,0,0,0,0,3
367635,WSJcareers,,2,0,2,2,0,2,0,0,0,0,3
367655,DaniNovarama,,2,0,2,2,0,2,0,0,0,0,2
367656,NathaliePicquot,,2,0,2,2,0,2,0,0,0,0,5
367661,OptaJose,,2,0,2,2,0,2,0,0,0,0,2
367669,Revista7Artes,,2,0,2,2,0,2,0,0,0,0,5
367671,ANSUFATI,,2,0,2,2,0,2,0,0,0,0,5
367683,NostalgicoRetro,,2,0,2,2,0,2,0,0,0,0,5
367693,MalditoRallo,,2,0,2,2,0,2,0,0,0,0,5
367711,Reizentolo,,2,0,2,2,0,2,0,0,0,0,5
367712,andresrozados,,2,0,2,2,0,2,0,0,0,0,5
367715,mirondo9,,2,0,2,2,0,2,0,0,0,0,5
367716,SOYMIGUELLAGO,,2,0,2,2,0,2,0,0,0,0,5
367721,loco13com,,2,0,2,2,0,2,0,0,0,0,5
367724,StarWarsSpain,,2,0,2,2,0,2,0,0,0,0,5
367736,nlopeztrujillo,,2,0,2,2,0,2,0,0,0,0,5
367752,denis__iglesias,,2,0,2,2,0,2,0,0,0,0,5
367761,josue_coello,,2,0,2,2,0,2,0,0,0,0,4
367765,mglacambra,,2,0,2,2,0,2,0,0,0,0,5
367781,Carra23,,2,0,2,2,0,2,0,0,0,0,2
367788,G_landaburu,,2,0,2,2,0,2,0,0,0,0,0
367790,JaimePalomera,,2,0,2,2,0,2,0,0,0,0,5
367805,edugalan,,2,0,2,2,0,2,0,0,0,0,5
367811,vicerreitoriaPO,,2,0,2,2,0,2,0,0,0,0,1
367812,raulperez_76,,2,0,2,2,0,2,0,0,0,0,5
367813,angeljimenez,,2,0,2,2,0,2,0,0,0,0,5
367819,vinijr,,2,0,2,2,0,2,0,0,0,0,5
367826,TrentAA,,2,0,2,2,0,2,0,0,0,0,2
367828,JMSande,,2,0,2,2,0,2,0,0,0,0,5
367829,CDeportivoLugo,,2,0,2,2,0,2,0,0,0,0,8
367834,Hurtado_Hurti,,2,0,2,2,0,2,0,0,0,0,2
367846,eldesmarque,,2,0,2,2,0,2,0,0,0,0,5
367850,VodafoneTV_es,,2,0,2,2,0,2,0,0,0,0,5
367854,YoSoyAleFuente,,2,0,2,2,0,2,0,0,0,0,2
367872,CronopiosLibro,,2,0,2,2,0,2,0,0,0,0,5
367885,jlmarti2025,,2,0,2,2,0,2,0,0,0,0,5
367894,LaMediaInglesa,,2,0,2,2,0,2,0,0,0,0,2
367895,PauRibas,,2,0,2,2,0,2,0,0,0,0,0
367907,MiercolesRepubl,,2,0,2,2,0,2,0,0,0,0,5
367910,JuanmiBaquero,,2,0,2,2,0,2,0,0,0,0,5
367914,sonriasbaixas,,2,0,2,2,0,2,0,0,0,0,5
367915,FestNoroeste,,2,0,2,2,0,2,0,0,0,0,5
367929,David_Heras,,2,0,2,2,0,2,0,0,0,0,2
367930,Elba_Celo,,2,0,2,2,0,2,0,0,0,0,0
367931,SeFutbolFem,,2,0,2,2,0,2,0,0,0,0,5
367939,xurxogg,,2,0,2,2,0,2,0,0,0,0,6
367944,andrearopero,,2,0,2,2,0,2,0,0,0,0,5
367945,iggyrubin,,2,0,2,2,0,2,0,0,0,0,5
367947,aspas10,,2,0,2,2,0,2,0,0,0,0,3
367955,StopSubrogacion,,2,0,2,2,0,2,0,0,0,0,4
367968,juanmatrueba,,2,0,2,2,0,2,0,0,0,0,5
367969,guilleuzquiano,,2,0,2,2,0,2,0,0,0,0,0
367970,brunoalemany,,2,0,2,2,0,2,0,0,0,0,5
367971,alberlopezfrau,,2,0,2,2,0,2,0,0,0,0,2
367981,RodrigoFaez,,2,0,2,2,0,2,0,0,0,0,5
367984,Rivasbarrs,,2,0,2,2,0,2,0,0,0,0,5
367991,edusotomoreno,,2,0,2,2,0,2,0,0,0,0,5
367992,Pachi_Idigoras,,2,0,2,2,0,2,0,0,0,0,0
368011,MalditoDeporte,,2,0,2,2,0,2,0,0,0,0,5
368016,StatsZone,,2,0,2,2,0,2,0,0,0,0,2
368020,trippier2,,2,0,2,2,0,2,0,0,0,0,5
368026,CharlasDeFutbol,,2,0,2,2,0,2,0,0,0,0,2
368037,Dembouz,,2,0,2,2,0,2,0,0,0,0,2
368038,JasperCillessen,,2,0,2,2,0,2,0,0,0,0,2
368042,RomeluLukaku9,,2,0,2,2,0,2,0,0,0,0,6
368043,CarrascoY21,,2,0,2,2,0,2,0,0,0,0,5
368044,AngelCorrea32,,2,0,2,2,0,2,0,0,0,0,5
368047,JoseMaGimenez13,,2,0,2,2,0,2,0,0,0,0,6
368049,Jaime_Rincon,,2,0,2,2,0,2,0,0,0,0,2
368051,Juanmonium,,2,0,2,2,0,2,0,0,0,0,1
368052,DavidLombao,,2,0,2,2,0,2,0,0,0,0,5
368059,xabierfortes,,2,0,2,2,0,2,0,0,0,0,2
368061,jukeb0x,,2,0,2,2,0,2,0,0,0,0,6
368064,IlkayGuendogan,,2,0,2,2,0,2,0,0,0,0,2
368067,marccrosas,,2,0,2,2,0,2,0,0,0,0,3
368071,TMBinfo,,2,0,2,2,0,2,0,0,0,0,1
368072,AnaBPrado,,2,0,2,2,0,2,0,0,0,0,1
368074,nikolajcw,,2,0,2,2,0,2,0,0,0,0,2
368084,thisisdom123,,2,0,2,2,0,2,0,0,0,0,6
368088,jmlawind,,2,0,2,2,0,2,0,0,0,0,6
368091,maketon,,2,0,2,2,0,2,0,0,0,0,6
368098,DiegoAManrique,,2,0,2,2,0,2,0,0,0,0,5
368124,bassileo,,2,0,2,2,0,2,0,0,0,0,6
368127,MontDeMont,,2,0,2,2,0,2,0,0,0,0,5
368130,quintatemporada,,2,0,2,2,0,2,0,0,0,0,5
368135,iaioflautas,,2,0,2,2,0,2,0,0,0,0,5
368138,PAH_Madrid,,2,0,2,2,0,2,0,0,0,0,5
368139,InakiO,,2,0,2,2,0,2,0,0,0,0,5
368143,infoactivista,,2,0,2,2,0,2,0,0,0,0,5
368147,Juanita_90,,2,0,2,2,0,2,0,0,0,0,5
368148,Lets_Pacheco,,2,0,2,2,0,2,0,0,0,0,5
368150,ncbflyingfree,,2,0,2,2,0,2,0,0,0,0,1
368152,haveyoumetsibs,,2,0,2,2,0,2,0,0,0,0,6
368153,tuuiii,,2,0,2,2,0,2,0,0,0,0,5
368155,horasperdidas,,2,0,2,2,0,2,0,0,0,0,5
368162,pablo_pei,,2,0,2,2,0,2,0,0,0,0,5
368167,Marta__v,,2,0,2,2,0,2,0,0,0,0,3
368170,kurioso,,2,0,2,2,0,2,0,0,0,0,0
368173,Fotomaf,,2,0,2,2,0,2,0,0,0,0,5
368174,juanmilleiro,,2,0,2,2,0,2,0,0,0,0,5
368177,deanjnorris,,2,0,2,2,0,2,0,0,0,0,2
368188,Cineua,,2,0,2,2,0,2,0,0,0,0,5
368190,redrumum,,2,0,2,2,0,2,0,0,0,0,5
368196,merycarballo,,2,0,2,2,0,2,0,0,0,0,6
368197,dannissa072,,2,0,2,2,0,2,0,0,0,0,6
368198,_JuanLi,,2,0,2,2,0,2,0,0,0,0,6
368202,FranJBarros,,2,0,2,2,0,2,0,0,0,0,1
368203,Adelperi,,2,0,2,2,0,2,0,0,0,0,1
368205,laramv31,,2,0,2,2,0,2,0,0,0,0,6
368206,marupardal,,2,0,2,2,0,2,0,0,0,0,1
368214,Burrrcuu,,2,0,2,2,0,2,0,0,0,0,6
368220,vitivitis,,2,0,2,2,0,2,0,0,0,0,5
368222,HDCofisial,,2,0,2,2,0,2,0,0,0,0,5
368225,mannersramone,,2,0,2,2,0,2,0,0,0,0,5
368226,petitsusu,,2,0,2,2,0,2,0,0,0,0,6
368227,lourdesreyc,,2,0,2,2,0,2,0,0,0,0,6
368228,larafdez,,2,0,2,2,0,2,0,0,0,0,6
368229,j_oterob,,2,0,2,2,0,2,0,0,0,0,6
368230,Laura_DuPe,,2,0,2,2,0,2,0,0,0,0,6
368232,CuidadoCnPaloma,,2,0,2,2,0,2,0,0,0,0,6
368239,AlvaroOnieva,,2,0,2,2,0,2,0,0,0,0,0
368250,javierares,,2,0,2,2,0,2,0,0,0,0,5
368252,JesusMalaga,,2,0,2,2,0,2,0,0,0,0,5
368278,enclavedecine,,2,0,2,2,0,2,0,0,0,0,2
368287,cmisabelugr,,2,0,2,2,0,2,0,0,0,0,0
368288,CMUCCisneros,,2,0,2,2,0,2,0,0,0,0,0
368320,industriQuimica,,2,0,2,2,0,2,0,0,0,0,2
368384,SuiteLifeBCN,,2,0,2,2,0,2,0,0,0,0,2
368393,DeLCLancaster,,2,0,2,2,0,2,0,0,0,0,2
368436,NickPitera,,2,0,2,2,0,2,0,0,0,0,2
368454,jctodibo,,2,0,2,2,0,2,0,0,0,0,2
368777,tasty,,2,0,2,2,0,2,0,0,0,0,5
369551,josephsbcn,,2,0,2,2,0,2,0,0,0,0,7
369851,mateusoff,,2,0,2,2,0,2,0,0,0,0,2
369938,aalmeidaoficial,,2,0,2,2,0,2,0,0,0,0,2
369941,kmitroglou,,2,0,2,2,0,2,0,0,0,0,2
369954,carcela_mehdi,,2,0,2,2,0,2,0,0,0,0,2
369961,nicogaitan,,2,0,2,2,0,2,0,0,0,0,2
369985,Jonas_Gol,,3,0,3,3,0,3,0,0,0,0,2
369993,vlindelof,,2,0,2,2,0,2,0,0,0,0,2
370003,elspensaments,,2,0,2,2,0,2,0,0,0,0,2
370006,OmnisDanielus,,2,0,2,2,0,2,0,0,0,0,2
370035,_McGonagall_,,2,0,2,2,0,2,0,0,0,0,2
370041,FutbolBible,,2,0,2,2,0,2,0,0,0,0,2
370075,rachbeanz,,2,0,2,2,0,2,0,0,0,0,2
370076,russellhoward,,2,0,2,2,0,2,0,0,0,0,2
370082,arturmoraes1,,2,0,2,2,0,2,0,0,0,0,2
370090,Garay_24,,2,0,2,2,0,2,0,0,0,0,2
370097,aartiles24,,2,0,2,2,0,2,0,0,0,0,4
370106,josemarimayoral,,2,0,2,2,0,2,0,0,0,0,4
370116,ebdonamayor,,2,0,2,2,0,2,0,0,0,0,4
370124,Scientia_Ltd,,2,0,2,2,0,2,0,0,0,0,4
370137,todoua,,2,0,2,2,0,2,0,0,0,0,4
370165,WelcomeCityLab,,2,0,2,2,0,2,0,0,0,0,8
370201,worldcraze,,2,0,2,2,0,2,0,0,0,0,8
370202,InterUNL,,2,0,2,2,0,2,0,0,0,0,8
370206,intstuoffice,,2,0,2,2,0,2,0,0,0,0,8
370207,HowToEnjoyDotEU,,2,0,2,2,0,2,0,0,0,0,8
370209,G2BWorcs,,2,0,2,2,0,2,0,0,0,0,8
370219,leweb,,2,0,2,2,0,2,0,0,0,0,8
370227,Andreabrasil72,,2,0,2,2,0,2,0,0,0,0,0
370237,maherediadiaz,,2,0,2,2,0,2,0,0,0,0,2
370238,PaConejo,,2,0,2,2,0,2,0,0,0,0,0
370239,Maria2Gamez,,2,0,2,2,0,2,0,0,0,0,0
370240,EstefaniaPalop,,2,0,2,2,0,2,0,0,0,0,0
370244,Jaensemueve,,2,0,2,2,0,2,0,0,0,0,0
370245,granaventour,,2,0,2,2,0,2,0,0,0,0,0
370248,centronegocioGC,,2,0,2,2,0,2,0,0,0,0,0
370251,Sol_ES,,2,0,2,2,0,2,0,0,0,0,0
370263,Edu_Naranjo,,2,0,2,2,0,2,0,0,0,0,0
370265,ConchaCLC,,2,0,2,2,0,2,0,0,0,0,0
370284,JJaviPrados,,2,0,2,2,0,2,0,0,0,0,0
370294,POPE_antonio,,2,0,2,2,0,2,0,0,0,0,0
370318,ponchohd,,2,0,2,2,0,2,0,0,0,0,0
370319,davidzepeda1,,2,0,2,2,0,2,0,0,0,0,0
370320,willylevy29,,2,0,2,2,0,2,0,0,0,0,0
370322,christopheruck,,2,0,2,2,0,2,0,0,0,0,0
370323,cabreiroa,,2,0,2,2,0,2,0,0,0,0,0
370329,IglesiaJaen,,2,0,2,2,0,2,0,0,0,0,0
370353,Jaen_360,,2,0,2,2,0,2,0,0,0,0,0
370355,RaquelOtero7,,2,0,2,2,0,2,0,0,0,0,6
370361,japuneseta,,2,0,2,2,0,2,0,0,0,0,6
370365,clariya91,,2,0,2,2,0,2,0,0,0,0,0
370370,_ElClub,,2,0,2,2,0,2,0,0,0,0,0
370375,Rafachambi,,2,0,2,2,0,2,0,0,0,0,0
370377,DavidOPss,,2,0,2,2,0,2,0,0,0,0,0
370379,Tim_Cahill,,2,0,2,2,0,2,0,0,0,0,0
370385,thecampProvence,,2,0,2,2,0,2,0,0,0,0,1
370418,CROUSAixMars,,2,0,2,2,0,2,0,0,0,0,1
370420,bulshamu,,2,0,2,2,0,2,0,0,0,0,1
370426,SarahOBeirn,,2,0,2,2,0,2,0,0,0,0,1
370434,13zz1nha,,2,0,2,2,0,2,0,0,0,0,1
370448,Informeruah,,2,0,2,2,0,2,0,0,0,0,4
370469,TheCorkNews,,2,0,2,2,0,2,0,0,0,0,7
370470,corkindo,,2,0,2,2,0,2,0,0,0,0,7
370471,echolivecork,,2,0,2,2,0,2,0,0,0,0,7
370472,Corks96FM,,2,0,2,2,0,2,0,0,0,0,7
370528,MarriottIntl,,2,0,2,2,0,2,0,0,0,0,7
370529,crankyflier,,2,0,2,2,0,2,0,0,0,0,7
370530,benmutzabaugh,,2,0,2,2,0,2,0,0,0,0,7
370535,ConsumerReports,,2,0,2,2,0,2,0,0,0,0,7
370552,hospandleisure,,2,0,2,2,0,2,0,0,0,0,7
370555,retailfocus,,2,0,2,2,0,2,0,0,0,0,7
370561,arielwinter1,,2,0,2,2,0,2,0,0,0,0,7
370593,SocialProDaily,,2,0,2,2,0,2,0,0,0,0,7
370596,trivago,,2,0,2,2,0,2,0,0,0,0,7
370633,AliRuzicka,,2,0,2,2,0,2,0,0,0,0,7
370636,TheMuse,,2,0,2,2,0,2,0,0,0,0,7
370638,Nestle,,2,0,2,2,0,2,0,0,0,0,7
370641,Henkel,,2,0,2,2,0,2,0,0,0,0,7
370642,SzBrylski,,3,0,3,3,0,3,0,0,0,0,1
370650,milovana6,,2,0,2,2,0,2,0,0,0,0,1
370651,DolmanDorien,,2,0,2,2,0,2,0,0,0,0,1
370654,ISCTEIUL,,3,0,3,3,0,3,0,0,0,0,1
370671,invibo,,2,0,2,2,0,2,0,0,0,0,1
370692,EnglishHeritage,,2,0,2,2,0,2,0,0,0,0,2
370718,British_Design,,2,0,2,2,0,2,0,0,0,0,2
370741,MuseumsAssoc,,2,0,2,2,0,2,0,0,0,0,2
370742,AAMers,,2,0,2,2,0,2,0,0,0,0,2
370743,AskACurator,,2,0,2,2,0,2,0,0,0,0,2
370753,Petros_Sav,,3,0,3,3,0,3,0,0,0,0,1
370756,mrs_cutiepie,,2,0,2,2,0,2,0,0,0,0,7
370805,RoseEllenDix,,2,0,2,2,0,2,0,0,0,0,2
370811,CupcakeAddictAU,,2,0,2,2,0,2,0,0,0,0,2
370820,WaltDisneyCo,,2,0,2,2,0,2,0,0,0,0,2
370821,DisneyCruise,,2,0,2,2,0,2,0,0,0,0,2
370824,RosiannaRojas,,2,0,2,2,0,2,0,0,0,0,5
370826,booksandquills,,2,0,2,2,0,2,0,0,0,0,5
370854,hamogelo,,2,0,2,2,0,2,0,0,0,0,1
370866,johncusack,,2,0,2,2,0,2,0,0,0,0,2
370868,_juliannemoore,,2,0,2,2,0,2,0,0,0,0,5
370909,Ask_Al_Qassim,,2,0,2,2,0,2,0,0,0,0,3
370916,robertcarlyle_,,2,0,2,2,0,2,0,0,0,0,3
370918,jenmorrisonlive,,2,0,2,2,0,2,0,0,0,0,5
370977,OliviaPalermo,,3,0,3,3,0,3,0,0,0,0,2
371009,hmusa,,2,0,2,2,0,2,0,0,0,0,2
371023,mcq,,2,0,2,2,0,2,0,0,0,0,2
371025,alicecooper,,2,0,2,2,0,2,0,0,0,0,2
371027,DuffMcKagan,,2,0,2,2,0,2,0,0,0,0,2
371028,axlrose,,2,0,2,2,0,2,0,0,0,0,2
371031,pyrosvestiki,,2,0,2,2,0,2,0,0,0,0,1
371040,BritishRedCross,,2,0,2,2,0,2,0,0,0,0,3
371058,lifomag,,3,0,3,3,0,3,0,0,0,0,1
371064,KostasVaxevanis,,2,0,2,2,0,2,0,0,0,0,1
371076,FrankieJonas,,2,0,2,2,0,2,0,0,0,0,2
371089,nytimesbooks,,3,0,3,3,0,3,0,0,0,0,2
371095,MissSelfridge,,2,0,2,2,0,2,0,0,0,0,2
371097,BenefitUK,,2,0,2,2,0,2,0,0,0,0,2
371102,PlaisioOfficial,,2,0,2,2,0,2,0,0,0,0,1
371104,VeraWang,,2,0,2,2,0,2,0,0,0,0,2
371113,Ellinofreneia,,2,0,2,2,0,2,0,0,0,0,1
371114,AthensVoice,,2,0,2,2,0,2,0,0,0,0,1
371122,aegeanairlines,,2,0,2,2,0,2,0,0,0,0,3
371125,RosieHW,,2,0,2,2,0,2,0,0,0,0,5
371129,ninagarcia,,2,0,2,2,0,2,0,0,0,0,2
371152,TODAYshow,,2,0,2,2,0,2,0,0,0,0,1
371160,MillaJovovich,,2,0,2,2,0,2,0,0,0,0,5
371212,FashionCanada,,2,0,2,2,0,2,0,0,0,0,2
371213,americanapparel,,2,0,2,2,0,2,0,0,0,0,4
371215,dkny,,2,0,2,2,0,2,0,0,0,0,2
371219,maudnewton,,2,0,2,2,0,2,0,0,0,0,2
371222,nypl,,2,0,2,2,0,2,0,0,0,0,2
371225,edebisoztr,,2,0,2,2,0,2,0,0,0,0,3
371227,TwitBakani,,2,0,2,2,0,2,0,0,0,0,3
371229,enesozdemirnet,,2,0,2,2,0,2,0,0,0,0,3
371235,officialalihan,,2,0,2,2,0,2,0,0,0,0,3
371238,BugunGuncel,,2,0,2,2,0,2,0,0,0,0,3
371244,ineventsolution,,2,0,2,2,0,2,0,0,0,0,3
371245,ozgulofficial,,2,0,2,2,0,2,0,0,0,0,3
371255,UfukDemiray,,2,0,2,2,0,2,0,0,0,0,3
371261,arkadasteroru,,2,0,2,2,0,2,0,0,0,0,3
371262,AlaattinCAGIL,,2,0,2,2,0,2,0,0,0,0,3
371266,tolgaakpinar,,2,0,2,2,0,2,0,0,0,0,3
371270,ahmetkina_,,2,0,2,2,0,2,0,0,0,0,3
371274,erasmusluyuzbiz,,2,0,2,2,0,2,0,0,0,0,3
371291,DenizCabadak,,2,0,2,2,0,2,0,0,0,0,3
371298,50Sombras_ES,,2,0,2,2,0,2,0,0,0,0,1
371302,Vodafone_CU,,2,0,2,2,0,2,0,0,0,0,1
371329,umontpellier,,2,0,2,2,0,2,0,0,0,0,1
371344,olivez,,2,0,2,2,0,2,0,0,0,0,1
371356,mundusurbano,,2,0,2,2,0,2,0,0,0,0,1
371362,YouthScholarsh,,3,0,3,3,0,3,0,0,0,0,1
371408,principalitysta,,2,0,2,2,0,2,0,0,0,0,2
371412,atc_translation,,2,0,2,2,0,2,0,0,0,0,2
371416,iborganization,,2,0,2,2,0,2,0,0,0,0,2
371429,Gabriel_Mann,,2,0,2,2,0,2,0,0,0,0,2
371430,EmilyVanCamp,,2,0,2,2,0,2,0,0,0,0,2
371516,nachoboateng,,2,0,2,2,0,2,0,0,0,0,6
371520,Alice_es,,2,0,2,2,0,2,0,0,0,0,6
371521,Luciape94,,2,0,2,2,0,2,0,0,0,0,6
371522,MacaEvans,,2,0,2,2,0,2,0,0,0,0,6
371524,11Andrea19,,2,0,2,2,0,2,0,0,0,0,6
371534,Sheilalopez_62,,2,0,2,2,0,2,0,0,0,0,6
371537,Noelia_Vicas,,2,0,2,2,0,2,0,0,0,0,6
371541,juangs20,,2,0,2,2,0,2,0,0,0,0,6
371551,marcos_espejo,,2,0,2,2,0,2,0,0,0,0,6
371564,CrisVvvvv,,2,0,2,2,0,2,0,0,0,0,6
371565,Ana_cas5,,2,0,2,2,0,2,0,0,0,0,6
371570,Ag95Laura,,2,0,2,2,0,2,0,0,0,0,6
371583,LolaRamos94,,2,0,2,2,0,2,0,0,0,0,6
371585,paulino_pau,,2,0,2,2,0,2,0,0,0,0,6
371594,anaB_mj,,2,0,2,2,0,2,0,0,0,0,6
371597,german_bg,,2,0,2,2,0,2,0,0,0,0,6
371599,JuaeValencia,,2,0,2,2,0,2,0,0,0,0,6
371611,officialmcafee,,2,0,2,2,0,2,0,0,0,0,2
371613,AlumnosUCMsuppo,,2,0,2,2,0,2,0,0,0,0,1
371615,renatguz,,2,0,2,2,0,2,0,0,0,0,2
371627,cursosybecas,,2,0,2,2,0,2,0,0,0,0,2
371637,Carmen__94,,2,0,2,2,0,2,0,0,0,0,2
371639,MikeDHender,,2,0,2,2,0,2,0,0,0,0,2
371641,PacoTitos7,,2,0,2,2,0,2,0,0,0,0,2
371643,Andreaa28car,,2,0,2,2,0,2,0,0,0,0,2
371648,AARON_HT_11,,2,0,2,2,0,2,0,0,0,0,2
371649,marinapulido24,,2,0,2,2,0,2,0,0,0,0,4
371650,marilolessr,,2,0,2,2,0,2,0,0,0,0,2
371655,Marina_DelgadoB,,3,0,3,3,0,3,0,0,0,0,2
371661,ElenaCaRu,,2,0,2,2,0,2,0,0,0,0,2
371676,WWarszawa,,2,0,2,2,0,2,0,0,0,0,1
371677,radiokampus,,2,0,2,2,0,2,0,0,0,0,1
371678,naukawpolsce,,3,0,3,3,0,3,0,0,0,0,1
371679,NAUKA_GOV_PL,,2,0,2,2,0,2,0,0,0,0,1
371680,UniwerekTV,,2,0,2,2,0,2,0,0,0,0,1
371681,dlaStudenta,,2,0,2,2,0,2,0,0,0,0,1
371683,CZIiTT_PW,,2,0,2,2,0,2,0,0,0,0,1
371697,cnkopernik,,2,0,2,2,0,2,0,0,0,0,1
371700,polibuda_info,,2,0,2,2,0,2,0,0,0,0,1
371703,MacaPozo19,,2,0,2,2,0,2,0,0,0,0,1
371707,StayPoland,,2,0,2,2,0,2,0,0,0,0,1
371708,mycampusgr,,2,0,2,2,0,2,0,0,0,0,1
371710,moviinn,,2,0,2,2,0,2,0,0,0,0,1
371711,mbaexchange,,2,0,2,2,0,2,0,0,0,0,1
371717,Sylsan,,2,0,2,2,0,2,0,0,0,0,1
371720,AMnrd,,2,0,2,2,0,2,0,0,0,0,1
371722,Tzetzilia,,2,0,2,2,0,2,0,0,0,0,3
371723,LucaDonato6,,2,0,2,2,0,2,0,0,0,0,3
371730,MarcoGroppelli,,2,0,2,2,0,2,0,0,0,0,3
371735,PaoloMasiello,,2,0,2,2,0,2,0,0,0,0,3
371736,DanieleLamastra,,2,0,2,2,0,2,0,0,0,0,3
371740,PonciaOB,,2,0,2,2,0,2,0,0,0,0,3
371741,AllanBlumage,,2,0,2,2,0,2,0,0,0,0,3
371742,lucacarnovale,,2,0,2,2,0,2,0,0,0,0,3
371743,DieAnto82,,2,0,2,2,0,2,0,0,0,0,3
371747,mimmo_criscito4,,2,0,2,2,0,2,0,0,0,0,3
371750,DOTmardok,,2,0,2,2,0,2,0,0,0,0,3
371752,GiuseppeTheWall,,2,0,2,2,0,2,0,0,0,0,3
371755,NereaBilbao,,2,0,2,2,0,2,0,0,0,0,3
371756,superape9,,2,0,2,2,0,2,0,0,0,0,3
371757,StefanoGrita,,2,0,2,2,0,2,0,0,0,0,3
371758,PaolaGiannotti,,2,0,2,2,0,2,0,0,0,0,3
371759,robustellisalva,,2,0,2,2,0,2,0,0,0,0,3
371760,LgnaThomas,,3,0,3,3,0,3,0,0,0,0,3
371761,Gayosico,,3,0,3,3,0,3,0,0,0,0,3
371762,Nadiya_Iyerus,,2,0,2,2,0,2,0,0,0,0,3
371764,vperezmartos,,2,0,2,2,0,2,0,0,0,0,3
371769,chicco1986,,3,0,3,3,0,3,0,0,0,0,3
371770,conteanto91,,2,0,2,2,0,2,0,0,0,0,3
371772,metmarianna,,2,0,2,2,0,2,0,0,0,0,3
371774,CerielloIlaria,,2,0,2,2,0,2,0,0,0,0,6
371779,mythessaloniki,,2,0,2,2,0,2,0,0,0,0,1
371780,DiscoverGRcom,,2,0,2,2,0,2,0,0,0,0,1
371781,filmfestivalgr,,2,0,2,2,0,2,0,0,0,0,1
371783,TEDxThess,,2,0,2,2,0,2,0,0,0,0,1
371814,MeridiemGames,,2,0,2,2,0,2,0,0,0,0,2
371816,CelesteGonzalez,,2,0,2,2,0,2,0,0,0,0,2
371818,nschurter,,2,0,2,2,0,2,0,0,0,0,2
371820,Strava,,2,0,2,2,0,2,0,0,0,0,2
371821,cannondalePro,,2,0,2,2,0,2,0,0,0,0,2
371822,frikileria,,2,0,2,2,0,2,0,0,0,0,2
371831,VerticalBike8h,,3,0,3,3,0,3,0,0,0,0,2
371835,1fullana,,2,0,2,2,0,2,0,0,0,0,2
371838,TheDivisionGame,,2,0,2,2,0,2,0,0,0,0,2
371841,KatiaAveiro,,2,0,2,2,0,2,0,0,0,0,2
371846,wbgames,,2,0,2,2,0,2,0,0,0,0,2
371851,SuckerPunchProd,,2,0,2,2,0,2,0,0,0,0,6
371856,Sr_Coque_LQSA,,2,0,2,2,0,2,0,0,0,0,5
371857,MatiasPratsTV,,2,0,2,2,0,2,0,0,0,0,5
371859,mcolmenerro,,2,0,2,2,0,2,0,0,0,0,2
371864,NVIDIAGeForceES,,2,0,2,2,0,2,0,0,0,0,2
371865,BandaiNamcoES,,2,0,2,2,0,2,0,0,0,0,6
371870,FACiclismo,,2,0,2,2,0,2,0,0,0,0,2
371873,KONAMI_ES,,2,0,2,2,0,2,0,0,0,0,2
371874,InsideGaming,,2,0,2,2,0,2,0,0,0,0,2
371875,Capcom_Es,,2,0,2,2,0,2,0,0,0,0,6
371876,Correcaminos_55,,2,0,2,2,0,2,0,0,0,0,2
371877,LONDON_CAFE_PUB,,2,0,2,2,0,2,0,0,0,0,2
371895,Fnac_Libros,,2,0,2,2,0,2,0,0,0,0,1
371896,Fnac_Cine,,2,0,2,2,0,2,0,0,0,0,2
371898,Fnac_Ofertas,,2,0,2,2,0,2,0,0,0,0,1
371900,aliciaarizam,,2,0,2,2,0,2,0,0,0,0,2
371904,7_RaulGlez,,2,0,2,2,0,2,0,0,0,0,5
371905,PizzasSantaAna,,2,0,2,2,0,2,0,0,0,0,2
371907,RockstarGTAV,,2,0,2,2,0,2,0,0,0,0,2
371915,PlayStation_LA,,2,0,2,2,0,2,0,0,0,0,2
371920,PuertaBernina,,2,0,2,2,0,2,0,0,0,0,2
371929,luijemaldonado,,2,0,2,2,0,2,0,0,0,0,2
371937,DigitalTooGames,,2,0,2,2,0,2,0,0,0,0,2
371945,PS3conClase,,2,0,2,2,0,2,0,0,0,0,2
371948,manu_delcampo,,2,0,2,2,0,2,0,0,0,0,2
371956,virginiecapric,,2,0,2,2,0,2,0,0,0,0,5
371963,applelizados,,2,0,2,2,0,2,0,0,0,0,6
371984,bernibarrachina,,2,0,2,2,0,2,0,0,0,0,1
371986,Marirm90,,2,0,2,2,0,2,0,0,0,0,6
371989,cotilleo_es,,2,0,2,2,0,2,0,0,0,0,0
371991,rrpp_luiso,,2,0,2,2,0,2,0,0,0,0,0
371995,JuliaBargallo,,2,0,2,2,0,2,0,0,0,0,0
371996,Cara_al_bot,,2,0,2,2,0,2,0,0,0,0,6
372004,Olguiviri7,,2,0,2,2,0,2,0,0,0,0,0
372018,FortesRocio20,,2,0,2,2,0,2,0,0,0,0,0
372021,_Estebillan,,2,0,2,2,0,2,0,0,0,0,0
372028,DaliaEspigares,,2,0,2,2,0,2,0,0,0,0,0
372036,Fran_m0raleS,,3,0,3,3,0,3,0,0,0,0,6
372040,mariiaalg,,2,0,2,2,0,2,0,0,0,0,0
372043,alicxvp,,2,0,2,2,0,2,0,0,0,0,6
372051,Anita6M,,2,0,2,2,0,2,0,0,0,0,0
372055,juanchinchilla_,,2,0,2,2,0,2,0,0,0,0,0
372060,CuriosilloWeb,,2,0,2,2,0,2,0,0,0,0,0
372068,IreneIsra11,,2,0,2,2,0,2,0,0,0,0,0
372069,evamgh_,,2,0,2,2,0,2,0,0,0,0,0
372077,juanpuertasm,,2,0,2,2,0,2,0,0,0,0,0
372080,paulitalitalita,,2,0,2,2,0,2,0,0,0,0,0
372086,RebellLove,,2,0,2,2,0,2,0,0,0,0,0
372090,elesalaverri,,2,0,2,2,0,2,0,0,0,0,6
372096,Anitta_14,,2,0,2,2,0,2,0,0,0,0,6
372099,enriqueguardia2,,2,0,2,2,0,2,0,0,0,0,0
372105,lauraSanchzmart,,2,0,2,2,0,2,0,0,0,0,5
372107,Tattybalao,,2,0,2,2,0,2,0,0,0,0,0
372119,lauravilla05,,2,0,2,2,0,2,0,0,0,0,6
372120,rapso_,,2,0,2,2,0,2,0,0,0,0,0
372124,isaac_granada,,2,0,2,2,0,2,0,0,0,0,0
372130,eviillaperez,,2,0,2,2,0,2,0,0,0,0,0
372152,gastonaducci20,,2,0,2,2,0,2,0,0,0,0,0
372158,mirenxu_loki,,2,0,2,2,0,2,0,0,0,0,0
372160,IreneCmp,,2,0,2,2,0,2,0,0,0,0,6
372161,LuciaCc17,,2,0,2,2,0,2,0,0,0,0,0
372162,casuals_m,,2,0,2,2,0,2,0,0,0,0,0
372165,RositaOcana,,2,0,2,2,0,2,0,0,0,0,0
372166,AlejandraGutG,,2,0,2,2,0,2,0,0,0,0,0
372167,Guete_92,,2,0,2,2,0,2,0,0,0,0,0
372168,jaivi_gr,,2,0,2,2,0,2,0,0,0,0,0
372172,paky_torre,,2,0,2,2,0,2,0,0,0,0,0
372175,irene_pedraza,,2,0,2,2,0,2,0,0,0,0,0
372180,MariaLeyva_,,2,0,2,2,0,2,0,0,0,0,6
372185,PaolitaViG,,2,0,2,2,0,2,0,0,0,0,0
372189,robertolpzmor,,2,0,2,2,0,2,0,0,0,0,0
372196,YonhyRomero,,2,0,2,2,0,2,0,0,0,0,6
372198,EmilioMrt,,2,0,2,2,0,2,0,0,0,0,0
372201,mariluz_ruiz,,2,0,2,2,0,2,0,0,0,0,0
372202,MandalayGranada,,3,0,3,3,0,3,0,0,0,0,0
372204,LuisMSalaverri,,2,0,2,2,0,2,0,0,0,0,0
372205,SamuelSuarez86,,2,0,2,2,0,2,0,0,0,0,0
372206,Crisgadeita,,2,0,2,2,0,2,0,0,0,0,6
372216,pichele19,,2,0,2,2,0,2,0,0,0,0,0
372223,luchi_tova,,2,0,2,2,0,2,0,0,0,0,5
372224,merce_monty1,,2,0,2,2,0,2,0,0,0,0,6
372225,RocioFdzPadilla,,2,0,2,2,0,2,0,0,0,0,0
372229,AlfonsoMerinoGr,,2,0,2,2,0,2,0,0,0,0,6
372230,AaMartine11,,2,0,2,2,0,2,0,0,0,0,6
372234,NayraCamposP,,2,0,2,2,0,2,0,0,0,0,6
372235,krisBonachera,,2,0,2,2,0,2,0,0,0,0,0
372238,mariarbpsico,,2,0,2,2,0,2,0,0,0,0,0
372240,Santititiburon,,2,0,2,2,0,2,0,0,0,0,6
372243,David_Cordoba88,,2,0,2,2,0,2,0,0,0,0,0
372244,LauritaCanton,,2,0,2,2,0,2,0,0,0,0,0
372246,sHakSimRacing,,2,0,2,2,0,2,0,0,0,0,0
372250,santiagomilla4,,2,0,2,2,0,2,0,0,0,0,0
372252,zulevid,,2,0,2,2,0,2,0,0,0,0,0
372254,sachacamara7,,2,0,2,2,0,2,0,0,0,0,5
372257,sergiocamara4,,2,0,2,2,0,2,0,0,0,0,0
372258,Cristina_Aguil,,2,0,2,2,0,2,0,0,0,0,0
372259,ernest865,,2,0,2,2,0,2,0,0,0,0,0
372262,LeticiaLetisr,,2,0,2,2,0,2,0,0,0,0,0
372263,LaCunaSN,,2,0,2,2,0,2,0,0,0,0,0
372267,MartaCGlez,,2,0,2,2,0,2,0,0,0,0,0
372268,tatolions,,2,0,2,2,0,2,0,0,0,0,0
372269,cristinaSom,,2,0,2,2,0,2,0,0,0,0,0
372272,davidluismolina,,2,0,2,2,0,2,0,0,0,0,0
372273,valientechurr,,2,0,2,2,0,2,0,0,0,0,0
372275,LaiosLeza,,2,0,2,2,0,2,0,0,0,0,0
372312,RFI_Es,,2,0,2,2,0,2,0,0,0,0,4
372407,red_seca,,2,0,2,2,0,2,0,0,0,0,4
372415,RevistaEstePais,,2,0,2,2,0,2,0,0,0,0,4
372416,Pajaropolitico,,2,0,2,2,0,2,0,0,0,0,4
372437,nexosmexico,,2,0,2,2,0,2,0,0,0,0,4
372467,sestudUV,,2,0,2,2,0,2,0,0,0,0,6
372471,TodoAlmodovar,,2,0,2,2,0,2,0,0,0,0,4
372474,Letras_Libres,,2,0,2,2,0,2,0,0,0,0,4
372499,LeonBenLarregui,,2,0,2,2,0,2,0,0,0,0,4
372504,elcolmex,,2,0,2,2,0,2,0,0,0,0,4
372543,revista_unam,,2,0,2,2,0,2,0,0,0,0,4
372574,Stephen_2351,,2,0,2,2,0,2,0,0,0,0,4
372658,ElGabo,,2,0,2,2,0,2,0,0,0,0,2
372688,UGGLYTRUTH,,2,0,2,2,0,2,0,0,0,0,4
372692,jjbareapr,,2,0,2,2,0,2,0,0,0,0,4
372706,TransitoPR,,2,0,2,2,0,2,0,0,0,0,4
372719,WapaTV,,2,0,2,2,0,2,0,0,0,0,4
372720,TelemundoPR,,2,0,2,2,0,2,0,0,0,0,4
372733,primerahora,,2,0,2,2,0,2,0,0,0,0,4
372734,ElNuevoDia,,2,0,2,2,0,2,0,0,0,0,4
372743,Petesandiford,,2,0,2,2,0,2,0,0,0,0,2
372755,keanuthings,,2,0,2,2,0,2,0,0,0,0,2
372758,GatenM123,,2,0,2,2,0,2,0,0,0,0,2
372761,alexander_olly,,2,0,2,2,0,2,0,0,0,0,2
372793,_richardmadden,,2,0,2,2,0,2,0,0,0,0,2
372795,hughlaurie,,2,0,2,2,0,2,0,0,0,0,2
372806,PedroPascal1,,2,0,2,2,0,2,0,0,0,0,2
372824,danieljgillies,,2,0,2,2,0,2,0,0,0,0,2
372845,LangSoc_Bangor,,2,0,2,2,0,2,0,0,0,0,2
372855,FourLanguages,,2,0,2,2,0,2,0,0,0,0,2
372858,SivaKaneswaran,,2,0,2,2,0,2,0,0,0,0,2
372863,themichaelcaine,,2,0,2,2,0,2,0,0,0,0,2
372875,Perestrello1991,,2,0,2,2,0,2,0,0,0,0,1
372903,ghepardolesto,,2,0,2,2,0,2,0,0,0,0,1
372947,roseferrin,,2,0,2,2,0,2,0,0,0,0,1
372975,rtelamora,,2,0,2,2,0,2,0,0,0,0,6
372981,ManuelRamrezMa1,,2,0,2,2,0,2,0,0,0,0,6
373010,Fedetaxi,,2,0,2,2,0,2,0,0,0,0,2
373042,Alexisbrujos,,2,0,2,2,0,2,0,0,0,0,0
373053,radiokable,,2,0,2,2,0,2,0,0,0,0,6
373054,joseantoniomm72,,3,0,3,3,0,3,0,0,0,0,0
373068,RadioTaxiJaen,,2,0,2,2,0,2,0,0,0,0,0
373077,licenciasdetaxi,,2,0,2,2,0,2,0,0,0,0,6
373104,Grupodyp,,2,0,2,2,0,2,0,0,0,0,6
373114,CICLOTAXI1,,2,0,2,2,0,2,0,0,0,0,6
373126,TLibano_FranB,,2,0,2,2,0,2,0,0,0,0,6
373135,Lunablackwolf2,,2,0,2,2,0,2,0,0,0,0,0
373144,olgaiaez,,2,0,2,2,0,2,0,0,0,0,0
373145,Jesus_Uthopia,,2,0,2,2,0,2,0,0,0,0,6
373168,odontologiagran,,2,0,2,2,0,2,0,0,0,0,4
373180,laurarod7,,2,0,2,2,0,2,0,0,0,0,0
373181,Nzrthf,,2,0,2,2,0,2,0,0,0,0,6
373190,BelenSA,,2,0,2,2,0,2,0,0,0,0,6
373191,SensiBeas,,2,0,2,2,0,2,0,0,0,0,6
373197,PacoRuiz3,,2,0,2,2,0,2,0,0,0,0,5
373210,alvarochirosa,,2,0,2,2,0,2,0,0,0,0,0
373221,mercheli,,2,0,2,2,0,2,0,0,0,0,5
373222,_eliasgarcia96,,2,0,2,2,0,2,0,0,0,0,6
373244,jaimeskater2011,,2,0,2,2,0,2,0,0,0,0,6
373250,AntonioooRM,,2,0,2,2,0,2,0,0,0,0,6
373252,Monkeytjtanja,,2,0,2,2,0,2,0,0,0,0,5
373262,JulioMedinaB,,2,0,2,2,0,2,0,0,0,0,6
373263,Fatimaavg,,2,0,2,2,0,2,0,0,0,0,6
373270,martagigins,,2,0,2,2,0,2,0,0,0,0,8
373275,MariaLozanoGarc,,2,0,2,2,0,2,0,0,0,0,0
373281,jesusduranmayor,,2,0,2,2,0,2,0,0,0,0,6
373282,DavidGLeyva,,2,0,2,2,0,2,0,0,0,0,6
373286,pedrofdez,,2,0,2,2,0,2,0,0,0,0,6
373294,hazteunque,,2,0,2,2,0,2,0,0,0,0,6
373302,gemartema,,2,0,2,2,0,2,0,0,0,0,6
373315,Berbelius,,2,0,2,2,0,2,0,0,0,0,6
373318,RocioHP3,,2,0,2,2,0,2,0,0,0,0,5
373325,jaimemandarino,,2,0,2,2,0,2,0,0,0,0,6
373343,PibecaSolutions,,2,0,2,2,0,2,0,0,0,0,4
373346,plazaeuropa_,,2,0,2,2,0,2,0,0,0,0,6
373347,SabiasQueCCC,,2,0,2,2,0,2,0,0,0,0,4
373348,casacochecurro,,2,0,2,2,0,2,0,0,0,0,4
373360,RuralCazorla,,2,0,2,2,0,2,0,0,0,0,6
373363,RTTaxi,,2,0,2,2,0,2,0,0,0,0,6
373375,RubenJDelValle,,2,0,2,2,0,2,0,0,0,0,6
373376,HotelSolut,,2,0,2,2,0,2,0,0,0,0,0
373404,Adaleza,,2,0,2,2,0,2,0,0,0,0,4
373432,LaVozdeGijon,,2,0,2,2,0,2,0,0,0,0,4
373435,Paisaje_Rural,,2,0,2,2,0,2,0,0,0,0,6
373447,Taxiacoruna,,2,0,2,2,0,2,0,0,0,0,6
373450,mdsmadrid1,,2,0,2,2,0,2,0,0,0,0,2
373455,Apps_Turismo,,2,0,2,2,0,2,0,0,0,0,6
373457,fotostarifa,,3,0,3,3,0,3,0,0,0,0,6
373465,HivisaConnect,,2,0,2,2,0,2,0,0,0,0,6
373467,Provarabe,,2,0,2,2,0,2,0,0,0,0,6
373469,masquecruceros1,,2,0,2,2,0,2,0,0,0,0,6
373470,pasionxgranada,,3,0,3,3,0,3,0,0,0,0,0
373473,alfa0037,,2,0,2,2,0,2,0,0,0,0,0
373474,junior_travel,,2,0,2,2,0,2,0,0,0,0,0
373475,nanohevia,,2,0,2,2,0,2,0,0,0,0,6
373477,Pabloferam,,2,0,2,2,0,2,0,0,0,0,0
373480,22ilusion,,2,0,2,2,0,2,0,0,0,0,6
373491,mcavila,,2,0,2,2,0,2,0,0,0,0,6
373492,FMalagaClasica,,2,0,2,2,0,2,0,0,0,0,0
373498,MarcaParqueNatu,,2,0,2,2,0,2,0,0,0,0,4
373501,TabernaQuinta,,2,0,2,2,0,2,0,0,0,0,6
373518,Nefer_Spa,,2,0,2,2,0,2,0,0,0,0,6
373529,mecanicoMistico,,2,0,2,2,0,2,0,0,0,0,6
373530,TurAlgarinejo,,2,0,2,2,0,2,0,0,0,0,6
373531,TurismoGuadix,,3,0,3,3,0,3,0,0,0,0,6
373532,forummontefrio,,3,0,3,3,0,3,0,0,0,0,6
373538,alexandramor_,,2,0,2,2,0,2,0,0,0,0,6
373539,VictorFdezZz,,2,0,2,2,0,2,0,0,0,0,6
373541,Peabody_Peacock,,2,0,2,2,0,2,0,0,0,0,0
373542,FernaPertuz,,2,0,2,2,0,2,0,0,0,0,3
373543,architect_estep,,3,0,3,3,0,3,0,0,0,0,0
373547,Elenita_gg,,2,0,2,2,0,2,0,0,0,0,6
373548,ccecilianavarro,,3,0,3,3,0,3,0,0,0,0,6
373566,VictorCocaIzq,,2,0,2,2,0,2,0,0,0,0,6
373569,iire15,,3,0,3,3,0,3,0,0,0,0,6
373571,AnaE1993,,2,0,2,2,0,2,0,0,0,0,6
373573,Jose_M93,,2,0,2,2,0,2,0,0,0,0,0
373579,sandrajp4,,2,0,2,2,0,2,0,0,0,0,6
373580,Albagalian,,2,0,2,2,0,2,0,0,0,0,6
373581,Nereaahr,,2,0,2,2,0,2,0,0,0,0,6
373585,JosedelaTeja,,2,0,2,2,0,2,0,0,0,0,5
373591,SilviaLamolda,,2,0,2,2,0,2,0,0,0,0,6
373592,JesvsPerez,,2,0,2,2,0,2,0,0,0,0,5
373612,fabii_at,,2,0,2,2,0,2,0,0,0,0,6
373615,TaxiPadul,,2,0,2,2,0,2,0,0,0,0,0
373629,IncorporaMkt,,2,0,2,2,0,2,0,0,0,0,6
373630,cliff10Aboagye,,2,0,2,2,0,2,0,0,0,0,6
373631,cmaelobravo,,2,0,2,2,0,2,0,0,0,0,6
373632,atezaincoach,,2,0,2,2,0,2,0,0,0,0,6
373633,sissokoabdou90,,2,0,2,2,0,2,0,0,0,0,6
373634,JomaSport,,2,0,2,2,0,2,0,0,0,0,6
373645,taxideleon,,2,0,2,2,0,2,0,0,0,0,6
373652,almeriataxi,,2,0,2,2,0,2,0,0,0,0,6
373680,TaxiCiudad,,2,0,2,2,0,2,0,0,0,0,6
373690,TeleTaxiJerez,,2,0,2,2,0,2,0,0,0,0,1
373752,taxi_Tomasa,,2,0,2,2,0,2,0,0,0,0,6
373788,AlvareJoaquin,,2,0,2,2,0,2,0,0,0,0,6
373799,FPtaxiMadrid,,2,0,2,2,0,2,0,0,0,0,2
373807,NOE_MORAL,,2,0,2,2,0,2,0,0,0,0,6
373816,PascualAnguita,,2,0,2,2,0,2,0,0,0,0,6
373819,luaguive,,2,0,2,2,0,2,0,0,0,0,6
373821,91minutosGraCF,,3,0,3,3,0,3,0,0,0,0,0
373827,mdita,,2,0,2,2,0,2,0,0,0,0,6
373828,mititilla,,2,0,2,2,0,2,0,0,0,0,6
373829,Monica29781,,2,0,2,2,0,2,0,0,0,0,6
373833,antonio_other,,2,0,2,2,0,2,0,0,0,0,6
373837,MarianFDGr,,2,0,2,2,0,2,0,0,0,0,6
373838,BelenDT,,2,0,2,2,0,2,0,0,0,0,6
373840,jacorpas,,2,0,2,2,0,2,0,0,0,0,6
373841,ariglo02,,2,0,2,2,0,2,0,0,0,0,6
373848,CristiUM3,,2,0,2,2,0,2,0,0,0,0,0
373850,magalop,,2,0,2,2,0,2,0,0,0,0,6
373853,luis_andalou,,2,0,2,2,0,2,0,0,0,0,0
373854,mortegaberbel,,2,0,2,2,0,2,0,0,0,0,6
373860,MariniRG,,2,0,2,2,0,2,0,0,0,0,0
373874,Anitalopez92,,2,0,2,2,0,2,0,0,0,0,6
373876,MariaLopezRodri,,2,0,2,2,0,2,0,0,0,0,6
373877,Venagranaday,,2,0,2,2,0,2,0,0,0,0,0
373879,moihuetor,,2,0,2,2,0,2,0,0,0,0,6
373887,nunuir,,2,0,2,2,0,2,0,0,0,0,6
373903,fany2_4,,2,0,2,2,0,2,0,0,0,0,6
373914,Davidmreyess,,2,0,2,2,0,2,0,0,0,0,6
373915,jose_ccan,,2,0,2,2,0,2,0,0,0,0,6
373921,albitaMoc,,2,0,2,2,0,2,0,0,0,0,6
373939,puertolobo,,2,0,2,2,0,2,0,0,0,0,0
373966,LoloCG8,,2,0,2,2,0,2,0,0,0,0,6
373978,viajesglobalia,,2,0,2,2,0,2,0,0,0,0,6
373984,LuciiaRu,,2,0,2,2,0,2,0,0,0,0,6
373986,14VCR14,,2,0,2,2,0,2,0,0,0,0,6
373992,madrid2424,,2,0,2,2,0,2,0,0,0,0,6
374004,viole2313,,2,0,2,2,0,2,0,0,0,0,6
374015,ignacio__mr,,2,0,2,2,0,2,0,0,0,0,6
374019,DavidCallejas94,,2,0,2,2,0,2,0,0,0,0,6
374021,laurahitaa,,2,0,2,2,0,2,0,0,0,0,6
374024,pavilo5000,,2,0,2,2,0,2,0,0,0,0,5
374030,CristinaOrteg27,,2,0,2,2,0,2,0,0,0,0,6
374031,Maryfr94,,2,0,2,2,0,2,0,0,0,0,0
374032,SiilviiaArroyo,,2,0,2,2,0,2,0,0,0,0,6
374037,jmexposi,,2,0,2,2,0,2,0,0,0,0,0
374038,javichv,,2,0,2,2,0,2,0,0,0,0,6
374046,EvaRosillo,,2,0,2,2,0,2,0,0,0,0,6
374047,NoeliadelaO,,2,0,2,2,0,2,0,0,0,0,6
374055,pelirrojita93,,2,0,2,2,0,2,0,0,0,0,0
374057,3052Patry,,2,0,2,2,0,2,0,0,0,0,6
374076,MarioAvilesV,,2,0,2,2,0,2,0,0,0,0,6
374078,FAAT_Andalucia,,3,0,3,3,0,3,0,0,0,0,0
374096,Oxfam_DE,,2,0,2,2,0,2,0,0,0,0,1
374105,UNICEFgermany,,2,0,2,2,0,2,0,0,0,0,1
374110,diegopsuarez,,2,0,2,2,0,2,0,0,0,0,0
374111,ComerciosGRA,,2,0,2,2,0,2,0,0,0,0,0
374117,guillermoacuna,,2,0,2,2,0,2,0,0,0,0,2
374119,Marsize12,,2,0,2,2,0,2,0,0,0,0,6
374127,mariadolores_SC,,2,0,2,2,0,2,0,0,0,0,0
374128,Marian_Adan_Paz,,2,0,2,2,0,2,0,0,0,0,0
374133,pressdigital,,2,0,2,2,0,2,0,0,0,0,2
374158,Cs_LGTBI,,2,0,2,2,0,2,0,0,0,0,2
374163,UnionGC,,2,0,2,2,0,2,0,0,0,0,0
374202,ToniSubiela,,2,0,2,2,0,2,0,0,0,0,0
374215,StopLGBTfobia,,2,0,2,2,0,2,0,0,0,0,0
374217,placidoleyval,,2,0,2,2,0,2,0,0,0,0,0
374218,GJovenViaCrucis,,2,0,2,2,0,2,0,0,0,0,0
374223,COAGANDALUCIA,,2,0,2,2,0,2,0,0,0,0,0
374227,asociacionMIT,,2,0,2,2,0,2,0,0,0,0,0
374236,CsBadajoz,,2,0,2,2,0,2,0,0,0,0,2
374245,jgabrielre,,2,0,2,2,0,2,0,0,0,0,0
374256,VicenteTen,,2,0,2,2,0,2,0,0,0,0,0
374257,aespice,,2,0,2,2,0,2,0,0,0,0,0
374263,exceliente,,2,0,2,2,0,2,0,0,0,0,0
374272,estrellacosgr,,2,0,2,2,0,2,0,0,0,0,0
374273,GJovenEstrella,,2,0,2,2,0,2,0,0,0,0,0
374274,TrabajoyLuz,,2,0,2,2,0,2,0,0,0,0,0
374284,paxtoine,,2,0,2,2,0,2,0,0,0,0,0
374309,CIENTOUNERO1965,,2,0,2,2,0,2,0,0,0,0,0
374322,jmfbacas,,2,0,2,2,0,2,0,0,0,0,0
374330,ansazar,,2,0,2,2,0,2,0,0,0,0,0
374356,FranLopez140180,,2,0,2,2,0,2,0,0,0,0,0
374363,Equinoxradio,,2,0,2,2,0,2,0,0,0,0,0
374365,aybarrapacheco,,2,0,2,2,0,2,0,0,0,0,0
374378,vellido_angel,,2,0,2,2,0,2,0,0,0,0,0
374382,MobilityUGR,,2,0,2,2,0,2,0,0,0,0,6
374383,ETSIIT_Furiosa,,2,0,2,2,0,2,0,0,0,0,8
374385,jlperojudicial,,2,0,2,2,0,2,0,0,0,0,0
374387,MjespinosaM,,2,0,2,2,0,2,0,0,0,0,0
374400,franlirola,,2,0,2,2,0,2,0,0,0,0,0
374411,donluisfe,,2,0,2,2,0,2,0,0,0,0,4
374412,Asogaf,,2,0,2,2,0,2,0,0,0,0,0
374422,Cs_SevNorte,,2,0,2,2,0,2,0,0,0,0,0
374439,MayoralMarc,,2,0,2,2,0,2,0,0,0,0,0
374466,1246JOEL,,2,0,2,2,0,2,0,0,0,0,0
374471,MAngelesPedraza,,2,0,2,2,0,2,0,0,0,0,0
374473,MediterraneoDGT,,2,0,2,2,0,2,0,0,0,0,2
374475,Mas_Seguro,,2,0,2,2,0,2,0,0,0,0,0
374483,EmpanaosEstamos,,2,0,2,2,0,2,0,0,0,0,0
374484,AntonioTroyano,,2,0,2,2,0,2,0,0,0,0,6
374486,pablo1990am,,2,0,2,2,0,2,0,0,0,0,5
374493,g_alcalde,,2,0,2,2,0,2,0,0,0,0,6
374498,FerrizRosa,,2,0,2,2,0,2,0,0,0,0,0
374502,ArtDGranada,,2,0,2,2,0,2,0,0,0,0,0
374504,GermanD83,,2,0,2,2,0,2,0,0,0,0,0
374505,SergioVanoG,,2,0,2,2,0,2,0,0,0,0,0
374506,ManuPenaGestido,,2,0,2,2,0,2,0,0,0,0,0
374519,fansgranada,,2,0,2,2,0,2,0,0,0,0,2
374526,mariajsramirez7,,2,0,2,2,0,2,0,0,0,0,0
374540,CsAntequera,,2,0,2,2,0,2,0,0,0,0,0
374541,CsRinconVict,,2,0,2,2,0,2,0,0,0,0,0
374544,CsTorredonjimen,,2,0,2,2,0,2,0,0,0,0,0
374552,eflapresen,,2,0,2,2,0,2,0,0,0,0,0
374558,rguezbernal,,2,0,2,2,0,2,0,0,0,0,0
374560,europapress_tv,,2,0,2,2,0,2,0,0,0,0,2
374568,vivocarbono,,2,0,2,2,0,2,0,0,0,0,6
374572,chidalgop86,,2,0,2,2,0,2,0,0,0,0,5
374583,SURGENTE_A,,3,0,3,3,0,3,0,0,0,0,0
374591,marianjiru,,2,0,2,2,0,2,0,0,0,0,0
374592,andaluciapress,,2,0,2,2,0,2,0,0,0,0,0
374606,plafarmo65,,2,0,2,2,0,2,0,0,0,0,0
374608,Carlosfsie,,2,0,2,2,0,2,0,0,0,0,4
374615,JOSEMANUELP27,,2,0,2,2,0,2,0,0,0,0,0
374622,NachoFGr,,2,0,2,2,0,2,0,0,0,0,6
374626,mapolog,,2,0,2,2,0,2,0,0,0,0,4
374629,macmanzana,,2,0,2,2,0,2,0,0,0,0,0
374630,reviroldanavila,,2,0,2,2,0,2,0,0,0,0,0
374638,Mylostisland,,2,0,2,2,0,2,0,0,0,0,0
374642,LeanBas,,2,0,2,2,0,2,0,0,0,0,0
374647,franyuyu,,2,0,2,2,0,2,0,0,0,0,0
374654,Hotelaspalmeras,,2,0,2,2,0,2,0,0,0,0,0
374657,rafalombardo,,2,0,2,2,0,2,0,0,0,0,0
374664,RafaJimenez,,2,0,2,2,0,2,0,0,0,0,5
374675,chiricadj,,2,0,2,2,0,2,0,0,0,0,6
374679,mandi85ng,,2,0,2,2,0,2,0,0,0,0,0
374695,maribelahau,,2,0,2,2,0,2,0,0,0,0,0
374698,Rubensg23,,2,0,2,2,0,2,0,0,0,0,2
374708,RedCiudadesBici,,2,0,2,2,0,2,0,0,0,0,0
374710,puertollano_cp,,2,0,2,2,0,2,0,0,0,0,6
374723,Andy21,,2,0,2,2,0,2,0,0,0,0,4
374727,rmirandatejada,,2,0,2,2,0,2,0,0,0,0,2
374733,AlexQuirantes,,2,0,2,2,0,2,0,0,0,0,4
374749,CsLasTresVillas,,2,0,2,2,0,2,0,0,0,0,0
374761,C92Lau,,3,0,3,3,0,3,0,0,0,0,6
374763,martajigu,,2,0,2,2,0,2,0,0,0,0,0
374764,mdrinc,,2,0,2,2,0,2,0,0,0,0,2
374791,_Juan_Escribano,,2,0,2,2,0,2,0,0,0,0,0
374811,nenecomendador,,2,0,2,2,0,2,0,0,0,0,0
374812,angel_gd88,,2,0,2,2,0,2,0,0,0,0,6
374827,prometeovk,,2,0,2,2,0,2,0,0,0,0,0
374829,DentalPlusM,,2,0,2,2,0,2,0,0,0,0,6
374842,AngelaJaldo,,2,0,2,2,0,2,0,0,0,0,6
374853,rakelvc29,,2,0,2,2,0,2,0,0,0,0,6
374859,_BusinessWoman,,2,0,2,2,0,2,0,0,0,0,6
374870,LibertadFm107,,2,0,2,2,0,2,0,0,0,0,0
374892,jesis21,,2,0,2,2,0,2,0,0,0,0,6
374899,Mery_IF,,2,0,2,2,0,2,0,0,0,0,0
374906,AVEAndaluces,,2,0,2,2,0,2,0,0,0,0,0
374940,javiercanoleal,,2,0,2,2,0,2,0,0,0,0,0
374941,mugnozzi,,2,0,2,2,0,2,0,0,0,0,0
374953,correagongora,,2,0,2,2,0,2,0,0,0,0,0
374967,elvira_g_c,,2,0,2,2,0,2,0,0,0,0,6
374973,Amalia_Benimeli,,2,0,2,2,0,2,0,0,0,0,0
374987,monicaclemot,,2,0,2,2,0,2,0,0,0,0,0
375007,ojo_del,,2,0,2,2,0,2,0,0,0,0,6
375012,juanitorrespere,,2,0,2,2,0,2,0,0,0,0,0
375025,hazloportodos,,2,0,2,2,0,2,0,0,0,0,0
375036,luiserbar,,2,0,2,2,0,2,0,0,0,0,0
375043,saraguva,,2,0,2,2,0,2,0,0,0,0,6
375045,JuanPorcel4,,2,0,2,2,0,2,0,0,0,0,0
375072,_fjarias,,2,0,2,2,0,2,0,0,0,0,5
375076,manueldecuellar,,2,0,2,2,0,2,0,0,0,0,0
375079,prijomi,,2,0,2,2,0,2,0,0,0,0,6
375097,germanluzon,,2,0,2,2,0,2,0,0,0,0,6
375104,GranateCerveza,,2,0,2,2,0,2,0,0,0,0,0
375115,jesusyesares,,2,0,2,2,0,2,0,0,0,0,0
375130,Rosario_Guadix,,2,0,2,2,0,2,0,0,0,0,6
375136,CsFuengirola,,2,0,2,2,0,2,0,0,0,0,0
375148,FeriaGrBike,,2,0,2,2,0,2,0,0,0,0,0
375170,MarisaValero999,,2,0,2,2,0,2,0,0,0,0,0
375177,HAlmagro,,2,0,2,2,0,2,0,0,0,0,0
375178,SinergiaSost,,2,0,2,2,0,2,0,0,0,0,6
375190,Nelebka,,2,0,2,2,0,2,0,0,0,0,0
375193,PHANDALUCIA,,2,0,2,2,0,2,0,0,0,0,0
375203,Nurserilla,,2,0,2,2,0,2,0,0,0,0,0
375212,darioborjam,,2,0,2,2,0,2,0,0,0,0,0
375214,ColegasLGBT,,2,0,2,2,0,2,0,0,0,0,0
375220,stereo6granada,,2,0,2,2,0,2,0,0,0,0,6
375228,JoseMSanjuan,,2,0,2,2,0,2,0,0,0,0,6
375241,enriqe_ps,,2,0,2,2,0,2,0,0,0,0,6
375245,yolandajr,,2,0,2,2,0,2,0,0,0,0,0
375272,sofiaPlaza,,2,0,2,2,0,2,0,0,0,0,0
375276,fjramoscasanova,,2,0,2,2,0,2,0,0,0,0,6
375284,joseluisandres,,2,0,2,2,0,2,0,0,0,0,0
375303,enri_recio,,2,0,2,2,0,2,0,0,0,0,6
375320,MaD111MaX,,2,0,2,2,0,2,0,0,0,0,6
375335,karmensanxez,,2,0,2,2,0,2,0,0,0,0,6
375346,pietrotwi,,2,0,2,2,0,2,0,0,0,0,0
375371,aulum_oposicion,,3,0,3,3,0,3,0,0,0,0,0
375380,Juande_eco,,2,0,2,2,0,2,0,0,0,0,4
375406,CandelaTormo,,2,0,2,2,0,2,0,0,0,0,6
375412,VipropSpain,,2,0,2,2,0,2,0,0,0,0,0
375421,maylamunoz,,3,0,3,3,0,3,0,0,0,0,0
375425,Marta_cgt,,2,0,2,2,0,2,0,0,0,0,0
375427,Mjsanztoro,,2,0,2,2,0,2,0,0,0,0,6
375429,Jennicita1976,,2,0,2,2,0,2,0,0,0,0,0
375435,alejandroorti62,,2,0,2,2,0,2,0,0,0,0,0
375445,picrespo,,2,0,2,2,0,2,0,0,0,0,6
375451,CsMijas,,2,0,2,2,0,2,0,0,0,0,0
375463,LTH91,,2,0,2,2,0,2,0,0,0,0,0
375467,EnfermeroPrimo,,2,0,2,2,0,2,0,0,0,0,0
375468,AntonioRuiz_F,,2,0,2,2,0,2,0,0,0,0,0
375473,sergi_asd10,,2,0,2,2,0,2,0,0,0,0,5
375485,Paco_Luis_GRX,,2,0,2,2,0,2,0,0,0,0,6
375486,fransiskeitor,,2,0,2,2,0,2,0,0,0,0,0
375490,lgvtrrz,,2,0,2,2,0,2,0,0,0,0,6
375494,agentevirtualjj,,2,0,2,2,0,2,0,0,0,0,0
375511,Doctor_Checa,,2,0,2,2,0,2,0,0,0,0,0
375515,ccompartida,,2,0,2,2,0,2,0,0,0,0,0
375522,Izquierdo_Luis,,2,0,2,2,0,2,0,0,0,0,0
375531,Monikaromerom,,2,0,2,2,0,2,0,0,0,0,0
375532,alsogil,,2,0,2,2,0,2,0,0,0,0,0
375536,MMaju1984,,2,0,2,2,0,2,0,0,0,0,6
375543,mlsampalo91,,2,0,2,2,0,2,0,0,0,0,6
375551,antoniojulio79,,2,0,2,2,0,2,0,0,0,0,0
375553,Lajunglaatarfe,,2,0,2,2,0,2,0,0,0,0,6
375575,RodenasTormo,,2,0,2,2,0,2,0,0,0,0,0
375577,ClavaloES,,2,0,2,2,0,2,0,0,0,0,6
375579,Andy_VN47,,2,0,2,2,0,2,0,0,0,0,6
375580,ARTEARRAYANES,,2,0,2,2,0,2,0,0,0,0,0
375588,tecnolotics_,,2,0,2,2,0,2,0,0,0,0,0
375589,Rest_Tentacion,,2,0,2,2,0,2,0,0,0,0,0
375602,bettybaez,,2,0,2,2,0,2,0,0,0,0,0
375607,FrankCortesC,,2,0,2,2,0,2,0,0,0,0,0
375627,Economixta93,,2,0,2,2,0,2,0,0,0,0,6
375644,BegoaVila,,2,0,2,2,0,2,0,0,0,0,0
375651,pilihf,,2,0,2,2,0,2,0,0,0,0,6
375652,EOviedopscoach,,2,0,2,2,0,2,0,0,0,0,0
375666,Dyntra_org,,2,0,2,2,0,2,0,0,0,0,0
375675,robertolechon,,2,0,2,2,0,2,0,0,0,0,0
375678,ZaaskES,,2,0,2,2,0,2,0,0,0,0,0
375688,Manuelbarneo,,2,0,2,2,0,2,0,0,0,0,0
375694,sobras82,,2,0,2,2,0,2,0,0,0,0,0
375702,pablois85,,2,0,2,2,0,2,0,0,0,0,6
375712,jsahuquillo,,2,0,2,2,0,2,0,0,0,0,0
375731,maluqueam,,2,0,2,2,0,2,0,0,0,0,6
375736,Javytd,,2,0,2,2,0,2,0,0,0,0,0
375739,SusanaqSusana,,2,0,2,2,0,2,0,0,0,0,0
375740,YaEmprendo,,2,0,2,2,0,2,0,0,0,0,4
375741,Luis_E_Star,,2,0,2,2,0,2,0,0,0,0,0
375749,desmarquerosa,,2,0,2,2,0,2,0,0,0,0,0
375754,FerCallejon,,2,0,2,2,0,2,0,0,0,0,0
375773,CsTorremolinos,,2,0,2,2,0,2,0,0,0,0,0
375781,CBMaracena,,2,0,2,2,0,2,0,0,0,0,0
375785,AdiosGR,,2,0,2,2,0,2,0,0,0,0,0
375787,FOROGRANADA,,2,0,2,2,0,2,0,0,0,0,0
375789,JuanCarLR,,2,0,2,2,0,2,0,0,0,0,0
375793,FADIE_IGUALDAD,,2,0,2,2,0,2,0,0,0,0,0
375818,Pacoycristina,,2,0,2,2,0,2,0,0,0,0,0
375833,MCarmenRguez,,2,0,2,2,0,2,0,0,0,0,0
375843,vecuadoratarfe,,2,0,2,2,0,2,0,0,0,0,0
375861,estelamaria28,,2,0,2,2,0,2,0,0,0,0,0
375874,RafaCastillo21,,2,0,2,2,0,2,0,0,0,0,0
375877,tarzanpeke3,,2,0,2,2,0,2,0,0,0,0,2
375887,Juan_Casar_Cs,,2,0,2,2,0,2,0,0,0,0,0
375889,josegrandeyes,,2,0,2,2,0,2,0,0,0,0,0
375897,AlvarezFjose,,2,0,2,2,0,2,0,0,0,0,0
375912,burkum,,2,0,2,2,0,2,0,0,0,0,0
375918,dffgarrido,,2,0,2,2,0,2,0,0,0,0,0
375924,WEMAXTELECO,,2,0,2,2,0,2,0,0,0,0,0
375925,CsPuertoStMaria,,2,0,2,2,0,2,0,0,0,0,0
375941,tuolivar,,2,0,2,2,0,2,0,0,0,0,0
375942,Emilio_Izquierd,,2,0,2,2,0,2,0,0,0,0,6
375949,NiDiestroNiSin,,2,0,2,2,0,2,0,0,0,0,0
375953,acfiedh,,2,0,2,2,0,2,0,0,0,0,0
375955,olga_noblejas,,2,0,2,2,0,2,0,0,0,0,0
375971,CoNoemiAlvarez,,2,0,2,2,0,2,0,0,0,0,0
375979,CsPuertoReal,,2,0,2,2,0,2,0,0,0,0,0
375982,ManuSevag,,2,0,2,2,0,2,0,0,0,0,0
375987,TropicalFRIO,,2,0,2,2,0,2,0,0,0,0,0
375992,guzmartoni,,2,0,2,2,0,2,0,0,0,0,0
375995,guille_ville,,2,0,2,2,0,2,0,0,0,0,0
376001,RBarreras,,2,0,2,2,0,2,0,0,0,0,0
376012,Victor_Lafuente,,2,0,2,2,0,2,0,0,0,0,4
376027,aortega975,,2,0,2,2,0,2,0,0,0,0,0
376028,pablito_secret,,2,0,2,2,0,2,0,0,0,0,0
376048,josesalort,,2,0,2,2,0,2,0,0,0,0,0
376052,doctor19tx,,2,0,2,2,0,2,0,0,0,0,0
376058,CiudadanoOrtiz,,2,0,2,2,0,2,0,0,0,0,0
376060,raulmarcos94,,2,0,2,2,0,2,0,0,0,0,6
376062,alejon1974,,2,0,2,2,0,2,0,0,0,0,0
376067,Silviabril6,,2,0,2,2,0,2,0,0,0,0,6
376070,elmurciano1,,2,0,2,2,0,2,0,0,0,0,0
376081,damiancaneda,,2,0,2,2,0,2,0,0,0,0,0
376099,CarrascoAntonia,,2,0,2,2,0,2,0,0,0,0,0
376104,maverick7b,,2,0,2,2,0,2,0,0,0,0,0
376130,InterautoAndalu,,2,0,2,2,0,2,0,0,0,0,4
376144,sturkkk,,2,0,2,2,0,2,0,0,0,0,6
376145,latrufamiliar,,2,0,2,2,0,2,0,0,0,0,0
376147,alberto_HF,,2,0,2,2,0,2,0,0,0,0,0
376149,juannievas11,,2,0,2,2,0,2,0,0,0,0,0
376155,criissbc03,,2,0,2,2,0,2,0,0,0,0,6
376162,soyemprendedor5,,2,0,2,2,0,2,0,0,0,0,4
376166,acere781,,2,0,2,2,0,2,0,0,0,0,0
376168,STOPIMPUTADOS,,2,0,2,2,0,2,0,0,0,0,0
376172,macescuzar,,2,0,2,2,0,2,0,0,0,0,0
376174,MaquinaPadreMan,,2,0,2,2,0,2,0,0,0,0,0
376180,Balcon_Realejo,,2,0,2,2,0,2,0,0,0,0,0
376186,fidelarce,,2,0,2,2,0,2,0,0,0,0,0
376187,emprendiendo,,2,0,2,2,0,2,0,0,0,0,0
376189,EAltiplano,,2,0,2,2,0,2,0,0,0,0,0
376190,minasmarquesado,,2,0,2,2,0,2,0,0,0,0,0
376191,serautonomo,,2,0,2,2,0,2,0,0,0,0,0
376194,SendasGr,,2,0,2,2,0,2,0,0,0,0,0
376204,Republica_com,,2,0,2,2,0,2,0,0,0,0,6
376205,villadecaniles,,2,0,2,2,0,2,0,0,0,0,0
376214,javi__parra,,3,0,3,3,0,3,0,0,0,0,0
376217,Lavaderoestrell,,2,0,2,2,0,2,0,0,0,0,6
376227,fernandezdealba,,2,0,2,2,0,2,0,0,0,0,6
376230,Programademano,,2,0,2,2,0,2,0,0,0,0,0
376231,Oscuelar,,2,0,2,2,0,2,0,0,0,0,4
376240,Vlopezm,,2,0,2,2,0,2,0,0,0,0,0
376251,epifelvarona,,2,0,2,2,0,2,0,0,0,0,0
376262,dmirandamoreno,,2,0,2,2,0,2,0,0,0,0,5
376271,AngelesWP,,2,0,2,2,0,2,0,0,0,0,0
376272,CarmenRFoto,,2,0,2,2,0,2,0,0,0,0,0
376281,cecegranada,,2,0,2,2,0,2,0,0,0,0,0
376292,javi_rg91,,2,0,2,2,0,2,0,0,0,0,0
376293,CiudadesCaminan,,2,0,2,2,0,2,0,0,0,0,0
376294,EstuCrimiGrana,,2,0,2,2,0,2,0,0,0,0,0
376298,Sonia_Vedia,,2,0,2,2,0,2,0,0,0,0,0
376305,misabelglc,,2,0,2,2,0,2,0,0,0,0,6
376311,vero_badyn,,2,0,2,2,0,2,0,0,0,0,0
376313,EMASasociadas,,2,0,2,2,0,2,0,0,0,0,0
376314,BUCEOLH,,2,0,2,2,0,2,0,0,0,0,0
376319,LaEditoraSocial,,2,0,2,2,0,2,0,0,0,0,0
376320,MariaMolinaR27,,2,0,2,2,0,2,0,0,0,0,0
376322,LuciaBazaga,,2,0,2,2,0,2,0,0,0,0,6
376325,enriquepmarti,,2,0,2,2,0,2,0,0,0,0,0
376326,studiargranada,,2,0,2,2,0,2,0,0,0,0,0
376327,ahenmal,,2,0,2,2,0,2,0,0,0,0,0
376329,Avemus2012,,2,0,2,2,0,2,0,0,0,0,0
376333,manzanoabogado,,2,0,2,2,0,2,0,0,0,0,2
376335,sir_deivid7,,2,0,2,2,0,2,0,0,0,0,6
376336,Jose8992,,2,0,2,2,0,2,0,0,0,0,6
376338,VictorDuende84,,2,0,2,2,0,2,0,0,0,0,0
376365,ESTEVEZPACO,,2,0,2,2,0,2,0,0,0,0,0
376367,JoLRubio,,2,0,2,2,0,2,0,0,0,0,0
376384,LoMasGourmet,,2,0,2,2,0,2,0,0,0,0,0
376388,lacriticaweb,,2,0,2,2,0,2,0,0,0,0,0
376389,radioalfaguara,,2,0,2,2,0,2,0,0,0,0,6
376391,Apahlaandalucia,,2,0,2,2,0,2,0,0,0,0,0
376395,JordiCMaestro,,2,0,2,2,0,2,0,0,0,0,0
376403,universoidea,,2,0,2,2,0,2,0,0,0,0,4
376418,Tuguiabaza,,2,0,2,2,0,2,0,0,0,0,0
376419,bazacomercial,,2,0,2,2,0,2,0,0,0,0,0
376429,jcarlosvq,,2,0,2,2,0,2,0,0,0,0,6
376435,anamallorquina4,,2,0,2,2,0,2,0,0,0,0,6
376437,Mediaservic,,2,0,2,2,0,2,0,0,0,0,0
376448,ton1999200,,2,0,2,2,0,2,0,0,0,0,6
376462,sergiosp797,,2,0,2,2,0,2,0,0,0,0,0
376466,jgheitmann,,2,0,2,2,0,2,0,0,0,0,0
376468,FARMACIA_LIBRE,,2,0,2,2,0,2,0,0,0,0,0
376524,aligrana,,2,0,2,2,0,2,0,0,0,0,0
376529,CCivicaCatalana,,2,0,2,2,0,2,0,0,0,0,0
376532,ManuelMari92,,2,0,2,2,0,2,0,0,0,0,0
376538,Mariobigpoppa,,2,0,2,2,0,2,0,0,0,0,6
376543,josempuertas,,2,0,2,2,0,2,0,0,0,0,0
376544,vicentematas,,2,0,2,2,0,2,0,0,0,0,0
376558,ElenRequena,,2,0,2,2,0,2,0,0,0,0,0
376585,squalus,,2,0,2,2,0,2,0,0,0,0,4
376597,mablanco60,,2,0,2,2,0,2,0,0,0,0,2
376605,GerardoRecio_94,,2,0,2,2,0,2,0,0,0,0,6
376612,Loli_fc,,2,0,2,2,0,2,0,0,0,0,0
376620,FDMedina_Elvira,,2,0,2,2,0,2,0,0,0,0,0
376626,fotomarquez,,2,0,2,2,0,2,0,0,0,0,0
376632,Ada_Pineda,,2,0,2,2,0,2,0,0,0,0,0
376637,CsCadizCiudad,,2,0,2,2,0,2,0,0,0,0,0
376640,jesussvl,,2,0,2,2,0,2,0,0,0,0,6
376645,MaximusPraetor,,2,0,2,2,0,2,0,0,0,0,0
376650,agarridonavarro,,2,0,2,2,0,2,0,0,0,0,6
376653,mdloex,,2,0,2,2,0,2,0,0,0,0,0
376657,UDMaracenafemen,,2,0,2,2,0,2,0,0,0,0,6
376658,JuanDomingoNG,,2,0,2,2,0,2,0,0,0,0,6
376659,RamonBurgosL,,2,0,2,2,0,2,0,0,0,0,6
376661,EfrenCea,,2,0,2,2,0,2,0,0,0,0,5
376673,Edumontes_98,,2,0,2,2,0,2,0,0,0,0,0
376674,Eresloquezampas,,2,0,2,2,0,2,0,0,0,0,0
376675,MueblesLimon,,2,0,2,2,0,2,0,0,0,0,6
376679,Expo_83,,2,0,2,2,0,2,0,0,0,0,0
376687,Villegas_gr,,2,0,2,2,0,2,0,0,0,0,5
376688,sierra_juan,,2,0,2,2,0,2,0,0,0,0,0
376692,LuisFuentesCs,,2,0,2,2,0,2,0,0,0,0,0
376694,jesuscazzo,,2,0,2,2,0,2,0,0,0,0,6
376695,ilseugr,,2,0,2,2,0,2,0,0,0,0,6
376699,FIKILLA,,2,0,2,2,0,2,0,0,0,0,4
376716,GOBERNATIA,,2,0,2,2,0,2,0,0,0,0,0
376733,gsandalucia,,2,0,2,2,0,2,0,0,0,0,0
376735,EstrellaNevada,,2,0,2,2,0,2,0,0,0,0,0
376741,NoviasUcles,,2,0,2,2,0,2,0,0,0,0,6
376752,RecheJuana,,2,0,2,2,0,2,0,0,0,0,0
376756,Pirri96,,2,0,2,2,0,2,0,0,0,0,6
376757,CsLaRioja,,2,0,2,2,0,2,0,0,0,0,0
376762,FIntheos,,2,0,2,2,0,2,0,0,0,0,0
376765,DaniTruxo,,2,0,2,2,0,2,0,0,0,0,6
376770,SaAnitah,,2,0,2,2,0,2,0,0,0,0,0
376771,Cs_Asturias,,2,0,2,2,0,2,0,0,0,0,0
376774,TiradoNuria,,2,0,2,2,0,2,0,0,0,0,0
376781,JUNtosBIKE,,2,0,2,2,0,2,0,0,0,0,0
376784,17detodo,,2,0,2,2,0,2,0,0,0,0,0
376787,sdagualda,,2,0,2,2,0,2,0,0,0,0,0
376789,abatefaria__,,2,0,2,2,0,2,0,0,0,0,6
376795,LaMasFelizDel,,2,0,2,2,0,2,0,0,0,0,0
376796,arbolcom,,2,0,2,2,0,2,0,0,0,0,0
376799,Rubiterural,,2,0,2,2,0,2,0,0,0,0,0
376800,OscarBusi,,2,0,2,2,0,2,0,0,0,0,6
376804,BuzoneoArmilla,,2,0,2,2,0,2,0,0,0,0,0
376809,CREACOCINA,,3,0,3,3,0,3,0,0,0,0,0
376810,BarbaraViceira,,2,0,2,2,0,2,0,0,0,0,0
376812,Txinnita,,2,0,2,2,0,2,0,0,0,0,6
376819,juanantonioroca,,2,0,2,2,0,2,0,0,0,0,6
376820,lapickita,,2,0,2,2,0,2,0,0,0,0,0
376822,Starchildsp,,2,0,2,2,0,2,0,0,0,0,0
376824,Tremanaik,,2,0,2,2,0,2,0,0,0,0,6
376835,PacoCalistro,,2,0,2,2,0,2,0,0,0,0,0
376840,CiudadanosDenia,,2,0,2,2,0,2,0,0,0,0,0
376843,FacsYou,,2,0,2,2,0,2,0,0,0,0,0
376844,dvelascofdez,,2,0,2,2,0,2,0,0,0,0,6
376847,MrPjmj23,,2,0,2,2,0,2,0,0,0,0,6
376851,canedojose,,2,0,2,2,0,2,0,0,0,0,0
376854,PJViso,,2,0,2,2,0,2,0,0,0,0,5
376855,AnikaMira,,2,0,2,2,0,2,0,0,0,0,0
376858,Lamari47,,2,0,2,2,0,2,0,0,0,0,0
376859,ivangadi,,2,0,2,2,0,2,0,0,0,0,0
376860,Maria5280Maria,,2,0,2,2,0,2,0,0,0,0,0
376867,MCarmenOlvera,,2,0,2,2,0,2,0,0,0,0,0
376869,juancanoacox,,2,0,2,2,0,2,0,0,0,0,0
376887,NabatGuadix,,2,0,2,2,0,2,0,0,0,0,0
376889,Borriquillaacci,,2,0,2,2,0,2,0,0,0,0,6
376901,Mancomunidad1,,2,0,2,2,0,2,0,0,0,0,4
376902,Manolojimenez93,,2,0,2,2,0,2,0,0,0,0,6
376907,pulgasaza,,2,0,2,2,0,2,0,0,0,0,0
376915,LaalacenaGrn,,2,0,2,2,0,2,0,0,0,0,0
376918,Bletchey_Park,,2,0,2,2,0,2,0,0,0,0,0
376925,Vgaguado,,2,0,2,2,0,2,0,0,0,0,4
376926,CsBenalmadena,,2,0,2,2,0,2,0,0,0,0,0
376928,GuillePerezPino,,2,0,2,2,0,2,0,0,0,0,0
376939,LMPanaderia,,2,0,2,2,0,2,0,0,0,0,6
376962,Cs_Euskadi,,2,0,2,2,0,2,0,0,0,0,0
376963,MateoJHernandez,,2,0,2,2,0,2,0,0,0,0,6
376968,meerylaans,,2,0,2,2,0,2,0,0,0,0,6
376969,yosoyyoberdi,,2,0,2,2,0,2,0,0,0,0,0
376973,CasetaDeLunares,,2,0,2,2,0,2,0,0,0,0,5
376983,desde_elaire,,2,0,2,2,0,2,0,0,0,0,0
376989,LetiNube,,2,0,2,2,0,2,0,0,0,0,6
376990,alex_hurty,,2,0,2,2,0,2,0,0,0,0,6
376997,LaChampagneria,,2,0,2,2,0,2,0,0,0,0,6
377000,aidamperez,,2,0,2,2,0,2,0,0,0,0,0
377001,Enrique_Ibanez,,2,0,2,2,0,2,0,0,0,0,0
377002,antoniozarzo,,2,0,2,2,0,2,0,0,0,0,0
377004,amorenog94,,2,0,2,2,0,2,0,0,0,0,5
377005,maripazev,,2,0,2,2,0,2,0,0,0,0,6
377007,MartaEspinosaM,,2,0,2,2,0,2,0,0,0,0,0
377009,jarroyo_23,,2,0,2,2,0,2,0,0,0,0,0
377017,bboycute1,,2,0,2,2,0,2,0,0,0,0,6
377019,Javierdiay88,,2,0,2,2,0,2,0,0,0,0,0
377021,ElectroTorresGr,,2,0,2,2,0,2,0,0,0,0,0
377025,Sitox15,,2,0,2,2,0,2,0,0,0,0,0
377027,manueljimenezs2,,2,0,2,2,0,2,0,0,0,0,0
377028,Esther_SanzGr,,2,0,2,2,0,2,0,0,0,0,0
377029,Canalistico,,2,0,2,2,0,2,0,0,0,0,6
377035,mlorenzovilchez,,2,0,2,2,0,2,0,0,0,0,0
377036,marocardenas,,2,0,2,2,0,2,0,0,0,0,0
377040,alber_navas,,2,0,2,2,0,2,0,0,0,0,6
377046,Cs_Elche,,2,0,2,2,0,2,0,0,0,0,0
377050,LUCASPETTOS,,2,0,2,2,0,2,0,0,0,0,0
377051,angelesvergara5,,2,0,2,2,0,2,0,0,0,0,0
377080,Stadt_FFM,,2,0,2,2,0,2,0,0,0,0,1
377140,GazpromFootball,,2,0,2,2,0,2,0,0,0,0,6
377178,stifterverband,,2,0,2,2,0,2,0,0,0,0,1
377239,11Freunde_de,,2,0,2,2,0,2,0,0,0,0,1
377266,nikelondon,,2,0,2,2,0,2,0,0,0,0,1
377269,adidasUK,,2,0,2,2,0,2,0,0,0,0,0
377277,swissteam,,2,0,2,2,0,2,0,0,0,0,1
377280,SwissEmbassyUK,,2,0,2,2,0,2,0,0,0,0,1
377286,DietmarHamann,,2,0,2,2,0,2,0,0,0,0,2
377297,SteveCase,,2,0,2,2,0,2,0,0,0,0,1
377308,DianeGCibrian,,2,0,2,2,0,2,0,0,0,0,1
377309,StephenRCovey,,2,0,2,2,0,2,0,0,0,0,3
377317,tombed,,2,0,2,2,0,2,0,0,0,0,3
377319,Zappos,,2,0,2,2,0,2,0,0,0,0,3
377336,LandstedeBasket,,2,0,2,2,0,2,0,0,0,0,2
377347,fckoeln,,2,0,2,2,0,2,0,0,0,0,1
377348,RnfrstAlliance,,2,0,2,2,0,2,0,0,0,0,1
377358,DonorsChoose,,2,0,2,2,0,2,0,0,0,0,1
377359,RoomtoRead,,2,0,2,2,0,2,0,0,0,0,1
377361,USAIDGH,,2,0,2,2,0,2,0,0,0,0,1
377379,BorisTonhauser,,2,0,2,2,0,2,0,0,0,0,1
377410,frag_die_bpb,,2,0,2,2,0,2,0,0,0,0,1
377438,CemrPoth,,2,0,2,2,0,2,0,0,0,0,1
377442,agenda21culture,,2,0,2,2,0,2,0,0,0,0,1
377444,TeachForAll,,2,0,2,2,0,2,0,0,0,0,1
377458,UCLG_Saiz,,2,0,2,2,0,2,0,0,0,0,1
377465,loireatlantique,,2,0,2,2,0,2,0,0,0,0,1
377471,TSHofstetter,,2,0,2,2,0,2,0,0,0,0,2
377491,UCLGMEWAorg,,2,0,2,2,0,2,0,0,0,0,1
377499,SEOySocialMedia,,2,0,2,2,0,2,0,0,0,0,0
377530,Turkcell,,2,0,2,2,0,2,0,0,0,0,2
377535,Adultmakingshit,,2,0,2,2,0,2,0,0,0,0,2
377537,VOATurkish,,2,0,2,2,0,2,0,0,0,0,2
377543,Kandilli_info,,2,0,2,2,0,2,0,0,0,0,2
377549,sporx,,2,0,2,2,0,2,0,0,0,0,2
377586,FBBasketbol,,2,0,2,2,0,2,0,0,0,0,2
377588,teyitorg,,2,0,2,2,0,2,0,0,0,0,2
377598,Fenerbahceliyiz,,2,0,2,2,0,2,0,0,0,0,2
377621,1907unifeb,,2,0,2,2,0,2,0,0,0,0,2
377664,tuncaysanli17,,2,0,2,2,0,2,0,0,0,0,2
377665,TK_HelpDesk,,2,0,2,2,0,2,0,0,0,0,2
377666,1VolkanDEMIREL,,2,0,2,2,0,2,0,0,0,0,2
377667,Feneristcom,,2,0,2,2,0,2,0,0,0,0,2
377701,AleCITSWD,,2,0,2,2,0,2,0,0,0,0,4
377708,culturemee,,2,0,2,2,0,2,0,0,0,0,3
377709,Michele13995,,2,0,2,2,0,2,0,0,0,0,3
377731,presjuncker,,2,0,2,2,0,2,0,0,0,0,3
377732,G_Gambacciani,,2,0,2,2,0,2,0,0,0,0,3
377740,controcampus,,2,0,2,2,0,2,0,0,0,0,3
377744,Packlink_it,,2,0,2,2,0,2,0,0,0,0,3
377760,UnipiNews,,2,0,2,2,0,2,0,0,0,0,1
377761,radioeco,,2,0,2,2,0,2,0,0,0,0,3
377765,felix_ebberg,,2,0,2,2,0,2,0,0,0,0,1
377833,LifeSci_Spain,,2,0,2,2,0,2,0,0,0,0,2
377862,NatureBiotech,,2,0,2,2,0,2,0,0,0,0,2
377863,Biotechnology,,2,0,2,2,0,2,0,0,0,0,2
377883,TheTabBrum,,2,0,2,2,0,2,0,0,0,0,3
377885,FACE_Erasmus_Fi,,2,0,2,2,0,2,0,0,0,0,3
377887,ArtePadova,,2,0,2,2,0,2,0,0,0,0,3
377896,pilsaeduca,,2,0,2,2,0,2,0,0,0,0,0
377899,GRANADATE,,2,0,2,2,0,2,0,0,0,0,0
377900,fer_arbi,,2,0,2,2,0,2,0,0,0,0,0
377901,casazayas,,2,0,2,2,0,2,0,0,0,0,0
377906,YoSoyMujer,,2,0,2,2,0,2,0,0,0,0,0
377911,SchmitzOscar,,2,0,2,2,0,2,0,0,0,0,0
377914,JosemiPerezDj,,2,0,2,2,0,2,0,0,0,0,6
377915,alex_d_b,,2,0,2,2,0,2,0,0,0,0,4
377930,ReasonWhy,,2,0,2,2,0,2,0,0,0,0,0
377945,Ignacio_Buhigas,,2,0,2,2,0,2,0,0,0,0,0
377950,Dandd_makeup,,2,0,2,2,0,2,0,0,0,0,0
377958,f_lopez_ortiz,,2,0,2,2,0,2,0,0,0,0,0
377976,DesarrolloTIC,,2,0,2,2,0,2,0,0,0,0,6
377978,seoinnova,,2,0,2,2,0,2,0,0,0,0,0
377982,alhsis,,2,0,2,2,0,2,0,0,0,0,0
377989,Ellodge,,2,0,2,2,0,2,0,0,0,0,0
377990,Carnicer_Proto,,2,0,2,2,0,2,0,0,0,0,0
378000,Massimo_Filippa,,2,0,2,2,0,2,0,0,0,0,0
378002,Blogosur,,2,0,2,2,0,2,0,0,0,0,0
378004,FGHaldon,,2,0,2,2,0,2,0,0,0,0,0
378006,IberComp,,2,0,2,2,0,2,0,0,0,0,0
378013,javikuala,,2,0,2,2,0,2,0,0,0,0,0
378014,dmunarriz,,2,0,2,2,0,2,0,0,0,0,0
378019,loretogf,,2,0,2,2,0,2,0,0,0,0,0
378020,FoodFotoGranada,,2,0,2,2,0,2,0,0,0,0,0
378022,XavierCanalis,,2,0,2,2,0,2,0,0,0,0,0
378029,SuCarbajales,,2,0,2,2,0,2,0,0,0,0,0
378033,beaperex,,2,0,2,2,0,2,0,0,0,0,5
378037,ACHEAzafatas,,2,0,2,2,0,2,0,0,0,0,0
378043,malagaimfe,,2,0,2,2,0,2,0,0,0,0,0
378050,lolateescribe,,2,0,2,2,0,2,0,0,0,0,0
378063,mmelchorj,,2,0,2,2,0,2,0,0,0,0,0
378068,CINNTA,,2,0,2,2,0,2,0,0,0,0,0
378069,GemaiSanchez,,2,0,2,2,0,2,0,0,0,0,0
378080,MasPoderLocal,,2,0,2,2,0,2,0,0,0,0,4
378081,ALICE_compol,,2,0,2,2,0,2,0,0,0,0,4
378093,GEBTA,,2,0,2,2,0,2,0,0,0,0,4
378098,eurocongres_,,2,0,2,2,0,2,0,0,0,0,0
378103,EventEMA,,2,0,2,2,0,2,0,0,0,0,0
378104,AEHCOS,,2,0,2,2,0,2,0,0,0,0,0
378121,RenHotels,,2,0,2,2,0,2,0,0,0,0,2
378123,dircomfidencial,,2,0,2,2,0,2,0,0,0,0,0
378125,marisiruiztv,,2,0,2,2,0,2,0,0,0,0,0
378128,laurarce,,2,0,2,2,0,2,0,0,0,0,0
378129,PaolaSuitcase,,2,0,2,2,0,2,0,0,0,0,4
378130,CanariasProtoc,,2,0,2,2,0,2,0,0,0,0,0
378155,estacio_marina,,2,0,2,2,0,2,0,0,0,0,0
378158,SpainDMC,,2,0,2,2,0,2,0,0,0,0,0
378172,_jesuslorenzo,,2,0,2,2,0,2,0,0,0,0,0
378174,danielmoreno,,2,0,2,2,0,2,0,0,0,0,0
378184,GonLeBra,,2,0,2,2,0,2,0,0,0,0,0
378188,RafaGom,,2,0,2,2,0,2,0,0,0,0,7
378190,bulbulsuperbul,,2,0,2,2,0,2,0,0,0,0,0
378191,jesusmar8,,2,0,2,2,0,2,0,0,0,0,0
378192,eveento,,2,0,2,2,0,2,0,0,0,0,0
378201,egaussholding,,2,0,2,2,0,2,0,0,0,0,0
378203,Eunicepv_,,2,0,2,2,0,2,0,0,0,0,2
378209,moresaltmedia,,2,0,2,2,0,2,0,0,0,0,0
378212,Vircell,,2,0,2,2,0,2,0,0,0,0,0
378225,onzacreative,,2,0,2,2,0,2,0,0,0,0,0
378226,soniagot,,2,0,2,2,0,2,0,0,0,0,0
378230,Iagare,,2,0,2,2,0,2,0,0,0,0,6
378231,Alexiablues,,2,0,2,2,0,2,0,0,0,0,0
378236,PuntoPress,,2,0,2,2,0,2,0,0,0,0,0
378238,TurismoCDMX,,2,0,2,2,0,2,0,0,0,0,6
378239,tufabdeventos,,2,0,2,2,0,2,0,0,0,0,0
378243,mctersse,,2,0,2,2,0,2,0,0,0,0,0
378257,AndaluciaTurism,,2,0,2,2,0,2,0,0,0,0,0
378258,benyitroya08,,2,0,2,2,0,2,0,0,0,0,0
378261,carlosmartinofc,,2,0,2,2,0,2,0,0,0,0,2
378270,CeliaHil,,2,0,2,2,0,2,0,0,0,0,0
378275,antonio_ortegam,,2,0,2,2,0,2,0,0,0,0,0
378280,sorprendida,,2,0,2,2,0,2,0,0,0,0,0
378291,BayerEspana,,2,0,2,2,0,2,0,0,0,0,5
378296,DR_MUNCHAUSEN,,2,0,2,2,0,2,0,0,0,0,0
378297,Contrato10,,2,0,2,2,0,2,0,0,0,0,0
378308,SocialMedier,,2,0,2,2,0,2,0,0,0,0,5
378313,pbmontoro,,2,0,2,2,0,2,0,0,0,0,8
378314,aadelaido,,2,0,2,2,0,2,0,0,0,0,8
378316,Dio_bureau,,2,0,2,2,0,2,0,0,0,0,0
378319,Diga33,,2,0,2,2,0,2,0,0,0,0,0
378321,enkannycirre,,2,0,2,2,0,2,0,0,0,0,0
378323,MiguelLopezGo,,2,0,2,2,0,2,0,0,0,0,2
378324,elancis,,2,0,2,2,0,2,0,0,0,0,0
378325,BeatrizFCamacho,,2,0,2,2,0,2,0,0,0,0,6
378327,Leire_New,,2,0,2,2,0,2,0,0,0,0,0
378328,cintigc,,2,0,2,2,0,2,0,0,0,0,0
378331,TechTurH,,2,0,2,2,0,2,0,0,0,0,0
378335,HerraizFran,,2,0,2,2,0,2,0,0,0,0,0
378337,sebaszuanon,,2,0,2,2,0,2,0,0,0,0,6
378341,barcenaformacio,,2,0,2,2,0,2,0,0,0,0,1
378342,AmitzyTeAsesora,,2,0,2,2,0,2,0,0,0,0,0
378348,pablopenalba,,2,0,2,2,0,2,0,0,0,0,0
378349,eldoncel,,2,0,2,2,0,2,0,0,0,0,0
378358,kschoolcom,,2,0,2,2,0,2,0,0,0,0,0
378359,marcos_galera,,2,0,2,2,0,2,0,0,0,0,6
378360,_Agaz,,2,0,2,2,0,2,0,0,0,0,0
378362,daniel70arenas,,2,0,2,2,0,2,0,0,0,0,0
378363,David_Mora,,2,0,2,2,0,2,0,0,0,0,0
378365,jra_riotinto,,2,0,2,2,0,2,0,0,0,0,0
378370,festibalazos,,2,0,2,2,0,2,0,0,0,0,0
378374,MaganSergio,,2,0,2,2,0,2,0,0,0,0,0
378388,suarez_mireia,,2,0,2,2,0,2,0,0,0,0,4
378403,jsaezCa,,2,0,2,2,0,2,0,0,0,0,0
378405,socialmalaga,,2,0,2,2,0,2,0,0,0,0,0
378406,ACProfesional,,2,0,2,2,0,2,0,0,0,0,0
378425,carloshm_m,,2,0,2,2,0,2,0,0,0,0,0
378426,AlejandroMuGo,,2,0,2,2,0,2,0,0,0,0,6
378427,SebastianT0rres,,2,0,2,2,0,2,0,0,0,0,0
378447,_Bocanegra_,,2,0,2,2,0,2,0,0,0,0,0
378448,AntonioTurismo,,2,0,2,2,0,2,0,0,0,0,0
378451,MauriGCF,,2,0,2,2,0,2,0,0,0,0,0
378453,ManelTrmk,,2,0,2,2,0,2,0,0,0,0,0
378458,atarifa,,2,0,2,2,0,2,0,0,0,0,0
378468,comuniza,,2,0,2,2,0,2,0,0,0,0,0
378485,igone_aldana,,2,0,2,2,0,2,0,0,0,0,0
378506,krenecito,,2,0,2,2,0,2,0,0,0,0,0
378518,emmadelcerro,,2,0,2,2,0,2,0,0,0,0,0
378519,GijonEventos,,2,0,2,2,0,2,0,0,0,0,0
378520,EslacNewMedia,,2,0,2,2,0,2,0,0,0,0,0
378522,MadridNY,,2,0,2,2,0,2,0,0,0,0,4
378523,Teresalbalv,,2,0,2,2,0,2,0,0,0,0,0
378524,InstitutoInesdi,,2,0,2,2,0,2,0,0,0,0,0
378530,DestinoAntequer,,2,0,2,2,0,2,0,0,0,0,0
378531,EvenCon2Tacones,,2,0,2,2,0,2,0,0,0,0,0
378535,NachoMagallanes,,2,0,2,2,0,2,0,0,0,0,6
378538,Paulamoralesga,,2,0,2,2,0,2,0,0,0,0,0
378539,NEWMANS_es,,3,0,3,3,0,3,0,0,0,0,6
378541,AlvaroBlancoV,,2,0,2,2,0,2,0,0,0,0,0
378550,AccionMk_,,2,0,2,2,0,2,0,0,0,0,0
378551,manuelaaccionmk,,2,0,2,2,0,2,0,0,0,0,0
378557,michaelheipel,,2,0,2,2,0,2,0,0,0,0,4
378558,Omexpo,,2,0,2,2,0,2,0,0,0,0,0
378565,PLAsenjo,,2,0,2,2,0,2,0,0,0,0,0
378566,maviless,,2,0,2,2,0,2,0,0,0,0,0
378568,egallegoCEHE,,2,0,2,2,0,2,0,0,0,0,0
378573,FerMolinaRdr,,2,0,2,2,0,2,0,0,0,0,0
378586,perlasgrx,,2,0,2,2,0,2,0,0,0,0,0
378587,gjimenezramos,,2,0,2,2,0,2,0,0,0,0,0
378588,Zamo_Fdez,,2,0,2,2,0,2,0,0,0,0,0
378591,ForoRRHH,,2,0,2,2,0,2,0,0,0,0,0
378593,openpress,,2,0,2,2,0,2,0,0,0,0,0
378595,RSueiro,,2,0,2,2,0,2,0,0,0,0,0
378693,VisitLB,,2,0,2,2,0,2,0,0,0,0,2
378713,fer_lemonnier,,2,0,2,2,0,2,0,0,0,0,0
378722,TheMeetingPro,,2,0,2,2,0,2,0,0,0,0,0
378761,A_Magdalina,,2,0,2,2,0,2,0,0,0,0,7
378794,FedericoToja,,2,0,2,2,0,2,0,0,0,0,0
378796,AngelesMoreno1,,2,0,2,2,0,2,0,0,0,0,0
378807,rmmr02,,2,0,2,2,0,2,0,0,0,0,0
378815,GemaHidalgo,,2,0,2,2,0,2,0,0,0,0,7
378819,Euroinnova,,2,0,2,2,0,2,0,0,0,0,4
378820,mygroupmanager1,,2,0,2,2,0,2,0,0,0,0,0
378827,DelaVelaTorre,,2,0,2,2,0,2,0,0,0,0,0
378831,Quedamus,,2,0,2,2,0,2,0,0,0,0,4
378832,marielaandrea12,,2,0,2,2,0,2,0,0,0,0,0
378833,ButraguenoRM,,2,0,2,2,0,2,0,0,0,0,0
378835,Tete_Andres,,2,0,2,2,0,2,0,0,0,0,0
378839,UCMccinf,,2,0,2,2,0,2,0,0,0,0,4
378842,Criluengo,,2,0,2,2,0,2,0,0,0,0,4
378845,SusanaMorin,,2,0,2,2,0,2,0,0,0,0,0
378846,RocioVillarPolo,,2,0,2,2,0,2,0,0,0,0,0
378847,MartinDonderis,,2,0,2,2,0,2,0,0,0,0,0
378848,SoyVirginia_,,2,0,2,2,0,2,0,0,0,0,0
378851,luis_svr,,2,0,2,2,0,2,0,0,0,0,0
378853,PalomaTortajada,,2,0,2,2,0,2,0,0,0,0,0
378854,martasesparza,,2,0,2,2,0,2,0,0,0,0,0
378855,jmborregodiaz,,2,0,2,2,0,2,0,0,0,0,0
378862,Ana_Palenzuela,,2,0,2,2,0,2,0,0,0,0,4
378864,mesagobel,,2,0,2,2,0,2,0,0,0,0,0
378879,GatoblancoMK,,2,0,2,2,0,2,0,0,0,0,0
378880,monmengi,,2,0,2,2,0,2,0,0,0,0,0
378881,EFilantropica,,2,0,2,2,0,2,0,0,0,0,0
378882,M_SolyNieve,,2,0,2,2,0,2,0,0,0,0,0
378883,M_SierraNevada,,2,0,2,2,0,2,0,0,0,0,0
378885,musica_vertical,,2,0,2,2,0,2,0,0,0,0,0
378888,tristanelosegui,,2,0,2,2,0,2,0,0,0,0,0
378890,LopezyValiente,,2,0,2,2,0,2,0,0,0,0,0
378894,urban_gastro,,2,0,2,2,0,2,0,0,0,0,0
378895,fernavarro17,,2,0,2,2,0,2,0,0,0,0,0
378896,Vocento,,2,0,2,2,0,2,0,0,0,0,6
378901,PulaGolf,,2,0,2,2,0,2,0,0,0,0,0
378908,alfaeventos,,2,0,2,2,0,2,0,0,0,0,0
378910,MutisEventos,,2,0,2,2,0,2,0,0,0,0,0
378912,BacusEvents,,2,0,2,2,0,2,0,0,0,0,0
378917,ephymera,,2,0,2,2,0,2,0,0,0,0,0
378919,YumanyiEventos,,2,0,2,2,0,2,0,0,0,0,0
378926,elquellegatarde,,2,0,2,2,0,2,0,0,0,0,6
378928,Live_Two_Travel,,2,0,2,2,0,2,0,0,0,0,0
378930,LuisArroyoM,,2,0,2,2,0,2,0,0,0,0,0
378931,ninavelsa,,2,0,2,2,0,2,0,0,0,0,6
378938,LauraFerrera,,2,0,2,2,0,2,0,0,0,0,0
378939,EstherMaderuelo,,2,0,2,2,0,2,0,0,0,0,0
378943,retailmeeting,,2,0,2,2,0,2,0,0,0,0,0
378945,mariaredondo,,2,0,2,2,0,2,0,0,0,0,5
378948,CarmenRos35,,2,0,2,2,0,2,0,0,0,0,0
378950,phipola,,2,0,2,2,0,2,0,0,0,0,2
378954,ContemporaneaEv,,2,0,2,2,0,2,0,0,0,0,0
378958,IN3Spain,,2,0,2,2,0,2,0,0,0,0,0
378964,MarotoGP,,2,0,2,2,0,2,0,0,0,0,0
378966,Hector,,2,0,2,2,0,2,0,0,0,0,0
378967,CMartinUsieto,,2,0,2,2,0,2,0,0,0,0,5
378968,UPSAmasterCID,,2,0,2,2,0,2,0,0,0,0,4
378970,ildecortes,,2,0,2,2,0,2,0,0,0,0,0
378973,majimeno,,2,0,2,2,0,2,0,0,0,0,4
378989,FotografiaPaula,,2,0,2,2,0,2,0,0,0,0,0
379011,LoveTheWeddingD,,2,0,2,2,0,2,0,0,0,0,0
379017,sharksport_,,2,0,2,2,0,2,0,0,0,0,6
379020,NandoPerez,,2,0,2,2,0,2,0,0,0,0,2
379022,dredoli,,2,0,2,2,0,2,0,0,0,0,4
379023,imgranados,,2,0,2,2,0,2,0,0,0,0,4
379026,fernandomacia,,2,0,2,2,0,2,0,0,0,0,0
379027,LilianaSuleiman,,2,0,2,2,0,2,0,0,0,0,0
379029,lmdiazmeco,,2,0,2,2,0,2,0,0,0,0,0
379031,Manri_pr,,2,0,2,2,0,2,0,0,0,0,0
379047,RaquelEcenarro,,2,0,2,2,0,2,0,0,0,0,0
379056,IBeyond_eventos,,2,0,2,2,0,2,0,0,0,0,0
379061,CampoyElisa,,2,0,2,2,0,2,0,0,0,0,0
379066,xotels,,2,0,2,2,0,2,0,0,0,0,7
379068,artiSplendore,,2,0,2,2,0,2,0,0,0,0,0
379079,AdelaArenas,,2,0,2,2,0,2,0,0,0,0,0
379091,BeAdAgency,,2,0,2,2,0,2,0,0,0,0,0
379120,Planta_18,,2,0,2,2,0,2,0,0,0,0,0
379135,anagam_ES,,2,0,2,2,0,2,0,0,0,0,0
379142,allstaff_18,,2,0,2,2,0,2,0,0,0,0,0
379145,maytedlaiglesia,,2,0,2,2,0,2,0,0,0,0,0
379146,_Gregoriogarcia,,2,0,2,2,0,2,0,0,0,0,0
379147,Gregoriogchef,,2,0,2,2,0,2,0,0,0,0,0
379160,AngelaMorenoF_,,2,0,2,2,0,2,0,0,0,0,0
379163,Phocuswright,,2,0,2,2,0,2,0,0,0,0,7
379172,ferrobsan,,2,0,2,2,0,2,0,0,0,0,0
379177,merchepm,,2,0,2,2,0,2,0,0,0,0,0
379181,artexmadrid,,2,0,2,2,0,2,0,0,0,0,0
379182,memarchodeviaje,,2,0,2,2,0,2,0,0,0,0,0
379190,cesma,,2,0,2,2,0,2,0,0,0,0,4
379192,victorgil,,2,0,2,2,0,2,0,0,0,0,2
379196,HotelUrso,,2,0,2,2,0,2,0,0,0,0,0
379198,Mateoandco_es,,2,0,2,2,0,2,0,0,0,0,0
379201,dinasg6,,2,0,2,2,0,2,0,0,0,0,0
379220,GiselaRubach,,2,0,2,2,0,2,0,0,0,0,4
379221,GutierrezCarlos,,2,0,2,2,0,2,0,0,0,0,0
379234,borjaventura,,2,0,2,2,0,2,0,0,0,0,0
379250,osvaldomid,,2,0,2,2,0,2,0,0,0,0,0
379251,igslasalle,,2,0,2,2,0,2,0,0,0,0,4
379256,EduardoPradanos,,2,0,2,2,0,2,0,0,0,0,4
379260,goroji,,2,0,2,2,0,2,0,0,0,0,4
379263,virginiafriasg,,2,0,2,2,0,2,0,0,0,0,5
379274,ajplcs,,2,0,2,2,0,2,0,0,0,0,6
379275,PetitPalaceHtls,,2,0,2,2,0,2,0,0,0,0,0
379276,marcelomolinari,,2,0,2,2,0,2,0,0,0,0,0
379277,MancomunidadCSO,,2,0,2,2,0,2,0,0,0,0,0
379281,luisete,,2,0,2,2,0,2,0,0,0,0,0
379284,IMFFORMACION,,2,0,2,2,0,2,0,0,0,0,4
379286,juangutierrezgr,,2,0,2,2,0,2,0,0,0,0,0
379289,immaaguilar,,2,0,2,2,0,2,0,0,0,0,0
379290,Monicaalferez,,2,0,2,2,0,2,0,0,0,0,0
379293,Alonso_2_Santos,,2,0,2,2,0,2,0,0,0,0,0
379311,LPerdiguero,,2,0,2,2,0,2,0,0,0,0,0
379313,fuencysla,,2,0,2,2,0,2,0,0,0,0,0
379326,c_delso,,2,0,2,2,0,2,0,0,0,0,0
379328,elultramarinos,,2,0,2,2,0,2,0,0,0,0,0
379329,LussoCake,,2,0,2,2,0,2,0,0,0,0,0
379330,CHANCE_es,,2,0,2,2,0,2,0,0,0,0,0
379341,Socialniuscom,,2,0,2,2,0,2,0,0,0,0,1
379344,nebrijabs,,2,0,2,2,0,2,0,0,0,0,4
379346,GuilloRz,,2,0,2,2,0,2,0,0,0,0,6
379351,anagomezdcastro,,2,0,2,2,0,2,0,0,0,0,0
379355,mariajoseCANEL,,2,0,2,2,0,2,0,0,0,0,0
379360,MASConsulting,,2,0,2,2,0,2,0,0,0,0,0
379364,GD_moda,,2,0,2,2,0,2,0,0,0,0,0
379365,floresjesus1975,,2,0,2,2,0,2,0,0,0,0,5
379373,DescubreMalta,,2,0,2,2,0,2,0,0,0,0,0
379391,lrvives,,2,0,2,2,0,2,0,0,0,0,0
379395,jmahrens,,2,0,2,2,0,2,0,0,0,0,4
379414,DaniGFuente,,2,0,2,2,0,2,0,0,0,0,0
379432,LuisTejero,,2,0,2,2,0,2,0,0,0,0,0
379457,ColpisaNoticias,,2,0,2,2,0,2,0,0,0,0,5
379460,Galaxy_Prod,,2,0,2,2,0,2,0,0,0,0,0
379461,olallajimenez,,2,0,2,2,0,2,0,0,0,0,0
379464,sitocamTV,,2,0,2,2,0,2,0,0,0,0,0
379466,ImpackGranada,,2,0,2,2,0,2,0,0,0,0,0
379477,hoteldjuan,,2,0,2,2,0,2,0,0,0,0,0
379482,ainara_m_a,,2,0,2,2,0,2,0,0,0,0,4
379485,GrAnacapri,,2,0,2,2,0,2,0,0,0,0,0
379491,Fanguer,,2,0,2,2,0,2,0,0,0,0,0
379494,IGTMarket,,2,0,2,2,0,2,0,0,0,0,0
379505,ylucita,,2,0,2,2,0,2,0,0,0,0,0
379506,jorgevaldecasas,,2,0,2,2,0,2,0,0,0,0,0
379513,deportivoesco,,2,0,2,2,0,2,0,0,0,0,5
379516,Cortijolasolana,,3,0,3,3,0,3,0,0,0,0,6
379521,Nachoa14,,2,0,2,2,0,2,0,0,0,0,0
379527,glasibila,,2,0,2,2,0,2,0,0,0,0,0
379541,DiegoCabreraBar,,2,0,2,2,0,2,0,0,0,0,0
379561,jpiedrahita,,2,0,2,2,0,2,0,0,0,0,0
379562,c_hostelvira,,3,0,3,3,0,3,0,0,0,0,0
379563,StiloEventosSL,,2,0,2,2,0,2,0,0,0,0,0
379564,RaimonaRosanes,,2,0,2,2,0,2,0,0,0,0,0
379565,HeathGCF,,2,0,2,2,0,2,0,0,0,0,6
379568,GallardoLeonor,,2,0,2,2,0,2,0,0,0,0,0
379571,PabloCabello,,2,0,2,2,0,2,0,0,0,0,0
379573,miguelcobos,,2,0,2,2,0,2,0,0,0,0,0
379584,dolorestweets,,2,0,2,2,0,2,0,0,0,0,0
379586,Abulaci,,2,0,2,2,0,2,0,0,0,0,0
379592,Naylavp,,2,0,2,2,0,2,0,0,0,0,6
379599,santisouviron,,2,0,2,2,0,2,0,0,0,0,0
379602,JordiFrades,,2,0,2,2,0,2,0,0,0,0,0
379611,PuertoBanusCom,,2,0,2,2,0,2,0,0,0,0,0
379634,IOA_Official,,2,0,2,2,0,2,0,0,0,0,2
379640,Acedotor,,2,0,2,2,0,2,0,0,0,0,6
379642,FideturAcapulco,,2,0,2,2,0,2,0,0,0,0,8
379659,agusperiodista,,2,0,2,2,0,2,0,0,0,0,0
379675,FerValmaseda,,2,0,2,2,0,2,0,0,0,0,0
379679,ViajesGenil,,2,0,2,2,0,2,0,0,0,0,0
379682,Alex_EventsCase,,2,0,2,2,0,2,0,0,0,0,0
379684,Albertoortizrey,,2,0,2,2,0,2,0,0,0,0,0
379689,D_valderas,,2,0,2,2,0,2,0,0,0,0,0
379695,ElCoso_Gr,,2,0,2,2,0,2,0,0,0,0,0
379696,ComyProt,,2,0,2,2,0,2,0,0,0,0,0
379698,gregorio_lopeza,,2,0,2,2,0,2,0,0,0,0,0
379700,maracenagrafi,,2,0,2,2,0,2,0,0,0,0,0
379704,SICONGRESOS,,2,0,2,2,0,2,0,0,0,0,0
379707,Chef_RitzMadrid,,2,0,2,2,0,2,0,0,0,0,0
379727,BeaWorldFest,,2,0,2,2,0,2,0,0,0,0,0
379728,WTravelAwards,,2,0,2,2,0,2,0,0,0,0,7
379738,PlayaRiviera,,2,0,2,2,0,2,0,0,0,0,4
379739,RivieraMaya,,2,0,2,2,0,2,0,0,0,0,4
379741,SECTUR_mx,,2,0,2,2,0,2,0,0,0,0,4
379769,VibianaEvents,,2,0,2,2,0,2,0,0,0,0,2
379772,strategein,,2,0,2,2,0,2,0,0,0,0,3
379778,franj_duran,,2,0,2,2,0,2,0,0,0,0,0
379782,apardo59,,2,0,2,2,0,2,0,0,0,0,0
379783,ruizmaldonadoes,,2,0,2,2,0,2,0,0,0,0,0
379785,LaCala_Resort,,2,0,2,2,0,2,0,0,0,0,0
379792,topcomunicacion,,2,0,2,2,0,2,0,0,0,0,0
379796,Salguero_Marta,,2,0,2,2,0,2,0,0,0,0,0
379817,claudiobravo,,2,0,2,2,0,2,0,0,0,0,0
379834,RTA_Group,,2,0,2,2,0,2,0,0,0,0,0
379842,EventosdeAutor,,2,0,2,2,0,2,0,0,0,0,0
379843,aamediaevents,,2,0,2,2,0,2,0,0,0,0,4
379844,organiza_evento,,2,0,2,2,0,2,0,0,0,0,0
379852,femunoz,,2,0,2,2,0,2,0,0,0,0,4
379863,MICETVES,,2,0,2,2,0,2,0,0,0,0,0
379868,TarragonaCB,,2,0,2,2,0,2,0,0,0,0,0
379869,LilianaLdeG,,2,0,2,2,0,2,0,0,0,0,0
379886,FairmontHotels,,2,0,2,2,0,2,0,0,0,0,2
379889,turismopress,,2,0,2,2,0,2,0,0,0,0,0
379908,BcoCongresos,,2,0,2,2,0,2,0,0,0,0,0
379909,congresosmed,,2,0,2,2,0,2,0,0,0,0,0
379914,DivinaEvents,,2,0,2,2,0,2,0,0,0,0,6
379915,HQGlobalMag,,2,0,2,2,0,2,0,0,0,0,0
379919,HBRenacimiento,,2,0,2,2,0,2,0,0,0,0,0
379922,W_Barcelona,,2,0,2,2,0,2,0,0,0,0,3
379924,MoserLuis,,2,0,2,2,0,2,0,0,0,0,0
379937,ChantuNovias,,3,0,3,3,0,3,0,0,0,0,0
379941,guzmanagp,,2,0,2,2,0,2,0,0,0,0,0
379952,FMahouSanMiguel,,2,0,2,2,0,2,0,0,0,0,0
379953,HospesHotels,,2,0,2,2,0,2,0,0,0,0,0
379959,davidcreativity,,3,0,3,3,0,3,0,0,0,0,0
379962,puntomice,,2,0,2,2,0,2,0,0,0,0,0
379975,adecco_prensa,,2,0,2,2,0,2,0,0,0,0,4
379987,hotelbrena,,2,0,2,2,0,2,0,0,0,0,0
379990,DiagonalTV,,2,0,2,2,0,2,0,0,0,0,0
379992,iccaiberico,,2,0,2,2,0,2,0,0,0,0,0
379997,EsculturaEvents,,2,0,2,2,0,2,0,0,0,0,4
379998,TurismoJerez,,2,0,2,2,0,2,0,0,0,0,0
380001,Derby_Hotels,,2,0,2,2,0,2,0,0,0,0,2
380015,Lidia_Alanis,,2,0,2,2,0,2,0,0,0,0,0
380017,GloriaEstefan,,2,0,2,2,0,2,0,0,0,0,2
380020,i_meet,,2,0,2,2,0,2,0,0,0,0,0
380022,cvent,,2,0,2,2,0,2,0,0,0,0,0
380027,Totalisimo,,2,0,2,2,0,2,0,0,0,0,0
380030,DirEvent,,2,0,2,2,0,2,0,0,0,0,0
380031,af_albertofdez,,2,0,2,2,0,2,0,0,0,0,0
380032,FISU,,2,0,2,2,0,2,0,0,0,0,5
380041,victorjvarela,,2,0,2,2,0,2,0,0,0,0,0
380045,TUIDeutschland,,2,0,2,2,0,2,0,0,0,0,0
380051,ogazprotocolo,,2,0,2,2,0,2,0,0,0,0,0
380057,VILLAARGAZEVENT,,2,0,2,2,0,2,0,0,0,0,0
380059,LoveBevHills,,2,0,2,2,0,2,0,0,0,0,2
380060,BevHillsHotel,,2,0,2,2,0,2,0,0,0,0,2
380069,RonBarceloSpain,,2,0,2,2,0,2,0,0,0,0,2
380079,olgacasalm,,2,0,2,2,0,2,0,0,0,0,4
380080,DFelFandi,,2,0,2,2,0,2,0,0,0,0,2
380088,PepeAguarod,,2,0,2,2,0,2,0,0,0,0,0
380098,AGlezCobreros,,2,0,2,2,0,2,0,0,0,0,1
380101,bombaysapphires,,2,0,2,2,0,2,0,0,0,0,2
380104,H_NuevoBoston,,2,0,2,2,0,2,0,0,0,0,2
380116,FINCACORTESIN,,2,0,2,2,0,2,0,0,0,0,0
380123,GHG_Banus,,2,0,2,2,0,2,0,0,0,0,0
380124,HotelSCristobal,,2,0,2,2,0,2,0,0,0,0,0
380125,HVillaPadierna,,2,0,2,2,0,2,0,0,0,0,0
380126,PYRMARBELLA,,2,0,2,2,0,2,0,0,0,0,0
380128,H10AndaluciaPla,,2,0,2,2,0,2,0,0,0,0,0
380131,GRUPOIOE,,2,0,2,2,0,2,0,0,0,0,0
380134,chachipiano,,2,0,2,2,0,2,0,0,0,0,0
380135,PEDewanee,,2,0,2,2,0,2,0,0,0,0,0
380138,master_comunica,,2,0,2,2,0,2,0,0,0,0,0
380139,fabricocina,,2,0,2,2,0,2,0,0,0,0,0
380141,Global_Alliance,,2,0,2,2,0,2,0,0,0,0,0
380148,talycaballero,,2,0,2,2,0,2,0,0,0,0,0
380149,IBTMevents,,2,0,2,2,0,2,0,0,0,0,0
380150,IMEX_Group,,2,0,2,2,0,2,0,0,0,0,0
380153,apmusicales,,2,0,2,2,0,2,0,0,0,0,0
380155,GrupoJOrdonez,,2,0,2,2,0,2,0,0,0,0,0
380159,tousjewelry,,2,0,2,2,0,2,0,0,0,0,1
380162,LuisTikiTiki,,2,0,2,2,0,2,0,0,0,0,6
380163,zenithoteles,,2,0,2,2,0,2,0,0,0,0,0
380164,OLYMPIAVALENCIA,,2,0,2,2,0,2,0,0,0,0,7
380167,AyreHoteles,,2,0,2,2,0,2,0,0,0,0,0
380170,Rosa_Clara,,3,0,3,3,0,3,0,0,0,0,1
380171,DTeralEVENTOS,,3,0,3,3,0,3,0,0,0,0,0
380175,EventosColiseo,,2,0,2,2,0,2,0,0,0,0,6
380177,EIP_Madrid,,2,0,2,2,0,2,0,0,0,0,0
380178,clementecebrian,,2,0,2,2,0,2,0,0,0,0,4
380179,AlmuniaCatering,,2,0,2,2,0,2,0,0,0,0,0
380180,alemateo87,,2,0,2,2,0,2,0,0,0,0,0
380182,AmandaGilB,,2,0,2,2,0,2,0,0,0,0,0
380183,TPJ_89,,2,0,2,2,0,2,0,0,0,0,0
380188,DocComunicacion,,2,0,2,2,0,2,0,0,0,0,0
380189,letsgrowfashion,,2,0,2,2,0,2,0,0,0,0,0
380196,JuanaMartinModa,,2,0,2,2,0,2,0,0,0,0,0
380199,alvaromerino,,2,0,2,2,0,2,0,0,0,0,0
380209,plannercongress,,2,0,2,2,0,2,0,0,0,0,4
380212,EventoEnterate,,2,0,2,2,0,2,0,0,0,0,6
380239,Publizia,,2,0,2,2,0,2,0,0,0,0,5
380242,concha_aguilera,,2,0,2,2,0,2,0,0,0,0,0
380243,EUROAL_,,2,0,2,2,0,2,0,0,0,0,0
380245,Hotusa,,3,0,3,3,0,3,0,0,0,0,0
380248,salleshotels,,2,0,2,2,0,2,0,0,0,0,0
380251,iesport,,2,0,2,2,0,2,0,0,0,0,6
380268,Pcomunicaciones,,2,0,2,2,0,2,0,0,0,0,0
380271,ManuelDminguez,,2,0,2,2,0,2,0,0,0,0,0
380282,congresoeventos,,2,0,2,2,0,2,0,0,0,0,0
380286,Lidietaaaa,,2,0,2,2,0,2,0,0,0,0,0
380290,OnlyYOUHotels,,2,0,2,2,0,2,0,0,0,0,0
380291,eguatiplu,,2,0,2,2,0,2,0,0,0,0,4
380292,PalladiumHG,,2,0,2,2,0,2,0,0,0,0,2
380295,RProtocolo,,2,0,2,2,0,2,0,0,0,0,0
380299,zarahome,,2,0,2,2,0,2,0,0,0,0,0
380302,hoteles_santos,,2,0,2,2,0,2,0,0,0,0,0
380303,manuelasuarezpi,,2,0,2,2,0,2,0,0,0,0,0
380316,EsdenBS,,2,0,2,2,0,2,0,0,0,0,4
380321,MO_NEWYORK,,2,0,2,2,0,2,0,0,0,0,2
380322,MO_HOTELS,,2,0,2,2,0,2,0,0,0,0,7
380323,fiestahotels,,2,0,2,2,0,2,0,0,0,0,2
380325,PalladiumHotels,,2,0,2,2,0,2,0,0,0,0,2
380329,GermanTravels,,2,0,2,2,0,2,0,0,0,0,0
380331,BahiaPrincipe,,2,0,2,2,0,2,0,0,0,0,2
380332,hotelauditorium,,2,0,2,2,0,2,0,0,0,0,0
380333,pronovias,,2,0,2,2,0,2,0,0,0,0,2
380334,GranadaNupcial,,2,0,2,2,0,2,0,0,0,0,0
380336,rafaelhoteles,,2,0,2,2,0,2,0,0,0,0,0
380337,MeliaHtlResorts,,2,0,2,2,0,2,0,0,0,0,0
380339,Faranda_Hotels,,2,0,2,2,0,2,0,0,0,0,0
380342,beonworldwide,,2,0,2,2,0,2,0,0,0,0,0
380354,HolidayInn,,2,0,2,2,0,2,0,0,0,0,2
380355,hotelindigo,,2,0,2,2,0,2,0,0,0,0,2
380356,CrownePlaza,,2,0,2,2,0,2,0,0,0,0,2
380357,InterConHotels,,2,0,2,2,0,2,0,0,0,0,2
380360,LuxeTalent,,2,0,2,2,0,2,0,0,0,0,4
380366,h10hotels,,2,0,2,2,0,2,0,0,0,0,0
380369,CataloniaHotels,,2,0,2,2,0,2,0,0,0,0,0
380374,MCarmenNav,,2,0,2,2,0,2,0,0,0,0,0
380375,Hanami_Events,,2,0,2,2,0,2,0,0,0,0,0
380376,ESERP,,2,0,2,2,0,2,0,0,0,0,4
380378,elJuli,,2,0,2,2,0,2,0,0,0,0,0
380379,NocheAnfiteatro,,2,0,2,2,0,2,0,0,0,0,0
380380,EADABusiness,,2,0,2,2,0,2,0,0,0,0,4
380381,fuertehoteles,,2,0,2,2,0,2,0,0,0,0,0
380382,circuitodejerez,,2,0,2,2,0,2,0,0,0,0,0
380386,carolaamate,,3,0,3,3,0,3,0,0,0,0,0
380387,Ingles_x_Moda,,2,0,2,2,0,2,0,0,0,0,0
380389,LancomeNews,,2,0,2,2,0,2,0,0,0,0,0
380390,Chicisimo,,2,0,2,2,0,2,0,0,0,0,0
380391,WiZinkCenter,,2,0,2,2,0,2,0,0,0,0,0
380392,bimbaylola,,2,0,2,2,0,2,0,0,0,0,0
380400,HesperiaResorts,,2,0,2,2,0,2,0,0,0,0,0
380403,aletalavante,,2,0,2,2,0,2,0,0,0,0,0
380405,ELLEducation_es,,2,0,2,2,0,2,0,0,0,0,0
380408,noches_espacial,,2,0,2,2,0,2,0,0,0,0,0
380411,DeIracheta,,2,0,2,2,0,2,0,0,0,0,0
380413,alextropic,,2,0,2,2,0,2,0,0,0,0,6
380417,ZairaArco,,2,0,2,2,0,2,0,0,0,0,6
380430,bksFRAN,,2,0,2,2,0,2,0,0,0,0,0
380435,melys_686,,2,0,2,2,0,2,0,0,0,0,6
380438,JoseLucena1811,,2,0,2,2,0,2,0,0,0,0,0
380441,mariazromero,,2,0,2,2,0,2,0,0,0,0,6
380442,juan_Albertop,,2,0,2,2,0,2,0,0,0,0,6
380494,globalvoices,,2,0,2,2,0,2,0,0,0,0,1
380541,UN_DSD,,2,0,2,2,0,2,0,0,0,0,1
380545,osezlefeminisme,,2,0,2,2,0,2,0,0,0,0,8
380549,AfrikInfo,,2,0,2,2,0,2,0,0,0,0,1
380554,ONUAfrique,,2,0,2,2,0,2,0,0,0,0,1
380572,UNjobs,,2,0,2,2,0,2,0,0,0,0,2
380577,UNLibrary,,2,0,2,2,0,2,0,0,0,0,0
380580,secgen,,2,0,2,2,0,2,0,0,0,0,1
380603,InsiteMalta,,2,0,2,2,0,2,0,0,0,0,1
380607,Plan4Girls,,2,0,2,2,0,2,0,0,0,0,1
380610,GirlUp,,2,0,2,2,0,2,0,0,0,0,1
380614,MSF_Suisse,,2,0,2,2,0,2,0,0,0,0,1
380616,LaVoixDJeunes,,2,0,2,2,0,2,0,0,0,0,1
380623,AmericaGovFr,,2,0,2,2,0,2,0,0,0,0,1
380626,HI_france,,2,0,2,2,0,2,0,0,0,0,8
380641,ONUinfo,,2,0,2,2,0,2,0,0,0,0,1
380649,UNESCOMexico,,2,0,2,2,0,2,0,0,0,0,1
380677,Andrej_Kiska,,2,0,2,2,0,2,0,0,0,0,1
380681,AlsisiOfficial,,2,0,2,2,0,2,0,0,0,0,1
380688,Moncef_Marzouki,,2,0,2,2,0,2,0,0,0,0,1
380722,Atelier_medias,,2,0,2,2,0,2,0,0,0,0,1
380735,farmagemma,,2,0,2,2,0,2,0,0,0,0,4
380738,PetraHudkov,,2,0,2,2,0,2,0,0,0,0,4
380750,ViejaSirena,,2,0,2,2,0,2,0,0,0,0,4
380753,Andr3aAnton,,2,0,2,2,0,2,0,0,0,0,4
380758,criapsicologia,,2,0,2,2,0,2,0,0,0,0,4
380766,EriiSparks,,2,0,2,2,0,2,0,0,0,0,4
380773,calixsierra,,2,0,2,2,0,2,0,0,0,0,4
380774,javierarmentia,,2,0,2,2,0,2,0,0,0,0,4
380780,Naukas_com,,2,0,2,2,0,2,0,0,0,0,4
380784,VonChocolat,,2,0,2,2,0,2,0,0,0,0,4
380785,lainfo_ciencia,,2,0,2,2,0,2,0,0,0,0,6
380791,javi_indy,,2,0,2,2,0,2,0,0,0,0,4
380793,javier_parra,,2,0,2,2,0,2,0,0,0,0,4
380797,HugoBonet,,2,0,2,2,0,2,0,0,0,0,0
380798,N0ESP0RPRESUMIR,,2,0,2,2,0,2,0,0,0,0,5
380800,Rafapasta,,2,0,2,2,0,2,0,0,0,0,4
380803,nauj27,,2,0,2,2,0,2,0,0,0,0,4
380804,SergioJoseGtz,,2,0,2,2,0,2,0,0,0,0,4
380805,MartaNebot,,2,0,2,2,0,2,0,0,0,0,4
380808,MASTERS_CURSOS,,2,0,2,2,0,2,0,0,0,0,4
380810,crea_tu_blog,,2,0,2,2,0,2,0,0,0,0,4
380812,travelmusho,,2,0,2,2,0,2,0,0,0,0,4
380815,CienciaKanija,,2,0,2,2,0,2,0,0,0,0,2
380816,albertomontt,,2,0,2,2,0,2,0,0,0,0,4
380817,Takeshi_Tngch,,2,0,2,2,0,2,0,0,0,0,4
380818,VistoForocoches,,2,0,2,2,0,2,0,0,0,0,4
380819,cap0,,3,0,3,3,0,3,0,0,0,0,4
380821,arkangel,,2,0,2,2,0,2,0,0,0,0,4
380825,beablanca,,2,0,2,2,0,2,0,0,0,0,4
380827,ucedaman,,2,0,2,2,0,2,0,0,0,0,0
380830,Kvasniova,,2,0,2,2,0,2,0,0,0,0,4
380831,francueto,,2,0,2,2,0,2,0,0,0,0,6
380836,Astro_Soichi,,2,0,2,2,0,2,0,0,0,0,4
380840,Irreductible,,2,0,2,2,0,2,0,0,0,0,4
380841,mimesacojea,,2,0,2,2,0,2,0,0,0,0,4
380842,Rosnavelle,,2,0,2,2,0,2,0,0,0,0,6
380843,gallir,,2,0,2,2,0,2,0,0,0,0,4
380844,davidgregory,,2,0,2,2,0,2,0,0,0,0,4
380846,xchangeepfl,,2,0,2,2,0,2,0,0,0,0,1
380852,popforms,,2,0,2,2,0,2,0,0,0,0,1
380856,JackLCatherall,,2,0,2,2,0,2,0,0,0,0,1
380857,internshipeu,,2,0,2,2,0,2,0,0,0,0,1
380858,rights4interns,,2,0,2,2,0,2,0,0,0,0,1
380859,ScholarshipPort,,2,0,2,2,0,2,0,0,0,0,1
380862,intern_careers,,2,0,2,2,0,2,0,0,0,0,1
380863,GCFjobs,,2,0,2,2,0,2,0,0,0,0,1
380865,internships,,2,0,2,2,0,2,0,0,0,0,1
380867,DreamCareers,,2,0,2,2,0,2,0,0,0,0,1
380872,graduatejobsUK,,2,0,2,2,0,2,0,0,0,0,1
380873,careeranalysts1,,2,0,2,2,0,2,0,0,0,0,1
380874,gradwork,,2,0,2,2,0,2,0,0,0,0,1
380879,TheOpp_Group,,2,0,2,2,0,2,0,0,0,0,1
380884,SimplyHired,,2,0,2,2,0,2,0,0,0,0,1
380894,milkround_jobs,,2,0,2,2,0,2,0,0,0,0,1
380895,PoetsAndQuants,,2,0,2,2,0,2,0,0,0,0,1
380900,universifree,,2,0,2,2,0,2,0,0,0,0,1
380901,meninagui,,2,0,2,2,0,2,0,0,0,0,1
380904,theoceanrace,,2,0,2,2,0,2,0,0,0,0,7
380921,raileurope,,2,0,2,2,0,2,0,0,0,0,7
380942,FalamosP,,2,0,2,2,0,2,0,0,0,0,7
380950,andorraworld_ad,,2,0,2,2,0,2,0,0,0,0,0
380957,charles_wood_lx,,2,0,2,2,0,2,0,0,0,0,7
380970,TheTravelerPost,,2,0,2,2,0,2,0,0,0,0,7
380996,VORLisbon,,2,0,2,2,0,2,0,0,0,0,7
381001,AlfamaShop,,2,0,2,2,0,2,0,0,0,0,7
381018,ispamedia,,2,0,2,2,0,2,0,0,0,0,7
381030,newlisbontours,,2,0,2,2,0,2,0,0,0,0,7
381044,HennessysLisboa,,2,0,2,2,0,2,0,0,0,0,7
381048,GourmandBreaks,,2,0,2,2,0,2,0,0,0,0,7
381107,wild_walkers,,2,0,2,2,0,2,0,0,0,0,7
381115,DeltaNewsHub,,2,0,2,2,0,2,0,0,0,0,7
381116,FlyFrontier,,2,0,2,2,0,2,0,0,0,0,7
381129,Turistas_Sofa,,2,0,2,2,0,2,0,0,0,0,0
381130,viagemeturismo,,2,0,2,2,0,2,0,0,0,0,7
381132,CzechAirlines,,2,0,2,2,0,2,0,0,0,0,7
381145,ThomasCookUK,,2,0,2,2,0,2,0,0,0,0,7
381146,airasia,,2,0,2,2,0,2,0,0,0,0,7
381148,KoreanAir_KE,,2,0,2,2,0,2,0,0,0,0,3
381150,feriasportugal,,2,0,2,2,0,2,0,0,0,0,7
381169,lifecoolerpt,,2,0,2,2,0,2,0,0,0,0,7
381224,TTLisbon,,2,0,2,2,0,2,0,0,0,0,2
381225,TipsGuideLisboa,,2,0,2,2,0,2,0,0,0,0,7
381228,RedCrescent,,2,0,2,2,0,2,0,0,0,0,2
381229,Decentralised_M,,2,0,2,2,0,2,0,0,0,0,2
381230,ABPM32,,2,0,2,2,0,2,0,0,0,0,2
381231,cyigit,,2,0,2,2,0,2,0,0,0,0,2
381232,abdrhmncom,,2,0,2,2,0,2,0,0,0,0,2
381233,MarkOrsborn,,2,0,2,2,0,2,0,0,0,0,2
381238,PembeC,,2,0,2,2,0,2,0,0,0,0,2
381240,turnacilar,,2,0,2,2,0,2,0,0,0,0,2
381268,mhulkicevizoglu,,2,0,2,2,0,2,0,0,0,0,2
381281,Eczacibasi,,2,0,2,2,0,2,0,0,0,0,2
381292,HAYKOCPQN,,2,0,2,2,0,2,0,0,0,0,2
381297,busrapekin,,2,0,2,2,0,2,0,0,0,0,2
381298,ayhansicimoglu,,2,0,2,2,0,2,0,0,0,0,2
381303,nihadagenc,,2,0,2,2,0,2,0,0,0,0,2
381318,CapitalDergisi,,2,0,2,2,0,2,0,0,0,0,2
381322,AylinAsLIM,,2,0,2,2,0,2,0,0,0,0,2
381328,kucukiskender,,2,0,2,2,0,2,0,0,0,0,2
381332,demetakbag,,2,0,2,2,0,2,0,0,0,0,2
381334,cakir_rusen,,2,0,2,2,0,2,0,0,0,0,2
381343,sebnembozoklu,,2,0,2,2,0,2,0,0,0,0,2
381356,siring,,2,0,2,2,0,2,0,0,0,0,2
381361,yavuzseckin,,2,0,2,2,0,2,0,0,0,0,2
381362,besmersoy,,2,0,2,2,0,2,0,0,0,0,2
381363,argeistanbul,,2,0,2,2,0,2,0,0,0,0,2
381374,muthiscumleler,,2,0,2,2,0,2,0,0,0,0,2
381375,MSinanPala,,2,0,2,2,0,2,0,0,0,0,2
381376,kymintl,,2,0,2,2,0,2,0,0,0,0,2
381396,Herkul_Nagme,,2,0,2,2,0,2,0,0,0,0,2
381409,anadolujet,,2,0,2,2,0,2,0,0,0,0,2
381415,JeffDSachs,,2,0,2,2,0,2,0,0,0,0,2
381439,YesilEkonomi,,2,0,2,2,0,2,0,0,0,0,2
381474,TLC_Turkiye,,2,0,2,2,0,2,0,0,0,0,2
381490,Greenpeace_Med,,2,0,2,2,0,2,0,0,0,0,2
381544,dunya_gazetesi,,2,0,2,2,0,2,0,0,0,0,2
381545,AB_7CP_UKO,,2,0,2,2,0,2,0,0,0,0,2
381628,NTVKSanat,,3,0,3,3,0,3,0,0,0,0,7
381649,erasmuspolonya,,2,0,2,2,0,2,0,0,0,0,7
381663,ifistanbul,,2,0,2,2,0,2,0,0,0,0,7
381664,garajistanbul,,2,0,2,2,0,2,0,0,0,0,7
381665,TimeOutIstanbul,,2,0,2,2,0,2,0,0,0,0,7
381700,IsabelFontalba,,2,0,2,2,0,2,0,0,0,0,6
381709,AlvaroHermoso,,2,0,2,2,0,2,0,0,0,0,6
381711,SmJuanpe,,2,0,2,2,0,2,0,0,0,0,6
381745,Ms_Belenmr,,2,0,2,2,0,2,0,0,0,0,6
381761,AntonioRam94,,2,0,2,2,0,2,0,0,0,0,6
381763,montyalvo3,,2,0,2,2,0,2,0,0,0,0,6
381764,fity_grx,,2,0,2,2,0,2,0,0,0,0,6
381772,cscolari,,2,0,2,2,0,2,0,0,0,0,2
381841,PapoMcArg,,2,0,2,2,0,2,0,0,0,0,8
381848,CulturaBarrios,,2,0,2,2,0,2,0,0,0,0,0
381852,BetterCallSaul,,2,0,2,2,0,2,0,0,0,0,2
381865,Intrusos,,2,0,2,2,0,2,0,0,0,0,2
381877,pablo_sammarco,,2,0,2,2,0,2,0,0,0,0,4
381897,mmcr85,,2,0,2,2,0,2,0,0,0,0,2
381913,OtrosCines,,2,0,2,2,0,2,0,0,0,0,0
382004,earlkman,,2,0,2,2,0,2,0,0,0,0,4
382044,turinginst,,2,0,2,2,0,2,0,0,0,0,2
382063,Socialancer,,2,0,2,2,0,2,0,0,0,0,4
382065,tableau,,2,0,2,2,0,2,0,0,0,0,8
382133,50NerdsofGrey,,2,0,2,2,0,2,0,0,0,0,2
382138,TEHnetwork,,2,0,2,2,0,2,0,0,0,0,1
382145,colvilleandersn,,2,0,2,2,0,2,0,0,0,0,0
382153,aacc_net,,2,0,2,2,0,2,0,0,0,0,4
382156,maiolsanauja,,2,0,2,2,0,2,0,0,0,0,6
382178,Musgrave,,2,0,2,2,0,2,0,0,0,0,2
382179,FutbolRuso,,2,0,2,2,0,2,0,0,0,0,0
382184,casciari,,2,0,2,2,0,2,0,0,0,0,2
382188,cronica,,2,0,2,2,0,2,0,0,0,0,2
382198,tuvozalmundo,,2,0,2,2,0,2,0,0,0,0,2
382216,mariaritook,,2,0,2,2,0,2,0,0,0,0,2
382237,netimpact,,2,0,2,2,0,2,0,0,0,0,0
382239,elpoderdelc,,2,0,2,2,0,2,0,0,0,0,2
382252,IdeasLN,,2,0,2,2,0,2,0,0,0,0,5
382253,arteBA,,2,0,2,2,0,2,0,0,0,0,4
382295,telegram_es,,2,0,2,2,0,2,0,0,0,0,0
382324,artFido,,2,0,2,2,0,2,0,0,0,0,2
382333,ninocarvalho,,2,0,2,2,0,2,0,0,0,0,2
382347,socialwebcafe,,2,0,2,2,0,2,0,0,0,0,2
382352,oleismos,,2,0,2,2,0,2,0,0,0,0,2
382376,AnimaNaturalis,,2,0,2,2,0,2,0,0,0,0,4
382379,maquinal,,2,0,2,2,0,2,0,0,0,0,6
382380,ShaunFrankson,,2,0,2,2,0,2,0,0,0,0,2
382384,BID_Ciudades,,2,0,2,2,0,2,0,0,0,0,4
382421,CaroLepOficial,,2,0,2,2,0,2,0,0,0,0,2
382491,NBCNewsHealth,,2,0,2,2,0,2,0,0,0,0,3
382495,ale_fabbri,,2,0,2,2,0,2,0,0,0,0,2
382512,dzapatillas,,2,0,2,2,0,2,0,0,0,0,2
382586,bbvaOpenMind,,2,0,2,2,0,2,0,0,0,0,4
382602,RCA,,2,0,2,2,0,2,0,0,0,0,1
382636,thepop,,2,0,2,2,0,2,0,0,0,0,2
382637,eeroloonurm,,2,0,2,2,0,2,0,0,0,0,1
382640,PeeterKrusten,,2,0,2,2,0,2,0,0,0,0,1
382653,AdamSandler,,2,0,2,2,0,2,0,0,0,0,1
382700,madridpormundo,,2,0,2,2,0,2,0,0,0,0,4
382725,BYCHEMAOLMEDO,,2,0,2,2,0,2,0,0,0,0,0
382794,OurExplorers,,2,0,2,2,0,2,0,0,0,0,4
382817,slealm,,2,0,2,2,0,2,0,0,0,0,4
382842,lizarran_precia,,2,0,2,2,0,2,0,0,0,0,4
382862,ConsuladoEspJer,,2,0,2,2,0,2,0,0,0,0,4
382874,silviaalava,,2,0,2,2,0,2,0,0,0,0,5
382881,PirateaLondres,,2,0,2,2,0,2,0,0,0,0,4
382891,mariafernandez,,2,0,2,2,0,2,0,0,0,0,4
382898,MamaenBulgaria,,2,0,2,2,0,2,0,0,0,0,4
382904,estoesALONDON,,2,0,2,2,0,2,0,0,0,0,4
382913,AnaBeln999,,2,0,2,2,0,2,0,0,0,0,4
382927,Xpresartefoto,,2,0,2,2,0,2,0,0,0,0,0
382929,cocinagloriapaz,,2,0,2,2,0,2,0,0,0,0,0
382930,BatterCSpanish,,2,0,2,2,0,2,0,0,0,0,4
382931,JamonCompany,,2,0,2,2,0,2,0,0,0,0,0
382935,CEXT_es,,2,0,2,2,0,2,0,0,0,0,0
382936,KnorrESP,,2,0,2,2,0,2,0,0,0,0,4
382937,BimboEsp,,2,0,2,2,0,2,0,0,0,0,4
382944,rsalaverria,,2,0,2,2,0,2,0,0,0,0,4
382952,ConchaLanga,,2,0,2,2,0,2,0,0,0,0,4
382953,rojastorrijos,,2,0,2,2,0,2,0,0,0,0,4
382955,democmedia,,2,0,2,2,0,2,0,0,0,0,4
382966,ciee_news,,2,0,2,2,0,2,0,0,0,0,4
382974,conchap27,,2,0,2,2,0,2,0,0,0,0,4
382988,mavmedel,,2,0,2,2,0,2,0,0,0,0,4
382989,LolaRBrito,,2,0,2,2,0,2,0,0,0,0,4
382993,marialamu,,2,0,2,2,0,2,0,0,0,0,4
382998,SevilleErasmus,,2,0,2,2,0,2,0,0,0,0,4
383005,uni__augsburg,,2,0,2,2,0,2,0,0,0,0,4
383007,wissen_lockt,,2,0,2,2,0,2,0,0,0,0,4
383010,CulturaFcom,,2,0,2,2,0,2,0,0,0,0,4
383016,EnigmaExpres,,2,0,2,2,0,2,0,0,0,0,0
383019,aireflamenco,,2,0,2,2,0,2,0,0,0,0,0
383026,coaching_es,,2,0,2,2,0,2,0,0,0,0,0
383028,chickenbananaes,,2,0,2,2,0,2,0,0,0,0,0
383030,escaperoomlover,,2,0,2,2,0,2,0,0,0,0,0
383038,ElPecadoPub,,2,0,2,2,0,2,0,0,0,0,0
383039,Conectamalaga,,2,0,2,2,0,2,0,0,0,0,0
383040,AtomarxcopasGR,,2,0,2,2,0,2,0,0,0,0,0
383041,stelartt,,2,0,2,2,0,2,0,0,0,0,6
383045,nosolotendencia,,2,0,2,2,0,2,0,0,0,0,0
383047,vapingranada,,2,0,2,2,0,2,0,0,0,0,0
383050,esires1,,2,0,2,2,0,2,0,0,0,0,0
383053,ajegranada,,2,0,2,2,0,2,0,0,0,0,0
383057,albaccorrochano,,2,0,2,2,0,2,0,0,0,0,6
383062,JoseAngelLeon,,2,0,2,2,0,2,0,0,0,0,3
383065,VirginiaELE,,2,0,2,2,0,2,0,0,0,0,1
383079,MaesePads,,2,0,2,2,0,2,0,0,0,0,0
383091,AcampadaBadajoz,,2,0,2,2,0,2,0,0,0,0,6
383133,julla_mf90,,2,0,2,2,0,2,0,0,0,0,6
383150,sariceeee,,2,0,2,2,0,2,0,0,0,0,6
383156,LuciaLCh,,2,0,2,2,0,2,0,0,0,0,3
383165,DanielTitoRguez,,2,0,2,2,0,2,0,0,0,0,6
383175,car0gc,,2,0,2,2,0,2,0,0,0,0,6
383184,SaraVanDeemter,,2,0,2,2,0,2,0,0,0,0,6
383196,wonydeito,,2,0,2,2,0,2,0,0,0,0,6
383201,Tugui72,,2,0,2,2,0,2,0,0,0,0,6
383206,JorgeMoruno,,2,0,2,2,0,2,0,0,0,0,6
383209,trivi_94,,2,0,2,2,0,2,0,0,0,0,4
383212,Jodie_amb,,3,0,3,3,0,3,0,0,0,0,6
383222,aculturacritica,,2,0,2,2,0,2,0,0,0,0,6
383225,Nanakazgz,,2,0,2,2,0,2,0,0,0,0,6
383231,PasaRebe,,2,0,2,2,0,2,0,0,0,0,6
383270,addeUVa,,2,0,2,2,0,2,0,0,0,0,1
383273,DaniRojoG,,2,0,2,2,0,2,0,0,0,0,7
383300,MaryRamos_13,,2,0,2,2,0,2,0,0,0,0,7
383345,adrianherfer,,2,0,2,2,0,2,0,0,0,0,4
383352,AntonioJessPale,,2,0,2,2,0,2,0,0,0,0,6
383359,amejs,,2,0,2,2,0,2,0,0,0,0,6
383365,IreniitaMalibu,,2,0,2,2,0,2,0,0,0,0,3
383371,PriscilaLuque92,,2,0,2,2,0,2,0,0,0,0,6
383375,estefaniacapel,,2,0,2,2,0,2,0,0,0,0,4
383376,campusjoveuv,,2,0,2,2,0,2,0,0,0,0,6
383403,LeiVirgo,,2,0,2,2,0,2,0,0,0,0,6
383415,MasterJuan_8off,,2,0,2,2,0,2,0,0,0,0,3
383442,Jorgealfarb,,2,0,2,2,0,2,0,0,0,0,7
383443,CarmenVM_,,2,0,2,2,0,2,0,0,0,0,4
383453,LuciaSempere,,2,0,2,2,0,2,0,0,0,0,5
383464,dovdtel87,,2,0,2,2,0,2,0,0,0,0,6
383468,anaLopsan,,2,0,2,2,0,2,0,0,0,0,3
383484,Jorxrubio,,2,0,2,2,0,2,0,0,0,0,0
383493,21_sanchez,,2,0,2,2,0,2,0,0,0,0,6
383495,LoloGarcia4,,2,0,2,2,0,2,0,0,0,0,6
383503,MFunes7,,2,0,2,2,0,2,0,0,0,0,5
383509,belenessie,,2,0,2,2,0,2,0,0,0,0,6
383518,SZamora74,,2,0,2,2,0,2,0,0,0,0,6
383523,sofia_sogamar,,2,0,2,2,0,2,0,0,0,0,1
383551,iualgeciras,,2,0,2,2,0,2,0,0,0,0,0
383557,BorjAlmeria,,2,0,2,2,0,2,0,0,0,0,6
383568,maurizioolivie3,,2,0,2,2,0,2,0,0,0,0,3
383589,fidelon04,,2,0,2,2,0,2,0,0,0,0,4
383598,Adri_Sanchez87,,2,0,2,2,0,2,0,0,0,0,6
383613,CandelaSaiz,,2,0,2,2,0,2,0,0,0,0,6
383678,Marinadipo,,2,0,2,2,0,2,0,0,0,0,1
383702,DiariEducacio,,2,0,2,2,0,2,0,0,0,0,6
383718,VenaMareaVerde,,2,0,2,2,0,2,0,0,0,0,6
383724,larahache,,2,0,2,2,0,2,0,0,0,0,0
383728,InformaSol,,2,0,2,2,0,2,0,0,0,0,2
383731,cupumad,,2,0,2,2,0,2,0,0,0,0,6
383747,amirkamran,,2,0,2,2,0,2,0,0,0,0,1
383758,NoraMMansour,,2,0,2,2,0,2,0,0,0,0,7
383782,lagranduquesa,,2,0,2,2,0,2,0,0,0,0,6
383783,TXValencia,,2,0,2,2,0,2,0,0,0,0,6
383799,anaxfotopoulos,,2,0,2,2,0,2,0,0,0,0,4
383806,bertranruiz,,2,0,2,2,0,2,0,0,0,0,7
383810,luina8,,2,0,2,2,0,2,0,0,0,0,4
383827,BUKINGHAN,,2,0,2,2,0,2,0,0,0,0,6
383851,LenguajeJUR,,2,0,2,2,0,2,0,0,0,0,6
383864,Colegiomunabe,,2,0,2,2,0,2,0,0,0,0,6
383891,DretUPF,,2,0,2,2,0,2,0,0,0,0,6
383895,Patente7corso,,2,0,2,2,0,2,0,0,0,0,6
383899,CAZADORDELEYES,,2,0,2,2,0,2,0,0,0,0,6
383911,Tatanrodriguex,,2,0,2,2,0,2,0,0,0,0,6
383915,EnriquePGarc,,2,0,2,2,0,2,0,0,0,0,6
383917,nmeseguer,,2,0,2,2,0,2,0,0,0,0,6
383921,BecerraMiguel,,2,0,2,2,0,2,0,0,0,0,6
383922,COAPINAVARRA,,2,0,2,2,0,2,0,0,0,0,6
383923,IELM1,,3,0,3,3,0,3,0,0,0,0,6
383929,MaitePonceO,,2,0,2,2,0,2,0,0,0,0,6
383934,FilstonMayerLaw,,2,0,2,2,0,2,0,0,0,0,6
383951,JuanANegreteZ,,2,0,2,2,0,2,0,0,0,0,6
383953,mamahilma,,2,0,2,2,0,2,0,0,0,0,6
383965,UNMUN_UNAV,,2,0,2,2,0,2,0,0,0,0,7
383972,mjcperezm,,2,0,2,2,0,2,0,0,0,0,6
383982,bruna_fontenele,,2,0,2,2,0,2,0,0,0,0,6
383991,ACOFADE1,,2,0,2,2,0,2,0,0,0,0,6
384000,fjmoravi,,2,0,2,2,0,2,0,0,0,0,6
384005,rubnc,,2,0,2,2,0,2,0,0,0,0,4
384009,edu_moreno3,,2,0,2,2,0,2,0,0,0,0,0
384010,sandra_gutiser,,2,0,2,2,0,2,0,0,0,0,0
384011,MayteHergueta,,2,0,2,2,0,2,0,0,0,0,6
384012,martinferana,,2,0,2,2,0,2,0,0,0,0,6
384013,FrantasticoRR,,2,0,2,2,0,2,0,0,0,0,0
384015,JuanVerdejo,,3,0,3,3,0,3,0,0,0,0,6
384016,Helixtobal,,2,0,2,2,0,2,0,0,0,0,6
384017,luissg17,,2,0,2,2,0,2,0,0,0,0,6
384023,erpablo,,2,0,2,2,0,2,0,0,0,0,6
384025,jjdmochon,,2,0,2,2,0,2,0,0,0,0,0
384027,DarwinEventur,,3,0,3,3,0,3,0,0,0,0,4
384030,yeuxdusoleil,,2,0,2,2,0,2,0,0,0,0,6
384031,miss_croupier,,2,0,2,2,0,2,0,0,0,0,6
384039,m_andarina,,2,0,2,2,0,2,0,0,0,0,0
384043,pakitochus,,2,0,2,2,0,2,0,0,0,0,6
384045,Hel_hs,,2,0,2,2,0,2,0,0,0,0,6
384046,MariaIsabel_91,,3,0,3,3,0,3,0,0,0,0,6
384048,whertusky,,2,0,2,2,0,2,0,0,0,0,4
384052,LuisaMGN,,2,0,2,2,0,2,0,0,0,0,6
384056,ClaudiaGL93,,2,0,2,2,0,2,0,0,0,0,6
384058,Maribelnc93,,2,0,2,2,0,2,0,0,0,0,6
384059,AlejandroRubia1,,2,0,2,2,0,2,0,0,0,0,6
384061,juanctortosa,,2,0,2,2,0,2,0,0,0,0,6
384064,soni_fdez,,2,0,2,2,0,2,0,0,0,0,6
384071,mariana_g21,,2,0,2,2,0,2,0,0,0,0,0
384072,i_majfer,,2,0,2,2,0,2,0,0,0,0,6
384075,JuanpeAlejo,,2,0,2,2,0,2,0,0,0,0,6
384077,Inma_abril,,2,0,2,2,0,2,0,0,0,0,6
384078,xaawii,,2,0,2,2,0,2,0,0,0,0,8
384080,FeSaBa16,,2,0,2,2,0,2,0,0,0,0,0
384081,toweroflandenio,,2,0,2,2,0,2,0,0,0,0,4
384082,luisfepascual,,2,0,2,2,0,2,0,0,0,0,6
384083,Fran92Miguel,,2,0,2,2,0,2,0,0,0,0,6
384085,Fer_Rugbier,,2,0,2,2,0,2,0,0,0,0,4
384086,Mhaegon,,2,0,2,2,0,2,0,0,0,0,6
384089,Vevelae,,2,0,2,2,0,2,0,0,0,0,7
384092,carlpeto,,3,0,3,3,0,3,0,0,0,0,0
384094,Raveordu,,2,0,2,2,0,2,0,0,0,0,6
384095,TaS_Yeah,,2,0,2,2,0,2,0,0,0,0,6
384097,_Elena_HB,,2,0,2,2,0,2,0,0,0,0,6
384098,Curro_D,,2,0,2,2,0,2,0,0,0,0,4
384099,AJGLenix,,3,0,3,3,0,3,0,0,0,0,6
384102,Celiarp2,,2,0,2,2,0,2,0,0,0,0,0
384103,Amgpena,,2,0,2,2,0,2,0,0,0,0,6
384104,LennyLenLenn,,2,0,2,2,0,2,0,0,0,0,6
384105,V_de_Vagina,,2,0,2,2,0,2,0,0,0,0,6
384106,miricl22,,2,0,2,2,0,2,0,0,0,0,8
384107,almurm89,,2,0,2,2,0,2,0,0,0,0,6
384109,Lnaaa_,,2,0,2,2,0,2,0,0,0,0,6
384112,peperme,,2,0,2,2,0,2,0,0,0,0,6
384113,abdeperez,,2,0,2,2,0,2,0,0,0,0,6
384114,pmarrai,,2,0,2,2,0,2,0,0,0,0,5
384123,JuasmaGr,,3,0,3,3,0,3,0,0,0,0,6
384129,Black_Swift_Mx,,2,0,2,2,0,2,0,0,0,0,6
384130,Anais_cg,,2,0,2,2,0,2,0,0,0,0,6
384132,mortifuki,,2,0,2,2,0,2,0,0,0,0,6
384133,antoingqui,,2,0,2,2,0,2,0,0,0,0,6
384140,AMAlganza,,2,0,2,2,0,2,0,0,0,0,6
384141,McLynnS,,2,0,2,2,0,2,0,0,0,0,6
384145,Orquestaepoka,,3,0,3,3,0,3,0,0,0,0,0
384146,concursousl,,2,0,2,2,0,2,0,0,0,0,6
384148,iTomate_es,,3,0,3,3,0,3,0,0,0,0,0
384151,Mmar_PC,,2,0,2,2,0,2,0,0,0,0,6
384153,AnitaMartinezRa,,2,0,2,2,0,2,0,0,0,0,3
384156,JL_CarrasCarmo,,2,0,2,2,0,2,0,0,0,0,0
384158,tatianagarsolan,,2,0,2,2,0,2,0,0,0,0,6
384161,BekariaPrekaria,,2,0,2,2,0,2,0,0,0,0,4
384164,vanessadiana7,,2,0,2,2,0,2,0,0,0,0,6
384168,4MariaMS,,2,0,2,2,0,2,0,0,0,0,6
384169,housecafegrana,,2,0,2,2,0,2,0,0,0,0,0
384188,dinaviznar,,2,0,2,2,0,2,0,0,0,0,0
384190,juliaruizavila,,2,0,2,2,0,2,0,0,0,0,0
384196,ILmouna,,2,0,2,2,0,2,0,0,0,0,6
384215,surucam,,2,0,2,2,0,2,0,0,0,0,6
384216,Punchock,,2,0,2,2,0,2,0,0,0,0,0
384217,anaroitaa,,2,0,2,2,0,2,0,0,0,0,0
384222,BelenHrm,,2,0,2,2,0,2,0,0,0,0,6
384223,irene_bohorquez,,2,0,2,2,0,2,0,0,0,0,6
384230,h_statmaker,,2,0,2,2,0,2,0,0,0,0,6
384231,MdelMarRodrigue,,2,0,2,2,0,2,0,0,0,0,6
384232,CarlosSorianoS1,,2,0,2,2,0,2,0,0,0,0,0
384235,Buzelas,,2,0,2,2,0,2,0,0,0,0,6
384236,EvaMG93_,,2,0,2,2,0,2,0,0,0,0,6
384238,SergioPadillaLp,,2,0,2,2,0,2,0,0,0,0,6
384241,Franicu,,2,0,2,2,0,2,0,0,0,0,6
384248,MacaRglez,,2,0,2,2,0,2,0,0,0,0,6
384249,ManuOJ94,,2,0,2,2,0,2,0,0,0,0,6
384254,Daralauxa,,2,0,2,2,0,2,0,0,0,0,6
384257,AV_Lincoln,,2,0,2,2,0,2,0,0,0,0,6
384258,PatriRaya,,2,0,2,2,0,2,0,0,0,0,6
384263,MaryJr_,,2,0,2,2,0,2,0,0,0,0,6
384264,Srcapi,,2,0,2,2,0,2,0,0,0,0,6
384265,luciaor16,,2,0,2,2,0,2,0,0,0,0,6
384271,LauVelazquez93,,2,0,2,2,0,2,0,0,0,0,6
384273,electrial,,2,0,2,2,0,2,0,0,0,0,6
384274,TM023,,2,0,2,2,0,2,0,0,0,0,0
384275,Resurb,,2,0,2,2,0,2,0,0,0,0,0
384280,ireneorce92,,2,0,2,2,0,2,0,0,0,0,6
384281,paqui8,,2,0,2,2,0,2,0,0,0,0,6
384282,enlavin,,2,0,2,2,0,2,0,0,0,0,6
384285,Elesaor,,2,0,2,2,0,2,0,0,0,0,6
384287,yuselmez,,2,0,2,2,0,2,0,0,0,0,6
384291,mmammensita,,2,0,2,2,0,2,0,0,0,0,6
384292,cristinamontal3,,4,0,4,4,0,4,0,0,0,0,6
384293,SrtaDoUrden,,2,0,2,2,0,2,0,0,0,0,6
384294,grzurita,,2,0,2,2,0,2,0,0,0,0,6
384297,JmBarros93,,2,0,2,2,0,2,0,0,0,0,6
384301,Luisso9,,3,0,3,3,0,3,0,0,0,0,6
384307,elisamartincano,,2,0,2,2,0,2,0,0,0,0,6
384308,danimontejo89,,2,0,2,2,0,2,0,0,0,0,0
384309,noemiesco,,2,0,2,2,0,2,0,0,0,0,6
384318,_Vermella,,2,0,2,2,0,2,0,0,0,0,5
384328,NoeliaMnez,,2,0,2,2,0,2,0,0,0,0,6
384333,SoniaJimnez26,,2,0,2,2,0,2,0,0,0,0,6
384335,Zibuz7,,2,0,2,2,0,2,0,0,0,0,6
384340,juanrimorning,,2,0,2,2,0,2,0,0,0,0,6
384341,martarh_94,,2,0,2,2,0,2,0,0,0,0,6
384343,BegoMolinaBlnco,,2,0,2,2,0,2,0,0,0,0,0
384347,CoponBenditu,,2,0,2,2,0,2,0,0,0,0,0
384348,MJotaMM,,2,0,2,2,0,2,0,0,0,0,6
384353,geologia_ugr,,2,0,2,2,0,2,0,0,0,0,4
384355,VictoriaTrece,,2,0,2,2,0,2,0,0,0,0,6
384363,jd2punto0,,2,0,2,2,0,2,0,0,0,0,0
384381,AFReche,,2,0,2,2,0,2,0,0,0,0,6
384383,Anapavpez,,2,0,2,2,0,2,0,0,0,0,2
384388,ManoliPL,,2,0,2,2,0,2,0,0,0,0,6
384390,borsanpe,,2,0,2,2,0,2,0,0,0,0,5
384391,MariSG_18,,2,0,2,2,0,2,0,0,0,0,0
384392,yluras,,2,0,2,2,0,2,0,0,0,0,6
384395,carmenemeeme,,2,0,2,2,0,2,0,0,0,0,6
384396,mtrd_teresa,,2,0,2,2,0,2,0,0,0,0,6
384401,Paupaularios,,2,0,2,2,0,2,0,0,0,0,6
384403,David_Crl7,,2,0,2,2,0,2,0,0,0,0,5
384404,Igordreamliner,,2,0,2,2,0,2,0,0,0,0,6
384406,RocioLara92,,2,0,2,2,0,2,0,0,0,0,6
384414,jaimeqdb,,2,0,2,2,0,2,0,0,0,0,0
384415,juanyteba,,2,0,2,2,0,2,0,0,0,0,6
384416,maria_rmo,,2,0,2,2,0,2,0,0,0,0,6
384423,mortegasnc,,2,0,2,2,0,2,0,0,0,0,6
384424,IQnotes,,2,0,2,2,0,2,0,0,0,0,6
384426,albiiiis,,2,0,2,2,0,2,0,0,0,0,6
384429,AndriiuHerrera,,2,0,2,2,0,2,0,0,0,0,6
384436,dollo_7,,2,0,2,2,0,2,0,0,0,0,6
384438,PlepleGora,,2,0,2,2,0,2,0,0,0,0,6
384439,leticiagarc,,2,0,2,2,0,2,0,0,0,0,6
384444,07Anita1992,,2,0,2,2,0,2,0,0,0,0,0
384447,patrarc,,2,0,2,2,0,2,0,0,0,0,6
384449,SSariuxy,,2,0,2,2,0,2,0,0,0,0,5
384457,Morgoth_dps,,2,0,2,2,0,2,0,0,0,0,6
384459,salcedojm,,2,0,2,2,0,2,0,0,0,0,0
384462,juancapad,,2,0,2,2,0,2,0,0,0,0,6
384469,Javirc90,,2,0,2,2,0,2,0,0,0,0,6
384498,IAESTESevilla,,2,0,2,2,0,2,0,0,0,0,6
384526,Davperalf,,2,0,2,2,0,2,0,0,0,0,6
384547,RosAidadelaOlla,,2,0,2,2,0,2,0,0,0,0,6
384555,ClDaein,,2,0,2,2,0,2,0,0,0,0,6
384565,golfandbirds,,2,0,2,2,0,2,0,0,0,0,0
384569,Claud_gm,,2,0,2,2,0,2,0,0,0,0,6
384574,unipimus,,2,0,2,2,0,2,0,0,0,0,4
384576,RociioR23,,2,0,2,2,0,2,0,0,0,0,6
384583,marinita2vavoir,,2,0,2,2,0,2,0,0,0,0,6
384584,lmescu,,2,0,2,2,0,2,0,0,0,0,6
384585,Piplup95,,2,0,2,2,0,2,0,0,0,0,6
384592,MacaCede,,2,0,2,2,0,2,0,0,0,0,6
384595,jBuenoB,,2,0,2,2,0,2,0,0,0,0,6
384596,LauTD95,,2,0,2,2,0,2,0,0,0,0,6
384611,JVentu7,,2,0,2,2,0,2,0,0,0,0,6
384624,hippocampus78,,2,0,2,2,0,2,0,0,0,0,6
384639,aluislara,,2,0,2,2,0,2,0,0,0,0,6
384649,REDIAM_Oficial,,2,0,2,2,0,2,0,0,0,0,6
384683,entreenate,,2,0,2,2,0,2,0,0,0,0,0
384693,BioProfesional,,2,0,2,2,0,2,0,0,0,0,6
384731,IsaMiawRose,,2,0,2,2,0,2,0,0,0,0,6
384759,inspiracle,,2,0,2,2,0,2,0,0,0,0,6
384870,BeaMartinN,,2,0,2,2,0,2,0,0,0,0,6
384874,Panimetal,,2,0,2,2,0,2,0,0,0,0,6
384876,SaraPerezT,,2,0,2,2,0,2,0,0,0,0,6
384878,Nuria_g,,2,0,2,2,0,2,0,0,0,0,6
384880,alcantara_mc,,2,0,2,2,0,2,0,0,0,0,6
384883,Lola_5462,,2,0,2,2,0,2,0,0,0,0,6
384891,Elsafergon,,2,0,2,2,0,2,0,0,0,0,6
384896,IsabelDoMa,,2,0,2,2,0,2,0,0,0,0,6
384904,lauravegas_,,2,0,2,2,0,2,0,0,0,0,6
384908,albaportilla,,2,0,2,2,0,2,0,0,0,0,6
384911,Luiyi_Gmez,,2,0,2,2,0,2,0,0,0,0,6
384917,adayaa93,,2,0,2,2,0,2,0,0,0,0,6
384918,Liindita,,2,0,2,2,0,2,0,0,0,0,6
384919,Plotis13,,2,0,2,2,0,2,0,0,0,0,6
384922,CarmenMayonesa,,2,0,2,2,0,2,0,0,0,0,6
384923,MariaRC7_,,2,0,2,2,0,2,0,0,0,0,6
384925,Cristitri,,2,0,2,2,0,2,0,0,0,0,6
384927,Fatima_Robledo,,2,0,2,2,0,2,0,0,0,0,6
384929,nachleo,,2,0,2,2,0,2,0,0,0,0,6
384939,pabloblancooo,,2,0,2,2,0,2,0,0,0,0,6
384947,mariasaraleegui,,2,0,2,2,0,2,0,0,0,0,6
384950,BlancadePablo,,2,0,2,2,0,2,0,0,0,0,6
384955,IsabelTG9,,2,0,2,2,0,2,0,0,0,0,6
384957,20shvicky,,2,0,2,2,0,2,0,0,0,0,6
384960,MariadelMendez,,2,0,2,2,0,2,0,0,0,0,6
384964,emmafigueG,,2,0,2,2,0,2,0,0,0,0,4
384976,carola_021,,2,0,2,2,0,2,0,0,0,0,6
384985,elsanta91,,2,0,2,2,0,2,0,0,0,0,6
384996,VictorMunoz1988,,2,0,2,2,0,2,0,0,0,0,6
384999,SoniaGossip,,2,0,2,2,0,2,0,0,0,0,6
385003,pabloramher,,2,0,2,2,0,2,0,0,0,0,6
385012,CoroUSAL,,2,0,2,2,0,2,0,0,0,0,4
385013,Inmassanchez,,2,0,2,2,0,2,0,0,0,0,6
385024,j_curtovic,,3,0,3,3,0,3,0,0,0,0,4
385026,D_Alonso17,,2,0,2,2,0,2,0,0,0,0,6
385034,yolanda_castro,,2,0,2,2,0,2,0,0,0,0,6
385035,BiVito,,2,0,2,2,0,2,0,0,0,0,4
385040,8Mabelperez,,2,0,2,2,0,2,0,0,0,0,6
385047,vjhermida,,2,0,2,2,0,2,0,0,0,0,4
385049,EskarinaTM,,2,0,2,2,0,2,0,0,0,0,6
385052,Silviahr,,2,0,2,2,0,2,0,0,0,0,6
385056,MigBlackstone,,2,0,2,2,0,2,0,0,0,0,6
385060,DEJEUsal,,2,0,2,2,0,2,0,0,0,0,4
385064,Cris__89,,2,0,2,2,0,2,0,0,0,0,6
385067,Sandi_RB,,2,0,2,2,0,2,0,0,0,0,6
385070,ElSuperBestia,,2,0,2,2,0,2,0,0,0,0,4
385077,inesblancohdez,,2,0,2,2,0,2,0,0,0,0,6
385079,Sanndrujula,,2,0,2,2,0,2,0,0,0,0,6
385109,Luiseteeeeeee,,2,0,2,2,0,2,0,0,0,0,4
385115,beatrizamandi,,2,0,2,2,0,2,0,0,0,0,6
385117,CEG_Garrigues,,2,0,2,2,0,2,0,0,0,0,6
385125,esSANVEN,,2,0,2,2,0,2,0,0,0,0,6
385155,MariaHilario,,2,0,2,2,0,2,0,0,0,0,6
385161,Noelya_G_S,,2,0,2,2,0,2,0,0,0,0,6
385169,ttttllllllllll,,2,0,2,2,0,2,0,0,0,0,5
385190,macarena2607,,2,0,2,2,0,2,0,0,0,0,6
385191,merycury,,2,0,2,2,0,2,0,0,0,0,6
385196,Juanfrhy1,,2,0,2,2,0,2,0,0,0,0,6
385209,tkokalj,,2,0,2,2,0,2,0,0,0,0,2
385210,PrisonerOfIdeas,,2,0,2,2,0,2,0,0,0,0,6
385211,urskajudez,,2,0,2,2,0,2,0,0,0,0,2
385212,AlyAlvarezB,,2,0,2,2,0,2,0,0,0,0,1
385213,Victor_Saigon,,2,0,2,2,0,2,0,0,0,0,6
385215,albertcastella,,2,0,2,2,0,2,0,0,0,0,1
385216,blog_Admaiora,,2,0,2,2,0,2,0,0,0,0,4
385217,Lifestylebcn,,2,0,2,2,0,2,0,0,0,0,6
385218,yuls,,3,0,3,3,0,3,0,0,0,0,3
385221,umusiu,,2,0,2,2,0,2,0,0,0,0,6
385223,deakideMadrid,,2,0,2,2,0,2,0,0,0,0,3
385224,Pam_Krav,,2,0,2,2,0,2,0,0,0,0,6
385226,rpintog89,,2,0,2,2,0,2,0,0,0,0,6
385227,Hisuin,,2,0,2,2,0,2,0,0,0,0,7
385228,TheWiseRaccoon,,2,0,2,2,0,2,0,0,0,0,6
385229,RobertDeNiva,,2,0,2,2,0,2,0,0,0,0,2
385231,lauralimegreen,,2,0,2,2,0,2,0,0,0,0,2
385233,ply_9,,2,0,2,2,0,2,0,0,0,0,6
385234,aula_expansion,,2,0,2,2,0,2,0,0,0,0,6
385235,cihangirgokce,,2,0,2,2,0,2,0,0,0,0,1
385239,maria_siafaka_,,2,0,2,2,0,2,0,0,0,0,6
385242,StudyAbroadUPF,,2,0,2,2,0,2,0,0,0,0,7
385243,agvillalba,,2,0,2,2,0,2,0,0,0,0,2
385244,rum_unipa,,2,0,2,2,0,2,0,0,0,0,6
385246,PatriNCarvajal,,2,0,2,2,0,2,0,0,0,0,6
385247,Lanoticiadeayer,,2,0,2,2,0,2,0,0,0,0,2
385249,buffetneco,,2,0,2,2,0,2,0,0,0,0,6
385250,Tourinbo,,2,0,2,2,0,2,0,0,0,0,2
385251,KoineCentre,,3,0,3,3,0,3,0,0,0,0,6
385254,madelinefritz,,2,0,2,2,0,2,0,0,0,0,6
385257,Migueleducador,,2,0,2,2,0,2,0,0,0,0,1
385258,palopesu,,2,0,2,2,0,2,0,0,0,0,6
385259,WellcomeMadrid,,2,0,2,2,0,2,0,0,0,0,0
385261,SergioPeriptero,,2,0,2,2,0,2,0,0,0,0,6
385263,tiggalina,,2,0,2,2,0,2,0,0,0,0,6
385264,Paruchinya,,2,0,2,2,0,2,0,0,0,0,4
385265,paghoa,,2,0,2,2,0,2,0,0,0,0,6
385266,BeatriceBlasi,,2,0,2,2,0,2,0,0,0,0,0
385267,d_carrizo,,2,0,2,2,0,2,0,0,0,0,6
385268,jiexinghen_626,,2,0,2,2,0,2,0,0,0,0,1
385269,piulats_fcb,,2,0,2,2,0,2,0,0,0,0,1
385270,PRimeTorino,,2,0,2,2,0,2,0,0,0,0,7
385272,bcchiropractic,,2,0,2,2,0,2,0,0,0,0,2
385277,ManelDomingo,,2,0,2,2,0,2,0,0,0,0,6
385279,ciamillina,,2,0,2,2,0,2,0,0,0,0,6
385280,aroaroa_G,,2,0,2,2,0,2,0,0,0,0,6
385281,La__Botta,,2,0,2,2,0,2,0,0,0,0,6
385290,VivienneWooz,,2,0,2,2,0,2,0,0,0,0,6
385291,opasygnomi,,2,0,2,2,0,2,0,0,0,0,6
385292,ragivseam,,2,0,2,2,0,2,0,0,0,0,3
385294,Javiandreu,,2,0,2,2,0,2,0,0,0,0,4
385295,celiaruedasoler,,2,0,2,2,0,2,0,0,0,0,6
385297,fernandojmm,,2,0,2,2,0,2,0,0,0,0,4
385299,Inter_Economics,,2,0,2,2,0,2,0,0,0,0,1
385303,AlejoPuche,,2,0,2,2,0,2,0,0,0,0,7
385307,sussydlp,,2,0,2,2,0,2,0,0,0,0,2
385308,Relext_etsi,,2,0,2,2,0,2,0,0,0,0,6
385310,Mali_oCiosa,,2,0,2,2,0,2,0,0,0,0,1
385311,ElRondon_,,2,0,2,2,0,2,0,0,0,0,4
385312,minma84,,2,0,2,2,0,2,0,0,0,0,7
385313,JavierGarzon84,,2,0,2,2,0,2,0,0,0,0,6
385314,Anyelux_oka,,2,0,2,2,0,2,0,0,0,0,6
385317,mariatejero,,2,0,2,2,0,2,0,0,0,0,6
385321,pacomocho84,,2,0,2,2,0,2,0,0,0,0,5
385322,jose123ya,,2,0,2,2,0,2,0,0,0,0,6
385323,and_gg,,2,0,2,2,0,2,0,0,0,0,7
385325,il_marra,,2,0,2,2,0,2,0,0,0,0,5
385327,Gab_Seve,,2,0,2,2,0,2,0,0,0,0,6
385331,luciaobregon,,2,0,2,2,0,2,0,0,0,0,6
385333,oricuenca,,2,0,2,2,0,2,0,0,0,0,4
385335,rentroombcn,,2,0,2,2,0,2,0,0,0,0,7
385346,marts_xapu6,,2,0,2,2,0,2,0,0,0,0,6
385350,Javi_indie,,2,0,2,2,0,2,0,0,0,0,7
385352,aliciagonzalezg,,2,0,2,2,0,2,0,0,0,0,1
385356,Jorge_Marcos,,2,0,2,2,0,2,0,0,0,0,6
385358,MCinthGG,,2,0,2,2,0,2,0,0,0,0,5
385360,neusnow,,2,0,2,2,0,2,0,0,0,0,4
385363,RelintPalencia,,2,0,2,2,0,2,0,0,0,0,1
385366,MichelaFaletti,,2,0,2,2,0,2,0,0,0,0,4
385389,FedericaBg,,2,0,2,2,0,2,0,0,0,0,3
385391,emecircular,,2,0,2,2,0,2,0,0,0,0,1
385392,meteepehlivan,,2,0,2,2,0,2,0,0,0,0,2
385394,SitaRodriguez,,2,0,2,2,0,2,0,0,0,0,7
385400,Insideplazasn,,2,0,2,2,0,2,0,0,0,0,6
385402,evactive,,2,0,2,2,0,2,0,0,0,0,2
385403,ErasmosRoom,,2,0,2,2,0,2,0,0,0,0,2
385404,CaRPeDieM305,,2,0,2,2,0,2,0,0,0,0,5
385405,LWhittleton,,2,0,2,2,0,2,0,0,0,0,2
385407,Sandyalcazar29,,2,0,2,2,0,2,0,0,0,0,2
385408,anabp91,,2,0,2,2,0,2,0,0,0,0,2
385410,GladiatorTravel,,2,0,2,2,0,2,0,0,0,0,6
385416,megova,,2,0,2,2,0,2,0,0,0,0,7
385424,CervantesColleg,,2,0,2,2,0,2,0,0,0,0,6
385426,GraceBarnuevo,,2,0,2,2,0,2,0,0,0,0,2
385429,GluMiranda,,2,0,2,2,0,2,0,0,0,0,4
385430,Lorelaiiiiin,,2,0,2,2,0,2,0,0,0,0,5
385431,Jelendria,,2,0,2,2,0,2,0,0,0,0,5
385434,minibego,,2,0,2,2,0,2,0,0,0,0,6
385439,meelonen,,2,0,2,2,0,2,0,0,0,0,2
385440,Global_Leo,,2,0,2,2,0,2,0,0,0,0,1
385446,SteMasia,,2,0,2,2,0,2,0,0,0,0,6
385453,ricci_ros,,2,0,2,2,0,2,0,0,0,0,1
385454,Ueschiba,,2,0,2,2,0,2,0,0,0,0,2
385461,renetsk,,2,0,2,2,0,2,0,0,0,0,1
385470,TonnyWanna,,2,0,2,2,0,2,0,0,0,0,4
385477,_SubMarina_,,2,0,2,2,0,2,0,0,0,0,1
385478,91_giugi,,2,0,2,2,0,2,0,0,0,0,5
385489,Osantisf,,2,0,2,2,0,2,0,0,0,0,6
385491,MimiDannenberg,,2,0,2,2,0,2,0,0,0,0,1
385495,AndreaRaguz,,2,0,2,2,0,2,0,0,0,0,1
385512,ManAguCam,,2,0,2,2,0,2,0,0,0,0,4
385514,anna_ortiz89,,2,0,2,2,0,2,0,0,0,0,1
385523,priscillallacza,,2,0,2,2,0,2,0,0,0,0,2
385527,Cland_Andalucia,,2,0,2,2,0,2,0,0,0,0,6
385528,antonio_redon,,2,0,2,2,0,2,0,0,0,0,7
385542,erasmusflat2,,2,0,2,2,0,2,0,0,0,0,7
385549,lolillo89,,2,0,2,2,0,2,0,0,0,0,4
385552,LizethBarrera,,2,0,2,2,0,2,0,0,0,0,1
385562,raquelchillon,,2,0,2,2,0,2,0,0,0,0,0
385582,asociacionbibli,,2,0,2,2,0,2,0,0,0,0,6
385600,usalbiomedica,,2,0,2,2,0,2,0,0,0,0,4
385613,TinaCuore,,2,0,2,2,0,2,0,0,0,0,0
385621,LuisAranton,,2,0,2,2,0,2,0,0,0,0,6
385628,yobiblioteca,,2,0,2,2,0,2,0,0,0,0,6
385632,PantherAskin,,2,0,2,2,0,2,0,0,0,0,6
385637,CelRubio,,2,0,2,2,0,2,0,0,0,0,0
385641,JoseMPP28,,2,0,2,2,0,2,0,0,0,0,6
385643,javacasm,,2,0,2,2,0,2,0,0,0,0,6
385647,jpmerida11,,2,0,2,2,0,2,0,0,0,0,6
385648,NesstorGR,,2,0,2,2,0,2,0,0,0,0,8
385651,biotronicad,,2,0,2,2,0,2,0,0,0,0,6
385655,MndezCarmen,,2,0,2,2,0,2,0,0,0,0,6
385657,mdcd_24,,2,0,2,2,0,2,0,0,0,0,6
385660,geraezemc,,2,0,2,2,0,2,0,0,0,0,0
385663,VictorGM_MEDINA,,2,0,2,2,0,2,0,0,0,0,0
385667,DesireeRomanNar,,2,0,2,2,0,2,0,0,0,0,6
385668,Susana_luna_6,,2,0,2,2,0,2,0,0,0,0,6
385672,jpflorido,,2,0,2,2,0,2,0,0,0,0,0
385677,aneisigloxxi,,2,0,2,2,0,2,0,0,0,0,6
385684,saragk16,,2,0,2,2,0,2,0,0,0,0,6
385685,Ismael3395,,2,0,2,2,0,2,0,0,0,0,6
385692,EsterMartiin95,,2,0,2,2,0,2,0,0,0,0,6
385697,M9riaJos3,,2,0,2,2,0,2,0,0,0,0,6
385698,M_Supersub,,2,0,2,2,0,2,0,0,0,0,6
385706,cuadros95,,2,0,2,2,0,2,0,0,0,0,6
385718,JCGuirado,,2,0,2,2,0,2,0,0,0,0,6
385719,faolmath,,2,0,2,2,0,2,0,0,0,0,6
385722,marialirola,,2,0,2,2,0,2,0,0,0,0,6
385725,fiestasopticaug,,2,0,2,2,0,2,0,0,0,0,6
385728,ensanchaelalma,,2,0,2,2,0,2,0,0,0,0,6
385731,fisikimik,,2,0,2,2,0,2,0,0,0,0,6
385733,juanmgar,,3,0,3,3,0,3,0,0,0,0,6
385735,Berto_Fdez,,2,0,2,2,0,2,0,0,0,0,6
385738,auxification,,2,0,2,2,0,2,0,0,0,0,6
385743,merdessy95,,2,0,2,2,0,2,0,0,0,0,6
385744,SexAlAndalus,,2,0,2,2,0,2,0,0,0,0,0
385745,SchmidtPatri,,2,0,2,2,0,2,0,0,0,0,6
385747,DBTGranada,,2,0,2,2,0,2,0,0,0,0,0
385750,SergiioTF,,2,0,2,2,0,2,0,0,0,0,6
385752,carlosluengo22,,2,0,2,2,0,2,0,0,0,0,6
385763,marina_eaea,,2,0,2,2,0,2,0,0,0,0,6
385765,estadisxtpartes,,2,0,2,2,0,2,0,0,0,0,6
385766,NCIUniversidad,,2,0,2,2,0,2,0,0,0,0,6
385770,mariajosemuelle,,2,0,2,2,0,2,0,0,0,0,6
385775,ModaUrbanaSL,,2,0,2,2,0,2,0,0,0,0,0
385776,miriamprados31,,2,0,2,2,0,2,0,0,0,0,6
385781,Marcslh,,2,0,2,2,0,2,0,0,0,0,6
385782,isareca,,2,0,2,2,0,2,0,0,0,0,8
385784,geolovic,,2,0,2,2,0,2,0,0,0,0,6
385785,whydontuthink,,2,0,2,2,0,2,0,0,0,0,6
385788,GemaMR21,,2,0,2,2,0,2,0,0,0,0,6
385789,DaniRamirez_14,,2,0,2,2,0,2,0,0,0,0,6
385793,davemg88,,2,0,2,2,0,2,0,0,0,0,6
385796,pablo_pg7,,2,0,2,2,0,2,0,0,0,0,6
385802,BarbyL92,,2,0,2,2,0,2,0,0,0,0,6
385803,interfinugr,,2,0,2,2,0,2,0,0,0,0,6
385807,luisminillas,,2,0,2,2,0,2,0,0,0,0,0
385809,eltitoyunes,,2,0,2,2,0,2,0,0,0,0,0
385812,CristinaHoch,,2,0,2,2,0,2,0,0,0,0,6
385814,GeneracionPlata,,2,0,2,2,0,2,0,0,0,0,0
385817,txarlie90,,2,0,2,2,0,2,0,0,0,0,6
385828,maricelimar,,2,0,2,2,0,2,0,0,0,0,6
385829,AdriPuertiMatem,,2,0,2,2,0,2,0,0,0,0,6
385832,Albamv92,,2,0,2,2,0,2,0,0,0,0,6
385834,Rayadasilva,,2,0,2,2,0,2,0,0,0,0,6
385835,CopiDeporte,,2,0,2,2,0,2,0,0,0,0,6
385836,Isaa_mat,,2,0,2,2,0,2,0,0,0,0,0
385839,Sara_gr94,,2,0,2,2,0,2,0,0,0,0,6
385846,meow12196,,2,0,2,2,0,2,0,0,0,0,6
385848,4mcalo,,2,0,2,2,0,2,0,0,0,0,4
385849,mariwest_21,,2,0,2,2,0,2,0,0,0,0,6
385853,Rosamez19,,2,0,2,2,0,2,0,0,0,0,6
385862,JimLovell83,,2,0,2,2,0,2,0,0,0,0,6
385864,ravenscliff,,2,0,2,2,0,2,0,0,0,0,6
385865,ElisabethLahoz,,2,0,2,2,0,2,0,0,0,0,6
385866,MiccUGR,,2,0,2,2,0,2,0,0,0,0,6
385870,Terra_levis_sit,,2,0,2,2,0,2,0,0,0,0,6
385871,EventosCiencia,,2,0,2,2,0,2,0,0,0,0,6
385874,amborgencias,,2,0,2,2,0,2,0,0,0,0,6
385879,Xemari16,,2,0,2,2,0,2,0,0,0,0,6
385883,RoxaCopyright,,2,0,2,2,0,2,0,0,0,0,0
385885,Globatia,,2,0,2,2,0,2,0,0,0,0,6
385891,PABLO89GR,,2,0,2,2,0,2,0,0,0,0,6
385900,ConEcoNature,,2,0,2,2,0,2,0,0,0,0,6
385908,Somontin,,2,0,2,2,0,2,0,0,0,0,6
385912,mer_pge,,2,0,2,2,0,2,0,0,0,0,8
385913,nadiamorillas,,2,0,2,2,0,2,0,0,0,0,6
385914,SazhuP,,2,0,2,2,0,2,0,0,0,0,0
385915,AlbertoRuiz1995,,2,0,2,2,0,2,0,0,0,0,6
385916,CGGobernador,,2,0,2,2,0,2,0,0,0,0,6
385918,AnaKrkic,,2,0,2,2,0,2,0,0,0,0,6
385922,russulagraciosa,,2,0,2,2,0,2,0,0,0,0,6
385925,BlancaBelizon,,2,0,2,2,0,2,0,0,0,0,6
385927,CggCris,,2,0,2,2,0,2,0,0,0,0,6
385932,FranJLozano,,2,0,2,2,0,2,0,0,0,0,6
385937,MarguiGarcia11,,2,0,2,2,0,2,0,0,0,0,6
385939,aenemee,,2,0,2,2,0,2,0,0,0,0,6
385953,AJIAlbacete,,2,0,2,2,0,2,0,0,0,0,6
385957,AndriuPch,,2,0,2,2,0,2,0,0,0,0,6
385958,Jdeivi11,,2,0,2,2,0,2,0,0,0,0,6
385959,naclet,,2,0,2,2,0,2,0,0,0,0,6
385960,andreamartine5,,2,0,2,2,0,2,0,0,0,0,6
385961,Delgado_evaM,,2,0,2,2,0,2,0,0,0,0,6
385962,Quifiugr,,2,0,2,2,0,2,0,0,0,0,6
385967,MarinaGLorenzo,,2,0,2,2,0,2,0,0,0,0,6
385968,luciahg_,,2,0,2,2,0,2,0,0,0,0,0
385969,JaviCantero9,,2,0,2,2,0,2,0,0,0,0,6
385972,adricholl1,,2,0,2,2,0,2,0,0,0,0,6
385978,evaariza73,,2,0,2,2,0,2,0,0,0,0,6
385981,HM20_Partners,,2,0,2,2,0,2,0,0,0,0,6
385988,adrianjuan96,,2,0,2,2,0,2,0,0,0,0,6
385990,GCS_JE,,2,0,2,2,0,2,0,0,0,0,6
385995,DavidZuheros,,2,0,2,2,0,2,0,0,0,0,6
385997,McChorly,,2,0,2,2,0,2,0,0,0,0,6
386008,Mluisa189,,2,0,2,2,0,2,0,0,0,0,6
386014,lolacp23,,2,0,2,2,0,2,0,0,0,0,6
386016,saramalosetti,,2,0,2,2,0,2,0,0,0,0,6
386024,Sociales_UAH,,2,0,2,2,0,2,0,0,0,0,6
386026,abctic,,2,0,2,2,0,2,0,0,0,0,6
386033,MariaArezL,,2,0,2,2,0,2,0,0,0,0,6
386038,Misila_Do_Sol,,2,0,2,2,0,2,0,0,0,0,6
386039,ilvxiii,,2,0,2,2,0,2,0,0,0,0,6
386040,mariiajesuus94,,2,0,2,2,0,2,0,0,0,0,6
386041,alexmoralFireH,,2,0,2,2,0,2,0,0,0,0,6
386042,LuQueLop,,2,0,2,2,0,2,0,0,0,0,6
386045,andresote13,,2,0,2,2,0,2,0,0,0,0,6
386046,MCarmenRomero3,,2,0,2,2,0,2,0,0,0,0,6
386113,CarlosGarAlo,,2,0,2,2,0,2,0,0,0,0,6
386119,Farkam26,,2,0,2,2,0,2,0,0,0,0,4
386132,RocioM90,,2,0,2,2,0,2,0,0,0,0,6
386137,cicCartuja,,2,0,2,2,0,2,0,0,0,0,6
386152,Academiamn,,2,0,2,2,0,2,0,0,0,0,6
386155,alfonso_704,,2,0,2,2,0,2,0,0,0,0,5
386208,garrapatera3001,,2,0,2,2,0,2,0,0,0,0,6
386217,Alitadelbosque,,2,0,2,2,0,2,0,0,0,0,0
386220,grupo_guidet,,2,0,2,2,0,2,0,0,0,0,6
386235,EcologiayConser,,2,0,2,2,0,2,0,0,0,0,4
386275,maitegonpi,,2,0,2,2,0,2,0,0,0,0,4
386283,GiuaAgu,,2,0,2,2,0,2,0,0,0,0,3
386291,HdeHerrero,,2,0,2,2,0,2,0,0,0,0,6
386305,ccss_usal,,2,0,2,2,0,2,0,0,0,0,4
386320,corchadojm,,2,0,2,2,0,2,0,0,0,0,8
386325,OscarJCar,,2,0,2,2,0,2,0,0,0,0,6
386341,PaupepFerrer5_0,,2,0,2,2,0,2,0,0,0,0,6
386350,Munusal,,2,0,2,2,0,2,0,0,0,0,4
386352,mise_claudia,,2,0,2,2,0,2,0,0,0,0,0
386357,herre19,,2,0,2,2,0,2,0,0,0,0,6
386359,BISITE_USAL,,2,0,2,2,0,2,0,0,0,0,8
386369,FloresAle90,,2,0,2,2,0,2,0,0,0,0,6
386378,ladysudoku,,2,0,2,2,0,2,0,0,0,0,6
386384,SalamancaCoffee,,2,0,2,2,0,2,0,0,0,0,4
386386,gpr92,,2,0,2,2,0,2,0,0,0,0,6
386389,claukuduro,,2,0,2,2,0,2,0,0,0,0,6
386394,jjsantosabogado,,2,0,2,2,0,2,0,0,0,0,4
386397,IgualdadUSAL,,2,0,2,2,0,2,0,0,0,0,1
386417,CEDUSAL,,2,0,2,2,0,2,0,0,0,0,6
386426,AitorMCuriel,,2,0,2,2,0,2,0,0,0,0,6
386441,IUCE_USAL,,2,0,2,2,0,2,0,0,0,0,4
386454,SERGIO_JIMENEZP,,2,0,2,2,0,2,0,0,0,0,6
386456,jrcascon,,2,0,2,2,0,2,0,0,0,0,6
386468,AlexxPan,,2,0,2,2,0,2,0,0,0,0,4
386489,BIBLIOCJURIDICA,,2,0,2,2,0,2,0,0,0,0,6
386550,veega7,,2,0,2,2,0,2,0,0,0,0,1
386566,moralmunoz,,2,0,2,2,0,2,0,0,0,0,0
386574,bigluiso,,2,0,2,2,0,2,0,0,0,0,6
386587,LauraPolo_,,2,0,2,2,0,2,0,0,0,0,0
386593,1AndreaRomero,,3,0,3,3,0,3,0,0,0,0,0
386598,illore17,,2,0,2,2,0,2,0,0,0,0,6
386604,AfriRdrgz,,2,0,2,2,0,2,0,0,0,0,5
386606,mariaa_jose8,,2,0,2,2,0,2,0,0,0,0,6
386611,amtg1992,,2,0,2,2,0,2,0,0,0,0,5
386616,JoMiguel_15,,2,0,2,2,0,2,0,0,0,0,6
386619,anitagd92,,2,0,2,2,0,2,0,0,0,0,6
386623,sergiomunoz92,,2,0,2,2,0,2,0,0,0,0,6
386628,Nurialcuadrado,,2,0,2,2,0,2,0,0,0,0,6
386633,dani_puente,,2,0,2,2,0,2,0,0,0,0,6
386640,BitacoraOpinin,,2,0,2,2,0,2,0,0,0,0,6
386642,jalfmm,,2,0,2,2,0,2,0,0,0,0,4
386651,BelenGaalvez,,2,0,2,2,0,2,0,0,0,0,0
386655,LorenaYR1,,2,0,2,2,0,2,0,0,0,0,6
386659,masterbioetica,,2,0,2,2,0,2,0,0,0,0,6
386663,josemaenfermero,,2,0,2,2,0,2,0,0,0,0,6
386667,LuciaFisio,,2,0,2,2,0,2,0,0,0,0,6
386668,pe_ezomo,,2,0,2,2,0,2,0,0,0,0,6
386669,almuvs,,2,0,2,2,0,2,0,0,0,0,6
386671,NataliiaR10,,2,0,2,2,0,2,0,0,0,0,6
386672,chusmateo1,,2,0,2,2,0,2,0,0,0,0,0
386674,VickyConcejala,,2,0,2,2,0,2,0,0,0,0,6
386675,jorgs94,,2,0,2,2,0,2,0,0,0,0,6
386680,rosario_92,,2,0,2,2,0,2,0,0,0,0,6
386683,rociopulido14,,2,0,2,2,0,2,0,0,0,0,6
386686,carni93,,2,0,2,2,0,2,0,0,0,0,6
386688,ArturoJimay,,2,0,2,2,0,2,0,0,0,0,6
386693,Locadelcereal,,2,0,2,2,0,2,0,0,0,0,6
386700,MariaGCobos,,2,0,2,2,0,2,0,0,0,0,0
386702,anaguuut,,2,0,2,2,0,2,0,0,0,0,6
386709,mariagf4,,2,0,2,2,0,2,0,0,0,0,6
386712,almuli13,,2,0,2,2,0,2,0,0,0,0,6
386718,JuanmaVazSan,,2,0,2,2,0,2,0,0,0,0,6
386722,dehesalvaro,,2,0,2,2,0,2,0,0,0,0,6
386724,mamen_ri,,2,0,2,2,0,2,0,0,0,0,5
386726,cristinaTime,,2,0,2,2,0,2,0,0,0,0,6
386727,paulitadelrio,,2,0,2,2,0,2,0,0,0,0,6
386733,javi96mg,,2,0,2,2,0,2,0,0,0,0,6
386740,__Juuliaa,,2,0,2,2,0,2,0,0,0,0,6
386741,Tativaz91,,2,0,2,2,0,2,0,0,0,0,6
386747,albaa1519,,2,0,2,2,0,2,0,0,0,0,6
386764,ismaelybley,,2,0,2,2,0,2,0,0,0,0,6
386765,albitaoj,,2,0,2,2,0,2,0,0,0,0,6
386767,Sergio94Yeyo,,2,0,2,2,0,2,0,0,0,0,6
386768,pilii_96,,2,0,2,2,0,2,0,0,0,0,6
386771,IviCD_23,,2,0,2,2,0,2,0,0,0,0,5
386785,consu93,,2,0,2,2,0,2,0,0,0,0,6
386786,Paky_r92,,2,0,2,2,0,2,0,0,0,0,6
386793,maraguilarp,,2,0,2,2,0,2,0,0,0,0,5
386796,TamDomene,,2,0,2,2,0,2,0,0,0,0,6
386802,mariaajo_,,2,0,2,2,0,2,0,0,0,0,6
386803,Andrea_HerreraF,,2,0,2,2,0,2,0,0,0,0,6
386806,Patr_11,,2,0,2,2,0,2,0,0,0,0,6
386811,ana_adarve,,2,0,2,2,0,2,0,0,0,0,6
386812,r18clares,,2,0,2,2,0,2,0,0,0,0,6
386817,angyalcala3,,2,0,2,2,0,2,0,0,0,0,6
386819,nabeeel95,,2,0,2,2,0,2,0,0,0,0,6
386820,kayskarpetta,,2,0,2,2,0,2,0,0,0,0,0
386827,joel_94,,2,0,2,2,0,2,0,0,0,0,6
386829,AnaMNunezN,,2,0,2,2,0,2,0,0,0,0,6
386832,PaulinoVico,,2,0,2,2,0,2,0,0,0,0,6
386834,BlancaArribas,,2,0,2,2,0,2,0,0,0,0,0
386836,celecadiar,,2,0,2,2,0,2,0,0,0,0,6
386842,angela_gs2,,2,0,2,2,0,2,0,0,0,0,6
386843,NuriaMutSalud,,2,0,2,2,0,2,0,0,0,0,6
386856,HopwoodMedia,,2,0,2,2,0,2,0,0,0,0,1
387037,MunSecConf,,2,0,2,2,0,2,0,0,0,0,1
387065,MunterCameron,,2,0,2,2,0,2,0,0,0,0,1
387121,halilikaya,,2,0,2,2,0,2,0,0,0,0,1
387147,fer_napolitano,,2,0,2,2,0,2,0,0,0,0,1
387172,AnaMarijaPop,,2,0,2,2,0,2,0,0,0,0,1
387177,TainaMois,,2,0,2,2,0,2,0,0,0,0,1
387178,MMalnes,,2,0,2,2,0,2,0,0,0,0,1
387179,simonblackley,,2,0,2,2,0,2,0,0,0,0,1
387187,EU_Humanists,,2,0,2,2,0,2,0,0,0,0,1
387189,ParisBerlinMag,,2,0,2,2,0,2,0,0,0,0,1
387190,HomoCooperans,,2,0,2,2,0,2,0,0,0,0,3
387196,EuradioEP2014,,2,0,2,2,0,2,0,0,0,0,1
387198,EBNtweets,,2,0,2,2,0,2,0,0,0,0,1
387202,alex_godson,,2,0,2,2,0,2,0,0,0,0,1
387207,TEC_NEast,,2,0,2,2,0,2,0,0,0,0,1
387208,TEC_Central,,2,0,2,2,0,2,0,0,0,0,1
387210,TEC_East,,2,0,2,2,0,2,0,0,0,0,1
387213,Escapada_Rural,,2,0,2,2,0,2,0,0,0,0,0
387222,felipillops4,,2,0,2,2,0,2,0,0,0,0,6
387235,mijasfootgolf,,2,0,2,2,0,2,0,0,0,0,0
387239,LaLigaenDirecto,,2,0,2,2,0,2,0,0,0,0,0
387241,DondeJugamos,,2,0,2,2,0,2,0,0,0,0,0
387243,FutbolFinanzas,,2,0,2,2,0,2,0,0,0,0,0
387244,UniGranadaFSF,,2,0,2,2,0,2,0,0,0,0,0
387246,GranadaClub,,2,0,2,2,0,2,0,0,0,0,0
387248,sergiopinzas,,3,0,3,3,0,3,0,0,0,0,0
387262,BoysGranada,,2,0,2,2,0,2,0,0,0,0,0
387284,Despedidass,,2,0,2,2,0,2,0,0,0,0,4
387290,despedidamalaga,,2,0,2,2,0,2,0,0,0,0,0
387293,SolterasAsoc,,2,0,2,2,0,2,0,0,0,0,4
387296,despedidas,,2,0,2,2,0,2,0,0,0,0,4
387298,DeportesPost,,2,0,2,2,0,2,0,0,0,0,0
387304,FutbolAstur,,2,0,2,2,0,2,0,0,0,0,0
387306,LaPizarraDelDT_,,2,0,2,2,0,2,0,0,0,0,0
387312,Sp_BlackLabel,,2,0,2,2,0,2,0,0,0,0,2
387315,SeleccionFutbol,,2,0,2,2,0,2,0,0,0,0,0
387319,FichajesDigital,,2,0,2,2,0,2,0,0,0,0,0
387322,PrensaFutbol,,2,0,2,2,0,2,0,0,0,0,0
387323,infobaedeportes,,2,0,2,2,0,2,0,0,0,0,0
387324,OrgullosoculeES,,2,0,2,2,0,2,0,0,0,0,5
387326,dflatorre,,2,0,2,2,0,2,0,0,0,0,0
387329,History_Futbol,,2,0,2,2,0,2,0,0,0,0,0
387330,Futbol_Mercado,,2,0,2,2,0,2,0,0,0,0,0
387331,futbol_mex,,2,0,2,2,0,2,0,0,0,0,0
387345,mlrm2,,3,0,3,3,0,3,0,0,0,0,0
387349,felixjmcs,,2,0,2,2,0,2,0,0,0,0,0
387350,mangelgallo,,2,0,2,2,0,2,0,0,0,0,6
387351,CrPaliyou,,2,0,2,2,0,2,0,0,0,0,0
387355,EnriqueAlario,,2,0,2,2,0,2,0,0,0,0,0
387356,snazzy_bum,,2,0,2,2,0,2,0,0,0,0,0
387357,Juaaaniillo,,2,0,2,2,0,2,0,0,0,0,0
387359,Naomimmal,,2,0,2,2,0,2,0,0,0,0,6
387360,rginmi,,2,0,2,2,0,2,0,0,0,0,0
387362,AnaBelen_77,,2,0,2,2,0,2,0,0,0,0,0
387363,Lolipg88,,2,0,2,2,0,2,0,0,0,0,0
387364,ConchaRomeroR,,2,0,2,2,0,2,0,0,0,0,0
387365,GeorgeIsaacson,,2,0,2,2,0,2,0,0,0,0,0
387366,robertomorales5,,2,0,2,2,0,2,0,0,0,0,0
387368,gabyruizplus,,2,0,2,2,0,2,0,0,0,0,5
387369,LaCasaDeLaLiga,,2,0,2,2,0,2,0,0,0,0,0
387371,Deportes_10,,2,0,2,2,0,2,0,0,0,0,0
387387,diariovasco,,2,0,2,2,0,2,0,0,0,0,0
387395,ocioporlacara,,2,0,2,2,0,2,0,0,0,0,4
387409,Malaga_Ocio,,2,0,2,2,0,2,0,0,0,0,0
387414,IglesiaMalaga,,2,0,2,2,0,2,0,0,0,0,7
387415,OcioBarcelona,,2,0,2,2,0,2,0,0,0,0,7
387431,MelillaNow,,2,0,2,2,0,2,0,0,0,0,0
387437,OcioBCN,,2,0,2,2,0,2,0,0,0,0,7
387439,don_Diario,,2,0,2,2,0,2,0,0,0,0,0
387443,jose__alonso,,2,0,2,2,0,2,0,0,0,0,0
387455,JuliaWiky,,2,0,2,2,0,2,0,0,0,0,0
387456,SergioNegra85,,2,0,2,2,0,2,0,0,0,0,0
387457,Javi_kun17,,2,0,2,2,0,2,0,0,0,0,6
387458,JcCsoto,,2,0,2,2,0,2,0,0,0,0,0
387459,ursulayjona,,2,0,2,2,0,2,0,0,0,0,0
387460,marieu_89,,2,0,2,2,0,2,0,0,0,0,6
387461,javisacris,,2,0,2,2,0,2,0,0,0,0,5
387462,marta_qm,,2,0,2,2,0,2,0,0,0,0,0
387463,UparempresaInfo,,2,0,2,2,0,2,0,0,0,0,0
387464,AureStudio,,2,0,2,2,0,2,0,0,0,0,0
387465,Alvaro_okok,,2,0,2,2,0,2,0,0,0,0,0
387466,JChinchi,,2,0,2,2,0,2,0,0,0,0,0
387468,cristinamc7,,3,0,3,3,0,3,0,0,0,0,0
387474,ElPedroRuiz,,2,0,2,2,0,2,0,0,0,0,5
387475,telemgzn,,2,0,2,2,0,2,0,0,0,0,0
387477,TONIMORENO15,,2,0,2,2,0,2,0,0,0,0,0
387478,JoseRecio45,,2,0,2,2,0,2,0,0,0,0,0
387482,martasimonet,,2,0,2,2,0,2,0,0,0,0,0
387483,estautopia,,2,0,2,2,0,2,0,0,0,0,0
387484,AranchaMOBILE,,2,0,2,2,0,2,0,0,0,0,0
387488,JLSanchez78,,2,0,2,2,0,2,0,0,0,0,0
387491,deportes_rtve,,2,0,2,2,0,2,0,0,0,0,0
387651,spodlgbti,,2,0,2,2,0,2,0,0,0,0,2
387667,nevsinmengu,,2,0,2,2,0,2,0,0,0,0,2
387681,evrimagaci,,2,0,2,2,0,2,0,0,0,0,2
387710,unicefturk,,2,0,2,2,0,2,0,0,0,0,1
387742,ceriLevis,,2,0,2,2,0,2,0,0,0,0,2
387743,haluklevent,,2,0,2,2,0,2,0,0,0,0,2
387788,feministbeybi,,2,0,2,2,0,2,0,0,0,0,1
387873,OguzhanUgur,,2,0,2,2,0,2,0,0,0,0,2
387883,mervee87,,2,0,2,2,0,2,0,0,0,0,2
387980,ceyhunyilmaz,,2,0,2,2,0,2,0,0,0,0,2
388001,itunovatto,,2,0,2,2,0,2,0,0,0,0,2
388002,ariteknokent,,2,0,2,2,0,2,0,0,0,0,1
388003,endeavor_turkey,,2,0,2,2,0,2,0,0,0,0,2
388004,itucekirdek,,2,0,2,2,0,2,0,0,0,0,2
388005,AshokaTurkiye,,2,0,2,2,0,2,0,0,0,0,2
388043,su_ggk,,2,0,2,2,0,2,0,0,0,0,1
388064,SinaAfra,,2,0,2,2,0,2,0,0,0,0,2
388108,EnoughProject,,2,0,2,2,0,2,0,0,0,0,2
388114,rightsagenda,,2,0,2,2,0,2,0,0,0,0,2
388121,BICAngels,,2,0,2,2,0,2,0,0,0,0,2
388139,harun_tekin,,2,0,2,2,0,2,0,0,0,0,2
388268,webrazzi,,2,0,2,2,0,2,0,0,0,0,2
388332,adamsnatersi,,2,0,2,2,0,2,0,0,0,0,1
388342,IKBOUN,,2,0,2,2,0,2,0,0,0,0,2
388373,projepanosu,,2,0,2,2,0,2,0,0,0,0,1
388378,ValerieAmos,,2,0,2,2,0,2,0,0,0,0,2
388398,haykobagdat,,2,0,2,2,0,2,0,0,0,0,2
388408,gonca_vuslateri,,2,0,2,2,0,2,0,0,0,0,2
388409,Contemporaryist,,2,0,2,2,0,2,0,0,0,0,2
388410,Milliyet_Sanat,,2,0,2,2,0,2,0,0,0,0,2
388413,ModernSinema,,2,0,2,2,0,2,0,0,0,0,2
388414,AkbankSanat,,2,0,2,2,0,2,0,0,0,0,2
388418,saloniksv,,2,0,2,2,0,2,0,0,0,0,2
388419,muzikfestivali,,2,0,2,2,0,2,0,0,0,0,2
388420,tiyatrofest,,2,0,2,2,0,2,0,0,0,0,2
388423,istanbulbienali,,2,0,2,2,0,2,0,0,0,0,2
388442,Workinton,,2,0,2,2,0,2,0,0,0,0,2
388456,issanat,,2,0,2,2,0,2,0,0,0,0,2
388457,BorusanSanat,,2,0,2,2,0,2,0,0,0,0,2
388458,SSabanciMuze,,2,0,2,2,0,2,0,0,0,0,2
388462,TAKadikoy,,2,0,2,2,0,2,0,0,0,0,2
388473,GalataBA,,2,0,2,2,0,2,0,0,0,0,2
388495,UNmultimedia,,2,0,2,2,0,2,0,0,0,0,2
388527,UNICEFUSA,,2,0,2,2,0,2,0,0,0,0,2
388536,PeraMuzesi,,2,0,2,2,0,2,0,0,0,0,2
388542,ist_filmfest,,2,0,2,2,0,2,0,0,0,0,2
388545,yegitim,,2,0,2,2,0,2,0,0,0,0,2
388584,LordSnow,,2,0,2,2,0,2,0,0,0,0,5
388606,UN_Disarmament,,2,0,2,2,0,2,0,0,0,0,2
388618,UNinIndonesia,,2,0,2,2,0,2,0,0,0,0,2
388683,unicafrica,,2,0,2,2,0,2,0,0,0,0,2
388715,OurCaringWorld,,2,0,2,2,0,2,0,0,0,0,2
388799,LetsdoitTurkiye,,2,0,2,2,0,2,0,0,0,0,2
388803,UNFPATurkey,,2,0,2,2,0,2,0,0,0,0,2
388807,projeduyurulari,,2,0,2,2,0,2,0,0,0,0,1
388817,PursaklarEU,,2,0,2,2,0,2,0,0,0,0,2
388842,burakaksak,,2,0,2,2,0,2,0,0,0,0,2
388899,etohum,,2,0,2,2,0,2,0,0,0,0,2
388901,optimistdergi,,2,0,2,2,0,2,0,0,0,0,2
388902,girisimfabrika,,2,0,2,2,0,2,0,0,0,0,2
388976,SelcukYontem,,2,0,2,2,0,2,0,0,0,0,2
389022,HurAyse,,2,0,2,2,0,2,0,0,0,0,2
389025,siminya,,2,0,2,2,0,2,0,0,0,0,2
389052,nzfsss,,2,0,2,2,0,2,0,0,0,0,2
389070,evrenselgzt,,2,0,2,2,0,2,0,0,0,0,2
389080,sirtcantalilar,,2,0,2,2,0,2,0,0,0,0,2
389097,eliflif,,2,0,2,2,0,2,0,0,0,0,2
389236,UGP2004,,2,0,2,2,0,2,0,0,0,0,2
389359,bahcevski,,2,0,2,2,0,2,0,0,0,0,2
389360,kutupzencisi,,2,0,2,2,0,2,0,0,0,0,2
389365,sokaktakiadam,,2,0,2,2,0,2,0,0,0,0,2
389407,AnaRuizActriz,,2,0,2,2,0,2,0,0,0,0,1
389411,evaisantaf,,2,0,2,2,0,2,0,0,0,0,0
389416,GmezMacarena,,2,0,2,2,0,2,0,0,0,0,5
389421,pascualprincipe,,2,0,2,2,0,2,0,0,0,0,5
389432,ApolloAgencia,,2,0,2,2,0,2,0,0,0,0,5
389446,JeffHitchFund,,2,0,2,2,0,2,0,0,0,0,5
389448,LaOgraQTLL,,2,0,2,2,0,2,0,0,0,0,1
389469,Olgadau,,2,0,2,2,0,2,0,0,0,0,5
389471,albachicalatina,,2,0,2,2,0,2,0,0,0,0,5
389482,AlbaHerViL,,2,0,2,2,0,2,0,0,0,0,5
389542,KevinMonkey,,2,0,2,2,0,2,0,0,0,0,5
389555,sarandonga55,,2,0,2,2,0,2,0,0,0,0,5
389557,eseoesa,,2,0,2,2,0,2,0,0,0,0,5
389562,soy_pedrito,,2,0,2,2,0,2,0,0,0,0,5
389580,IsabelPaparazzi,,2,0,2,2,0,2,0,0,0,0,5
389591,taylormomsen,,2,0,2,2,0,2,0,0,0,0,5
389604,ariadnaCross,,2,0,2,2,0,2,0,0,0,0,6
389605,Anabel_JP,,2,0,2,2,0,2,0,0,0,0,5
389616,Elanor_nz,,2,0,2,2,0,2,0,0,0,0,2
389617,DioniMartin,,2,0,2,2,0,2,0,0,0,0,5
389632,Copii30,,2,0,2,2,0,2,0,0,0,0,6
389636,TuisterDeMacu,,2,0,2,2,0,2,0,0,0,0,5
389645,CarmenGarciaVeg,,2,0,2,2,0,2,0,0,0,0,6
389647,CarmenCu4tro,,2,0,2,2,0,2,0,0,0,0,0
389649,isaCu4tro,,2,0,2,2,0,2,0,0,0,0,0
389654,SilviaAla,,2,0,2,2,0,2,0,0,0,0,6
389658,itskuzz,,2,0,2,2,0,2,0,0,0,0,5
389661,RosaOGarcia,,2,0,2,2,0,2,0,0,0,0,5
389676,Emete_22,,2,0,2,2,0,2,0,0,0,0,4
389684,susanagarcia_92,,2,0,2,2,0,2,0,0,0,0,5
389709,supdepub,,2,0,2,2,0,2,0,0,0,0,8
389719,Michel_Augustin,,2,0,2,2,0,2,0,0,0,0,8
389721,Campuspartymx,,2,0,2,2,0,2,0,0,0,0,8
389735,FernandYoussef,,2,0,2,2,0,2,0,0,0,0,1
389758,rpbdbxl,,2,0,2,2,0,2,0,0,0,0,1
389771,Cybersec_EU,,2,0,2,2,0,2,0,0,0,0,1
389791,J_Sarakatsanos,,2,0,2,2,0,2,0,0,0,0,1
389793,livingingreece,,2,0,2,2,0,2,0,0,0,0,1
389799,INETeconomics,,2,0,2,2,0,2,0,0,0,0,0
389807,BrookingsEcon,,2,0,2,2,0,2,0,0,0,0,6
389822,kpappas1955,,2,0,2,2,0,2,0,0,0,0,1
389824,FutureFP,,2,0,2,2,0,2,0,0,0,0,1
389838,ADarmanin,,2,0,2,2,0,2,0,0,0,0,1
389839,Timmerfrans_EU,,2,0,2,2,0,2,0,0,0,0,1
389862,LasTresCulturas,,2,0,2,2,0,2,0,0,0,0,4
389871,TEDxAthens,,2,0,2,2,0,2,0,0,0,0,1
389872,colabathens,,2,0,2,2,0,2,0,0,0,0,1
389878,CeraInteractive,,2,0,2,2,0,2,0,0,0,0,8
389884,EYCAFrance,,2,0,2,2,0,2,0,0,0,0,1
389894,ELSA__Greece,,2,0,2,2,0,2,0,0,0,0,1
389898,e_ekpaideusi,,2,0,2,2,0,2,0,0,0,0,1
389906,GRacademia,,2,0,2,2,0,2,0,0,0,0,1
389913,Greekculture,,2,0,2,2,0,2,0,0,0,0,1
389931,EUropaS_IRTEA,,2,0,2,2,0,2,0,0,0,0,1
389935,ClicknSign,,2,0,2,2,0,2,0,0,0,0,1
389954,reteeuropa2020,,2,0,2,2,0,2,0,0,0,0,1
389966,UCD_DEI,,2,0,2,2,0,2,0,0,0,0,1
390003,found_ationgr,,2,0,2,2,0,2,0,0,0,0,1
390045,StartupGreece,,2,0,2,2,0,2,0,0,0,0,1
390047,VisionsofEurope,,2,0,2,2,0,2,0,0,0,0,1
390054,eunow2014,,2,0,2,2,0,2,0,0,0,0,1
390079,EconUS,,2,0,2,2,0,2,0,0,0,0,6
390080,ECONdailycharts,,2,0,2,2,0,2,0,0,0,0,1
390081,ThePressProject,,2,0,2,2,0,2,0,0,0,0,1
390083,damanaki,,2,0,2,2,0,2,0,0,0,0,1
390085,eurotribune,,2,0,2,2,0,2,0,0,0,0,1
390087,EUiNorge,,2,0,2,2,0,2,0,0,0,0,1
390088,OpenGov44,,2,0,2,2,0,2,0,0,0,0,2
390091,IIEeurope,,2,0,2,2,0,2,0,0,0,0,1
390093,EURAXESS_ontour,,2,0,2,2,0,2,0,0,0,0,1
390097,nikosm77,,2,0,2,2,0,2,0,0,0,0,1
390102,SAII_Eureka,,2,0,2,2,0,2,0,0,0,0,6
390112,reyleonydas,,2,0,2,2,0,2,0,0,0,0,6
390128,ComercioJustoUS,,2,0,2,2,0,2,0,0,0,0,6
390129,EtsieUs,,2,0,2,2,0,2,0,0,0,0,6
390130,AlternativFCEYE,,2,0,2,2,0,2,0,0,0,0,6
390137,dfilosofiaus,,2,0,2,2,0,2,0,0,0,0,6
390143,Rest_La_Encina,,2,0,2,2,0,2,0,0,0,0,0
390144,buffaloalhendin,,2,0,2,2,0,2,0,0,0,0,6
390147,rafaelarroyo89,,2,0,2,2,0,2,0,0,0,0,6
390158,WendyGamba,,2,0,2,2,0,2,0,0,0,0,0
390161,ThesushibarMlg,,2,0,2,2,0,2,0,0,0,0,0
390164,MSandovalCOQUE,,2,0,2,2,0,2,0,0,0,0,0
390166,rdelacalle,,2,0,2,2,0,2,0,0,0,0,0
390167,Garbancita,,2,0,2,2,0,2,0,0,0,0,0
390173,OneAlmeria,,2,0,2,2,0,2,0,0,0,0,0
390182,AixaGranada,,2,0,2,2,0,2,0,0,0,0,0
390183,SteveLynton,,2,0,2,2,0,2,0,0,0,0,0
390191,Valleesteresort,,2,0,2,2,0,2,0,0,0,0,0
390197,grupoarhoteles,,2,0,2,2,0,2,0,0,0,0,0
390201,HotelAlbayzin,,2,0,2,2,0,2,0,0,0,0,0
390213,Grupo_Genil,,2,0,2,2,0,2,0,0,0,0,0
390218,LaPerla_Hotel,,2,0,2,2,0,2,0,0,0,0,0
390226,TehagoEco,,2,0,2,2,0,2,0,0,0,0,0
390229,AMOUNARBOL,,2,0,2,2,0,2,0,0,0,0,0
390230,reciclameinfo,,2,0,2,2,0,2,0,0,0,0,0
390231,elenacocinicas,,2,0,2,2,0,2,0,0,0,0,0
390232,Ecototal,,2,0,2,2,0,2,0,0,0,0,0
390234,soyeco,,2,0,2,2,0,2,0,0,0,0,0
390236,amcmaquinaria,,2,0,2,2,0,2,0,0,0,0,0
390237,PlanVerdeCDMX,,2,0,2,2,0,2,0,0,0,0,4
390239,lasnotasverdes,,2,0,2,2,0,2,0,0,0,0,0
390240,ConstruyeVerde,,2,0,2,2,0,2,0,0,0,0,0
390241,AlmeriaTrend,,2,0,2,2,0,2,0,0,0,0,0
390242,cemaerorg,,2,0,2,2,0,2,0,0,0,0,0
390243,ambientumcom,,2,0,2,2,0,2,0,0,0,0,0
390292,turismoelejido,,2,0,2,2,0,2,0,0,0,0,0
390295,jard_imision,,2,0,2,2,0,2,0,0,0,0,6
390300,RocioCuerva1,,2,0,2,2,0,2,0,0,0,0,0
390301,maribel2delgado,,2,0,2,2,0,2,0,0,0,0,0
390302,rb_lourdes3,,2,0,2,2,0,2,0,0,0,0,0
390304,mariaromacho29,,2,0,2,2,0,2,0,0,0,0,0
390305,carlosplaza96,,2,0,2,2,0,2,0,0,0,0,0
390306,Abel10000,,2,0,2,2,0,2,0,0,0,0,0
390310,ArtclassGR,,2,0,2,2,0,2,0,0,0,0,0
390311,AlquilerGR,,2,0,2,2,0,2,0,0,0,0,0
390312,AdictabooksBlog,,2,0,2,2,0,2,0,0,0,0,0
390313,Recompra20,,2,0,2,2,0,2,0,0,0,0,0
390314,AdrianSanchezft,,2,0,2,2,0,2,0,0,0,0,0
390315,AnaMaridel85,,2,0,2,2,0,2,0,0,0,0,0
390319,LuisCacho_,,2,0,2,2,0,2,0,0,0,0,4
390324,Navarra,,2,0,2,2,0,2,0,0,0,0,2
390366,UAM_Solidaria,,2,0,2,2,0,2,0,0,0,0,1
390371,rosamelero,,2,0,2,2,0,2,0,0,0,0,0
390375,igualdade_uvigo,,2,0,2,2,0,2,0,0,0,0,1
390379,plus_dual,,2,0,2,2,0,2,0,0,0,0,4
390386,Proyectocet,,2,0,2,2,0,2,0,0,0,0,4
390390,_usj_,,2,0,2,2,0,2,0,0,0,0,4
390420,ColegioAlcaste,,2,0,2,2,0,2,0,0,0,0,4
390426,miboubri,,2,0,2,2,0,2,0,0,0,0,7
390428,DiariodeNavarra,,2,0,2,2,0,2,0,0,0,0,4
390431,enfermeriaunav,,2,0,2,2,0,2,0,0,0,0,4
390441,UexBiblioteca,,2,0,2,2,0,2,0,0,0,0,5
390444,LoyolaSRI,,2,0,2,2,0,2,0,0,0,0,4
390446,LoyolaMasteres,,2,0,2,2,0,2,0,0,0,0,4
390452,RadioUnizar,,2,0,2,2,0,2,0,0,0,0,4
390455,Planeta_Futuro,,2,0,2,2,0,2,0,0,0,0,4
390464,BiblioLoyolaAnd,,2,0,2,2,0,2,0,0,0,0,6
390466,vinodelamancha,,2,0,2,2,0,2,0,0,0,0,4
390470,cmmendaur,,2,0,2,2,0,2,0,0,0,0,4
390474,TurismoStIgnasi,,2,0,2,2,0,2,0,0,0,0,4
390482,daniosesr,,2,0,2,2,0,2,0,0,0,0,4
390493,fundacionexit,,2,0,2,2,0,2,0,0,0,0,4
390507,Comillas_marca,,2,0,2,2,0,2,0,0,0,0,4
390509,CDLNavarra,,2,0,2,2,0,2,0,0,0,0,4
390511,ANSEL_CAMBRA,,2,0,2,2,0,2,0,0,0,0,4
390521,cmayete,,2,0,2,2,0,2,0,0,0,0,2
390523,FundacionMainel,,2,0,2,2,0,2,0,0,0,0,4
390525,dialnet,,2,0,2,2,0,2,0,0,0,0,6
390528,pgnacero,,2,0,2,2,0,2,0,0,0,0,4
390534,eii_uex,,2,0,2,2,0,2,0,0,0,0,4
390536,ICADE_CCEE,,2,0,2,2,0,2,0,0,0,0,4
390540,CMBidealde,,2,0,2,2,0,2,0,0,0,0,4
390542,educacion_na,,2,0,2,2,0,2,0,0,0,0,4
390545,tecnun,,2,0,2,2,0,2,0,0,0,0,4
390546,RosanaPortelli,,2,0,2,2,0,2,0,0,0,0,0
390550,SDiDigitalGroup,,2,0,2,2,0,2,0,0,0,0,4
390556,cmbelagua,,2,0,2,2,0,2,0,0,0,0,4
390558,SDISector3,,2,0,2,2,0,2,0,0,0,0,4
390564,Losqueno,,2,0,2,2,0,2,0,0,0,0,4
390571,ComillasSolidar,,2,0,2,2,0,2,0,0,0,0,2
390573,ibercaja,,3,0,3,3,0,3,0,0,0,0,4
390580,CivicanFCN,,2,0,2,2,0,2,0,0,0,0,4
390587,Pla_voluntario,,2,0,2,2,0,2,0,0,0,0,4
390588,OSE_Mexico,,2,0,2,2,0,2,0,0,0,0,4
390589,txavinhoquai,,2,0,2,2,0,2,0,0,0,0,4
390595,libroslibresmlg,,2,0,2,2,0,2,0,0,0,0,5
390596,diasolidario,,2,0,2,2,0,2,0,0,0,0,4
390602,Penya1930,,2,0,2,2,0,2,0,0,0,0,0
390605,CanalSolidario,,2,0,2,2,0,2,0,0,0,0,4
390617,IdeaSolidaria,,2,0,2,2,0,2,0,0,0,0,4
390620,unjuguete,,2,0,2,2,0,2,0,0,0,0,4
390622,fundacionacir,,2,0,2,2,0,2,0,0,0,0,4
390631,UR_Krakow,,3,0,3,3,0,3,0,0,0,0,1
390632,AkademiaSzWoj,,2,0,2,2,0,2,0,0,0,0,1
390633,LazarskiUni_,,2,0,2,2,0,2,0,0,0,0,1
390638,techlearning,,2,0,2,2,0,2,0,0,0,0,1
390655,markbarnes19,,2,0,2,2,0,2,0,0,0,0,1
390670,Gracioustech,,2,0,2,2,0,2,0,0,0,0,1
390672,NEAToday,,2,0,2,2,0,2,0,0,0,0,1
390675,sussexseo,,2,0,2,2,0,2,0,0,0,0,1
390678,FinalStageUK,,2,0,2,2,0,2,0,0,0,0,1
390687,GoodSchoolsUK,,2,0,2,2,0,2,0,0,0,0,1
390697,dagdevirencanan,,2,0,2,2,0,2,0,0,0,0,1
390710,MPDLPracticas,,2,0,2,2,0,2,0,0,0,0,7
390742,UoBris_Intl,,2,0,2,2,0,2,0,0,0,0,1
390756,Jaimsiej,,2,0,2,2,0,2,0,0,0,0,1
390773,Pino_Daniele,,2,0,2,2,0,2,0,0,0,0,3
390774,VincenzoSalemm2,,2,0,2,2,0,2,0,0,0,0,3
390797,arq13jaen,,2,0,2,2,0,2,0,0,0,0,0
390813,el_tranco,,2,0,2,2,0,2,0,0,0,0,0
390818,JaenToday,,2,0,2,2,0,2,0,0,0,0,0
390835,fjbravo3,,2,0,2,2,0,2,0,0,0,0,0
390841,Fatima_mmt,,2,0,2,2,0,2,0,0,0,0,0
390846,FranTriguero_,,2,0,2,2,0,2,0,0,0,0,0
390858,TSAGranada,,2,0,2,2,0,2,0,0,0,0,0
390862,rociodalgodon,,2,0,2,2,0,2,0,0,0,0,0
390866,MatinalSERJaen,,2,0,2,2,0,2,0,0,0,0,0
390872,QBoniCo,,2,0,2,2,0,2,0,0,0,0,0
390889,virgi4224,,2,0,2,2,0,2,0,0,0,0,0
390891,atbiels,,2,0,2,2,0,2,0,0,0,0,0
390896,itsjaenole,,2,0,2,2,0,2,0,0,0,0,0
390900,Almmaaria,,2,0,2,2,0,2,0,0,0,0,0
390936,aestimatio,,2,0,2,2,0,2,0,0,0,0,0
390954,ATRIUN13,,2,0,2,2,0,2,0,0,0,0,0
390973,BBujarkay,,2,0,2,2,0,2,0,0,0,0,0
390975,Meeri_Gutierrez,,2,0,2,2,0,2,0,0,0,0,0
390981,AlmadeGaia,,2,0,2,2,0,2,0,0,0,0,0
390986,PuertodelaRagua,,2,0,2,2,0,2,0,0,0,0,0
390999,gdradlas,,2,0,2,2,0,2,0,0,0,0,0
391002,guadalinforus,,2,0,2,2,0,2,0,0,0,0,4
391013,IFPRescate,,2,0,2,2,0,2,0,0,0,0,0
391016,EconomistasJaen,,2,0,2,2,0,2,0,0,0,0,0
391033,JaenenJuego,,2,0,2,2,0,2,0,0,0,0,0
391034,amadorjeh,,2,0,2,2,0,2,0,0,0,0,0
391097,PILARGARCIAYALA,,2,0,2,2,0,2,0,0,0,0,0
391114,navamorqui,,2,0,2,2,0,2,0,0,0,0,0
391121,Carlos_GuP,,2,0,2,2,0,2,0,0,0,0,0
391123,PintandoC,,2,0,2,2,0,2,0,0,0,0,0
391146,playmobil11,,2,0,2,2,0,2,0,0,0,0,0
391147,AytoManchaReal,,2,0,2,2,0,2,0,0,0,0,0
391157,RunnerTrail,,2,0,2,2,0,2,0,0,0,0,0
391181,tabernaplaza,,2,0,2,2,0,2,0,0,0,0,0
391187,linagonzalezmor,,2,0,2,2,0,2,0,0,0,0,0
391201,MChicote,,2,0,2,2,0,2,0,0,0,0,0
391233,laVisticaShop,,2,0,2,2,0,2,0,0,0,0,0
391234,hotelbanos,,2,0,2,2,0,2,0,0,0,0,0
391248,angelesferriz,,2,0,2,2,0,2,0,0,0,0,0
391249,ReinodeJaen,,2,0,2,2,0,2,0,0,0,0,0
391261,fjoliver88,,2,0,2,2,0,2,0,0,0,0,0
391264,Bdelaencina,,2,0,2,2,0,2,0,0,0,0,0
391282,AndujarJoven,,2,0,2,2,0,2,0,0,0,0,0
391286,JaenMereceMas,,2,0,2,2,0,2,0,0,0,0,0
391292,SevilleDreams,,2,0,2,2,0,2,0,0,0,0,0
391295,JaenAtalaya,,2,0,2,2,0,2,0,0,0,0,0
391298,saforvalley,,2,0,2,2,0,2,0,0,0,0,4
391311,manu99html,,2,0,2,2,0,2,0,0,0,0,0
391327,AytoCabraSC,,2,0,2,2,0,2,0,0,0,0,0
391329,Ausbanc_EDIT,,2,0,2,2,0,2,0,0,0,0,0
391333,SalaKharmaJaen,,2,0,2,2,0,2,0,0,0,0,0
391336,uno_jaen,,2,0,2,2,0,2,0,0,0,0,0
391348,alvaro_chamorro,,2,0,2,2,0,2,0,0,0,0,0
391350,chris_aparicio_,,2,0,2,2,0,2,0,0,0,0,0
391351,Al_Hayar_,,2,0,2,2,0,2,0,0,0,0,4
391355,ImpactUN,,2,0,2,2,0,2,0,0,0,0,1
391373,carlosandradas,,2,0,2,2,0,2,0,0,0,0,1
391375,FH_Graubuenden,,2,0,2,2,0,2,0,0,0,0,1
391392,utcluj,,2,0,2,2,0,2,0,0,0,0,1
391396,oucyprus,,2,0,2,2,0,2,0,0,0,0,1
391408,BellevueU,,2,0,2,2,0,2,0,0,0,0,1
391409,websteru,,2,0,2,2,0,2,0,0,0,0,1
391425,UCT_news,,2,0,2,2,0,2,0,0,0,0,2
391442,FHTechnikumWien,,2,0,2,2,0,2,0,0,0,0,1
391443,fhsalzburg,,2,0,2,2,0,2,0,0,0,0,1
391444,FHCampusWien,,2,0,2,2,0,2,0,0,0,0,1
391455,universityofky,,2,0,2,2,0,2,0,0,0,0,4
391456,akampus,,2,0,2,2,0,2,0,0,0,0,2
391461,HumanitiesUU,,2,0,2,2,0,2,0,0,0,0,1
391491,concordiastpaul,,2,0,2,2,0,2,0,0,0,0,1
391499,tilburgresearch,,2,0,2,2,0,2,0,0,0,0,1
391514,Politechnika,,3,0,3,3,0,3,0,0,0,0,1
391515,bcumedia,,2,0,2,2,0,2,0,0,0,0,1
391522,tweetsbologna,,2,0,2,2,0,2,0,0,0,0,5
391541,DrakeUniversity,,2,0,2,2,0,2,0,0,0,0,1
391547,CloudExpo,,2,0,2,2,0,2,0,0,0,0,4
391548,CloudComputing3,,2,0,2,2,0,2,0,0,0,0,8
391572,bookforum,,2,0,2,2,0,2,0,0,0,0,2
391573,LAReviewofBooks,,2,0,2,2,0,2,0,0,0,0,2
391576,parisreview,,2,0,2,2,0,2,0,0,0,0,2
391596,HullUniUnion,,2,0,2,2,0,2,0,0,0,0,1
391618,LiepU,,2,0,2,2,0,2,0,0,0,0,1
391622,JihoceskaUni,,2,0,2,2,0,2,0,0,0,0,1
391625,murrayontravel,,2,0,2,2,0,2,0,0,0,0,7
391627,USEmbRu,,2,0,2,2,0,2,0,0,0,0,1
391635,Turiba,,2,0,2,2,0,2,0,0,0,0,1
391643,KaunoKolegija,,2,0,2,2,0,2,0,0,0,0,1
391669,WSPiA,,2,0,2,2,0,2,0,0,0,0,1
391680,Pollub,,2,0,2,2,0,2,0,0,0,0,1
391686,MKuzminskas,,2,0,2,2,0,2,0,0,0,0,1
391720,UCDSocieties,,2,0,2,2,0,2,0,0,0,0,1
391723,UCDBizAlumni,,2,0,2,2,0,2,0,0,0,0,1
391725,ab_japan,,2,0,2,2,0,2,0,0,0,0,7
391726,PhotofoxApp,,2,0,2,2,0,2,0,0,0,0,1
391734,UCDQuinnSchool,,2,0,2,2,0,2,0,0,0,0,1
391739,ELSALecce,,2,0,2,2,0,2,0,0,0,0,1
391772,usd,,2,0,2,2,0,2,0,0,0,0,1
391783,MelonieDodaro,,2,0,2,2,0,2,0,0,0,0,2
391785,vikolt,,2,0,2,2,0,2,0,0,0,0,1
391792,HebrewU,,2,0,2,2,0,2,0,0,0,0,1
391798,monmouthu,,2,0,2,2,0,2,0,0,0,0,1
391799,CaldwellUniv,,2,0,2,2,0,2,0,0,0,0,1
391806,RowanUniversity,,2,0,2,2,0,2,0,0,0,0,1
391809,IAESTEJo,,2,0,2,2,0,2,0,0,0,0,6
391818,QUBSU,,2,0,2,2,0,2,0,0,0,0,1
391819,QUBLibrary,,2,0,2,2,0,2,0,0,0,0,1
391823,ItaBusiness,,2,0,2,2,0,2,0,0,0,0,1
391826,upatras,,2,0,2,2,0,2,0,0,0,0,1
391837,visitljubljana,,2,0,2,2,0,2,0,0,0,0,1
391845,SmurfitSchool,,2,0,2,2,0,2,0,0,0,0,1
391846,ELSABrno,,2,0,2,2,0,2,0,0,0,0,1
391854,Thunderbird,,2,0,2,2,0,2,0,0,0,0,3
391860,redefimposible,,2,0,2,2,0,2,0,0,0,0,1
391863,FulbrightSchlrs,,2,0,2,2,0,2,0,0,0,0,8
391869,stfxuniversity,,2,0,2,2,0,2,0,0,0,0,1
391870,UA_magazine,,2,0,2,2,0,2,0,0,0,0,1
391883,UTM,,2,0,2,2,0,2,0,0,0,0,1
391888,SaintAnselm,,2,0,2,2,0,2,0,0,0,0,1
391891,McMasterU,,2,0,2,2,0,2,0,0,0,0,1
391892,MemorialU,,2,0,2,2,0,2,0,0,0,0,1
391897,usask,,2,0,2,2,0,2,0,0,0,0,1
391928,XavierU,,2,0,2,2,0,2,0,0,0,0,1
391931,GonzagaU,,2,0,2,2,0,2,0,0,0,0,1
391933,univ_indonesia,,2,0,2,2,0,2,0,0,0,0,1
391935,ipbofficial,,2,0,2,2,0,2,0,0,0,0,1
391936,ajh50Official,,2,0,2,2,0,2,0,0,0,0,4
391938,SantaClaraUniv,,2,0,2,2,0,2,0,0,0,0,1
391940,IdyomaApp,,2,0,2,2,0,2,0,0,0,0,3
391947,WorthingCollege,,2,0,2,2,0,2,0,0,0,0,1
391954,WestThames,,2,0,2,2,0,2,0,0,0,0,1
391955,CNWL1,,2,0,2,2,0,2,0,0,0,0,1
391956,SouthThamesColl,,2,0,2,2,0,2,0,0,0,0,1
391957,canterburycoll,,2,0,2,2,0,2,0,0,0,0,1
391958,city_college,,2,0,2,2,0,2,0,0,0,0,1
391959,brockcollege,,2,0,2,2,0,2,0,0,0,0,1
391961,BibliotecaUA,,2,0,2,2,0,2,0,0,0,0,1
391962,rectorUA,,2,0,2,2,0,2,0,0,0,0,1
391963,LeedsTrinitySU,,2,0,2,2,0,2,0,0,0,0,1
391964,york_college,,2,0,2,2,0,2,0,0,0,0,1
391966,LeedsTrinity,,2,0,2,2,0,2,0,0,0,0,1
391967,cravencollege,,2,0,2,2,0,2,0,0,0,0,1
391968,BradfordCollege,,2,0,2,2,0,2,0,0,0,0,1
391969,oaklandscollege,,2,0,2,2,0,2,0,0,0,0,1
391970,whertscollege,,2,0,2,2,0,2,0,0,0,0,1
391976,YourStMarys,,2,0,2,2,0,2,0,0,0,0,1
391993,UniLincolnArts,,2,0,2,2,0,2,0,0,0,0,2
391998,unilincoln,,2,0,2,2,0,2,0,0,0,0,1
392003,UniofReading,,2,0,2,2,0,2,0,0,0,0,1
392024,worcester_uni,,2,0,2,2,0,2,0,0,0,0,1
392027,_UoW,,2,0,2,2,0,2,0,0,0,0,1
392032,UConnBusiness,,2,0,2,2,0,2,0,0,0,0,3
392033,KatzPittBiz,,2,0,2,2,0,2,0,0,0,0,3
392036,lborouniversity,,2,0,2,2,0,2,0,0,0,0,1
392037,WCollegeGroup,,2,0,2,2,0,2,0,0,0,0,1
392038,StratfordColl,,2,0,2,2,0,2,0,0,0,0,1
392039,westoncollege,,2,0,2,2,0,2,0,0,0,0,1
392040,CoBCollege,,2,0,2,2,0,2,0,0,0,0,1
392042,BathCollege,,2,0,2,2,0,2,0,0,0,0,1
392045,greenwichsu,,2,0,2,2,0,2,0,0,0,0,1
392046,studyWHC,,2,0,2,2,0,2,0,0,0,0,1
392047,BucksNewUni,,2,0,2,2,0,2,0,0,0,0,1
392053,DenisonU,,2,0,2,2,0,2,0,0,0,0,1
392071,LSU_LT,,2,0,2,2,0,2,0,0,0,0,1
392079,pepperdine,,2,0,2,2,0,2,0,0,0,0,1
392080,sheffhallamuni,,2,0,2,2,0,2,0,0,0,0,1
392090,artsbrighton,,2,0,2,2,0,2,0,0,0,0,1
392119,UCLLHL,,2,0,2,2,0,2,0,0,0,0,1
392134,uarizona,,2,0,2,2,0,2,0,0,0,0,1
392140,AaltoDF,,2,0,2,2,0,2,0,0,0,0,1
392141,librarycongress,,2,0,2,2,0,2,0,0,0,0,6
392144,cornellsun,,2,0,2,2,0,2,0,0,0,0,1
392157,LeeU,,2,0,2,2,0,2,0,0,0,0,1
392161,CDUni,,2,0,2,2,0,2,0,0,0,0,1
392163,jcu,,2,0,2,2,0,2,0,0,0,0,1
392167,AndersonU,,2,0,2,2,0,2,0,0,0,0,1
392182,ClearAdmit,,2,0,2,2,0,2,0,0,0,0,3
392183,Bristol_SU,,2,0,2,2,0,2,0,0,0,0,1
392186,TepperAdcom,,2,0,2,2,0,2,0,0,0,0,3
392191,BelmontUniv,,2,0,2,2,0,2,0,0,0,0,1
392192,lipscomb,,2,0,2,2,0,2,0,0,0,0,1
392202,oaklandu,,2,0,2,2,0,2,0,0,0,0,1
392203,DavenportU,,2,0,2,2,0,2,0,0,0,0,1
392204,cuaa,,2,0,2,2,0,2,0,0,0,0,1
392205,BoothFullTime,,2,0,2,2,0,2,0,0,0,0,3
392207,bryantadmission,,2,0,2,2,0,2,0,0,0,0,1
392208,IrishEmbVilnius,,2,0,2,2,0,2,0,0,0,0,1
392209,UofUNews,,2,0,2,2,0,2,0,0,0,0,1
392210,UUtah,,2,0,2,2,0,2,0,0,0,0,1
392212,seattleu,,2,0,2,2,0,2,0,0,0,0,1
392221,BucknellU,,2,0,2,2,0,2,0,0,0,0,1
392223,profdavidcosta,,2,0,2,2,0,2,0,0,0,0,1
392231,reuterspictures,,2,0,2,2,0,2,0,0,0,0,4
392235,LeidenLaw,,2,0,2,2,0,2,0,0,0,0,1
392239,univerzitaMUP,,2,0,2,2,0,2,0,0,0,0,1
392245,StudyLT,,2,0,2,2,0,2,0,0,0,0,1
392254,MilanoSchool,,2,0,2,2,0,2,0,0,0,0,1
392257,strakovka,,2,0,2,2,0,2,0,0,0,0,2
392272,ASemetaEU,,2,0,2,2,0,2,0,0,0,0,1
392278,miamiuniversity,,2,0,2,2,0,2,0,0,0,0,1
392282,universitatelv,,2,0,2,2,0,2,0,0,0,0,1
392288,KSUniversitetas,,2,0,2,2,0,2,0,0,0,0,1
392295,MRUlt,,2,0,2,2,0,2,0,0,0,0,1
392301,VU_LT,,2,0,2,2,0,2,0,0,0,0,4
392304,MRUeu,,2,0,2,2,0,2,0,0,0,0,1
392314,policialocalvlc,,2,0,2,2,0,2,0,0,0,0,4
392317,RaiolaNetworks,,2,0,2,2,0,2,0,0,0,0,4
392321,auagenda,,2,0,2,2,0,2,0,0,0,0,4
392335,Dani_Invisalign,,2,0,2,2,0,2,0,0,0,0,4
392336,PosicioneGoogle,,2,0,2,2,0,2,0,0,0,0,4
392349,CNSJ_Dentistas,,2,0,2,2,0,2,0,0,0,0,4
392369,iuriscatedra,,2,0,2,2,0,2,0,0,0,0,4
392375,valoratuprofe,,2,0,2,2,0,2,0,0,0,0,4
392385,HuseyinErkmen26,,2,0,2,2,0,2,0,0,0,0,4
392403,cuerpoperfecto6,,2,0,2,2,0,2,0,0,0,0,4
392414,pabloserrador,,2,0,2,2,0,2,0,0,0,0,4
392428,Psicomoda,,2,0,2,2,0,2,0,0,0,0,4
392459,triscaidecafilo,,2,0,2,2,0,2,0,0,0,0,4
392468,Progresaras,,2,0,2,2,0,2,0,0,0,0,4
392506,carbellido,,2,0,2,2,0,2,0,0,0,0,4
392519,extremos,,2,0,2,2,0,2,0,0,0,0,4
392521,RecetasyComida,,2,0,2,2,0,2,0,0,0,0,4
392548,TaniaYepesB,,2,0,2,2,0,2,0,0,0,0,4
392571,NUTRICAMPEONES,,2,0,2,2,0,2,0,0,0,0,2
392632,mariagomezpen,,2,0,2,2,0,2,0,0,0,0,4
392645,Contarcuentos,,2,0,2,2,0,2,0,0,0,0,4
392675,CoachingFS,,2,0,2,2,0,2,0,0,0,0,4
392686,iW_Valencia,,2,0,2,2,0,2,0,0,0,0,4
392699,Javi_Gazquez,,2,0,2,2,0,2,0,0,0,0,4
392767,juanant_galindo,,2,0,2,2,0,2,0,0,0,0,4
392777,cenarysalir_vlc,,2,0,2,2,0,2,0,0,0,0,4
392788,MyaUmbracle,,2,0,2,2,0,2,0,0,0,0,4
392802,BuildingManagr,,2,0,2,2,0,2,0,0,0,0,4
392852,drobles_UPV,,2,0,2,2,0,2,0,0,0,0,1
392872,julian_sanchez,,2,0,2,2,0,2,0,0,0,0,4
392895,MAlvarezB77,,2,0,2,2,0,2,0,0,0,0,4
392904,KILLCLIFF,,2,0,2,2,0,2,0,0,0,0,4
392907,DianaAlvaAlonso,,2,0,2,2,0,2,0,0,0,0,4
392908,Betacoqueta,,2,0,2,2,0,2,0,0,0,0,0
392971,MatteoRichetti,,2,0,2,2,0,2,0,0,0,0,3
392979,taffoofficial,,2,0,2,2,0,2,0,0,0,0,3
393006,radiolabcatania,,2,0,2,2,0,2,0,0,0,0,3
393007,guardiacostiera,,2,0,2,2,0,2,0,0,0,0,3
393010,OfficialKat,,2,0,2,2,0,2,0,0,0,0,3
393016,Loltreuomoblog,,2,0,2,2,0,2,0,0,0,0,3
393021,Catania,,2,0,2,2,0,2,0,0,0,0,3
393023,wingsofpegasus,,2,0,2,2,0,2,0,0,0,0,3
393054,RamonLarramendi,,2,0,2,2,0,2,0,0,0,0,5
393057,tierraspolares,,2,0,2,2,0,2,0,0,0,0,4
393060,blogdeunviajero,,2,0,2,2,0,2,0,0,0,0,0
393061,avistu,,2,0,2,2,0,2,0,0,0,0,7
393063,BestDay_Travel,,2,0,2,2,0,2,0,0,0,0,7
393064,MexicoDestinos,,2,0,2,2,0,2,0,0,0,0,0
393065,FotoEscapada,,2,0,2,2,0,2,0,0,0,0,7
393066,trekkingviajes,,2,0,2,2,0,2,0,0,0,0,0
393069,sariri_tunupa,,2,0,2,2,0,2,0,0,0,0,7
393086,inshalatravel,,2,0,2,2,0,2,0,0,0,0,4
393088,tublogdeviajes_,,2,0,2,2,0,2,0,0,0,0,7
393089,AAnaLoe,,2,0,2,2,0,2,0,0,0,0,7
393108,monnuage,,2,0,2,2,0,2,0,0,0,0,1
393115,viajero_nomada,,2,0,2,2,0,2,0,0,0,0,7
393121,Modachica1,,2,0,2,2,0,2,0,0,0,0,0
393125,atrapaunchollo,,2,0,2,2,0,2,0,0,0,0,6
393138,AlinaSalazarG,,2,0,2,2,0,2,0,0,0,0,4
393163,StephBeTravel,,2,0,2,2,0,2,0,0,0,0,7
393164,Narrogeographic,,2,0,2,2,0,2,0,0,0,0,6
393165,vidadeturista,,2,0,2,2,0,2,0,0,0,0,7
393180,mexdesconocido,,2,0,2,2,0,2,0,0,0,0,7
393181,ViajaBonito,,2,0,2,2,0,2,0,0,0,0,0
393192,CoffeeStrap,,2,0,2,2,0,2,0,0,0,0,6
393208,MiladyTrip,,3,0,3,3,0,3,0,0,0,0,0
393209,mapaconchili,,2,0,2,2,0,2,0,0,0,0,0
393210,Laseddelviajero,,2,0,2,2,0,2,0,0,0,0,7
393211,_cometeelmundo_,,2,0,2,2,0,2,0,0,0,0,6
393212,Pepagmarin,,2,0,2,2,0,2,0,0,0,0,0
393229,Flipboard,,2,0,2,2,0,2,0,0,0,0,0
393233,rojo_cangrejo,,2,0,2,2,0,2,0,0,0,0,7
393236,tecnohotelnews,,2,0,2,2,0,2,0,0,0,0,8
393237,elmundatuspies,,2,0,2,2,0,2,0,0,0,0,4
393239,Fran_Bautiista,,2,0,2,2,0,2,0,0,0,0,6
393241,guiadox1viajero,,2,0,2,2,0,2,0,0,0,0,7
393249,martarosella,,2,0,2,2,0,2,0,0,0,0,0
393250,yoteguio,,2,0,2,2,0,2,0,0,0,0,7
393251,CASAMAURA,,2,0,2,2,0,2,0,0,0,0,4
393264,conunparmaletas,,2,0,2,2,0,2,0,0,0,0,7
393277,WuhuIt,,2,0,2,2,0,2,0,0,0,0,3
393281,RumboPortugal,,2,0,2,2,0,2,0,0,0,0,7
393288,Charcotrip,,2,0,2,2,0,2,0,0,0,0,6
393298,MundoExperience,,2,0,2,2,0,2,0,0,0,0,7
393313,Conarena,,2,0,2,2,0,2,0,0,0,0,7
393314,dinkyviajeros,,2,0,2,2,0,2,0,0,0,0,7
393319,travelarte,,2,0,2,2,0,2,0,0,0,0,4
393320,sinparardviajar,,2,0,2,2,0,2,0,0,0,0,7
393321,ViajesVivencias,,2,0,2,2,0,2,0,0,0,0,6
393322,MasEdimburgo,,2,0,2,2,0,2,0,0,0,0,4
393329,viajesdavidneus,,2,0,2,2,0,2,0,0,0,0,7
393337,viajesquimelena,,2,0,2,2,0,2,0,0,0,0,7
393339,tublogdeviajes,,2,0,2,2,0,2,0,0,0,0,7
393340,lavidaesviaje,,2,0,2,2,0,2,0,0,0,0,0
393344,Tipsmexico,,2,0,2,2,0,2,0,0,0,0,0
393345,Huidas,,2,0,2,2,0,2,0,0,0,0,7
393384,TuristaProf,,2,0,2,2,0,2,0,0,0,0,7
393393,blogboaviagem,,2,0,2,2,0,2,0,0,0,0,7
393413,pequenoviajante,,2,0,2,2,0,2,0,0,0,0,7
393442,MalucosViagem,,2,0,2,2,0,2,0,0,0,0,7
393451,HistoriasdaDi,,2,0,2,2,0,2,0,0,0,0,7
393485,kmiret,,2,0,2,2,0,2,0,0,0,0,7
393492,callejeando_bg,,2,0,2,2,0,2,0,0,0,0,7
393494,Viatgeaitaca,,2,0,2,2,0,2,0,0,0,0,7
393498,EscapadasTiempo,,3,0,3,3,0,3,0,0,0,0,7
393505,esviajeroblog,,2,0,2,2,0,2,0,0,0,0,7
393531,CubaSinFrontera,,2,0,2,2,0,2,0,0,0,0,7
393532,MinInterior,,2,0,2,2,0,2,0,0,0,0,7
393534,infopresidencia,,2,0,2,2,0,2,0,0,0,0,7
393536,mindefensa,,2,0,2,2,0,2,0,0,0,0,7
393543,MinAmbienteCo,,2,0,2,2,0,2,0,0,0,0,7
393544,GreenpeaceColom,,2,0,2,2,0,2,0,0,0,0,2
393545,visitar,,2,0,2,2,0,2,0,0,0,0,0
393575,DS_Official,,2,0,2,2,0,2,0,0,0,0,0
393577,MexicoValencia,,2,0,2,2,0,2,0,0,0,0,7
393578,MexenEspana,,2,0,2,2,0,2,0,0,0,0,2
393586,refugiodeheda,,2,0,2,2,0,2,0,0,0,0,6
393614,Hora20,,2,0,2,2,0,2,0,0,0,0,0
393619,websitesnpo,,2,0,2,2,0,2,0,0,0,0,7
393628,SRE_mx,,3,0,3,3,0,3,0,0,0,0,2
393629,HistoriayDatos,,2,0,2,2,0,2,0,0,0,0,7
393630,SE_mx,,2,0,2,2,0,2,0,0,0,0,0
393631,VisitMex,,2,0,2,2,0,2,0,0,0,0,7
393632,AventurHistoria,,2,0,2,2,0,2,0,0,0,0,7
393633,meditantiguo,,2,0,2,2,0,2,0,0,0,0,7
393636,Ciencia_UNAM,,2,0,2,2,0,2,0,0,0,0,7
393640,ISatChannel,,2,0,2,2,0,2,0,0,0,0,7
393644,TCMLA,,2,0,2,2,0,2,0,0,0,0,7
393647,agro20,,2,0,2,2,0,2,0,0,0,0,7
393648,agriculturamex,,2,0,2,2,0,2,0,0,0,0,2
393650,viajeacanada,,2,0,2,2,0,2,0,0,0,0,0
393656,FOXChannelLA,,2,0,2,2,0,2,0,0,0,0,2
393657,PepsiVEN,,2,0,2,2,0,2,0,0,0,0,0
393659,Web_GEO,,3,0,3,3,0,3,0,0,0,0,4
393663,AvaiBook,,2,0,2,2,0,2,0,0,0,0,0
393682,DisfrutaMadrid,,2,0,2,2,0,2,0,0,0,0,0
393690,maripositaviaja,,2,0,2,2,0,2,0,0,0,0,0
393707,MyFrenchStyle,,2,0,2,2,0,2,0,0,0,0,2
393708,VeracruzTurismo,,2,0,2,2,0,2,0,0,0,0,6
393713,Tuisyplanes,,2,0,2,2,0,2,0,0,0,0,7
393720,masteresespana,,2,0,2,2,0,2,0,0,0,0,4
393721,pakgoesto,,2,0,2,2,0,2,0,0,0,0,0
393722,josecarlosds,,2,0,2,2,0,2,0,0,0,0,7
393723,VivaAerobus,,2,0,2,2,0,2,0,0,0,0,7
393724,interjet,,2,0,2,2,0,2,0,0,0,0,0
393725,TurismoFlandes,,2,0,2,2,0,2,0,0,0,0,7
393726,tipsdeviajero,,3,0,3,3,0,3,0,0,0,0,7
393727,AlfaRomeo_es,,2,0,2,2,0,2,0,0,0,0,7
393728,Jeep_es,,2,0,2,2,0,2,0,0,0,0,2
393729,revistaoutdoor,,2,0,2,2,0,2,0,0,0,0,1
393730,RuralkaHoteles,,2,0,2,2,0,2,0,0,0,0,0
393731,CdMSpain,,2,0,2,2,0,2,0,0,0,0,7
393732,kayak_es,,2,0,2,2,0,2,0,0,0,0,7
393733,mirayvuela,,2,0,2,2,0,2,0,0,0,0,4
393734,vuelosbaratos,,2,0,2,2,0,2,0,0,0,0,7
393740,otiummadrid,,2,0,2,2,0,2,0,0,0,0,6
393741,bluetourbcn,,2,0,2,2,0,2,0,0,0,0,7
393748,LaSalleTechnova,,2,0,2,2,0,2,0,0,0,0,7
393749,LaSalleBCN,,4,0,4,4,0,4,0,0,0,0,7
393760,foxlifees,,2,0,2,2,0,2,0,0,0,0,7
393783,TravelWI,,2,0,2,2,0,2,0,0,0,0,0
393785,Travelers,,2,0,2,2,0,2,0,0,0,0,7
393788,girlsgetaway,,2,0,2,2,0,2,0,0,0,0,7
393791,opodo,,2,0,2,2,0,2,0,0,0,0,7
393792,dunordausud,,2,0,2,2,0,2,0,0,0,0,7
393793,UnMondeAilleurs,,2,0,2,2,0,2,0,0,0,0,7
393814,heyFatTireTours,,2,0,2,2,0,2,0,0,0,0,7
393855,Javigt9,,2,0,2,2,0,2,0,0,0,0,6
393861,Mrtadc,,2,0,2,2,0,2,0,0,0,0,6
393862,RecheElisabeth,,2,0,2,2,0,2,0,0,0,0,0
393871,pablomarquez_9,,2,0,2,2,0,2,0,0,0,0,6
393872,ismaelhurtado95,,2,0,2,2,0,2,0,0,0,0,6
393895,Yurena_Velasco,,2,0,2,2,0,2,0,0,0,0,6
393899,albamorales02,,2,0,2,2,0,2,0,0,0,0,6
393907,Claudiia_GomezM,,2,0,2,2,0,2,0,0,0,0,6
393909,saray_gb,,2,0,2,2,0,2,0,0,0,0,6
393910,Micaelanatalis,,2,0,2,2,0,2,0,0,0,0,6
393917,pableterobledo,,2,0,2,2,0,2,0,0,0,0,6
393929,Literatillos,,2,0,2,2,0,2,0,0,0,0,6
393931,karlos94spain,,2,0,2,2,0,2,0,0,0,0,6
393935,KanaTupadre,,2,0,2,2,0,2,0,0,0,0,6
393943,Orajkn,,2,0,2,2,0,2,0,0,0,0,6
393947,zilager_,,2,0,2,2,0,2,0,0,0,0,6
393948,AntiqueRaul,,2,0,2,2,0,2,0,0,0,0,6
393953,pedro_1798,,2,0,2,2,0,2,0,0,0,0,6
393963,juandeivid84,,2,0,2,2,0,2,0,0,0,0,6
393972,JoseluPerez,,2,0,2,2,0,2,0,0,0,0,6
393986,victorpepe7,,2,0,2,2,0,2,0,0,0,0,6
393998,VictorJimenez91,,2,0,2,2,0,2,0,0,0,0,6
394006,claudiichi,,2,0,2,2,0,2,0,0,0,0,6
394022,amsbeltran,,2,0,2,2,0,2,0,0,0,0,6
394030,Raquel_002,,2,0,2,2,0,2,0,0,0,0,6
394055,AndreaaGarcia_2,,2,0,2,2,0,2,0,0,0,0,6
394058,efe404__,,2,0,2,2,0,2,0,0,0,0,0
394099,CriisRodriguez5,,2,0,2,2,0,2,0,0,0,0,6
394107,eme_peletier,,2,0,2,2,0,2,0,0,0,0,6
394110,germancillo91,,2,0,2,2,0,2,0,0,0,0,6
394114,Marixhe,,2,0,2,2,0,2,0,0,0,0,6
394118,carlos_gl7,,2,0,2,2,0,2,0,0,0,0,6
394145,ElenaaMaldonado,,2,0,2,2,0,2,0,0,0,0,6
394151,Alepe4p,,2,0,2,2,0,2,0,0,0,0,6
394165,RosseBolton,,2,0,2,2,0,2,0,0,0,0,6
394170,SrRodrigoLisa,,2,0,2,2,0,2,0,0,0,0,6
394172,_pabloroldan_,,2,0,2,2,0,2,0,0,0,0,6
394173,pvtodani,,2,0,2,2,0,2,0,0,0,0,6
394177,91FranRamirez,,2,0,2,2,0,2,0,0,0,0,6
394188,Jochi27us1,,2,0,2,2,0,2,0,0,0,0,6
394193,LolaPalanco,,2,0,2,2,0,2,0,0,0,0,6
394198,hermous96,,2,0,2,2,0,2,0,0,0,0,6
394199,x21Cuxi,,2,0,2,2,0,2,0,0,0,0,6
394201,rogesanchez93,,2,0,2,2,0,2,0,0,0,0,6
394211,alicia_quiche,,2,0,2,2,0,2,0,0,0,0,6
394227,A1exBam,,2,0,2,2,0,2,0,0,0,0,6
394233,TatiiCTorices16,,2,0,2,2,0,2,0,0,0,0,6
394242,WizZarDmcrap,,2,0,2,2,0,2,0,0,0,0,6
394250,js_sportsl,,2,0,2,2,0,2,0,0,0,0,6
394257,TeShaGuAn,,2,0,2,2,0,2,0,0,0,0,6
394258,MarioRodrguezM,,2,0,2,2,0,2,0,0,0,0,6
394265,MayeCuadro,,2,0,2,2,0,2,0,0,0,0,6
394267,rpas1221,,2,0,2,2,0,2,0,0,0,0,6
394294,angelafvilches,,2,0,2,2,0,2,0,0,0,0,6
394300,Olgatuttifrutti,,2,0,2,2,0,2,0,0,0,0,6
394327,Pablofenollar,,2,0,2,2,0,2,0,0,0,0,0
394338,BabyErasmus,,2,0,2,2,0,2,0,0,0,0,0
394343,andreamdu19,,2,0,2,2,0,2,0,0,0,0,0
394346,dlorzaez,,2,0,2,2,0,2,0,0,0,0,0
394352,VivirEuropa,,2,0,2,2,0,2,0,0,0,0,0
394354,AmandaRomero_G,,2,0,2,2,0,2,0,0,0,0,0
394373,icustoms24,,2,0,2,2,0,2,0,0,0,0,0
394382,Ibergenia,,2,0,2,2,0,2,0,0,0,0,0
394383,vinarium,,2,0,2,2,0,2,0,0,0,0,0
394385,Pabl0Valero,,2,0,2,2,0,2,0,0,0,0,0
394387,ClubeXpats,,2,0,2,2,0,2,0,0,0,0,0
394389,EmprenderSpain,,2,0,2,2,0,2,0,0,0,0,0
394391,companislowcost,,2,0,2,2,0,2,0,0,0,0,0
394392,relviajero,,2,0,2,2,0,2,0,0,0,0,0
394393,viajesenfamilia,,2,0,2,2,0,2,0,0,0,0,0
394396,vuelostop_es,,2,0,2,2,0,2,0,0,0,0,0
394397,erraticviajes,,2,0,2,2,0,2,0,0,0,0,0
394398,consultiazgz,,2,0,2,2,0,2,0,0,0,0,0
394399,MachupicchuTP,,2,0,2,2,0,2,0,0,0,0,0
394403,pamela24hj,,2,0,2,2,0,2,0,0,0,0,0
394404,gamegomez1,,2,0,2,2,0,2,0,0,0,0,0
394406,coboslombardo,,2,0,2,2,0,2,0,0,0,0,0
394409,amparorubioc,,2,0,2,2,0,2,0,0,0,0,0
394420,canciondeautor,,2,0,2,2,0,2,0,0,0,0,0
394427,Trianajazz,,2,0,2,2,0,2,0,0,0,0,0
394430,SienteMarruecos,,2,0,2,2,0,2,0,0,0,0,0
394435,ldrchapas,,2,0,2,2,0,2,0,0,0,0,0
394436,Franmegias,,2,0,2,2,0,2,0,0,0,0,0
394445,ElLargueroPub,,2,0,2,2,0,2,0,0,0,0,0
394453,Cristelo191,,2,0,2,2,0,2,0,0,0,0,0
394454,cuevagato,,2,0,2,2,0,2,0,0,0,0,0
394458,AmantesFlamenco,,2,0,2,2,0,2,0,0,0,0,0
394459,dimedondevamos,,2,0,2,2,0,2,0,0,0,0,0
394463,rojascultura,,2,0,2,2,0,2,0,0,0,0,0
394464,daniguirado_,,2,0,2,2,0,2,0,0,0,0,0
394473,Olvapb612,,2,0,2,2,0,2,0,0,0,0,6
394474,diyeiwinagre,,2,0,2,2,0,2,0,0,0,0,0
394479,ivanmarnet,,2,0,2,2,0,2,0,0,0,0,0
394482,Jamiiala,,2,0,2,2,0,2,0,0,0,0,0
394490,gloyglo,,2,0,2,2,0,2,0,0,0,0,0
394492,aliwindflower,,2,0,2,2,0,2,0,0,0,0,0
394493,PalomaEspaillat,,2,0,2,2,0,2,0,0,0,0,6
394495,1LifeGranada,,2,0,2,2,0,2,0,0,0,0,0
394501,Rrpp_Forum,,2,0,2,2,0,2,0,0,0,0,0
394505,angelagc9,,2,0,2,2,0,2,0,0,0,0,0
394506,capakhine,,2,0,2,2,0,2,0,0,0,0,0
394511,SurLeVifparOF,,2,0,2,2,0,2,0,0,0,0,7
394520,travelandfilm,,2,0,2,2,0,2,0,0,0,0,7
394521,christelshea,,2,0,2,2,0,2,0,0,0,0,7
394529,LaurieSatran,,2,0,2,2,0,2,0,0,0,0,7
394540,bray_cottages,,2,0,2,2,0,2,0,0,0,0,7
394541,SabraGertsch,,2,0,2,2,0,2,0,0,0,0,7
394547,LauraExplorerUk,,2,0,2,2,0,2,0,0,0,0,7
394582,Hoodaki_com,,2,0,2,2,0,2,0,0,0,0,7
394592,BlogEtourisme,,2,0,2,2,0,2,0,0,0,0,7
394641,VisitSingapore,,2,0,2,2,0,2,0,0,0,0,7
394642,edinburgh,,2,0,2,2,0,2,0,0,0,0,7
394643,tgistanbul,,2,0,2,2,0,2,0,0,0,0,7
394671,IdeaViaje,,2,0,2,2,0,2,0,0,0,0,7
394676,travelmehappy,,2,0,2,2,0,2,0,0,0,0,7
394681,BerlinerInfo,,2,0,2,2,0,2,0,0,0,0,7
394688,VoyageursduM,,2,0,2,2,0,2,0,0,0,0,7
394698,Voyage_Way,,2,0,2,2,0,2,0,0,0,0,7
394701,VoyagesBergeron,,2,0,2,2,0,2,0,0,0,0,7
394703,BonplanvoyageBE,,2,0,2,2,0,2,0,0,0,0,7
394705,MonicaSors,,2,0,2,2,0,2,0,0,0,0,6
394710,AirFranceFR,,2,0,2,2,0,2,0,0,0,0,7
394712,evoyageursSNCF,,2,0,2,2,0,2,0,0,0,0,7
394715,cbourbeillon,,2,0,2,2,0,2,0,0,0,0,7
394717,GEOfr,,2,0,2,2,0,2,0,0,0,0,7
394722,siyvarulovna,,2,0,2,2,0,2,0,0,0,0,2
394723,irina_kvelidze,,2,0,2,2,0,2,0,0,0,0,2
394724,ClintPaulXavier,,2,0,2,2,0,2,0,0,0,0,2
394725,beka_ber,,2,0,2,2,0,2,0,0,0,0,2
394728,GenovaEventi,,2,0,2,2,0,2,0,0,0,0,7
394730,Capmantesting,,2,0,2,2,0,2,0,0,0,0,7
394750,rome2rio,,2,0,2,2,0,2,0,0,0,0,7
394754,ViaTRM,,2,0,2,2,0,2,0,0,0,0,7
394757,triprapp,,2,0,2,2,0,2,0,0,0,0,7
394759,UNHCOLAStdyAbrd,,2,0,2,2,0,2,0,0,0,0,7
394764,clubinterIESEG,,2,0,2,2,0,2,0,0,0,0,7
394817,MtofMisanthropy,,2,0,2,2,0,2,0,0,0,0,3
394821,AIESECFL,,2,0,2,2,0,2,0,0,0,0,3
394830,fakulteti,,2,0,2,2,0,2,0,0,0,0,1
394845,AIESECRomaTre,,2,0,2,2,0,2,0,0,0,0,3
394846,AIESECLima,,2,0,2,2,0,2,0,0,0,0,3
394853,AIESECTorino,,2,0,2,2,0,2,0,0,0,0,3
394866,AIESECHEC,,2,0,2,2,0,2,0,0,0,0,3
394872,beastieboys,,2,0,2,2,0,2,0,0,0,0,3
394875,AIESECinMVD,,2,0,2,2,0,2,0,0,0,0,3
394889,AIESECSimfer,,2,0,2,2,0,2,0,0,0,0,3
394948,NantesDigitalW,,2,0,2,2,0,2,0,0,0,0,1
394952,Stereoluxnantes,,2,0,2,2,0,2,0,0,0,0,1
394956,intuiti,,2,0,2,2,0,2,0,0,0,0,1
394964,LaCiteCongres,,2,0,2,2,0,2,0,0,0,0,1
394968,CantineNantes,,2,0,2,2,0,2,0,0,0,0,1
394971,web2day,,2,0,2,2,0,2,0,0,0,0,1
394977,HIPOPSESSION,,2,0,2,2,0,2,0,0,0,0,1
394982,adnouest,,2,0,2,2,0,2,0,0,0,0,1
394983,lalettreapi,,2,0,2,2,0,2,0,0,0,0,1
394986,Nanteshype,,2,0,2,2,0,2,0,0,0,0,1
394988,cco_nantes,,2,0,2,2,0,2,0,0,0,0,1
394990,lelieuunique,,2,0,2,2,0,2,0,0,0,0,1
394991,levoyageanantes,,2,0,2,2,0,2,0,0,0,0,1
394992,nantesfr,,2,0,2,2,0,2,0,0,0,0,1
394993,NantesMetropole,,2,0,2,2,0,2,0,0,0,0,1
394995,OuestFrance44,,2,0,2,2,0,2,0,0,0,0,1
394996,LeNidNantes,,2,0,2,2,0,2,0,0,0,0,1
395034,ErasmusPoland,,2,0,2,2,0,2,0,0,0,0,3
395064,EuProgress,,2,0,2,2,0,2,0,0,0,0,3
395066,LanguagesLover,,2,0,2,2,0,2,0,0,0,0,3
395070,hyperlingo,,2,0,2,2,0,2,0,0,0,0,3
395080,edoardo_bennato,,2,0,2,2,0,2,0,0,0,0,3
395082,I_LOVE_NY,,2,0,2,2,0,2,0,0,0,0,3
395086,teatrosancarlo,,2,0,2,2,0,2,0,0,0,0,3
395090,ionos_es,,2,0,2,2,0,2,0,0,0,0,0
395104,WhatsAppViralES,,2,0,2,2,0,2,0,0,0,0,1
395111,FieraIngenieria,,2,0,2,2,0,2,0,0,0,0,1
395113,MiHeroeSinCapa,,2,0,2,2,0,2,0,0,0,0,1
395117,iberinform,,2,0,2,2,0,2,0,0,0,0,1
395118,unviajeperfecto,,2,0,2,2,0,2,0,0,0,0,7
395119,Asozumos,,2,0,2,2,0,2,0,0,0,0,0
395121,SiteGround_ES,,2,0,2,2,0,2,0,0,0,0,1
395126,SevillaVuela,,2,0,2,2,0,2,0,0,0,0,1
395127,HospitalUVRocio,,2,0,2,2,0,2,0,0,0,0,5
395130,SEinmunologia,,2,0,2,2,0,2,0,0,0,0,5
395131,OrtizReed,,2,0,2,2,0,2,0,0,0,0,1
395136,TheNorthFaceEU,,2,0,2,2,0,2,0,0,0,0,1
395141,araceli_us_es,,2,0,2,2,0,2,0,0,0,0,0
395146,WeberStateU,,2,0,2,2,0,2,0,0,0,0,1
395160,ucbstudyabroad,,2,0,2,2,0,2,0,0,0,0,1
395162,abdibaktur,,2,0,2,2,0,2,0,0,0,0,8
395163,NadirOfc,,2,0,2,2,0,2,0,0,0,0,8
395169,UIC_SAO,,2,0,2,2,0,2,0,0,0,0,1
395188,UofNorthDakota,,2,0,2,2,0,2,0,0,0,0,1
395189,LynnUniversity,,2,0,2,2,0,2,0,0,0,0,4
395192,SteinStudy,,2,0,2,2,0,2,0,0,0,0,1
395194,projectsabroad,,2,0,2,2,0,2,0,0,0,0,1
395203,UnivMSGraduate,,2,0,2,2,0,2,0,0,0,0,1
395205,StudyAbroadVCU,,2,0,2,2,0,2,0,0,0,0,1
395218,UComunitae,,2,0,2,2,0,2,0,0,0,0,1
395226,ProtegeEmpresa,,2,0,2,2,0,2,0,0,0,0,1
395231,EspacioRobot,,2,0,2,2,0,2,0,0,0,0,1
395233,UnDestino_emm,,2,0,2,2,0,2,0,0,0,0,1
395244,studyabroadusm,,2,0,2,2,0,2,0,0,0,0,1
395245,keiabroad,,2,0,2,2,0,2,0,0,0,0,1
395247,EmoryGoAbroad,,2,0,2,2,0,2,0,0,0,0,1
395255,kekasanchez,,2,0,2,2,0,2,0,0,0,0,1
395256,NecesitasOnline,,2,0,2,2,0,2,0,0,0,0,1
395259,HdadCachorro,,2,0,2,2,0,2,0,0,0,0,1
395263,MerKabici,,2,0,2,2,0,2,0,0,0,0,1
395273,aledmura1989,,2,0,2,2,0,2,0,0,0,0,1
395281,WKUStudyAbroad,,2,0,2,2,0,2,0,0,0,0,2
395282,Sevitur,,2,0,2,2,0,2,0,0,0,0,0
395284,wetacaES,,2,0,2,2,0,2,0,0,0,0,1
395288,_SEOM,,2,0,2,2,0,2,0,0,0,0,5
395299,Estepanoticias,,2,0,2,2,0,2,0,0,0,0,5
395300,MateosEva,,2,0,2,2,0,2,0,0,0,0,1
395303,lourdesmoyasan,,2,0,2,2,0,2,0,0,0,0,1
395325,SCSUEdAbroad,,2,0,2,2,0,2,0,0,0,0,1
395326,IUPHawksAbroad,,2,0,2,2,0,2,0,0,0,0,1
395327,BGSUedabroad,,2,0,2,2,0,2,0,0,0,0,1
395328,GEOabroad,,2,0,2,2,0,2,0,0,0,0,1
395335,DoctoradoDerUs,,2,0,2,2,0,2,0,0,0,0,1
395338,UCI_StudyAbroad,,2,0,2,2,0,2,0,0,0,0,1
395344,industrialesand,,2,0,2,2,0,2,0,0,0,0,1
395347,aplicada2us,,2,0,2,2,0,2,0,0,0,0,1
395359,OleMissRebels,,2,0,2,2,0,2,0,0,0,0,1
395361,UCLAIEO,,2,0,2,2,0,2,0,0,0,0,1
395366,CiudadesAVE,,2,0,2,2,0,2,0,0,0,0,0
395368,CACOF_,,2,0,2,2,0,2,0,0,0,0,1
395369,AndaluciaClub,,2,0,2,2,0,2,0,0,0,0,1
395377,ASUStudyAbroad,,2,0,2,2,0,2,0,0,0,0,1
395378,uscstudyabroad,,2,0,2,2,0,2,0,0,0,0,1
395386,TexasTech,,2,0,2,2,0,2,0,0,0,0,2
395388,SpanishStudies,,2,0,2,2,0,2,0,0,0,0,1
395390,RU_F_Villalon,,2,0,2,2,0,2,0,0,0,0,1
395391,seville_hotel_,,2,0,2,2,0,2,0,0,0,0,1
395393,islamagica,,2,0,2,2,0,2,0,0,0,0,1
395397,mol_arte,,2,0,2,2,0,2,0,0,0,0,0
395402,BicicletasSVQ,,2,0,2,2,0,2,0,0,0,0,0
395404,centroml,,2,0,2,2,0,2,0,0,0,0,7
395411,BiologiaUS,,2,0,2,2,0,2,0,0,0,0,1
395412,BibecoSevilla,,2,0,2,2,0,2,0,0,0,0,0
395414,soltel_it,,2,0,2,2,0,2,0,0,0,0,1
395416,USVerde,,2,0,2,2,0,2,0,0,0,0,4
395421,sevillaclick,,2,0,2,2,0,2,0,0,0,0,1
395424,aquihaydragones,,2,0,2,2,0,2,0,0,0,0,0
395427,javier_ruescas,,2,0,2,2,0,2,0,0,0,0,2
395442,Ciclogreen,,2,0,2,2,0,2,0,0,0,0,0
395443,garrido_aura,,2,0,2,2,0,2,0,0,0,0,0
395444,ciclosfera,,2,0,2,2,0,2,0,0,0,0,0
395447,CeremIBS,,2,0,2,2,0,2,0,0,0,0,0
395448,SolSolSolillo,,2,0,2,2,0,2,0,0,0,0,0
395459,2benitezz,,2,0,2,2,0,2,0,0,0,0,6
395463,Kamikaze_Produc,,2,0,2,2,0,2,0,0,0,0,0
395466,AytoVLZ,,2,0,2,2,0,2,0,0,0,0,0
395467,findlahistoria,,2,0,2,2,0,2,0,0,0,0,0
395471,luorni,,2,0,2,2,0,2,0,0,0,0,0
395476,partido_pirata,,2,0,2,2,0,2,0,0,0,0,0
395483,Becaria_,,2,0,2,2,0,2,0,0,0,0,0
395486,PolloDeFresa,,2,0,2,2,0,2,0,0,0,0,0
395488,mariadelmarq,,2,0,2,2,0,2,0,0,0,0,0
395492,Raymanfx23,,2,0,2,2,0,2,0,0,0,0,0
395494,marinajimgal,,2,0,2,2,0,2,0,0,0,0,0
395499,DisfrutaCaminos,,2,0,2,2,0,2,0,0,0,0,0
395504,InformerCaminos,,2,0,2,2,0,2,0,0,0,0,0
395507,PabloRayaC,,3,0,3,3,0,3,0,0,0,0,0
395508,josemarf91,,2,0,2,2,0,2,0,0,0,0,6
395511,GitanasRomero,,2,0,2,2,0,2,0,0,0,0,5
395514,ESPcatolicos,,2,0,2,2,0,2,0,0,0,0,0
395515,Petetekin,,2,0,2,2,0,2,0,0,0,0,0
395516,Biblio_Caminos,,2,0,2,2,0,2,0,0,0,0,0
395517,maje_rp,,2,0,2,2,0,2,0,0,0,0,0
395528,CaminosUGR,,2,0,2,2,0,2,0,0,0,0,0
395533,Juanmaizq,,3,0,3,3,0,3,0,0,0,0,6
395534,simpulso,,2,0,2,2,0,2,0,0,0,0,2
395546,ayolemes,,2,0,2,2,0,2,0,0,0,0,0
395547,Proton_reshulon,,2,0,2,2,0,2,0,0,0,0,0
395548,miguelon_dm,,2,0,2,2,0,2,0,0,0,0,2
395551,IngCaminos,,2,0,2,2,0,2,0,0,0,0,0
395564,superbetico1,,2,0,2,2,0,2,0,0,0,0,0
395565,maria_escario,,2,0,2,2,0,2,0,0,0,0,0
395567,SergioZapata91,,2,0,2,2,0,2,0,0,0,0,0
395568,_Luthien_I,,2,0,2,2,0,2,0,0,0,0,0
395575,Cdelmou,,2,0,2,2,0,2,0,0,0,0,6
395584,notengotele,,2,0,2,2,0,2,0,0,0,0,5
395585,GabiBeteta,,2,0,2,2,0,2,0,0,0,0,6
395587,CrGiraldos,,2,0,2,2,0,2,0,0,0,0,6
395589,Cavinci,,2,0,2,2,0,2,0,0,0,0,0
395590,merino_antonio,,2,0,2,2,0,2,0,0,0,0,6
395592,eperezb91,,2,0,2,2,0,2,0,0,0,0,6
395593,Daza1L,,2,0,2,2,0,2,0,0,0,0,0
395613,SaniaNishtar,,2,0,2,2,0,2,0,0,0,0,2
396162,balkanideans,,2,0,2,2,0,2,0,0,0,0,2
396166,BESTNoviSad,,2,0,2,2,0,2,0,0,0,0,2
396180,Nopanaden,,2,0,2,2,0,2,0,0,0,0,5
396189,pilargmuniz,,2,0,2,2,0,2,0,0,0,0,6
396197,PrimerImpacto,,2,0,2,2,0,2,0,0,0,0,2
396198,AlRojoVivo,,2,0,2,2,0,2,0,0,0,0,2
396199,ReutersLatam,,2,0,2,2,0,2,0,0,0,0,2
396205,ZonaJobs,,2,0,2,2,0,2,0,0,0,0,0
396251,GarciaCasasF,,2,0,2,2,0,2,0,0,0,0,2
396255,consellocultura,,2,0,2,2,0,2,0,0,0,0,2
396267,diario_aupair,,2,0,2,2,0,2,0,0,0,0,4
396305,ideas,,2,0,2,2,0,2,0,0,0,0,7
396311,180Psicologia,,2,0,2,2,0,2,0,0,0,0,2
396317,EstulinDaniel,,2,0,2,2,0,2,0,0,0,0,2
396325,Traffic_Patria,,2,0,2,2,0,2,0,0,0,0,2
396327,mentelibre_es,,2,0,2,2,0,2,0,0,0,0,2
396328,Psyciencia,,2,0,2,2,0,2,0,0,0,0,4
396341,INAMEH,,2,0,2,2,0,2,0,0,0,0,2
396356,CienciaRTVE,,2,0,2,2,0,2,0,0,0,0,2
396369,ciudadaniactiva,,2,0,2,2,0,2,0,0,0,0,2
396372,OlympicCh_es,,2,0,2,2,0,2,0,0,0,0,5
396396,HotcoursesLatam,,2,0,2,2,0,2,0,0,0,0,2
396404,SybaritesGroup,,2,0,2,2,0,2,0,0,0,0,2
396419,campusvivo,,2,0,2,2,0,2,0,0,0,0,2
396426,ABC_Master,,2,0,2,2,0,2,0,0,0,0,2
396431,CarteleraCursos,,3,0,3,3,0,3,0,0,0,0,2
396444,rollyhoo,,2,0,2,2,0,2,0,0,0,0,6
396445,EducateTogether,,2,0,2,2,0,2,0,0,0,0,1
396465,ShailaDurcal,,2,0,2,2,0,2,0,0,0,0,6
396470,SoyJosephRobles,,2,0,2,2,0,2,0,0,0,0,2
396498,CvvdIran,,2,0,2,2,0,2,0,0,0,0,3
396508,UCVISTAS,,2,0,2,2,0,2,0,0,0,0,2
396522,AreadeVentas,,3,0,3,3,0,3,0,0,0,0,2
396523,8181,,2,0,2,2,0,2,0,0,0,0,2
396536,EconomiaLV,,2,0,2,2,0,2,0,0,0,0,6
396550,eresloquesabes,,2,0,2,2,0,2,0,0,0,0,2
396557,Enric_Hernandez,,2,0,2,2,0,2,0,0,0,0,2
396560,talentous_es,,2,0,2,2,0,2,0,0,0,0,0
396561,MichalBerg73,,2,0,2,2,0,2,0,0,0,0,2
396563,davilac,,2,0,2,2,0,2,0,0,0,0,0
396564,InnovadoraPyME,,2,0,2,2,0,2,0,0,0,0,0
396568,fontem,,2,0,2,2,0,2,0,0,0,0,2
396576,vanesuki,,2,0,2,2,0,2,0,0,0,0,2
396583,periodistas21,,2,0,2,2,0,2,0,0,0,0,0
396593,Manuelfsierra,,2,0,2,2,0,2,0,0,0,0,0
396601,dietaquemagrasa,,2,0,2,2,0,2,0,0,0,0,0
396604,divangessen,,2,0,2,2,0,2,0,0,0,0,2
396605,WDLorg,,2,0,2,2,0,2,0,0,0,0,2
396609,Naturopatia_LV,,2,0,2,2,0,2,0,0,0,0,0
396616,votabien,,2,0,2,2,0,2,0,0,0,0,4
396629,AlMinuto,,2,0,2,2,0,2,0,0,0,0,2
396636,crackberrista,,2,0,2,2,0,2,0,0,0,0,2
396637,portalesmedicos,,2,0,2,2,0,2,0,0,0,0,2
396666,DrLadilla,,2,0,2,2,0,2,0,0,0,0,2
396675,elimparciales,,2,0,2,2,0,2,0,0,0,0,0
396676,IdeasyAhorro,,2,0,2,2,0,2,0,0,0,0,4
396685,bumeran,,2,0,2,2,0,2,0,0,0,0,2
396695,JuncalRivero,,2,0,2,2,0,2,0,0,0,0,2
396696,laradibildos,,2,0,2,2,0,2,0,0,0,0,2
396712,LeaNoticias,,2,0,2,2,0,2,0,0,0,0,2
396717,Cuevana,,2,0,2,2,0,2,0,0,0,0,2
396738,madrilonia,,2,0,2,2,0,2,0,0,0,0,2
396757,JuliaRoberts,,2,0,2,2,0,2,0,0,0,0,2
396777,AprendeTexto,,2,0,2,2,0,2,0,0,0,0,2
396810,ticketsonico,,2,0,2,2,0,2,0,0,0,0,2
396829,Green_Peace_Ven,,2,0,2,2,0,2,0,0,0,0,2
396831,libreros,,2,0,2,2,0,2,0,0,0,0,2
396861,mabelgalaz,,2,0,2,2,0,2,0,0,0,0,6
396873,jfortis,,2,0,2,2,0,2,0,0,0,0,0
396875,Soniacfdez,,2,0,2,2,0,2,0,0,0,0,6
396876,cosplaydiana,,2,0,2,2,0,2,0,0,0,0,6
396878,maitenacaiman,,2,0,2,2,0,2,0,0,0,0,6
396880,ocio_y_bebida,,2,0,2,2,0,2,0,0,0,0,6
396881,viajahora,,2,0,2,2,0,2,0,0,0,0,6
396890,Maarii122,,2,0,2,2,0,2,0,0,0,0,6
396895,mugardos50,,2,0,2,2,0,2,0,0,0,0,6
396910,famartinc,,2,0,2,2,0,2,0,0,0,0,6
396913,ocioexcursiones,,2,0,2,2,0,2,0,0,0,0,4
396915,frajatasa,,2,0,2,2,0,2,0,0,0,0,0
396918,PatriciaVqR,,2,0,2,2,0,2,0,0,0,0,6
396921,Auroramolre,,2,0,2,2,0,2,0,0,0,0,6
396950,isa_archilla,,2,0,2,2,0,2,0,0,0,0,0
396957,LobsGreen,,2,0,2,2,0,2,0,0,0,0,6
396959,hostalyeti,,2,0,2,2,0,2,0,0,0,0,6
396963,flopezcarbonell,,2,0,2,2,0,2,0,0,0,0,6
396983,Somos_Andalucia,,2,0,2,2,0,2,0,0,0,0,6
396998,Dayf_6,,2,0,2,2,0,2,0,0,0,0,0
397061,Solosnow,,2,0,2,2,0,2,0,0,0,0,0
397111,ARfotocofrade,,2,0,2,2,0,2,0,0,0,0,6
397118,muher_,,2,0,2,2,0,2,0,0,0,0,6
397172,samuelacera,,2,0,2,2,0,2,0,0,0,0,6
397173,Bonnoirgranada,,2,0,2,2,0,2,0,0,0,0,0
397175,sergiobhn,,2,0,2,2,0,2,0,0,0,0,6
397177,superlaura37,,2,0,2,2,0,2,0,0,0,0,6
397181,Sue_GRX,,2,0,2,2,0,2,0,0,0,0,0
397189,Ines_atipez,,2,0,2,2,0,2,0,0,0,0,6
397202,oronella11,,2,0,2,2,0,2,0,0,0,0,6
397214,pueblospizarra,,2,0,2,2,0,2,0,0,0,0,0
397217,alexvoyagenco,,2,0,2,2,0,2,0,0,0,0,6
397231,JoseBravo09,,2,0,2,2,0,2,0,0,0,0,6
397233,MMarTurismo,,2,0,2,2,0,2,0,0,0,0,6
397244,casateengranada,,2,0,2,2,0,2,0,0,0,0,6
397247,entradascopera,,3,0,3,3,0,3,0,0,0,0,6
397249,LOCOSporREBAJAS,,2,0,2,2,0,2,0,0,0,0,6
397251,ABaqueiraberet,,2,0,2,2,0,2,0,0,0,0,6
397258,HuitCoquelicots,,2,0,2,2,0,2,0,0,0,0,6
397263,juananguirado,,2,0,2,2,0,2,0,0,0,0,0
397270,estudio2_14,,2,0,2,2,0,2,0,0,0,0,6
397274,Guaja7ely,,2,0,2,2,0,2,0,0,0,0,6
397282,marplan_pi,,3,0,3,3,0,3,0,0,0,0,0
397285,MerSanchez_TA,,2,0,2,2,0,2,0,0,0,0,6
397286,NocheGR,,3,0,3,3,0,3,0,0,0,0,6
397287,MonitorTecno,,3,0,3,3,0,3,0,0,0,0,6
397288,maryjisa,,2,0,2,2,0,2,0,0,0,0,6
397308,RaulMorenoSevi,,2,0,2,2,0,2,0,0,0,0,6
397309,HR_Almunia,,2,0,2,2,0,2,0,0,0,0,6
397319,Ignacionate,,2,0,2,2,0,2,0,0,0,0,0
397329,atalayadlsegura,,2,0,2,2,0,2,0,0,0,0,6
397332,bbinspain,,2,0,2,2,0,2,0,0,0,0,6
397337,BrainHAgency,,2,0,2,2,0,2,0,0,0,0,6
397341,ToursCharly,,2,0,2,2,0,2,0,0,0,0,0
397342,ruraltium,,2,0,2,2,0,2,0,0,0,0,6
397343,ruralenpie,,2,0,2,2,0,2,0,0,0,0,6
397349,RevistaHoteles,,2,0,2,2,0,2,0,0,0,0,6
397352,HerrJSoler,,2,0,2,2,0,2,0,0,0,0,6
397355,LeanCarlosgc,,2,0,2,2,0,2,0,0,0,0,6
397356,Lakokinostra,,2,0,2,2,0,2,0,0,0,0,6
397366,GrupoTheMondays,,2,0,2,2,0,2,0,0,0,0,6
397376,GothamCityPUB,,2,0,2,2,0,2,0,0,0,0,6
397384,GonzaloETC,,2,0,2,2,0,2,0,0,0,0,0
397392,lemaschere_gran,,2,0,2,2,0,2,0,0,0,0,6
397396,PrimerPlato_com,,2,0,2,2,0,2,0,0,0,0,0
397397,javier_munarriz,,2,0,2,2,0,2,0,0,0,0,6
397399,sergiarola68,,2,0,2,2,0,2,0,0,0,0,2
397403,CelinaCatering,,2,0,2,2,0,2,0,0,0,0,0
397410,camarin69,,2,0,2,2,0,2,0,0,0,0,6
397418,marinis_16,,2,0,2,2,0,2,0,0,0,0,6
397421,SaraFeralva,,2,0,2,2,0,2,0,0,0,0,0
397427,Marisalr85,,2,0,2,2,0,2,0,0,0,0,6
397434,claudio_4_3,,2,0,2,2,0,2,0,0,0,0,6
397435,fpulido88,,2,0,2,2,0,2,0,0,0,0,6
397436,gabisoleao,,2,0,2,2,0,2,0,0,0,0,6
397438,ManuHerreraNava,,2,0,2,2,0,2,0,0,0,0,6
397442,laubalboa,,2,0,2,2,0,2,0,0,0,0,6
397448,suraseda,,2,0,2,2,0,2,0,0,0,0,6
397453,marinaamarley,,2,0,2,2,0,2,0,0,0,0,6
397462,ana_lip,,2,0,2,2,0,2,0,0,0,0,6
397463,xolo91,,2,0,2,2,0,2,0,0,0,0,0
397473,esdentalsalud,,2,0,2,2,0,2,0,0,0,0,6
397476,aLeejandra1993,,2,0,2,2,0,2,0,0,0,0,6
397478,viquitalepe,,2,0,2,2,0,2,0,0,0,0,6
397484,Maolito90,,2,0,2,2,0,2,0,0,0,0,6
397486,Dani_Heras90,,2,0,2,2,0,2,0,0,0,0,6
397490,Layladiaz_,,2,0,2,2,0,2,0,0,0,0,6
397499,Nicko_AG,,2,0,2,2,0,2,0,0,0,0,6
397500,RyCStylist,,2,0,2,2,0,2,0,0,0,0,0
397510,juanmiSK99,,2,0,2,2,0,2,0,0,0,0,6
397512,Bluex_78,,2,0,2,2,0,2,0,0,0,0,6
397513,LorenaAbunRguez,,2,0,2,2,0,2,0,0,0,0,0
397514,ilovejunglecrew,,2,0,2,2,0,2,0,0,0,0,6
397518,anavinuelavoz,,2,0,2,2,0,2,0,0,0,0,6
397522,qlubox,,2,0,2,2,0,2,0,0,0,0,0
397523,fersor2,,2,0,2,2,0,2,0,0,0,0,6
397524,talleresCrisol,,3,0,3,3,0,3,0,0,0,0,6
397525,RestCalabajio,,2,0,2,2,0,2,0,0,0,0,6
397526,outletdelanieve,,2,0,2,2,0,2,0,0,0,0,0
397530,Maria_Bueno_G,,2,0,2,2,0,2,0,0,0,0,6
397531,viviteodoro09,,2,0,2,2,0,2,0,0,0,0,0
397533,Needl3,,2,0,2,2,0,2,0,0,0,0,6
397535,hilariomarchal,,2,0,2,2,0,2,0,0,0,0,0
397538,PilarNieto_,,2,0,2,2,0,2,0,0,0,0,0
397540,mariamlopezsanc,,2,0,2,2,0,2,0,0,0,0,6
397543,EsavaneLpez,,2,0,2,2,0,2,0,0,0,0,6
397544,efiteks,,2,0,2,2,0,2,0,0,0,0,6
397545,TejidosMalagon,,2,0,2,2,0,2,0,0,0,0,0
397557,Vistalaser,,2,0,2,2,0,2,0,0,0,0,6
397558,anangas2013,,2,0,2,2,0,2,0,0,0,0,0
397564,corpax,,2,0,2,2,0,2,0,0,0,0,0
397567,juanmacaro24,,2,0,2,2,0,2,0,0,0,0,6
397570,Tickiosko111,,2,0,2,2,0,2,0,0,0,0,6
397574,RguezRafael,,2,0,2,2,0,2,0,0,0,0,6
397576,LaTrastiendaA,,2,0,2,2,0,2,0,0,0,0,6
397578,FisioRosales,,3,0,3,3,0,3,0,0,0,0,0
397585,centromipc,,2,0,2,2,0,2,0,0,0,0,0
397588,PEdritoLC,,2,0,2,2,0,2,0,0,0,0,0
397589,Hotelesencanp28,,2,0,2,2,0,2,0,0,0,0,6
397590,toonitz,,2,0,2,2,0,2,0,0,0,0,1
397591,_MartaRibera_,,2,0,2,2,0,2,0,0,0,0,1
397592,Rperezsoler5,,2,0,2,2,0,2,0,0,0,0,1
397687,mibeti39,,2,0,2,2,0,2,0,0,0,0,0
397712,davidleiva75,,2,0,2,2,0,2,0,0,0,0,0
397715,SmartTravelers_,,3,0,3,3,0,3,0,0,0,0,0
397717,RubioPedropablo,,2,0,2,2,0,2,0,0,0,0,0
397729,arquiviajes,,2,0,2,2,0,2,0,0,0,0,0
397736,ValleCereza,,2,0,2,2,0,2,0,0,0,0,0
397739,JinseiSierraNev,,2,0,2,2,0,2,0,0,0,0,0
397747,vlformycoach,,2,0,2,2,0,2,0,0,0,0,0
397754,si_sisevende,,2,0,2,2,0,2,0,0,0,0,0
397791,NuevoCastril,,2,0,2,2,0,2,0,0,0,0,0
397800,LaCasadelYorky,,2,0,2,2,0,2,0,0,0,0,0
397801,bekelesabio,,2,0,2,2,0,2,0,0,0,0,0
397809,MAGO2010_2014,,2,0,2,2,0,2,0,0,0,0,0
397817,ecoagroturismov,,2,0,2,2,0,2,0,0,0,0,0
397820,GRAsesores,,2,0,2,2,0,2,0,0,0,0,6
397823,sindoGS,,2,0,2,2,0,2,0,0,0,0,0
397827,carloselviajero,,2,0,2,2,0,2,0,0,0,0,4
397830,siempre_andando,,2,0,2,2,0,2,0,0,0,0,6
397837,ATube_Esp,,2,0,2,2,0,2,0,0,0,0,0
397839,KeniaMagica,,2,0,2,2,0,2,0,0,0,0,0
397852,cfsierranevada,,2,0,2,2,0,2,0,0,0,0,6
397853,Churrianacf,,2,0,2,2,0,2,0,0,0,0,6
397855,viajarencrucero,,2,0,2,2,0,2,0,0,0,0,0
397857,revistacruceros,,2,0,2,2,0,2,0,0,0,0,0
397859,visitalapalma,,2,0,2,2,0,2,0,0,0,0,0
397862,VTierraRural,,2,0,2,2,0,2,0,0,0,0,0
397868,HotChocolate15k,,2,0,2,2,0,2,0,0,0,0,0
397872,decorhaus,,2,0,2,2,0,2,0,0,0,0,0
397877,LosViajesdeDomi,,2,0,2,2,0,2,0,0,0,0,0
397880,apartamentconil,,2,0,2,2,0,2,0,0,0,0,0
397884,turismosanxenxo,,2,0,2,2,0,2,0,0,0,0,0
397885,santiagoturismo,,2,0,2,2,0,2,0,0,0,0,4
397893,ruralyplaya,,2,0,2,2,0,2,0,0,0,0,0
397895,bazarmelopido,,2,0,2,2,0,2,0,0,0,0,0
397908,jfbohigues,,2,0,2,2,0,2,0,0,0,0,1
397916,Equivalenzatsa,,2,0,2,2,0,2,0,0,0,0,0
397918,VisitPamplona,,2,0,2,2,0,2,0,0,0,0,4
397920,turisme_gi,,2,0,2,2,0,2,0,0,0,0,0
397927,MuseuBdn,,2,0,2,2,0,2,0,0,0,0,2
397932,leytol,,2,0,2,2,0,2,0,0,0,0,6
397933,toledoturismo,,2,0,2,2,0,2,0,0,0,0,4
397935,VillasTermales,,2,0,2,2,0,2,0,0,0,0,0
397936,SpainArgentina,,2,0,2,2,0,2,0,0,0,0,0
397940,vinosybodega,,2,0,2,2,0,2,0,0,0,0,0
397944,VoyagePriveES,,2,0,2,2,0,2,0,0,0,0,0
397953,DubrovnikTB,,2,0,2,2,0,2,0,0,0,0,0
397963,MexicoesCultura,,2,0,2,2,0,2,0,0,0,0,0
397968,REPUBLICA_CHECA,,2,0,2,2,0,2,0,0,0,0,0
397969,LufthansaLatina,,2,0,2,2,0,2,0,0,0,0,0
397973,Seville_Tour,,2,0,2,2,0,2,0,0,0,0,1
397980,AvAmazoniaGRA,,2,0,2,2,0,2,0,0,0,0,0
397981,albatravelmad,,2,0,2,2,0,2,0,0,0,0,0
397990,jmnoyapuig,,2,0,2,2,0,2,0,0,0,0,0
397991,abogae,,2,0,2,2,0,2,0,0,0,0,0
397992,PSMostoles,,2,0,2,2,0,2,0,0,0,0,0
398009,el_secadero,,2,0,2,2,0,2,0,0,0,0,0
398012,RocioUPYD,,2,0,2,2,0,2,0,0,0,0,0
398015,EcotourismSpain,,2,0,2,2,0,2,0,0,0,0,0
398023,kokopelli_bcn,,2,0,2,2,0,2,0,0,0,0,0
398025,KequoComercio,,2,0,2,2,0,2,0,0,0,0,0
398030,comercialcami,,2,0,2,2,0,2,0,0,0,0,0
398054,RamosMancilla,,2,0,2,2,0,2,0,0,0,0,0
398055,Rastromaracena,,2,0,2,2,0,2,0,0,0,0,0
398060,MD_ESP,,2,0,2,2,0,2,0,0,0,0,6
398064,cocinatelocom,,2,0,2,2,0,2,0,0,0,0,0
398065,ideal_maracena,,2,0,2,2,0,2,0,0,0,0,0
398067,ValderasDavid,,2,0,2,2,0,2,0,0,0,0,0
398068,fran_fernandezz,,2,0,2,2,0,2,0,0,0,0,6
398073,dentalPlusMarac,,2,0,2,2,0,2,0,0,0,0,0
398079,UPyD_Churriana,,2,0,2,2,0,2,0,0,0,0,6
398080,IUChurriana,,2,0,2,2,0,2,0,0,0,0,6
398083,EnamoraMenorca,,2,0,2,2,0,2,0,0,0,0,0
398088,HostelTrotamund,,2,0,2,2,0,2,0,0,0,0,0
398094,christiandalos,,2,0,2,2,0,2,0,0,0,0,0
398107,EVENTOSMANIA10,,2,0,2,2,0,2,0,0,0,0,0
398114,AnaAngiolina,,2,0,2,2,0,2,0,0,0,0,0
398117,DiegoSmpd,,2,0,2,2,0,2,0,0,0,0,0
398120,Pequerecetas,,2,0,2,2,0,2,0,0,0,0,0
398125,MapfreAtarfe,,2,0,2,2,0,2,0,0,0,0,0
398126,ProtCivilAtarfe,,2,0,2,2,0,2,0,0,0,0,6
398127,AytodeCalicasas,,2,0,2,2,0,2,0,0,0,0,6
398143,ibiza5sentidos,,2,0,2,2,0,2,0,0,0,0,2
398144,trotamontesdegr,,2,0,2,2,0,2,0,0,0,0,0
398154,AndalusiaTT,,2,0,2,2,0,2,0,0,0,0,0
398155,InvocaStudios,,2,0,2,2,0,2,0,0,0,0,4
398159,Fashion_twblog,,2,0,2,2,0,2,0,0,0,0,0
398165,LaNeuronaEvents,,2,0,2,2,0,2,0,0,0,0,0
398172,NovaImagen,,2,0,2,2,0,2,0,0,0,0,0
398179,MesonEsperanza,,2,0,2,2,0,2,0,0,0,0,0
398183,ParanosotrosEs,,2,0,2,2,0,2,0,0,0,0,6
398184,elmundoxmontera,,2,0,2,2,0,2,0,0,0,0,4
398190,CiclismoAndaluz,,2,0,2,2,0,2,0,0,0,0,0
398191,nerine_nerine,,2,0,2,2,0,2,0,0,0,0,0
398192,tiendasagatha,,2,0,2,2,0,2,0,0,0,0,6
398215,OnDisenoCom,,2,0,2,2,0,2,0,0,0,0,0
398216,Artexpontaneo,,2,0,2,2,0,2,0,0,0,0,0
398219,tuestiloysalud,,2,0,2,2,0,2,0,0,0,0,6
398223,GloriaEcoach,,2,0,2,2,0,2,0,0,0,0,0
398224,WorkshopGranada,,2,0,2,2,0,2,0,0,0,0,0
398229,iPuntoLoja,,2,0,2,2,0,2,0,0,0,0,6
398238,GranadaCFBeas,,2,0,2,2,0,2,0,0,0,0,6
398241,Tomasnavarropsi,,2,0,2,2,0,2,0,0,0,0,6
398244,GOfit_es,,2,0,2,2,0,2,0,0,0,0,6
398245,MaracenaDigital,,2,0,2,2,0,2,0,0,0,0,0
398246,COLORPLUSMARACE,,2,0,2,2,0,2,0,0,0,0,2
398248,enriquemunoz3,,2,0,2,2,0,2,0,0,0,0,6
398253,sevillatour,,2,0,2,2,0,2,0,0,0,0,0
398254,amadeusESP,,2,0,2,2,0,2,0,0,0,0,0
398256,Travel_Ofertas,,2,0,2,2,0,2,0,0,0,0,0
398258,Bodamusic,,2,0,2,2,0,2,0,0,0,0,0
398261,BodasLovee,,2,0,2,2,0,2,0,0,0,0,0
398269,Avis_Spain,,2,0,2,2,0,2,0,0,0,0,1
398270,AcRutas,,2,0,2,2,0,2,0,0,0,0,4
398275,ElmundoBolsillo,,2,0,2,2,0,2,0,0,0,0,0
398281,turismoymundo1,,2,0,2,2,0,2,0,0,0,0,0
398282,ofertadecasasru,,2,0,2,2,0,2,0,0,0,0,4
398284,PAISEXTREMO,,2,0,2,2,0,2,0,0,0,0,0
398296,escapadadif,,2,0,2,2,0,2,0,0,0,0,0
398306,Magnoling_,,2,0,2,2,0,2,0,0,0,0,5
398307,MTurismoDigital,,2,0,2,2,0,2,0,0,0,0,0
398308,solengas,,2,0,2,2,0,2,0,0,0,0,0
398311,CKRC_KARTING,,2,0,2,2,0,2,0,0,0,0,4
398319,evagarcia79,,2,0,2,2,0,2,0,0,0,0,6
398320,Intersantafealb,,2,0,2,2,0,2,0,0,0,0,0
398326,MConstancia_Mar,,2,0,2,2,0,2,0,0,0,0,6
398329,taxipizzacomida,,2,0,2,2,0,2,0,0,0,0,0
398331,fierecillasalbo,,2,0,2,2,0,2,0,0,0,0,0
398334,NovacarAuto,,2,0,2,2,0,2,0,0,0,0,0
398335,vegadegranada,,2,0,2,2,0,2,0,0,0,0,0
398346,MueblesStelar,,2,0,2,2,0,2,0,0,0,0,0
398347,DavidContreras4,,2,0,2,2,0,2,0,0,0,0,6
398351,XEMARii,,2,0,2,2,0,2,0,0,0,0,0
398361,mamaluisagrana,,3,0,3,3,0,3,0,0,0,0,6
398364,oscar_rodridiaz,,2,0,2,2,0,2,0,0,0,0,0
398366,Elbahoteles,,2,0,2,2,0,2,0,0,0,0,0
398367,copysegra,,2,0,2,2,0,2,0,0,0,0,6
398368,areabinaria,,3,0,3,3,0,3,0,0,0,0,0
398369,publielviragr,,2,0,2,2,0,2,0,0,0,0,0
398373,Hotelopia_es,,2,0,2,2,0,2,0,0,0,0,0
398374,VerticeHoteles,,2,0,2,2,0,2,0,0,0,0,0
398376,PaisajeHistoria,,2,0,2,2,0,2,0,0,0,0,0
398378,PacoSaavedra,,2,0,2,2,0,2,0,0,0,0,6
398380,acaip_albolote,,2,0,2,2,0,2,0,0,0,0,6
398382,meme_GCF,,2,0,2,2,0,2,0,0,0,0,6
398384,UrbanTapasGR,,2,0,2,2,0,2,0,0,0,0,0
398386,seo_maps,,2,0,2,2,0,2,0,0,0,0,4
398393,IUmaracena,,2,0,2,2,0,2,0,0,0,0,0
398394,Elagua7,,2,0,2,2,0,2,0,0,0,0,0
398395,GASTROLOCURA,,2,0,2,2,0,2,0,0,0,0,0
398397,pedrolo77,,2,0,2,2,0,2,0,0,0,0,0
398401,pasionarialibre,,2,0,2,2,0,2,0,0,0,0,6
398402,PAtarfe,,2,0,2,2,0,2,0,0,0,0,2
398403,safaatarfe,,2,0,2,2,0,2,0,0,0,0,6
398404,Atarfe_cf,,2,0,2,2,0,2,0,0,0,0,6
398415,jzafra91,,2,0,2,2,0,2,0,0,0,0,0
398428,Viajopolis,,2,0,2,2,0,2,0,0,0,0,6
398429,liderenturismo,,2,0,2,2,0,2,0,0,0,0,6
398444,lydsierra,,2,0,2,2,0,2,0,0,0,0,0
398449,RocioRal,,2,0,2,2,0,2,0,0,0,0,6
398453,angeldelacruz46,,2,0,2,2,0,2,0,0,0,0,6
398454,Carmelasc92,,2,0,2,2,0,2,0,0,0,0,6
398455,smadail,,2,0,2,2,0,2,0,0,0,0,6
398456,sabericoaaa,,2,0,2,2,0,2,0,0,0,0,6
398458,bilalsuri,,2,0,2,2,0,2,0,0,0,0,6
398459,EstebanEntrena,,2,0,2,2,0,2,0,0,0,0,6
398460,ena_303,,2,0,2,2,0,2,0,0,0,0,6
398465,StrGuerrero,,2,0,2,2,0,2,0,0,0,0,6
398482,igpediaGR,,2,0,2,2,0,2,0,0,0,0,6
398486,PalomAguaChica,,2,0,2,2,0,2,0,0,0,0,6
398496,academiaElAgora,,2,0,2,2,0,2,0,0,0,0,0
398497,CFCaseriaParque,,2,0,2,2,0,2,0,0,0,0,6
398509,belenxu_94,,2,0,2,2,0,2,0,0,0,0,7
398514,LidiAfull11,,2,0,2,2,0,2,0,0,0,0,6
398523,LauraFe91,,2,0,2,2,0,2,0,0,0,0,6
398529,anajeny5411,,2,0,2,2,0,2,0,0,0,0,0
398543,inkzombie,,2,0,2,2,0,2,0,0,0,0,6
398545,Luis19_25,,2,0,2,2,0,2,0,0,0,0,0
398547,Monoyonky,,2,0,2,2,0,2,0,0,0,0,6
398551,duendedefuego,,2,0,2,2,0,2,0,0,0,0,0
398552,Lobillin,,3,0,3,3,0,3,0,0,0,0,6
398563,alquilopisoGran,,2,0,2,2,0,2,0,0,0,0,2
398569,xinxetushka,,2,0,2,2,0,2,0,0,0,0,6
398571,CPXN,,2,0,2,2,0,2,0,0,0,0,6
398572,ocioparques,,2,0,2,2,0,2,0,0,0,0,6
398575,Mpazemepe,,2,0,2,2,0,2,0,0,0,0,6
398576,inter_nergy,,2,0,2,2,0,2,0,0,0,0,6
398585,noelianux,,2,0,2,2,0,2,0,0,0,0,6
398593,LIBERIApub,,2,0,2,2,0,2,0,0,0,0,6
398601,alianzasrebelde,,2,0,2,2,0,2,0,0,0,0,6
398609,Kirvaja,,2,0,2,2,0,2,0,0,0,0,0
398612,OriflameVips,,2,0,2,2,0,2,0,0,0,0,6
398614,PacienciaSaliva,,2,0,2,2,0,2,0,0,0,0,6
398616,DanielPuenteFdz,,2,0,2,2,0,2,0,0,0,0,6
398634,cristina110211,,2,0,2,2,0,2,0,0,0,0,6
398641,nuriagarciaf,,2,0,2,2,0,2,0,0,0,0,6
398644,rubncp,,2,0,2,2,0,2,0,0,0,0,6
398660,raqueltrucharte,,2,0,2,2,0,2,0,0,0,0,6
398663,LuciaGonzalez55,,2,0,2,2,0,2,0,0,0,0,6
398665,orcemari,,2,0,2,2,0,2,0,0,0,0,6
398666,CristiiMiranda,,2,0,2,2,0,2,0,0,0,0,6
398668,valera_merces,,2,0,2,2,0,2,0,0,0,0,6
398669,anaorce,,2,0,2,2,0,2,0,0,0,0,6
398670,PacoOrce,,2,0,2,2,0,2,0,0,0,0,6
398672,ElenitaOrce,,2,0,2,2,0,2,0,0,0,0,6
398674,m_a_carricondo,,2,0,2,2,0,2,0,0,0,0,6
398682,saray_rios,,2,0,2,2,0,2,0,0,0,0,6
398690,mcargv,,2,0,2,2,0,2,0,0,0,0,6
398691,PatriZarzas,,2,0,2,2,0,2,0,0,0,0,6
398692,EmilioGoyanes,,2,0,2,2,0,2,0,0,0,0,0
398693,AdriGrana,,2,0,2,2,0,2,0,0,0,0,5
398694,rociomadrid8,,2,0,2,2,0,2,0,0,0,0,6
398699,Barruxi,,2,0,2,2,0,2,0,0,0,0,6
398702,MonicaCervera33,,2,0,2,2,0,2,0,0,0,0,6
398708,wiskonssin,,2,0,2,2,0,2,0,0,0,0,6
398718,Pohoca,,2,0,2,2,0,2,0,0,0,0,6
398725,danitocon10,,2,0,2,2,0,2,0,0,0,0,6
398727,SRomera4,,2,0,2,2,0,2,0,0,0,0,6
398734,juarmi47,,2,0,2,2,0,2,0,0,0,0,6
398737,Pedriyomaclein,,2,0,2,2,0,2,0,0,0,0,6
398738,rociomrtnztqr,,2,0,2,2,0,2,0,0,0,0,6
398739,anaispunto,,2,0,2,2,0,2,0,0,0,0,6
398740,Mariasante,,2,0,2,2,0,2,0,0,0,0,6
398741,chapicarmencita,,2,0,2,2,0,2,0,0,0,0,6
398743,maika_RT,,2,0,2,2,0,2,0,0,0,0,6
398745,sandra_gt89,,2,0,2,2,0,2,0,0,0,0,2
398754,AnitaMv89,,2,0,2,2,0,2,0,0,0,0,6
398755,lidiaxposito,,2,0,2,2,0,2,0,0,0,0,6
398756,Rouss_88,,2,0,2,2,0,2,0,0,0,0,6
398759,alvaro_mlpl,,2,0,2,2,0,2,0,0,0,0,6
398770,CristiinaAlbero,,2,0,2,2,0,2,0,0,0,0,6
398778,alexmaroto94,,2,0,2,2,0,2,0,0,0,0,6
398779,AlmaGallego,,2,0,2,2,0,2,0,0,0,0,6
398800,patriag,,2,0,2,2,0,2,0,0,0,0,6
398804,SoniaCordon12,,2,0,2,2,0,2,0,0,0,0,6
398819,Fran_Bellini2,,2,0,2,2,0,2,0,0,0,0,6
398820,almu_vb,,2,0,2,2,0,2,0,0,0,0,0
398821,iree92,,2,0,2,2,0,2,0,0,0,0,6
398824,Giftday,,2,0,2,2,0,2,0,0,0,0,0
398827,GiselaGonzaleez,,2,0,2,2,0,2,0,0,0,0,6
398828,antoniolaraarco,,2,0,2,2,0,2,0,0,0,0,6
398833,leles145,,2,0,2,2,0,2,0,0,0,0,6
398838,TereRuPi,,2,0,2,2,0,2,0,0,0,0,6
398839,LemonParadeBand,,2,0,2,2,0,2,0,0,0,0,6
398846,Geo_HaPPy,,2,0,2,2,0,2,0,0,0,0,5
398850,Tortuguita0,,2,0,2,2,0,2,0,0,0,0,6
398851,maria19_rc,,2,0,2,2,0,2,0,0,0,0,6
398852,Conchita_LF,,2,0,2,2,0,2,0,0,0,0,6
398854,JuliaSamadhi,,2,0,2,2,0,2,0,0,0,0,6
398860,gonzalo_cruzado,,2,0,2,2,0,2,0,0,0,0,6
398861,b_luque,,2,0,2,2,0,2,0,0,0,0,0
398865,Manu9071,,2,0,2,2,0,2,0,0,0,0,6
398867,palomavargas841,,2,0,2,2,0,2,0,0,0,0,6
398869,RosaOP,,2,0,2,2,0,2,0,0,0,0,0
398876,LuisMix_52,,2,0,2,2,0,2,0,0,0,0,6
398884,Calle_elvira,,2,0,2,2,0,2,0,0,0,0,0
398889,erika_ct87,,2,0,2,2,0,2,0,0,0,0,6
398892,JoseMiguelRod14,,2,0,2,2,0,2,0,0,0,0,6
398893,lolomartiromero,,2,0,2,2,0,2,0,0,0,0,6
398894,MariaGmu,,2,0,2,2,0,2,0,0,0,0,6
398896,vicegranada,,2,0,2,2,0,2,0,0,0,0,6
398904,CampMusicGranad,,2,0,2,2,0,2,0,0,0,0,0
398910,MAVillacreces,,2,0,2,2,0,2,0,0,0,0,6
398912,BBorrajo,,2,0,2,2,0,2,0,0,0,0,6
398919,gamaesther15,,2,0,2,2,0,2,0,0,0,0,6
398929,participoenred,,2,0,2,2,0,2,0,0,0,0,6
398935,Olgagva,,2,0,2,2,0,2,0,0,0,0,0
398936,MariaLozano2,,2,0,2,2,0,2,0,0,0,0,6
398938,Elisa_PL,,2,0,2,2,0,2,0,0,0,0,0
398942,MassanaAlba,,2,0,2,2,0,2,0,0,0,0,6
398946,MaritaOrtegaGrc,,2,0,2,2,0,2,0,0,0,0,6
398950,AnnaMFdez,,2,0,2,2,0,2,0,0,0,0,6
398953,vickyf80,,2,0,2,2,0,2,0,0,0,0,0
398956,Joshito_dreamer,,2,0,2,2,0,2,0,0,0,0,0
398958,LuzCospedal,,2,0,2,2,0,2,0,0,0,0,6
398959,granadaesquia,,2,0,2,2,0,2,0,0,0,0,0
398964,javiberia,,2,0,2,2,0,2,0,0,0,0,6
398966,marialucia2390,,2,0,2,2,0,2,0,0,0,0,0
398968,EnfysAsociacion,,2,0,2,2,0,2,0,0,0,0,6
398971,ateylu,,2,0,2,2,0,2,0,0,0,0,6
398972,luismanuel_fm,,2,0,2,2,0,2,0,0,0,0,6
398973,carlitosillora,,2,0,2,2,0,2,0,0,0,0,6
398979,Agonzgonz,,2,0,2,2,0,2,0,0,0,0,6
398986,Fenix516,,2,0,2,2,0,2,0,0,0,0,0
398987,nieveschillon,,2,0,2,2,0,2,0,0,0,0,6
398988,aaoss_ong,,2,0,2,2,0,2,0,0,0,0,0
398989,20mpromociones,,2,0,2,2,0,2,0,0,0,0,5
398992,Loja_Juventud,,2,0,2,2,0,2,0,0,0,0,6
398996,andalucia_crea,,2,0,2,2,0,2,0,0,0,0,6
398998,con_dos_trenzas,,2,0,2,2,0,2,0,0,0,0,6
399003,Auxiliadora_87,,2,0,2,2,0,2,0,0,0,0,0
399005,Mingui_,,2,0,2,2,0,2,0,0,0,0,6
399008,AnaMendez_22,,2,0,2,2,0,2,0,0,0,0,6
399010,LaComparacion,,2,0,2,2,0,2,0,0,0,0,5
399012,ManuelSolis98,,2,0,2,2,0,2,0,0,0,0,6
399020,buscalaclave,,2,0,2,2,0,2,0,0,0,0,0
399021,iuventustv,,2,0,2,2,0,2,0,0,0,0,6
399026,LauraMontesGar2,,2,0,2,2,0,2,0,0,0,0,6
399027,LpezMesa,,2,0,2,2,0,2,0,0,0,0,6
399028,Dominrl,,2,0,2,2,0,2,0,0,0,0,0
399034,isa031196,,2,0,2,2,0,2,0,0,0,0,6
399041,Dgarciia13,,2,0,2,2,0,2,0,0,0,0,6
399042,MariCarmenMont6,,2,0,2,2,0,2,0,0,0,0,6
399054,RocioGuardia1,,2,0,2,2,0,2,0,0,0,0,6
399065,Inmiyagm,,2,0,2,2,0,2,0,0,0,0,6
399072,Lidiadelgadorui,,2,0,2,2,0,2,0,0,0,0,6
399096,DeliaRM94,,2,0,2,2,0,2,0,0,0,0,6
399100,beatriizvelez,,2,0,2,2,0,2,0,0,0,0,5
399109,23MSanchez,,2,0,2,2,0,2,0,0,0,0,6
399122,juandejuandes,,2,0,2,2,0,2,0,0,0,0,0
399124,MataValverde,,2,0,2,2,0,2,0,0,0,0,0
399133,juanpejf,,2,0,2,2,0,2,0,0,0,0,6
399135,albambs,,2,0,2,2,0,2,0,0,0,0,6
399141,anamacias16,,2,0,2,2,0,2,0,0,0,0,6
399149,CriisTururu,,2,0,2,2,0,2,0,0,0,0,6
399163,mariiaaa5,,2,0,2,2,0,2,0,0,0,0,6
399169,sercsct,,2,0,2,2,0,2,0,0,0,0,6
399171,BorjaMF8,,2,0,2,2,0,2,0,0,0,0,6
399187,BarLaCofradiera,,2,0,2,2,0,2,0,0,0,0,6
399188,AndreaM0rales,,2,0,2,2,0,2,0,0,0,0,6
399190,zaidin54,,2,0,2,2,0,2,0,0,0,0,0
399197,javiplay,,2,0,2,2,0,2,0,0,0,0,6
399198,China_Asekas,,2,0,2,2,0,2,0,0,0,0,6
399205,rakel2205,,2,0,2,2,0,2,0,0,0,0,0
399213,Tata_de_todos,,2,0,2,2,0,2,0,0,0,0,6
399220,Mary_Read47,,2,0,2,2,0,2,0,0,0,0,6
399225,jennygranada,,2,0,2,2,0,2,0,0,0,0,0
399234,LuuciaRamos7,,2,0,2,2,0,2,0,0,0,0,6
399243,Bombaluaj,,2,0,2,2,0,2,0,0,0,0,6
399247,mirii1993,,2,0,2,2,0,2,0,0,0,0,6
399248,MaycaPrez,,2,0,2,2,0,2,0,0,0,0,6
399253,cdsefortia,,2,0,2,2,0,2,0,0,0,0,6
399254,Laurishia,,3,0,3,3,0,3,0,0,0,0,6
399257,inclusivaugr,,2,0,2,2,0,2,0,0,0,0,0
399259,Lady_Ana90,,2,0,2,2,0,2,0,0,0,0,6
399265,AsoPolaris,,2,0,2,2,0,2,0,0,0,0,6
399266,miralavidaapf,,2,0,2,2,0,2,0,0,0,0,6
399267,artesaniaoficio,,2,0,2,2,0,2,0,0,0,0,6
399268,NoSaleEnLibros,,2,0,2,2,0,2,0,0,0,0,6
399269,mariina611,,2,0,2,2,0,2,0,0,0,0,0
399271,_Marajoven_,,2,0,2,2,0,2,0,0,0,0,0
399278,Athalawa,,2,0,2,2,0,2,0,0,0,0,6
399282,RedTDT,,2,0,2,2,0,2,0,0,0,0,6
399286,noticiasgranada,,2,0,2,2,0,2,0,0,0,0,6
399287,MariaGranada95,,3,0,3,3,0,3,0,0,0,0,0
399288,Arroyoje,,2,0,2,2,0,2,0,0,0,0,0
399293,elvira_atym,,2,0,2,2,0,2,0,0,0,0,6
399297,Pinneapplebe,,2,0,2,2,0,2,0,0,0,0,6
399313,consejeriaedumx,,2,0,2,2,0,2,0,0,0,0,1
399315,PhilippBrugner,,2,0,2,2,0,2,0,0,0,0,1
399319,unsereOEBB,,2,0,2,2,0,2,0,0,0,0,1
399336,JohannesKvam,,2,0,2,2,0,2,0,0,0,0,1
399337,theaelix,,2,0,2,2,0,2,0,0,0,0,1
399338,bethancoady,,2,0,2,2,0,2,0,0,0,0,1
399341,horn,,2,0,2,2,0,2,0,0,0,0,1
399343,Katharina_Er,,2,0,2,2,0,2,0,0,0,0,1
399344,Koelncampus,,2,0,2,2,0,2,0,0,0,0,1
399345,KoelnischeR,,2,0,2,2,0,2,0,0,0,0,1
399346,11spielmacher,,2,0,2,2,0,2,0,0,0,0,1
399347,ksta_koeln,,2,0,2,2,0,2,0,0,0,0,1
399348,AStAUzK,,2,0,2,2,0,2,0,0,0,0,1
399349,koeln_de,,2,0,2,2,0,2,0,0,0,0,1
399350,VisitKoeln,,2,0,2,2,0,2,0,0,0,0,1
399351,IA_at_THKoeln,,2,0,2,2,0,2,0,0,0,0,1
399352,Erzbistum_Koeln,,2,0,2,2,0,2,0,0,0,0,1
399353,PIMandCEMSClub,,2,0,2,2,0,2,0,0,0,0,1
399354,b_evren101,,2,0,2,2,0,2,0,0,0,0,1
399355,RFHKoeln,,2,0,2,2,0,2,0,0,0,0,1
399358,er25mus,,2,0,2,2,0,2,0,0,0,0,1
399369,XochitlGalvez,,2,0,2,2,0,2,0,0,0,0,2
399376,SismologicoMX,,2,0,2,2,0,2,0,0,0,0,2
399384,INEMexico,,2,0,2,2,0,2,0,0,0,0,2
399385,JavierSolorzano,,2,0,2,2,0,2,0,0,0,0,2
399391,SportsWorldMex,,2,0,2,2,0,2,0,0,0,0,2
399402,soyjuangabriel,,2,0,2,2,0,2,0,0,0,0,2
399407,bamboocycles,,2,0,2,2,0,2,0,0,0,0,2
399440,SGIRPC_CDMX,,2,0,2,2,0,2,0,0,0,0,2
399451,Polyforum,,2,0,2,2,0,2,0,0,0,0,2
399460,mexico,,2,0,2,2,0,2,0,0,0,0,2
399502,EmpleosMeta,,2,0,2,2,0,2,0,0,0,0,0
399570,Conacyt_MX,,2,0,2,2,0,2,0,0,0,0,2
399571,Toda_la_UNAM,,2,0,2,2,0,2,0,0,0,0,2
399577,supercivicosmx,,2,0,2,2,0,2,0,0,0,0,2
399582,igorfreitas_rnt,,2,0,2,2,0,2,0,0,0,0,3
399583,ElettraLambo,,2,0,2,2,0,2,0,0,0,0,2
399584,EstebanGandiaSh,,2,0,2,2,0,2,0,0,0,0,2
399587,webcamsdemexico,,2,0,2,2,0,2,0,0,0,0,2
399592,macpuente,,2,0,2,2,0,2,0,0,0,0,2
399651,MuseoCiudadMX,,2,0,2,2,0,2,0,0,0,0,4
399658,J_AdoreParis,,2,0,2,2,0,2,0,0,0,0,2
399661,Roomnette,,2,0,2,2,0,2,0,0,0,0,2
399667,Volkswagen_MX,,2,0,2,2,0,2,0,0,0,0,2
399669,angelbc,,2,0,2,2,0,2,0,0,0,0,2
399675,bunkerarq,,2,0,2,2,0,2,0,0,0,0,2
399676,Arquidecture,,2,0,2,2,0,2,0,0,0,0,2
399678,metros_cubicos,,2,0,2,2,0,2,0,0,0,0,0
399679,mna_inah,,2,0,2,2,0,2,0,0,0,0,2
399681,FundacionJumex,,2,0,2,2,0,2,0,0,0,0,2
399689,RicardoBSalinas,,3,0,3,3,0,3,0,0,0,0,2
399691,Papas_Sabritas,,2,0,2,2,0,2,0,0,0,0,2
399697,nesomexico,,2,0,2,2,0,2,0,0,0,0,2
399708,mxbritish,,2,0,2,2,0,2,0,0,0,0,2
399709,MastercardMex,,2,0,2,2,0,2,0,0,0,0,2
399713,UKinMexico,,2,0,2,2,0,2,0,0,0,0,2
399715,DAADMexico,,2,0,2,2,0,2,0,0,0,0,2
399716,AlemaniaMexi,,2,0,2,2,0,2,0,0,0,0,2
399724,DivertidoMx,,2,0,2,2,0,2,0,0,0,0,2
399745,AlAire_Libre,,2,0,2,2,0,2,0,0,0,0,2
399746,PorElMundo_,,2,0,2,2,0,2,0,0,0,0,2
399760,vitra,,2,0,2,2,0,2,0,0,0,0,6
399778,CirculaMx,,2,0,2,2,0,2,0,0,0,0,2
399779,Arquitectos_MX,,2,0,2,2,0,2,0,0,0,0,2
399781,ciudad_viva,,2,0,2,2,0,2,0,0,0,0,4
399782,arquitectonico,,2,0,2,2,0,2,0,0,0,0,2
399789,Telcel,,2,0,2,2,0,2,0,0,0,0,2
399790,Profeco,,2,0,2,2,0,2,0,0,0,0,2
399791,infinitum,,2,0,2,2,0,2,0,0,0,0,2
399792,Telmex,,2,0,2,2,0,2,0,0,0,0,2
399793,ARQUIMEXICO,,2,0,2,2,0,2,0,0,0,0,0
399805,martinolimx,,2,0,2,2,0,2,0,0,0,0,2
399841,adanjodorowsky,,2,0,2,2,0,2,0,0,0,0,2
399859,chollorelampago,,2,0,2,2,0,2,0,0,0,0,6
399861,ParkandRollMX,,2,0,2,2,0,2,0,0,0,0,2
399881,TextosConAmor,,2,0,2,2,0,2,0,0,0,0,4
399884,CarlaMorrisonmx,,2,0,2,2,0,2,0,0,0,0,2
399885,TheCoffeeBean,,2,0,2,2,0,2,0,0,0,0,2
399895,JesusPP04,,2,0,2,2,0,2,0,0,0,0,6
399896,elenafersi3,,2,0,2,2,0,2,0,0,0,0,6
399905,Marianomartin93,,2,0,2,2,0,2,0,0,0,0,6
399908,juanluis1011,,2,0,2,2,0,2,0,0,0,0,6
399911,marta_amor93,,2,0,2,2,0,2,0,0,0,0,6
399914,EidrianGM,,2,0,2,2,0,2,0,0,0,0,6
399919,evolynuc,,2,0,2,2,0,2,0,0,0,0,6
399920,GeoUGR,,2,0,2,2,0,2,0,0,0,0,6
399921,BLA_UGR,,2,0,2,2,0,2,0,0,0,0,6
399923,RedSocialUGR,,2,0,2,2,0,2,0,0,0,0,6
399924,PlayUGR,,2,0,2,2,0,2,0,0,0,0,6
399925,UgrLove,,2,0,2,2,0,2,0,0,0,0,6
399928,Rocioef13,,2,0,2,2,0,2,0,0,0,0,6
399931,BelenAyllon,,2,0,2,2,0,2,0,0,0,0,6
399932,Jose_qesada,,2,0,2,2,0,2,0,0,0,0,6
399938,JosePabloCaro,,2,0,2,2,0,2,0,0,0,0,6
399939,LauraBobis,,2,0,2,2,0,2,0,0,0,0,6
399947,novarz,,2,0,2,2,0,2,0,0,0,0,0
399948,alvaro4x4,,2,0,2,2,0,2,0,0,0,0,2
399950,CmgrsRock,,2,0,2,2,0,2,0,0,0,0,1
399951,xenty10,,2,0,2,2,0,2,0,0,0,0,1
399952,JulieMoulinet,,2,0,2,2,0,2,0,0,0,0,0
399953,bdlpozo,,2,0,2,2,0,2,0,0,0,0,1
399956,Calislinda,,2,0,2,2,0,2,0,0,0,0,1
399957,Dalai3194,,2,0,2,2,0,2,0,0,0,0,0
399958,vamonospalsur,,2,0,2,2,0,2,0,0,0,0,0
399960,MCorreiaMKT,,2,0,2,2,0,2,0,0,0,0,0
399964,team9spokes,,2,0,2,2,0,2,0,0,0,0,7
400002,algoparaponerxd,,2,0,2,2,0,2,0,0,0,0,7
400020,JohnnyCandela,,2,0,2,2,0,2,0,0,0,0,7
400064,L_Actu_du_web,,2,0,2,2,0,2,0,0,0,0,7
400080,mattiafarina00,,2,0,2,2,0,2,0,0,0,0,7
400082,wakeycollege,,2,0,2,2,0,2,0,0,0,0,7
400094,AHerranzLlacer,,2,0,2,2,0,2,0,0,0,0,7
400095,MentoriaVip,,2,0,2,2,0,2,0,0,0,0,0
400099,StayAwakeBdx,,2,0,2,2,0,2,0,0,0,0,7
400103,btcbearish,,2,0,2,2,0,2,0,0,0,0,3
400113,AgenceMCM,,2,0,2,2,0,2,0,0,0,0,3
400141,OxUniStudents,,2,0,2,2,0,2,0,0,0,0,2
400149,Guild_Groups,,2,0,2,2,0,2,0,0,0,0,7
400152,ukrantgroningen,,2,0,2,2,0,2,0,0,0,0,7
400158,Mention,,2,0,2,2,0,2,0,0,0,0,7
400159,Jpullz0,,2,0,2,2,0,2,0,0,0,0,7
400163,U_Explorers,,2,0,2,2,0,2,0,0,0,0,7
400168,LovedBarcelona,,2,0,2,2,0,2,0,0,0,0,7
400182,RoomlalaFR,,2,0,2,2,0,2,0,0,0,0,7
400185,madridmemata,,2,0,2,2,0,2,0,0,0,0,2
400186,Erasmusinmadrid,,2,0,2,2,0,2,0,0,0,0,2
400193,LucaLcn,,2,0,2,2,0,2,0,0,0,0,7
400198,ErasmusBarna,,2,0,2,2,0,2,0,0,0,0,7
400253,qproquo,,2,0,2,2,0,2,0,0,0,0,7
400270,BonCarriers,,2,0,2,2,0,2,0,0,0,0,7
400292,Seve_Segital,,2,0,2,2,0,2,0,0,0,0,7
400312,WILLIAMENLINEA,,2,0,2,2,0,2,0,0,0,0,7
400313,ParmaDaily,,2,0,2,2,0,2,0,0,0,0,7
400328,supmeca,,2,0,2,2,0,2,0,0,0,0,7
400329,ISTEC_Paris,,2,0,2,2,0,2,0,0,0,0,7
400331,IESEG,,2,0,2,2,0,2,0,0,0,0,7
400332,ISG,,2,0,2,2,0,2,0,0,0,0,7
400333,INSAToulouse,,2,0,2,2,0,2,0,0,0,0,7
400335,Supelec,,2,0,2,2,0,2,0,0,0,0,7
400337,inseec_bs,,2,0,2,2,0,2,0,0,0,0,7
400341,AnsitaT,,2,0,2,2,0,2,0,0,0,0,7
400345,crisvigal,,2,0,2,2,0,2,0,0,0,0,7
400353,tarantosytangos,,2,0,2,2,0,2,0,0,0,0,0
400361,Fantoni_es,,2,0,2,2,0,2,0,0,0,0,0
400365,OleicolaJaen,,2,0,2,2,0,2,0,0,0,0,0
400371,MiaPractica,,2,0,2,2,0,2,0,0,0,0,0
400380,AsociacionDIR,,2,0,2,2,0,2,0,0,0,0,0
400390,Politica24h,,2,0,2,2,0,2,0,0,0,0,0
400401,FootBubbleAlme,,2,0,2,2,0,2,0,0,0,0,0
400409,falialse,,2,0,2,2,0,2,0,0,0,0,0
400414,vuketa,,2,0,2,2,0,2,0,0,0,0,0
400415,Asoc_Posidonia,,2,0,2,2,0,2,0,0,0,0,0
400419,fransanchezDJ,,2,0,2,2,0,2,0,0,0,0,6
400420,lolavalverdepar,,2,0,2,2,0,2,0,0,0,0,0
400429,nandoraya,,2,0,2,2,0,2,0,0,0,0,6
400430,luisizquierdo10,,2,0,2,2,0,2,0,0,0,0,6
400439,Primaflor,,2,0,2,2,0,2,0,0,0,0,0
400440,agrohortaliza,,2,0,2,2,0,2,0,0,0,0,0
400445,cooperativacasi,,2,0,2,2,0,2,0,0,0,0,0
400447,ADNAgroFood,,2,0,2,2,0,2,0,0,0,0,0
400451,novapolies,,2,0,2,2,0,2,0,0,0,0,0
400458,Juanmija,,2,0,2,2,0,2,0,0,0,0,0
400459,susokazim,,2,0,2,2,0,2,0,0,0,0,0
400475,jpernas,,2,0,2,2,0,2,0,0,0,0,4
400480,florypondio_com,,2,0,2,2,0,2,0,0,0,0,4
400481,LaloAlzueta,,2,0,2,2,0,2,0,0,0,0,4
400484,ciudadanoB,,2,0,2,2,0,2,0,0,0,0,4
400485,MRW_clientes,,2,0,2,2,0,2,0,0,0,0,4
400486,CorreosAtiende,,2,0,2,2,0,2,0,0,0,0,1
400488,DafneDirie,,2,0,2,2,0,2,0,0,0,0,4
400494,LauraRuiz1505,,2,0,2,2,0,2,0,0,0,0,4
400498,rterrasa,,2,0,2,2,0,2,0,0,0,0,5
400501,martinchamarro,,2,0,2,2,0,2,0,0,0,0,2
400502,soynuriamolina,,2,0,2,2,0,2,0,0,0,0,4
400507,chainvane,,2,0,2,2,0,2,0,0,0,0,4
400511,aiglesiasfraga,,2,0,2,2,0,2,0,0,0,0,4
400513,SandraHaSmith,,2,0,2,2,0,2,0,0,0,0,4
400515,objbruselas,,2,0,2,2,0,2,0,0,0,0,0
400522,espaciocommerce,,2,0,2,2,0,2,0,0,0,0,4
400523,cajadecarton_es,,2,0,2,2,0,2,0,0,0,0,4
400524,pabloolmeda,,2,0,2,2,0,2,0,0,0,0,4
400530,EGuiris,,2,0,2,2,0,2,0,0,0,0,0
400531,JBMarisaSantos,,2,0,2,2,0,2,0,0,0,0,4
400533,jorgetxu,,2,0,2,2,0,2,0,0,0,0,4
400554,jordiobdotcom,,2,0,2,2,0,2,0,0,0,0,4
400555,artturion,,2,0,2,2,0,2,0,0,0,0,3
400560,desdeberlin,,2,0,2,2,0,2,0,0,0,0,0
400565,soniaenlaluna,,2,0,2,2,0,2,0,0,0,0,0
400567,MomentsES,,2,0,2,2,0,2,0,0,0,0,4
400575,blogistica_es,,2,0,2,2,0,2,0,0,0,0,4
400581,iruri,,2,0,2,2,0,2,0,0,0,0,4
400604,Catalogate,,2,0,2,2,0,2,0,0,0,0,0
400608,Almuku,,2,0,2,2,0,2,0,0,0,0,4
400614,fluzo_es,,2,0,2,2,0,2,0,0,0,0,4
400635,Albe_99,,2,0,2,2,0,2,0,0,0,0,4
400691,bicimensajeros,,2,0,2,2,0,2,0,0,0,0,0
400692,LALUNAshipping,,2,0,2,2,0,2,0,0,0,0,4
400694,czubialde,,2,0,2,2,0,2,0,0,0,0,4
400695,trioperadores,,2,0,2,2,0,2,0,0,0,0,4
400704,timerepublik_es,,2,0,2,2,0,2,0,0,0,0,4
400709,cjustotds,,2,0,2,2,0,2,0,0,0,0,0
400710,DiegoIsabel1,,2,0,2,2,0,2,0,0,0,0,4
400735,loggistica_es,,2,0,2,2,0,2,0,0,0,0,4
400759,Mundo_Cloud,,2,0,2,2,0,2,0,0,0,0,6
400760,GianinaSanchez,,2,0,2,2,0,2,0,0,0,0,4
400768,arteecommerce,,2,0,2,2,0,2,0,0,0,0,4
400770,speedwebsite,,2,0,2,2,0,2,0,0,0,0,4
400777,dtorrascv,,2,0,2,2,0,2,0,0,0,0,0
400781,MiPrimaLondres4,,2,0,2,2,0,2,0,0,0,0,0
400787,Pantuas,,2,0,2,2,0,2,0,0,0,0,1
400795,Palibex,,2,0,2,2,0,2,0,0,0,0,4
400798,SILBARCELONA,,2,0,2,2,0,2,0,0,0,0,4
400810,FruitLogisticaE,,2,0,2,2,0,2,0,0,0,0,4
400816,e_Sociology,,2,0,2,2,0,2,0,0,0,0,4
400819,freshcommerce,,2,0,2,2,0,2,0,0,0,0,4
400821,Gremyo_ES,,2,0,2,2,0,2,0,0,0,0,4
400825,Red_Francia,,2,0,2,2,0,2,0,0,0,0,1
400826,Culturefish_es,,2,0,2,2,0,2,0,0,0,0,0
400827,samiasilim,,2,0,2,2,0,2,0,0,0,0,4
400828,MiGuiaDeParis,,2,0,2,2,0,2,0,0,0,0,7
400829,Albagdg,,2,0,2,2,0,2,0,0,0,0,4
400830,lorenzojuniah,,2,0,2,2,0,2,0,0,0,0,4
400832,BorealSC,,2,0,2,2,0,2,0,0,0,0,4
400840,regaloschica,,2,0,2,2,0,2,0,0,0,0,4
400844,SuskaRegalos,,2,0,2,2,0,2,0,0,0,0,4
400891,EspecialistasMZ,,2,0,2,2,0,2,0,0,0,0,0
400899,meriti,,2,0,2,2,0,2,0,0,0,0,4
400903,ecollado,,2,0,2,2,0,2,0,0,0,0,4
400938,pephernandez,,2,0,2,2,0,2,0,0,0,0,1
400950,buscounviaje,,2,0,2,2,0,2,0,0,0,0,7
400951,BStudentHousing,,2,0,2,2,0,2,0,0,0,0,7
400952,MireyaMas,,2,0,2,2,0,2,0,0,0,0,4
400966,plusformacion,,2,0,2,2,0,2,0,0,0,0,4
400981,dadimi80,,2,0,2,2,0,2,0,0,0,0,4
400985,MylittleMunich,,2,0,2,2,0,2,0,0,0,0,0
401002,HighCosmetics,,2,0,2,2,0,2,0,0,0,0,0
401005,mundojovenRM,,2,0,2,2,0,2,0,0,0,0,4
401016,Rolf_Drenthe,,2,0,2,2,0,2,0,0,0,0,1
401042,DenAntwerpenaar,,2,0,2,2,0,2,0,0,0,0,1
401063,MythicalNorth12,,3,0,3,3,0,3,0,0,0,0,1
401067,balatonimmobili,,2,0,2,2,0,2,0,0,0,0,3
401068,Affittoprotetto,,2,0,2,2,0,2,0,0,0,0,3
401074,eliteMilano,,2,0,2,2,0,2,0,0,0,0,3
401075,livellocasa,,2,0,2,2,0,2,0,0,0,0,3
401080,cannellaimm,,2,0,2,2,0,2,0,0,0,0,3
401081,Immobiliarenet,,2,0,2,2,0,2,0,0,0,0,3
401083,ImmoLaila,,2,0,2,2,0,2,0,0,0,0,3
401084,agenziaLIGNANO,,2,0,2,2,0,2,0,0,0,0,3
401085,Classrealestate,,2,0,2,2,0,2,0,0,0,0,3
401089,PropertiesItaly,,2,0,2,2,0,2,0,0,0,0,3
401090,borasocomre,,2,0,2,2,0,2,0,0,0,0,3
401092,universita_net,,2,0,2,2,0,2,0,0,0,0,3
401093,StudentPass_it,,2,0,2,2,0,2,0,0,0,0,3
401095,Bocconi,,2,0,2,2,0,2,0,0,0,0,3
401106,just_immobili,,2,0,2,2,0,2,0,0,0,0,3
401108,guidaimm,,2,0,2,2,0,2,0,0,0,0,3
401109,mimmobiliare,,2,0,2,2,0,2,0,0,0,0,3
401110,casamare,,2,0,2,2,0,2,0,0,0,0,3
401112,GiordanoImm,,2,0,2,2,0,2,0,0,0,0,3
401114,immobiliareit,,2,0,2,2,0,2,0,0,0,0,3
401115,Annunci_Gratis,,2,0,2,2,0,2,0,0,0,0,3
401126,blogimmobiliare,,2,0,2,2,0,2,0,0,0,0,3
401129,RealEstate__,,2,0,2,2,0,2,0,0,0,0,3
401130,MonitorImmobili,,2,0,2,2,0,2,0,0,0,0,3
401137,unica_studenti,,2,0,2,2,0,2,0,0,0,0,3
401140,UdS_Studenti,,2,0,2,2,0,2,0,0,0,0,3
401141,Casapuntoit,,2,0,2,2,0,2,0,0,0,0,3
401142,RomaImmobiliare,,2,0,2,2,0,2,0,0,0,0,3
401143,idealista_it,,2,0,2,2,0,2,0,0,0,0,3
401145,CDNAZARIES,,2,0,2,2,0,2,0,0,0,0,6
401147,SexoPlacentero,,2,0,2,2,0,2,0,0,0,0,6
401150,andreitta_gr,,2,0,2,2,0,2,0,0,0,0,6
401153,CuttySarkES,,2,0,2,2,0,2,0,0,0,0,6
401155,GinebraLarios,,2,0,2,2,0,2,0,0,0,0,6
401158,GranadaComedy,,4,0,4,4,0,4,0,0,0,0,0
401159,CenasUniGR,,2,0,2,2,0,2,0,0,0,0,6
401160,ctrluES,,2,0,2,2,0,2,0,0,0,0,6
401162,Sorteatus,,2,0,2,2,0,2,0,0,0,0,6
401164,LadyDi_PM,,2,0,2,2,0,2,0,0,0,0,6
401166,jnrm28,,2,0,2,2,0,2,0,0,0,0,6
401172,AlbertoLBrao,,2,0,2,2,0,2,0,0,0,0,6
401182,victiyos27,,2,0,2,2,0,2,0,0,0,0,6
401196,kun_huertas07,,2,0,2,2,0,2,0,0,0,0,6
401199,RandyOneMillion,,2,0,2,2,0,2,0,0,0,0,6
401200,RobertoFramit,,2,0,2,2,0,2,0,0,0,0,0
401203,manoliyotiena,,2,0,2,2,0,2,0,0,0,0,6
401206,kikotruji,,2,0,2,2,0,2,0,0,0,0,6
401209,sonitafiestera,,2,0,2,2,0,2,0,0,0,0,6
401211,MariaeZu,,2,0,2,2,0,2,0,0,0,0,6
401214,JoseJmc,,2,0,2,2,0,2,0,0,0,0,6
401224,ibanez023,,2,0,2,2,0,2,0,0,0,0,6
401226,go_tapas,,2,0,2,2,0,2,0,0,0,0,6
401232,rubiadelpadel,,2,0,2,2,0,2,0,0,0,0,6
401234,AnicaBG,,2,0,2,2,0,2,0,0,0,0,6
401253,samduggan86,,2,0,2,2,0,2,0,0,0,0,6
401257,Pizzakagranada,,2,0,2,2,0,2,0,0,0,0,6
401263,Kevin1999_69,,2,0,2,2,0,2,0,0,0,0,6
401268,PalcosYplateas,,2,0,2,2,0,2,0,0,0,0,6
401269,albertogar_8,,2,0,2,2,0,2,0,0,0,0,6
401278,JdeHaroSanchez,,2,0,2,2,0,2,0,0,0,0,6
401286,DonEsquiwisker,,2,0,2,2,0,2,0,0,0,0,6
401288,JotaDelBe,,2,0,2,2,0,2,0,0,0,0,5
401296,Bea0202,,2,0,2,2,0,2,0,0,0,0,6
401304,CabezaGn,,2,0,2,2,0,2,0,0,0,0,6
401305,GiusepeDiez,,2,0,2,2,0,2,0,0,0,0,6
401308,jnoguerasc,,2,0,2,2,0,2,0,0,0,0,6
401347,ir3niita,,2,0,2,2,0,2,0,0,0,0,6
401475,_Lassana_,,2,0,2,2,0,2,0,0,0,0,0
401527,celiabordo,,2,0,2,2,0,2,0,0,0,0,0
401556,Andreitaluquee,,2,0,2,2,0,2,0,0,0,0,0
401567,MariaPinchi,,2,0,2,2,0,2,0,0,0,0,6
401598,seelenebolita,,2,0,2,2,0,2,0,0,0,0,6
401604,Sandra_lopjim,,2,0,2,2,0,2,0,0,0,0,0
401610,MartaLJ,,2,0,2,2,0,2,0,0,0,0,6
401622,GongoraGranCafe,,2,0,2,2,0,2,0,0,0,0,0
401659,amena18,,2,0,2,2,0,2,0,0,0,0,3
401663,adelita,,2,0,2,2,0,2,0,0,0,0,0
401666,johnpardolta,,2,0,2,2,0,2,0,0,0,0,0
401679,MrTomas95,,2,0,2,2,0,2,0,0,0,0,0
401682,yototonia,,2,0,2,2,0,2,0,0,0,0,6
401683,aitorgomez19,,2,0,2,2,0,2,0,0,0,0,0
401707,zak1hary,,2,0,2,2,0,2,0,0,0,0,0
401748,CJCAguilera_cor,,2,0,2,2,0,2,0,0,0,0,0
401803,JUANMENDOZADJ,,2,0,2,2,0,2,0,0,0,0,0
401810,mart_lpez,,2,0,2,2,0,2,0,0,0,0,0
401820,SoyCordobaes,,2,0,2,2,0,2,0,0,0,0,0
401839,CoCoLoKo_Summer,,2,0,2,2,0,2,0,0,0,0,0
401845,bearm20,,2,0,2,2,0,2,0,0,0,0,5
401854,YoliBarba,,2,0,2,2,0,2,0,0,0,0,5
401866,Miriam_J_G,,2,0,2,2,0,2,0,0,0,0,0
401896,jonathan_events,,2,0,2,2,0,2,0,0,0,0,0
401938,manusempere1989,,2,0,2,2,0,2,0,0,0,0,0
401941,16torres_fer,,2,0,2,2,0,2,0,0,0,0,0
401942,lizemiliano,,2,0,2,2,0,2,0,0,0,0,0
401951,jgomezpostigo,,2,0,2,2,0,2,0,0,0,0,0
401984,Amparitocalero,,2,0,2,2,0,2,0,0,0,0,0
402096,ireneespe,,2,0,2,2,0,2,0,0,0,0,6
402110,gb_jenni,,2,0,2,2,0,2,0,0,0,0,0
402154,ajrivera48,,2,0,2,2,0,2,0,0,0,0,0
402155,A9Garcia,,2,0,2,2,0,2,0,0,0,0,5
402158,JulenAginagalde,,2,0,2,2,0,2,0,0,0,0,0
402160,Viranmorros,,2,0,2,2,0,2,0,0,0,0,5
402176,franhabas,,2,0,2,2,0,2,0,0,0,0,0
402180,tonicruzgon,,2,0,2,2,0,2,0,0,0,0,0
402184,ADJimenez32,,2,0,2,2,0,2,0,0,0,0,0
402254,Sgestiones1,,2,0,2,2,0,2,0,0,0,0,0
402262,agendacordobesa,,2,0,2,2,0,2,0,0,0,0,0
402269,fcotolosaholgad,,2,0,2,2,0,2,0,0,0,0,0
402288,sheila_baci,,2,0,2,2,0,2,0,0,0,0,0
402308,Anicam7,,2,0,2,2,0,2,0,0,0,0,6
402310,iPopcovers,,2,0,2,2,0,2,0,0,0,0,0
402320,ASOBAL,,2,0,2,2,0,2,0,0,0,0,0
402326,Rockopop_music,,2,0,2,2,0,2,0,0,0,0,0
402337,QuiiqueRC,,2,0,2,2,0,2,0,0,0,0,6
402353,roberoal,,2,0,2,2,0,2,0,0,0,0,0
402357,pabloarb,,2,0,2,2,0,2,0,0,0,0,0
402361,MFLChat,,2,0,2,2,0,2,0,0,0,0,4
402362,MEVOYEXTRANJERO,,2,0,2,2,0,2,0,0,0,0,4
402364,EspectaGranada,,2,0,2,2,0,2,0,0,0,0,4
402380,oferta_turismo,,2,0,2,2,0,2,0,0,0,0,4
402381,mjusticiaEmpleo,,2,0,2,2,0,2,0,0,0,0,4
402387,BernardoRoa,,2,0,2,2,0,2,0,0,0,0,4
402390,grasaquemando,,2,0,2,2,0,2,0,0,0,0,6
402396,carochan_me,,2,0,2,2,0,2,0,0,0,0,4
402400,ServiMeteo_Mur,,2,0,2,2,0,2,0,0,0,0,4
402408,OsccarJL,,2,0,2,2,0,2,0,0,0,0,4
402414,CaprichoCofrade,,3,0,3,3,0,3,0,0,0,0,4
402418,AntonioVilchez_,,2,0,2,2,0,2,0,0,0,0,4
402422,miscasasrurales,,2,0,2,2,0,2,0,0,0,0,0
402423,ClappingDancing,,2,0,2,2,0,2,0,0,0,0,0
402444,paradoxvoyages,,2,0,2,2,0,2,0,0,0,0,7
402447,viajar_com,,2,0,2,2,0,2,0,0,0,0,1
402451,Viajes_Club,,2,0,2,2,0,2,0,0,0,0,0
402454,oojoocuidao,,2,0,2,2,0,2,0,0,0,0,0
402457,Licores_reyes,,2,0,2,2,0,2,0,0,0,0,0
402458,AVERROES08,,2,0,2,2,0,2,0,0,0,0,5
402464,elvinoenelarte,,2,0,2,2,0,2,0,0,0,0,0
402468,deflamenco_com,,3,0,3,3,0,3,0,0,0,0,0
402470,CorralMoreria,,2,0,2,2,0,2,0,0,0,0,0
402479,jaimeval22,,2,0,2,2,0,2,0,0,0,0,0
402480,OlucarpaEventos,,2,0,2,2,0,2,0,0,0,0,0
402485,cobertizoviejo,,2,0,2,2,0,2,0,0,0,0,0
402488,URBAQUIT,,2,0,2,2,0,2,0,0,0,0,6
402490,Sr_Breaker,,2,0,2,2,0,2,0,0,0,0,0
402495,valladolor,,2,0,2,2,0,2,0,0,0,0,1
402499,pucelaproject,,2,0,2,2,0,2,0,0,0,0,1
402504,RevistaWoman,,2,0,2,2,0,2,0,0,0,0,6
402510,ItaloGranada,,2,0,2,2,0,2,0,0,0,0,6
402521,nodo9,,2,0,2,2,0,2,0,0,0,0,2
402523,labestiacolora,,2,0,2,2,0,2,0,0,0,0,6
402535,kustomskis,,2,0,2,2,0,2,0,0,0,0,6
402537,MotoMadrid,,2,0,2,2,0,2,0,0,0,0,6
402542,UCloudServices,,2,0,2,2,0,2,0,0,0,0,6
402557,SilviPrado,,2,0,2,2,0,2,0,0,0,0,6
402564,nomadamarket,,2,0,2,2,0,2,0,0,0,0,6
402577,spainultracup,,2,0,2,2,0,2,0,0,0,0,6
402580,Innofood_IDI,,2,0,2,2,0,2,0,0,0,0,6
402584,sloganpubli,,2,0,2,2,0,2,0,0,0,0,6
402591,TallerJPereira,,2,0,2,2,0,2,0,0,0,0,6
402595,BlogReformaECO,,2,0,2,2,0,2,0,0,0,0,6
402611,VAXA_es,,2,0,2,2,0,2,0,0,0,0,6
402614,HierrosCenarro,,2,0,2,2,0,2,0,0,0,0,6
402642,greentvmx,,2,0,2,2,0,2,0,0,0,0,4
402657,DigiMinute,,2,0,2,2,0,2,0,0,0,0,6
402662,josezimmer,,2,0,2,2,0,2,0,0,0,0,6
402666,yafrahnet,,2,0,2,2,0,2,0,0,0,0,6
402674,junkers_es,,2,0,2,2,0,2,0,0,0,0,6
402675,saunierduval,,2,0,2,2,0,2,0,0,0,0,6
402679,OpaProducciones,,3,0,3,3,0,3,0,0,0,0,6
402681,joyeriasanchez,,2,0,2,2,0,2,0,0,0,0,6
402692,Ingenia_es,,2,0,2,2,0,2,0,0,0,0,6
402708,habitissimo,,2,0,2,2,0,2,0,0,0,0,6
402709,JMBRARQUITECTOS,,2,0,2,2,0,2,0,0,0,0,6
402713,iberowine_uk,,2,0,2,2,0,2,0,0,0,0,6
402718,MiPrimaLondres1,,2,0,2,2,0,2,0,0,0,0,4
402728,NeymarMessiSL,,2,0,2,2,0,2,0,0,0,0,6
402738,infoXTB,,2,0,2,2,0,2,0,0,0,0,6
402739,_ArgosDC_,,2,0,2,2,0,2,0,0,0,0,6
402745,Pliky_,,2,0,2,2,0,2,0,0,0,0,6
402752,aceingenieros,,2,0,2,2,0,2,0,0,0,0,6
402755,NTSdevices,,2,0,2,2,0,2,0,0,0,0,6
402756,ingenieros_itop,,2,0,2,2,0,2,0,0,0,0,6
402757,Leapfrog_3D,,2,0,2,2,0,2,0,0,0,0,6
402763,3AINGENIERIA,,2,0,2,2,0,2,0,0,0,0,6
402779,Fedeccon,,2,0,2,2,0,2,0,0,0,0,6
402793,AcusticaArtQ,,2,0,2,2,0,2,0,0,0,0,6
402795,Itafec,,2,0,2,2,0,2,0,0,0,0,4
402796,Pastukacom,,2,0,2,2,0,2,0,0,0,0,6
402802,santiagodelrio0,,2,0,2,2,0,2,0,0,0,0,6
402808,Trideo3D,,2,0,2,2,0,2,0,0,0,0,6
402813,Crisutil91,,2,0,2,2,0,2,0,0,0,0,0
402843,BeeDigitalES,,2,0,2,2,0,2,0,0,0,0,6
402845,DomingoVillero,,2,0,2,2,0,2,0,0,0,0,6
402847,TrabajoEnCasaML,,2,0,2,2,0,2,0,0,0,0,6
402861,Nettezza_SL,,2,0,2,2,0,2,0,0,0,0,6
402873,iluminikaonline,,2,0,2,2,0,2,0,0,0,0,6
402877,malaga8tienda,,2,0,2,2,0,2,0,0,0,0,6
402878,solocamis,,2,0,2,2,0,2,0,0,0,0,5
402879,Exaprint_es,,2,0,2,2,0,2,0,0,0,0,6
402883,imonroe_eventos,,2,0,2,2,0,2,0,0,0,0,6
402885,GibsonSpain,,2,0,2,2,0,2,0,0,0,0,2
402886,Tarxia,,2,0,2,2,0,2,0,0,0,0,6
402897,GanasdeMalasana,,2,0,2,2,0,2,0,0,0,0,6
402906,dealermarket,,2,0,2,2,0,2,0,0,0,0,6
402910,MALAFOLLA_GRX,,2,0,2,2,0,2,0,0,0,0,0
402912,javi_olid,,2,0,2,2,0,2,0,0,0,0,6
402918,eventoslogo,,2,0,2,2,0,2,0,0,0,0,0
402919,89Maricarmen,,2,0,2,2,0,2,0,0,0,0,0
402920,EntreMamas,,2,0,2,2,0,2,0,0,0,0,0
402921,diariode1madre,,2,0,2,2,0,2,0,0,0,0,0
402922,cosasdepeques,,2,0,2,2,0,2,0,0,0,0,0
402923,chintincom,,2,0,2,2,0,2,0,0,0,0,0
402925,lamamapediatra,,2,0,2,2,0,2,0,0,0,0,0
402926,bebedeparis_es,,2,0,2,2,0,2,0,0,0,0,0
402927,entremadresblog,,2,0,2,2,0,2,0,0,0,0,0
402928,mundobebes,,2,0,2,2,0,2,0,0,0,0,0
402929,TodoSobreElBebe,,2,0,2,2,0,2,0,0,0,0,0
402930,madrereciente,,2,0,2,2,0,2,0,0,0,0,0
402931,SomosMultiples,,2,0,2,2,0,2,0,0,0,0,0
402932,masquepadres,,2,0,2,2,0,2,0,0,0,0,0
402933,1MamaPara2,,2,0,2,2,0,2,0,0,0,0,0
402934,ambel90,,2,0,2,2,0,2,0,0,0,0,0
402940,DecoPeques,,2,0,2,2,0,2,0,0,0,0,0
402942,mama_c_corrient,,2,0,2,2,0,2,0,0,0,0,0
402943,nacersanobaby,,2,0,2,2,0,2,0,0,0,0,0
402944,nacersano,,2,0,2,2,0,2,0,0,0,0,0
402945,ElEmbarazo,,2,0,2,2,0,2,0,0,0,0,0
402946,EmbarazadaCom,,2,0,2,2,0,2,0,0,0,0,0
402947,elbebecom,,2,0,2,2,0,2,0,0,0,0,0
402948,demamas,,2,0,2,2,0,2,0,0,0,0,0
402949,cienporcienmama,,2,0,2,2,0,2,0,0,0,0,0
402951,MamasBlogueras,,2,0,2,2,0,2,0,0,0,0,0
402952,Blogparamamas,,2,0,2,2,0,2,0,0,0,0,0
402955,belen_msc,,2,0,2,2,0,2,0,0,0,0,0
402956,xeyhappyday,,2,0,2,2,0,2,0,0,0,0,5
402958,fertysem,,2,0,2,2,0,2,0,0,0,0,0
402960,Rossa_91,,2,0,2,2,0,2,0,0,0,0,0
402966,SuavinexSpain,,2,0,2,2,0,2,0,0,0,0,0
402967,pequelia,,2,0,2,2,0,2,0,0,0,0,0
402969,HOMAMAHO,,2,0,2,2,0,2,0,0,0,0,0
402970,mama_moderna,,2,0,2,2,0,2,0,0,0,0,0
402971,SomosMamas,,2,0,2,2,0,2,0,0,0,0,0
402972,Mibebeyyo,,2,0,2,2,0,2,0,0,0,0,0
402973,bebesymas,,2,0,2,2,0,2,0,0,0,0,0
402976,MamasyBebes,,2,0,2,2,0,2,0,0,0,0,0
402977,serpadres,,2,0,2,2,0,2,0,0,0,0,0
402979,pocoyo,,2,0,2,2,0,2,0,0,0,0,0
402980,carolcalvog,,2,0,2,2,0,2,0,0,0,0,0
402991,Fredyubimar,,2,0,2,2,0,2,0,0,0,0,0
403001,webeducadores,,2,0,2,2,0,2,0,0,0,0,0
403002,NotasAnimales,,2,0,2,2,0,2,0,0,0,0,0
403008,Clan_tve,,2,0,2,2,0,2,0,0,0,0,0
403035,juntinesweb,,2,0,2,2,0,2,0,0,0,0,0
403073,miguegranados,,2,0,2,2,0,2,0,0,0,0,2
403125,peladolopezok,,2,0,2,2,0,2,0,0,0,0,2
403132,SoyTuAbuelo,,2,0,2,2,0,2,0,0,0,0,2
403141,chubonelli,,2,0,2,2,0,2,0,0,0,0,2
403159,gimeaccardi,,2,0,2,2,0,2,0,0,0,0,2
403172,sabinaquote,,2,0,2,2,0,2,0,0,0,0,2
403179,zairana,,2,0,2,2,0,2,0,0,0,0,2
403182,MrsChiio,,2,0,2,2,0,2,0,0,0,0,6
403188,MariaRD_,,2,0,2,2,0,2,0,0,0,0,0
403200,WebUniNet,,2,0,2,2,0,2,0,0,0,0,6
403202,PIE_ETSIE,,2,0,2,2,0,2,0,0,0,0,6
403205,FunAndGoSpain,,2,0,2,2,0,2,0,0,0,0,6
403208,Antonio_Olivas_,,2,0,2,2,0,2,0,0,0,0,6
403210,Alberto_BH,,2,0,2,2,0,2,0,0,0,0,6
403212,davidm921,,2,0,2,2,0,2,0,0,0,0,6
403217,AdeKarma,,2,0,2,2,0,2,0,0,0,0,0
403218,Javimc92,,2,0,2,2,0,2,0,0,0,0,6
403219,CineNoctambulos,,2,0,2,2,0,2,0,0,0,0,6
403224,Vicnamor,,2,0,2,2,0,2,0,0,0,0,6
403227,luciia89,,2,0,2,2,0,2,0,0,0,0,0
403229,funkcje,,2,0,2,2,0,2,0,0,0,0,6
403232,MaJesus_pl,,2,0,2,2,0,2,0,0,0,0,6
403233,JuanraGG,,2,0,2,2,0,2,0,0,0,0,0
403234,AlbertoSantas88,,2,0,2,2,0,2,0,0,0,0,5
403235,UGRShare,,3,0,3,3,0,3,0,0,0,0,0
403236,josefelipemt,,2,0,2,2,0,2,0,0,0,0,6
403237,pichilopar,,2,0,2,2,0,2,0,0,0,0,0
403238,joseangeldiazg,,2,0,2,2,0,2,0,0,0,0,8
403239,SaulSvuco,,2,0,2,2,0,2,0,0,0,0,6
403244,albiya_,,2,0,2,2,0,2,0,0,0,0,6
403246,RafaARL,,2,0,2,2,0,2,0,0,0,0,6
403247,roberto_gomez_m,,2,0,2,2,0,2,0,0,0,0,6
403249,BillyQuire,,2,0,2,2,0,2,0,0,0,0,0
403252,Raquelqsd,,2,0,2,2,0,2,0,0,0,0,0
403255,_LauraRamirez,,2,0,2,2,0,2,0,0,0,0,6
403256,sarabrg,,2,0,2,2,0,2,0,0,0,0,0
403257,NICOALBULESCU,,2,0,2,2,0,2,0,0,0,0,6
403259,josemaperez6,,2,0,2,2,0,2,0,0,0,0,4
403260,pablovllprz,,2,0,2,2,0,2,0,0,0,0,4
403265,AnaLopez_26,,2,0,2,2,0,2,0,0,0,0,6
403266,solobea1,,2,0,2,2,0,2,0,0,0,0,6
403268,MReyesMG,,2,0,2,2,0,2,0,0,0,0,6
403271,Nehows,,2,0,2,2,0,2,0,0,0,0,6
403272,andreagarmu,,2,0,2,2,0,2,0,0,0,0,6
403273,f_avila_,,2,0,2,2,0,2,0,0,0,0,6
403275,correOcaminos,,2,0,2,2,0,2,0,0,0,0,6
403280,FluviBaza,,2,0,2,2,0,2,0,0,0,0,6
403281,Yoselyn_22,,2,0,2,2,0,2,0,0,0,0,6
403283,MariNievesCP9,,2,0,2,2,0,2,0,0,0,0,0
403284,picharro87,,2,0,2,2,0,2,0,0,0,0,6
403286,PrimeroCaminos,,2,0,2,2,0,2,0,0,0,0,6
403288,juanma_anguita,,2,0,2,2,0,2,0,0,0,0,6
403289,Franpetrolero,,2,0,2,2,0,2,0,0,0,0,6
403292,MartinDdbc11,,2,0,2,2,0,2,0,0,0,0,6
403293,PepeAcosta8,,2,0,2,2,0,2,0,0,0,0,0
403296,Pineda_Pedrera,,2,0,2,2,0,2,0,0,0,0,6
403300,angel_ivan19,,2,0,2,2,0,2,0,0,0,0,6
403301,f45aznar,,2,0,2,2,0,2,0,0,0,0,6
403302,dulcecaffeina,,2,0,2,2,0,2,0,0,0,0,6
403303,Alons03,,2,0,2,2,0,2,0,0,0,0,6
403306,Mariajose_fefi,,2,0,2,2,0,2,0,0,0,0,6
403307,MiriamParejaM,,2,0,2,2,0,2,0,0,0,0,5
403312,CDCaminosGR,,2,0,2,2,0,2,0,0,0,0,0
403316,mantinolo,,2,0,2,2,0,2,0,0,0,0,0
403321,crissttina_92,,2,0,2,2,0,2,0,0,0,0,0
403330,pedrosa001986,,2,0,2,2,0,2,0,0,0,0,6
403331,McArthur33,,2,0,2,2,0,2,0,0,0,0,5
403332,mcant0n,,2,0,2,2,0,2,0,0,0,0,8
403333,alejandra_dn,,2,0,2,2,0,2,0,0,0,0,0
403334,melaromero92,,2,0,2,2,0,2,0,0,0,0,0
403336,Rocyo_Perez,,2,0,2,2,0,2,0,0,0,0,0
403337,mariajose_vt91,,2,0,2,2,0,2,0,0,0,0,0
403339,Mimi_Paloma,,2,0,2,2,0,2,0,0,0,0,2
403347,MaRii2798,,2,0,2,2,0,2,0,0,0,0,4
403348,ClaraGarciaAlo,,2,0,2,2,0,2,0,0,0,0,6
403350,Carlos_Emotion,,2,0,2,2,0,2,0,0,0,0,6
403353,marinahenest,,2,0,2,2,0,2,0,0,0,0,6
403354,Sandramaria_91,,2,0,2,2,0,2,0,0,0,0,6
403357,Dysand,,2,0,2,2,0,2,0,0,0,0,0
403361,vaneisabelle2,,2,0,2,2,0,2,0,0,0,0,6
403362,borja_caste4,,2,0,2,2,0,2,0,0,0,0,6
403366,CentroGalatea,,2,0,2,2,0,2,0,0,0,0,6
403372,andreamegi,,2,0,2,2,0,2,0,0,0,0,6
403375,MariaJoseJC93,,2,0,2,2,0,2,0,0,0,0,6
403376,ManuelAnguitaBa,,2,0,2,2,0,2,0,0,0,0,6
403378,xgrx0,,2,0,2,2,0,2,0,0,0,0,6
403379,CristiMilla,,2,0,2,2,0,2,0,0,0,0,8
403380,MarimiMF,,2,0,2,2,0,2,0,0,0,0,6
403381,MelinaMorenoP,,2,0,2,2,0,2,0,0,0,0,6
403386,antoniolopez721,,2,0,2,2,0,2,0,0,0,0,6
403393,Pablofdiaz,,2,0,2,2,0,2,0,0,0,0,3
403395,MeeRii_6000,,2,0,2,2,0,2,0,0,0,0,6
403396,morollon_01,,2,0,2,2,0,2,0,0,0,0,6
403397,MartitaJ_,,2,0,2,2,0,2,0,0,0,0,6
403399,mestelapm,,2,0,2,2,0,2,0,0,0,0,0
403400,IsidroMartinez9,,2,0,2,2,0,2,0,0,0,0,6
403406,Rociobs92,,2,0,2,2,0,2,0,0,0,0,6
403410,Joe_Arco,,2,0,2,2,0,2,0,0,0,0,6
403412,00005000a,,2,0,2,2,0,2,0,0,0,0,6
403414,guillerod88,,2,0,2,2,0,2,0,0,0,0,7
403417,Nativela95,,2,0,2,2,0,2,0,0,0,0,6
403418,MarPicossi,,2,0,2,2,0,2,0,0,0,0,6
403422,antoniotmra,,2,0,2,2,0,2,0,0,0,0,0
403425,abjo25,,2,0,2,2,0,2,0,0,0,0,0
403433,EmiliaCapelli,,2,0,2,2,0,2,0,0,0,0,0
403435,miguelanjez,,2,0,2,2,0,2,0,0,0,0,5
403440,jmzajara,,2,0,2,2,0,2,0,0,0,0,6
403441,LuisCasado10,,2,0,2,2,0,2,0,0,0,0,6
403453,XeniaBakum,,2,0,2,2,0,2,0,0,0,0,6
403460,asantos301987,,2,0,2,2,0,2,0,0,0,0,6
403461,Chavea92,,2,0,2,2,0,2,0,0,0,0,6
403462,Tanita__25,,2,0,2,2,0,2,0,0,0,0,0
403463,sergiosierra92,,2,0,2,2,0,2,0,0,0,0,0
403464,Cris_Huertas,,2,0,2,2,0,2,0,0,0,0,6
403466,pilarmr_11,,2,0,2,2,0,2,0,0,0,0,6
403467,daviid_c_c,,2,0,2,2,0,2,0,0,0,0,6
403472,Olgaaguiilar,,2,0,2,2,0,2,0,0,0,0,0
403476,Elsagarb,,2,0,2,2,0,2,0,0,0,0,0
403477,j7romero,,2,0,2,2,0,2,0,0,0,0,6
403478,lidigoga,,2,0,2,2,0,2,0,0,0,0,0
403481,fonsii3,,2,0,2,2,0,2,0,0,0,0,6
403483,Alecarfer,,2,0,2,2,0,2,0,0,0,0,0
403486,alba_garrido9,,2,0,2,2,0,2,0,0,0,0,6
403487,MarinaZarza,,2,0,2,2,0,2,0,0,0,0,6
403489,elisamagan,,2,0,2,2,0,2,0,0,0,0,6
403493,juanjoogr,,2,0,2,2,0,2,0,0,0,0,8
403495,JorgeAbad_93,,2,0,2,2,0,2,0,0,0,0,8
403499,IoanaLoJ,,2,0,2,2,0,2,0,0,0,0,6
403505,laurita_cgm,,2,0,2,2,0,2,0,0,0,0,0
403507,IgnacioMonterol,,2,0,2,2,0,2,0,0,0,0,0
403510,Jesuscruz92,,2,0,2,2,0,2,0,0,0,0,6
403514,alinakim9,,2,0,2,2,0,2,0,0,0,0,6
403515,MariaJPoyato,,2,0,2,2,0,2,0,0,0,0,6
403518,Carolinastorg25,,2,0,2,2,0,2,0,0,0,0,0
403519,irene_pg24,,2,0,2,2,0,2,0,0,0,0,0
403525,piaoliang94,,2,0,2,2,0,2,0,0,0,0,5
403529,TeresaGarcia777,,2,0,2,2,0,2,0,0,0,0,6
403532,ichivifer,,2,0,2,2,0,2,0,0,0,0,0
403535,Almudena_rm95,,2,0,2,2,0,2,0,0,0,0,5
403536,licia_sanmar,,2,0,2,2,0,2,0,0,0,0,0
403538,keka__16,,2,0,2,2,0,2,0,0,0,0,6
403539,helenadesign,,2,0,2,2,0,2,0,0,0,0,6
403540,adriwarhol,,2,0,2,2,0,2,0,0,0,0,6
403541,Loro91,,2,0,2,2,0,2,0,0,0,0,6
403542,irene673,,2,0,2,2,0,2,0,0,0,0,0
403543,Lainfodeclase,,2,0,2,2,0,2,0,0,0,0,6
403544,ana_sabatel,,2,0,2,2,0,2,0,0,0,0,6
403545,isabroldan,,2,0,2,2,0,2,0,0,0,0,6
403546,JoseAcien93,,2,0,2,2,0,2,0,0,0,0,6
403547,martaescar,,2,0,2,2,0,2,0,0,0,0,6
403548,n1nixxx,,2,0,2,2,0,2,0,0,0,0,6
403549,wily_olula,,2,0,2,2,0,2,0,0,0,0,6
403550,Marinagn90,,2,0,2,2,0,2,0,0,0,0,6
403551,Paula1923,,2,0,2,2,0,2,0,0,0,0,6
403552,isyehe90,,2,0,2,2,0,2,0,0,0,0,6
403553,ritagalvez,,2,0,2,2,0,2,0,0,0,0,5
403554,Celia_mt,,2,0,2,2,0,2,0,0,0,0,6
403555,PilarGR93,,2,0,2,2,0,2,0,0,0,0,6
403556,Mymemo91,,2,0,2,2,0,2,0,0,0,0,6
403557,noeliallamaslop,,2,0,2,2,0,2,0,0,0,0,6
403558,Estela_88,,2,0,2,2,0,2,0,0,0,0,6
403559,_KristynAa_,,2,0,2,2,0,2,0,0,0,0,6
403561,rubenpada,,2,0,2,2,0,2,0,0,0,0,6
403562,Inmaga7,,2,0,2,2,0,2,0,0,0,0,6
403563,SaraParraCortes,,2,0,2,2,0,2,0,0,0,0,6
403564,Luuciicano,,2,0,2,2,0,2,0,0,0,0,0
403565,ngca_91,,2,0,2,2,0,2,0,0,0,0,6
403566,montsepolo8,,2,0,2,2,0,2,0,0,0,0,6
403567,CristinaBarqito,,2,0,2,2,0,2,0,0,0,0,0
403568,nachovilla92,,2,0,2,2,0,2,0,0,0,0,6
403569,laauragoomez99,,2,0,2,2,0,2,0,0,0,0,6
403570,anita_sc,,2,0,2,2,0,2,0,0,0,0,6
403571,carmencillalala,,2,0,2,2,0,2,0,0,0,0,6
403572,FernandoVellido,,2,0,2,2,0,2,0,0,0,0,6
403573,SandroBerniRios,,2,0,2,2,0,2,0,0,0,0,6
403574,cristiruiz_93,,2,0,2,2,0,2,0,0,0,0,0
403575,MC_onlyne,,2,0,2,2,0,2,0,0,0,0,6
403576,Merygc2,,2,0,2,2,0,2,0,0,0,0,6
403577,emprende_alar,,2,0,2,2,0,2,0,0,0,0,6
403578,Ireenefeerre,,2,0,2,2,0,2,0,0,0,0,6
403579,marisolruiz92,,2,0,2,2,0,2,0,0,0,0,6
403580,InmaMelgui,,2,0,2,2,0,2,0,0,0,0,6
403581,PaolaValeroG,,2,0,2,2,0,2,0,0,0,0,6
403582,mmar_as,,2,0,2,2,0,2,0,0,0,0,6
403583,Pantrmoreno,,2,0,2,2,0,2,0,0,0,0,6
403585,RafaPalaciosR,,2,0,2,2,0,2,0,0,0,0,0
403587,NereaSanchezCrk,,2,0,2,2,0,2,0,0,0,0,8
403589,AliCarmonaLopez,,2,0,2,2,0,2,0,0,0,0,6
403592,pepearriaza,,2,0,2,2,0,2,0,0,0,0,6
403593,ainhoaperez10,,2,0,2,2,0,2,0,0,0,0,6
403594,jorge_sego,,2,0,2,2,0,2,0,0,0,0,0
403595,cbravoch,,2,0,2,2,0,2,0,0,0,0,6
403596,davidrrueda,,2,0,2,2,0,2,0,0,0,0,6
403597,yedriya,,2,0,2,2,0,2,0,0,0,0,6
403599,bearoldanb,,2,0,2,2,0,2,0,0,0,0,6
403603,Tetudini,,2,0,2,2,0,2,0,0,0,0,6
403612,ShaneSix,,2,0,2,2,0,2,0,0,0,0,6
403618,jhmgade,,2,0,2,2,0,2,0,0,0,0,6
403620,Cristi_bp,,2,0,2,2,0,2,0,0,0,0,0
403621,AnaM_LA,,2,0,2,2,0,2,0,0,0,0,0
403622,cavi__aza,,2,0,2,2,0,2,0,0,0,0,6
403624,Danielguerrero6,,2,0,2,2,0,2,0,0,0,0,6
403626,patrialcaide,,2,0,2,2,0,2,0,0,0,0,5
403627,josemrc15,,2,0,2,2,0,2,0,0,0,0,6
403628,cbaube,,2,0,2,2,0,2,0,0,0,0,6
403629,IsabelSoler2,,2,0,2,2,0,2,0,0,0,0,0
403630,Adririvee,,2,0,2,2,0,2,0,0,0,0,0
403633,LuFPretel,,2,0,2,2,0,2,0,0,0,0,6
403636,lausierraf,,2,0,2,2,0,2,0,0,0,0,6
403638,Yeray_Dcr,,2,0,2,2,0,2,0,0,0,0,0
403639,Elena_fm93,,2,0,2,2,0,2,0,0,0,0,6
403641,ura2292,,2,0,2,2,0,2,0,0,0,0,5
403646,3adederecho,,2,0,2,2,0,2,0,0,0,0,6
403647,lauritaMF,,2,0,2,2,0,2,0,0,0,0,0
403654,ines_pbr,,2,0,2,2,0,2,0,0,0,0,5
403655,elvimanci,,2,0,2,2,0,2,0,0,0,0,6
403658,JeniferCGu,,2,0,2,2,0,2,0,0,0,0,6
403660,LlamameMar,,2,0,2,2,0,2,0,0,0,0,0
403664,RaquelCNyst,,2,0,2,2,0,2,0,0,0,0,0
403666,antonyzetta,,2,0,2,2,0,2,0,0,0,0,6
403667,chiskitiya,,2,0,2,2,0,2,0,0,0,0,0
403668,etmontoro,,2,0,2,2,0,2,0,0,0,0,6
403670,Rafafr8,,2,0,2,2,0,2,0,0,0,0,6
403672,jmmg1973,,2,0,2,2,0,2,0,0,0,0,6
403678,lurdes58,,2,0,2,2,0,2,0,0,0,0,6
403681,joselbernier,,2,0,2,2,0,2,0,0,0,0,6
403686,neferlp,,2,0,2,2,0,2,0,0,0,0,0
403689,luisetelm,,2,0,2,2,0,2,0,0,0,0,6
403695,PacoManjon,,2,0,2,2,0,2,0,0,0,0,6
403698,saciemar,,2,0,2,2,0,2,0,0,0,0,6
403699,sergiomingher,,2,0,2,2,0,2,0,0,0,0,5
403706,Pedruky,,2,0,2,2,0,2,0,0,0,0,6
403710,vera_rg06,,2,0,2,2,0,2,0,0,0,0,6
403712,chrmndr10,,2,0,2,2,0,2,0,0,0,0,2
403714,Saruki94,,2,0,2,2,0,2,0,0,0,0,6
403716,reginaais,,2,0,2,2,0,2,0,0,0,0,6
403719,siolme,,2,0,2,2,0,2,0,0,0,0,6
403720,leticiadonaire,,2,0,2,2,0,2,0,0,0,0,0
403727,Crisrum,,2,0,2,2,0,2,0,0,0,0,0
403729,mnnav,,2,0,2,2,0,2,0,0,0,0,7
403731,marilocarmona40,,2,0,2,2,0,2,0,0,0,0,6
403732,JuanDe_23,,2,0,2,2,0,2,0,0,0,0,6
403747,_laragomez_,,2,0,2,2,0,2,0,0,0,0,0
403748,martamumo,,2,0,2,2,0,2,0,0,0,0,0
403749,BenjiFerres,,2,0,2,2,0,2,0,0,0,0,6
403751,AcalRomero,,3,0,3,3,0,3,0,0,0,0,6
403753,Ropocipiopoo,,2,0,2,2,0,2,0,0,0,0,6
403755,Haard_Candy,,2,0,2,2,0,2,0,0,0,0,0
403758,JuanJ_8,,2,0,2,2,0,2,0,0,0,0,0
403759,peshkita88,,2,0,2,2,0,2,0,0,0,0,6
403760,RubenRmrez,,2,0,2,2,0,2,0,0,0,0,6
403761,Carmencita_Moya,,2,0,2,2,0,2,0,0,0,0,0
403762,munozmariajesus,,2,0,2,2,0,2,0,0,0,0,0
403766,AnacrisFuente,,2,0,2,2,0,2,0,0,0,0,6
403768,AnaCristinaRD,,3,0,3,3,0,3,0,0,0,0,6
403771,makulada,,2,0,2,2,0,2,0,0,0,0,6
403772,isaespinosa13,,2,0,2,2,0,2,0,0,0,0,6
403774,stefymoreno_93,,2,0,2,2,0,2,0,0,0,0,6
403775,Celia_GeGe,,2,0,2,2,0,2,0,0,0,0,6
403776,SaraMontess,,2,0,2,2,0,2,0,0,0,0,6
403777,NoeMoreno_,,2,0,2,2,0,2,0,0,0,0,6
403778,rafaAM7,,2,0,2,2,0,2,0,0,0,0,6
403780,carmenciita259,,2,0,2,2,0,2,0,0,0,0,6
403784,anto_hinojosa,,2,0,2,2,0,2,0,0,0,0,0
403786,luseroluserito,,2,0,2,2,0,2,0,0,0,0,6
403789,kisekase,,2,0,2,2,0,2,0,0,0,0,4
403797,alexgomez6,,2,0,2,2,0,2,0,0,0,0,6
403803,josejadominguez,,2,0,2,2,0,2,0,0,0,0,6
403805,Analittles,,2,0,2,2,0,2,0,0,0,0,6
403808,minahero,,2,0,2,2,0,2,0,0,0,0,0
403809,Miriamsag,,2,0,2,2,0,2,0,0,0,0,0
403812,AngelaBM87,,2,0,2,2,0,2,0,0,0,0,6
403814,carolcr94,,2,0,2,2,0,2,0,0,0,0,6
403817,PablitoCostela,,2,0,2,2,0,2,0,0,0,0,6
403821,Daniela_GaRi,,2,0,2,2,0,2,0,0,0,0,6
403825,lamini_,,2,0,2,2,0,2,0,0,0,0,0
403826,Rubiya_86,,2,0,2,2,0,2,0,0,0,0,0
403829,trinys9,,2,0,2,2,0,2,0,0,0,0,0
403834,Alpeando,,2,0,2,2,0,2,0,0,0,0,6
403835,GeemaCG,,2,0,2,2,0,2,0,0,0,0,6
403840,conjdejeni,,2,0,2,2,0,2,0,0,0,0,0
403841,Joselibra92,,2,0,2,2,0,2,0,0,0,0,6
403851,_CristinaRios,,2,0,2,2,0,2,0,0,0,0,6
403854,11harobed,,2,0,2,2,0,2,0,0,0,0,6
403859,SergioL29,,2,0,2,2,0,2,0,0,0,0,0
403860,HelensHelena,,2,0,2,2,0,2,0,0,0,0,6
403871,adrianaav90,,2,0,2,2,0,2,0,0,0,0,6
403877,Fiti_RL,,2,0,2,2,0,2,0,0,0,0,6
403881,barriga_nazaret,,2,0,2,2,0,2,0,0,0,0,6
403884,SJ_Aranda,,2,0,2,2,0,2,0,0,0,0,6
403885,clara_vangogh,,2,0,2,2,0,2,0,0,0,0,6
403886,Tamy5690,,2,0,2,2,0,2,0,0,0,0,6
403887,eli_blue,,2,0,2,2,0,2,0,0,0,0,6
403888,MRTLPZ0,,2,0,2,2,0,2,0,0,0,0,6
403893,EmiJaimezMoya,,2,0,2,2,0,2,0,0,0,0,6
403894,palmira18594,,2,0,2,2,0,2,0,0,0,0,6
403895,beagi25,,2,0,2,2,0,2,0,0,0,0,6
403897,LauralopezG01,,2,0,2,2,0,2,0,0,0,0,0
403898,Irenesojo,,2,0,2,2,0,2,0,0,0,0,5
403902,elenitamaza,,2,0,2,2,0,2,0,0,0,0,6
403903,albertomd93,,2,0,2,2,0,2,0,0,0,0,6
403904,Al_fnl,,2,0,2,2,0,2,0,0,0,0,6
403908,SheisB6,,2,0,2,2,0,2,0,0,0,0,0
403910,lolirr_20,,2,0,2,2,0,2,0,0,0,0,6
403911,andrearl94,,2,0,2,2,0,2,0,0,0,0,6
403912,alejandra12518,,2,0,2,2,0,2,0,0,0,0,6
403914,JaJuGar,,2,0,2,2,0,2,0,0,0,0,6
403920,Mariajoseacuyo,,2,0,2,2,0,2,0,0,0,0,6
403923,Mariia3deabril,,2,0,2,2,0,2,0,0,0,0,0
403924,conchi658,,2,0,2,2,0,2,0,0,0,0,6
403926,avo_173,,2,0,2,2,0,2,0,0,0,0,6
403929,Fricopecador,,2,0,2,2,0,2,0,0,0,0,6
403936,RociioSQ,,2,0,2,2,0,2,0,0,0,0,6
403940,michelmr95,,2,0,2,2,0,2,0,0,0,0,6
403942,Victor5Torres,,2,0,2,2,0,2,0,0,0,0,6
403943,evamarquez141,,2,0,2,2,0,2,0,0,0,0,6
403944,isamozas,,2,0,2,2,0,2,0,0,0,0,6
403945,ma_linares,,2,0,2,2,0,2,0,0,0,0,6
403946,deportista331,,2,0,2,2,0,2,0,0,0,0,6
403947,LauritaBtwice,,2,0,2,2,0,2,0,0,0,0,6
403948,TaniaMaldonad08,,2,0,2,2,0,2,0,0,0,0,6
403949,aliiBenitezD,,2,0,2,2,0,2,0,0,0,0,6
403950,GrxJuvenil,,2,0,2,2,0,2,0,0,0,0,6
403952,fischa_fish,,2,0,2,2,0,2,0,0,0,0,6
403953,Bartolome_A_C,,2,0,2,2,0,2,0,0,0,0,6
403954,maamen93,,2,0,2,2,0,2,0,0,0,0,6
403955,cl_ele,,2,0,2,2,0,2,0,0,0,0,6
403956,antoniocv90,,2,0,2,2,0,2,0,0,0,0,6
403957,nuebo123456789,,2,0,2,2,0,2,0,0,0,0,6
403959,maiia13pig,,2,0,2,2,0,2,0,0,0,0,6
403960,lauracabeza55,,2,0,2,2,0,2,0,0,0,0,6
403964,2C_Enfurecido,,2,0,2,2,0,2,0,0,0,0,6
403965,AiniJerez,,2,0,2,2,0,2,0,0,0,0,6
403968,celia_agf,,2,0,2,2,0,2,0,0,0,0,6
403970,Nihad_Tribak,,2,0,2,2,0,2,0,0,0,0,6
403974,Ana130811,,2,0,2,2,0,2,0,0,0,0,6
403976,Noarojass,,2,0,2,2,0,2,0,0,0,0,6
403979,DHrn11,,2,0,2,2,0,2,0,0,0,0,6
403984,Antonianieto4,,2,0,2,2,0,2,0,0,0,0,0
403990,vicki_lm1510,,2,0,2,2,0,2,0,0,0,0,6
403991,elenacv4,,2,0,2,2,0,2,0,0,0,0,6
403992,esthervic,,2,0,2,2,0,2,0,0,0,0,0
403993,fani93isfunny,,2,0,2,2,0,2,0,0,0,0,8
403995,Helena_Abstract,,2,0,2,2,0,2,0,0,0,0,0
403999,BarbaraSan88,,2,0,2,2,0,2,0,0,0,0,6
404004,LauraMolinaRuiz,,2,0,2,2,0,2,0,0,0,0,0
404007,ivic_85,,2,0,2,2,0,2,0,0,0,0,6
404009,R_Frias,,2,0,2,2,0,2,0,0,0,0,0
404012,isaaa_quintana,,2,0,2,2,0,2,0,0,0,0,8
404013,nacho8martinez,,2,0,2,2,0,2,0,0,0,0,0
404016,Larod_30,,2,0,2,2,0,2,0,0,0,0,6
404017,eleloripe,,2,0,2,2,0,2,0,0,0,0,6
404023,crescendo_mktng,,2,0,2,2,0,2,0,0,0,0,6
404024,andres71727,,2,0,2,2,0,2,0,0,0,0,6
404028,marcasver,,2,0,2,2,0,2,0,0,0,0,6
404031,Rocio_Barba,,2,0,2,2,0,2,0,0,0,0,0
404034,JaimeLopezAriza,,2,0,2,2,0,2,0,0,0,0,5
404041,ChemaTienda,,2,0,2,2,0,2,0,0,0,0,6
404042,Sergiost3,,2,0,2,2,0,2,0,0,0,0,0
404046,_Alvarit0_,,2,0,2,2,0,2,0,0,0,0,6
404047,Mariaf094,,2,0,2,2,0,2,0,0,0,0,6
404054,laninaretotoyua,,2,0,2,2,0,2,0,0,0,0,6
404056,violetacubero,,2,0,2,2,0,2,0,0,0,0,6
404058,GambinRedon,,2,0,2,2,0,2,0,0,0,0,6
404059,Will_Gonzalez1,,2,0,2,2,0,2,0,0,0,0,6
404060,TryFinanzas,,2,0,2,2,0,2,0,0,0,0,0
404062,BeingCarmen,,2,0,2,2,0,2,0,0,0,0,0
404063,JoseA_Fuentes,,2,0,2,2,0,2,0,0,0,0,0
404066,AntonioGuadix,,2,0,2,2,0,2,0,0,0,0,6
404069,raqueluzon,,2,0,2,2,0,2,0,0,0,0,6
404070,BarbaraRoEs,,2,0,2,2,0,2,0,0,0,0,0
404075,ElenaaToro,,2,0,2,2,0,2,0,0,0,0,6
404076,Andreapp98,,2,0,2,2,0,2,0,0,0,0,6
404079,Nicole_98592,,2,0,2,2,0,2,0,0,0,0,6
404084,txuspe_qsd,,2,0,2,2,0,2,0,0,0,0,0
404087,ruano_arco,,2,0,2,2,0,2,0,0,0,0,6
404092,Sir_Can0,,2,0,2,2,0,2,0,0,0,0,6
404093,marinajh95,,2,0,2,2,0,2,0,0,0,0,6
404096,Carmenrs1,,2,0,2,2,0,2,0,0,0,0,6
404097,javm6,,2,0,2,2,0,2,0,0,0,0,6
404098,jaim3_puertas,,2,0,2,2,0,2,0,0,0,0,6
404104,Ados_13,,2,0,2,2,0,2,0,0,0,0,6
404106,EstafadoporUGR,,2,0,2,2,0,2,0,0,0,0,6
404111,RubenGallego95,,2,0,2,2,0,2,0,0,0,0,6
404112,TerceroBGADE,,2,0,2,2,0,2,0,0,0,0,6
404113,macuquii,,2,0,2,2,0,2,0,0,0,0,6
404114,JoselitoNegro,,2,0,2,2,0,2,0,0,0,0,6
404116,celiiam95,,2,0,2,2,0,2,0,0,0,0,6
404118,fontanagallego,,2,0,2,2,0,2,0,0,0,0,5
404120,CeliaTBravo,,2,0,2,2,0,2,0,0,0,0,6
404122,Pio_salvador,,2,0,2,2,0,2,0,0,0,0,6
404126,NanoMyP,,2,0,2,2,0,2,0,0,0,0,5
404127,H2020_impact,,2,0,2,2,0,2,0,0,0,0,5
404128,CCT_PTA,,2,0,2,2,0,2,0,0,0,0,0
404129,ForoTransfiere,,2,0,2,2,0,2,0,0,0,0,6
404130,FLLGranada,,2,0,2,2,0,2,0,0,0,0,8
404132,javicarazzo,,2,0,2,2,0,2,0,0,0,0,6
404134,DboraPlazaTejad,,2,0,2,2,0,2,0,0,0,0,6
404144,UGRcotilla,,2,0,2,2,0,2,0,0,0,0,6
404145,Baza_Hoy,,2,0,2,2,0,2,0,0,0,0,5
404147,eduvalverde8,,2,0,2,2,0,2,0,0,0,0,6
404156,brigabriel7,,2,0,2,2,0,2,0,0,0,0,6
404157,PepeSelles,,3,0,3,3,0,3,0,0,0,0,0
404158,josecastellon12,,2,0,2,2,0,2,0,0,0,0,6
404160,alexusero365,,2,0,2,2,0,2,0,0,0,0,6
404162,DobleTortura,,2,0,2,2,0,2,0,0,0,0,6
404164,Sole_Belver,,2,0,2,2,0,2,0,0,0,0,6
404169,kalatasoy,,2,0,2,2,0,2,0,0,0,0,6
404171,filocavsofia,,2,0,2,2,0,2,0,0,0,0,6
404172,manjonei,,2,0,2,2,0,2,0,0,0,0,6
404173,Estibaliz_4,,2,0,2,2,0,2,0,0,0,0,0
404175,IreneeGutierrez,,2,0,2,2,0,2,0,0,0,0,6
404176,Martach9,,2,0,2,2,0,2,0,0,0,0,6
404179,PsiqueVales,,2,0,2,2,0,2,0,0,0,0,6
404184,didiros,,2,0,2,2,0,2,0,0,0,0,0
404186,javi_casal,,2,0,2,2,0,2,0,0,0,0,6
404187,cbcestrella,,2,0,2,2,0,2,0,0,0,0,2
404189,RoCiioPrz,,2,0,2,2,0,2,0,0,0,0,6
404191,giralte,,2,0,2,2,0,2,0,0,0,0,6
404192,joselito_pepis,,2,0,2,2,0,2,0,0,0,0,0
404193,dergrana,,2,0,2,2,0,2,0,0,0,0,4
404195,msangom,,2,0,2,2,0,2,0,0,0,0,0
404196,FranM_Rodriguez,,2,0,2,2,0,2,0,0,0,0,0
404198,CarlosMedinaUGR,,2,0,2,2,0,2,0,0,0,0,6
404201,CordovillaUGR,,2,0,2,2,0,2,0,0,0,0,6
404203,AvanzaUGR,,2,0,2,2,0,2,0,0,0,0,0
404204,Despachito_CCPP,,2,0,2,2,0,2,0,0,0,0,0
404205,GedesUgr,,2,0,2,2,0,2,0,0,0,0,6
404207,informerTEI,,2,0,2,2,0,2,0,0,0,0,6
404208,Indalecio_ugr,,2,0,2,2,0,2,0,0,0,0,0
404209,RomanticosUGR,,2,0,2,2,0,2,0,0,0,0,6
404210,2BADEDERECHO,,2,0,2,2,0,2,0,0,0,0,6
404211,TheInformerUGR,,2,0,2,2,0,2,0,0,0,0,5
404212,amcortes_ugr,,2,0,2,2,0,2,0,0,0,0,6
404213,_InformerUGR_,,2,0,2,2,0,2,0,0,0,0,6
404214,UGRinformer,,2,0,2,2,0,2,0,0,0,0,6
404215,InformerFarmaci,,2,0,2,2,0,2,0,0,0,0,5
404217,platformFCE_UGR,,2,0,2,2,0,2,0,0,0,0,5
404218,JornadasLengua,,2,0,2,2,0,2,0,0,0,0,5
404219,ElinformerdeUGR,,2,0,2,2,0,2,0,0,0,0,4
404220,FlamencoUGR,,2,0,2,2,0,2,0,0,0,0,6
404221,CAMINOS_UGR,,2,0,2,2,0,2,0,0,0,0,6
404222,LFarmaciaUGR,,2,0,2,2,0,2,0,0,0,0,6
404226,UGRstudios,,2,0,2,2,0,2,0,0,0,0,6
404227,JJCastro_UGR,,2,0,2,2,0,2,0,0,0,0,6
404229,UGR_Estudiantes,,2,0,2,2,0,2,0,0,0,0,6
404230,efrancesesugr,,2,0,2,2,0,2,0,0,0,0,6
404231,mcabrera_ugr,,2,0,2,2,0,2,0,0,0,0,6
404232,4CaminosUGR,,2,0,2,2,0,2,0,0,0,0,6
404237,RRLLyRRHHUGR,,2,0,2,2,0,2,0,0,0,0,6
404238,PIE_Farmacia,,2,0,2,2,0,2,0,0,0,0,6
404240,IAESTECAGR,,2,0,2,2,0,2,0,0,0,0,6
404241,SulayrUGR,,2,0,2,2,0,2,0,0,0,0,6
404242,PaliativosUGR,,2,0,2,2,0,2,0,0,0,0,6
404243,LaOtraUGR,,2,0,2,2,0,2,0,0,0,0,6
404244,millonarios1x2,,2,0,2,2,0,2,0,0,0,0,6
404245,informerugr,,2,0,2,2,0,2,0,0,0,0,5
404246,cursowebugr,,2,0,2,2,0,2,0,0,0,0,6
404247,MasterKandor,,2,0,2,2,0,2,0,0,0,0,6
404248,farmapromocion,,2,0,2,2,0,2,0,0,0,0,5
404253,WydawnictwaUW,,2,0,2,2,0,2,0,0,0,0,1
404257,FMRIG,,2,0,2,2,0,2,0,0,0,0,1
404262,lingwistyka,,2,0,2,2,0,2,0,0,0,0,1
404264,EduInfoPolska,,2,0,2,2,0,2,0,0,0,0,1
404265,STNCMUMK,,2,0,2,2,0,2,0,0,0,0,1
404266,Naj_Uczelnie,,2,0,2,2,0,2,0,0,0,0,1
404267,DolinaBIO,,2,0,2,2,0,2,0,0,0,0,1
404270,Wydawnictwo_UJ,,2,0,2,2,0,2,0,0,0,0,1
404272,StudixEu,,2,0,2,2,0,2,0,0,0,0,1
404282,Centrum_EFEKTY,,2,0,2,2,0,2,0,0,0,0,1
404286,WrocloveDesign,,2,0,2,2,0,2,0,0,0,0,1
404289,Stacja7pl,,2,0,2,2,0,2,0,0,0,0,1
404290,PerspektywyPL,,2,0,2,2,0,2,0,0,0,0,1
404291,centrum_info,,2,0,2,2,0,2,0,0,0,0,1
404292,founding,,2,0,2,2,0,2,0,0,0,0,1
404293,BiuroPrasoweUMW,,2,0,2,2,0,2,0,0,0,0,1
404294,drmorgpl,,2,0,2,2,0,2,0,0,0,0,1
404296,klubinnowatora,,2,0,2,2,0,2,0,0,0,0,1
404302,DWSPiT,,2,0,2,2,0,2,0,0,0,0,1
404335,SamorzadWPiAUMK,,2,0,2,2,0,2,0,0,0,0,1
404343,teologiauksw2,,2,0,2,2,0,2,0,0,0,0,1
404348,podyplomowe_st,,2,0,2,2,0,2,0,0,0,0,1
404349,StudencidlaRP,,2,0,2,2,0,2,0,0,0,0,1
404350,KuzniaKadr,,2,0,2,2,0,2,0,0,0,0,1
404351,adwokatmedialny,,2,0,2,2,0,2,0,0,0,0,1
404352,ViralLuck,,2,0,2,2,0,2,0,0,0,0,1
404353,JuwenaliaWwa,,2,0,2,2,0,2,0,0,0,0,1
404354,WSHIFM,,2,0,2,2,0,2,0,0,0,0,1
404355,UKSW1999,,2,0,2,2,0,2,0,0,0,0,1
404356,WSEIofficial,,2,0,2,2,0,2,0,0,0,0,1
404360,wsabielsko,,2,0,2,2,0,2,0,0,0,0,1
404362,GWSH_Katowice,,2,0,2,2,0,2,0,0,0,0,1
404363,WSTwKatowicach,,2,0,2,2,0,2,0,0,0,0,1
404365,wsksim,,2,0,2,2,0,2,0,0,0,0,1
404366,SzkolaWyzsza,,2,0,2,2,0,2,0,0,0,0,1
404368,ASPLodz,,2,0,2,2,0,2,0,0,0,0,1
404369,WSLPoznan,,2,0,2,2,0,2,0,0,0,0,1
404376,WNoZiUMK,,2,0,2,2,0,2,0,0,0,0,1
404377,WAUAMPOZNAN,,2,0,2,2,0,2,0,0,0,0,1
404380,WT_UO,,2,0,2,2,0,2,0,0,0,0,1
404381,wnsuwr,,2,0,2,2,0,2,0,0,0,0,1
404383,Projekt_PIWO,,2,0,2,2,0,2,0,0,0,0,1
404384,student_pl,,2,0,2,2,0,2,0,0,0,0,1
404385,polskojaponska,,2,0,2,2,0,2,0,0,0,0,1
404386,Kulturoteka,,2,0,2,2,0,2,0,0,0,0,1
404388,kulturakrakow,,2,0,2,2,0,2,0,0,0,0,1
404391,PBP_Poz,,2,0,2,2,0,2,0,0,0,0,1
404392,Hist_Pl,,2,0,2,2,0,2,0,0,0,0,1
404403,MKiDN_GOV_PL,,3,0,3,3,0,3,0,0,0,0,1
404404,Grantynabadania,,2,0,2,2,0,2,0,0,0,0,1
404405,umkatowice,,2,0,2,2,0,2,0,0,0,0,1
404406,PsychologiaUWr,,2,0,2,2,0,2,0,0,0,0,1
404409,AMUPAN1,,2,0,2,2,0,2,0,0,0,0,1
404444,RMN_org_pl,,2,0,2,2,0,2,0,0,0,0,1
404466,brand24,,2,0,2,2,0,2,0,0,0,0,1
404467,Edulandiapl,,2,0,2,2,0,2,0,0,0,0,1
404494,PiotrMagnat,,2,0,2,2,0,2,0,0,0,0,1
404703,StudiujwUK,,2,0,2,2,0,2,0,0,0,0,1
404706,madreksiazki,,2,0,2,2,0,2,0,0,0,0,1
404709,KozminskiUni,,2,0,2,2,0,2,0,0,0,0,1
404711,BESTWroclaw,,2,0,2,2,0,2,0,0,0,0,1
404716,wsbpoznan,,2,0,2,2,0,2,0,0,0,0,1
404721,CollegiumMed,,2,0,2,2,0,2,0,0,0,0,1
404723,Rz_mwj,,2,0,2,2,0,2,0,0,0,0,1
404725,Wr_OSP,,2,0,2,2,0,2,0,0,0,0,1
404727,academio_pl,,2,0,2,2,0,2,0,0,0,0,1
404728,Vox_777,,2,0,2,2,0,2,0,0,0,0,1
404729,pbw_krakow,,2,0,2,2,0,2,0,0,0,0,1
404730,Maturzaki,,2,0,2,2,0,2,0,0,0,0,1
404731,WSHiR_Poznan,,2,0,2,2,0,2,0,0,0,0,1
404733,UR_Rzeszow,,2,0,2,2,0,2,0,0,0,0,1
404734,WSIiZ_Rzeszow,,2,0,2,2,0,2,0,0,0,0,1
404736,samorzadWAT,,2,0,2,2,0,2,0,0,0,0,1
404737,RUSS_AWF,,2,0,2,2,0,2,0,0,0,0,1
404738,AWFPoznan,,2,0,2,2,0,2,0,0,0,0,1
404739,KontraPoznan,,2,0,2,2,0,2,0,0,0,0,1
404740,WNPiD,,2,0,2,2,0,2,0,0,0,0,1
404742,bprasoweuam,,2,0,2,2,0,2,0,0,0,0,1
404746,dlaMaturzysty,,2,0,2,2,0,2,0,0,0,0,1
404747,psrporgpl,,3,0,3,3,0,3,0,0,0,0,1
404749,InformatykaPWr,,2,0,2,2,0,2,0,0,0,0,1
404750,NAPWr,,2,0,2,2,0,2,0,0,0,0,1
404751,BG_PWr,,2,0,2,2,0,2,0,0,0,0,1
404752,BGUEWroclaw,,2,0,2,2,0,2,0,0,0,0,1
404753,CDV_Poznan,,2,0,2,2,0,2,0,0,0,0,1
404754,ATHBielsko,,2,0,2,2,0,2,0,0,0,0,1
404755,uczelniavistula,,2,0,2,2,0,2,0,0,0,0,1
404756,UPwKrakowie,,2,0,2,2,0,2,0,0,0,0,1
404757,ALK_Warszawa,,2,0,2,2,0,2,0,0,0,0,1
404758,Akademia_WSB,,2,0,2,2,0,2,0,0,0,0,1
404759,PWSZWloclawek,,2,0,2,2,0,2,0,0,0,0,1
404760,UEwP,,3,0,3,3,0,3,0,0,0,0,1
404762,PWSNSGdynia,,2,0,2,2,0,2,0,0,0,0,1
404764,PolakZaGranica,,2,0,2,2,0,2,0,0,0,0,2
404765,MEN_GOV_PL,,2,0,2,2,0,2,0,0,0,0,1
404766,wsekrakow,,2,0,2,2,0,2,0,0,0,0,1
404767,WSIiZ_Warszawa,,2,0,2,2,0,2,0,0,0,0,1
404768,WSKiZ,,2,0,2,2,0,2,0,0,0,0,1
404769,WSTiJO,,2,0,2,2,0,2,0,0,0,0,1
404770,pswbp,,2,0,2,2,0,2,0,0,0,0,1
404771,MWSE_w_Tarnowie,,2,0,2,2,0,2,0,0,0,0,1
404772,swimbj,,2,0,2,2,0,2,0,0,0,0,1
404775,AkadPolonijna,,2,0,2,2,0,2,0,0,0,0,1
404779,amuz_poznan,,2,0,2,2,0,2,0,0,0,0,1
404780,UMwGdyni,,2,0,2,2,0,2,0,0,0,0,1
404781,AkademiaIgnatia,,2,0,2,2,0,2,0,0,0,0,1
404783,polsl_WIMiM,,2,0,2,2,0,2,0,0,0,0,1
404784,PolitechnikaRz,,2,0,2,2,0,2,0,0,0,0,1
404785,dkfpolitechnika,,2,0,2,2,0,2,0,0,0,0,1
404786,AZSPOLITECHNIKA,,2,0,2,2,0,2,0,0,0,0,1
404788,SamorzadCMUMK,,2,0,2,2,0,2,0,0,0,0,1
404789,anna_korzekwa,,2,0,2,2,0,2,0,0,0,0,1
404790,UEK_Krakow,,2,0,2,2,0,2,0,0,0,0,1
404791,umedlodz,,2,0,2,2,0,2,0,0,0,0,1
404792,UOUW,,2,0,2,2,0,2,0,0,0,0,1
404797,kursfotolublin,,2,0,2,2,0,2,0,0,0,0,1
404801,PSP_Szczecin,,2,0,2,2,0,2,0,0,0,0,1
404802,Mechatroniki,,2,0,2,2,0,2,0,0,0,0,1
404803,szkolareklamy,,2,0,2,2,0,2,0,0,0,0,1
404804,Szkola_Liderow,,2,0,2,2,0,2,0,0,0,0,1
404805,LodzFilmSchool,,2,0,2,2,0,2,0,0,0,0,1
404807,szkolazklasa20,,2,0,2,2,0,2,0,0,0,0,1
404809,KropkaNadI,,2,0,2,2,0,2,0,0,0,0,2
404810,AlterEdukacja,,2,0,2,2,0,2,0,0,0,0,1
404813,KatarzynaHall,,2,0,2,2,0,2,0,0,0,0,1
404814,KrakowFuturaEdu,,2,0,2,2,0,2,0,0,0,0,1
404815,WrocawskaEdukac,,2,0,2,2,0,2,0,0,0,0,1
404816,Edu_Finansowa,,2,0,2,2,0,2,0,0,0,0,1
404817,FuturaEdukacja,,2,0,2,2,0,2,0,0,0,0,1
404818,SzkoyPolicealne,,2,0,2,2,0,2,0,0,0,0,1
404819,AURELUSedukacja,,2,0,2,2,0,2,0,0,0,0,1
404820,tebedukacja,,2,0,2,2,0,2,0,0,0,0,1
404821,APEdukacja,,2,0,2,2,0,2,0,0,0,0,1
404822,LepszaEdukacja,,2,0,2,2,0,2,0,0,0,0,1
404823,Edukacja24,,2,0,2,2,0,2,0,0,0,0,1
404831,mediafun,,2,0,2,2,0,2,0,0,0,0,1
404852,ChefTurismoGran,,2,0,2,2,0,2,0,0,0,0,0
404855,Lprovisoria,,2,0,2,2,0,2,0,0,0,0,0
404858,dOrirOmera,,2,0,2,2,0,2,0,0,0,0,6
404860,RobertoTorretta,,2,0,2,2,0,2,0,0,0,0,0
404864,Lafabulagranada,,2,0,2,2,0,2,0,0,0,0,0
404865,hoteles_granada,,2,0,2,2,0,2,0,0,0,0,0
404866,vicplanamusic,,2,0,2,2,0,2,0,0,0,0,0
404876,AgendaGrana,,2,0,2,2,0,2,0,0,0,0,0
404880,NuevaPatrosa,,2,0,2,2,0,2,0,0,0,0,0
404883,EsAlgoDeNovios,,2,0,2,2,0,2,0,0,0,0,0
404885,Reina_De_Roma,,2,0,2,2,0,2,0,0,0,0,0
404886,tales_gerard,,2,0,2,2,0,2,0,0,0,0,0
404889,MRCofrade,,2,0,2,2,0,2,0,0,0,0,0
404890,fotobodagranada,,3,0,3,3,0,3,0,0,0,0,0
404891,elremiendo,,2,0,2,2,0,2,0,0,0,0,0
404898,MundoFurby,,2,0,2,2,0,2,0,0,0,0,0
404899,Hoyesnoticia,,2,0,2,2,0,2,0,0,0,0,0
404901,GranaSocialLife,,2,0,2,2,0,2,0,0,0,0,0
404902,tramoAtramo,,2,0,2,2,0,2,0,0,0,0,6
404904,unaspintadascom,,2,0,2,2,0,2,0,0,0,0,0
404908,secretobelleza,,2,0,2,2,0,2,0,0,0,0,0
404910,nocelulitis,,2,0,2,2,0,2,0,0,0,0,0
404913,HPE_News,,2,0,2,2,0,2,0,0,0,0,6
404915,frasesparalider,,2,0,2,2,0,2,0,0,0,0,0
404917,DeGuapas,,2,0,2,2,0,2,0,0,0,0,0
404920,UltraChollo,,2,0,2,2,0,2,0,0,0,0,5
404922,solodelibros,,2,0,2,2,0,2,0,0,0,0,0
404923,InBodas,,2,0,2,2,0,2,0,0,0,0,0
404927,EG00,,2,0,2,2,0,2,0,0,0,0,0
404928,ecoinstitute_,,2,0,2,2,0,2,0,0,0,0,4
404929,lovechocowed,,3,0,3,3,0,3,0,0,0,0,0
404930,destinofoto,,2,0,2,2,0,2,0,0,0,0,0
404932,FOXHomeSpain,,2,0,2,2,0,2,0,0,0,0,0
404933,SpainBS,,3,0,3,3,0,3,0,0,0,0,4
404936,Comunicademoda,,2,0,2,2,0,2,0,0,0,0,0
404937,mujerdeelite,,2,0,2,2,0,2,0,0,0,0,0
404940,Jonathantapia_,,2,0,2,2,0,2,0,0,0,0,4
404946,MicrosoftEdge,,2,0,2,2,0,2,0,0,0,0,2
404958,DarbaCulture,,2,0,2,2,0,2,0,0,0,0,0
404960,BrandonStMartin,,2,0,2,2,0,2,0,0,0,0,0
404965,RamonFreixa,,2,0,2,2,0,2,0,0,0,0,0
404966,RicardCamarena,,2,0,2,2,0,2,0,0,0,0,0
404967,coboestratos,,2,0,2,2,0,2,0,0,0,0,0
404968,ChefJaviEstevez,,2,0,2,2,0,2,0,0,0,0,0
404969,BegoTopChef2013,,2,0,2,2,0,2,0,0,0,0,0
404970,TopChef_es,,2,0,2,2,0,2,0,0,0,0,0
404971,susidiazchef,,2,0,2,2,0,2,0,0,0,0,0
404984,Fashion_Critic_,,2,0,2,2,0,2,0,0,0,0,0
404996,delpozo,,2,0,2,2,0,2,0,0,0,0,2
404998,GRANADAPARTIES,,2,0,2,2,0,2,0,0,0,0,0
405012,TicketTrap,,2,0,2,2,0,2,0,0,0,0,0
405014,JaneRendonC92,,2,0,2,2,0,2,0,0,0,0,2
405015,ElDiariodeNovia,,2,0,2,2,0,2,0,0,0,0,0
405016,MilCapasdeTul,,2,0,2,2,0,2,0,0,0,0,0
405017,nutricompany,,2,0,2,2,0,2,0,0,0,0,0
405018,BodasconLove,,2,0,2,2,0,2,0,0,0,0,0
405019,dbodascom,,2,0,2,2,0,2,0,0,0,0,0
405020,msecretosdeboda,,2,0,2,2,0,2,0,0,0,0,0
405021,ksados,,2,0,2,2,0,2,0,0,0,0,0
405022,estadeboda,,2,0,2,2,0,2,0,0,0,0,0
405023,expoboda,,2,0,2,2,0,2,0,0,0,0,0
405026,MiBodaOriginal,,2,0,2,2,0,2,0,0,0,0,0
405027,bodasyeventosAS,,2,0,2,2,0,2,0,0,0,0,0
405032,bodaaldetalle,,2,0,2,2,0,2,0,0,0,0,0
405034,BodasBlog,,2,0,2,2,0,2,0,0,0,0,0
405036,bodaszaragoza,,2,0,2,2,0,2,0,0,0,0,0
405037,WeLoveBodas,,3,0,3,3,0,3,0,0,0,0,0
405039,redboda,,2,0,2,2,0,2,0,0,0,0,0
405041,BodaMas_Empresa,,2,0,2,2,0,2,0,0,0,0,0
405043,bodascondetalle,,2,0,2,2,0,2,0,0,0,0,0
405048,Sidisenatuboda,,2,0,2,2,0,2,0,0,0,0,0
405050,tulyflores,,2,0,2,2,0,2,0,0,0,0,0
405051,MidnightCrafter,,2,0,2,2,0,2,0,0,0,0,0
405053,webnovias,,3,0,3,3,0,3,0,0,0,0,0
405056,directoriobodas,,2,0,2,2,0,2,0,0,0,0,0
405057,cienporcientobo,,2,0,2,2,0,2,0,0,0,0,0
405058,socialboda,,2,0,2,2,0,2,0,0,0,0,0
405060,ZarekBoda,,2,0,2,2,0,2,0,0,0,0,0
405061,EspecialBodas,,2,0,2,2,0,2,0,0,0,0,0
405062,quebodasmg,,2,0,2,2,0,2,0,0,0,0,0
405063,BodasyNoviass,,2,0,2,2,0,2,0,0,0,0,0
405064,eraseunavezboda,,2,0,2,2,0,2,0,0,0,0,0
405065,bodabook,,2,0,2,2,0,2,0,0,0,0,0
405066,TodoBoda,,2,0,2,2,0,2,0,0,0,0,0
405067,lasbodasdemarta,,2,0,2,2,0,2,0,0,0,0,0
405068,bluebrides,,2,0,2,2,0,2,0,0,0,0,0
405070,bodasdesalvame,,2,0,2,2,0,2,0,0,0,0,2
405071,LBodadtusSuenos,,2,0,2,2,0,2,0,0,0,0,0
405072,bodaclick,,3,0,3,3,0,3,0,0,0,0,0
405073,Bodastory,,2,0,2,2,0,2,0,0,0,0,0
405080,decouvrirlavie,,2,0,2,2,0,2,0,0,0,0,6
405082,pasarelasfalto,,2,0,2,2,0,2,0,0,0,0,0
405092,martaferzga,,2,0,2,2,0,2,0,0,0,0,0
405096,Ferragamo,,2,0,2,2,0,2,0,0,0,0,0
405098,POPSUGARFashion,,2,0,2,2,0,2,0,0,0,0,4
405099,FotoAlquilercom,,2,0,2,2,0,2,0,0,0,0,0
405148,maykolizate,,2,0,2,2,0,2,0,0,0,0,0
405151,NLamprinos,,2,0,2,2,0,2,0,0,0,0,0
405156,THELOVEMAGAZINE,,2,0,2,2,0,2,0,0,0,0,0
405157,FashionBlogg,,2,0,2,2,0,2,0,0,0,0,0
405166,AEO,,2,0,2,2,0,2,0,0,0,0,6
405168,GCTcoaching,,2,0,2,2,0,2,0,0,0,0,0
405169,boutiquehotelES,,2,0,2,2,0,2,0,0,0,0,0
405170,albanietomakeup,,2,0,2,2,0,2,0,0,0,0,4
405171,tierrasilvestre,,2,0,2,2,0,2,0,0,0,0,0
405172,gigauni,,2,0,2,2,0,2,0,0,0,0,0
405174,fotodng,,2,0,2,2,0,2,0,0,0,0,0
405175,fotosdetodo,,2,0,2,2,0,2,0,0,0,0,6
405176,Pinceladasnatur,,2,0,2,2,0,2,0,0,0,0,0
405179,anuncioes,,2,0,2,2,0,2,0,0,0,0,6
405188,dyrectocn,,2,0,2,2,0,2,0,0,0,0,6
405189,Fandelagua,,2,0,2,2,0,2,0,0,0,0,0
405192,stilo_es,,2,0,2,2,0,2,0,0,0,0,0
405193,esmeral87072098,,2,0,2,2,0,2,0,0,0,0,6
405196,PROhumana,,2,0,2,2,0,2,0,0,0,0,0
405199,fundacionazul,,2,0,2,2,0,2,0,0,0,0,4
405200,PlanetaVerde_TV,,2,0,2,2,0,2,0,0,0,0,0
405201,VSPINK,,2,0,2,2,0,2,0,0,0,0,4
405202,LaHoraTVE,,2,0,2,2,0,2,0,0,0,0,0
405203,Cosmopolitan_fr,,2,0,2,2,0,2,0,0,0,0,8
405204,ELLEfrance,,2,0,2,2,0,2,0,0,0,0,8
405205,agrosfera_tve,,2,0,2,2,0,2,0,0,0,0,0
405210,LaMusicaClasica,,2,0,2,2,0,2,0,0,0,0,5
405211,comandotve,,2,0,2,2,0,2,0,0,0,0,0
405212,mas_TVE,,2,0,2,2,0,2,0,0,0,0,0
405214,CreadoresACME,,2,0,2,2,0,2,0,0,0,0,0
405215,camaraabierta,,2,0,2,2,0,2,0,0,0,0,1
405216,MotivaTuCuerpo,,2,0,2,2,0,2,0,0,0,0,5
405217,vegano20,,2,0,2,2,0,2,0,0,0,0,0
405218,VeoverdeCL,,2,0,2,2,0,2,0,0,0,0,2
405219,FeriadeBaza,,2,0,2,2,0,2,0,0,0,0,0
405220,Elbiocultural,,2,0,2,2,0,2,0,0,0,0,0
405225,Ciao_es,,2,0,2,2,0,2,0,0,0,0,0
405228,Fincamalpasillo,,2,0,2,2,0,2,0,0,0,0,6
405230,lorealparis_es,,2,0,2,2,0,2,0,0,0,0,2
405231,lorealprospain,,2,0,2,2,0,2,0,0,0,0,0
405234,lorealspain,,2,0,2,2,0,2,0,0,0,0,2
405235,ghdspain,,2,0,2,2,0,2,0,0,0,0,0
405236,GdVerdevique,,2,0,2,2,0,2,0,0,0,0,0
405242,manuela_velles,,2,0,2,2,0,2,0,0,0,0,2
405243,Martahazas,,2,0,2,2,0,2,0,0,0,0,2
405245,Malenacosta7,,2,0,2,2,0,2,0,0,0,0,2
405247,Exeroga,,2,0,2,2,0,2,0,0,0,0,2
405248,bloondo,,2,0,2,2,0,2,0,0,0,0,2
405251,a_m_g_b,,2,0,2,2,0,2,0,0,0,0,2
405254,Revenge,,2,0,2,2,0,2,0,0,0,0,2
405265,PeterVives,,2,0,2,2,0,2,0,0,0,0,2
405268,marta_arjona1,,2,0,2,2,0,2,0,0,0,0,2
405272,JessicaCapshaw,,2,0,2,2,0,2,0,0,0,0,2
405276,Elee_CG,,3,0,3,3,0,3,0,0,0,0,2
405277,fran_nerja,,2,0,2,2,0,2,0,0,0,0,2
405281,ChikiMoles,,2,0,2,2,0,2,0,0,0,0,2
405282,CrisSValero,,2,0,2,2,0,2,0,0,0,0,2
405294,Fran_JPulido,,2,0,2,2,0,2,0,0,0,0,2
405298,dafnefdez,,2,0,2,2,0,2,0,0,0,0,2
405304,laurruu,,2,0,2,2,0,2,0,0,0,0,2
405313,plo93,,2,0,2,2,0,2,0,0,0,0,6
405317,Lucia_pimpampum,,2,0,2,2,0,2,0,0,0,0,2
405321,ireneomaigot,,2,0,2,2,0,2,0,0,0,0,5
405322,AlbaOmg,,2,0,2,2,0,2,0,0,0,0,2
405327,elena121093,,2,0,2,2,0,2,0,0,0,0,6
405347,SAFYDEUEx,,2,0,2,2,0,2,0,0,0,0,5
405359,jbsayavera,,2,0,2,2,0,2,0,0,0,0,5
405367,OlaKCangre,,2,0,2,2,0,2,0,0,0,0,5
405368,LuciaNiki,,2,0,2,2,0,2,0,0,0,0,5
405369,rrppmadrid3,,2,0,2,2,0,2,0,0,0,0,5
405370,Dulcinnea9,,2,0,2,2,0,2,0,0,0,0,5
405373,paulecortes,,2,0,2,2,0,2,0,0,0,0,5
405374,ZonaUEx,,2,0,2,2,0,2,0,0,0,0,5
405375,NievesPrats,,2,0,2,2,0,2,0,0,0,0,5
405377,agatapitu,,2,0,2,2,0,2,0,0,0,0,5
405380,LOBATO_SG,,2,0,2,2,0,2,0,0,0,0,3
405382,steven_jp11,,2,0,2,2,0,2,0,0,0,0,5
405383,vextremadura,,2,0,2,2,0,2,0,0,0,0,4
405384,cihangiraksoy,,2,0,2,2,0,2,0,0,0,0,5
405385,Miguel_Trini,,2,0,2,2,0,2,0,0,0,0,5
405386,gulsaherer,,2,0,2,2,0,2,0,0,0,0,5
405387,FlorianMolinari,,2,0,2,2,0,2,0,0,0,0,5
405388,c_lere,,2,0,2,2,0,2,0,0,0,0,5
405389,Gessica_Rome,,2,0,2,2,0,2,0,0,0,0,5
405390,naoli_c,,2,0,2,2,0,2,0,0,0,0,5
405391,MDifusa,,2,0,2,2,0,2,0,0,0,0,5
405392,cinci88,,2,0,2,2,0,2,0,0,0,0,5
405393,aftasee,,2,0,2,2,0,2,0,0,0,0,5
405394,marinnamt,,2,0,2,2,0,2,0,0,0,0,5
405395,Dj_Kaefe,,2,0,2,2,0,2,0,0,0,0,5
405396,lizethcarlon,,2,0,2,2,0,2,0,0,0,0,5
405397,Alejandra_Nep,,2,0,2,2,0,2,0,0,0,0,5
405398,alexisgaalvan,,2,0,2,2,0,2,0,0,0,0,5
405399,laperlanegrabad,,2,0,2,2,0,2,0,0,0,0,5
405402,coolmalaga,,2,0,2,2,0,2,0,0,0,0,1
405403,thrilly89,,2,0,2,2,0,2,0,0,0,0,5
405404,VoodooBadajoz,,2,0,2,2,0,2,0,0,0,0,5
405405,EmergencBadajoz,,2,0,2,2,0,2,0,0,0,0,5
405406,motionhostels,,2,0,2,2,0,2,0,0,0,0,5
405407,Onlius,,2,0,2,2,0,2,0,0,0,0,5
405408,claudiacaputo87,,2,0,2,2,0,2,0,0,0,0,5
405409,achilistudios,,2,0,2,2,0,2,0,0,0,0,5
405410,Lourdes_lb90,,2,0,2,2,0,2,0,0,0,0,5
405411,moni_donuts,,2,0,2,2,0,2,0,0,0,0,5
405413,marguerm,,2,0,2,2,0,2,0,0,0,0,5
405414,JulioMat23,,2,0,2,2,0,2,0,0,0,0,5
405415,sandabadoo,,2,0,2,2,0,2,0,0,0,0,5
405416,CEMUEx,,2,0,2,2,0,2,0,0,0,0,5
405417,Adamantinoma,,2,0,2,2,0,2,0,0,0,0,5
405418,elchaparrodeali,,2,0,2,2,0,2,0,0,0,0,5
405419,Pa_Avila,,2,0,2,2,0,2,0,0,0,0,5
405420,EstudiantesEPCC,,2,0,2,2,0,2,0,0,0,0,5
405421,eras4journalism,,2,0,2,2,0,2,0,0,0,0,5
405422,jaimeaudiologia,,2,0,2,2,0,2,0,0,0,0,5
405423,enviosimple,,3,0,3,3,0,3,0,0,0,0,5
405424,acftierrabarros,,2,0,2,2,0,2,0,0,0,0,5
405425,jjonathanromero,,2,0,2,2,0,2,0,0,0,0,5
405426,Rociito_MD,,2,0,2,2,0,2,0,0,0,0,5
405427,rocalo87,,2,0,2,2,0,2,0,0,0,0,5
405428,bellalupertv,,2,0,2,2,0,2,0,0,0,0,5
405429,joseramon_mf,,2,0,2,2,0,2,0,0,0,0,5
405430,fehispor,,2,0,2,2,0,2,0,0,0,0,5
405431,M82Isabel,,2,0,2,2,0,2,0,0,0,0,5
405432,CarmenCume,,2,0,2,2,0,2,0,0,0,0,5
405433,Teaching_Italy,,2,0,2,2,0,2,0,0,0,0,5
405434,AlmudenaLeytonT,,2,0,2,2,0,2,0,0,0,0,5
405435,LlanoTineo,,2,0,2,2,0,2,0,0,0,0,5
405436,acordovilla,,2,0,2,2,0,2,0,0,0,0,5
405437,agendacaceres,,2,0,2,2,0,2,0,0,0,0,5
405438,BadajozBot,,2,0,2,2,0,2,0,0,0,0,5
405439,Goapartments,,2,0,2,2,0,2,0,0,0,0,1
405440,CristinaMornLpe,,2,0,2,2,0,2,0,0,0,0,5
405441,TurkishOlympiad,,2,0,2,2,0,2,0,0,0,0,7
405442,HighlightCity,,2,0,2,2,0,2,0,0,0,0,5
405443,eg93risco,,2,0,2,2,0,2,0,0,0,0,5
405444,crisrtoscano,,2,0,2,2,0,2,0,0,0,0,5
405445,thaniaparam,,2,0,2,2,0,2,0,0,0,0,5
405446,rocamora91,,2,0,2,2,0,2,0,0,0,0,5
405447,consejoplasen,,2,0,2,2,0,2,0,0,0,0,5
405448,JohnKolmee,,2,0,2,2,0,2,0,0,0,0,5
405449,BadajozEnBlanco,,2,0,2,2,0,2,0,0,0,0,5
405450,Extremadura7D,,2,0,2,2,0,2,0,0,0,0,5
405452,Caldera_cc,,2,0,2,2,0,2,0,0,0,0,5
405453,estercii,,2,0,2,2,0,2,0,0,0,0,5
405454,Noemicch,,2,0,2,2,0,2,0,0,0,0,5
405455,hachedelgado_,,2,0,2,2,0,2,0,0,0,0,5
405456,Pablo_HerasP,,2,0,2,2,0,2,0,0,0,0,5
405459,Guiri46,,2,0,2,2,0,2,0,0,0,0,5
405460,BombayMiix,,2,0,2,2,0,2,0,0,0,0,5
405461,MariLuz_MJ,,2,0,2,2,0,2,0,0,0,0,5
405462,AnaDMP,,2,0,2,2,0,2,0,0,0,0,5
405463,joslopcha1,,2,0,2,2,0,2,0,0,0,0,5
405464,Igudig,,2,0,2,2,0,2,0,0,0,0,4
405465,Raquelmth,,2,0,2,2,0,2,0,0,0,0,5
405466,UPOlivenza,,2,0,2,2,0,2,0,0,0,0,5
405467,jamboteca_bdjz,,2,0,2,2,0,2,0,0,0,0,5
405468,ndiazsan,,2,0,2,2,0,2,0,0,0,0,5
405469,NocheRomana,,2,0,2,2,0,2,0,0,0,0,5
405471,LisaMaloney9,,2,0,2,2,0,2,0,0,0,0,5
405472,FBilotti,,2,0,2,2,0,2,0,0,0,0,5
405473,guilleregana,,2,0,2,2,0,2,0,0,0,0,5
405474,GermanGonRam,,2,0,2,2,0,2,0,0,0,0,5
405475,Churry86,,2,0,2,2,0,2,0,0,0,0,5
405476,MissRaquelo,,2,0,2,2,0,2,0,0,0,0,5
405477,ilariastraga,,2,0,2,2,0,2,0,0,0,0,5
405479,BorjaMiel,,2,0,2,2,0,2,0,0,0,0,5
405482,ParideNovelli,,2,0,2,2,0,2,0,0,0,0,5
405483,GeeLyJi,,2,0,2,2,0,2,0,0,0,0,5
405484,GambaMartina,,2,0,2,2,0,2,0,0,0,0,5
405486,homeinmalaga,,2,0,2,2,0,2,0,0,0,0,1
405487,suramassilva,,2,0,2,2,0,2,0,0,0,0,5
405488,splinter_t,,2,0,2,2,0,2,0,0,0,0,5
405489,newgaramondjc,,2,0,2,2,0,2,0,0,0,0,0
405491,cnrozn,,2,0,2,2,0,2,0,0,0,0,5
405496,Hawkeye_CZ,,3,0,3,3,0,3,0,0,0,0,2
405503,FirthunandsVc,,2,0,2,2,0,2,0,0,0,0,5
405505,Caaarolina239,,2,0,2,2,0,2,0,0,0,0,5
405507,AINEWHITE24,,2,0,2,2,0,2,0,0,0,0,5
405511,mochi_ba,,2,0,2,2,0,2,0,0,0,0,3
405513,PGRelocation,,3,0,3,3,0,3,0,0,0,0,5
405515,soloalquileres1,,2,0,2,2,0,2,0,0,0,0,5
405516,danielpayo,,2,0,2,2,0,2,0,0,0,0,5
405519,paco_alcantara,,2,0,2,2,0,2,0,0,0,0,5
405520,Inma_gata,,2,0,2,2,0,2,0,0,0,0,5
405523,bASSIEx,,2,0,2,2,0,2,0,0,0,0,1
405527,revistatrastero,,2,0,2,2,0,2,0,0,0,0,5
405528,CharlotteWalms,,2,0,2,2,0,2,0,0,0,0,5
405529,JaimeDuri,,2,0,2,2,0,2,0,0,0,0,5
405530,BODEGASLAPELINA,,2,0,2,2,0,2,0,0,0,0,5
405565,TinyDeal,,2,0,2,2,0,2,0,0,0,0,3
405590,ZdravkoOnline,,2,0,2,2,0,2,0,0,0,0,2
405602,navolnenoze,,2,0,2,2,0,2,0,0,0,0,1
405604,DominikFeri,,2,0,2,2,0,2,0,0,0,0,2
405633,VojtechVe,,2,0,2,2,0,2,0,0,0,0,2
405645,younie_cz,,2,0,2,2,0,2,0,0,0,0,1
405656,ODScz,,2,0,2,2,0,2,0,0,0,0,2
405676,SamkovaEva,,2,0,2,2,0,2,0,0,0,0,2
405699,Michaela_Z_,,2,0,2,2,0,2,0,0,0,0,2
405701,beecoolcz,,2,0,2,2,0,2,0,0,0,0,2
405707,JankaZbonkova,,2,0,2,2,0,2,0,0,0,0,2
405714,VSTECB,,2,0,2,2,0,2,0,0,0,0,2
405726,joserinc,,2,0,2,2,0,2,0,0,0,0,2
405730,CzechOfficial,,2,0,2,2,0,2,0,0,0,0,2
405755,CT24zive,,2,0,2,2,0,2,0,0,0,0,2
405767,charlesbass,,2,0,2,2,0,2,0,0,0,0,2
405778,czech_republic,,2,0,2,2,0,2,0,0,0,0,2
405780,googlebooks,,2,0,2,2,0,2,0,0,0,0,2
405785,SchezCarolina,,2,0,2,2,0,2,0,0,0,0,5
405786,PabloLechado,,2,0,2,2,0,2,0,0,0,0,5
405794,kikotas92,,2,0,2,2,0,2,0,0,0,0,5
405800,anasol2104,,2,0,2,2,0,2,0,0,0,0,5
405802,Adriperezroa,,2,0,2,2,0,2,0,0,0,0,5
405803,NikaMeca,,2,0,2,2,0,2,0,0,0,0,5
405805,rgpablo2,,2,0,2,2,0,2,0,0,0,0,5
405806,jms093,,2,0,2,2,0,2,0,0,0,0,5
405808,MaariMuro,,2,0,2,2,0,2,0,0,0,0,5
405812,AlbinArdillas,,2,0,2,2,0,2,0,0,0,0,5
405813,ClaraaFernandez,,2,0,2,2,0,2,0,0,0,0,5
405814,ManuFantasmikos,,2,0,2,2,0,2,0,0,0,0,5
405829,ChemaMartn,,2,0,2,2,0,2,0,0,0,0,5
405830,xavier_lm24,,2,0,2,2,0,2,0,0,0,0,5
405844,RaulPulido93,,2,0,2,2,0,2,0,0,0,0,5
405850,luisdagd92,,2,0,2,2,0,2,0,0,0,0,5
405860,JM_ZamoraS,,2,0,2,2,0,2,0,0,0,0,5
405868,alimuiba,,2,0,2,2,0,2,0,0,0,0,5
405870,rquintanah,,2,0,2,2,0,2,0,0,0,0,5
405883,cristian_rqw,,2,0,2,2,0,2,0,0,0,0,5
405889,InefUGR,,2,0,2,2,0,2,0,0,0,0,5
405898,JuaM93,,2,0,2,2,0,2,0,0,0,0,5
405907,link_anarquista,,2,0,2,2,0,2,0,0,0,0,4
405909,BrujasFeminista,,2,0,2,2,0,2,0,0,0,0,4
405934,STUKLeuven,,2,0,2,2,0,2,0,0,0,0,1
405937,CasaRuralUrbasa,,2,0,2,2,0,2,0,0,0,0,0
405940,casarurales20,,2,0,2,2,0,2,0,0,0,0,0
405956,LaJirola,,2,0,2,2,0,2,0,0,0,0,0
405963,lalomilla,,2,0,2,2,0,2,0,0,0,0,0
405968,aduretxeza,,2,0,2,2,0,2,0,0,0,0,0
405971,snowfestivals,,2,0,2,2,0,2,0,0,0,0,0
405974,ayto_jerez_mqdo,,2,0,2,2,0,2,0,0,0,0,0
405977,skiofertas,,4,0,4,4,0,4,0,0,0,0,0
405978,fuentelateja,,2,0,2,2,0,2,0,0,0,0,0
405979,Sperisevento10,,2,0,2,2,0,2,0,0,0,0,0
405981,SierraNevadaFM,,2,0,2,2,0,2,0,0,0,0,0
405988,F_SierraNevada,,2,0,2,2,0,2,0,0,0,0,0
405989,isediSN,,2,0,2,2,0,2,0,0,0,0,0
405992,aeroboqueron,,2,0,2,2,0,2,0,0,0,0,0
405994,SNevadaCupon,,2,0,2,2,0,2,0,0,0,0,0
405998,snutahoe,,2,0,2,2,0,2,0,0,0,0,0
406000,esierranevada,,2,0,2,2,0,2,0,0,0,0,0
406001,PRSASierra,,2,0,2,2,0,2,0,0,0,0,0
406004,nivalis,,2,0,2,2,0,2,0,0,0,0,0
406005,reyesantaolalla,,2,0,2,2,0,2,0,0,0,0,0
406007,olmohernan,,2,0,2,2,0,2,0,0,0,0,0
406020,BOMBERSMONACHIL,,2,0,2,2,0,2,0,0,0,0,2
406030,BandadeMonachil,,2,0,2,2,0,2,0,0,0,0,0
406031,InvMonachil,,2,0,2,2,0,2,0,0,0,0,2
406032,Villalon7,,2,0,2,2,0,2,0,0,0,0,0
406033,psoeMonachil,,2,0,2,2,0,2,0,0,0,0,0
406034,JuanseMonachil,,2,0,2,2,0,2,0,0,0,0,2
406036,Monachil2013,,2,0,2,2,0,2,0,0,0,0,0
406038,PPMONACHIL,,2,0,2,2,0,2,0,0,0,0,0
406039,GrupoAndaluz,,2,0,2,2,0,2,0,0,0,0,0
406041,hotelbalcon,,2,0,2,2,0,2,0,0,0,0,0
406049,Brainport_ehv,,2,0,2,2,0,2,0,0,0,0,1
406051,EuZaTweedeKamer,,2,0,2,2,0,2,0,0,0,0,1
406053,EuropassNL,,2,0,2,2,0,2,0,0,0,0,1
406054,Thdegraaf,,2,0,2,2,0,2,0,0,0,0,1
406058,LAKStweets,,2,0,2,2,0,2,0,0,0,0,1
406061,StaatsGuus,,2,0,2,2,0,2,0,0,0,0,1
406062,freddyweima,,2,0,2,2,0,2,0,0,0,0,1
406065,studentennet,,2,0,2,2,0,2,0,0,0,0,1
406067,Onderwijsraad,,2,0,2,2,0,2,0,0,0,0,1
406068,CINOP_Europe,,2,0,2,2,0,2,0,0,0,0,1
406069,LKvV,,2,0,2,2,0,2,0,0,0,0,1
406070,Ver_Hogescholen,,2,0,2,2,0,2,0,0,0,0,1
406076,EHESP,,2,0,2,2,0,2,0,0,0,0,1
406085,Sc_Po_Rennes,,2,0,2,2,0,2,0,0,0,0,1
406087,INSA_Rennes,,2,0,2,2,0,2,0,0,0,0,1
406103,speckproducts,,2,0,2,2,0,2,0,0,0,0,2
406119,AndroidAuth,,2,0,2,2,0,2,0,0,0,0,2
406147,AzzolinaLucia,,2,0,2,2,0,2,0,0,0,0,3
406166,regionetoscana,,2,0,2,2,0,2,0,0,0,0,3
406251,niccolo_c,,2,0,2,2,0,2,0,0,0,0,3
406253,Renzoseccia,,2,0,2,2,0,2,0,0,0,0,3
406317,gennaromigliore,,2,0,2,2,0,2,0,0,0,0,3
406387,eccocitoscana,,2,0,2,2,0,2,0,0,0,0,3
406388,lorenzo_perra,,2,0,2,2,0,2,0,0,0,0,3
406391,CosimoGuccione,,2,0,2,2,0,2,0,0,0,0,3
406413,Itafoodtoday,,2,0,2,2,0,2,0,0,0,0,3
406439,LePlus,,2,0,2,2,0,2,0,0,0,0,8
406467,ophthaweb,,2,0,2,2,0,2,0,0,0,0,3
406474,PuglisiPD,,2,0,2,2,0,2,0,0,0,0,3
406536,AndreaRomano9,,3,0,3,3,0,3,0,0,0,0,3
406544,wildewoofs,,2,0,2,2,0,2,0,0,0,0,3
406589,FrancTarantino,,2,0,2,2,0,2,0,0,0,0,3
406605,GialappasB,,2,0,2,2,0,2,0,0,0,0,3
406635,CorradinoMineo,,2,0,2,2,0,2,0,0,0,0,3
406637,miaceran,,2,0,2,2,0,2,0,0,0,0,3
406641,gdnazionale,,2,0,2,2,0,2,0,0,0,0,3
406671,f_crimi,,2,0,2,2,0,2,0,0,0,0,3
406673,LucaDeGaetano,,2,0,2,2,0,2,0,0,0,0,3
406678,F_Pigliaru,,2,0,2,2,0,2,0,0,0,0,3
406705,SalvatoreMerlo,,2,0,2,2,0,2,0,0,0,0,3
406708,bacioneafirenze,,2,0,2,2,0,2,0,0,0,0,3
406711,_luigicontu,,2,0,2,2,0,2,0,0,0,0,3
406714,F_Boccia,,2,0,2,2,0,2,0,0,0,0,3
406716,Biblioblate,,2,0,2,2,0,2,0,0,0,0,3
406720,TuttoDante,,2,0,2,2,0,2,0,0,0,0,3
406725,musefirenze,,2,0,2,2,0,2,0,0,0,0,3
406730,carlogabardini,,2,0,2,2,0,2,0,0,0,0,3
406744,SkyscannerIT,,2,0,2,2,0,2,0,0,0,0,1
406758,erealacci,,2,0,2,2,0,2,0,0,0,0,3
406764,Ettore_Rosato,,2,0,2,2,0,2,0,0,0,0,3
406772,monitimattarell,,2,0,2,2,0,2,0,0,0,0,3
406775,andreadelogu,,2,0,2,2,0,2,0,0,0,0,3
406787,IgersToscana,,2,0,2,2,0,2,0,0,0,0,1
406789,bragachiara,,2,0,2,2,0,2,0,0,0,0,3
406803,ArezzoNotizie,,2,0,2,2,0,2,0,0,0,0,3
406822,InstituteGC,,2,0,2,2,0,2,0,0,0,0,3
406859,ArezzoWave,,2,0,2,2,0,2,0,0,0,0,3
406868,orfini,,2,0,2,2,0,2,0,0,0,0,3
406897,AndreaMarcucci,,2,0,2,2,0,2,0,0,0,0,3
406908,itukariyer,,2,0,2,2,0,2,0,0,0,0,7
406910,Ritim_Roof,,2,0,2,2,0,2,0,0,0,0,7
406911,offlineistanbul,,2,0,2,2,0,2,0,0,0,0,7
406918,GeneveMagazine,,2,0,2,2,0,2,0,0,0,0,7
406935,INTOmadrid,,2,0,2,2,0,2,0,0,0,0,1
406939,DORueda,,2,0,2,2,0,2,0,0,0,0,1
406949,Aeroplan,,2,0,2,2,0,2,0,0,0,0,1
406968,lapocimamkt,,2,0,2,2,0,2,0,0,0,0,1
406970,CECAMAGAN,,2,0,2,2,0,2,0,0,0,0,1
406972,AdrianGuindi,,2,0,2,2,0,2,0,0,0,0,1
406984,ALANNEILVK,,2,0,2,2,0,2,0,0,0,0,1
406990,Cronopios_Lang,,2,0,2,2,0,2,0,0,0,0,1
406991,elrascadelaroja,,2,0,2,2,0,2,0,0,0,0,1
406996,evangelsports,,2,0,2,2,0,2,0,0,0,0,1
406997,Silvia_L693,,2,0,2,2,0,2,0,0,0,0,1
406999,Haiku_T,,2,0,2,2,0,2,0,0,0,0,1
407002,e_resina,,2,0,2,2,0,2,0,0,0,0,1
407004,2worldscollide_,,2,0,2,2,0,2,0,0,0,0,1
407009,salvadalisimo,,2,0,2,2,0,2,0,0,0,0,1
407013,vipmadridUAX,,2,0,2,2,0,2,0,0,0,0,1
407014,erasmusmadrid,,2,0,2,2,0,2,0,0,0,0,2
407023,targetjobsUK,,2,0,2,2,0,2,0,0,0,0,2
407035,roflcopterftw,,2,0,2,2,0,2,0,0,0,0,2
407036,BrumLions,,2,0,2,2,0,2,0,0,0,0,2
407042,uopalumni,,2,0,2,2,0,2,0,0,0,0,2
407100,DoctorChristian,,2,0,2,2,0,2,0,0,0,0,6
407108,WorIdUpdates,,2,0,2,2,0,2,0,0,0,0,3
407133,ZebranoBars,,2,0,2,2,0,2,0,0,0,0,2
407150,portsmouthsu,,2,0,2,2,0,2,0,0,0,0,2
407177,bethtweddlenews,,2,0,2,2,0,2,0,0,0,0,1
407184,TheScript_Danny,,2,0,2,2,0,2,0,0,0,0,2
407198,Cheska85,,2,0,2,2,0,2,0,0,0,0,2
407239,tsrmatters,,2,0,2,2,0,2,0,0,0,0,2
407246,spanish_phrase,,2,0,2,2,0,2,0,0,0,0,2
407323,Dios_Padre,,2,0,2,2,0,2,0,0,0,0,2
407351,Sheldon_Cooper_,,2,0,2,2,0,2,0,0,0,0,0
407361,FalsePeterFG,,2,0,2,2,0,2,0,0,0,0,2
407397,katenash,,2,0,2,2,0,2,0,0,0,0,2
407403,amijames,,2,0,2,2,0,2,0,0,0,0,2
407410,DerrenBrown,,2,0,2,2,0,2,0,0,0,0,2
407414,AQA,,2,0,2,2,0,2,0,0,0,0,2
407418,LaTasca,,2,0,2,2,0,2,0,0,0,0,0
407439,Vespa_Official,,2,0,2,2,0,2,0,0,0,0,2
407463,Losalisiosblog,,2,0,2,2,0,2,0,0,0,0,1
407497,EiTBKultura,,2,0,2,2,0,2,0,0,0,0,1
407507,SALASONORA,,2,0,2,2,0,2,0,0,0,0,1
407517,TandemSpot,,2,0,2,2,0,2,0,0,0,0,1
407541,cantabriaorient,,2,0,2,2,0,2,0,0,0,0,1
407549,theloaflab,,2,0,2,2,0,2,0,0,0,0,1
407562,garanet,,2,0,2,2,0,2,0,0,0,0,1
407563,ideateca,,2,0,2,2,0,2,0,0,0,0,0
407569,OferplanBizkaia,,2,0,2,2,0,2,0,0,0,0,1
407575,eitbNoticias,,2,0,2,2,0,2,0,0,0,0,1
407582,bilbaobasket,,2,0,2,2,0,2,0,0,0,0,1
407594,teknologiak,,2,0,2,2,0,2,0,0,0,0,1
407597,Holiday_World,,2,0,2,2,0,2,0,0,0,0,0
407600,salainversiones,,2,0,2,2,0,2,0,0,0,0,0
407603,medinalameda,,2,0,2,2,0,2,0,0,0,0,0
407625,FedericoJimnez,,2,0,2,2,0,2,0,0,0,0,0
407631,DestinationHost,,2,0,2,2,0,2,0,0,0,0,0
407635,Pasiegas,,2,0,2,2,0,2,0,0,0,0,0
407636,MusicFavorita,,2,0,2,2,0,2,0,0,0,0,0
407637,MalafollaA,,3,0,3,3,0,3,0,0,0,0,0
407638,Grxinnova,,3,0,3,3,0,3,0,0,0,0,0
407640,JorgeCabhur,,2,0,2,2,0,2,0,0,0,0,0
407643,pruiz347,,2,0,2,2,0,2,0,0,0,0,0
407645,gbmingenieria,,2,0,2,2,0,2,0,0,0,0,0
407646,PlayFitnessES,,2,0,2,2,0,2,0,0,0,0,0
407647,SaraGalin,,2,0,2,2,0,2,0,0,0,0,0
407650,EmprenderMas,,2,0,2,2,0,2,0,0,0,0,0
407651,GrupoReinaCris,,3,0,3,3,0,3,0,0,0,0,0
407655,tekkamola,,2,0,2,2,0,2,0,0,0,0,0
407656,IkoGalindo,,2,0,2,2,0,2,0,0,0,0,0
407657,elfollonero,,2,0,2,2,0,2,0,0,0,0,0
407659,GadorJ,,2,0,2,2,0,2,0,0,0,0,0
407660,anaj_a,,2,0,2,2,0,2,0,0,0,0,0
407661,semartinco,,3,0,3,3,0,3,0,0,0,0,0
407662,alejandrojmora,,3,0,3,3,0,3,0,0,0,0,0
407668,zapier,,2,0,2,2,0,2,0,0,0,0,1
407734,EBSuniversitaet,,2,0,2,2,0,2,0,0,0,0,1
407740,HS_Schmalkalden,,2,0,2,2,0,2,0,0,0,0,1
407743,HS_Mainz,,2,0,2,2,0,2,0,0,0,0,1
407744,hsmw,,2,0,2,2,0,2,0,0,0,0,1
407746,MunichBSchool,,2,0,2,2,0,2,0,0,0,0,1
407750,HS_Osnabrueck,,2,0,2,2,0,2,0,0,0,0,1
407753,THochschuleOWL,,2,0,2,2,0,2,0,0,0,0,1
407756,hhlleipzig,,2,0,2,2,0,2,0,0,0,0,1
407757,akaduniversity,,2,0,2,2,0,2,0,0,0,0,1
407758,SpohoKoeln,,2,0,2,2,0,2,0,0,0,0,1
407759,CBSinfo,,2,0,2,2,0,2,0,0,0,0,1
407760,HochschuleRW,,2,0,2,2,0,2,0,0,0,0,1
407763,karlshochschule,,2,0,2,2,0,2,0,0,0,0,1
407764,TU_Ilmenau,,2,0,2,2,0,2,0,0,0,0,1
407767,TUHamburg,,2,0,2,2,0,2,0,0,0,0,1
407768,THE_KLU,,2,0,2,2,0,2,0,0,0,0,1
407769,HAW_Hamburg,,2,0,2,2,0,2,0,0,0,0,1
407770,HSBA_,,2,0,2,2,0,2,0,0,0,0,1
407773,WHPresse,,2,0,2,2,0,2,0,0,0,0,1
407774,hs_furtwangen,,2,0,2,2,0,2,0,0,0,0,1
407776,HHU_de,,2,0,2,2,0,2,0,0,0,0,1
407777,tudresden_de,,2,0,2,2,0,2,0,0,0,0,1
407780,TUChemnitz,,2,0,2,2,0,2,0,0,0,0,1
407782,HfKBremen,,2,0,2,2,0,2,0,0,0,0,1
407783,h_bonnrheinsieg,,2,0,2,2,0,2,0,0,0,0,1
407789,fernunihagen,,2,0,2,2,0,2,0,0,0,0,1
407790,DUW_Fernuni,,2,0,2,2,0,2,0,0,0,0,1
407791,HSKempten,,2,0,2,2,0,2,0,0,0,0,1
407792,ProvadisSchool,,2,0,2,2,0,2,0,0,0,0,1
407795,hmmuenchen,,2,0,2,2,0,2,0,0,0,0,4
407797,SRHHochschuleHD,,2,0,2,2,0,2,0,0,0,0,1
407798,HSWismarPresse,,2,0,2,2,0,2,0,0,0,0,1
407799,HSKoblenz,,2,0,2,2,0,2,0,0,0,0,1
407801,FH_Erfurt,,2,0,2,2,0,2,0,0,0,0,1
407802,fernstudium,,2,0,2,2,0,2,0,0,0,0,1
407805,RWTH,,2,0,2,2,0,2,0,0,0,0,1
407827,UCL_SRM,,2,0,2,2,0,2,0,0,0,0,1
407837,Change_for_Iran,,2,0,2,2,0,2,0,0,0,0,1
407838,NTUStudentNews,,2,0,2,2,0,2,0,0,0,0,1
407840,LeedStudentLife,,2,0,2,2,0,2,0,0,0,0,1
407847,BMJStudent,,2,0,2,2,0,2,0,0,0,0,1
407849,studentbeans,,2,0,2,2,0,2,0,0,0,0,1
407853,germanheit,,2,0,2,2,0,2,0,0,0,0,1
407854,recruitireland,,2,0,2,2,0,2,0,0,0,0,1
407861,fh_muenster,,2,0,2,2,0,2,0,0,0,0,1
407866,usskate1701,,2,0,2,2,0,2,0,0,0,0,1
407874,apaemmadrid,,2,0,2,2,0,2,0,0,0,0,1
407876,AbogadoTrafico,,2,0,2,2,0,2,0,0,0,0,6
407883,GAJLleida,,2,0,2,2,0,2,0,0,0,0,1
407887,fsjinformatica,,2,0,2,2,0,2,0,0,0,0,6
407892,MICAPinforma,,2,0,2,2,0,2,0,0,0,0,1
407896,dvdmzz,,2,0,2,2,0,2,0,0,0,0,1
407905,AlaAbog,,2,0,2,2,0,2,0,0,0,0,1
407908,GAJCeuta,,2,0,2,2,0,2,0,0,0,0,1
407909,JManuelCubillas,,2,0,2,2,0,2,0,0,0,0,1
407933,mmrodtam,,2,0,2,2,0,2,0,0,0,0,1
407948,jmmtovar66,,2,0,2,2,0,2,0,0,0,0,1
407952,GajGranollers,,2,0,2,2,0,2,0,0,0,0,1
407953,AJACadiz,,2,0,2,2,0,2,0,0,0,0,1
407956,e_iurelex,,2,0,2,2,0,2,0,0,0,0,0
407957,AAJLeon,,2,0,2,2,0,2,0,0,0,0,1
407959,gajmataro,,2,0,2,2,0,2,0,0,0,0,1
407963,JuanPerezAranda,,2,0,2,2,0,2,0,0,0,0,1
407969,weilabogado,,2,0,2,2,0,2,0,0,0,0,1
407991,mnlgutierrez,,2,0,2,2,0,2,0,0,0,0,1
407994,ElenaAbogadaTIC,,2,0,2,2,0,2,0,0,0,0,1
408005,emy_WEC,,2,0,2,2,0,2,0,0,0,0,1
408023,hanxu88,,2,0,2,2,0,2,0,0,0,0,0
408033,alexgnv23,,2,0,2,2,0,2,0,0,0,0,1
408038,MsDoriffy,,2,0,2,2,0,2,0,0,0,0,7
408045,tulliagaldieri,,2,0,2,2,0,2,0,0,0,0,1
408051,Victorvazquezma,,2,0,2,2,0,2,0,0,0,0,1
408053,MercedesManzano,,2,0,2,2,0,2,0,0,0,0,1
408055,DiscoCats_UAX,,2,0,2,2,0,2,0,0,0,0,3
408058,anavizcainog,,2,0,2,2,0,2,0,0,0,0,1
408061,PizzamiglioAnna,,2,0,2,2,0,2,0,0,0,0,0
408062,MartaLori90,,2,0,2,2,0,2,0,0,0,0,1
408064,ferkando12,,2,0,2,2,0,2,0,0,0,0,1
408073,EsLibro,,2,0,2,2,0,2,0,0,0,0,1
408075,CampsCesar,,2,0,2,2,0,2,0,0,0,0,1
408077,erasmus_tv,,2,0,2,2,0,2,0,0,0,0,5
408078,mercedeslk,,2,0,2,2,0,2,0,0,0,0,1
408088,paulettegurdie,,2,0,2,2,0,2,0,0,0,0,1
408094,HugoVonPreussen,,2,0,2,2,0,2,0,0,0,0,1
408095,karma0321,,2,0,2,2,0,2,0,0,0,0,0
408102,monica_vb_,,2,0,2,2,0,2,0,0,0,0,3
408103,capbul,,2,0,2,2,0,2,0,0,0,0,1
408111,TreintayTantos1,,2,0,2,2,0,2,0,0,0,0,1
408115,Meri_Pops,,2,0,2,2,0,2,0,0,0,0,1
408124,palopalm,,2,0,2,2,0,2,0,0,0,0,0
408129,ESN_Observer,,2,0,2,2,0,2,0,0,0,0,1
408130,JavierSerrats,,2,0,2,2,0,2,0,0,0,0,1
408131,frankpask,,2,0,2,2,0,2,0,0,0,0,1
408136,mikele_siete,,2,0,2,2,0,2,0,0,0,0,1
408139,CeCdric,,2,0,2,2,0,2,0,0,0,0,4
408140,CarlosJMS82,,2,0,2,2,0,2,0,0,0,0,1
408141,AquapurifSystem,,2,0,2,2,0,2,0,0,0,0,1
408146,P2G_Espana,,2,0,2,2,0,2,0,0,0,0,1
408153,LoMarahya,,2,0,2,2,0,2,0,0,0,0,2
408154,hrismael,,2,0,2,2,0,2,0,0,0,0,0
408160,barbubbles,,2,0,2,2,0,2,0,0,0,0,0
408170,Giacomomassirio,,2,0,2,2,0,2,0,0,0,0,3
408236,jdtentrena,,2,0,2,2,0,2,0,0,0,0,0
408268,R3dgM,,2,0,2,2,0,2,0,0,0,0,4
408284,JosePinoPA,,2,0,2,2,0,2,0,0,0,0,0
408292,grupoBALLIX,,2,0,2,2,0,2,0,0,0,0,1
408294,AnitaFdezdeosso,,2,0,2,2,0,2,0,0,0,0,6
408311,correoaxarquia,,2,0,2,2,0,2,0,0,0,0,0
408339,Malibujjpm,,2,0,2,2,0,2,0,0,0,0,1
408428,BFTSportClinic,,2,0,2,2,0,2,0,0,0,0,1
408473,rllopis_CU,,2,0,2,2,0,2,0,0,0,0,1
408480,FMestates,,2,0,2,2,0,2,0,0,0,0,1
408481,AquaCreative,,2,0,2,2,0,2,0,0,0,0,1
408489,Axalingua,,2,0,2,2,0,2,0,0,0,0,1
408499,marbellapulse,,2,0,2,2,0,2,0,0,0,0,1
408500,robertocuadros1,,2,0,2,2,0,2,0,0,0,0,1
408511,amartinbosque,,2,0,2,2,0,2,0,0,0,0,1
408512,VoicesEnEspanol,,2,0,2,2,0,2,0,0,0,0,6
408513,mmfhpalen,,2,0,2,2,0,2,0,0,0,0,1
408516,spainflorist,,2,0,2,2,0,2,0,0,0,0,1
408525,interele,,2,0,2,2,0,2,0,0,0,0,1
408530,juanmiperles,,2,0,2,2,0,2,0,0,0,0,1
408532,RosaPuramassage,,2,0,2,2,0,2,0,0,0,0,1
408534,SacrementoNo4,,2,0,2,2,0,2,0,0,0,0,1
408535,rtorres_85,,2,0,2,2,0,2,0,0,0,0,1
408536,fergar9,,2,0,2,2,0,2,0,0,0,0,1
408542,HustlingHector,,2,0,2,2,0,2,0,0,0,0,1
408545,RosiKovacheva,,2,0,2,2,0,2,0,0,0,0,6
408549,polyglotwit,,2,0,2,2,0,2,0,0,0,0,1
408555,Bildungsurlaub,,2,0,2,2,0,2,0,0,0,0,1
408557,JuanaRuizMena,,2,0,2,2,0,2,0,0,0,0,1
408561,Carlaryla,,2,0,2,2,0,2,0,0,0,0,1
408562,maguitaevohe,,2,0,2,2,0,2,0,0,0,0,1
408565,PatriciaPRocha,,2,0,2,2,0,2,0,0,0,0,1
408571,PiliCarilla,,2,0,2,2,0,2,0,0,0,0,1
408575,mundaysa,,2,0,2,2,0,2,0,0,0,0,1
408583,centroene,,2,0,2,2,0,2,0,0,0,0,1
408585,DescuentosMLG,,2,0,2,2,0,2,0,0,0,0,7
408587,mgcephei,,2,0,2,2,0,2,0,0,0,0,1
408588,EbbiBooks,,2,0,2,2,0,2,0,0,0,0,7
408591,MoversAlhambra,,2,0,2,2,0,2,0,0,0,0,2
408596,corralestoro84,,2,0,2,2,0,2,0,0,0,0,0
408598,m4monterogarcia,,2,0,2,2,0,2,0,0,0,0,1
408599,w_babel,,2,0,2,2,0,2,0,0,0,0,1
408610,M_GCollado,,2,0,2,2,0,2,0,0,0,0,1
408613,Ruta_N_,,2,0,2,2,0,2,0,0,0,0,1
408614,spanischde,,2,0,2,2,0,2,0,0,0,0,1
408616,m_cordoba_g,,2,0,2,2,0,2,0,0,0,0,1
408620,alacenademalaga,,2,0,2,2,0,2,0,0,0,0,1
408621,Roc_Bau,,2,0,2,2,0,2,0,0,0,0,1
408622,JuanJIzquierdo1,,2,0,2,2,0,2,0,0,0,0,1
408624,Aprendespanish,,2,0,2,2,0,2,0,0,0,0,1
408632,escuchac,,2,0,2,2,0,2,0,0,0,0,1
408643,ArcosTangoShow,,2,0,2,2,0,2,0,0,0,0,1
408648,SG_LUCRECIA,,2,0,2,2,0,2,0,0,0,0,0
408652,citi_info,,2,0,2,2,0,2,0,0,0,0,4
408659,eckates,,2,0,2,2,0,2,0,0,0,0,1
408660,ronaldbatchelo1,,2,0,2,2,0,2,0,0,0,0,1
408661,LorenaCastro,,2,0,2,2,0,2,0,0,0,0,1
408666,myescuelita,,2,0,2,2,0,2,0,0,0,0,1
408671,sprachdirekt,,2,0,2,2,0,2,0,0,0,0,1
408672,2DayLanguages,,2,0,2,2,0,2,0,0,0,0,1
408675,garciafuertes,,2,0,2,2,0,2,0,0,0,0,1
408677,mathigaELE,,2,0,2,2,0,2,0,0,0,0,1
408679,CEAndalucia,,2,0,2,2,0,2,0,0,0,0,4
408681,virtuallylouise,,2,0,2,2,0,2,0,0,0,0,0
408685,IALCA_Felca,,2,0,2,2,0,2,0,0,0,0,1
408699,BatallaFriki,,2,0,2,2,0,2,0,0,0,0,1
408703,Na_carrera,,2,0,2,2,0,2,0,0,0,0,6
408719,DirectoMalaga,,2,0,2,2,0,2,0,0,0,0,4
408746,Lingonexus,,2,0,2,2,0,2,0,0,0,0,1
408750,HastaPronto_eu,,2,0,2,2,0,2,0,0,0,0,1
408753,crookelaguna,,2,0,2,2,0,2,0,0,0,0,0
408756,Sandra_RDO,,2,0,2,2,0,2,0,0,0,0,1
408758,IH_Murcia,,2,0,2,2,0,2,0,0,0,0,1
408762,haraheld,,2,0,2,2,0,2,0,0,0,0,1
408775,So_ocial,,2,0,2,2,0,2,0,0,0,0,6
408835,PuertoTorreNEWS,,2,0,2,2,0,2,0,0,0,0,1
408934,futbolcarrasco,,2,0,2,2,0,2,0,0,0,0,7
408954,pepesu33,,2,0,2,2,0,2,0,0,0,0,0
408995,anarteortiz,,2,0,2,2,0,2,0,0,0,0,1
409016,FaroTorrox,,2,0,2,2,0,2,0,0,0,0,1
409035,futbol7malaga,,2,0,2,2,0,2,0,0,0,0,6
409061,05kiko,,2,0,2,2,0,2,0,0,0,0,1
409066,CD_Alhaurino,,2,0,2,2,0,2,0,0,0,0,1
409101,Felipe29021999,,2,0,2,2,0,2,0,0,0,0,1
409109,blazquezbalonma,,2,0,2,2,0,2,0,0,0,0,1
409113,ediaz_fisio,,2,0,2,2,0,2,0,0,0,0,0
409172,MichaelGame,,2,0,2,2,0,2,0,0,0,0,0
409194,bmciudaddealgec,,2,0,2,2,0,2,0,0,0,0,1
409197,suso_2020,,2,0,2,2,0,2,0,0,0,0,1
409213,migueanguita98,,2,0,2,2,0,2,0,0,0,0,1
409214,EstefiMendez85,,2,0,2,2,0,2,0,0,0,0,1
409243,fdezcm,,2,0,2,2,0,2,0,0,0,0,6
409245,PepeluNOVO,,2,0,2,2,0,2,0,0,0,0,0
409250,javierelvira7,,2,0,2,2,0,2,0,0,0,0,1
409293,cvpalomo,,2,0,2,2,0,2,0,0,0,0,1
409297,AltoRendEmocion,,2,0,2,2,0,2,0,0,0,0,0
409319,REMAXESPANA,,2,0,2,2,0,2,0,0,0,0,1
409321,EntrenaSalud,,2,0,2,2,0,2,0,0,0,0,0
409323,FABM_Malaga,,2,0,2,2,0,2,0,0,0,0,1
409324,AbiliaInmo,,2,0,2,2,0,2,0,0,0,0,1
409328,INSEEC_MScMBA,,2,0,2,2,0,2,0,0,0,0,6
409337,Insa_Strasbourg,,2,0,2,2,0,2,0,0,0,0,1
409339,UnivAntilles,,2,0,2,2,0,2,0,0,0,0,1
409340,Inserm,,2,0,2,2,0,2,0,0,0,0,1
409341,ESMEsudria,,2,0,2,2,0,2,0,0,0,0,1
409342,GroupeESIGELEC,,2,0,2,2,0,2,0,0,0,0,1
409343,UTJeanJaures,,2,0,2,2,0,2,0,0,0,0,1
409344,insarouen,,2,0,2,2,0,2,0,0,0,0,1
409345,ParisTech_News,,2,0,2,2,0,2,0,0,0,0,1
409347,utcompiegne,,2,0,2,2,0,2,0,0,0,0,1
409350,Universitepaix,,2,0,2,2,0,2,0,0,0,0,1
409351,UnivNantesBU,,2,0,2,2,0,2,0,0,0,0,1
409352,ICES_UnivCatho,,2,0,2,2,0,2,0,0,0,0,1
409353,ReseauUQ,,2,0,2,2,0,2,0,0,0,0,1
409355,umons,,2,0,2,2,0,2,0,0,0,0,1
409356,inrsciences,,2,0,2,2,0,2,0,0,0,0,1
409366,blasradio,,2,0,2,2,0,2,0,0,0,0,0
409372,ElGolazoDeGol,,2,0,2,2,0,2,0,0,0,0,6
409373,Eneristyle,,2,0,2,2,0,2,0,0,0,0,0
409381,ffoottooss,,2,0,2,2,0,2,0,0,0,0,0
409384,GIGANTESbasket,,2,0,2,2,0,2,0,0,0,0,0
409385,basketlover,,2,0,2,2,0,2,0,0,0,0,0
409388,facucampazzo,,2,0,2,2,0,2,0,0,0,0,0
409389,BerserkersRMCF,,2,0,2,2,0,2,0,0,0,0,6
409390,franmoralesgea,,2,0,2,2,0,2,0,0,0,0,0
409391,GemmitaSantos,,2,0,2,2,0,2,0,0,0,0,6
409392,CHAMARCAS,,2,0,2,2,0,2,0,0,0,0,0
409393,AlbertoGirTor,,2,0,2,2,0,2,0,0,0,0,0
409395,pantxopaniagua,,2,0,2,2,0,2,0,0,0,0,0
409396,pilarcasado,,2,0,2,2,0,2,0,0,0,0,0
409398,MovistarBasket,,2,0,2,2,0,2,0,0,0,0,0
409407,PabloLolaso,,2,0,2,2,0,2,0,0,0,0,5
409408,AlexODogherty,,2,0,2,2,0,2,0,0,0,0,0
409410,ArseCanada,,2,0,2,2,0,2,0,0,0,0,0
409411,danidiez11,,2,0,2,2,0,2,0,0,0,0,0
409415,msanchisoficial,,2,0,2,2,0,2,0,0,0,0,0
409417,deportivoavance,,2,0,2,2,0,2,0,0,0,0,0
409424,ESLLA86,,2,0,2,2,0,2,0,0,0,0,0
409425,scherbatskie,,2,0,2,2,0,2,0,0,0,0,6
409429,JLSaezR,,2,0,2,2,0,2,0,0,0,0,0
409442,amandie_e,,2,0,2,2,0,2,0,0,0,0,0
409443,Los_Manueles,,2,0,2,2,0,2,0,0,0,0,0
409449,IsabelPiticlin,,2,0,2,2,0,2,0,0,0,0,0
409450,RedesGRempleoII,,2,0,2,2,0,2,0,0,0,0,0
409453,juanfernandohh,,2,0,2,2,0,2,0,0,0,0,0
409454,JavierCondeB,,2,0,2,2,0,2,0,0,0,0,0
409455,RentyRoom,,2,0,2,2,0,2,0,0,0,0,0
409458,gorygor,,2,0,2,2,0,2,0,0,0,0,0
409459,fgp1984,,2,0,2,2,0,2,0,0,0,0,0
409461,CEJGranada,,2,0,2,2,0,2,0,0,0,0,0
409464,pisosengranada,,2,0,2,2,0,2,0,0,0,0,0
409465,granadaalamoda,,2,0,2,2,0,2,0,0,0,0,0
409475,Irenemaji,,2,0,2,2,0,2,0,0,0,0,0
409476,officialcafu,,2,0,2,2,0,2,0,0,0,0,0
409478,SemarEliteTri,,2,0,2,2,0,2,0,0,0,0,0
409558,ARCES_News,,2,0,2,2,0,2,0,0,0,0,2
409564,CotedorTourisme,,2,0,2,2,0,2,0,0,0,0,1
409579,Buuster_Fitness,,2,0,2,2,0,2,0,0,0,0,2
409621,dojo_tweets,,2,0,2,2,0,2,0,0,0,0,2
409631,fivebyfiveweb,,2,0,2,2,0,2,0,0,0,0,2
409736,CroydonCollege,,2,0,2,2,0,2,0,0,0,0,2
409809,shapeways,,2,0,2,2,0,2,0,0,0,0,2
409811,KevLovesBacon,,2,0,2,2,0,2,0,0,0,0,2
409826,RGS_IBG,,2,0,2,2,0,2,0,0,0,0,2
409827,EconWhichMBA,,2,0,2,2,0,2,0,0,0,0,1
409873,abilio_diniz,,2,0,2,2,0,2,0,0,0,0,2
409882,Padmasree,,2,0,2,2,0,2,0,0,0,0,2
409921,jack_welch,,2,0,2,2,0,2,0,0,0,0,2
409929,GDSTeam,,2,0,2,2,0,2,0,0,0,0,2
409931,DCMS,,2,0,2,2,0,2,0,0,0,0,2
409932,hmtreasury,,2,0,2,2,0,2,0,0,0,0,2
409934,HMRCgovuk,,2,0,2,2,0,2,0,0,0,0,3
410011,polifoniksound,,2,0,2,2,0,2,0,0,0,0,4
410016,joshduhamel,,2,0,2,2,0,2,0,0,0,0,4
410017,ComedyCentralUK,,2,0,2,2,0,2,0,0,0,0,2
410020,URJConline,,2,0,2,2,0,2,0,0,0,0,4
410027,cursosposgrados,,2,0,2,2,0,2,0,0,0,0,4
410029,Devilisawoman,,2,0,2,2,0,2,0,0,0,0,4
410031,GestionEventos,,3,0,3,3,0,3,0,0,0,0,4
410032,FeriaRRHH,,2,0,2,2,0,2,0,0,0,0,4
410035,080_bcn_fashion,,2,0,2,2,0,2,0,0,0,0,0
410039,LidiaHierro,,2,0,2,2,0,2,0,0,0,0,4
410068,blogosferarrhh,,2,0,2,2,0,2,0,0,0,0,4
410073,letsbeer_es,,2,0,2,2,0,2,0,0,0,0,4
410077,Only1womanblog,,2,0,2,2,0,2,0,0,0,0,4
410078,runacademy,,2,0,2,2,0,2,0,0,0,0,4
410081,MaevaEdiciones,,2,0,2,2,0,2,0,0,0,0,4
410087,lasanchez,,2,0,2,2,0,2,0,0,0,0,1
410096,pcalostacones,,3,0,3,3,0,3,0,0,0,0,4
410104,Blobic,,2,0,2,2,0,2,0,0,0,0,4
410111,BLA_URJC,,2,0,2,2,0,2,0,0,0,0,4
410114,ODETeventos,,2,0,2,2,0,2,0,0,0,0,0
410123,rafavillaplana,,2,0,2,2,0,2,0,0,0,0,4
410146,kivicomlive,,2,0,2,2,0,2,0,0,0,0,0
410150,cantabriaes,,2,0,2,2,0,2,0,0,0,0,4
410152,MiEventoAB,,2,0,2,2,0,2,0,0,0,0,0
410154,Josietwitteando,,2,0,2,2,0,2,0,0,0,0,2
410157,NetworkFaculty,,2,0,2,2,0,2,0,0,0,0,6
410158,PandoraMgzn,,2,0,2,2,0,2,0,0,0,0,4
410159,tooltyp,,2,0,2,2,0,2,0,0,0,0,4
410162,meetingpoint_es,,2,0,2,2,0,2,0,0,0,0,4
410164,ficovillalobos,,2,0,2,2,0,2,0,0,0,0,2
410166,younet_es,,2,0,2,2,0,2,0,0,0,0,2
410170,SOCIALMEDIAGRX,,2,0,2,2,0,2,0,0,0,0,0
410173,AlfileresEncarn,,2,0,2,2,0,2,0,0,0,0,4
410175,RodolfoJMoncada,,2,0,2,2,0,2,0,0,0,0,2
410176,Amaraslamoda,,2,0,2,2,0,2,0,0,0,0,4
410177,SpanishJobsUK,,2,0,2,2,0,2,0,0,0,0,4
410182,santaeulalia,,2,0,2,2,0,2,0,0,0,0,0
410185,BCCSpeakers,,2,0,2,2,0,2,0,0,0,0,4
410194,newmondaymkt,,2,0,2,2,0,2,0,0,0,0,4
410201,tambiensomosasi,,2,0,2,2,0,2,0,0,0,0,0
410203,iEnterate,,2,0,2,2,0,2,0,0,0,0,5
410211,carreramujerGR,,2,0,2,2,0,2,0,0,0,0,0
410212,protocolodigit,,2,0,2,2,0,2,0,0,0,0,4
410219,elenacastropam,,2,0,2,2,0,2,0,0,0,0,4
410225,empleoaquicom,,2,0,2,2,0,2,0,0,0,0,4
410230,damechollos_es,,2,0,2,2,0,2,0,0,0,0,4
410235,trackglobalsolu,,2,0,2,2,0,2,0,0,0,0,4
410238,trendyBe,,2,0,2,2,0,2,0,0,0,0,6
410241,bartabacmode,,2,0,2,2,0,2,0,0,0,0,6
410242,siguemiestilo,,2,0,2,2,0,2,0,0,0,0,4
410244,newbalanceES,,2,0,2,2,0,2,0,0,0,0,4
410245,grupoSky_GS,,2,0,2,2,0,2,0,0,0,0,4
410246,SPowerSolutions,,2,0,2,2,0,2,0,0,0,0,5
410247,armariocomparti,,2,0,2,2,0,2,0,0,0,0,4
410248,CoforumC,,2,0,2,2,0,2,0,0,0,0,4
410249,A10Networks,,2,0,2,2,0,2,0,0,0,0,4
410255,cueproducciones,,2,0,2,2,0,2,0,0,0,0,0
410259,yobaliaempleo,,2,0,2,2,0,2,0,0,0,0,4
410262,EventosJur,,2,0,2,2,0,2,0,0,0,0,4
410263,Eventoprix,,2,0,2,2,0,2,0,0,0,0,0
410264,BBecariedad,,2,0,2,2,0,2,0,0,0,0,4
410283,_Economia,,2,0,2,2,0,2,0,0,0,0,5
410285,elvirimon,,2,0,2,2,0,2,0,0,0,0,0
410290,erodri05,,2,0,2,2,0,2,0,0,0,0,4
410293,Claneventos,,2,0,2,2,0,2,0,0,0,0,4
410297,experienciasuk,,2,0,2,2,0,2,0,0,0,0,4
410298,eventoprotocolo,,2,0,2,2,0,2,0,0,0,0,4
410300,MonicaBarrag,,2,0,2,2,0,2,0,0,0,0,4
410307,cristinamitre,,2,0,2,2,0,2,0,0,0,0,4
410308,EmpleoFuturo,,2,0,2,2,0,2,0,0,0,0,4
410309,MejoresDestinos,,2,0,2,2,0,2,0,0,0,0,5
410315,mariadlmar92,,2,0,2,2,0,2,0,0,0,0,4
410326,finanzasXm,,2,0,2,2,0,2,0,0,0,0,8
410329,codility,,2,0,2,2,0,2,0,0,0,0,8
410336,GentesSinSuerte,,2,0,2,2,0,2,0,0,0,0,8
410377,HdAnchiano,,2,0,2,2,0,2,0,0,0,0,8
410425,chrisalbon,,2,0,2,2,0,2,0,0,0,0,8
410426,bitfield,,2,0,2,2,0,2,0,0,0,0,8
410432,ABCDigital,,2,0,2,2,0,2,0,0,0,0,8
410439,MoneyCrashers,,2,0,2,2,0,2,0,0,0,0,8
410469,UberDevelopers,,2,0,2,2,0,2,0,0,0,0,8
410471,UberEng,,2,0,2,2,0,2,0,0,0,0,8
410472,githubstatus,,2,0,2,2,0,2,0,0,0,0,8
410476,AirbnbEng,,2,0,2,2,0,2,0,0,0,0,8
410478,IndirectasRock,,2,0,2,2,0,2,0,0,0,0,8
410503,realmckillinit,,2,0,2,2,0,2,0,0,0,0,8
410543,Mybridge,,2,0,2,2,0,2,0,0,0,0,8
410547,BBCDeportes,,2,0,2,2,0,2,0,0,0,0,8
410601,JohnDCook,,2,0,2,2,0,2,0,0,0,0,8
410604,Bitbucket,,2,0,2,2,0,2,0,0,0,0,8
410643,gnome,,2,0,2,2,0,2,0,0,0,0,1
410684,HECLiege,,3,0,3,3,0,3,0,0,0,0,2
410685,LucileMarot,,3,0,3,3,0,3,0,0,0,0,2
410686,fede_uliege,,2,0,2,2,0,2,0,0,0,0,2
410705,Botanique,,2,0,2,2,0,2,0,0,0,0,2
410748,HauteEcoleHELMo,,2,0,2,2,0,2,0,0,0,0,2
410753,BMeledina,,2,0,2,2,0,2,0,0,0,0,2
410754,AdelaiiideBilly,,2,0,2,2,0,2,0,0,0,0,2
410762,BorisSajnovic,,2,0,2,2,0,2,0,0,0,0,1
410764,sztamyka,,2,0,2,2,0,2,0,0,0,0,7
410766,EvelyneVC,,2,0,2,2,0,2,0,0,0,0,2
410770,LouisPoupart,,2,0,2,2,0,2,0,0,0,0,1
410782,JulioHansoul,,2,0,2,2,0,2,0,0,0,0,1
410807,DenisBrogniart,,2,0,2,2,0,2,0,0,0,0,2
410823,AnnCurry,,2,0,2,2,0,2,0,0,0,0,2
410825,feliciaday,,2,0,2,2,0,2,0,0,0,0,2
410827,nprscottsimon,,2,0,2,2,0,2,0,0,0,0,2
410843,IrisFleischer,,2,0,2,2,0,2,0,0,0,0,1
410845,Francescanonce,,2,0,2,2,0,2,0,0,0,0,1
410864,adriangrenier,,2,0,2,2,0,2,0,0,0,0,2
410918,germanquizzes,,2,0,2,2,0,2,0,0,0,0,2
410974,elizadushku,,2,0,2,2,0,2,0,0,0,0,2
410998,poolworks_de,,2,0,2,2,0,2,0,0,0,0,2
411018,fun140,,2,0,2,2,0,2,0,0,0,0,2
411123,PBS,,2,0,2,2,0,2,0,0,0,0,1
411124,Radio_Prun,,2,0,2,2,0,2,0,0,0,0,2
411142,247WallSt,,2,0,2,2,0,2,0,0,0,0,2
411143,USATODAYmoney,,2,0,2,2,0,2,0,0,0,0,2
411146,SterlingKnight,,2,0,2,2,0,2,0,0,0,0,2
411167,DeparturesMag,,2,0,2,2,0,2,0,0,0,0,2
411171,umcg,,2,0,2,2,0,2,0,0,0,0,2
411194,fculorraine,,2,0,2,2,0,2,0,0,0,0,8
411195,Martin_Aurelien,,2,0,2,2,0,2,0,0,0,0,8
411196,vbellais,,2,0,2,2,0,2,0,0,0,0,8
411197,Cedric_EN,,2,0,2,2,0,2,0,0,0,0,8
411198,rpierronnet,,2,0,2,2,0,2,0,0,0,0,8
411199,CharlesThomass1,,2,0,2,2,0,2,0,0,0,0,8
411202,USArmyEURAF,,2,0,2,2,0,2,0,0,0,0,2
411206,USArmyReserve,,2,0,2,2,0,2,0,0,0,0,2
411207,USCG,,2,0,2,2,0,2,0,0,0,0,2
411213,AndersFoghR,,2,0,2,2,0,2,0,0,0,0,2
411227,LAAutoShow,,2,0,2,2,0,2,0,0,0,0,2
411230,BMWMotorsport,,2,0,2,2,0,2,0,0,0,0,2
411263,vertu,,2,0,2,2,0,2,0,0,0,0,2
411272,swdenbak,,2,0,2,2,0,2,0,0,0,0,2
411275,YuliaTymoshenko,,2,0,2,2,0,2,0,0,0,0,2
411317,republiqueparis,,2,0,2,2,0,2,0,0,0,0,1
411397,JohnHustaix,,2,0,2,2,0,2,0,0,0,0,1
411450,blogparis,,2,0,2,2,0,2,0,0,0,0,1
411456,ULIntSociety,,2,0,2,2,0,2,0,0,0,0,1
411463,ESNHeidelberg,,2,0,2,2,0,2,0,0,0,0,1
411466,imccinemas,,2,0,2,2,0,2,0,0,0,0,1
411467,VeinteMundos,,2,0,2,2,0,2,0,0,0,0,1
411471,ThreeIrlRugby,,2,0,2,2,0,2,0,0,0,0,1
411476,irishjobfairy,,2,0,2,2,0,2,0,0,0,0,1
411478,culture_ireland,,2,0,2,2,0,2,0,0,0,0,1
411483,galwaytourism,,2,0,2,2,0,2,0,0,0,0,1
411488,AIT_SU,,2,0,2,2,0,2,0,0,0,0,1
411494,voluntireland,,2,0,2,2,0,2,0,0,0,0,1
411499,Bordbia,,2,0,2,2,0,2,0,0,0,0,1
411508,issu4u,,2,0,2,2,0,2,0,0,0,0,1
411511,dkitcareers,,2,0,2,2,0,2,0,0,0,0,1
411512,DkITSportsSocs,,2,0,2,2,0,2,0,0,0,0,1
411514,thecollegeview,,2,0,2,2,0,2,0,0,0,0,1
411516,govdotie,,2,0,2,2,0,2,0,0,0,0,1
411517,johnbreslin,,2,0,2,2,0,2,0,0,0,0,1
411519,AIBIreland,,2,0,2,2,0,2,0,0,0,0,1
411522,irlembberlin,,2,0,2,2,0,2,0,0,0,0,1
411528,DundalkTourist,,2,0,2,2,0,2,0,0,0,0,1
411529,joeliveline,,2,0,2,2,0,2,0,0,0,0,1
411530,Campus_ie,,2,0,2,2,0,2,0,0,0,0,1
411532,PatKennyNT,,2,0,2,2,0,2,0,0,0,0,1
411533,morningireland,,2,0,2,2,0,2,0,0,0,0,1
411534,RTE_PrimeTime,,2,0,2,2,0,2,0,0,0,0,1
411537,Aware,,2,0,2,2,0,2,0,0,0,0,1
411539,NiamhMcCrea101,,2,0,2,2,0,2,0,0,0,0,1
411541,ThisisiRadio,,2,0,2,2,0,2,0,0,0,0,1
411543,rickoshea,,2,0,2,2,0,2,0,0,0,0,1
411544,rte,,2,0,2,2,0,2,0,0,0,0,1
411546,DublinPride,,2,0,2,2,0,2,0,0,0,0,1
411560,GriffithSU,,2,0,2,2,0,2,0,0,0,0,1
411562,UL_StudentLife,,2,0,2,2,0,2,0,0,0,0,1
411563,CITSU,,3,0,3,3,0,3,0,0,0,0,1
411564,griffithcollege,,3,0,3,3,0,3,0,0,0,0,1
411565,CIT_ie,,3,0,3,3,0,3,0,0,0,0,1
411566,GardaTraffic,,2,0,2,2,0,2,0,0,0,0,1
411568,MU_Intl,,3,0,3,3,0,3,0,0,0,0,1
411569,ShannonCollege,,3,0,3,3,0,3,0,0,0,0,1
411570,NCAD_Dublin,,3,0,3,3,0,3,0,0,0,0,1
411571,DBScollege,,3,0,3,3,0,3,0,0,0,0,1
411572,NCIRL,,3,0,3,3,0,3,0,0,0,0,1
411573,ConnectIreland,,3,0,3,3,0,3,0,0,0,0,1
411574,BrianDesmond_,,3,0,3,3,0,3,0,0,0,0,1
411575,wonderfulIRL,,3,0,3,3,0,3,0,0,0,0,1
411576,LimerickIT,,3,0,3,3,0,3,0,0,0,0,1
411577,discoverirl,,3,0,3,3,0,3,0,0,0,0,1
411578,TasteDublin,,2,0,2,2,0,2,0,0,0,0,1
411611,Flavioconti12,,2,0,2,2,0,2,0,0,0,0,0
411641,amdulcenombre,,2,0,2,2,0,2,0,0,0,0,0
411643,saludelavega,,2,0,2,2,0,2,0,0,0,0,0
411655,agefarmacia,,2,0,2,2,0,2,0,0,0,0,0
411671,skysport24,,2,0,2,2,0,2,0,0,0,0,0
411685,TheLancet,,2,0,2,2,0,2,0,0,0,0,0
411736,Movilh,,2,0,2,2,0,2,0,0,0,0,2
411738,IgualesChile,,2,0,2,2,0,2,0,0,0,0,2
411762,PonceCarlos1,,2,0,2,2,0,2,0,0,0,0,2
411780,Defensoria_Peru,,2,0,2,2,0,2,0,0,0,0,2
411790,dominos,,2,0,2,2,0,2,0,0,0,0,2
411815,jerryferrara,,2,0,2,2,0,2,0,0,0,0,0
411838,UNIBAonline,,2,0,2,2,0,2,0,0,0,0,2
411839,universidadesan,,2,0,2,2,0,2,0,0,0,0,2
411840,Cultunet,,3,0,3,3,0,3,0,0,0,0,2
411845,agetec,,3,0,3,3,0,3,0,0,0,0,2
411848,MediaUniUV,,2,0,2,2,0,2,0,0,0,0,6
411861,kivanctatlitug,,2,0,2,2,0,2,0,0,0,0,2
411862,StephenAmell,,2,0,2,2,0,2,0,0,0,0,2
411875,jclbetancourt,,2,0,2,2,0,2,0,0,0,0,0
411876,alenones,,2,0,2,2,0,2,0,0,0,0,2
411878,maxthieriot,,2,0,2,2,0,2,0,0,0,0,2
411883,mrjimsturgess,,2,0,2,2,0,2,0,0,0,0,2
411887,MotorolaESP,,2,0,2,2,0,2,0,0,0,0,6
411888,MotorolaUS,,3,0,3,3,0,3,0,0,0,0,2
411894,thecommunityman,,2,0,2,2,0,2,0,0,0,0,2
411896,SantinosDigital,,2,0,2,2,0,2,0,0,0,0,2
411908,CEI_E3,,2,0,2,2,0,2,0,0,0,0,2
411909,FundacionUBU,,2,0,2,2,0,2,0,0,0,0,2
411912,actualidadUBU,,2,0,2,2,0,2,0,0,0,0,2
411917,diariodeburgos,,2,0,2,2,0,2,0,0,0,0,2
411922,uterope,,2,0,2,2,0,2,0,0,0,0,2
411925,lanochedejaen,,2,0,2,2,0,2,0,0,0,0,2
411931,consumer_truth,,2,0,2,2,0,2,0,0,0,0,2
411936,JPMinor,,2,0,2,2,0,2,0,0,0,0,2
411942,culturaupv,,3,0,3,3,0,3,0,0,0,0,1
411946,HiddenCash,,2,0,2,2,0,2,0,0,0,0,2
411962,escuelatag,,2,0,2,2,0,2,0,0,0,0,2
411977,HistCotidianas,,2,0,2,2,0,2,0,0,0,0,2
412041,luisroguzman,,2,0,2,2,0,2,0,0,0,0,2
412045,nickvujicic,,2,0,2,2,0,2,0,0,0,0,2
412089,marcaPERU,,2,0,2,2,0,2,0,0,0,0,2
412094,miseliti,,2,0,2,2,0,2,0,0,0,0,2
412097,JoseRon3,,2,0,2,2,0,2,0,0,0,0,2
412098,manedelaparra,,2,0,2,2,0,2,0,0,0,0,2
412102,DiegoBoneta,,2,0,2,2,0,2,0,0,0,0,2
412110,bumeranpe,,2,0,2,2,0,2,0,0,0,0,2
412111,tromepe,,2,0,2,2,0,2,0,0,0,0,2
412127,vrquiroga,,2,0,2,2,0,2,0,0,0,0,3
412128,faceciok,,2,0,2,2,0,2,0,0,0,0,3
412144,X10Erasmus,,2,0,2,2,0,2,0,0,0,0,1
412155,trello,,2,0,2,2,0,2,0,0,0,0,1
412164,EgemenOzdas,,2,0,2,2,0,2,0,0,0,0,1
412178,SrtaTesss,,2,0,2,2,0,2,0,0,0,0,6
412192,LukeGarciadj,,2,0,2,2,0,2,0,0,0,0,6
412194,PatriciaIsismt,,2,0,2,2,0,2,0,0,0,0,6
412198,m_glez92,,2,0,2,2,0,2,0,0,0,0,6
412225,irasjuse,,2,0,2,2,0,2,0,0,0,0,6
412230,AlcarazPilar,,2,0,2,2,0,2,0,0,0,0,6
412232,adrianalopl,,2,0,2,2,0,2,0,0,0,0,6
412247,andreabj92,,2,0,2,2,0,2,0,0,0,0,0
412256,AnabelFP2,,2,0,2,2,0,2,0,0,0,0,6
412258,OSTRERIAS,,2,0,2,2,0,2,0,0,0,0,6
412264,nmarianz,,2,0,2,2,0,2,0,0,0,0,6
412285,miguelamb98,,2,0,2,2,0,2,0,0,0,0,6
412290,mariogf83,,2,0,2,2,0,2,0,0,0,0,6
412297,ariza_manolo,,2,0,2,2,0,2,0,0,0,0,0
412309,issaserrano_,,2,0,2,2,0,2,0,0,0,0,6
412310,ArgenisInk,,2,0,2,2,0,2,0,0,0,0,6
412315,DaniQuiros1,,2,0,2,2,0,2,0,0,0,0,6
412316,bugattitrucao,,2,0,2,2,0,2,0,0,0,0,6
412323,rosiita_crazy,,2,0,2,2,0,2,0,0,0,0,4
412330,CarlosGoRuiz,,2,0,2,2,0,2,0,0,0,0,6
412335,anitasimon2,,2,0,2,2,0,2,0,0,0,0,6
412337,jamilaelfarisy,,2,0,2,2,0,2,0,0,0,0,0
412338,andresgh96,,2,0,2,2,0,2,0,0,0,0,6
412343,pesicomosaico,,2,0,2,2,0,2,0,0,0,0,6
412344,CristiArco,,2,0,2,2,0,2,0,0,0,0,6
412354,CarmenMm_,,2,0,2,2,0,2,0,0,0,0,6
412355,rauliyoo_SN,,2,0,2,2,0,2,0,0,0,0,6
412357,anafloris,,2,0,2,2,0,2,0,0,0,0,6
412360,carmenrojas_20,,2,0,2,2,0,2,0,0,0,0,6
412370,tatii_loka,,2,0,2,2,0,2,0,0,0,0,6
412398,miguegonzalezar,,2,0,2,2,0,2,0,0,0,0,6
412399,MariJimenezh,,2,0,2,2,0,2,0,0,0,0,6
412401,BasilPanayi,,2,0,2,2,0,2,0,0,0,0,6
412415,RaulM_11,,2,0,2,2,0,2,0,0,0,0,6
412419,AngeliyoOrtiz,,2,0,2,2,0,2,0,0,0,0,6
412424,lpMamen,,2,0,2,2,0,2,0,0,0,0,0
412430,noalb1,,2,0,2,2,0,2,0,0,0,0,2
412431,Alvhernandes,,2,0,2,2,0,2,0,0,0,0,6
412434,Beleeen_18,,2,0,2,2,0,2,0,0,0,0,6
412437,jeremias_moyano,,2,0,2,2,0,2,0,0,0,0,6
412438,69_aguilera,,2,0,2,2,0,2,0,0,0,0,6
412441,MONEGROSDESERT1,,2,0,2,2,0,2,0,0,0,0,3
412449,AnnaModeloXL,,2,0,2,2,0,2,0,0,0,0,6
412460,LightGranada,,2,0,2,2,0,2,0,0,0,0,6
412467,EllenMrtin,,2,0,2,2,0,2,0,0,0,0,6
412470,Laurazipi,,2,0,2,2,0,2,0,0,0,0,6
412487,saragarc1,,2,0,2,2,0,2,0,0,0,0,6
412489,Antonio97Medina,,2,0,2,2,0,2,0,0,0,0,6
412490,luzon_inma,,2,0,2,2,0,2,0,0,0,0,6
412491,mariorivasloz,,2,0,2,2,0,2,0,0,0,0,6
412493,DuendeColeccion,,2,0,2,2,0,2,0,0,0,0,0
412502,entre88teclas,,2,0,2,2,0,2,0,0,0,0,6
412518,JesusCorta,,2,0,2,2,0,2,0,0,0,0,6
412525,Criistiguerrero,,2,0,2,2,0,2,0,0,0,0,6
412533,NNGGCabra,,2,0,2,2,0,2,0,0,0,0,6
412534,AEGRANVIA,,2,0,2,2,0,2,0,0,0,0,4
412540,jesusgardelgado,,2,0,2,2,0,2,0,0,0,0,6
412546,radiorockhuelma,,2,0,2,2,0,2,0,0,0,0,4
412548,rocio_gomez35,,2,0,2,2,0,2,0,0,0,0,6
412552,FansClub_Melo,,2,0,2,2,0,2,0,0,0,0,6
412554,Juangayasalom,,2,0,2,2,0,2,0,0,0,0,1
412556,Desmadre_party,,2,0,2,2,0,2,0,0,0,0,6
412562,albitaSaanchez,,2,0,2,2,0,2,0,0,0,0,6
412566,MrChoza39,,2,0,2,2,0,2,0,0,0,0,6
412575,oller92,,2,0,2,2,0,2,0,0,0,0,6
412582,timmozero,,2,0,2,2,0,2,0,0,0,0,6
412586,HoneyMusicESP,,2,0,2,2,0,2,0,0,0,0,0
412589,BiibiiFS,,2,0,2,2,0,2,0,0,0,0,6
412602,mmunizlopez,,2,0,2,2,0,2,0,0,0,0,0
412604,Albert_Novo,,2,0,2,2,0,2,0,0,0,0,4
412606,infosalsera,,2,0,2,2,0,2,0,0,0,0,5
412608,M_RRPPGranada,,2,0,2,2,0,2,0,0,0,0,0
412609,LocoSinCausa,,2,0,2,2,0,2,0,0,0,0,6
412611,mvrrpp_granada,,2,0,2,2,0,2,0,0,0,0,6
412618,Romeo_manager,,2,0,2,2,0,2,0,0,0,0,6
412619,LuciiaGranaina,,2,0,2,2,0,2,0,0,0,0,3
412630,franalarcon,,2,0,2,2,0,2,0,0,0,0,6
412632,Mariajogalpas,,2,0,2,2,0,2,0,0,0,0,6
412635,sonsoles08,,2,0,2,2,0,2,0,0,0,0,6
412637,claudia175,,2,0,2,2,0,2,0,0,0,0,6
412648,AlexisRodAu,,2,0,2,2,0,2,0,0,0,0,6
412652,polvazodtuitera,,2,0,2,2,0,2,0,0,0,0,6
412657,elgorilavip,,2,0,2,2,0,2,0,0,0,0,2
412663,guelosuperstar,,2,0,2,2,0,2,0,0,0,0,6
412664,YomoMusic,,2,0,2,2,0,2,0,0,0,0,6
412674,svgema,,2,0,2,2,0,2,0,0,0,0,0
412681,andrecervilla,,2,0,2,2,0,2,0,0,0,0,6
412682,emm_rvoorn,,2,0,2,2,0,2,0,0,0,0,0
412685,r_1988,,2,0,2,2,0,2,0,0,0,0,6
412691,Beat2Beast_,,2,0,2,2,0,2,0,0,0,0,0
412694,HotMarbella,,2,0,2,2,0,2,0,0,0,0,0
412698,Sisuvip,,2,0,2,2,0,2,0,0,0,0,0
412701,Yaizapsico,,2,0,2,2,0,2,0,0,0,0,0
412704,YuliaCaperu,,2,0,2,2,0,2,0,0,0,0,6
412707,AndresArandaDJ,,2,0,2,2,0,2,0,0,0,0,0
412716,JavierPeregrina,,3,0,3,3,0,3,0,0,0,0,6
412722,WTFCadiz14,,2,0,2,2,0,2,0,0,0,0,6
412725,Time4_Party,,2,0,2,2,0,2,0,0,0,0,6
412733,KathyRodville,,2,0,2,2,0,2,0,0,0,0,6
412742,Samy_am26,,2,0,2,2,0,2,0,0,0,0,6
412747,elcherif87,,2,0,2,2,0,2,0,0,0,0,6
412750,BeaOcete,,2,0,2,2,0,2,0,0,0,0,6
412781,ManuGmdj,,2,0,2,2,0,2,0,0,0,0,6
412792,VanesaMartn2,,2,0,2,2,0,2,0,0,0,0,6
412794,TusonrisaYou,,2,0,2,2,0,2,0,0,0,0,6
412858,TaaoKross,,2,0,2,2,0,2,0,0,0,0,6
412868,luisurbe,,2,0,2,2,0,2,0,0,0,0,0
412871,ManuMorelDj,,2,0,2,2,0,2,0,0,0,0,2
412872,Carlos_Fandino,,2,0,2,2,0,2,0,0,0,0,0
412877,frantrinitario,,2,0,2,2,0,2,0,0,0,0,0
412880,cRissS_2109,,2,0,2,2,0,2,0,0,0,0,6
412885,TheXurras,,2,0,2,2,0,2,0,0,0,0,0
412892,juansanchez1990,,2,0,2,2,0,2,0,0,0,0,6
412897,tranchette76,,2,0,2,2,0,2,0,0,0,0,0
412911,SaborLatinoNew,,2,0,2,2,0,2,0,0,0,0,6
412921,msimplausible,,2,0,2,2,0,2,0,0,0,0,0
412963,UsuariDavid,,2,0,2,2,0,2,0,0,0,0,0
412977,Saritaaxo,,2,0,2,2,0,2,0,0,0,0,2
412982,anamariamilla1,,2,0,2,2,0,2,0,0,0,0,6
413001,SaulMaracena,,2,0,2,2,0,2,0,0,0,0,0
413004,gabriel_sovi,,2,0,2,2,0,2,0,0,0,0,6
413017,AlexSaxolive8,,2,0,2,2,0,2,0,0,0,0,6
413036,davidbonora,,2,0,2,2,0,2,0,0,0,0,6
413069,SOAP2019,,2,0,2,2,0,2,0,0,0,0,6
413131,MargarethEme,,2,0,2,2,0,2,0,0,0,0,6
413141,guatduvalencia,,2,0,2,2,0,2,0,0,0,0,6
413162,iPragmatico,,2,0,2,2,0,2,0,0,0,0,2
413186,SurCandela,,2,0,2,2,0,2,0,0,0,0,6
413196,monterojosean,,2,0,2,2,0,2,0,0,0,0,6
413199,GranReservaGR18,,2,0,2,2,0,2,0,0,0,0,6
413221,fresasychoco1,,2,0,2,2,0,2,0,0,0,0,0
413235,Egonzalezdj,,2,0,2,2,0,2,0,0,0,0,0
413266,OpeLegisXXI,,2,0,2,2,0,2,0,0,0,0,6
413316,NoeSorbas,,2,0,2,2,0,2,0,0,0,0,6
413335,albertovire,,2,0,2,2,0,2,0,0,0,0,6
413353,macarenacg1991,,2,0,2,2,0,2,0,0,0,0,6
413394,Niky_jwoww,,2,0,2,2,0,2,0,0,0,0,3
413398,JoseWaki67,,2,0,2,2,0,2,0,0,0,0,0
413433,Mariaaamgv,,2,0,2,2,0,2,0,0,0,0,6
413451,NuriaGJ,,2,0,2,2,0,2,0,0,0,0,6
413458,wanidor,,2,0,2,2,0,2,0,0,0,0,6
413520,costaocio,,2,0,2,2,0,2,0,0,0,0,6
413527,nachoripolles,,2,0,2,2,0,2,0,0,0,0,6
413548,drissarfal,,2,0,2,2,0,2,0,0,0,0,6
413551,RussetMusic,,2,0,2,2,0,2,0,0,0,0,6
413579,Sergi_nandez,,2,0,2,2,0,2,0,0,0,0,6
413581,FabioSanchez_13,,2,0,2,2,0,2,0,0,0,0,6
413582,dreadbwoy1,,2,0,2,2,0,2,0,0,0,0,6
413583,4cristina_4,,2,0,2,2,0,2,0,0,0,0,6
413584,Juanjo_IlegalP,,2,0,2,2,0,2,0,0,0,0,6
413586,luli93hm,,2,0,2,2,0,2,0,0,0,0,6
413591,mandruguitoo,,2,0,2,2,0,2,0,0,0,0,6
413594,LomasVlm81,,2,0,2,2,0,2,0,0,0,0,0
413596,marma_10,,2,0,2,2,0,2,0,0,0,0,6
413603,michaelandco,,2,0,2,2,0,2,0,0,0,0,6
413630,demagogiagrupo,,2,0,2,2,0,2,0,0,0,0,6
413632,JennyAntelo,,2,0,2,2,0,2,0,0,0,0,6
413637,Clara_Ruiz_,,2,0,2,2,0,2,0,0,0,0,6
413642,jey_rules36,,2,0,2,2,0,2,0,0,0,0,6
413646,_mariamros,,2,0,2,2,0,2,0,0,0,0,6
413651,juan110595,,2,0,2,2,0,2,0,0,0,0,6
413654,MilaIglesias,,2,0,2,2,0,2,0,0,0,0,6
413658,JJCarmorenilla,,2,0,2,2,0,2,0,0,0,0,6
413660,_Violetilla,,2,0,2,2,0,2,0,0,0,0,5
413662,AlvaroLGonzalez,,2,0,2,2,0,2,0,0,0,0,6
413673,sorteoh,,2,0,2,2,0,2,0,0,0,0,2
413674,ana_navarrete_,,2,0,2,2,0,2,0,0,0,0,6
413675,VillanuevaRules,,2,0,2,2,0,2,0,0,0,0,0
413677,albazarzas,,2,0,2,2,0,2,0,0,0,0,6
413690,97Garar,,2,0,2,2,0,2,0,0,0,0,0
413692,Mar_Herrero6,,2,0,2,2,0,2,0,0,0,0,6
413693,Rocio_madriZ,,2,0,2,2,0,2,0,0,0,0,6
413697,Kukuruxland,,2,0,2,2,0,2,0,0,0,0,6
413701,JosecaPawsUp,,2,0,2,2,0,2,0,0,0,0,6
413703,SURISABEL1,,2,0,2,2,0,2,0,0,0,0,6
413707,Javi_Giron,,2,0,2,2,0,2,0,0,0,0,6
413723,rakelr991,,2,0,2,2,0,2,0,0,0,0,6
413727,2and2beats,,2,0,2,2,0,2,0,0,0,0,6
413731,franchusar,,2,0,2,2,0,2,0,0,0,0,6
413733,3spe90,,2,0,2,2,0,2,0,0,0,0,0
413740,elmahippy,,2,0,2,2,0,2,0,0,0,0,6
413741,AceitesdeJaen,,2,0,2,2,0,2,0,0,0,0,0
413744,josechal,,2,0,2,2,0,2,0,0,0,0,6
413747,sailorjuanito,,2,0,2,2,0,2,0,0,0,0,6
413757,nanetxulo31,,2,0,2,2,0,2,0,0,0,0,6
413759,antoniogarnica2,,2,0,2,2,0,2,0,0,0,0,6
413762,ArtistaSuspiria,,2,0,2,2,0,2,0,0,0,0,0
413765,10Ralex,,2,0,2,2,0,2,0,0,0,0,6
413766,Cristynagg,,2,0,2,2,0,2,0,0,0,0,6
413767,sandritaJL,,2,0,2,2,0,2,0,0,0,0,6
413769,molina2509,,2,0,2,2,0,2,0,0,0,0,6
413776,EmilioArvaloMoy,,2,0,2,2,0,2,0,0,0,0,6
413777,Nora_bulldog,,2,0,2,2,0,2,0,0,0,0,0
413779,PatriiOrtega,,2,0,2,2,0,2,0,0,0,0,6
413787,dani_rm_91,,2,0,2,2,0,2,0,0,0,0,6
413790,GonCrazyLittle,,2,0,2,2,0,2,0,0,0,0,6
413798,CarlosLopezSuar,,2,0,2,2,0,2,0,0,0,0,0
413799,roberramirez_,,2,0,2,2,0,2,0,0,0,0,6
413803,ManuJTorres,,2,0,2,2,0,2,0,0,0,0,6
413812,Deborilla21,,2,0,2,2,0,2,0,0,0,0,0
413813,josecanalejo,,2,0,2,2,0,2,0,0,0,0,0
413825,NuriaPalma,,2,0,2,2,0,2,0,0,0,0,0
413826,AnaMateosL,,2,0,2,2,0,2,0,0,0,0,6
413827,zaidagogo,,2,0,2,2,0,2,0,0,0,0,1
413829,juanjocaballro,,2,0,2,2,0,2,0,0,0,0,6
413835,Anaabga,,2,0,2,2,0,2,0,0,0,0,6
413836,adelarubiya,,2,0,2,2,0,2,0,0,0,0,0
413838,1111Belen,,2,0,2,2,0,2,0,0,0,0,6
413840,angelacebrian6,,2,0,2,2,0,2,0,0,0,0,6
413841,LHolga,,2,0,2,2,0,2,0,0,0,0,6
413842,JavierSpinola00,,2,0,2,2,0,2,0,0,0,0,6
413843,MGascn,,2,0,2,2,0,2,0,0,0,0,0
413847,JaimeRivera92,,2,0,2,2,0,2,0,0,0,0,6
413860,maaria_26,,2,0,2,2,0,2,0,0,0,0,6
413864,laurisanchez_18,,2,0,2,2,0,2,0,0,0,0,6
413865,TEN_CBOS,,2,0,2,2,0,2,0,0,0,0,6
413868,TheBassBoysGrx,,2,0,2,2,0,2,0,0,0,0,6
413869,Sorak_Rodriguez,,2,0,2,2,0,2,0,0,0,0,6
413871,bartasarsenes,,2,0,2,2,0,2,0,0,0,0,6
413874,yurignz,,2,0,2,2,0,2,0,0,0,0,6
413875,AlbaRuizM,,2,0,2,2,0,2,0,0,0,0,0
413878,Esthercilla_92,,2,0,2,2,0,2,0,0,0,0,0
413880,aauureeliioo,,2,0,2,2,0,2,0,0,0,0,6
413881,GolfilloJose,,2,0,2,2,0,2,0,0,0,0,6
413883,monty87mr,,2,0,2,2,0,2,0,0,0,0,6
413888,JesusJesusnakay,,2,0,2,2,0,2,0,0,0,0,6
413889,2CrazyDjs,,2,0,2,2,0,2,0,0,0,0,6
413895,Cristina_Nerja,,2,0,2,2,0,2,0,0,0,0,6
413896,LuciaMSR,,2,0,2,2,0,2,0,0,0,0,6
413903,AnaMochon,,2,0,2,2,0,2,0,0,0,0,6
413905,lolinsanchezdj,,2,0,2,2,0,2,0,0,0,0,5
413908,jesusperezvico,,2,0,2,2,0,2,0,0,0,0,6
413909,PatriHudson,,2,0,2,2,0,2,0,0,0,0,0
413914,Andres_Lor_Gr,,2,0,2,2,0,2,0,0,0,0,0
413916,lorente_marti,,2,0,2,2,0,2,0,0,0,0,6
413917,DaniBelgam,,2,0,2,2,0,2,0,0,0,0,6
413928,aliciacarrion2,,2,0,2,2,0,2,0,0,0,0,6
413930,Ismaelgg27,,2,0,2,2,0,2,0,0,0,0,6
413932,Rayo_Peinado,,3,0,3,3,0,3,0,0,0,0,6
413943,AlbaBaenaMadrid,,2,0,2,2,0,2,0,0,0,0,6
413944,MatinezGabriel,,2,0,2,2,0,2,0,0,0,0,6
413945,marianoemi21,,2,0,2,2,0,2,0,0,0,0,6
413948,sarayrcampoy,,2,0,2,2,0,2,0,0,0,0,6
413950,GloriSolecete,,2,0,2,2,0,2,0,0,0,0,6
413953,moralillo69,,2,0,2,2,0,2,0,0,0,0,6
413954,javiergenol,,2,0,2,2,0,2,0,0,0,0,6
413955,Canjilona_,,2,0,2,2,0,2,0,0,0,0,6
413958,cristyzaragoza2,,2,0,2,2,0,2,0,0,0,0,5
413963,gabygomez3,,2,0,2,2,0,2,0,0,0,0,6
413966,vanessa47737609,,2,0,2,2,0,2,0,0,0,0,6
413969,lolocj,,2,0,2,2,0,2,0,0,0,0,6
413970,lucia10rt,,2,0,2,2,0,2,0,0,0,0,6
413971,MerloBravo,,2,0,2,2,0,2,0,0,0,0,6
413974,muyayothebest20,,2,0,2,2,0,2,0,0,0,0,6
413975,NoeeSerranoo,,2,0,2,2,0,2,0,0,0,0,6
413976,Gabrii_MR7,,2,0,2,2,0,2,0,0,0,0,6
413977,JorgeDM97,,2,0,2,2,0,2,0,0,0,0,6
413978,CoraliaMuoz,,2,0,2,2,0,2,0,0,0,0,6
413980,sarayromero13,,2,0,2,2,0,2,0,0,0,0,6
413981,sandriya2000,,2,0,2,2,0,2,0,0,0,0,6
413982,Raquelillalove1,,2,0,2,2,0,2,0,0,0,0,6
413984,martagalvz,,2,0,2,2,0,2,0,0,0,0,6
413986,alfredoah8,,2,0,2,2,0,2,0,0,0,0,6
413987,josemig020,,2,0,2,2,0,2,0,0,0,0,6
413988,belensitaGarcia,,2,0,2,2,0,2,0,0,0,0,6
413989,alvaritot10,,2,0,2,2,0,2,0,0,0,0,6
413990,BIGHispano,,2,0,2,2,0,2,0,0,0,0,6
414001,antonioros18,,2,0,2,2,0,2,0,0,0,0,6
414005,inmajuanjo,,2,0,2,2,0,2,0,0,0,0,0
414010,yasminaurbano,,2,0,2,2,0,2,0,0,0,0,6
414015,ana7691,,2,0,2,2,0,2,0,0,0,0,0
414019,rubitozaidin,,2,0,2,2,0,2,0,0,0,0,6
414025,VicenteCorte,,2,0,2,2,0,2,0,0,0,0,6
414027,TheWarriorsDjs,,2,0,2,2,0,2,0,0,0,0,6
414072,MonkeysDrunken,,2,0,2,2,0,2,0,0,0,0,2
414076,CharlosMusic,,2,0,2,2,0,2,0,0,0,0,6
414085,luismiguelpala7,,2,0,2,2,0,2,0,0,0,0,6
414090,R2G_OFICIAL,,2,0,2,2,0,2,0,0,0,0,6
414092,turismo_panama,,2,0,2,2,0,2,0,0,0,0,0
414123,MasDeTele,,2,0,2,2,0,2,0,0,0,0,6
414141,NotasPoliticas,,2,0,2,2,0,2,0,0,0,0,0
414170,EnamoraBenidorm,,2,0,2,2,0,2,0,0,0,0,2
414175,dnbspain,,2,0,2,2,0,2,0,0,0,0,6
414190,RunningToursVLC,,2,0,2,2,0,2,0,0,0,0,2
414192,MoveinValencia,,2,0,2,2,0,2,0,0,0,0,6
414258,pipiledes,,2,0,2,2,0,2,0,0,0,0,6
414259,DiscoSpain,,2,0,2,2,0,2,0,0,0,0,6
414273,amolapobla,,2,0,2,2,0,2,0,0,0,0,6
414274,SocdelaVila,,2,0,2,2,0,2,0,0,0,0,2
414302,santi_Mdrd,,2,0,2,2,0,2,0,0,0,0,6
414306,OcioVLC,,2,0,2,2,0,2,0,0,0,0,6
414311,cobobike,,2,0,2,2,0,2,0,0,0,0,6
414318,AlvarezFincas,,2,0,2,2,0,2,0,0,0,0,6
414324,AgoraDL,,2,0,2,2,0,2,0,0,0,0,6
414325,MagnumClubVlc,,2,0,2,2,0,2,0,0,0,0,1
414330,MizardBros,,2,0,2,2,0,2,0,0,0,0,6
414337,urbexstories,,2,0,2,2,0,2,0,0,0,0,6
414346,Voltereto,,2,0,2,2,0,2,0,0,0,0,6
414348,NocheviejaSVQ,,2,0,2,2,0,2,0,0,0,0,6
414350,COBHPub,,2,0,2,2,0,2,0,0,0,0,0
414351,amarillapomelo,,2,0,2,2,0,2,0,0,0,0,0
414354,joseSchezdj,,2,0,2,2,0,2,0,0,0,0,6
414359,ShallBeeOne,,2,0,2,2,0,2,0,0,0,0,2
414360,bravoconde1,,3,0,3,3,0,3,0,0,0,0,6
414364,PedritoUbeda,,2,0,2,2,0,2,0,0,0,0,5
414372,25Gabrielgsi,,2,0,2,2,0,2,0,0,0,0,6
414374,muysurrealista,,2,0,2,2,0,2,0,0,0,0,6
414378,guanchi1,,2,0,2,2,0,2,0,0,0,0,6
414382,piniclaus,,2,0,2,2,0,2,0,0,0,0,6
414384,mariatc281,,2,0,2,2,0,2,0,0,0,0,6
414386,itsMPVmusic,,2,0,2,2,0,2,0,0,0,0,6
414388,Coello91,,2,0,2,2,0,2,0,0,0,0,0
414391,almuponpon,,2,0,2,2,0,2,0,0,0,0,6
414394,CarlosMG1104,,2,0,2,2,0,2,0,0,0,0,6
414396,LadyLaury_8,,2,0,2,2,0,2,0,0,0,0,5
414400,AdrianPerez249,,2,0,2,2,0,2,0,0,0,0,6
414401,DjAndriuu,,2,0,2,2,0,2,0,0,0,0,6
414402,ManuArevaloProd,,2,0,2,2,0,2,0,0,0,0,6
414406,ivonne1993_jr,,2,0,2,2,0,2,0,0,0,0,6
414407,ClaudiiaPozo,,2,0,2,2,0,2,0,0,0,0,6
414411,crisvidoy1,,2,0,2,2,0,2,0,0,0,0,0
414419,Artisteseven,,2,0,2,2,0,2,0,0,0,0,6
414420,LourdesChoko,,2,0,2,2,0,2,0,0,0,0,6
414423,party_gr,,2,0,2,2,0,2,0,0,0,0,6
414429,Migueamiwito,,2,0,2,2,0,2,0,0,0,0,6
414430,LVTapas,,2,0,2,2,0,2,0,0,0,0,6
414432,marialorite_,,2,0,2,2,0,2,0,0,0,0,6
414433,ivan_villalba1,,2,0,2,2,0,2,0,0,0,0,6
414434,92Soydel92,,2,0,2,2,0,2,0,0,0,0,0
414437,inmasantiago,,2,0,2,2,0,2,0,0,0,0,6
414439,raquelpinos14,,2,0,2,2,0,2,0,0,0,0,6
414440,rociolomas99,,2,0,2,2,0,2,0,0,0,0,0
414442,DjXaviAlfaro,,2,0,2,2,0,2,0,0,0,0,5
414443,KIKERODRIGUEZDJ,,2,0,2,2,0,2,0,0,0,0,6
414450,fernandoaranda8,,2,0,2,2,0,2,0,0,0,0,6
414455,AlbertoLara94,,2,0,2,2,0,2,0,0,0,0,6
414457,PacoGago5,,2,0,2,2,0,2,0,0,0,0,6
414461,EnriqueLinaresT,,2,0,2,2,0,2,0,0,0,0,6
414470,Raquel_kiss,,2,0,2,2,0,2,0,0,0,0,6
414471,luciia_lusy,,2,0,2,2,0,2,0,0,0,0,6
414477,vicky_19_92,,2,0,2,2,0,2,0,0,0,0,6
414479,FernandaLebrock,,2,0,2,2,0,2,0,0,0,0,6
414481,MarinReinona95,,2,0,2,2,0,2,0,0,0,0,6
414482,CarmeenCasanova,,3,0,3,3,0,3,0,0,0,0,6
414484,Davidpeula8,,2,0,2,2,0,2,0,0,0,0,6
414486,mari7707,,2,0,2,2,0,2,0,0,0,0,0
414489,24Cristii,,2,0,2,2,0,2,0,0,0,0,6
414494,CeliaLopez95,,2,0,2,2,0,2,0,0,0,0,6
414497,sofiarlp,,2,0,2,2,0,2,0,0,0,0,0
414498,Levantateomr,,2,0,2,2,0,2,0,0,0,0,6
414499,dormiralpujarra,,2,0,2,2,0,2,0,0,0,0,0
414501,Frigopieedition,,2,0,2,2,0,2,0,0,0,0,6
414503,duopeluquero,,2,0,2,2,0,2,0,0,0,0,0
414504,Xceed_Grx,,2,0,2,2,0,2,0,0,0,0,0
414507,Andreishaa,,2,0,2,2,0,2,0,0,0,0,6
414508,granadefiesta,,3,0,3,3,0,3,0,0,0,0,6
414509,muelariodj,,2,0,2,2,0,2,0,0,0,0,6
414510,ernestozapatadj,,2,0,2,2,0,2,0,0,0,0,6
414516,Jorgeathenea,,2,0,2,2,0,2,0,0,0,0,6
414518,heect,,2,0,2,2,0,2,0,0,0,0,6
414528,Manu_BV,,2,0,2,2,0,2,0,0,0,0,0
414531,Disaster_Party,,2,0,2,2,0,2,0,0,0,0,3
414533,caminotallon,,2,0,2,2,0,2,0,0,0,0,0
414535,FernandoRey90,,2,0,2,2,0,2,0,0,0,0,6
414538,vary_10,,2,0,2,2,0,2,0,0,0,0,6
414540,joaquibusta,,2,0,2,2,0,2,0,0,0,0,0
414541,rrppgranada,,2,0,2,2,0,2,0,0,0,0,6
414544,AlyMolero,,2,0,2,2,0,2,0,0,0,0,6
414545,Taniadelmar7,,2,0,2,2,0,2,0,0,0,0,6
414547,stella_franti,,2,0,2,2,0,2,0,0,0,0,0
414555,putoyfino,,2,0,2,2,0,2,0,0,0,0,4
414557,lacreponeta,,2,0,2,2,0,2,0,0,0,0,0
414558,LAFRONTERA3,,2,0,2,2,0,2,0,0,0,0,0
414560,IruExposito,,2,0,2,2,0,2,0,0,0,0,5
414561,cuentasypico,,2,0,2,2,0,2,0,0,0,0,6
414591,MECENAS20,,2,0,2,2,0,2,0,0,0,0,0
414610,RasEscenografia,,2,0,2,2,0,2,0,0,0,0,0
414613,CoContemporanea,,2,0,2,2,0,2,0,0,0,0,0
414616,masteatroweb,,2,0,2,2,0,2,0,0,0,0,0
414619,musicaatumedida,,2,0,2,2,0,2,0,0,0,0,0
414628,marsylunablog,,2,0,2,2,0,2,0,0,0,0,0
414630,GrandioosGND,,2,0,2,2,0,2,0,0,0,0,0
414631,PlanetaTapon,,2,0,2,2,0,2,0,0,0,0,0
414637,IlustrandoDudas,,2,0,2,2,0,2,0,0,0,0,0
414638,laurawaechter,,2,0,2,2,0,2,0,0,0,0,0
414648,ANONIMODETECTIV,,2,0,2,2,0,2,0,0,0,0,6
414649,oscarboles,,2,0,2,2,0,2,0,0,0,0,0
414657,sevillacoaching,,2,0,2,2,0,2,0,0,0,0,4
414664,Insightbcn,,2,0,2,2,0,2,0,0,0,0,0
414666,Zirastra,,2,0,2,2,0,2,0,0,0,0,0
414667,daybydayGranada,,2,0,2,2,0,2,0,0,0,0,5
414677,Fotomovimiento,,2,0,2,2,0,2,0,0,0,0,0
414681,clasicazos,,2,0,2,2,0,2,0,0,0,0,0
414682,selinacmenswear,,2,0,2,2,0,2,0,0,0,0,0
414684,Infinitoebikes,,2,0,2,2,0,2,0,0,0,0,0
414694,Minervaasoc,,2,0,2,2,0,2,0,0,0,0,0
414695,MalagaCULTURAL,,2,0,2,2,0,2,0,0,0,0,0
414701,Violetavolteret,,2,0,2,2,0,2,0,0,0,0,0
414702,MartaSerranoS,,2,0,2,2,0,2,0,0,0,0,0
414703,BilinguaGranada,,2,0,2,2,0,2,0,0,0,0,0
414704,MundoAventuraGr,,2,0,2,2,0,2,0,0,0,0,6
414716,TGA_Granada,,3,0,3,3,0,3,0,0,0,0,6
414717,LibretasAnotta,,2,0,2,2,0,2,0,0,0,0,0
414719,Astillerogr,,2,0,2,2,0,2,0,0,0,0,0
414721,StellaStellae,,2,0,2,2,0,2,0,0,0,0,4
414726,hago_cosas,,2,0,2,2,0,2,0,0,0,0,0
414733,pencil_ilustra,,2,0,2,2,0,2,0,0,0,0,0
414735,PedritaParker,,2,0,2,2,0,2,0,0,0,0,5
414738,AutorasComic,,2,0,2,2,0,2,0,0,0,0,0
414739,Ohmycool_com,,2,0,2,2,0,2,0,0,0,0,5
414742,atalayaindie,,2,0,2,2,0,2,0,0,0,0,0
414744,HOTELENCINAGR,,2,0,2,2,0,2,0,0,0,0,0
414752,CantinadeDiego,,2,0,2,2,0,2,0,0,0,0,0
414758,huetorvega,,2,0,2,2,0,2,0,0,0,0,0
414762,Intiempo,,2,0,2,2,0,2,0,0,0,0,0
414764,FiestasGranada,,2,0,2,2,0,2,0,0,0,0,6
414768,sineris,,2,0,2,2,0,2,0,0,0,0,0
414775,TahonaCultural,,2,0,2,2,0,2,0,0,0,0,0
414779,Granarainbow,,2,0,2,2,0,2,0,0,0,0,1
414780,congresoaicv,,2,0,2,2,0,2,0,0,0,0,0
414782,CAUanimasur,,2,0,2,2,0,2,0,0,0,0,6
414784,INAEM_Cultura,,2,0,2,2,0,2,0,0,0,0,0
414786,lasastreria_pro,,2,0,2,2,0,2,0,0,0,0,0
414788,TeatroAndaluz,,2,0,2,2,0,2,0,0,0,0,0
414790,teatroxtremo,,2,0,2,2,0,2,0,0,0,0,0
414795,RedTeatrosAlter,,2,0,2,2,0,2,0,0,0,0,0
414796,ArtezblaiTeatro,,2,0,2,2,0,2,0,0,0,0,0
414801,programate,,2,0,2,2,0,2,0,0,0,0,0
414803,dozemagazine,,2,0,2,2,0,2,0,0,0,0,0
414804,Creart_VLL,,2,0,2,2,0,2,0,0,0,0,0
414809,Notipeques,,2,0,2,2,0,2,0,0,0,0,0
414814,TopCultural,,2,0,2,2,0,2,0,0,0,0,0
414815,educatina,,2,0,2,2,0,2,0,0,0,0,0
414816,escenarioprox,,3,0,3,3,0,3,0,0,0,0,0
414817,Thekingofbikes,,2,0,2,2,0,2,0,0,0,0,0
414818,teatroabadia,,2,0,2,2,0,2,0,0,0,0,0
414823,Culturamas,,2,0,2,2,0,2,0,0,0,0,0
414827,extranosparaiso,,2,0,2,2,0,2,0,0,0,0,0
414828,playtimeav,,2,0,2,2,0,2,0,0,0,0,0
414829,LasXL,,2,0,2,2,0,2,0,0,0,0,0
414835,disenoemergente,,2,0,2,2,0,2,0,0,0,0,0
414837,LABoral,,2,0,2,2,0,2,0,0,0,0,4
414842,ChicosAlabama,,2,0,2,2,0,2,0,0,0,0,5
414844,kandorgraphics,,2,0,2,2,0,2,0,0,0,0,0
414845,hypeyoutv,,2,0,2,2,0,2,0,0,0,0,0
414846,LaCentralenMad,,3,0,3,3,0,3,0,0,0,0,0
414848,institutoiart,,2,0,2,2,0,2,0,0,0,0,0
414849,SocioCultura,,2,0,2,2,0,2,0,0,0,0,4
414852,Elena_Ludwig,,2,0,2,2,0,2,0,0,0,0,0
414855,Granada_Gratis,,2,0,2,2,0,2,0,0,0,0,0
414858,BluesyMarried,,2,0,2,2,0,2,0,0,0,0,0
414860,AssaTrash,,2,0,2,2,0,2,0,0,0,0,4
414863,zinisok,,3,0,3,3,0,3,0,0,0,0,2
414871,javimaker,,2,0,2,2,0,2,0,0,0,0,4
414883,MelaniaLotti,,2,0,2,2,0,2,0,0,0,0,2
414892,Jatcafe,,2,0,2,2,0,2,0,0,0,0,2
414893,WillemBekss,,2,0,2,2,0,2,0,0,0,0,1
414896,lararinc,,2,0,2,2,0,2,0,0,0,0,1
414899,eva_ntovolou,,2,0,2,2,0,2,0,0,0,0,2
414913,ausreindeer,,2,0,2,2,0,2,0,0,0,0,2
414914,javiermadueno,,2,0,2,2,0,2,0,0,0,0,2
414915,Elrik99,,2,0,2,2,0,2,0,0,0,0,2
414924,RocaStarCarmen,,2,0,2,2,0,2,0,0,0,0,2
414927,todoist,,2,0,2,2,0,2,0,0,0,0,2
414932,Pocket,,2,0,2,2,0,2,0,0,0,0,2
414933,bigspaceship,,2,0,2,2,0,2,0,0,0,0,2
414936,ballkanlab,,2,0,2,2,0,2,0,0,0,0,2
414937,matia333,,3,0,3,3,0,3,0,0,0,0,1
414940,tsi_eleni,,2,0,2,2,0,2,0,0,0,0,1
414942,joelgascoigne,,2,0,2,2,0,2,0,0,0,0,2
414951,hostelempleo,,2,0,2,2,0,2,0,0,0,0,0
414958,GuiaAllSpain,,2,0,2,2,0,2,0,0,0,0,0
414959,mercalink,,2,0,2,2,0,2,0,0,0,0,5
414961,CarayolC,,2,0,2,2,0,2,0,0,0,0,0
414964,MedievoGranada,,2,0,2,2,0,2,0,0,0,0,0
414966,topdespedidas,,2,0,2,2,0,2,0,0,0,0,0
414976,Iberagourmet,,2,0,2,2,0,2,0,0,0,0,0
414977,caracol_lacosta,,2,0,2,2,0,2,0,0,0,0,0
414979,alamedida_es,,2,0,2,2,0,2,0,0,0,0,0
414981,LenaChef,,2,0,2,2,0,2,0,0,0,0,0
414983,BattleRoyaleSpa,,2,0,2,2,0,2,0,0,0,0,6
414984,cafenocheydia,,2,0,2,2,0,2,0,0,0,0,0
414988,carmenlvrd,,2,0,2,2,0,2,0,0,0,0,0
414991,CNdespedidas,,2,0,2,2,0,2,0,0,0,0,0
414992,comeconnn,,2,0,2,2,0,2,0,0,0,0,0
415004,digizonespain,,2,0,2,2,0,2,0,0,0,0,0
415005,Arnulfo_Cardoso,,2,0,2,2,0,2,0,0,0,0,0
415008,ThaiFoodEs,,2,0,2,2,0,2,0,0,0,0,0
415012,erosnovias,,2,0,2,2,0,2,0,0,0,0,0
415014,foodvac_es,,2,0,2,2,0,2,0,0,0,0,0
415019,REYRAFCALIDAD,,2,0,2,2,0,2,0,0,0,0,0
415023,HogueraAlicante,,2,0,2,2,0,2,0,0,0,0,0
415026,efectojabulani,,2,0,2,2,0,2,0,0,0,0,0
415028,Myfamilytrip_,,2,0,2,2,0,2,0,0,0,0,0
415029,SoniaMarnez,,2,0,2,2,0,2,0,0,0,0,0
415030,fuxiatelier,,2,0,2,2,0,2,0,0,0,0,0
415031,SaretaBe,,2,0,2,2,0,2,0,0,0,0,0
415032,AtodoConfetti,,2,0,2,2,0,2,0,0,0,0,0
415033,MissMrs_,,2,0,2,2,0,2,0,0,0,0,1
415036,NanniBracero,,2,0,2,2,0,2,0,0,0,0,0
415037,yllyonCom,,2,0,2,2,0,2,0,0,0,0,0
415041,TaxiFurgoneta,,2,0,2,2,0,2,0,0,0,0,0
415044,TaxiMonovolumen,,2,0,2,2,0,2,0,0,0,0,0
415049,gCaballero_R,,2,0,2,2,0,2,0,0,0,0,0
415053,FrascoHurtado,,2,0,2,2,0,2,0,0,0,0,0
415054,NeoPromociones,,2,0,2,2,0,2,0,0,0,0,0
415061,Criiissttii,,2,0,2,2,0,2,0,0,0,0,6
415065,SergiiTwitah,,2,0,2,2,0,2,0,0,0,0,6
415072,manuelmoyalopez,,2,0,2,2,0,2,0,0,0,0,6
415076,JuventudPadul,,2,0,2,2,0,2,0,0,0,0,6
415078,JuanPedroMtnez,,2,0,2,2,0,2,0,0,0,0,6
415088,crisxfenty,,2,0,2,2,0,2,0,0,0,0,6
415096,gemita2404,,2,0,2,2,0,2,0,0,0,0,6
415098,jujayjuanma,,2,0,2,2,0,2,0,0,0,0,6
415102,GuilleKobu,,2,0,2,2,0,2,0,0,0,0,6
415106,RubnRus,,2,0,2,2,0,2,0,0,0,0,6
415109,martin_pochoclo,,2,0,2,2,0,2,0,0,0,0,6
415112,grx388,,2,0,2,2,0,2,0,0,0,0,6
415113,LaritaLM,,2,0,2,2,0,2,0,0,0,0,6
415125,Rosana97CM,,2,0,2,2,0,2,0,0,0,0,6
415154,LidiaGara,,2,0,2,2,0,2,0,0,0,0,0
415160,diegoa_am,,2,0,2,2,0,2,0,0,0,0,6
415165,estebanhair,,2,0,2,2,0,2,0,0,0,0,6
415166,Anabel_ricofer,,2,0,2,2,0,2,0,0,0,0,6
415169,cr9_madri,,2,0,2,2,0,2,0,0,0,0,6
415171,PedroMateosFdez,,2,0,2,2,0,2,0,0,0,0,6
415174,alejandromedi9,,2,0,2,2,0,2,0,0,0,0,0
415182,MartaContreraas,,2,0,2,2,0,2,0,0,0,0,6
415207,sweetnye,,2,0,2,2,0,2,0,0,0,0,6
415222,AngelaPerezz7,,2,0,2,2,0,2,0,0,0,0,6
415232,yolanda_c93,,2,0,2,2,0,2,0,0,0,0,6
415242,AlbaSrta,,3,0,3,3,0,3,0,0,0,0,6
415248,rocioaguadop,,3,0,3,3,0,3,0,0,0,0,6
415253,JoseDocavo,,2,0,2,2,0,2,0,0,0,0,2
415260,Rocioope,,2,0,2,2,0,2,0,0,0,0,0
415262,Crisbarnes20,,2,0,2,2,0,2,0,0,0,0,6
415264,nacho8deringer,,2,0,2,2,0,2,0,0,0,0,6
415265,SandraVillen,,2,0,2,2,0,2,0,0,0,0,6
415271,epeinado93,,2,0,2,2,0,2,0,0,0,0,6
415274,angelillopep,,2,0,2,2,0,2,0,0,0,0,6
415296,migueliyo73,,2,0,2,2,0,2,0,0,0,0,6
415308,CIRCULOMAGICOGR,,2,0,2,2,0,2,0,0,0,0,6
415315,Pedro_DEAlonso,,2,0,2,2,0,2,0,0,0,0,6
415317,Almuu_Martinez,,2,0,2,2,0,2,0,0,0,0,6
415331,Jkh8the,,2,0,2,2,0,2,0,0,0,0,6
415339,MiriamlvarezOrt,,2,0,2,2,0,2,0,0,0,0,6
415342,iatdeportiva,,2,0,2,2,0,2,0,0,0,0,5
415343,CaarmenCallejon,,2,0,2,2,0,2,0,0,0,0,6
415348,JuanCriiss,,2,0,2,2,0,2,0,0,0,0,5
415357,angelchicho,,2,0,2,2,0,2,0,0,0,0,6
415361,PilarM96,,2,0,2,2,0,2,0,0,0,0,6
415364,iGuinite,,2,0,2,2,0,2,0,0,0,0,6
415380,victorialanner,,2,0,2,2,0,2,0,0,0,0,6
415386,Maribel1995sf,,2,0,2,2,0,2,0,0,0,0,6
415388,Irene92__,,2,0,2,2,0,2,0,0,0,0,6
415390,martinezz189,,2,0,2,2,0,2,0,0,0,0,6
415398,Isabel5706,,2,0,2,2,0,2,0,0,0,0,6
415400,Miri17_,,2,0,2,2,0,2,0,0,0,0,6
415403,PabloRico_94,,2,0,2,2,0,2,0,0,0,0,6
415412,RickyRomero7,,2,0,2,2,0,2,0,0,0,0,6
415414,anitamegiasv,,2,0,2,2,0,2,0,0,0,0,6
415416,Elisalm10,,2,0,2,2,0,2,0,0,0,0,6
415417,nataliatejero,,2,0,2,2,0,2,0,0,0,0,6
415418,0095_atreyu,,2,0,2,2,0,2,0,0,0,0,6
415423,angelacasternao,,2,0,2,2,0,2,0,0,0,0,6
415424,JaviGranada19,,2,0,2,2,0,2,0,0,0,0,6
415425,cygsun,,2,0,2,2,0,2,0,0,0,0,6
415439,NoeliaaReyes,,2,0,2,2,0,2,0,0,0,0,6
415443,lucialusimarilu,,2,0,2,2,0,2,0,0,0,0,6
415445,Desi_MNavarro,,2,0,2,2,0,2,0,0,0,0,6
415447,Julia_pm1,,2,0,2,2,0,2,0,0,0,0,6
415452,Albertillo_18,,2,0,2,2,0,2,0,0,0,0,0
415460,ThierryMolina,,2,0,2,2,0,2,0,0,0,0,6
415463,AlexisJR92,,2,0,2,2,0,2,0,0,0,0,3
415477,Nataliabaget,,2,0,2,2,0,2,0,0,0,0,6
415489,villalbola,,2,0,2,2,0,2,0,0,0,0,6
415490,alberRL,,2,0,2,2,0,2,0,0,0,0,6
415494,Jose_Navarro17,,2,0,2,2,0,2,0,0,0,0,6
415500,CreamoSonrisas,,2,0,2,2,0,2,0,0,0,0,0
415501,MartaPerezGutie,,2,0,2,2,0,2,0,0,0,0,6
415509,AlbertoRosales8,,2,0,2,2,0,2,0,0,0,0,6
415512,OlguiCorina,,3,0,3,3,0,3,0,0,0,0,6
415514,94Mariloli,,2,0,2,2,0,2,0,0,0,0,6
415518,jcaparros94,,2,0,2,2,0,2,0,0,0,0,6
415519,xtina_gl,,2,0,2,2,0,2,0,0,0,0,6
415522,Salva377,,2,0,2,2,0,2,0,0,0,0,6
415523,granfamiliainma,,2,0,2,2,0,2,0,0,0,0,6
415526,sesisceci,,2,0,2,2,0,2,0,0,0,0,6
415530,SergioRequena18,,2,0,2,2,0,2,0,0,0,0,6
415535,alvarojaen1993,,2,0,2,2,0,2,0,0,0,0,6
415542,RositaGalera,,2,0,2,2,0,2,0,0,0,0,6
415553,tiomeer,,2,0,2,2,0,2,0,0,0,0,5
415561,Maryfreckles,,2,0,2,2,0,2,0,0,0,0,5
415562,4_rociio,,2,0,2,2,0,2,0,0,0,0,6
415579,pabloonelove17,,2,0,2,2,0,2,0,0,0,0,5
415580,andres_archilla,,2,0,2,2,0,2,0,0,0,0,6
415581,EuniceTao,,2,0,2,2,0,2,0,0,0,0,5
415587,manifiestosolid,,2,0,2,2,0,2,0,0,0,0,6
415589,Cynthia_16M,,2,0,2,2,0,2,0,0,0,0,6
415609,claudiaCampillG,,2,0,2,2,0,2,0,0,0,0,6
415611,martarod6,,2,0,2,2,0,2,0,0,0,0,6
415615,patri_rodrigo95,,2,0,2,2,0,2,0,0,0,0,6
415624,AlbertoParras26,,2,0,2,2,0,2,0,0,0,0,0
415631,JoseEstrada9_,,2,0,2,2,0,2,0,0,0,0,6
415643,alba_sanches,,2,0,2,2,0,2,0,0,0,0,6
415674,ConchiR4,,2,0,2,2,0,2,0,0,0,0,6
415680,PatriGb8,,2,0,2,2,0,2,0,0,0,0,6
415686,andreacalerog,,2,0,2,2,0,2,0,0,0,0,5
415687,claudiagp15,,2,0,2,2,0,2,0,0,0,0,6
415690,Maikel_Toledo_,,2,0,2,2,0,2,0,0,0,0,6
415699,dessii1,,2,0,2,2,0,2,0,0,0,0,6
415702,andreasmile20,,2,0,2,2,0,2,0,0,0,0,6
415724,francisAtarfe,,2,0,2,2,0,2,0,0,0,0,2
415725,atarfe04,,2,0,2,2,0,2,0,0,0,0,2
415731,AntonioPereaDj,,2,0,2,2,0,2,0,0,0,0,6
415732,claudianayra,,2,0,2,2,0,2,0,0,0,0,6
415741,agroanangela,,2,0,2,2,0,2,0,0,0,0,6
415756,anamr25,,2,0,2,2,0,2,0,0,0,0,6
415763,AnaLozanoReq,,2,0,2,2,0,2,0,0,0,0,6
415768,albertfc17,,2,0,2,2,0,2,0,0,0,0,6
415776,ElisaRuiz7,,2,0,2,2,0,2,0,0,0,0,0
415780,Alpeca1988,,2,0,2,2,0,2,0,0,0,0,0
415783,IscoCasanueva,,2,0,2,2,0,2,0,0,0,0,6
415790,BuceoDardanus,,2,0,2,2,0,2,0,0,0,0,6
415793,semicyuc,,2,0,2,2,0,2,0,0,0,0,6
415796,RCPSEMES,,2,0,2,2,0,2,0,0,0,0,0
415797,SEMES_,,2,0,2,2,0,2,0,0,0,0,5
415800,SalvadorEscoda,,2,0,2,2,0,2,0,0,0,0,6
415804,JavaliBobi,,2,0,2,2,0,2,0,0,0,0,6
415825,morannuria,,2,0,2,2,0,2,0,0,0,0,6
415838,Daikin_es,,2,0,2,2,0,2,0,0,0,0,6
415850,SALVADORLOCALES,,2,0,2,2,0,2,0,0,0,0,2
415851,NicolasGonzal34,,2,0,2,2,0,2,0,0,0,0,0
415855,HubGranada,,3,0,3,3,0,3,0,0,0,0,6
415856,Goncar_90,,2,0,2,2,0,2,0,0,0,0,6
415857,GranadaCF_RDJ,,4,0,4,4,0,4,0,0,0,0,6
415858,Carlos_Granada,,3,0,3,3,0,3,0,0,0,0,6
415859,JadelGranadaFan,,4,0,4,4,0,4,0,0,0,0,6
415860,AnaPerezGranada,,3,0,3,3,0,3,0,0,0,0,6
415870,RENXSIMOES,,2,0,2,2,0,2,0,0,0,0,6
415873,luisalanas,,2,0,2,2,0,2,0,0,0,0,6
415875,SpanishCourses1,,2,0,2,2,0,2,0,0,0,0,6
415880,CaRoLiNaa555,,2,0,2,2,0,2,0,0,0,0,6
415882,eltrancodelmar,,2,0,2,2,0,2,0,0,0,0,6
415887,Cescbaez,,2,0,2,2,0,2,0,0,0,0,6
415892,Todoluzshops,,2,0,2,2,0,2,0,0,0,0,6
415894,Elisa_Granada_1,,2,0,2,2,0,2,0,0,0,0,6
415895,Nacho_RoPe,,2,0,2,2,0,2,0,0,0,0,6
415902,AlbertoLEGR,,2,0,2,2,0,2,0,0,0,0,6
415912,JuliaAmat,,2,0,2,2,0,2,0,0,0,0,6
415926,MariQuilla900,,2,0,2,2,0,2,0,0,0,0,5
415927,maariale,,2,0,2,2,0,2,0,0,0,0,6
415928,israelorez,,2,0,2,2,0,2,0,0,0,0,6
415930,ceciliocl,,2,0,2,2,0,2,0,0,0,0,6
415941,daniliyo_1129,,2,0,2,2,0,2,0,0,0,0,6
415942,CristinaCrown,,2,0,2,2,0,2,0,0,0,0,6
415944,NootaLoca,,2,0,2,2,0,2,0,0,0,0,6
415950,aaalba17,,2,0,2,2,0,2,0,0,0,0,6
415953,rrociov,,2,0,2,2,0,2,0,0,0,0,6
415955,EleniyaPerez,,2,0,2,2,0,2,0,0,0,0,6
415961,acobosi,,2,0,2,2,0,2,0,0,0,0,6
415967,paquirdgz,,2,0,2,2,0,2,0,0,0,0,6
415969,arturojose1995,,2,0,2,2,0,2,0,0,0,0,6
415976,m_janson,,2,0,2,2,0,2,0,0,0,0,1
415977,Kantibell,,2,0,2,2,0,2,0,0,0,0,1
415984,Rofajardo,,2,0,2,2,0,2,0,0,0,0,6
415997,laruisenora,,2,0,2,2,0,2,0,0,0,0,6
415999,LaRehuerta,,2,0,2,2,0,2,0,0,0,0,6
416016,JetSetNightClub,,2,0,2,2,0,2,0,0,0,0,6
416019,RAULROSSOANTIQ,,2,0,2,2,0,2,0,0,0,0,6
416022,loles_15,,2,0,2,2,0,2,0,0,0,0,6
416025,rafaRR87,,2,0,2,2,0,2,0,0,0,0,6
416028,Jessica241010,,2,0,2,2,0,2,0,0,0,0,6
416031,LolesPfeifer,,3,0,3,3,0,3,0,0,0,0,6
416034,Anaidiarod,,2,0,2,2,0,2,0,0,0,0,6
416036,veronikixu,,2,0,2,2,0,2,0,0,0,0,0
416037,Cristiguerra30,,2,0,2,2,0,2,0,0,0,0,6
416038,angela_cc94,,2,0,2,2,0,2,0,0,0,0,6
416042,Marisavl,,2,0,2,2,0,2,0,0,0,0,6
416043,soniamontepinos,,2,0,2,2,0,2,0,0,0,0,0
416045,joyero94,,2,0,2,2,0,2,0,0,0,0,6
416058,sofiamontijano,,2,0,2,2,0,2,0,0,0,0,6
416062,elimesa15,,2,0,2,2,0,2,0,0,0,0,6
416065,alb3rto_18,,2,0,2,2,0,2,0,0,0,0,0
416071,luiscantero10,,2,0,2,2,0,2,0,0,0,0,6
416073,RubenCst10,,2,0,2,2,0,2,0,0,0,0,6
416074,8_raulillo,,2,0,2,2,0,2,0,0,0,0,0
416076,rubensillo46,,2,0,2,2,0,2,0,0,0,0,6
416097,loren1709,,2,0,2,2,0,2,0,0,0,0,6
416098,cabecitamagica,,2,0,2,2,0,2,0,0,0,0,6
416105,bertitapc,,2,0,2,2,0,2,0,0,0,0,6
416106,mcramosmartin75,,2,0,2,2,0,2,0,0,0,0,6
416107,maytane07,,2,0,2,2,0,2,0,0,0,0,6
416108,RaquelPerAyl,,2,0,2,2,0,2,0,0,0,0,6
416109,bonitacita_,,2,0,2,2,0,2,0,0,0,0,6
416117,Sabado_Loco,,2,0,2,2,0,2,0,0,0,0,6
416121,LatidoCerebral,,2,0,2,2,0,2,0,0,0,0,6
416128,Daragd,,2,0,2,2,0,2,0,0,0,0,6
416130,AnnaLight_,,2,0,2,2,0,2,0,0,0,0,6
416135,AnaNitta1,,2,0,2,2,0,2,0,0,0,0,6
416143,AlvaroCasTillaR,,2,0,2,2,0,2,0,0,0,0,6
416158,ElenaCanoGalian,,2,0,2,2,0,2,0,0,0,0,6
416160,fanygrilo,,2,0,2,2,0,2,0,0,0,0,6
416169,zcmelliott,,2,0,2,2,0,2,0,0,0,0,2
416181,JoseDeRico,,2,0,2,2,0,2,0,0,0,0,6
416184,victorcastizo,,2,0,2,2,0,2,0,0,0,0,6
416185,falicastizo,,2,0,2,2,0,2,0,0,0,0,6
416187,TomasGarciaTG,,2,0,2,2,0,2,0,0,0,0,5
416190,gesiOH,,2,0,2,2,0,2,0,0,0,0,0
416195,Theressa1984,,2,0,2,2,0,2,0,0,0,0,6
416196,87_sabrina,,2,0,2,2,0,2,0,0,0,0,0
416198,angutipe,,2,0,2,2,0,2,0,0,0,0,6
416203,CaoticCe,,2,0,2,2,0,2,0,0,0,0,6
416243,ROMA_CB,,2,0,2,2,0,2,0,0,0,0,0
416273,JimenezPuente,,2,0,2,2,0,2,0,0,0,0,6
416276,KaKoSMA,,2,0,2,2,0,2,0,0,0,0,6
416279,Cri_Pineda,,2,0,2,2,0,2,0,0,0,0,6
416281,MoonicaSanchez4,,2,0,2,2,0,2,0,0,0,0,6
416286,27AMCH,,2,0,2,2,0,2,0,0,0,0,6
416291,pamyalvarez,,2,0,2,2,0,2,0,0,0,0,6
416293,92JOSEPHM,,2,0,2,2,0,2,0,0,0,0,2
416300,SanchezCanelas,,2,0,2,2,0,2,0,0,0,0,6
416301,GijonCeci,,2,0,2,2,0,2,0,0,0,0,6
416303,BelenM29,,2,0,2,2,0,2,0,0,0,0,6
416308,RamyGarrido,,2,0,2,2,0,2,0,0,0,0,6
416314,nuriiaLM,,2,0,2,2,0,2,0,0,0,0,6
416317,SamuelCaizares1,,2,0,2,2,0,2,0,0,0,0,6
416318,rulosnoguera,,2,0,2,2,0,2,0,0,0,0,6
416319,pituky9,,2,0,2,2,0,2,0,0,0,0,6
416322,PuriiB,,2,0,2,2,0,2,0,0,0,0,6
416323,donraul5,,2,0,2,2,0,2,0,0,0,0,6
416326,88AFernandez,,2,0,2,2,0,2,0,0,0,0,6
416327,SamuelMarfil,,2,0,2,2,0,2,0,0,0,0,6
416328,EnriqueLpez1,,2,0,2,2,0,2,0,0,0,0,0
416342,casanovas20,,2,0,2,2,0,2,0,0,0,0,6
416348,MrJaviMorales,,2,0,2,2,0,2,0,0,0,0,6
416368,thedolltesia,,2,0,2,2,0,2,0,0,0,0,0
416374,deivid_223,,2,0,2,2,0,2,0,0,0,0,6
416394,caramelositiode,,2,0,2,2,0,2,0,0,0,0,6
416405,asidesastre,,2,0,2,2,0,2,0,0,0,0,6
416419,javierharopt,,2,0,2,2,0,2,0,0,0,0,6
416423,AsocASCOAL,,2,0,2,2,0,2,0,0,0,0,6
416432,Cesar_EA7JSJ,,2,0,2,2,0,2,0,0,0,0,6
416433,SERGIOxx34,,2,0,2,2,0,2,0,0,0,0,0
416436,InfoBotellonGR,,2,0,2,2,0,2,0,0,0,0,6
416447,cristinafcalero,,2,0,2,2,0,2,0,0,0,0,0
416450,MariadelRociio,,2,0,2,2,0,2,0,0,0,0,6
416452,SalymarHotel,,2,0,2,2,0,2,0,0,0,0,6
416454,beabarranquero,,2,0,2,2,0,2,0,0,0,0,6
416458,BALNEARIOALICUN,,2,0,2,2,0,2,0,0,0,0,6
416467,BMagisterio,,2,0,2,2,0,2,0,0,0,0,6
416471,granada_night,,2,0,2,2,0,2,0,0,0,0,6
416473,Veganatura,,2,0,2,2,0,2,0,0,0,0,6
416474,urki17,,2,0,2,2,0,2,0,0,0,0,4
416476,zaidacostales,,2,0,2,2,0,2,0,0,0,0,6
416477,vmartinmo,,2,0,2,2,0,2,0,0,0,0,0
416480,REBENOVI,,2,0,2,2,0,2,0,0,0,0,6
416482,SesionArte,,2,0,2,2,0,2,0,0,0,0,6
416489,xxmarittzzaxx,,3,0,3,3,0,3,0,0,0,0,0
416490,JuevesdeG10,,2,0,2,2,0,2,0,0,0,0,6
416495,cesarsimonc,,2,0,2,2,0,2,0,0,0,0,6
416498,MrsObrienBooth,,2,0,2,2,0,2,0,0,0,0,6
416502,Mariajocaceres,,2,0,2,2,0,2,0,0,0,0,0
416504,ICommerceGR,,2,0,2,2,0,2,0,0,0,0,0
416506,HiloyAgujaGrana,,2,0,2,2,0,2,0,0,0,0,6
416508,AmalurraGr,,2,0,2,2,0,2,0,0,0,0,6
416509,extremerafran,,2,0,2,2,0,2,0,0,0,0,6
416517,kindlefreebook,,2,0,2,2,0,2,0,0,0,0,2
416534,FlorenceDesignS,,2,0,2,2,0,2,0,0,0,0,2
416540,SocialErasmusEU,,2,0,2,2,0,2,0,0,0,0,2
416542,NufficNesoIndia,,2,0,2,2,0,2,0,0,0,0,2
416545,EconomieGro,,2,0,2,2,0,2,0,0,0,0,2
416618,PulseMalta,,2,0,2,2,0,2,0,0,0,0,2
416621,ErasmusUniRoma2,,2,0,2,2,0,2,0,0,0,0,2
416624,LanguageCntrRUG,,2,0,2,2,0,2,0,0,0,0,2
416626,SGGroningen,,2,0,2,2,0,2,0,0,0,0,2
416628,sienaofficial,,2,0,2,2,0,2,0,0,0,0,2
416629,SienaFestival,,2,0,2,2,0,2,0,0,0,0,3
416632,WIT_Research,,2,0,2,2,0,2,0,0,0,0,1
416635,MarinoInstitute,,2,0,2,2,0,2,0,0,0,0,1
416637,StudyInGalway,,2,0,2,2,0,2,0,0,0,0,1
416640,BusinessAtUL,,2,0,2,2,0,2,0,0,0,0,1
416644,CSOIreland,,2,0,2,2,0,2,0,0,0,0,1
416645,HiberniaCollege,,2,0,2,2,0,2,0,0,0,0,1
416655,MichealMartinTD,,2,0,2,2,0,2,0,0,0,0,1
416671,IrlEmbAthens,,2,0,2,2,0,2,0,0,0,0,1
416695,LVinIreland,,2,0,2,2,0,2,0,0,0,0,1
416703,IrishEmbSweden,,2,0,2,2,0,2,0,0,0,0,1
416712,PEDeBauw,,2,0,2,2,0,2,0,0,0,0,1
416714,IrishEmbFinland,,2,0,2,2,0,2,0,0,0,0,1
416749,myIADT,,2,0,2,2,0,2,0,0,0,0,1
416762,ciarancannon,,2,0,2,2,0,2,0,0,0,0,1
416773,DIAS_Dublin,,2,0,2,2,0,2,0,0,0,0,1
416783,dw_europe,,2,0,2,2,0,2,0,0,0,0,1
416804,MICLimerick,,2,0,2,2,0,2,0,0,0,0,1
416818,GI_Irland,,2,0,2,2,0,2,0,0,0,0,1
416823,citizensinfo,,2,0,2,2,0,2,0,0,0,0,1
416842,NUIMerrionSq,,2,0,2,2,0,2,0,0,0,0,1
416873,languages_ie,,2,0,2,2,0,2,0,0,0,0,1
416914,NLinIreland,,2,0,2,2,0,2,0,0,0,0,1
416918,FranceinIreland,,2,0,2,2,0,2,0,0,0,0,1
416926,LordMayorDublin,,2,0,2,2,0,2,0,0,0,0,1
416944,Bentonra,,2,0,2,2,0,2,0,0,0,0,1
417000,neighbrhdub,,2,0,2,2,0,2,0,0,0,0,1
417008,DCU_Careers,,2,0,2,2,0,2,0,0,0,0,1
417010,Gift_Of_Ireland,,2,0,2,2,0,2,0,0,0,0,1
417013,StudentWorksUK,,2,0,2,2,0,2,0,0,0,0,5
417044,JcomJeune,,3,0,3,3,0,3,0,0,0,0,1
417045,CursusMundus,,2,0,2,2,0,2,0,0,0,0,2
417046,SmartStudentit,,2,0,2,2,0,2,0,0,0,0,1
417080,IrlandaEnEsp,,2,0,2,2,0,2,0,0,0,0,1
417098,Failte_Ireland,,2,0,2,2,0,2,0,0,0,0,1
417101,IrishEmbMalta,,2,0,2,2,0,2,0,0,0,0,1
417103,gradireland,,2,0,2,2,0,2,0,0,0,0,1
417104,IrlEmbRome,,2,0,2,2,0,2,0,0,0,0,1
417106,rv_flood,,2,0,2,2,0,2,0,0,0,0,1
417108,IrlEmbMadrid,,2,0,2,2,0,2,0,0,0,0,1
417116,SpringboardHEA,,2,0,2,2,0,2,0,0,0,0,1
417150,Tratalo_,,2,0,2,2,0,2,0,0,0,0,4
417155,dipvalencia,,2,0,2,2,0,2,0,0,0,0,4
417159,infoestudia,,2,0,2,2,0,2,0,0,0,0,4
417163,Finanzarel,,2,0,2,2,0,2,0,0,0,0,4
417170,masterengestion,,2,0,2,2,0,2,0,0,0,0,4
417171,TOOMANYFLASH,,2,0,2,2,0,2,0,0,0,0,4
417182,PeopleEC,,2,0,2,2,0,2,0,0,0,0,4
417183,OfertasUniMAD,,2,0,2,2,0,2,0,0,0,0,5
417188,AVAFAM,,2,0,2,2,0,2,0,0,0,0,4
417205,vlcschool,,2,0,2,2,0,2,0,0,0,0,4
417213,jona_roig,,2,0,2,2,0,2,0,0,0,0,0
417217,cursoszima,,2,0,2,2,0,2,0,0,0,0,4
417222,stvalora_com,,2,0,2,2,0,2,0,0,0,0,4
417228,agusjm1,,2,0,2,2,0,2,0,0,0,0,4
417229,alvarandy,,2,0,2,2,0,2,0,0,0,0,0
417231,Spanish_Cafe,,2,0,2,2,0,2,0,0,0,0,4
417233,innovaespai,,2,0,2,2,0,2,0,0,0,0,4
417235,corrieredellepu,,2,0,2,2,0,2,0,0,0,0,3
417238,symfony_vlc,,2,0,2,2,0,2,0,0,0,0,4
417247,casadelalumno,,2,0,2,2,0,2,0,0,0,0,4
417252,ceib_centro,,2,0,2,2,0,2,0,0,0,0,4
417253,IDEASUPV,,2,0,2,2,0,2,0,0,0,0,4
417254,upvsie,,2,0,2,2,0,2,0,0,0,0,4
417255,etsinfupv,,2,0,2,2,0,2,0,0,0,0,4
417256,upvalumni,,2,0,2,2,0,2,0,0,0,0,4
417259,estherreino,,2,0,2,2,0,2,0,0,0,0,4
417263,FCC_UCA,,2,0,2,2,0,2,0,0,0,0,4
417264,mamamandame,,2,0,2,2,0,2,0,0,0,0,1
417265,jonathanclover,,2,0,2,2,0,2,0,0,0,0,4
417274,escriturauah,,2,0,2,2,0,2,0,0,0,0,4
417275,IUniversidades,,2,0,2,2,0,2,0,0,0,0,4
417276,LEARNINGOUT,,2,0,2,2,0,2,0,0,0,0,4
417281,Tuyga,,2,0,2,2,0,2,0,0,0,0,4
417285,MadridDirecto,,2,0,2,2,0,2,0,0,0,0,4
417294,paualmar,,2,0,2,2,0,2,0,0,0,0,6
417295,SomosEstu,,2,0,2,2,0,2,0,0,0,0,4
417297,Vicentma,,2,0,2,2,0,2,0,0,0,0,6
417299,EscuelaADRModa,,2,0,2,2,0,2,0,0,0,0,0
417303,friendsandjob,,2,0,2,2,0,2,0,0,0,0,5
417304,Welcome2Spain,,2,0,2,2,0,2,0,0,0,0,4
417305,Turiart,,2,0,2,2,0,2,0,0,0,0,4
417308,cardiffstudent1,,2,0,2,2,0,2,0,0,0,0,4
417309,cursateca,,2,0,2,2,0,2,0,0,0,0,4
417312,institucionsek,,2,0,2,2,0,2,0,0,0,0,4
417314,ucvderecho,,2,0,2,2,0,2,0,0,0,0,4
417315,Inria,,2,0,2,2,0,2,0,0,0,0,4
417318,UNIR_MBA,,2,0,2,2,0,2,0,0,0,0,4
417320,SomosdeAlcala,,2,0,2,2,0,2,0,0,0,0,4
417321,Alcalingua,,2,0,2,2,0,2,0,0,0,0,4
417324,cambridgestude1,,2,0,2,2,0,2,0,0,0,0,4
417326,soyerasmus,,2,0,2,2,0,2,0,0,0,0,4
417329,uCezanne,,2,0,2,2,0,2,0,0,0,0,1
417334,BEA_UJI,,2,0,2,2,0,2,0,0,0,0,2
417336,ProgrammErasmus,,2,0,2,2,0,2,0,0,0,0,4
417340,diezencultura,,2,0,2,2,0,2,0,0,0,0,4
417341,ErasmunitySP,,2,0,2,2,0,2,0,0,0,0,4
417342,lecolededesign,,2,0,2,2,0,2,0,0,0,0,4
417344,Universitaspa,,2,0,2,2,0,2,0,0,0,0,4
417346,RRPPErasmunity,,2,0,2,2,0,2,0,0,0,0,4
417347,AlumniUV,,2,0,2,2,0,2,0,0,0,0,4
417348,udecaldas,,2,0,2,2,0,2,0,0,0,0,4
417349,SpanishLaLengua,,2,0,2,2,0,2,0,0,0,0,4
417350,FlashCiencia,,2,0,2,2,0,2,0,0,0,0,4
417351,Floqq,,2,0,2,2,0,2,0,0,0,0,4
417352,universidad_20,,2,0,2,2,0,2,0,0,0,0,4
417353,UOCuniversity,,2,0,2,2,0,2,0,0,0,0,4
417354,AlumniEEN,,2,0,2,2,0,2,0,0,0,0,0
417355,Neptunos_es,,2,0,2,2,0,2,0,0,0,0,4
417359,universmadrid,,2,0,2,2,0,2,0,0,0,0,4
417361,UNPHURD,,2,0,2,2,0,2,0,0,0,0,4
417362,tumaster_com,,2,0,2,2,0,2,0,0,0,0,4
417365,Mastermania,,2,0,2,2,0,2,0,0,0,0,4
417370,Peter_Slims,,2,0,2,2,0,2,0,0,0,0,0
417372,AluniBarcelona,,2,0,2,2,0,2,0,0,0,0,7
417373,alunivalencia,,2,0,2,2,0,2,0,0,0,0,4
417377,MadridNetwork,,2,0,2,2,0,2,0,0,0,0,1
417379,cmsantillana,,2,0,2,2,0,2,0,0,0,0,2
417400,JoaquinQa,,2,0,2,2,0,2,0,0,0,0,3
417402,ChiaraMaci,,2,0,2,2,0,2,0,0,0,0,3
417406,javi_pinel,,2,0,2,2,0,2,0,0,0,0,3
417417,JuanjeSimon,,2,0,2,2,0,2,0,0,0,0,3
417437,camfilmfest,,2,0,2,2,0,2,0,0,0,0,2
417446,giffgaff,,2,0,2,2,0,2,0,0,0,0,2
417448,definociones,,2,0,2,2,0,2,0,0,0,0,2
417455,AnitaBotwin,,2,0,2,2,0,2,0,0,0,0,2
417458,shangay,,2,0,2,2,0,2,0,0,0,0,1
417460,laJuani_Crazy,,3,0,3,3,0,3,0,0,0,0,2
417465,kaikucaffelatte,,2,0,2,2,0,2,0,0,0,0,2
417469,StyloXXI,,2,0,2,2,0,2,0,0,0,0,2
417472,Italianoaldia_,,2,0,2,2,0,2,0,0,0,0,6
417473,lampyridae3,,2,0,2,2,0,2,0,0,0,0,2
417477,montsejimenez2,,2,0,2,2,0,2,0,0,0,0,2
417482,Marianafdzaa,,2,0,2,2,0,2,0,0,0,0,2
417486,rayosdeluna_,,2,0,2,2,0,2,0,0,0,0,2
417501,ignasio_gl,,2,0,2,2,0,2,0,0,0,0,6
417506,OtraescuelaSI,,2,0,2,2,0,2,0,0,0,0,2
417509,m_alvarezana,,2,0,2,2,0,2,0,0,0,0,2
417518,4PlanB,,2,0,2,2,0,2,0,0,0,0,2
417533,rojasbenjamin,,2,0,2,2,0,2,0,0,0,0,2
417535,TuristaEnTuPelo,,2,0,2,2,0,2,0,0,0,0,2
417538,ZacharyLevi,,2,0,2,2,0,2,0,0,0,0,2
417550,AuroraHawthorne,,3,0,3,3,0,3,0,0,0,0,2
417556,wikicitas,,2,0,2,2,0,2,0,0,0,0,2
417560,iadarve,,2,0,2,2,0,2,0,0,0,0,2
417561,a_warg,,2,0,2,2,0,2,0,0,0,0,2
417570,FASTWEB,,2,0,2,2,0,2,0,0,0,0,3
417582,BertaPinna,,2,0,2,2,0,2,0,0,0,0,3
417596,TurismoMiBACT,,2,0,2,2,0,2,0,0,0,0,3
417625,mirkosaini,,2,0,2,2,0,2,0,0,0,0,3
417645,7formazione,,2,0,2,2,0,2,0,0,0,0,3
417681,COEZMUSIC,,2,0,2,2,0,2,0,0,0,0,2
417689,thulasa,,2,0,2,2,0,2,0,0,0,0,3
417692,Barilla,,2,0,2,2,0,2,0,0,0,0,3
417750,Frank_Underwood,,2,0,2,2,0,2,0,0,0,0,3
417757,minichicca,,2,0,2,2,0,2,0,0,0,0,3
417761,fondazioneahref,,2,0,2,2,0,2,0,0,0,0,3
417774,PhilGonzalez,,2,0,2,2,0,2,0,0,0,0,3
417779,InvasioniDigita,,2,0,2,2,0,2,0,0,0,0,3
417822,pietroparodi,,2,0,2,2,0,2,0,0,0,0,3
417844,GoogleAdsIT,,2,0,2,2,0,2,0,0,0,0,3
417846,ilfarmacista_,,2,0,2,2,0,2,0,0,0,0,3
417853,Cuamm,,2,0,2,2,0,2,0,0,0,0,3
417893,SatirSfaction,,2,0,2,2,0,2,0,0,0,0,3
417911,laureatiluiss,,2,0,2,2,0,2,0,0,0,0,3
417974,macitynet,,2,0,2,2,0,2,0,0,0,0,3
417975,melablog,,2,0,2,2,0,2,0,0,0,0,3
417978,CaffeinaLab,,2,0,2,2,0,2,0,0,0,0,3
417983,RepIdee,,2,0,2,2,0,2,0,0,0,0,3
417995,mantralex,,2,0,2,2,0,2,0,0,0,0,3
418016,texxmat,,2,0,2,2,0,2,0,0,0,0,3
418018,Arrexini,,2,0,2,2,0,2,0,0,0,0,3
418021,folgariaski,,2,0,2,2,0,2,0,0,0,0,3
418024,manumas78,,2,0,2,2,0,2,0,0,0,0,7
418031,Aforismi_online,,2,0,2,2,0,2,0,0,0,0,1
418032,Liberos2,,2,0,2,2,0,2,0,0,0,0,3
418035,VivalaSATIRA,,2,0,2,2,0,2,0,0,0,0,3
418036,RoccoSiffredi24,,2,0,2,2,0,2,0,0,0,0,3
418037,ILMALE_net,,2,0,2,2,0,2,0,0,0,0,3
418038,purtroppo,,2,0,2,2,0,2,0,0,0,0,3
418048,redazioneRockit,,2,0,2,2,0,2,0,0,0,0,3
418049,enquire_mag,,2,0,2,2,0,2,0,0,0,0,3
418063,casalegglo,,3,0,3,3,0,3,0,0,0,0,3
418080,ninjamktg_it,,2,0,2,2,0,2,0,0,0,0,3
418093,indigeni,,2,0,2,2,0,2,0,0,0,0,3
418107,melamorsicata,,2,0,2,2,0,2,0,0,0,0,3
418114,UomoMedievale,,2,0,2,2,0,2,0,0,0,0,3
418124,eleonorabove,,2,0,2,2,0,2,0,0,0,0,7
418190,WebInFermento,,2,0,2,2,0,2,0,0,0,0,1
418191,vincos,,2,0,2,2,0,2,0,0,0,0,1
418194,Nonciclopedia,,2,0,2,2,0,2,0,0,0,0,3
418201,pingdom,,2,0,2,2,0,2,0,0,0,0,3
418223,mariapezzillo,,2,0,2,2,0,2,0,0,0,0,3
418234,Don_Dorrego,,2,0,2,2,0,2,0,0,0,0,3
418247,Lolimonada,,2,0,2,2,0,2,0,0,0,0,3
418268,Save_agreste,,2,0,2,2,0,2,0,0,0,0,3
418284,Made_By_eWave,,2,0,2,2,0,2,0,0,0,0,2
418315,cris_gil_lopez,,2,0,2,2,0,2,0,0,0,0,3
418320,Ghigliottina,,2,0,2,2,0,2,0,0,0,0,3
418342,swissnexBoston,,2,0,2,2,0,2,0,0,0,0,1
418351,iyyuerasmusclub,,2,0,2,2,0,2,0,0,0,0,1
418359,supsi_ch,,2,0,2,2,0,2,0,0,0,0,1
418374,UVEK,,2,0,2,2,0,2,0,0,0,0,1
418377,IAESTE_CH,,2,0,2,2,0,2,0,0,0,0,1
418385,VSSUNESUSU,,2,0,2,2,0,2,0,0,0,0,1
418387,iroUNIL,,2,0,2,2,0,2,0,0,0,0,1
418394,robertbuttery,,2,0,2,2,0,2,0,0,0,0,1
418396,StudyInSwiss,,3,0,3,3,0,3,0,0,0,0,1
418397,phluzern,,2,0,2,2,0,2,0,0,0,0,1
418398,phzuerich,,2,0,2,2,0,2,0,0,0,0,1
418399,FHNW,,2,0,2,2,0,2,0,0,0,0,1
418400,bfh_hesb,,2,0,2,2,0,2,0,0,0,0,1
418401,ZHAW,,2,0,2,2,0,2,0,0,0,0,1
418402,fhgrtourism,,2,0,2,2,0,2,0,0,0,0,1
418403,EPFL,,2,0,2,2,0,2,0,0,0,0,1
418404,schweiz,,2,0,2,2,0,2,0,0,0,0,1
418406,RoyalCanin_Es,,2,0,2,2,0,2,0,0,0,0,0
418407,tm_13mart,,2,0,2,2,0,2,0,0,0,0,0
418408,soyjorgetoro,,2,0,2,2,0,2,0,0,0,0,0
418409,nyraxsanchez,,2,0,2,2,0,2,0,0,0,0,0
418410,Emiliamata,,2,0,2,2,0,2,0,0,0,0,0
418411,LUJARIX,,2,0,2,2,0,2,0,0,0,0,0
418412,malglam,,2,0,2,2,0,2,0,0,0,0,0
418414,PAHmalaga,,2,0,2,2,0,2,0,0,0,0,0
418416,JoseF_15,,2,0,2,2,0,2,0,0,0,0,0
418417,Juanrafiki,,2,0,2,2,0,2,0,0,0,0,0
418418,mikialmazan,,2,0,2,2,0,2,0,0,0,0,0
418419,FerGonzalez85,,2,0,2,2,0,2,0,0,0,0,0
418420,GRANALEXabogado,,2,0,2,2,0,2,0,0,0,0,0
418421,_rebelion_org,,2,0,2,2,0,2,0,0,0,0,2
418423,Interesante_es,,2,0,2,2,0,2,0,0,0,0,0
418424,GlobalMagazine,,2,0,2,2,0,2,0,0,0,0,0
418425,solofabrica,,2,0,2,2,0,2,0,0,0,0,0
418426,agusdespedidas,,2,0,2,2,0,2,0,0,0,0,0
418443,Habitat_Aptos,,4,0,4,4,0,4,0,0,0,0,6
418445,correduriainfo,,2,0,2,2,0,2,0,0,0,0,0
418446,15MpaRato,,2,0,2,2,0,2,0,0,0,0,5
418447,Acampadabcn,,2,0,2,2,0,2,0,0,0,0,0
418448,BarcelonaRealYA,,2,0,2,2,0,2,0,0,0,0,0
418449,chrishallitv,,2,0,2,2,0,2,0,0,0,0,0
418450,brunoat,,3,0,3,3,0,3,0,0,0,0,0
418451,fredtalbotitv,,2,0,2,2,0,2,0,0,0,0,0
418452,maggiesd,,2,0,2,2,0,2,0,0,0,0,0
418453,Tony__Molina,,2,0,2,2,0,2,0,0,0,0,0
418455,CPACFC,,2,0,2,2,0,2,0,0,0,0,0
418458,tapeogranaino,,2,0,2,2,0,2,0,0,0,0,0
418461,estefaniasr86,,2,0,2,2,0,2,0,0,0,0,0
418477,ViewConference,,2,0,2,2,0,2,0,0,0,0,2
418555,HiddenStColl,,2,0,2,2,0,2,0,0,0,0,2
418572,Arjola19,,2,0,2,2,0,2,0,0,0,0,2
418578,emraherkocc,,2,0,2,2,0,2,0,0,0,0,2
418579,URosario,,2,0,2,2,0,2,0,0,0,0,2
418580,UniversidadUASD,,2,0,2,2,0,2,0,0,0,0,1
418581,UCatolicacl,,2,0,2,2,0,2,0,0,0,0,1
418582,EAFIT,,2,0,2,2,0,2,0,0,0,0,1
418585,ElaineNuthien,,2,0,2,2,0,2,0,0,0,0,2
418586,Senescal_,,2,0,2,2,0,2,0,0,0,0,2
418587,culturauhu,,2,0,2,2,0,2,0,0,0,0,2
418588,Manuen_BeBop,,2,0,2,2,0,2,0,0,0,0,6
418602,MagdaKostecka,,2,0,2,2,0,2,0,0,0,0,2
418608,JoannaSkawinska,,2,0,2,2,0,2,0,0,0,0,2
418610,Alois_Poeschl,,2,0,2,2,0,2,0,0,0,0,2
418611,AnnaKrato,,2,0,2,2,0,2,0,0,0,0,2
418612,MarinaRosillo,,2,0,2,2,0,2,0,0,0,0,2
418614,monillazzz,,2,0,2,2,0,2,0,0,0,0,2
418615,RouvenA,,2,0,2,2,0,2,0,0,0,0,2
418616,sa_schmidt,,2,0,2,2,0,2,0,0,0,0,2
418617,khamouzova,,2,0,2,2,0,2,0,0,0,0,2
418618,TJarolimkova,,2,0,2,2,0,2,0,0,0,0,2
418622,MSillus,,2,0,2,2,0,2,0,0,0,0,2
418625,Tipom20,,2,0,2,2,0,2,0,0,0,0,2
418626,elsaladilloOF,,2,0,2,2,0,2,0,0,0,0,2
418627,BeataJenei,,2,0,2,2,0,2,0,0,0,0,2
418632,MartinGrotenhu,,2,0,2,2,0,2,0,0,0,0,2
418635,jordanhconnell,,2,0,2,2,0,2,0,0,0,0,2
418637,DominicSchunk,,2,0,2,2,0,2,0,0,0,0,2
418638,seoly_ha,,2,0,2,2,0,2,0,0,0,0,2
418642,Ana_Bermejo,,2,0,2,2,0,2,0,0,0,0,6
418644,aqualonocio,,2,0,2,2,0,2,0,0,0,0,2
418656,Paula_Graus,,2,0,2,2,0,2,0,0,0,0,6
418662,tjasloz,,2,0,2,2,0,2,0,0,0,0,2
418666,empleo_uhu,,2,0,2,2,0,2,0,0,0,0,2
418669,Vansa_esnh,,2,0,2,2,0,2,0,0,0,0,2
418672,ReginaKes,,2,0,2,2,0,2,0,0,0,0,2
418673,Mike_Mr_,,2,0,2,2,0,2,0,0,0,0,2
418675,Zaira_esnh,,2,0,2,2,0,2,0,0,0,0,2
418677,VansaGmz,,2,0,2,2,0,2,0,0,0,0,2
418678,MarceIHofmann,,2,0,2,2,0,2,0,0,0,0,2
418679,MertOzbas,,2,0,2,2,0,2,0,0,0,0,2
418680,bibliotecaUHU,,2,0,2,2,0,2,0,0,0,0,2
418681,Ximeumah,,2,0,2,2,0,2,0,0,0,0,2
418684,GemmaEsnHuelva,,2,0,2,2,0,2,0,0,0,0,2
418685,RubenPerezJ,,2,0,2,2,0,2,0,0,0,0,2
418689,Bolita_8,,2,0,2,2,0,2,0,0,0,0,2
418705,dokproject,,2,0,2,2,0,2,0,0,0,0,2
418721,BillMabry,,2,0,2,2,0,2,0,0,0,0,2
418740,josembau,,2,0,2,2,0,2,0,0,0,0,2
418742,suzannestrain1,,2,0,2,2,0,2,0,0,0,0,2
418743,irenanena,,2,0,2,2,0,2,0,0,0,0,2
418746,Janna0501,,2,0,2,2,0,2,0,0,0,0,2
418747,KarenMaclachlan,,2,0,2,2,0,2,0,0,0,0,2
418749,RekaBoRe,,2,0,2,2,0,2,0,0,0,0,2
418751,franfloresmunoz,,2,0,2,2,0,2,0,0,0,0,2
418752,m3its,,2,0,2,2,0,2,0,0,0,0,2
418756,benoitemery,,2,0,2,2,0,2,0,0,0,0,2
418757,e_melinda,,2,0,2,2,0,2,0,0,0,0,2
418758,Michaela_Bednar,,2,0,2,2,0,2,0,0,0,0,2
418763,FWBJ,,2,0,2,2,0,2,0,0,0,0,2
418768,A_Mironova,,2,0,2,2,0,2,0,0,0,0,2
418770,GasparovicovaL,,2,0,2,2,0,2,0,0,0,0,2
418773,EgleSunokaite,,2,0,2,2,0,2,0,0,0,0,2
418774,gvivienn,,2,0,2,2,0,2,0,0,0,0,2
418775,KatrinRueckert,,2,0,2,2,0,2,0,0,0,0,2
418777,MonikaSottnik,,2,0,2,2,0,2,0,0,0,0,2
418781,elmismatiss,,2,0,2,2,0,2,0,0,0,0,2
418782,aniarosinska,,2,0,2,2,0,2,0,0,0,0,2
418783,Olga_Chu,,2,0,2,2,0,2,0,0,0,0,2
418784,AndreaHavettova,,2,0,2,2,0,2,0,0,0,0,2
418785,AlexMCF9,,2,0,2,2,0,2,0,0,0,0,2
418786,Irina_Teslenko,,2,0,2,2,0,2,0,0,0,0,2
418787,Edita_Dulko,,2,0,2,2,0,2,0,0,0,0,2
418788,fsarazin1989,,2,0,2,2,0,2,0,0,0,0,2
418789,varanaviciute,,2,0,2,2,0,2,0,0,0,0,2
418791,Madara_V,,2,0,2,2,0,2,0,0,0,0,2
418792,amalia_hanes,,2,0,2,2,0,2,0,0,0,0,2
418793,fatmapali,,2,0,2,2,0,2,0,0,0,0,2
418794,bhuguet,,2,0,2,2,0,2,0,0,0,0,2
418796,AurelienMM,,2,0,2,2,0,2,0,0,0,0,2
418797,GaetanDesmidt,,2,0,2,2,0,2,0,0,0,0,2
418798,juditgyory,,2,0,2,2,0,2,0,0,0,0,2
418800,_Rosita_K,,2,0,2,2,0,2,0,0,0,0,2
418802,I_Jurgalane,,2,0,2,2,0,2,0,0,0,0,2
418804,NORAKNOPF,,2,0,2,2,0,2,0,0,0,0,2
418806,MaryONHuelva,,2,0,2,2,0,2,0,0,0,0,2
418808,m_wismeier,,2,0,2,2,0,2,0,0,0,0,2
418809,JulyLefebvre,,2,0,2,2,0,2,0,0,0,0,2
418812,enduluslu,,2,0,2,2,0,2,0,0,0,0,2
418814,TomCahi,,2,0,2,2,0,2,0,0,0,0,2
418815,diyuksel,,2,0,2,2,0,2,0,0,0,0,2
418816,lisagrothe,,2,0,2,2,0,2,0,0,0,0,2
418820,ElizabetaBulaji,,2,0,2,2,0,2,0,0,0,0,2
418821,Hlidfors,,2,0,2,2,0,2,0,0,0,0,2
418824,Lelle_89,,2,0,2,2,0,2,0,0,0,0,2
418835,SarahBiermann91,,2,0,2,2,0,2,0,0,0,0,2
418846,dubskyv,,2,0,2,2,0,2,0,0,0,0,2
418847,NannaMadsen92,,2,0,2,2,0,2,0,0,0,0,2
418852,ajaszcz,,2,0,2,2,0,2,0,0,0,0,2
418857,LukasL_BC,,2,0,2,2,0,2,0,0,0,0,2
418858,MMBrzezinska,,2,0,2,2,0,2,0,0,0,0,2
418862,Kathisxyz,,2,0,2,2,0,2,0,0,0,0,2
418863,KatharinaLand,,2,0,2,2,0,2,0,0,0,0,2
418864,RNinorta,,2,0,2,2,0,2,0,0,0,0,2
418865,HBenthack,,2,0,2,2,0,2,0,0,0,0,2
418866,haovnroes,,2,0,2,2,0,2,0,0,0,0,2
418867,victoriasmith18,,2,0,2,2,0,2,0,0,0,0,2
418868,Rado76,,2,0,2,2,0,2,0,0,0,0,2
418869,hannah_wilson22,,2,0,2,2,0,2,0,0,0,0,2
418870,Rokaille,,2,0,2,2,0,2,0,0,0,0,2
418871,G_uhu_t,,2,0,2,2,0,2,0,0,0,0,2
418872,icomsa,,2,0,2,2,0,2,0,0,0,0,2
418873,YvonneWillmer,,2,0,2,2,0,2,0,0,0,0,2
418874,JadeR18,,2,0,2,2,0,2,0,0,0,0,2
418875,jelena02,,2,0,2,2,0,2,0,0,0,0,2
418876,nusssAnn,,2,0,2,2,0,2,0,0,0,0,2
418877,MarijaAntunovic,,2,0,2,2,0,2,0,0,0,0,2
418878,Aine_Hugh,,2,0,2,2,0,2,0,0,0,0,2
418879,achiszberg,,2,0,2,2,0,2,0,0,0,0,2
418880,DCoin90,,2,0,2,2,0,2,0,0,0,0,2
418881,echrostowska,,2,0,2,2,0,2,0,0,0,0,2
418882,Raphaela_Rud,,2,0,2,2,0,2,0,0,0,0,2
418883,Michaela_Fritz,,2,0,2,2,0,2,0,0,0,0,2
418884,PetraPodgornik,,2,0,2,2,0,2,0,0,0,0,2
418885,mperrinjaquet,,2,0,2,2,0,2,0,0,0,0,2
418886,marta_telus,,2,0,2,2,0,2,0,0,0,0,2
418887,NaimaMRabet,,2,0,2,2,0,2,0,0,0,0,2
418888,only1summer2010,,2,0,2,2,0,2,0,0,0,0,2
418889,michywirz,,2,0,2,2,0,2,0,0,0,0,2
418890,AngelaHaisma,,2,0,2,2,0,2,0,0,0,0,2
418891,tbalazs88,,2,0,2,2,0,2,0,0,0,0,2
418892,Aandreatoth,,2,0,2,2,0,2,0,0,0,0,2
418893,Jana_Soviarova,,2,0,2,2,0,2,0,0,0,0,2
418894,JozsefSzel,,2,0,2,2,0,2,0,0,0,0,2
418895,JustineCyga,,2,0,2,2,0,2,0,0,0,0,2
418896,frankterlouw,,2,0,2,2,0,2,0,0,0,0,2
418897,wharmsen,,2,0,2,2,0,2,0,0,0,0,2
418898,iforjan,,2,0,2,2,0,2,0,0,0,0,2
418899,HaleLuka,,2,0,2,2,0,2,0,0,0,0,2
418900,Ieva_Zarina,,2,0,2,2,0,2,0,0,0,0,2
418901,lenkasuji,,2,0,2,2,0,2,0,0,0,0,2
418902,erica_tighe,,2,0,2,2,0,2,0,0,0,0,2
418903,areid90,,2,0,2,2,0,2,0,0,0,0,2
418904,HazelMacleod,,2,0,2,2,0,2,0,0,0,0,2
418905,sdorgaten,,2,0,2,2,0,2,0,0,0,0,2
418906,ArminPF,,2,0,2,2,0,2,0,0,0,0,2
418907,m_moch,,2,0,2,2,0,2,0,0,0,0,2
418908,Mili_Skrabalova,,2,0,2,2,0,2,0,0,0,0,2
418909,Marina_uhu,,2,0,2,2,0,2,0,0,0,0,2
418910,ThijsP10,,2,0,2,2,0,2,0,0,0,0,2
418912,RichardRetezi,,2,0,2,2,0,2,0,0,0,0,2
418913,Peter_Tabanyi,,2,0,2,2,0,2,0,0,0,0,2
418914,McCarthyCarolin,,2,0,2,2,0,2,0,0,0,0,2
418915,jutta_3004,,2,0,2,2,0,2,0,0,0,0,2
418916,AliceFluo,,2,0,2,2,0,2,0,0,0,0,2
418917,mirkahruskova,,2,0,2,2,0,2,0,0,0,0,2
418919,agathebronsart,,2,0,2,2,0,2,0,0,0,0,2
418920,Mathilde_rim,,2,0,2,2,0,2,0,0,0,0,2
418921,Katrealavee,,2,0,2,2,0,2,0,0,0,0,2
418922,lubapolackova,,2,0,2,2,0,2,0,0,0,0,2
418923,e_nikolas,,2,0,2,2,0,2,0,0,0,0,2
418925,Olga_Palaguta,,2,0,2,2,0,2,0,0,0,0,2
418926,nanananalena,,2,0,2,2,0,2,0,0,0,0,2
418927,MariaGotra,,2,0,2,2,0,2,0,0,0,0,2
418928,Andrej_Arvensis,,2,0,2,2,0,2,0,0,0,0,2
418929,teddysmithjr,,2,0,2,2,0,2,0,0,0,0,2
418931,ManonCharton,,2,0,2,2,0,2,0,0,0,0,2
418932,ChristineUHU,,2,0,2,2,0,2,0,0,0,0,2
418951,barbara_markie,,2,0,2,2,0,2,0,0,0,0,2
418976,NathalieLafitte,,2,0,2,2,0,2,0,0,0,0,2
418977,ebonson,,2,0,2,2,0,2,0,0,0,0,2
418978,MarijaMma,,2,0,2,2,0,2,0,0,0,0,2
418991,abalos,,2,0,2,2,0,2,0,0,0,0,2
419016,EmpiezadesdeSEO,,2,0,2,2,0,2,0,0,0,0,0
419021,AndaluciaCultur,,2,0,2,2,0,2,0,0,0,0,2
419027,DesignAndalucia,,2,0,2,2,0,2,0,0,0,0,2
419028,AndaluciaGolfTv,,2,0,2,2,0,2,0,0,0,0,0
419031,EquipoACG,,2,0,2,2,0,2,0,0,0,0,0
419032,VisitAndalusia,,2,0,2,2,0,2,0,0,0,0,0
419119,dougledIHE,,2,0,2,2,0,2,0,0,0,0,1
419157,RC11K,,2,0,2,2,0,2,0,0,0,0,2
419159,BlizzardCSEU_ES,,2,0,2,2,0,2,0,0,0,0,2
419248,YorkuAMPD,,2,0,2,2,0,2,0,0,0,0,2
419249,UBC_Arts,,2,0,2,2,0,2,0,0,0,0,2
419252,manelvideoblogs,,2,0,2,2,0,2,0,0,0,0,6
419266,svcinternships,,2,0,2,2,0,2,0,0,0,0,2
419283,internweb,,2,0,2,2,0,2,0,0,0,0,2
419287,InternshipKing,,2,0,2,2,0,2,0,0,0,0,2
419289,StMatic,,2,0,2,2,0,2,0,0,0,0,2
419290,HousingHuelva,,2,0,2,2,0,2,0,0,0,0,2
419300,losdilares,,2,0,2,2,0,2,0,0,0,0,6
419301,weborro,,2,0,2,2,0,2,0,0,0,0,6
419303,NacionNocturna,,2,0,2,2,0,2,0,0,0,0,0
419319,julitadcg92,,2,0,2,2,0,2,0,0,0,0,6
419323,rubenbonel,,2,0,2,2,0,2,0,0,0,0,6
419328,AliPortero,,2,0,2,2,0,2,0,0,0,0,6
419338,CabaSoluciones,,2,0,2,2,0,2,0,0,0,0,6
419357,MalDMadre,,2,0,2,2,0,2,0,0,0,0,6
419359,David__O__B,,2,0,2,2,0,2,0,0,0,0,6
419376,davidruizfr,,2,0,2,2,0,2,0,0,0,0,0
419378,fotos_granada,,2,0,2,2,0,2,0,0,0,0,6
419396,fmedin4,,2,0,2,2,0,2,0,0,0,0,6
419401,IntimmoByTaao,,2,0,2,2,0,2,0,0,0,0,6
419405,94lolo,,2,0,2,2,0,2,0,0,0,0,6
419411,WebHidromasaje,,2,0,2,2,0,2,0,0,0,0,6
419426,SucubusKally,,2,0,2,2,0,2,0,0,0,0,2
419445,Cordoba_Lucena,,2,0,2,2,0,2,0,0,0,0,6
419458,kosmondano,,2,0,2,2,0,2,0,0,0,0,6
419464,T3cnologic,,2,0,2,2,0,2,0,0,0,0,0
419467,Live_Bunker,,2,0,2,2,0,2,0,0,0,0,6
419481,7_Dolores,,2,0,2,2,0,2,0,0,0,0,6
419512,ProyectoCREECE,,2,0,2,2,0,2,0,0,0,0,6
419516,historiadebate,,2,0,2,2,0,2,0,0,0,0,6
419523,CPVilches,,2,0,2,2,0,2,0,0,0,0,6
419524,ManzanilForum,,2,0,2,2,0,2,0,0,0,0,6
419525,isavch,,2,0,2,2,0,2,0,0,0,0,6
419526,pablo_cwm,,2,0,2,2,0,2,0,0,0,0,6
419527,Tu_Guia_Facil,,2,0,2,2,0,2,0,0,0,0,6
419530,AceituNava,,2,0,2,2,0,2,0,0,0,0,6
419531,RoxGut,,2,0,2,2,0,2,0,0,0,0,6
419532,diferenzamusic,,2,0,2,2,0,2,0,0,0,0,6
419533,ememagdal,,2,0,2,2,0,2,0,0,0,0,6
419536,ExtinmanOficial,,2,0,2,2,0,2,0,0,0,0,6
419538,grottacupon,,2,0,2,2,0,2,0,0,0,0,6
419541,GRX_Fotodepil,,2,0,2,2,0,2,0,0,0,0,6
419542,Quiimera9,,2,0,2,2,0,2,0,0,0,0,6
419649,meriyouu,,2,0,2,2,0,2,0,0,0,0,1
419656,BEA_HERRERO,,2,0,2,2,0,2,0,0,0,0,6
419669,AzulejosdelVado,,2,0,2,2,0,2,0,0,0,0,6
419703,Mrs_Leiva,,2,0,2,2,0,2,0,0,0,0,0
419711,antonioorgaz97,,2,0,2,2,0,2,0,0,0,0,6
419713,Luuuu_Mm,,3,0,3,3,0,3,0,0,0,0,6
419714,PabloLamelas5,,2,0,2,2,0,2,0,0,0,0,6
419720,estefi8891,,2,0,2,2,0,2,0,0,0,0,0
419747,pulidosyabrilla,,2,0,2,2,0,2,0,0,0,0,6
419748,IsaTuMeEncantas,,2,0,2,2,0,2,0,0,0,0,6
419751,Pirulettiii,,2,0,2,2,0,2,0,0,0,0,6
419950,E2Formacion,,2,0,2,2,0,2,0,0,0,0,6
419972,Ambientolos,,2,0,2,2,0,2,0,0,0,0,6
419990,SergioKarate01,,2,0,2,2,0,2,0,0,0,0,6
419998,XaviRodriguez,,2,0,2,2,0,2,0,0,0,0,6
420121,emeBsweet,,2,0,2,2,0,2,0,0,0,0,0
420142,YacomarAcosta,,2,0,2,2,0,2,0,0,0,0,6
420170,albert0gr,,2,0,2,2,0,2,0,0,0,0,6
420205,Inmaku_lr,,2,0,2,2,0,2,0,0,0,0,0
420208,ampc93,,2,0,2,2,0,2,0,0,0,0,6
420213,KRVNK_LAB,,2,0,2,2,0,2,0,0,0,0,6
420217,GYMPuertoLope,,2,0,2,2,0,2,0,0,0,0,6
420240,carlos_sr21,,2,0,2,2,0,2,0,0,0,0,3
420248,Victor14Lozano,,2,0,2,2,0,2,0,0,0,0,6
420283,emeka03,,2,0,2,2,0,2,0,0,0,0,6
420285,Lauritaformatge,,2,0,2,2,0,2,0,0,0,0,0
420286,annaGoJi,,2,0,2,2,0,2,0,0,0,0,6
420289,Sanhdri,,2,0,2,2,0,2,0,0,0,0,6
420291,anasalvad10,,2,0,2,2,0,2,0,0,0,0,6
420293,monxubz,,2,0,2,2,0,2,0,0,0,0,6
420298,AlexSRG10,,2,0,2,2,0,2,0,0,0,0,6
420319,TachinEventosGr,,2,0,2,2,0,2,0,0,0,0,6
420335,CristiAdamuz,,2,0,2,2,0,2,0,0,0,0,6
420337,TeresaaperezB,,2,0,2,2,0,2,0,0,0,0,6
420342,yulirivas3,,2,0,2,2,0,2,0,0,0,0,0
420344,Marga_91,,2,0,2,2,0,2,0,0,0,0,6
420351,GatoLuisi,,2,0,2,2,0,2,0,0,0,0,6
420361,rosasorbas,,2,0,2,2,0,2,0,0,0,0,6
420364,Andrea_95ch,,2,0,2,2,0,2,0,0,0,0,6
420368,Sandramp84,,2,0,2,2,0,2,0,0,0,0,6
420382,castruzas,,2,0,2,2,0,2,0,0,0,0,6
420388,MCarmenRosado,,2,0,2,2,0,2,0,0,0,0,6
420401,VictorBlanquez,,2,0,2,2,0,2,0,0,0,0,6
420404,LauraGimenezG,,3,0,3,3,0,3,0,0,0,0,5
420406,thepartytour,,2,0,2,2,0,2,0,0,0,0,6
420412,LoreViyi,,2,0,2,2,0,2,0,0,0,0,6
420425,MigueMoren,,2,0,2,2,0,2,0,0,0,0,6
420433,Sita_Lo,,2,0,2,2,0,2,0,0,0,0,6
420436,marioibanez8,,2,0,2,2,0,2,0,0,0,0,5
420441,AdrianArana_7,,2,0,2,2,0,2,0,0,0,0,0
420442,FUCKINMARIA,,2,0,2,2,0,2,0,0,0,0,6
420453,cristigamz,,2,0,2,2,0,2,0,0,0,0,6
420456,jodotodo,,2,0,2,2,0,2,0,0,0,0,6
420458,18_alej,,3,0,3,3,0,3,0,0,0,0,0
420460,Sukigp,,2,0,2,2,0,2,0,0,0,0,6
420462,annee1205,,2,0,2,2,0,2,0,0,0,0,6
420463,MoiOllero,,2,0,2,2,0,2,0,0,0,0,6
420465,Ranya_25,,2,0,2,2,0,2,0,0,0,0,0
420470,rubitahME,,2,0,2,2,0,2,0,0,0,0,6
420471,loreblancat,,3,0,3,3,0,3,0,0,0,0,6
420475,LConMa,,2,0,2,2,0,2,0,0,0,0,6
420477,cruiz93,,2,0,2,2,0,2,0,0,0,0,6
420484,10Tuti,,2,0,2,2,0,2,0,0,0,0,6
420487,BsK_Stopp,,2,0,2,2,0,2,0,0,0,0,6
420489,Ari_alBlackDeam,,2,0,2,2,0,2,0,0,0,0,6
420506,Naturciencia,,2,0,2,2,0,2,0,0,0,0,0
420524,SanaeElMaati,,2,0,2,2,0,2,0,0,0,0,6
420525,LuciaEAlmenzar,,2,0,2,2,0,2,0,0,0,0,6
420530,ArlequinIngles,,2,0,2,2,0,2,0,0,0,0,6
420544,AnaMAraMrquez,,2,0,2,2,0,2,0,0,0,0,0
420547,loovinit,,2,0,2,2,0,2,0,0,0,0,5
420551,ProfPartGranada,,2,0,2,2,0,2,0,0,0,0,6
420562,AlmuPasadas,,2,0,2,2,0,2,0,0,0,0,6
420571,VnOlivia,,2,0,2,2,0,2,0,0,0,0,0
420592,leti_berenguel,,2,0,2,2,0,2,0,0,0,0,0
420601,Rumors_Ruviews,,2,0,2,2,0,2,0,0,0,0,5
420609,badbixsamantha,,2,0,2,2,0,2,0,0,0,0,5
420617,HeidiNCloset,,2,0,2,2,0,2,0,0,0,0,5
420623,vitalinnova,,2,0,2,2,0,2,0,0,0,0,5
420637,JackieCoxNYC,,2,0,2,2,0,2,0,0,0,0,5
420639,jaidaehall,,2,0,2,2,0,2,0,0,0,0,5
420641,iamcardib,,2,0,2,2,0,2,0,0,0,0,5
420648,TATIANNANOW,,2,0,2,2,0,2,0,0,0,0,5
420658,Peppermint247,,2,0,2,2,0,2,0,0,0,0,5
420662,SheaCoulee,,2,0,2,2,0,2,0,0,0,0,5
420666,monetxchange,,2,0,2,2,0,2,0,0,0,0,5
420667,thatonequeen,,2,0,2,2,0,2,0,0,0,0,5
420680,ParodiParadise,,2,0,2,2,0,2,0,0,0,0,5
420682,iamthekillerq,,2,0,2,2,0,2,0,0,0,0,5
420709,tazodemew,,2,0,2,2,0,2,0,0,0,0,1
420723,LaraSajen,,2,0,2,2,0,2,0,0,0,0,5
420727,la_prohibida,,2,0,2,2,0,2,0,0,0,0,5
420731,Manuelesky_,,2,0,2,2,0,2,0,0,0,0,5
420736,yanosoytanmajo,,2,0,2,2,0,2,0,0,0,0,5
420737,desireeruizr,,2,0,2,2,0,2,0,0,0,0,6
420740,marinacampoyr,,2,0,2,2,0,2,0,0,0,0,5
420753,lapelopony,,2,0,2,2,0,2,0,0,0,0,5
420757,AleEnForma,,2,0,2,2,0,2,0,0,0,0,6
420761,yawymtididi,,2,0,2,2,0,2,0,0,0,0,5
420766,Musculomania,,2,0,2,2,0,2,0,0,0,0,5
420771,Ale_Valenciano,,2,0,2,2,0,2,0,0,0,0,5
420772,OtrosTiempos_,,2,0,2,2,0,2,0,0,0,0,5
420773,Desperados_es,,2,0,2,2,0,2,0,0,0,0,5
420774,ManoloBodyLine,,2,0,2,2,0,2,0,0,0,0,5
420782,socialspain,,2,0,2,2,0,2,0,0,0,0,5
420846,DiegoCastro91,,2,0,2,2,0,2,0,0,0,0,5
420852,EstudiantesUAL,,2,0,2,2,0,2,0,0,0,0,5
420876,Miryam737,,2,0,2,2,0,2,0,0,0,0,5
420883,Maaartajimenez,,2,0,2,2,0,2,0,0,0,0,5
420885,Menchon601,,2,0,2,2,0,2,0,0,0,0,5
420899,Frases_Barney,,2,0,2,2,0,2,0,0,0,0,5
420921,AnaAvilaSalazar,,2,0,2,2,0,2,0,0,0,0,5
420925,mariajesusvarg,,2,0,2,2,0,2,0,0,0,0,5
420943,alba_villegas,,2,0,2,2,0,2,0,0,0,0,5
420963,noealcalaguerre,,2,0,2,2,0,2,0,0,0,0,6
420964,aealmeria,,2,0,2,2,0,2,0,0,0,0,5
420968,Maldopepascrew,,2,0,2,2,0,2,0,0,0,0,5
421000,SanchezPily,,2,0,2,2,0,2,0,0,0,0,5
421020,melipiruleta,,2,0,2,2,0,2,0,0,0,0,0
421027,dineromusic,,2,0,2,2,0,2,0,0,0,0,5
421032,Lourubio92,,2,0,2,2,0,2,0,0,0,0,5
421042,michaelhorror,,2,0,2,2,0,2,0,0,0,0,5
421066,seresdelmundo,,2,0,2,2,0,2,0,0,0,0,5
421074,ualenfurecida,,2,0,2,2,0,2,0,0,0,0,5
421075,effyofsuburbiaa,,2,0,2,2,0,2,0,0,0,0,5
421101,maycoquirosc,,2,0,2,2,0,2,0,0,0,0,5
421103,marirg1993,,2,0,2,2,0,2,0,0,0,0,0
421160,arantj,,2,0,2,2,0,2,0,0,0,0,5
421163,LauraKc9,,2,0,2,2,0,2,0,0,0,0,5
421172,EliasBudweiser,,2,0,2,2,0,2,0,0,0,0,5
421173,miravehmaribeh,,2,0,2,2,0,2,0,0,0,0,5
421204,CCuadradoN,,2,0,2,2,0,2,0,0,0,0,2
421227,CaneloCarola,,2,0,2,2,0,2,0,0,0,0,2
421242,uclcareers,,2,0,2,2,0,2,0,0,0,0,2
421243,UCLAlumni,,2,0,2,2,0,2,0,0,0,0,2
421251,TheUnionUCL,,2,0,2,2,0,2,0,0,0,0,2
421296,climasantiago,,2,0,2,2,0,2,0,0,0,0,2
421325,NickoMeteo,,2,0,2,2,0,2,0,0,0,0,2
421334,marioperest,,2,0,2,2,0,2,0,0,0,0,6
421336,deliaconectada,,2,0,2,2,0,2,0,0,0,0,2
421380,alegriagonzaa,,2,0,2,2,0,2,0,0,0,0,2
421395,elchascas,,2,0,2,2,0,2,0,0,0,0,2
421414,pinigol51,,2,0,2,2,0,2,0,0,0,0,2
421424,elterribledios,,2,0,2,2,0,2,0,0,0,0,2
421427,sitiodelsuceso,,2,0,2,2,0,2,0,0,0,0,2
421449,soychilecl,,2,0,2,2,0,2,0,0,0,0,2
421452,LaTiaEvelyn,,2,0,2,2,0,2,0,0,0,0,2
421501,SrDatos,,2,0,2,2,0,2,0,0,0,0,2
421502,Antonio_534,,2,0,2,2,0,2,0,0,0,0,2
421509,CarmenTuitera,,2,0,2,2,0,2,0,0,0,0,2
421534,TeaSommelierScl,,2,0,2,2,0,2,0,0,0,0,2
421536,RealCondorito,,2,0,2,2,0,2,0,0,0,0,2
421546,La_Rusiaaa,,2,0,2,2,0,2,0,0,0,0,2
421551,paulinadeallend,,2,0,2,2,0,2,0,0,0,0,2
421556,MANGO_Man,,2,0,2,2,0,2,0,0,0,0,2
421593,Davidlopezdj,,2,0,2,2,0,2,0,0,0,0,2
421602,FabianRuizCano,,2,0,2,2,0,2,0,0,0,0,2
421615,salguero_tv,,2,0,2,2,0,2,0,0,0,0,2
421619,AnaJimenezz_,,2,0,2,2,0,2,0,0,0,0,2
421656,CarolaSchmidtZ,,2,0,2,2,0,2,0,0,0,0,2
421669,Comunidanimales,,2,0,2,2,0,2,0,0,0,0,2
421677,cotyreginato,,2,0,2,2,0,2,0,0,0,0,2
421690,FelipefromChile,,2,0,2,2,0,2,0,0,0,0,2
421697,farmaciaschile,,2,0,2,2,0,2,0,0,0,0,2
421709,AnaPoloTV,,2,0,2,2,0,2,0,0,0,0,2
421722,_rod_gutierrez,,2,0,2,2,0,2,0,0,0,0,2
421727,ElPulentoDios,,2,0,2,2,0,2,0,0,0,0,2
421735,VTRsoporte,,2,0,2,2,0,2,0,0,0,0,2
421745,LuciaRestorant,,2,0,2,2,0,2,0,0,0,0,0
421751,dssmagazine,,2,0,2,2,0,2,0,0,0,0,2
421758,soyvalparaiso,,2,0,2,2,0,2,0,0,0,0,2
421805,INFORMADORCHILE,,2,0,2,2,0,2,0,0,0,0,2
421809,mercuriovalpo,,2,0,2,2,0,2,0,0,0,0,2
421810,EduOrtegaIbarra,,2,0,2,2,0,2,0,0,0,0,2
421856,Porlaputa,,2,0,2,2,0,2,0,0,0,0,2
421858,camila_vallejo,,2,0,2,2,0,2,0,0,0,0,2
421889,jschaulsohn,,2,0,2,2,0,2,0,0,0,0,2
421917,uvalpochile,,2,0,2,2,0,2,0,0,0,0,2
421935,pablosimonetti,,2,0,2,2,0,2,0,0,0,0,2
421936,LANoumCL,,2,0,2,2,0,2,0,0,0,0,2
421943,adribarrientos,,2,0,2,2,0,2,0,0,0,0,2
421980,TECHOChile,,2,0,2,2,0,2,0,0,0,0,2
421988,verito_acosta,,2,0,2,2,0,2,0,0,0,0,6
422003,RafaRobles4,,2,0,2,2,0,2,0,0,0,0,6
422009,Andreasanchezbl,,2,0,2,2,0,2,0,0,0,0,6
422012,Joselitodioso,,2,0,2,2,0,2,0,0,0,0,6
422038,comerperderpeso,,2,0,2,2,0,2,0,0,0,0,0
422081,ladycocretas,,2,0,2,2,0,2,0,0,0,0,0
422112,Mal_De_Ojo,,2,0,2,2,0,2,0,0,0,0,6
422126,unGranainodiceA,,2,0,2,2,0,2,0,0,0,0,6
422137,JuanjoParis,,2,0,2,2,0,2,0,0,0,0,6
422138,lidiatiena,,2,0,2,2,0,2,0,0,0,0,6
422145,JProcircuitt,,2,0,2,2,0,2,0,0,0,0,6
422151,SoniTorres21,,2,0,2,2,0,2,0,0,0,0,6
422164,amandiiiiii,,2,0,2,2,0,2,0,0,0,0,0
422165,EL__CALI,,2,0,2,2,0,2,0,0,0,0,6
422191,luiisa1988,,2,0,2,2,0,2,0,0,0,0,6
422192,mario_o99,,2,0,2,2,0,2,0,0,0,0,6
422193,AlMuklinFS,,2,0,2,2,0,2,0,0,0,0,6
422215,PartyCopea,,2,0,2,2,0,2,0,0,0,0,3
422221,EvilNiehaus,,2,0,2,2,0,2,0,0,0,0,6
422224,ivandelarosa21,,2,0,2,2,0,2,0,0,0,0,6
422225,davidsaliinas,,2,0,2,2,0,2,0,0,0,0,6
422227,AngelMolinaSant,,2,0,2,2,0,2,0,0,0,0,6
422230,joselugm96,,2,0,2,2,0,2,0,0,0,0,6
422259,Julita411,,2,0,2,2,0,2,0,0,0,0,6
422271,AniitaCarmona,,2,0,2,2,0,2,0,0,0,0,6
422282,GloriaM10,,2,0,2,2,0,2,0,0,0,0,6
422291,aniitasonriisas,,2,0,2,2,0,2,0,0,0,0,0
422297,NonoCorreaZ,,2,0,2,2,0,2,0,0,0,0,6
422302,gerar_TL,,2,0,2,2,0,2,0,0,0,0,6
422304,juanmabuja,,2,0,2,2,0,2,0,0,0,0,6
422314,Evaballesteeros,,2,0,2,2,0,2,0,0,0,0,6
422317,marialia18,,2,0,2,2,0,2,0,0,0,0,6
422322,grazpab,,2,0,2,2,0,2,0,0,0,0,6
422326,MigueliyoGamez,,2,0,2,2,0,2,0,0,0,0,6
422331,Samuwy,,2,0,2,2,0,2,0,0,0,0,6
422338,Mery_Emejota,,2,0,2,2,0,2,0,0,0,0,6
422350,ALEXJANDOMG,,2,0,2,2,0,2,0,0,0,0,6
422367,Reguera22,,2,0,2,2,0,2,0,0,0,0,6
422373,Trijuxd,,2,0,2,2,0,2,0,0,0,0,6
422376,Elviragironf,,2,0,2,2,0,2,0,0,0,0,6
422377,lenko7,,2,0,2,2,0,2,0,0,0,0,6
422381,jseluxd,,2,0,2,2,0,2,0,0,0,0,6
422406,JaviMelgarez,,2,0,2,2,0,2,0,0,0,0,6
422415,joseluiscarazo,,2,0,2,2,0,2,0,0,0,0,6
422418,PaulaRuiz17,,2,0,2,2,0,2,0,0,0,0,6
422428,lajimo,,2,0,2,2,0,2,0,0,0,0,6
422430,july_anlopez,,2,0,2,2,0,2,0,0,0,0,6
422435,lauriiya97,,2,0,2,2,0,2,0,0,0,0,6
422437,Srjuancho97,,2,0,2,2,0,2,0,0,0,0,6
422444,Faty_92gj,,2,0,2,2,0,2,0,0,0,0,6
422462,Rogelio7_,,2,0,2,2,0,2,0,0,0,0,6
422510,uas_gel,,2,0,2,2,0,2,0,0,0,0,6
422516,ivanromero357,,2,0,2,2,0,2,0,0,0,0,2
422531,ines_ruizl,,2,0,2,2,0,2,0,0,0,0,6
422567,EricJesus15,,2,0,2,2,0,2,0,0,0,0,2
422571,Adryeear,,2,0,2,2,0,2,0,0,0,0,6
422573,fa_co,,2,0,2,2,0,2,0,0,0,0,6
422582,MacDog_RipperRp,,2,0,2,2,0,2,0,0,0,0,6
422625,jorgem3killer,,2,0,2,2,0,2,0,0,0,0,6
422651,LifestyleGr,,2,0,2,2,0,2,0,0,0,0,6
422653,GigaGranadaHils,,2,0,2,2,0,2,0,0,0,0,6
422654,ZabalaMikel,,2,0,2,2,0,2,0,0,0,0,6
422662,GranAlfre,,2,0,2,2,0,2,0,0,0,0,6
422693,martinez_palma,,2,0,2,2,0,2,0,0,0,0,6
422708,Gloria___Perez,,2,0,2,2,0,2,0,0,0,0,6
422714,puga3ca,,2,0,2,2,0,2,0,0,0,0,6
422715,AdriFerrer_,,2,0,2,2,0,2,0,0,0,0,6
422720,itinaJimenez,,2,0,2,2,0,2,0,0,0,0,6
422721,Sandramontoro7,,2,0,2,2,0,2,0,0,0,0,6
422733,AlbertoRI95,,2,0,2,2,0,2,0,0,0,0,6
422809,aliciavincii,,2,0,2,2,0,2,0,0,0,0,6
422854,blancak47,,2,0,2,2,0,2,0,0,0,0,6
422855,eduardiitogv,,2,0,2,2,0,2,0,0,0,0,6
422860,Adrianlupi,,2,0,2,2,0,2,0,0,0,0,6
422867,ratonratonsiyo,,2,0,2,2,0,2,0,0,0,0,6
422878,ulii_rodriguez,,2,0,2,2,0,2,0,0,0,0,6
422887,laurachaura,,2,0,2,2,0,2,0,0,0,0,6
422901,gorrasgranada,,2,0,2,2,0,2,0,0,0,0,6
422902,PASTORALEMANS,,2,0,2,2,0,2,0,0,0,0,6
422920,gabiiNR17,,2,0,2,2,0,2,0,0,0,0,6
422922,mari_gonzalez26,,2,0,2,2,0,2,0,0,0,0,6
422941,BelenRoca_,,2,0,2,2,0,2,0,0,0,0,6
422958,Dani_RE_,,2,0,2,2,0,2,0,0,0,0,6
422977,CristinaValver6,,2,0,2,2,0,2,0,0,0,0,0
422986,henrymendez_,,2,0,2,2,0,2,0,0,0,0,3
422989,YlenitaShore,,2,0,2,2,0,2,0,0,0,0,6
423009,elhaze,,2,0,2,2,0,2,0,0,0,0,6
423023,ManuelVilla1994,,2,0,2,2,0,2,0,0,0,0,6
423036,CORPUS2013,,2,0,2,2,0,2,0,0,0,0,6
423079,pabloj121,,2,0,2,2,0,2,0,0,0,0,6
423085,jesusbc56,,2,0,2,2,0,2,0,0,0,0,6
423099,pablobaros,,2,0,2,2,0,2,0,0,0,0,6
423102,elenitaajorda,,2,0,2,2,0,2,0,0,0,0,6
423111,galle_illora,,2,0,2,2,0,2,0,0,0,0,6
423126,jbandalucista97,,2,0,2,2,0,2,0,0,0,0,0
423131,Dani_Coca_,,2,0,2,2,0,2,0,0,0,0,6
423151,angel_costela22,,2,0,2,2,0,2,0,0,0,0,6
423175,rafael_atero,,2,0,2,2,0,2,0,0,0,0,6
423196,InfoBangClub,,2,0,2,2,0,2,0,0,0,0,6
423198,juanmaarcos_,,2,0,2,2,0,2,0,0,0,0,6
423224,luciabracana97,,2,0,2,2,0,2,0,0,0,0,6
423225,nooelia_28,,2,0,2,2,0,2,0,0,0,0,6
423238,RmBeea,,2,0,2,2,0,2,0,0,0,0,6
423282,RrppAlvaro,,2,0,2,2,0,2,0,0,0,0,6
423317,GrowLandiaOFI,,2,0,2,2,0,2,0,0,0,0,6
423324,qukio,,2,0,2,2,0,2,0,0,0,0,6
423329,LaOrzaDeAlmeria,,2,0,2,2,0,2,0,0,0,0,0
423336,makeitwithmike,,2,0,2,2,0,2,0,0,0,0,0
423350,comoserunkiwi,,2,0,2,2,0,2,0,0,0,0,7
423355,TrickonMedia,,2,0,2,2,0,2,0,0,0,0,0
423357,investincanarie,,2,0,2,2,0,2,0,0,0,0,0
423362,CocaColaEP_es,,2,0,2,2,0,2,0,0,0,0,0
423363,jjoselitran,,2,0,2,2,0,2,0,0,0,0,0
423366,belenklin,,2,0,2,2,0,2,0,0,0,0,5
423382,Dingoos_,,2,0,2,2,0,2,0,0,0,0,7
423394,youtoo_project,,2,0,2,2,0,2,0,0,0,0,0
423395,desdelcallejon,,2,0,2,2,0,2,0,0,0,0,6
423412,biosabor_agro,,2,0,2,2,0,2,0,0,0,0,0
423414,Empleo4you,,2,0,2,2,0,2,0,0,0,0,0
423421,cupofcouple,,2,0,2,2,0,2,0,0,0,0,0
423423,marta_caparros,,2,0,2,2,0,2,0,0,0,0,0
423435,ElMundoToros,,2,0,2,2,0,2,0,0,0,0,0
423439,Talentoteca,,2,0,2,2,0,2,0,0,0,0,0
423455,ARIZAADM,,2,0,2,2,0,2,0,0,0,0,0
423457,ariasdxc,,2,0,2,2,0,2,0,0,0,0,0
423466,karvajal19,,2,0,2,2,0,2,0,0,0,0,0
423467,MattCookSales,,2,0,2,2,0,2,0,0,0,0,0
423468,sales_hub,,2,0,2,2,0,2,0,0,0,0,0
423469,brandomoore,,2,0,2,2,0,2,0,0,0,0,0
423470,vhs3,,2,0,2,2,0,2,0,0,0,0,0
423472,FITauromaquia,,2,0,2,2,0,2,0,0,0,0,0
423473,marionavas,,2,0,2,2,0,2,0,0,0,0,6
423476,CAFMalagaES,,2,0,2,2,0,2,0,0,0,0,0
423479,Juanpi,,2,0,2,2,0,2,0,0,0,0,0
423488,PuntoRojoM,,2,0,2,2,0,2,0,0,0,0,0
423498,Hecjer,,2,0,2,2,0,2,0,0,0,0,0
423499,felgarpe,,2,0,2,2,0,2,0,0,0,0,0
423500,CejudoJavier,,2,0,2,2,0,2,0,0,0,0,0
423507,defotoenfoto,,2,0,2,2,0,2,0,0,0,0,6
423514,JoseAMeadeK,,2,0,2,2,0,2,0,0,0,0,2
423528,claudiovaccaro,,2,0,2,2,0,2,0,0,0,0,1
423539,Dir_negocios,,2,0,2,2,0,2,0,0,0,0,0
423548,MKFuned,,2,0,2,2,0,2,0,0,0,0,1
423555,javier_oliver92,,2,0,2,2,0,2,0,0,0,0,6
423569,carlos_santos_r,,3,0,3,3,0,3,0,0,0,0,0
423570,AvanzaETC,,2,0,2,2,0,2,0,0,0,0,0
423571,salgueiro79,,2,0,2,2,0,2,0,0,0,0,0
423573,davidlatache,,2,0,2,2,0,2,0,0,0,0,3
423590,grupomt_,,2,0,2,2,0,2,0,0,0,0,0
423615,byTheMaestros,,2,0,2,2,0,2,0,0,0,0,5
423631,ReneRamos,,2,0,2,2,0,2,0,0,0,0,2
423635,v_puerto,,2,0,2,2,0,2,0,0,0,0,0
423644,peinetapuesta,,2,0,2,2,0,2,0,0,0,0,0
423656,marcosblanco,,2,0,2,2,0,2,0,0,0,0,0
423668,AiresdeFeria,,2,0,2,2,0,2,0,0,0,0,0
423709,pennadireve,,2,0,2,2,0,2,0,0,0,0,3
423718,Eloy__Moreno,,2,0,2,2,0,2,0,0,0,0,0
423719,DaboConsulting,,2,0,2,2,0,2,0,0,0,0,6
423722,MonicaAlaejos,,2,0,2,2,0,2,0,0,0,0,0
423746,luniyes,,2,0,2,2,0,2,0,0,0,0,0
423751,b_pedrote,,2,0,2,2,0,2,0,0,0,0,4
423778,sixtespana,,2,0,2,2,0,2,0,0,0,0,1
423783,_EmmaGarcia_,,2,0,2,2,0,2,0,0,0,0,4
423799,Juanpeacantante,,2,0,2,2,0,2,0,0,0,0,0
423803,collarjoyeros,,2,0,2,2,0,2,0,0,0,0,0
423804,AficionadosSA,,2,0,2,2,0,2,0,0,0,0,4
423807,rafaeljcortes,,2,0,2,2,0,2,0,0,0,0,6
423812,ppchicote,,2,0,2,2,0,2,0,0,0,0,0
423826,lancesdefuturo,,2,0,2,2,0,2,0,0,0,0,0
423839,Silvi_sdd,,2,0,2,2,0,2,0,0,0,0,0
423862,zenetoficial,,2,0,2,2,0,2,0,0,0,0,0
423869,delvaljuan,,2,0,2,2,0,2,0,0,0,0,0
423892,AurumVita_,,2,0,2,2,0,2,0,0,0,0,0
423915,eucfootball2013,,2,0,2,2,0,2,0,0,0,0,2
423919,vanesamcfo,,2,0,2,2,0,2,0,0,0,0,0
423920,FNEnergiAlmeria,,2,0,2,2,0,2,0,0,0,0,0
423923,chicoflores,,2,0,2,2,0,2,0,0,0,0,0
423949,MoranteDeArte,,2,0,2,2,0,2,0,0,0,0,0
423971,MSFAlmeria,,2,0,2,2,0,2,0,0,0,0,6
423978,MartaQuintero,,3,0,3,3,0,3,0,0,0,0,0
423979,PasionOficial,,3,0,3,3,0,3,0,0,0,0,0
423980,manuellombo,,2,0,2,2,0,2,0,0,0,0,0
423983,AdrianMartRuiz,,2,0,2,2,0,2,0,0,0,0,0
423993,RTAlmeria,,2,0,2,2,0,2,0,0,0,0,0
423996,RossioLCh,,2,0,2,2,0,2,0,0,0,0,0
424016,albert_rue,,2,0,2,2,0,2,0,0,0,0,0
424019,Trincherazo_es,,2,0,2,2,0,2,0,0,0,0,0
424030,DiegoVentura82,,2,0,2,2,0,2,0,0,0,0,0
424041,JuvTauMar,,2,0,2,2,0,2,0,0,0,0,0
424042,rociofl76,,2,0,2,2,0,2,0,0,0,0,0
424043,miguelabellan,,2,0,2,2,0,2,0,0,0,0,2
424044,Pito9Gador,,2,0,2,2,0,2,0,0,0,0,0
424064,FranFalces,,2,0,2,2,0,2,0,0,0,0,6
424085,EspacioNavarro,,2,0,2,2,0,2,0,0,0,0,6
424092,Javieralme,,2,0,2,2,0,2,0,0,0,0,0
424096,DiegoBravoSER,,2,0,2,2,0,2,0,0,0,0,0
424109,unadel2,,2,0,2,2,0,2,0,0,0,0,0
424112,tbarocatafau,,2,0,2,2,0,2,0,0,0,0,1
424117,Meriwan_,,2,0,2,2,0,2,0,0,0,0,0
424129,martarruiz,,2,0,2,2,0,2,0,0,0,0,4
424130,BelBelart,,2,0,2,2,0,2,0,0,0,0,2
424132,REVISTA6TOROS6,,2,0,2,2,0,2,0,0,0,0,0
424136,hugocostagolf,,2,0,2,2,0,2,0,0,0,0,0
424137,toros,,2,0,2,2,0,2,0,0,0,0,0
424139,Ayahuasca_Danza,,2,0,2,2,0,2,0,0,0,0,0
424157,Bermartinez,,2,0,2,2,0,2,0,0,0,0,0
424160,manuecarrasco,,2,0,2,2,0,2,0,0,0,0,0
424167,CharlesDcost,,2,0,2,2,0,2,0,0,0,0,6
424171,MurphysLawSA,,2,0,2,2,0,2,0,0,0,0,4
424174,Cesar_Cabo,,2,0,2,2,0,2,0,0,0,0,0
424207,Maria_CarrascoJ,,2,0,2,2,0,2,0,0,0,0,0
424218,CHAMA_FIR,,2,0,2,2,0,2,0,0,0,0,5
424223,JovenesTaurinos,,2,0,2,2,0,2,0,0,0,0,0
424229,angeldavid88,,2,0,2,2,0,2,0,0,0,0,0
424234,hotel_ercilla,,2,0,2,2,0,2,0,0,0,0,0
424236,irene89gl,,2,0,2,2,0,2,0,0,0,0,4
424257,MLuisaDelArco,,2,0,2,2,0,2,0,0,0,0,0
424258,adelaucar,,3,0,3,3,0,3,0,0,0,0,5
424260,RepublicaToro,,2,0,2,2,0,2,0,0,0,0,0
424262,aaronboria7,,2,0,2,2,0,2,0,0,0,0,0
424289,OjolocoVictor,,3,0,3,3,0,3,0,0,0,0,5
424308,Carlos__Romero_,,2,0,2,2,0,2,0,0,0,0,0
424310,_FranRoldan_,,2,0,2,2,0,2,0,0,0,0,6
424338,Juande_Villena,,2,0,2,2,0,2,0,0,0,0,6
424340,VEROJFORTES,,2,0,2,2,0,2,0,0,0,0,0
424345,njuancof1,,2,0,2,2,0,2,0,0,0,0,5
424360,maru_643,,2,0,2,2,0,2,0,0,0,0,2
424373,OCRdeportesAlm,,2,0,2,2,0,2,0,0,0,0,0
424383,BRIDA_OFICIAL,,2,0,2,2,0,2,0,0,0,0,0
424385,LamadeGongora,,2,0,2,2,0,2,0,0,0,0,0
424389,cultorocom,,2,0,2,2,0,2,0,0,0,0,0
424403,susana_merino,,2,0,2,2,0,2,0,0,0,0,0
424405,LATIERRADELTORO,,2,0,2,2,0,2,0,0,0,0,0
424410,dalbelda,,2,0,2,2,0,2,0,0,0,0,2
424411,MATEO_ALM,,2,0,2,2,0,2,0,0,0,0,4
424414,MichelZabaco,,2,0,2,2,0,2,0,0,0,0,0
424415,carruseltaurino,,2,0,2,2,0,2,0,0,0,0,0
424419,ALCOBENDAS82,,2,0,2,2,0,2,0,0,0,0,0
424425,LaVozDeporteAlm,,2,0,2,2,0,2,0,0,0,0,0
424433,Kaikumedina,,2,0,2,2,0,2,0,0,0,0,0
424436,AntonioMLC,,2,0,2,2,0,2,0,0,0,0,0
424453,Pol314oficial,,2,0,2,2,0,2,0,0,0,0,0
424455,javiercastano_,,2,0,2,2,0,2,0,0,0,0,0
424464,ElSuenodeMorfeo,,2,0,2,2,0,2,0,0,0,0,0
424467,rafitaserna,,2,0,2,2,0,2,0,0,0,0,0
424474,ivanfandino,,2,0,2,2,0,2,0,0,0,0,0
424476,FitoFitipaldisQ,,2,0,2,2,0,2,0,0,0,0,5
424497,JoseCabrera000,,2,0,2,2,0,2,0,0,0,0,0
424503,portaltaurino,,2,0,2,2,0,2,0,0,0,0,0
424513,sergio__roldan,,2,0,2,2,0,2,0,0,0,0,0
424517,jottaeLe88,,2,0,2,2,0,2,0,0,0,0,6
424522,axel_pons,,2,0,2,2,0,2,0,0,0,0,0
424532,tpt_tv,,2,0,2,2,0,2,0,0,0,0,0
424535,Taurologia,,2,0,2,2,0,2,0,0,0,0,0
424541,Sergiomartv,,2,0,2,2,0,2,0,0,0,0,0
424542,Alanco_es,,2,0,2,2,0,2,0,0,0,0,0
424560,Noe_dreamer,,2,0,2,2,0,2,0,0,0,0,0
424565,AulaTaurinaUal,,2,0,2,2,0,2,0,0,0,0,0
424566,kike_calleja,,2,0,2,2,0,2,0,0,0,0,2
424576,martinexposito,,2,0,2,2,0,2,0,0,0,0,0
424577,MACHETEDEACERO,,2,0,2,2,0,2,0,0,0,0,4
424597,radiouniv,,2,0,2,2,0,2,0,0,0,0,6
424598,JostoMaffeo,,2,0,2,2,0,2,0,0,0,0,0
424602,GenEjecutivo,,2,0,2,2,0,2,0,0,0,0,6
424605,DetectiAlmeraya,,2,0,2,2,0,2,0,0,0,0,0
424608,tralemania,,2,0,2,2,0,2,0,0,0,0,0
424610,JimenezFortes,,2,0,2,2,0,2,0,0,0,0,0
424612,ContygoCrece,,2,0,2,2,0,2,0,0,0,0,4
424617,germanyvero,,2,0,2,2,0,2,0,0,0,0,0
424618,DanielDiges,,3,0,3,3,0,3,0,0,0,0,0
424619,PabloPuyol_,,3,0,3,3,0,3,0,0,0,0,0
424620,InvierteMe,,2,0,2,2,0,2,0,0,0,0,0
424630,_Vi0leta_,,2,0,2,2,0,2,0,0,0,0,4
424641,escueladecoach,,2,0,2,2,0,2,0,0,0,0,0
424642,VentasyMarket,,2,0,2,2,0,2,0,0,0,0,0
424643,aribrailovsky,,2,0,2,2,0,2,0,0,0,0,4
424646,empresarios123,,2,0,2,2,0,2,0,0,0,0,0
424647,Cegos_es,,2,0,2,2,0,2,0,0,0,0,0
424652,Silvinha_ac,,2,0,2,2,0,2,0,0,0,0,5
424655,rosabelrguez,,2,0,2,2,0,2,0,0,0,0,4
424661,AhoraAlmeria,,2,0,2,2,0,2,0,0,0,0,0
424662,pablohermosonet,,2,0,2,2,0,2,0,0,0,0,0
424668,Aguilera_222,,2,0,2,2,0,2,0,0,0,0,5
424674,GonzaloSmo,,2,0,2,2,0,2,0,0,0,0,6
424676,prensataurina,,3,0,3,3,0,3,0,0,0,0,0
424686,luislopezwdm,,2,0,2,2,0,2,0,0,0,0,3
424687,fede_rom,,2,0,2,2,0,2,0,0,0,0,0
424694,DiegoSilveti,,2,0,2,2,0,2,0,0,0,0,0
424695,imanolsanchez,,2,0,2,2,0,2,0,0,0,0,0
424705,ElCigalaOficial,,2,0,2,2,0,2,0,0,0,0,2
424711,JCarlosCrespo,,2,0,2,2,0,2,0,0,0,0,2
424713,Blogger,,2,0,2,2,0,2,0,0,0,0,2
424715,alvaronunezcuv,,2,0,2,2,0,2,0,0,0,0,0
424716,Andy_Cartagena,,2,0,2,2,0,2,0,0,0,0,0
424717,conocerlosvelez,,2,0,2,2,0,2,0,0,0,0,0
424724,NataliaJimenez,,3,0,3,3,0,3,0,0,0,0,6
424728,ucedaleal,,2,0,2,2,0,2,0,0,0,0,0
424730,burladerotv,,2,0,2,2,0,2,0,0,0,0,6
424732,miguelangperera,,2,0,2,2,0,2,0,0,0,0,0
424744,tendidocero,,2,0,2,2,0,2,0,0,0,0,0
424747,JuventudTaurina,,2,0,2,2,0,2,0,0,0,0,6
424749,bisbalfanclub,,2,0,2,2,0,2,0,0,0,0,4
424754,JL_MDesconocido,,2,0,2,2,0,2,0,0,0,0,2
424790,samu_pixurrita,,2,0,2,2,0,2,0,0,0,0,2
424799,Baritono89,,2,0,2,2,0,2,0,0,0,0,2
424807,trolasenlared,,2,0,2,2,0,2,0,0,0,0,2
424808,djcarlosdiaz,,2,0,2,2,0,2,0,0,0,0,2
424812,jorge_baena,,2,0,2,2,0,2,0,0,0,0,2
424832,susysupolo,,2,0,2,2,0,2,0,0,0,0,3
424851,_bellepoupee,,2,0,2,2,0,2,0,0,0,0,6
424978,txine,,2,0,2,2,0,2,0,0,0,0,6
424997,paquetegarcia,,2,0,2,2,0,2,0,0,0,0,6
425011,bluoliva,,2,0,2,2,0,2,0,0,0,0,6
425016,Saradelarosa22,,2,0,2,2,0,2,0,0,0,0,6
425018,NataliaDonate,,2,0,2,2,0,2,0,0,0,0,6
425019,amapolareinaa,,2,0,2,2,0,2,0,0,0,0,6
425050,Matthew_Barnett,,2,0,2,2,0,2,0,0,0,0,1
425070,bohemianblau,,2,0,2,2,0,2,0,0,0,0,1
425071,manololuquev,,2,0,2,2,0,2,0,0,0,0,1
425075,IvanFreeman,,2,0,2,2,0,2,0,0,0,0,1
425076,UpoErasmus,,2,0,2,2,0,2,0,0,0,0,1
425078,alvarovazquezlc,,2,0,2,2,0,2,0,0,0,0,1
425080,mariamarcab,,2,0,2,2,0,2,0,0,0,0,1
425082,ClaudiaMaryTw,,2,0,2,2,0,2,0,0,0,0,7
425092,elhotelescuela,,2,0,2,2,0,2,0,0,0,0,7
425093,editorialeditex,,2,0,2,2,0,2,0,0,0,0,7
425118,ChiefMI6,,2,0,2,2,0,2,0,0,0,0,2
425126,OdunuzAga,,2,0,2,2,0,2,0,0,0,0,2
425129,asosyalsozluk,,2,0,2,2,0,2,0,0,0,0,2
425134,FuatAvni,,2,0,2,2,0,2,0,0,0,0,2
425148,gupseo,,2,0,2,2,0,2,0,0,0,0,2
425150,sahinirmak,,2,0,2,2,0,2,0,0,0,0,2
425155,farukkayaFK,,2,0,2,2,0,2,0,0,0,0,2
425157,barisatar,,2,0,2,2,0,2,0,0,0,0,2
425158,mustafasatici,,2,0,2,2,0,2,0,0,0,0,2
425161,cemdinlenmis,,2,0,2,2,0,2,0,0,0,0,2
425178,serkanaltunigne,,2,0,2,2,0,2,0,0,0,0,2
425185,basarcankaya,,2,0,2,2,0,2,0,0,0,0,2
425189,Aslutto,,2,0,2,2,0,2,0,0,0,0,2
425198,akkayasarp,,2,0,2,2,0,2,0,0,0,0,2
425204,fayntenks,,2,0,2,2,0,2,0,0,0,0,2
425240,ODTUTeknokent,,2,0,2,2,0,2,0,0,0,0,1
425247,mesutbahtiyar,,2,0,2,2,0,2,0,0,0,0,2
425250,burakbuyukdemir,,2,0,2,2,0,2,0,0,0,0,2
425254,TAVairports,,2,0,2,2,0,2,0,0,0,0,2
425264,degirmencirfan,,2,0,2,2,0,2,0,0,0,0,2
425285,bigparacom,,2,0,2,2,0,2,0,0,0,0,2
425321,filmreplikleri,,2,0,2,2,0,2,0,0,0,0,2
425332,popiliadam,,2,0,2,2,0,2,0,0,0,0,2
425338,cpt_mathias,,2,0,2,2,0,2,0,0,0,0,2
425345,pakiteysis,,2,0,2,2,0,2,0,0,0,0,2
425362,OrayinEnglish,,2,0,2,2,0,2,0,0,0,0,2
425377,herbkubilenadam,,2,0,2,2,0,2,0,0,0,0,2
425380,egzOzpirincci,,2,0,2,2,0,2,0,0,0,0,2
425384,iclalaydin,,2,0,2,2,0,2,0,0,0,0,2
425387,SpanishForWork,,2,0,2,2,0,2,0,0,0,0,2
425388,_Translator,,2,0,2,2,0,2,0,0,0,0,2
425399,Bokan_Ayulgen,,2,0,2,2,0,2,0,0,0,0,2
425400,evrimguvenc,,2,0,2,2,0,2,0,0,0,0,2
425410,cemcemiladam,,2,0,2,2,0,2,0,0,0,0,2
425417,tekyoldavsanlik,,2,0,2,2,0,2,0,0,0,0,2
425426,AcdcAgrupacion,,2,0,2,2,0,2,0,0,0,0,0
425429,WeekendPlains2,,2,0,2,2,0,2,0,0,0,0,6
425430,FganduOfficial,,2,0,2,2,0,2,0,0,0,0,6
425432,SamuDiaz_,,2,0,2,2,0,2,0,0,0,0,6
425433,SuperKlub,,2,0,2,2,0,2,0,0,0,0,6
425434,dani_lz96,,2,0,2,2,0,2,0,0,0,0,6
425435,NachoEsnaola,,2,0,2,2,0,2,0,0,0,0,6
425450,MartaHerrera11,,2,0,2,2,0,2,0,0,0,0,6
425452,AlbertoCaramelo,,2,0,2,2,0,2,0,0,0,0,6
425454,KristianCarmona,,2,0,2,2,0,2,0,0,0,0,6
425465,May_hg,,2,0,2,2,0,2,0,0,0,0,6
425473,Urbano_96,,2,0,2,2,0,2,0,0,0,0,6
425478,Paola__Palacios,,2,0,2,2,0,2,0,0,0,0,6
425482,er_ruben24,,2,0,2,2,0,2,0,0,0,0,6
425484,lauraC9419,,2,0,2,2,0,2,0,0,0,0,6
425487,glorillatg,,2,0,2,2,0,2,0,0,0,0,5
425488,noe_alvarez_,,2,0,2,2,0,2,0,0,0,0,0
425493,bluedine,,2,0,2,2,0,2,0,0,0,0,0
425502,MaloMalisimoR,,2,0,2,2,0,2,0,0,0,0,6
425510,Lau_p96,,2,0,2,2,0,2,0,0,0,0,6
425511,ClauMeloDmn,,2,0,2,2,0,2,0,0,0,0,6
425515,Victor_Troyano,,2,0,2,2,0,2,0,0,0,0,6
425524,SuuGarsia,,2,0,2,2,0,2,0,0,0,0,6
425532,18anab,,2,0,2,2,0,2,0,0,0,0,6
425534,Benjis93,,2,0,2,2,0,2,0,0,0,0,6
425537,Marinamartin69,,2,0,2,2,0,2,0,0,0,0,6
425541,JoseLuis1889,,2,0,2,2,0,2,0,0,0,0,6
425550,residenciasant1,,2,0,2,2,0,2,0,0,0,0,6
425553,InmaHp91,,2,0,2,2,0,2,0,0,0,0,6
425557,Julianortegap,,2,0,2,2,0,2,0,0,0,0,6
425564,Clv_lopz,,2,0,2,2,0,2,0,0,0,0,6
425580,juanmygarcia1,,2,0,2,2,0,2,0,0,0,0,6
425586,garciafdzsarita,,2,0,2,2,0,2,0,0,0,0,6
425590,Migue_By,,2,0,2,2,0,2,0,0,0,0,6
425599,MenxuL,,2,0,2,2,0,2,0,0,0,0,6
425600,LeandroPretel,,2,0,2,2,0,2,0,0,0,0,6
425611,diegomesaespino,,3,0,3,3,0,3,0,0,0,0,6
425615,Lorelainee,,2,0,2,2,0,2,0,0,0,0,6
425620,Lorecontreras13,,2,0,2,2,0,2,0,0,0,0,6
425625,nache_lozano,,2,0,2,2,0,2,0,0,0,0,6
425627,nachetex11,,2,0,2,2,0,2,0,0,0,0,6
425628,LosYLas,,2,0,2,2,0,2,0,0,0,0,6
425631,maria_moom,,2,0,2,2,0,2,0,0,0,0,6
425633,MarinaSnch,,2,0,2,2,0,2,0,0,0,0,6
425638,MarditoRasta,,2,0,2,2,0,2,0,0,0,0,6
425643,ABFestival2018,,2,0,2,2,0,2,0,0,0,0,6
425644,TheDope_Music,,2,0,2,2,0,2,0,0,0,0,6
425645,hnktgrx,,2,0,2,2,0,2,0,0,0,0,6
425646,Vicky_Mala,,2,0,2,2,0,2,0,0,0,0,6
425649,Renkorap,,2,0,2,2,0,2,0,0,0,0,6
425651,angelarodipa,,2,0,2,2,0,2,0,0,0,0,6
425658,alexnm10,,2,0,2,2,0,2,0,0,0,0,6
425661,MistterRT,,2,0,2,2,0,2,0,0,0,0,6
425662,chainsawpickles,,2,0,2,2,0,2,0,0,0,0,6
425663,Jcervantes95,,2,0,2,2,0,2,0,0,0,0,6
425675,sergiolucenac,,2,0,2,2,0,2,0,0,0,0,6
425676,Ananomerayes,,2,0,2,2,0,2,0,0,0,0,6
425678,_deesiiii_,,2,0,2,2,0,2,0,0,0,0,6
425696,Paco_Leon1,,2,0,2,2,0,2,0,0,0,0,6
425707,CuatrogatosLIJ,,2,0,2,2,0,2,0,0,0,0,6
425718,Espejito171,,2,0,2,2,0,2,0,0,0,0,6
425720,serranillo10,,2,0,2,2,0,2,0,0,0,0,0
425725,Fran_jese,,2,0,2,2,0,2,0,0,0,0,6
425732,bollicarlos,,2,0,2,2,0,2,0,0,0,0,6
425754,FranJCordero,,2,0,2,2,0,2,0,0,0,0,6
425756,Raquichuelinda,,2,0,2,2,0,2,0,0,0,0,6
425768,MaradonaDA,,2,0,2,2,0,2,0,0,0,0,1
425785,imDavidMorales,,2,0,2,2,0,2,0,0,0,0,0
425788,Espectaculo_MAD,,2,0,2,2,0,2,0,0,0,0,6
425796,josem_bolivar,,2,0,2,2,0,2,0,0,0,0,0
425798,LuisMiSegui,,2,0,2,2,0,2,0,0,0,0,0
425803,GRANAENFURECIDA,,2,0,2,2,0,2,0,0,0,0,0
425806,luciiapgarcia,,2,0,2,2,0,2,0,0,0,0,0
425812,helenacasares,,2,0,2,2,0,2,0,0,0,0,0
425816,LauraBarcelona1,,2,0,2,2,0,2,0,0,0,0,0
425817,Salud180,,2,0,2,2,0,2,0,0,0,0,2
425821,Mariam_Hernan,,2,0,2,2,0,2,0,0,0,0,5
425834,ibanmg88,,2,0,2,2,0,2,0,0,0,0,6
425837,poetaelectrico,,2,0,2,2,0,2,0,0,0,0,4
425839,Koipe_Sol,,2,0,2,2,0,2,0,0,0,0,0
425849,NextStopParty,,2,0,2,2,0,2,0,0,0,0,0
425850,miri18_87,,2,0,2,2,0,2,0,0,0,0,5
425855,A3ViveCantando,,2,0,2,2,0,2,0,0,0,0,0
425857,sandryts,,2,0,2,2,0,2,0,0,0,0,0
425861,MariaJosexuxu,,2,0,2,2,0,2,0,0,0,0,0
425865,garajelumiere,,2,0,2,2,0,2,0,0,0,0,0
425868,RestLagoDiComo,,2,0,2,2,0,2,0,0,0,0,0
425877,cristinapea,,2,0,2,2,0,2,0,0,0,0,0
425879,OjosdeBrujo,,2,0,2,2,0,2,0,0,0,0,0
425880,GosandoenGrana,,2,0,2,2,0,2,0,0,0,0,6
425887,davidelfin_co,,2,0,2,2,0,2,0,0,0,0,0
425896,munikmusica,,2,0,2,2,0,2,0,0,0,0,0
425897,mecuidomucho,,2,0,2,2,0,2,0,0,0,0,0
425899,isbilia,,2,0,2,2,0,2,0,0,0,0,0
425903,ManoloGarciaQ,,2,0,2,2,0,2,0,0,0,0,0
425909,Chatarrimundi,,2,0,2,2,0,2,0,0,0,0,0
425913,CremeTour,,2,0,2,2,0,2,0,0,0,0,0
425914,RRPP_PARTYGRANA,,2,0,2,2,0,2,0,0,0,0,0
425916,LaiaVehi,,2,0,2,2,0,2,0,0,0,0,0
425918,yorusushi,,2,0,2,2,0,2,0,0,0,0,0
425920,startthepartygr,,2,0,2,2,0,2,0,0,0,0,0
425922,Entradas_Grana,,2,0,2,2,0,2,0,0,0,0,6
425927,PeluFerran,,2,0,2,2,0,2,0,0,0,0,0
425931,ELFABULOSOCLUB,,2,0,2,2,0,2,0,0,0,0,0
425932,ElCoconutBar,,2,0,2,2,0,2,0,0,0,0,0
425933,CuadrosD,,2,0,2,2,0,2,0,0,0,0,0
425941,EncuentroTapas,,2,0,2,2,0,2,0,0,0,0,6
425944,Shicaboom,,2,0,2,2,0,2,0,0,0,0,0
425949,littlejoe_es,,2,0,2,2,0,2,0,0,0,0,0
425950,pssandrilla86,,2,0,2,2,0,2,0,0,0,0,6
425951,MJSuarez_MJS,,2,0,2,2,0,2,0,0,0,0,0
425952,benefitspain,,2,0,2,2,0,2,0,0,0,0,0
425955,marissajara_81,,2,0,2,2,0,2,0,0,0,0,0
425959,alejandrokevin,,2,0,2,2,0,2,0,0,0,0,6
425960,lazosfundacion,,2,0,2,2,0,2,0,0,0,0,0
425964,Aitzi2,,2,0,2,2,0,2,0,0,0,0,0
425965,AidaArtiles,,2,0,2,2,0,2,0,0,0,0,0
425966,FangoriaWarner,,2,0,2,2,0,2,0,0,0,0,0
425970,ChonchiHeredia,,2,0,2,2,0,2,0,0,0,0,0
425971,enriquemelgarez,,2,0,2,2,0,2,0,0,0,0,0
425973,La_FreshGallery,,2,0,2,2,0,2,0,0,0,0,0
425974,ADH__1,,2,0,2,2,0,2,0,0,0,0,0
425980,mluisadiferenza,,2,0,2,2,0,2,0,0,0,0,0
425982,Depelicula_rne,,2,0,2,2,0,2,0,0,0,0,0
425985,PatriciaPerezOf,,2,0,2,2,0,2,0,0,0,0,0
425989,cuevaslagranja,,2,0,2,2,0,2,0,0,0,0,0
425990,SylviaSuperstar,,2,0,2,2,0,2,0,0,0,0,0
425993,AlaskayMarioTV,,3,0,3,3,0,3,0,0,0,0,0
425994,teatroamaya,,2,0,2,2,0,2,0,0,0,0,0
425996,terremotovedete,,2,0,2,2,0,2,0,0,0,0,5
426000,teatrorama,,2,0,2,2,0,2,0,0,0,0,0
426001,TeatroLaLatina,,2,0,2,2,0,2,0,0,0,0,0
426002,TeatroBellasArt,,2,0,2,2,0,2,0,0,0,0,0
426008,MarCobosCoach,,2,0,2,2,0,2,0,0,0,0,0
426009,MarCobosB,,2,0,2,2,0,2,0,0,0,0,0
426019,Greta_Loves,,2,0,2,2,0,2,0,0,0,0,0
426021,TheBodyShopSP,,2,0,2,2,0,2,0,0,0,0,2
426022,Voxy,,2,0,2,2,0,2,0,0,0,0,0
426026,control_spain,,2,0,2,2,0,2,0,0,0,0,6
426028,mariabottito,,2,0,2,2,0,2,0,0,0,0,0
426030,CRAZYMADRIDS,,2,0,2,2,0,2,0,0,0,0,0
426032,MariaMakeup,,2,0,2,2,0,2,0,0,0,0,0
426034,GeriHalliwell,,2,0,2,2,0,2,0,0,0,0,1
426035,FlorPsychedelia,,2,0,2,2,0,2,0,0,0,0,6
426037,MelanieCmusic,,2,0,2,2,0,2,0,0,0,0,1
426047,TeatroAlfil,,2,0,2,2,0,2,0,0,0,0,0
426048,Pepacharro,,2,0,2,2,0,2,0,0,0,0,5
426053,ohohjuly_,,2,0,2,2,0,2,0,0,0,0,0
426054,olgui_zamora,,2,0,2,2,0,2,0,0,0,0,5
426060,snowpeople2008,,2,0,2,2,0,2,0,0,0,0,0
426063,5dias_empleo,,2,0,2,2,0,2,0,0,0,0,0
426064,empleogob_mx,,2,0,2,2,0,2,0,0,0,0,0
426065,empleo_trabajo,,2,0,2,2,0,2,0,0,0,0,0
426066,Empleos_Clarin,,2,0,2,2,0,2,0,0,0,0,0
426068,dieta_saludable,,2,0,2,2,0,2,0,0,0,0,2
426072,masgente_tve,,2,0,2,2,0,2,0,0,0,0,1
426073,bymariacatala,,2,0,2,2,0,2,0,0,0,0,0
426074,NancysRubias,,2,0,2,2,0,2,0,0,0,0,0
426075,buscarempleos,,2,0,2,2,0,2,0,0,0,0,0
426088,teatrolara,,2,0,2,2,0,2,0,0,0,0,0
426092,Marian_Frias,,2,0,2,2,0,2,0,0,0,0,0
426098,globalflamenco,,2,0,2,2,0,2,0,0,0,0,0
426100,amparosanchez,,2,0,2,2,0,2,0,0,0,0,0
426103,ConTolStyle,,2,0,2,2,0,2,0,0,0,0,6
426104,SoyLadyCherry,,2,0,2,2,0,2,0,0,0,0,0
426105,MariaJoseBesora,,2,0,2,2,0,2,0,0,0,0,0
426106,FangoriaOficiaI,,2,0,2,2,0,2,0,0,0,0,0
426107,FrasesFangoria,,2,0,2,2,0,2,0,0,0,0,0
426108,house_serie,,2,0,2,2,0,2,0,0,0,0,2
426112,hechostv,,2,0,2,2,0,2,0,0,0,0,0
426113,notikumi,,2,0,2,2,0,2,0,0,0,0,0
426114,rocksumergido,,2,0,2,2,0,2,0,0,0,0,2
426117,CiudadSabina,,3,0,3,3,0,3,0,0,0,0,0
426118,Cuerpo_Medico,,2,0,2,2,0,2,0,0,0,0,4
426121,Tipcitos,,2,0,2,2,0,2,0,0,0,0,0
426125,soloensalada,,2,0,2,2,0,2,0,0,0,0,2
426129,FerchuMyhyv,,2,0,2,2,0,2,0,0,0,0,0
426132,SantiJuarez75,,2,0,2,2,0,2,0,0,0,0,5
426138,ruta66mag,,2,0,2,2,0,2,0,0,0,0,0
426142,AbelArana,,2,0,2,2,0,2,0,0,0,0,0
426144,todosalteatro,,2,0,2,2,0,2,0,0,0,0,0
426145,BlancaromeroE,,2,0,2,2,0,2,0,0,0,0,0
426150,ElCiudadano_dig,,2,0,2,2,0,2,0,0,0,0,0
426151,AriadneArtiles,,2,0,2,2,0,2,0,0,0,0,0
426154,TRESemme_Spain,,2,0,2,2,0,2,0,0,0,0,0
426155,durexespana,,2,0,2,2,0,2,0,0,0,0,7
426156,marsaura,,2,0,2,2,0,2,0,0,0,0,0
426157,Almodovar_news,,2,0,2,2,0,2,0,0,0,0,0
426161,Mar_MarFlores,,2,0,2,2,0,2,0,0,0,0,6
426168,CarmenRoldan19,,2,0,2,2,0,2,0,0,0,0,6
426170,AlbertiyoMLG,,2,0,2,2,0,2,0,0,0,0,6
426173,Alex19_Sevy,,2,0,2,2,0,2,0,0,0,0,6
426188,xexupaxus,,2,0,2,2,0,2,0,0,0,0,6
426191,fballesj,,2,0,2,2,0,2,0,0,0,0,6
426192,rocigd,,2,0,2,2,0,2,0,0,0,0,6
426194,sandriita_na,,2,0,2,2,0,2,0,0,0,0,6
426196,JorgeRuizO8,,2,0,2,2,0,2,0,0,0,0,6
426197,elisabetgalera,,2,0,2,2,0,2,0,0,0,0,6
426200,EmmanuelGazquez,,2,0,2,2,0,2,0,0,0,0,6
426201,Mayte_OC14,,2,0,2,2,0,2,0,0,0,0,6
426208,pablovila6,,2,0,2,2,0,2,0,0,0,0,6
426212,marcosvigo1,,2,0,2,2,0,2,0,0,0,0,6
426213,Carrasco_p,,2,0,2,2,0,2,0,0,0,0,6
426215,L_Gallas,,2,0,2,2,0,2,0,0,0,0,6
426216,BeaOnievaGarca,,3,0,3,3,0,3,0,0,0,0,6
426217,PopiGonzalez7,,2,0,2,2,0,2,0,0,0,0,6
426219,DelgadoLopezA,,3,0,3,3,0,3,0,0,0,0,6
426222,IamCrowLaw,,2,0,2,2,0,2,0,0,0,0,6
426225,javilara4,,2,0,2,2,0,2,0,0,0,0,6
426226,antoniovillag,,2,0,2,2,0,2,0,0,0,0,6
426234,IreneBello8,,2,0,2,2,0,2,0,0,0,0,6
426235,BelenLeonR,,2,0,2,2,0,2,0,0,0,0,6
426238,Pilman10,,2,0,2,2,0,2,0,0,0,0,6
426242,94Bego,,2,0,2,2,0,2,0,0,0,0,6
426244,Espe90,,2,0,2,2,0,2,0,0,0,0,6
426245,jesuSuco,,2,0,2,2,0,2,0,0,0,0,6
426247,migueGR_21,,2,0,2,2,0,2,0,0,0,0,6
426248,LaiaAmiyats,,2,0,2,2,0,2,0,0,0,0,6
426249,JaviBlanco92,,2,0,2,2,0,2,0,0,0,0,0
426250,v_marsan,,2,0,2,2,0,2,0,0,0,0,5
426262,liscallelura,,2,0,2,2,0,2,0,0,0,0,5
426265,MakowskiWojtek,,2,0,2,2,0,2,0,0,0,0,6
426281,AliiAnguita,,2,0,2,2,0,2,0,0,0,0,6
426284,sebfabro,,2,0,2,2,0,2,0,0,0,0,6
426290,Luciia_17,,2,0,2,2,0,2,0,0,0,0,6
426293,tanians_nc,,2,0,2,2,0,2,0,0,0,0,6
426303,RubenBR12,,2,0,2,2,0,2,0,0,0,0,6
426304,antonio_rg92,,2,0,2,2,0,2,0,0,0,0,6
426314,JcarlosMM1,,2,0,2,2,0,2,0,0,0,0,6
426315,Sseluu,,2,0,2,2,0,2,0,0,0,0,6
426316,AAIIDYL,,3,0,3,3,0,3,0,0,0,0,6
426321,Crespiyo,,2,0,2,2,0,2,0,0,0,0,6
426324,AniitaAlbaa,,2,0,2,2,0,2,0,0,0,0,6
426327,albaglezgrre,,2,0,2,2,0,2,0,0,0,0,6
426338,95Aliss,,2,0,2,2,0,2,0,0,0,0,6
426340,raulchinchilia,,2,0,2,2,0,2,0,0,0,0,6
426345,LuiiisGonzalez,,2,0,2,2,0,2,0,0,0,0,6
426359,Tonton_Jeannot,,2,0,2,2,0,2,0,0,0,0,6
426362,zibero,,2,0,2,2,0,2,0,0,0,0,6
426365,Brichi90,,2,0,2,2,0,2,0,0,0,0,6
426368,NadirKacha,,2,0,2,2,0,2,0,0,0,0,6
426375,Carmenmsanz,,2,0,2,2,0,2,0,0,0,0,6
426376,martaredondo2,,2,0,2,2,0,2,0,0,0,0,6
426379,javizqB,,2,0,2,2,0,2,0,0,0,0,5
426391,PattyPammyBijou,,2,0,2,2,0,2,0,0,0,0,6
426396,IvanLafuenteIQ,,2,0,2,2,0,2,0,0,0,0,6
426397,Laurajosebina,,3,0,3,3,0,3,0,0,0,0,6
426406,NRnueve,,2,0,2,2,0,2,0,0,0,0,6
426407,InmaOrttega,,2,0,2,2,0,2,0,0,0,0,6
426418,APAREJO_,,2,0,2,2,0,2,0,0,0,0,6
426422,AMOR_ESC,,2,0,2,2,0,2,0,0,0,0,6
426423,_susanaleiva_,,2,0,2,2,0,2,0,0,0,0,6
426427,Loree90_,,2,0,2,2,0,2,0,0,0,0,0
426428,LauRaLauRila,,2,0,2,2,0,2,0,0,0,0,6
426436,MerxeRodriguez,,2,0,2,2,0,2,0,0,0,0,6
426437,martalarachunif,,2,0,2,2,0,2,0,0,0,0,6
426439,ceci_ng93,,2,0,2,2,0,2,0,0,0,0,6
426442,elenagallardo_,,2,0,2,2,0,2,0,0,0,0,6
426444,MyminnieMR,,2,0,2,2,0,2,0,0,0,0,6
426446,ysrv89,,2,0,2,2,0,2,0,0,0,0,6
426447,erielimr,,2,0,2,2,0,2,0,0,0,0,0
426450,luiso_baena,,2,0,2,2,0,2,0,0,0,0,6
426452,lmfiestasss,,2,0,2,2,0,2,0,0,0,0,6
426456,Evammf,,2,0,2,2,0,2,0,0,0,0,6
426458,mafiafemina,,2,0,2,2,0,2,0,0,0,0,0
426462,JoseGranadosRom,,2,0,2,2,0,2,0,0,0,0,6
426463,yorkamuti,,2,0,2,2,0,2,0,0,0,0,6
426464,MontiOcha,,2,0,2,2,0,2,0,0,0,0,6
426465,desiskk,,2,0,2,2,0,2,0,0,0,0,6
426467,JoseManuelOchan,,2,0,2,2,0,2,0,0,0,0,6
426473,MarisaVerBalles,,2,0,2,2,0,2,0,0,0,0,6
426474,JoseKarlosMF,,2,0,2,2,0,2,0,0,0,0,6
426476,danicostela,,2,0,2,2,0,2,0,0,0,0,6
426478,MariajoGamero,,2,0,2,2,0,2,0,0,0,0,0
426479,MariajoGra,,2,0,2,2,0,2,0,0,0,0,6
426480,OfeliaRetamero,,2,0,2,2,0,2,0,0,0,0,0
426486,taniamml,,2,0,2,2,0,2,0,0,0,0,6
426495,alexcostela,,2,0,2,2,0,2,0,0,0,0,6
426502,Maria93sm,,2,0,2,2,0,2,0,0,0,0,0
426504,DesySojo,,2,0,2,2,0,2,0,0,0,0,0
426518,MariCarmenReye,,2,0,2,2,0,2,0,0,0,0,6
426520,ivalle8,,2,0,2,2,0,2,0,0,0,0,6
426522,koredina,,2,0,2,2,0,2,0,0,0,0,6
426531,MnGPozo,,2,0,2,2,0,2,0,0,0,0,6
426534,lolajuez,,2,0,2,2,0,2,0,0,0,0,6
426540,JuliaromanJulia,,2,0,2,2,0,2,0,0,0,0,0
426541,GamezLola,,2,0,2,2,0,2,0,0,0,0,0
426544,Inmaapresa,,2,0,2,2,0,2,0,0,0,0,6
426545,marianscarpio,,2,0,2,2,0,2,0,0,0,0,5
426550,lucia_k_reta,,2,0,2,2,0,2,0,0,0,0,6
426562,AnittaBsg,,2,0,2,2,0,2,0,0,0,0,6
426564,marisol89lg,,2,0,2,2,0,2,0,0,0,0,6
426566,MariaJoseUceda,,2,0,2,2,0,2,0,0,0,0,6
426567,Adri__9,,2,0,2,2,0,2,0,0,0,0,6
426580,Carlos_delaMaza,,2,0,2,2,0,2,0,0,0,0,6
426583,Manuplma,,2,0,2,2,0,2,0,0,0,0,6
426593,Rocio_HDiaz,,2,0,2,2,0,2,0,0,0,0,6
426594,ClaritaMente0,,2,0,2,2,0,2,0,0,0,0,5
426596,azucena_dsm,,2,0,2,2,0,2,0,0,0,0,6
426601,Maoles77,,2,0,2,2,0,2,0,0,0,0,6
426605,lcguardia,,2,0,2,2,0,2,0,0,0,0,6
426608,anamaldonado91,,2,0,2,2,0,2,0,0,0,0,6
426611,Roo_MR,,2,0,2,2,0,2,0,0,0,0,5
426618,pj_pilar,,2,0,2,2,0,2,0,0,0,0,6
426622,APuertas11,,2,0,2,2,0,2,0,0,0,0,6
426633,Segura22183,,2,0,2,2,0,2,0,0,0,0,6
426642,Amate1993,,2,0,2,2,0,2,0,0,0,0,6
426660,CTArqAnd,,2,0,2,2,0,2,0,0,0,0,6
426662,losbarrankillos,,2,0,2,2,0,2,0,0,0,0,6
426664,Cofan_LaMancha,,2,0,2,2,0,2,0,0,0,0,0
426665,Zelaznog_,,2,0,2,2,0,2,0,0,0,0,6
426667,victoror25,,2,0,2,2,0,2,0,0,0,0,6
426670,Carlos_FdezA,,2,0,2,2,0,2,0,0,0,0,6
426673,inmadg,,2,0,2,2,0,2,0,0,0,0,5
426674,cgmuri,,2,0,2,2,0,2,0,0,0,0,6
426676,AkuperaMadhana,,2,0,2,2,0,2,0,0,0,0,6
426678,alex_MzR,,2,0,2,2,0,2,0,0,0,0,6
426681,pmora93,,2,0,2,2,0,2,0,0,0,0,6
426684,Enulo,,2,0,2,2,0,2,0,0,0,0,6
426690,sergiogalle13,,2,0,2,2,0,2,0,0,0,0,6
426693,JRobls_,,2,0,2,2,0,2,0,0,0,0,6
426700,avnawards,,2,0,2,2,0,2,0,0,0,0,2
426713,AEexpo,,2,0,2,2,0,2,0,0,0,0,2
426717,EXXXOTICA,,2,0,2,2,0,2,0,0,0,0,2
426768,RAMTANGO,,2,0,2,2,0,2,0,0,0,0,2
426788,nuriaparlon,,2,0,2,2,0,2,0,0,0,0,2
426791,dretpropicos,,2,0,2,2,0,2,0,0,0,0,4
426800,feministesbcn,,2,0,2,2,0,2,0,0,0,0,4
426802,caladona,,2,0,2,2,0,2,0,0,0,0,4
426808,lourdesmunoz,,2,0,2,2,0,2,0,0,0,0,2
426826,Bcn_Gracia,,2,0,2,2,0,2,0,0,0,0,7
426839,BCN_LesCorts,,2,0,2,2,0,2,0,0,0,0,0
426840,digitalarun,,2,0,2,2,0,2,0,0,0,0,4
426918,GiacomoGalazzo,,2,0,2,2,0,2,0,0,0,0,3
426983,donaldosm,,2,0,2,2,0,2,0,0,0,0,2
426985,Aunque_Te_Duela,,2,0,2,2,0,2,0,0,0,0,6
427070,retwitto_tutti,,2,0,2,2,0,2,0,0,0,0,3
427094,h5bp,,2,0,2,2,0,2,0,0,0,0,4
427166,feedly,,2,0,2,2,0,2,0,0,0,0,2
427172,Postbox,,2,0,2,2,0,2,0,0,0,0,0
427174,chuckeats,,2,0,2,2,0,2,0,0,0,0,0
427185,tropicalpizza,,2,0,2,2,0,2,0,0,0,0,3
427203,toolfarm,,2,0,2,2,0,2,0,0,0,0,0
427215,molostudio,,3,0,3,3,0,3,0,0,0,0,0
427330,RedElectricaREE,,2,0,2,2,0,2,0,0,0,0,0
427331,aeeolica,,3,0,3,3,0,3,0,0,0,0,0
427335,RebeldeSenior,,2,0,2,2,0,2,0,0,0,0,0
427340,NoUso,,2,0,2,2,0,2,0,0,0,0,6
427341,josemanuelboza,,2,0,2,2,0,2,0,0,0,0,2
427343,donserifa,,2,0,2,2,0,2,0,0,0,0,5
427344,pedroarilla,,2,0,2,2,0,2,0,0,0,0,2
427350,JuanjoBernabeu,,2,0,2,2,0,2,0,0,0,0,2
427353,BGBarcelonaTour,,2,0,2,2,0,2,0,0,0,0,7
427354,htmlboy,,2,0,2,2,0,2,0,0,0,0,2
427355,webcatBCN,,2,0,2,2,0,2,0,0,0,0,2
427356,BarcelonaYellow,,2,0,2,2,0,2,0,0,0,0,7
427360,bcncyclechic,,2,0,2,2,0,2,0,0,0,0,0
427370,PitaBarcelona,,2,0,2,2,0,2,0,0,0,0,2
427374,Barcelona_Life,,2,0,2,2,0,2,0,0,0,0,7
427378,BCN_unlike,,2,0,2,2,0,2,0,0,0,0,7
427379,BonaNitBCN,,2,0,2,2,0,2,0,0,0,0,4
427387,barcelonahoy,,2,0,2,2,0,2,0,0,0,0,7
427395,VisitBCN_EN,,2,0,2,2,0,2,0,0,0,0,1
427397,Oh_Barcelona_ES,,2,0,2,2,0,2,0,0,0,0,7
427402,CityHall7,,2,0,2,2,0,2,0,0,0,0,1
427412,mudanzasIPROM,,2,0,2,2,0,2,0,0,0,0,2
427418,barcelona_GUB,,2,0,2,2,0,2,0,0,0,0,7
427423,barcelonagtug,,2,0,2,2,0,2,0,0,0,0,4
427427,PrideBarcelona,,2,0,2,2,0,2,0,0,0,0,1
427441,EnbicixBCN,,2,0,2,2,0,2,0,0,0,0,0
427446,BCN_Mobilitat,,2,0,2,2,0,2,0,0,0,0,4
427447,alextercerog,,2,0,2,2,0,2,0,0,0,0,0
427448,TrendsBarcelona,,2,0,2,2,0,2,0,0,0,0,0
427450,TMB_Barcelona,,2,0,2,2,0,2,0,0,0,0,4
427482,3MSCpelicula,,2,0,2,2,0,2,0,0,0,0,2
427511,sportium,,2,0,2,2,0,2,0,0,0,0,2
427515,Kelisto,,2,0,2,2,0,2,0,0,0,0,0
427528,TourismGirona,,2,0,2,2,0,2,0,0,0,0,2
427530,Gi_Hostaleria,,2,0,2,2,0,2,0,0,0,0,2
427531,manel_pinero,,2,0,2,2,0,2,0,0,0,0,1
427532,VisitCostaBrava,,2,0,2,2,0,2,0,0,0,0,0
427533,costabrava,,2,0,2,2,0,2,0,0,0,0,2
427545,jordibaste,,2,0,2,2,0,2,0,0,0,0,6
427548,tonialba,,2,0,2,2,0,2,0,0,0,0,2
427549,toniclapes,,2,0,2,2,0,2,0,0,0,0,2
427550,miquelcalcada,,2,0,2,2,0,2,0,0,0,0,5
427551,treballcat,,2,0,2,2,0,2,0,0,0,0,4
427555,ocupaciocat,,2,0,2,2,0,2,0,0,0,0,4
427576,ParlonsRH,,2,0,2,2,0,2,0,0,0,0,8
427614,guiraditoO,,2,0,2,2,0,2,0,0,0,0,6
427621,BarrioManu,,2,0,2,2,0,2,0,0,0,0,6
427631,adrianprinc7,,2,0,2,2,0,2,0,0,0,0,6
427636,nAyArA_928,,2,0,2,2,0,2,0,0,0,0,6
427638,sencisenssey,,2,0,2,2,0,2,0,0,0,0,6
427652,flosflorum,,2,0,2,2,0,2,0,0,0,0,6
427655,AinhoaMico,,2,0,2,2,0,2,0,0,0,0,6
427659,merche70,,2,0,2,2,0,2,0,0,0,0,6
427663,angelgomez_h,,2,0,2,2,0,2,0,0,0,0,6
427664,JLBracamonte,,2,0,2,2,0,2,0,0,0,0,6
427674,Miguemr5,,2,0,2,2,0,2,0,0,0,0,6
427678,gentelmen_92,,2,0,2,2,0,2,0,0,0,0,6
427681,jesules1989,,2,0,2,2,0,2,0,0,0,0,6
427688,chema_mar,,2,0,2,2,0,2,0,0,0,0,0
427690,davidgarcesorte,,2,0,2,2,0,2,0,0,0,0,6
427695,Isabel_Ruiz,,2,0,2,2,0,2,0,0,0,0,6
427708,capileiratic,,2,0,2,2,0,2,0,0,0,0,6
427709,anibaldelatorre,,2,0,2,2,0,2,0,0,0,0,6
427716,SoniaOrtga,,2,0,2,2,0,2,0,0,0,0,6
427723,juank_arts,,2,0,2,2,0,2,0,0,0,0,6
427726,ACortesReina,,2,0,2,2,0,2,0,0,0,0,6
427740,Jenny1990190,,2,0,2,2,0,2,0,0,0,0,6
427741,OrtegaKawa7227,,2,0,2,2,0,2,0,0,0,0,6
427744,Lovirefe,,2,0,2,2,0,2,0,0,0,0,6
427751,Sosu1407,,2,0,2,2,0,2,0,0,0,0,3
427753,alonsparedes,,2,0,2,2,0,2,0,0,0,0,6
427761,tonobomber,,2,0,2,2,0,2,0,0,0,0,6
427762,juanmajeres,,2,0,2,2,0,2,0,0,0,0,6
427765,cratienza,,2,0,2,2,0,2,0,0,0,0,6
427772,finidi9,,2,0,2,2,0,2,0,0,0,0,6
427773,EmmaBallantyne3,,2,0,2,2,0,2,0,0,0,0,6
427775,Miriamartin19,,2,0,2,2,0,2,0,0,0,0,6
427782,AnniFdez3,,2,0,2,2,0,2,0,0,0,0,6
427785,Lauri_carrillo,,2,0,2,2,0,2,0,0,0,0,6
427792,arantxacasco,,2,0,2,2,0,2,0,0,0,0,6
427800,NoeliyaaSweet,,2,0,2,2,0,2,0,0,0,0,6
427801,Dn_Miriam,,2,0,2,2,0,2,0,0,0,0,6
427806,Franxesco91,,2,0,2,2,0,2,0,0,0,0,6
427810,RociiooFdez,,2,0,2,2,0,2,0,0,0,0,6
427815,NoniiJimenez,,2,0,2,2,0,2,0,0,0,0,6
427823,adrisanchez_s,,2,0,2,2,0,2,0,0,0,0,6
427845,z_aida,,2,0,2,2,0,2,0,0,0,0,6
427854,MemesNazaries,,2,0,2,2,0,2,0,0,0,0,5
427859,santafedigital_,,2,0,2,2,0,2,0,0,0,0,5
427864,El_cuartetito,,2,0,2,2,0,2,0,0,0,0,5
427865,carnavalsur,,2,0,2,2,0,2,0,0,0,0,5
427875,compasgaditano,,2,0,2,2,0,2,0,0,0,0,5
427877,Concejajala,,2,0,2,2,0,2,0,0,0,0,4
427880,Groupon_es,,2,0,2,2,0,2,0,0,0,0,6
427885,PADEI_,,2,0,2,2,0,2,0,0,0,0,5
427894,tadelformacion,,2,0,2,2,0,2,0,0,0,0,0
427895,EurofirmsGroup,,2,0,2,2,0,2,0,0,0,0,4
427897,POrientadoras,,2,0,2,2,0,2,0,0,0,0,0
427904,comparsista13,,2,0,2,2,0,2,0,0,0,0,5
427906,50sombras,,2,0,2,2,0,2,0,0,0,0,4
427907,Galenriz,,2,0,2,2,0,2,0,0,0,0,5
427924,92Trini,,2,0,2,2,0,2,0,0,0,0,6
427925,vmrs7,,2,0,2,2,0,2,0,0,0,0,6
427926,alejandromor21,,2,0,2,2,0,2,0,0,0,0,6
427930,Cineymax,,2,0,2,2,0,2,0,0,0,0,5
427933,divinesantafe,,2,0,2,2,0,2,0,0,0,0,6
427934,Arturodebarbate,,2,0,2,2,0,2,0,0,0,0,5
427940,viajeseira,,2,0,2,2,0,2,0,0,0,0,0
427942,cadiz_carnaval,,2,0,2,2,0,2,0,0,0,0,5
427949,CarnavalRadioES,,2,0,2,2,0,2,0,0,0,0,5
427958,Maria_Brjt,,2,0,2,2,0,2,0,0,0,0,6
427961,conlamareaverde,,2,0,2,2,0,2,0,0,0,0,4
427967,MultiocioES,,2,0,2,2,0,2,0,0,0,0,0
427969,CabronaYCelosa,,2,0,2,2,0,2,0,0,0,0,4
427973,viyena98,,2,0,2,2,0,2,0,0,0,0,0
427974,cantano2176,,2,0,2,2,0,2,0,0,0,0,6
427981,lydiaro09778073,,2,0,2,2,0,2,0,0,0,0,6
428002,Galmartcar,,2,0,2,2,0,2,0,0,0,0,0
428014,mizonatv,,2,0,2,2,0,2,0,0,0,0,2
428025,Metromanos,,2,0,2,2,0,2,0,0,0,0,5
428028,Carnavalandia,,2,0,2,2,0,2,0,0,0,0,6
428030,masmovilandia,,2,0,2,2,0,2,0,0,0,0,6
428036,PitodeCarnaval,,2,0,2,2,0,2,0,0,0,0,5
428037,CarnavaldeCdiz,,2,0,2,2,0,2,0,0,0,0,5
428038,estoyparado,,2,0,2,2,0,2,0,0,0,0,0
428040,mejoradeempleo,,2,0,2,2,0,2,0,0,0,0,0
428041,itodofrasesamor,,2,0,2,2,0,2,0,0,0,0,5
428046,Jobssy_es,,2,0,2,2,0,2,0,0,0,0,5
428050,nosoyunparado,,2,0,2,2,0,2,0,0,0,0,0
428051,santaella5,,2,0,2,2,0,2,0,0,0,0,6
428053,melodiaaaa21,,2,0,2,2,0,2,0,0,0,0,6
428055,fragilestv,,2,0,2,2,0,2,0,0,0,0,1
428056,JobsSpain,,2,0,2,2,0,2,0,0,0,0,4
428060,seestrena,,2,0,2,2,0,2,0,0,0,0,0
428064,TengoGanas_DeTi,,2,0,2,2,0,2,0,0,0,0,5
428065,cristy921128,,2,0,2,2,0,2,0,0,0,0,8
428081,smgsSPANISH,,2,0,2,2,0,2,0,0,0,0,1
428082,cinespagnol,,2,0,2,2,0,2,0,0,0,0,1
428083,chsmfl,,2,0,2,2,0,2,0,0,0,0,1
428084,AESG_MFL,,2,0,2,2,0,2,0,0,0,0,1
428093,classgap,,2,0,2,2,0,2,0,0,0,0,1
428094,travellingspain,,2,0,2,2,0,2,0,0,0,0,1
428097,julyraba,,2,0,2,2,0,2,0,0,0,0,1
428102,VolunteeReviews,,2,0,2,2,0,2,0,0,0,0,1
428103,SpanishTower,,2,0,2,2,0,2,0,0,0,0,1
428104,skillstay,,2,0,2,2,0,2,0,0,0,0,1
428116,LearnSpanBetter,,2,0,2,2,0,2,0,0,0,0,1
428118,HappyHrSpanish,,2,0,2,2,0,2,0,0,0,0,1
428130,interSpanish,,2,0,2,2,0,2,0,0,0,0,1
428148,1to1languages,,2,0,2,2,0,2,0,0,0,0,1
428149,Webspanish,,2,0,2,2,0,2,0,0,0,0,1
428162,m_huotari,,2,0,2,2,0,2,0,0,0,0,1
428166,berfrois,,2,0,2,2,0,2,0,0,0,0,2
428170,FGodement,,2,0,2,2,0,2,0,0,0,0,1
428223,nberpubs,,2,0,2,2,0,2,0,0,0,0,6
428229,orfonline,,2,0,2,2,0,2,0,0,0,0,2
428235,EUIranBizForum,,2,0,2,2,0,2,0,0,0,0,1
428239,enviEU_UGR,,2,0,2,2,0,2,0,0,0,0,1
428260,chinascio,,2,0,2,2,0,2,0,0,0,0,1
428265,merics_eu,,2,0,2,2,0,2,0,0,0,0,1
428274,dgapev,,2,0,2,2,0,2,0,0,0,0,1
428285,MorawieckiM,,2,0,2,2,0,2,0,0,0,0,3
428291,BethanyAllenEbr,,2,0,2,2,0,2,0,0,0,0,1
428310,GIGA_Institute,,2,0,2,2,0,2,0,0,0,0,1
428312,ischinger,,2,0,2,2,0,2,0,0,0,0,1
428331,TimothyDSnyder,,2,0,2,2,0,2,0,0,0,0,1
428332,emile_hokayem,,2,0,2,2,0,2,0,0,0,0,1
428335,Soliya,,2,0,2,2,0,2,0,0,0,0,2
428370,m_suchkov,,2,0,2,2,0,2,0,0,0,0,1
428381,TeaLeafNation,,2,0,2,2,0,2,0,0,0,0,5
428382,HDNER,,2,0,2,2,0,2,0,0,0,0,2
428383,KoerberIP,,2,0,2,2,0,2,0,0,0,0,1
428385,AmbNikkiHaley,,2,0,2,2,0,2,0,0,0,0,1
428403,HalaGorani,,2,0,2,2,0,2,0,0,0,0,2
428409,A_delPacifico,,2,0,2,2,0,2,0,0,0,0,1
428420,AspenInstitute,,2,0,2,2,0,2,0,0,0,0,1
428437,CEJISS,,2,0,2,2,0,2,0,0,0,0,1
428443,ruteinars,,2,0,2,2,0,2,0,0,0,0,1
428450,Journal_IS,,2,0,2,2,0,2,0,0,0,0,1
428461,TobyMatthiesen,,2,0,2,2,0,2,0,0,0,0,1
428480,TRACterrorism,,2,0,2,2,0,2,0,0,0,0,1
428521,BarillaCFN,,2,0,2,2,0,2,0,0,0,0,3
428524,Clingendaelorg,,2,0,2,2,0,2,0,0,0,0,1
428528,JZarif,,2,0,2,2,0,2,0,0,0,0,1
428532,CrowdVoice,,2,0,2,2,0,2,0,0,0,0,6
428541,EWInstitute,,2,0,2,2,0,2,0,0,0,0,4
428542,ChristopherJM,,2,0,2,2,0,2,0,0,0,0,1
428553,DavidHasenbalg,,2,0,2,2,0,2,0,0,0,0,2
428554,FAScientists,,2,0,2,2,0,2,0,0,0,0,8
428557,portalbrasil,,2,0,2,2,0,2,0,0,0,0,7
428561,simonhedlin,,2,0,2,2,0,2,0,0,0,0,2
428569,pramodsedhain,,2,0,2,2,0,2,0,0,0,0,1
428580,PrincetonSPIA,,2,0,2,2,0,2,0,0,0,0,1
428588,HarvardCID,,2,0,2,2,0,2,0,0,0,0,2
428597,chineselanguage,,2,0,2,2,0,2,0,0,0,0,5
428614,UIA_org,,2,0,2,2,0,2,0,0,0,0,1
428618,earthinstitute,,2,0,2,2,0,2,0,0,0,0,0
428624,Scopus,,2,0,2,2,0,2,0,0,0,0,2
428640,XinhuanetNews,,2,0,2,2,0,2,0,0,0,0,1
428643,FunkyCitizens,,2,0,2,2,0,2,0,0,0,0,1
428648,HansRosling,,2,0,2,2,0,2,0,0,0,0,0
428655,PracticasCCPPyS,,3,0,3,3,0,3,0,0,0,0,4
428660,memktgservices,,2,0,2,2,0,2,0,0,0,0,2
428665,NATOsummits,,2,0,2,2,0,2,0,0,0,0,1
428681,MottFoundation,,2,0,2,2,0,2,0,0,0,0,4
428695,RogerWaiteBxl,,2,0,2,2,0,2,0,0,0,0,1
428710,streetchildren,,2,0,2,2,0,2,0,0,0,0,4
428714,MihaiDragos,,2,0,2,2,0,2,0,0,0,0,1
428731,SNSPA_oficial,,2,0,2,2,0,2,0,0,0,0,1
428735,TheHumanosphere,,2,0,2,2,0,2,0,0,0,0,2
428739,RFERL,,2,0,2,2,0,2,0,0,0,0,2
428783,lseideas,,2,0,2,2,0,2,0,0,0,0,1
428784,calestous,,2,0,2,2,0,2,0,0,0,0,1
428973,HectorBarbera,,2,0,2,2,0,2,0,0,0,0,5
428981,Kike_videografo,,2,0,2,2,0,2,0,0,0,0,5
429025,dunloppadel,,2,0,2,2,0,2,0,0,0,0,5
429027,hernanauguste,,2,0,2,2,0,2,0,0,0,0,5
429035,LaPaginaDeGolf,,2,0,2,2,0,2,0,0,0,0,5
429036,sevipoloswing,,2,0,2,2,0,2,0,0,0,0,5
429037,golfindustria,,2,0,2,2,0,2,0,0,0,0,5
429041,bullpadelsport,,2,0,2,2,0,2,0,0,0,0,5
429042,noxpadel,,2,0,2,2,0,2,0,0,0,0,5
429043,viborapadel,,2,0,2,2,0,2,0,0,0,0,5
429044,DisneyPlanta9,,2,0,2,2,0,2,0,0,0,0,5
429045,starviepadel,,2,0,2,2,0,2,0,0,0,0,5
429064,DiarioLaPrensa,,2,0,2,2,0,2,0,0,0,0,5
429066,FRANJURADOLEON,,2,0,2,2,0,2,0,0,0,0,5
429125,Geniuspk,,2,0,2,2,0,2,0,0,0,0,3
429127,IoleMartino,,2,0,2,2,0,2,0,0,0,0,3
429131,SilentPartyIt,,2,0,2,2,0,2,0,0,0,0,3
429137,VillaBelussi,,2,0,2,2,0,2,0,0,0,0,3
429138,RiccardoFavale,,2,0,2,2,0,2,0,0,0,0,3
429140,leasto,,2,0,2,2,0,2,0,0,0,0,3
429157,atreju_81,,2,0,2,2,0,2,0,0,0,0,3
429161,Lau_lec,,2,0,2,2,0,2,0,0,0,0,1
429163,arancha90,,2,0,2,2,0,2,0,0,0,0,3
429164,lauple,,2,0,2,2,0,2,0,0,0,0,3
429167,SicariosSerie,,2,0,2,2,0,2,0,0,0,0,0
429169,wilcuero,,2,0,2,2,0,2,0,0,0,0,0
429171,todoandroides,,2,0,2,2,0,2,0,0,0,0,0
429174,TengoAndroid,,2,0,2,2,0,2,0,0,0,0,0
429175,apps_droid,,2,0,2,2,0,2,0,0,0,0,6
429178,paraiso_android,,2,0,2,2,0,2,0,0,0,0,0
429187,rafitaagente46,,2,0,2,2,0,2,0,0,0,0,0
429188,familiamorente,,2,0,2,2,0,2,0,0,0,0,0
429189,cuestabajo,,2,0,2,2,0,2,0,0,0,0,0
429190,LaCalle2014,,2,0,2,2,0,2,0,0,0,0,0
429193,de_santa_ana,,2,0,2,2,0,2,0,0,0,0,0
429195,manuelherrerapr,,2,0,2,2,0,2,0,0,0,0,0
429196,BlancaLiOficial,,2,0,2,2,0,2,0,0,0,0,2
429198,pacoragageles,,2,0,2,2,0,2,0,0,0,0,0
429200,PhilipsSpain,,2,0,2,2,0,2,0,0,0,0,0
429201,tuexperto,,2,0,2,2,0,2,0,0,0,0,0
429203,movilToday,,2,0,2,2,0,2,0,0,0,0,6
429208,olivares1965,,2,0,2,2,0,2,0,0,0,0,0
429209,Mitad_Doble,,2,0,2,2,0,2,0,0,0,0,0
429210,ZPFlamenco,,2,0,2,2,0,2,0,0,0,0,0
429213,ibericandalucia,,2,0,2,2,0,2,0,0,0,0,0
429214,Biaggios,,2,0,2,2,0,2,0,0,0,0,0
429215,viajarpor0euros,,2,0,2,2,0,2,0,0,0,0,0
429216,Albunatur,,2,0,2,2,0,2,0,0,0,0,0
429217,TuristeoXmundo,,2,0,2,2,0,2,0,0,0,0,0
429218,TuriLantejuela,,2,0,2,2,0,2,0,0,0,0,0
429219,QueEsGranada,,2,0,2,2,0,2,0,0,0,0,0
429220,Rutaenfamilia,,2,0,2,2,0,2,0,0,0,0,0
429221,place_ok,,2,0,2,2,0,2,0,0,0,0,0
429222,dehesalascasas,,2,0,2,2,0,2,0,0,0,0,0
429223,EEE_SNevada,,2,0,2,2,0,2,0,0,0,0,0
429224,esta_cerca,,2,0,2,2,0,2,0,0,0,0,0
429225,BookTravelGr,,2,0,2,2,0,2,0,0,0,0,0
429226,TevaTelleva,,2,0,2,2,0,2,0,0,0,0,0
429227,LojaEsTurismo,,2,0,2,2,0,2,0,0,0,0,0
429232,ASEDEME4,,2,0,2,2,0,2,0,0,0,0,0
429234,doctor_works,,2,0,2,2,0,2,0,0,0,0,5
429238,AlternativaGC,,2,0,2,2,0,2,0,0,0,0,0
429239,racoonconflict,,2,0,2,2,0,2,0,0,0,0,0
429240,MediacionD,,2,0,2,2,0,2,0,0,0,0,0
429241,SebastianAlorda,,2,0,2,2,0,2,0,0,0,0,0
429242,Prestimed,,2,0,2,2,0,2,0,0,0,0,0
429243,Medialogando,,2,0,2,2,0,2,0,0,0,0,0
429245,AIEEFmediacion,,2,0,2,2,0,2,0,0,0,0,0
429246,SolverMediacion,,2,0,2,2,0,2,0,0,0,0,0
429247,Amediando,,2,0,2,2,0,2,0,0,0,0,0
429249,CriadoInchauspe,,2,0,2,2,0,2,0,0,0,0,0
429251,MediacionPlus,,2,0,2,2,0,2,0,0,0,0,0
429252,AsimediaMedia,,2,0,2,2,0,2,0,0,0,0,0
429255,ameiwaece,,2,0,2,2,0,2,0,0,0,0,0
429262,educaemocio,,2,0,2,2,0,2,0,0,0,0,4
429270,soy_mama,,2,0,2,2,0,2,0,0,0,0,0
429283,mimitosdemama,,2,0,2,2,0,2,0,0,0,0,0
429285,malasmadres,,2,0,2,2,0,2,0,0,0,0,4
429309,esRadio_CyL,,2,0,2,2,0,2,0,0,0,0,4
429366,Chiruca,,2,0,2,2,0,2,0,0,0,0,4
429405,ciudadsaberes,,2,0,2,2,0,2,0,0,0,0,4
429407,elhocicoorg,,2,0,2,2,0,2,0,0,0,0,4
429418,Jero_Hernandez,,2,0,2,2,0,2,0,0,0,0,4
429420,creatiburon,,2,0,2,2,0,2,0,0,0,0,4
429421,AngelesGtrrez,,2,0,2,2,0,2,0,0,0,0,4
429425,lamardeletras,,2,0,2,2,0,2,0,0,0,0,4
429426,CanalLector,,2,0,2,2,0,2,0,0,0,0,4
429436,re_school_ES,,2,0,2,2,0,2,0,0,0,0,4
429439,quesoslaantigua,,2,0,2,2,0,2,0,0,0,0,4
429444,cincodeditos,,2,0,2,2,0,2,0,0,0,0,0
429450,GRUPOEDEBE,,2,0,2,2,0,2,0,0,0,0,4
429454,todopapas,,2,0,2,2,0,2,0,0,0,0,4
429455,cfw_mammaproof,,2,0,2,2,0,2,0,0,0,0,1
429457,Oh_la_luna,,2,0,2,2,0,2,0,0,0,0,0
429458,LaBiciteca,,2,0,2,2,0,2,0,0,0,0,4
429463,AlayaInfancia,,2,0,2,2,0,2,0,0,0,0,4
429481,BCLatino,,2,0,2,2,0,2,0,0,0,0,4
429484,trastadasdemama,,2,0,2,2,0,2,0,0,0,0,0
429485,Agenda_Sa,,2,0,2,2,0,2,0,0,0,0,4
429486,feriadeteatro,,2,0,2,2,0,2,0,0,0,0,4
429487,ciudaddecultura,,2,0,2,2,0,2,0,0,0,0,4
429491,saludonline,,2,0,2,2,0,2,0,0,0,0,4
429503,Mamas_FullTime,,2,0,2,2,0,2,0,0,0,0,0
429508,Desmadreando,,2,0,2,2,0,2,0,0,0,0,0
429510,papasehijos,,2,0,2,2,0,2,0,0,0,0,0
429511,oficinaverde,,2,0,2,2,0,2,0,0,0,0,4
429512,ZamoraSpain,,2,0,2,2,0,2,0,0,0,0,4
429513,Didi_Didiana,,2,0,2,2,0,2,0,0,0,0,4
429514,ABC_CastyLeon,,2,0,2,2,0,2,0,0,0,0,4
429555,laventanadearte,,2,0,2,2,0,2,0,0,0,0,4
429577,_ASPE_,,2,0,2,2,0,2,0,0,0,0,0
429582,SaboraSalamanca,,2,0,2,2,0,2,0,0,0,0,4
429587,EscuelaAnaT,,2,0,2,2,0,2,0,0,0,0,4
429588,toperaeditorial,,2,0,2,2,0,2,0,0,0,0,4
429594,jabonesdeYola,,2,0,2,2,0,2,0,0,0,0,0
429605,byCFriendly,,2,0,2,2,0,2,0,0,0,0,4
429614,webooh,,2,0,2,2,0,2,0,0,0,0,4
429621,deportesdipusal,,2,0,2,2,0,2,0,0,0,0,4
429630,LaMalhablada_,,2,0,2,2,0,2,0,0,0,0,4
429646,ARTyCOworking,,2,0,2,2,0,2,0,0,0,0,4
429679,carreramilpasos,,2,0,2,2,0,2,0,0,0,0,4
429687,mariavtp,,2,0,2,2,0,2,0,0,0,0,4
429690,Balofe,,2,0,2,2,0,2,0,0,0,0,4
429693,Virgi_vir,,2,0,2,2,0,2,0,0,0,0,4
429734,CGBinformatica,,2,0,2,2,0,2,0,0,0,0,4
429754,elbuengusto_,,2,0,2,2,0,2,0,0,0,0,4
429773,entretres_,,2,0,2,2,0,2,0,0,0,0,4
429774,EscuelaKilkenny,,2,0,2,2,0,2,0,0,0,0,4
429793,ToyPlanetSL,,2,0,2,2,0,2,0,0,0,0,4
429809,Plenummedia,,2,0,2,2,0,2,0,0,0,0,4
429814,NaturFutura,,2,0,2,2,0,2,0,0,0,0,4
429818,rocioandres,,2,0,2,2,0,2,0,0,0,0,4
429820,MooviDesign,,2,0,2,2,0,2,0,0,0,0,4
429824,casa_salva,,2,0,2,2,0,2,0,0,0,0,4
429833,eljavicopas,,2,0,2,2,0,2,0,0,0,0,4
429843,LondonSalamanca,,2,0,2,2,0,2,0,0,0,0,4
429847,VivirSalamanca,,2,0,2,2,0,2,0,0,0,0,4
429860,SalamancaNegoci,,2,0,2,2,0,2,0,0,0,0,4
429863,Sazona_eventos,,2,0,2,2,0,2,0,0,0,0,4
429895,quierocakesblog,,2,0,2,2,0,2,0,0,0,0,0
429896,EducacioilesTIC,,2,0,2,2,0,2,0,0,0,0,4
429912,UPyDSantaMarta,,2,0,2,2,0,2,0,0,0,0,4
429922,TapasyMeson,,2,0,2,2,0,2,0,0,0,0,4
429923,GrupoMarlofer,,2,0,2,2,0,2,0,0,0,0,4
429925,USALDEPORTE,,2,0,2,2,0,2,0,0,0,0,4
429929,MALAKOSS,,2,0,2,2,0,2,0,0,0,0,4
429930,SalamancaSport,,2,0,2,2,0,2,0,0,0,0,4
429949,PintxosBlogs,,2,0,2,2,0,2,0,0,0,0,4
429957,relacionesSA,,2,0,2,2,0,2,0,0,0,0,4
429962,GS_CARRICK,,2,0,2,2,0,2,0,0,0,0,4
429963,grmispollitos,,2,0,2,2,0,2,0,0,0,0,4
429964,cyldigital,,2,0,2,2,0,2,0,0,0,0,4
429971,sacaleches,,2,0,2,2,0,2,0,0,0,0,2
429972,LaMegaParty,,2,0,2,2,0,2,0,0,0,0,4
429974,ILCyL,,2,0,2,2,0,2,0,0,0,0,5
429976,lamegasalamanca,,2,0,2,2,0,2,0,0,0,0,4
430000,robertomanchado,,2,0,2,2,0,2,0,0,0,0,4
430014,UAM_Biosciences,,2,0,2,2,0,2,0,0,0,0,1
430017,Unipamplona,,2,0,2,2,0,2,0,0,0,0,1
430018,USTA_COLOMBIA,,2,0,2,2,0,2,0,0,0,0,4
430022,IndustrialesULE,,2,0,2,2,0,2,0,0,0,0,3
430024,IPN_MX,,2,0,2,2,0,2,0,0,0,0,4
430025,EducacionCu,,2,0,2,2,0,2,0,0,0,0,4
430026,fccsscuenca,,2,0,2,2,0,2,0,0,0,0,4
430027,ITAM_mx,,2,0,2,2,0,2,0,0,0,0,4
430028,ImjuveMX,,2,0,2,2,0,2,0,0,0,0,4
430033,comunidaducm,,2,0,2,2,0,2,0,0,0,0,0
430035,elpostpodcast,,2,0,2,2,0,2,0,0,0,0,4
430038,EOBS_ES,,2,0,2,2,0,2,0,0,0,0,4
430046,_CLACSO,,2,0,2,2,0,2,0,0,0,0,4
430047,FlacsoMx,,2,0,2,2,0,2,0,0,0,0,4
430048,institutomora,,2,0,2,2,0,2,0,0,0,0,4
430061,Alumnos_USPCEU,,2,0,2,2,0,2,0,0,0,0,4
430062,delefceupo,,2,0,2,2,0,2,0,0,0,0,4
430066,educoas,,2,0,2,2,0,2,0,0,0,0,4
430069,cabimer,,2,0,2,2,0,2,0,0,0,0,0
430071,DifundeCUCSH,,2,0,2,2,0,2,0,0,0,0,4
430074,Residenciaupo,,2,0,2,2,0,2,0,0,0,0,4
430077,CEP_PIE,,2,0,2,2,0,2,0,0,0,0,4
430082,FcexUPO,,2,0,2,2,0,2,0,0,0,0,6
430091,ujaengenieros,,2,0,2,2,0,2,0,0,0,0,6
430092,epsjaen,,2,0,2,2,0,2,0,0,0,0,6
430093,industrialesuja,,2,0,2,2,0,2,0,0,0,0,6
430094,CampusLinares,,2,0,2,2,0,2,0,0,0,0,6
430095,facsocUjaen,,2,0,2,2,0,2,0,0,0,0,6
430103,Unicolmayorcund,,2,0,2,2,0,2,0,0,0,0,2
430104,ucentralbogota,,2,0,2,2,0,2,0,0,0,0,1
430105,Aepujaen,,2,0,2,2,0,2,0,0,0,0,4
430107,ucristobalcolon,,2,0,2,2,0,2,0,0,0,0,4
430112,informaticauja,,2,0,2,2,0,2,0,0,0,0,6
430115,DeleFACSOC,,2,0,2,2,0,2,0,0,0,0,4
430116,enfermerosmilit,,2,0,2,2,0,2,0,0,0,0,4
430120,upodasociales,,2,0,2,2,0,2,0,0,0,0,4
430121,UNA_METROPOL,,2,0,2,2,0,2,0,0,0,0,4
430126,UNIAPosgrado,,2,0,2,2,0,2,0,0,0,0,5
430130,UCC_UHU,,2,0,2,2,0,2,0,0,0,0,6
430131,CIECEM_UHU,,2,0,2,2,0,2,0,0,0,0,6
430135,ClubEmprendeUHU,,2,0,2,2,0,2,0,0,0,0,6
430138,informaticauhu,,2,0,2,2,0,2,0,0,0,0,6
430139,etsi_uhu,,2,0,2,2,0,2,0,0,0,0,4
430143,CSLM_UCA,,2,0,2,2,0,2,0,0,0,0,1
430144,becas_UCA,,2,0,2,2,0,2,0,0,0,0,1
430150,otriupo,,2,0,2,2,0,2,0,0,0,0,0
430160,InformaticaUCO,,2,0,2,2,0,2,0,0,0,0,6
430162,CEVCordoba,,2,0,2,2,0,2,0,0,0,0,6
430164,bioquimicaUCO,,2,0,2,2,0,2,0,0,0,0,6
430173,deporte_uni_UCO,,2,0,2,2,0,2,0,0,0,0,4
430179,EngoonElearning,,2,0,2,2,0,2,0,0,0,0,8
430180,campusdelmar,,2,0,2,2,0,2,0,0,0,0,6
430181,RRII_UdeM,,2,0,2,2,0,2,0,0,0,0,1
430184,PIngenieros,,2,0,2,2,0,2,0,0,0,0,6
430188,DECIESE,,2,0,2,2,0,2,0,0,0,0,4
430191,AeeUam,,2,0,2,2,0,2,0,0,0,0,4
430194,UAM_acogida,,2,0,2,2,0,2,0,0,0,0,4
430195,DeleCCSSJJ,,2,0,2,2,0,2,0,0,0,0,4
430200,agenciaDiCYT,,2,0,2,2,0,2,0,0,0,0,5
430202,UniversaUnizar,,2,0,2,2,0,2,0,0,0,0,4
430217,OficinaVerdeUZ,,2,0,2,2,0,2,0,0,0,0,4
430219,OTRI_Unizar,,2,0,2,2,0,2,0,0,0,0,1
430235,OAA_USJ,,2,0,2,2,0,2,0,0,0,0,4
430236,britishsm,,2,0,2,2,0,2,0,0,0,0,4
430247,ui1Universidad,,2,0,2,2,0,2,0,0,0,0,4
430248,BESTuc3m,,2,0,2,2,0,2,0,0,0,0,7
430249,BESTValenciaUPV,,2,0,2,2,0,2,0,0,0,0,7
430250,Sie_Ulpgc,,2,0,2,2,0,2,0,0,0,0,4
430255,RUTAsieteULPGC,,2,0,2,2,0,2,0,0,0,0,4
430263,higheredu,,2,0,2,2,0,2,0,0,0,0,1
430266,utpl,,2,0,2,2,0,2,0,0,0,0,4
430267,unlp,,2,0,2,2,0,2,0,0,0,0,1
430269,UAustraldeChile,,2,0,2,2,0,2,0,0,0,0,4
430270,usach,,2,0,2,2,0,2,0,0,0,0,4
430286,utppanama,,2,0,2,2,0,2,0,0,0,0,4
430287,fpuna,,2,0,2,2,0,2,0,0,0,0,6
430293,campusdomar,,2,0,2,2,0,2,0,0,0,0,8
430294,UJAT,,2,0,2,2,0,2,0,0,0,0,4
430295,TempleUniv,,2,0,2,2,0,2,0,0,0,0,4
430322,intermediaulpgc,,2,0,2,2,0,2,0,0,0,0,4
430323,campus_virtual,,2,0,2,2,0,2,0,0,0,0,4
430336,BESTLasPalmas,,2,0,2,2,0,2,0,0,0,0,7
430340,csocial_ulpgc,,2,0,2,2,0,2,0,0,0,0,0
430347,seminariopenal,,2,0,2,2,0,2,0,0,0,0,4
430350,UC_C_Cultural,,2,0,2,2,0,2,0,0,0,0,4
430363,ETSIIT_UC,,2,0,2,2,0,2,0,0,0,0,6
430365,cienciasunican,,2,0,2,2,0,2,0,0,0,0,4
430371,jobsallovereuro,,2,0,2,2,0,2,0,0,0,0,4
430373,PremioFT,,2,0,2,2,0,2,0,0,0,0,1
430376,UNIMOOC,,2,0,2,2,0,2,0,0,0,0,2
430378,PensadorLirico,,2,0,2,2,0,2,0,0,0,0,2
430381,CuencaON,,2,0,2,2,0,2,0,0,0,0,4
430382,uady_mx,,2,0,2,2,0,2,0,0,0,0,1
430383,ulsamx,,2,0,2,2,0,2,0,0,0,0,1
430384,udechile_,,2,0,2,2,0,2,0,0,0,0,1
430386,masterlocucion,,2,0,2,2,0,2,0,0,0,0,0
430388,DA_ESII,,2,0,2,2,0,2,0,0,0,0,6
430389,EII_Albacete,,2,0,2,2,0,2,0,0,0,0,6
430390,BBAACuenca,,2,0,2,2,0,2,0,0,0,0,4
430392,CampusCR,,2,0,2,2,0,2,0,0,0,0,6
430393,APEU_UCLM,,2,0,2,2,0,2,0,0,0,0,4
430395,CampusCuenca,,2,0,2,2,0,2,0,0,0,0,6
430410,CrimiUCLM,,2,0,2,2,0,2,0,0,0,0,4
430422,GrTordesillas,,2,0,2,2,0,2,0,0,0,0,4
430424,IElaw,,3,0,3,3,0,3,0,0,0,0,4
430433,FGULEM,,2,0,2,2,0,2,0,0,0,0,4
430434,JEULe_Unileon,,2,0,2,2,0,2,0,0,0,0,4
430441,Derecho_Unileon,,2,0,2,2,0,2,0,0,0,0,4
430445,BibliotecaUPSA,,2,0,2,2,0,2,0,0,0,0,4
430447,PastoralUniSal,,2,0,2,2,0,2,0,0,0,0,4
430453,IEOoceanografia,,2,0,2,2,0,2,0,0,0,0,4
430455,fccee_uhu,,2,0,2,2,0,2,0,0,0,0,6
430458,SLUMadrid,,2,0,2,2,0,2,0,0,0,0,4
430459,Canal_CESINE,,2,0,2,2,0,2,0,0,0,0,4
430461,DelCienciasUSal,,2,0,2,2,0,2,0,0,0,0,4
430462,UnivalleCol,,2,0,2,2,0,2,0,0,0,0,1
430465,Fac_CienciasUCO,,2,0,2,2,0,2,0,0,0,0,4
430466,cchj_usal,,2,0,2,2,0,2,0,0,0,0,4
430468,EdbgUsal,,2,0,2,2,0,2,0,0,0,0,4
430469,frances_usal,,2,0,2,2,0,2,0,0,0,0,4
430474,Campus_de_Avila,,2,0,2,2,0,2,0,0,0,0,4
430481,Psicologia_UHU,,2,0,2,2,0,2,0,0,0,0,4
430485,UniversidadCES,,2,0,2,2,0,2,0,0,0,0,1
430486,UCSD_RD,,2,0,2,2,0,2,0,0,0,0,1
430488,MasterProtocolo,,2,0,2,2,0,2,0,0,0,0,4
430490,cucc_educacion,,2,0,2,2,0,2,0,0,0,0,0
430493,SomosUDCA,,2,0,2,2,0,2,0,0,0,0,1
430497,BiblioBioUsal,,2,0,2,2,0,2,0,0,0,0,4
430499,Uemprendes,,2,0,2,2,0,2,0,0,0,0,7
430500,daetsiiupv,,2,0,2,2,0,2,0,0,0,0,4
430502,FFarmaciaUSAL,,2,0,2,2,0,2,0,0,0,0,4
430503,usalprotocolo,,2,0,2,2,0,2,0,0,0,0,4
430504,mastermuseos,,2,0,2,2,0,2,0,0,0,0,4
430505,LaRedIRIS,,2,0,2,2,0,2,0,0,0,0,4
430506,ILCEedu,,2,0,2,2,0,2,0,0,0,0,4
430507,delg_fcs,,2,0,2,2,0,2,0,0,0,0,4
430508,capmediacion,,2,0,2,2,0,2,0,0,0,0,4
430509,EPSZ_USAL,,2,0,2,2,0,2,0,0,0,0,4
430510,USAL_Emprende,,2,0,2,2,0,2,0,0,0,0,4
430511,usaldeporteszam,,2,0,2,2,0,2,0,0,0,0,1
430512,USALMOOC,,2,0,2,2,0,2,0,0,0,0,4
430513,PsicologiaUSAL,,2,0,2,2,0,2,0,0,0,0,4
430514,ibfg_es,,2,0,2,2,0,2,0,0,0,0,4
430515,Espanha_Brasil,,2,0,2,2,0,2,0,0,0,0,4
430516,ciale,,2,0,2,2,0,2,0,0,0,0,4
430517,DelegacionEUEyT,,2,0,2,2,0,2,0,0,0,0,4
430518,crimi_usal,,2,0,2,2,0,2,0,0,0,0,4
430519,BESTValladolid,,2,0,2,2,0,2,0,0,0,0,7
430520,UVaEmpresa,,2,0,2,2,0,2,0,0,0,0,4
430521,BiblioEIIUVa,,2,0,2,2,0,2,0,0,0,0,4
430522,universidaddeva,,2,0,2,2,0,2,0,0,0,0,6
430525,RRII_EII,,2,0,2,2,0,2,0,0,0,0,4
430526,DecanatoDer_UVA,,2,0,2,2,0,2,0,0,0,0,1
430530,economicas_uva,,2,0,2,2,0,2,0,0,0,0,1
430533,up_millansantos,,2,0,2,2,0,2,0,0,0,0,1
430534,PC_UVa,,2,0,2,2,0,2,0,0,0,0,4
430535,FyL_UVa,,2,0,2,2,0,2,0,0,0,0,1
430536,InformaUVa,,2,0,2,2,0,2,0,0,0,0,4
430548,VoluntariosUAH,,2,0,2,2,0,2,0,0,0,0,4
430549,pradpi,,2,0,2,2,0,2,0,0,0,0,4
430553,posgradoUAH,,2,0,2,2,0,2,0,0,0,0,1
430582,NebrijaLenguas,,2,0,2,2,0,2,0,0,0,0,1
430583,NebrijaAlumni,,2,0,2,2,0,2,0,0,0,0,4
430587,RUCCisneros,,2,0,2,2,0,2,0,0,0,0,1
430590,ForoNEBrija,,2,0,2,2,0,2,0,0,0,0,4
430592,catedraunesco,,2,0,2,2,0,2,0,0,0,0,4
430594,uam_psicologia,,2,0,2,2,0,2,0,0,0,0,4
430596,UAM_Medicina,,2,0,2,2,0,2,0,0,0,0,4
430597,Deportes_UAM,,2,0,2,2,0,2,0,0,0,0,1
430601,UAM_Biblioteca,,2,0,2,2,0,2,0,0,0,0,4
430606,LibCatalonia,,2,0,2,2,0,2,0,0,0,0,4
430607,CampanyMk,,2,0,2,2,0,2,0,0,0,0,4
430609,AlumnosURJCVic,,2,0,2,2,0,2,0,0,0,0,0
430616,BecasSenescyt,,2,0,2,2,0,2,0,0,0,0,2
430618,uciencia,,2,0,2,2,0,2,0,0,0,0,4
430619,carrerasp_ucjc,,2,0,2,2,0,2,0,0,0,0,4
430620,BURSofia,,2,0,2,2,0,2,0,0,0,0,4
430621,MasterDGrupo,,2,0,2,2,0,2,0,0,0,0,4
430623,BureauVeritasCU,,2,0,2,2,0,2,0,0,0,0,4
430624,EducacionUCJC,,2,0,2,2,0,2,0,0,0,0,4
430626,ICYT_UC3M,,2,0,2,2,0,2,0,0,0,0,4
430634,DelePostUC3M,,2,0,2,2,0,2,0,0,0,0,2
430639,uc3m_aero,,2,0,2,2,0,2,0,0,0,0,4
430640,seluc3m,,2,0,2,2,0,2,0,0,0,0,2
430643,DelegageUC3M,,2,0,2,2,0,2,0,0,0,0,2
430645,MasaUCM,,2,0,2,2,0,2,0,0,0,0,0
430646,CampusMoncloa,,2,0,2,2,0,2,0,0,0,0,4
430649,forodeempleo3U,,2,0,2,2,0,2,0,0,0,0,4
430650,QuiBucUcm,,2,0,2,2,0,2,0,0,0,0,4
430651,PlatInvestUCM,,2,0,2,2,0,2,0,0,0,0,4
430652,estadistica_ucm,,2,0,2,2,0,2,0,0,0,0,4
430653,BiblioGeoUCM,,2,0,2,2,0,2,0,0,0,0,4
430655,UCM_CMayores,,2,0,2,2,0,2,0,0,0,0,1
430656,cmueuropa,,2,0,2,2,0,2,0,0,0,0,2
430657,CAMPUS_URJC,,2,0,2,2,0,2,0,0,0,0,4
430658,WebUnav,,2,0,2,2,0,2,0,0,0,0,4
430660,UNIRalumni,,2,0,2,2,0,2,0,0,0,0,4
430665,StudiiSalaman,,2,0,2,2,0,2,0,0,0,0,4
430667,inesem,,2,0,2,2,0,2,0,0,0,0,4
430669,cpcompetencia,,2,0,2,2,0,2,0,0,0,0,0
430670,UDUAL,,2,0,2,2,0,2,0,0,0,0,4
430676,UECanarias,,2,0,2,2,0,2,0,0,0,0,4
430678,AdmonUniandes,,2,0,2,2,0,2,0,0,0,0,6
430680,IECCoaching,,2,0,2,2,0,2,0,0,0,0,4
430681,ActualidadU,,2,0,2,2,0,2,0,0,0,0,4
430683,cmfvmadrid,,2,0,2,2,0,2,0,0,0,0,4
430687,BecasEuropa,,2,0,2,2,0,2,0,0,0,0,4
430688,CampusCOPE,,2,0,2,2,0,2,0,0,0,0,4
430702,Comillas_OPE,,2,0,2,2,0,2,0,0,0,0,4
430707,Comillas_iuem,,2,0,2,2,0,2,0,0,0,0,4
430709,ICADE_Derecho,,2,0,2,2,0,2,0,0,0,0,2
430710,UIS,,2,0,2,2,0,2,0,0,0,0,1
430712,puc_sp,,2,0,2,2,0,2,0,0,0,0,7
430719,pucv_cl,,2,0,2,2,0,2,0,0,0,0,4
430720,UDD_cl,,2,0,2,2,0,2,0,0,0,0,2
430721,usantamaria,,2,0,2,2,0,2,0,0,0,0,4
430722,ITESO,,2,0,2,2,0,2,0,0,0,0,4
430723,udlap,,2,0,2,2,0,2,0,0,0,0,6
430724,IBERO_mx,,2,0,2,2,0,2,0,0,0,0,4
430729,Forum_Marhuenda,,2,0,2,2,0,2,0,0,0,0,4
430730,CRCCASIA_ES,,2,0,2,2,0,2,0,0,0,0,5
430731,VirgoVeneranda,,2,0,2,2,0,2,0,0,0,0,4
430732,CEIGRAM,,2,0,2,2,0,2,0,0,0,0,4
430740,madriderasmusES,,2,0,2,2,0,2,0,0,0,0,2
430744,ESCET_URJC,,2,0,2,2,0,2,0,0,0,0,4
430750,Eurojoves,,2,0,2,2,0,2,0,0,0,0,1
430756,ecocreativa,,2,0,2,2,0,2,0,0,0,0,4
430762,DelegacionETSII,,2,0,2,2,0,2,0,0,0,0,6
430764,CavURJC,,2,0,2,2,0,2,0,0,0,0,4
430768,iuris_urjc,,2,0,2,2,0,2,0,0,0,0,4
430773,GIQA_urjc,,2,0,2,2,0,2,0,0,0,0,4
430782,Tecmilenio,,2,0,2,2,0,2,0,0,0,0,4
430787,mcpc_unav,,2,0,2,2,0,2,0,0,0,0,4
430788,ISEMfbs,,2,0,2,2,0,2,0,0,0,0,0
430789,uandes,,2,0,2,2,0,2,0,0,0,0,4
430799,IEAlumni,,3,0,3,3,0,3,0,0,0,0,2
430802,ELG_unav,,2,0,2,2,0,2,0,0,0,0,4
430805,FCCJJUPNA,,2,0,2,2,0,2,0,0,0,0,4
430808,IbercampusES,,2,0,2,2,0,2,0,0,0,0,4
430810,InExBrasil,,2,0,2,2,0,2,0,0,0,0,4
430812,Deleite_Ua,,2,0,2,2,0,2,0,0,0,0,4
430813,UnivMontevideo,,2,0,2,2,0,2,0,0,0,0,4
430814,gastrouni,,2,0,2,2,0,2,0,0,0,0,0
430816,ULPGCIMP,,2,0,2,2,0,2,0,0,0,0,4
430818,iulma,,2,0,2,2,0,2,0,0,0,0,6
430824,usc_spain,,2,0,2,2,0,2,0,0,0,0,4
430826,thegrbteam,,2,0,2,2,0,2,0,0,0,0,4
430832,facjovellanos,,2,0,2,2,0,2,0,0,0,0,4
430835,creucam,,2,0,2,2,0,2,0,0,0,0,4
430837,ObsSchool,,2,0,2,2,0,2,0,0,0,0,4
430841,FundacionSEPI,,2,0,2,2,0,2,0,0,0,0,4
430842,UFVBusiness,,2,0,2,2,0,2,0,0,0,0,4
430845,Comillas_SRI,,2,0,2,2,0,2,0,0,0,0,4
430849,Wozedu,,2,0,2,2,0,2,0,0,0,0,4
430850,iesealumni,,2,0,2,2,0,2,0,0,0,0,4
430853,ESADELawSchool,,2,0,2,2,0,2,0,0,0,0,4
430854,ESADEAlumni,,2,0,2,2,0,2,0,0,0,0,4
430856,CanalToma2,,2,0,2,2,0,2,0,0,0,0,4
430857,ECAMLyon,,2,0,2,2,0,2,0,0,0,0,1
430858,groupeinsa,,2,0,2,2,0,2,0,0,0,0,4
430859,UVicLife,,2,0,2,2,0,2,0,0,0,0,4
430867,informacioUA,,2,0,2,2,0,2,0,0,0,0,4
430875,peacemasteruji,,2,0,2,2,0,2,0,0,0,0,4
430881,VidaPrimero,,2,0,2,2,0,2,0,0,0,0,4
430883,UQAC,,2,0,2,2,0,2,0,0,0,0,1
430890,med_umontreal,,2,0,2,2,0,2,0,0,0,0,1
430896,GoldsmithsUoL,,2,0,2,2,0,2,0,0,0,0,4
430901,UF_LCS_SFA,,2,0,2,2,0,2,0,0,0,0,1
430903,universitenreve,,2,0,2,2,0,2,0,0,0,0,1
430905,OVE_National,,2,0,2,2,0,2,0,0,0,0,8
430915,ISAE_officiel,,2,0,2,2,0,2,0,0,0,0,4
430945,SorbonneJunior,,2,0,2,2,0,2,0,0,0,0,3
430956,CT_EnergyLab,,2,0,2,2,0,2,0,0,0,0,4
430959,CEUMEDIA,,2,0,2,2,0,2,0,0,0,0,4
430963,ucvonline,,2,0,2,2,0,2,0,0,0,0,4
430966,ccmmue,,2,0,2,2,0,2,0,0,0,0,4
430967,Fpostgrado,,2,0,2,2,0,2,0,0,0,0,4
430969,UniRio2014,,2,0,2,2,0,2,0,0,0,0,4
430970,INEDE_UCV,,2,0,2,2,0,2,0,0,0,0,4
430973,delegacioneup,,2,0,2,2,0,2,0,0,0,0,6
431002,EdgeHotelSchool,,2,0,2,2,0,2,0,0,0,0,4
431004,CEPADE_UPM,,2,0,2,2,0,2,0,0,0,0,4
431006,BESTMadridUPM,,2,0,2,2,0,2,0,0,0,0,7
431007,otri_upm,,2,0,2,2,0,2,0,0,0,0,4
431010,edii_uclm,,2,0,2,2,0,2,0,0,0,0,6
431013,DeLetras_UCLM,,3,0,3,3,0,3,0,0,0,0,4
431014,csdmm,,2,0,2,2,0,2,0,0,0,0,0
431016,telecoupm,,2,0,2,2,0,2,0,0,0,0,4
431019,minasenergiaupm,,2,0,2,2,0,2,0,0,0,0,4
431023,wyaafrica,,2,0,2,2,0,2,0,0,0,0,4
431024,wyanorthamerica,,2,0,2,2,0,2,0,0,0,0,4
431026,wyaasiapacific,,2,0,2,2,0,2,0,0,0,0,4
431027,virtualeduca,,2,0,2,2,0,2,0,0,0,0,4
431029,postgradoauip,,2,0,2,2,0,2,0,0,0,0,4
431031,UniversiaCol,,2,0,2,2,0,2,0,0,0,0,4
431032,UniversiaBrasil,,2,0,2,2,0,2,0,0,0,0,1
431034,RedUnES,,2,0,2,2,0,2,0,0,0,0,4
431036,UVMMEXICO,,2,0,2,2,0,2,0,0,0,0,1
431054,mabumusica,,2,0,2,2,0,2,0,0,0,0,0
431064,Ponleritmo,,2,0,2,2,0,2,0,0,0,0,0
431065,HappenCoworking,,2,0,2,2,0,2,0,0,0,0,0
431067,perfildelatosta,,2,0,2,2,0,2,0,0,0,0,0
431069,mireservaonline,,3,0,3,3,0,3,0,0,0,0,0
431070,Cine_Novedades,,2,0,2,2,0,2,0,0,0,0,0
431071,frandrTopo,,2,0,2,2,0,2,0,0,0,0,0
431074,Granadaenfoto,,2,0,2,2,0,2,0,0,0,0,0
431077,LibrosResumidos,,2,0,2,2,0,2,0,0,0,0,0
431079,SpanishPowder,,2,0,2,2,0,2,0,0,0,0,0
431081,uexqui,,2,0,2,2,0,2,0,0,0,0,0
431084,elmundodetulsa,,2,0,2,2,0,2,0,0,0,0,0
431086,clubmonachil,,2,0,2,2,0,2,0,0,0,0,0
431087,TOSKOOFICIAL,,2,0,2,2,0,2,0,0,0,0,6
431088,MalaJunteraOfic,,2,0,2,2,0,2,0,0,0,0,0
431089,HPSQUADOFICIAL,,2,0,2,2,0,2,0,0,0,0,6
431090,Gordo_Master,,2,0,2,2,0,2,0,0,0,0,6
431092,79amolina,,2,0,2,2,0,2,0,0,0,0,0
431093,MorodoStyle,,2,0,2,2,0,2,0,0,0,0,6
431094,XhelazzOficial,,2,0,2,2,0,2,0,0,0,0,8
431095,LocusDuoKie,,2,0,2,2,0,2,0,0,0,0,0
431096,duokieoficial,,2,0,2,2,0,2,0,0,0,0,6
431097,Lirico,,2,0,2,2,0,2,0,0,0,0,6
431101,SanSanFestival,,2,0,2,2,0,2,0,0,0,0,0
431113,RonBrugal_ES,,2,0,2,2,0,2,0,0,0,0,0
431116,PozayGwoupBeats,,2,0,2,2,0,2,0,0,0,0,6
431120,elyellamusic,,2,0,2,2,0,2,0,0,0,0,0
431124,FundacionMigres,,2,0,2,2,0,2,0,0,0,0,4
431126,SkiPallars,,2,0,2,2,0,2,0,0,0,0,0
431128,LEITARIEGOS,,2,0,2,2,0,2,0,0,0,0,4
431129,Atudem_es,,2,0,2,2,0,2,0,0,0,0,0
431131,sportaustralia,,2,0,2,2,0,2,0,0,0,0,2
431140,TheSkiFest,,2,0,2,2,0,2,0,0,0,0,0
431142,jkspacionatural,,3,0,3,3,0,3,0,0,0,0,0
431146,rikitaum_sn,,2,0,2,2,0,2,0,0,0,0,0
431153,FMDInv,,2,0,2,2,0,2,0,0,0,0,0
431160,Muntania,,2,0,2,2,0,2,0,0,0,0,0
431162,Mteoras,,2,0,2,2,0,2,0,0,0,0,6
431163,Sevilla_enlaRed,,2,0,2,2,0,2,0,0,0,0,0
431164,EscuelaSulayr,,2,0,2,2,0,2,0,0,0,0,0
431178,ElanEsquis,,2,0,2,2,0,2,0,0,0,0,0
431179,Skitude,,2,0,2,2,0,2,0,0,0,0,0
431189,Dare2b_sports,,2,0,2,2,0,2,0,0,0,0,0
431190,EE3Mil,,2,0,2,2,0,2,0,0,0,0,0
431191,fceh_cat,,2,0,2,2,0,2,0,0,0,0,0
431197,alejohervas,,2,0,2,2,0,2,0,0,0,0,0
431202,ClubAmistad,,2,0,2,2,0,2,0,0,0,0,0
431206,TelemarkSN,,2,0,2,2,0,2,0,0,0,0,0
431208,paisajesdelsur,,2,0,2,2,0,2,0,0,0,0,0
431209,mountago,,2,0,2,2,0,2,0,0,0,0,0
431210,centroBTTnevada,,2,0,2,2,0,2,0,0,0,0,0
431212,visualski,,2,0,2,2,0,2,0,0,0,0,0
431213,maypeus,,2,0,2,2,0,2,0,0,0,0,0
431214,110ski,,2,0,2,2,0,2,0,0,0,0,0
431225,ILoveSki_org,,2,0,2,2,0,2,0,0,0,0,0
431229,WomenSpaSkiTeam,,2,0,2,2,0,2,0,0,0,0,0
431231,volcanolimits,,2,0,2,2,0,2,0,0,0,0,0
431235,ridersonthesnow,,2,0,2,2,0,2,0,0,0,0,0
431244,TeleSkiSnow,,2,0,2,2,0,2,0,0,0,0,0
431258,usskiteam,,2,0,2,2,0,2,0,0,0,0,0
431296,SNOWmagazine,,2,0,2,2,0,2,0,0,0,0,6
431317,k2skis,,2,0,2,2,0,2,0,0,0,0,0
431354,pyeongchang2018,,2,0,2,2,0,2,0,0,0,0,2
431356,skigrahambell,,2,0,2,2,0,2,0,0,0,0,0
431406,noteparesteam,,2,0,2,2,0,2,0,0,0,0,5
431409,skitransfers,,2,0,2,2,0,2,0,0,0,0,0
431412,skiweekends,,2,0,2,2,0,2,0,0,0,0,0
431416,InTheSnowMag,,2,0,2,2,0,2,0,0,0,0,0
431425,100x100BikeMTB,,2,0,2,2,0,2,0,0,0,0,0
431426,MTBMountainBike,,2,0,2,2,0,2,0,0,0,0,0
431427,BikeStoreCenter,,2,0,2,2,0,2,0,0,0,0,0
431428,CualQuieraPH,,2,0,2,2,0,2,0,0,0,0,0
431429,Bicistore,,2,0,2,2,0,2,0,0,0,0,0
431430,blogbtt,,2,0,2,2,0,2,0,0,0,0,0
431431,ElMundoDelaBici,,2,0,2,2,0,2,0,0,0,0,0
431432,CDTitanZone,,2,0,2,2,0,2,0,0,0,0,0
431437,gemitree,,2,0,2,2,0,2,0,0,0,0,0
431442,kellyslater,,2,0,2,2,0,2,0,0,0,0,1
431450,MireiaClemente,,2,0,2,2,0,2,0,0,0,0,0
431451,MovistarGolf,,2,0,2,2,0,2,0,0,0,0,0
431455,LaAntorcha_SN,,2,0,2,2,0,2,0,0,0,0,6
431457,Jomontoya_,,2,0,2,2,0,2,0,0,0,0,0
431462,bcworldcup,,2,0,2,2,0,2,0,0,0,0,0
431472,ChemmySki,,2,0,2,2,0,2,0,0,0,0,0
431485,TinaMaze,,2,0,2,2,0,2,0,0,0,0,0
431496,nico_taeky,,2,0,2,2,0,2,0,0,0,0,0
431501,onacarbonell,,2,0,2,2,0,2,0,0,0,0,5
431502,Melani_Costa,,2,0,2,2,0,2,0,0,0,0,5
431505,Reshati12Regina,,2,0,2,2,0,2,0,0,0,0,0
431507,MiguelinGalindo,,2,0,2,2,0,2,0,0,0,0,0
431511,enrikitodegrana,,2,0,2,2,0,2,0,0,0,0,0
431514,jmorenodavila,,2,0,2,2,0,2,0,0,0,0,6
431517,RotulosStudio,,2,0,2,2,0,2,0,0,0,0,0
431520,lucaseguibar,,2,0,2,2,0,2,0,0,0,0,0
431524,snowsportsmed,,2,0,2,2,0,2,0,0,0,0,0
431534,oxigenados,,2,0,2,2,0,2,0,0,0,0,0
431535,alotroladomtb,,2,0,2,2,0,2,0,0,0,0,0
431545,SPORSKI,,2,0,2,2,0,2,0,0,0,0,0
431622,JamesWoodsy,,2,0,2,2,0,2,0,0,0,0,0
431626,VerbierResorts,,2,0,2,2,0,2,0,0,0,0,0
431630,Peyragudes,,2,0,2,2,0,2,0,0,0,0,0
431631,revista_BIKE,,2,0,2,2,0,2,0,0,0,0,0
431632,solobici_es,,2,0,2,2,0,2,0,0,0,0,0
431635,CMEDGranada,,3,0,3,3,0,3,0,0,0,0,4
431639,ctbahiademalaga,,2,0,2,2,0,2,0,0,0,0,0
431654,mariauximcp,,2,0,2,2,0,2,0,0,0,0,6
431658,TomTomSpain,,2,0,2,2,0,2,0,0,0,0,4
431659,esmtb,,2,0,2,2,0,2,0,0,0,0,0
431663,MiriamCasillasG,,2,0,2,2,0,2,0,0,0,0,0
431664,saletacastro,,2,0,2,2,0,2,0,0,0,0,5
431667,mariomola,,2,0,2,2,0,2,0,0,0,0,5
431671,enekollanos,,2,0,2,2,0,2,0,0,0,0,5
431673,cescgodoy,,2,0,2,2,0,2,0,0,0,0,6
431675,Josehermida,,2,0,2,2,0,2,0,0,0,0,0
431716,SkiTotal,,2,0,2,2,0,2,0,0,0,0,0
431732,GABIrontriath,,2,0,2,2,0,2,0,0,0,0,0
431735,SnowparkSpain,,2,0,2,2,0,2,0,0,0,0,0
431738,turismoandaluci,,2,0,2,2,0,2,0,0,0,0,0
431744,TheSkiClub,,2,0,2,2,0,2,0,0,0,0,0
431747,GBFreeski,,2,0,2,2,0,2,0,0,0,0,0
431748,GBSnowsport,,2,0,2,2,0,2,0,0,0,0,0
431749,BritSnowboard,,2,0,2,2,0,2,0,0,0,0,0
431753,diaridelaneu,,2,0,2,2,0,2,0,0,0,0,0
431756,NuriaPauRomeu,,2,0,2,2,0,2,0,0,0,0,0
431759,destinorural,,2,0,2,2,0,2,0,0,0,0,0
431763,VacacionesEs,,2,0,2,2,0,2,0,0,0,0,0
431764,rogecalvgonz,,2,0,2,2,0,2,0,0,0,0,0
431766,EstherRodri25,,2,0,2,2,0,2,0,0,0,0,0
431776,BonfireSnow,,2,0,2,2,0,2,0,0,0,0,0
431783,ClimbingMag,,2,0,2,2,0,2,0,0,0,0,4
431784,Esquiceaxa,,2,0,2,2,0,2,0,0,0,0,0
431785,nymPCatalan,,2,0,2,2,0,2,0,0,0,0,0
431786,esquiclub,,2,0,2,2,0,2,0,0,0,0,0
431787,pirineocom,,2,0,2,2,0,2,0,0,0,0,0
431788,planetski,,2,0,2,2,0,2,0,0,0,0,0
431789,ski_news,,2,0,2,2,0,2,0,0,0,0,0
431790,Ski_Net,,2,0,2,2,0,2,0,0,0,0,0
431791,revistasenderos,,2,0,2,2,0,2,0,0,0,0,0
431792,opensnow,,2,0,2,2,0,2,0,0,0,0,0
431793,minube_esqui,,2,0,2,2,0,2,0,0,0,0,0
431794,snurfers,,2,0,2,2,0,2,0,0,0,0,0
431795,esqui,,2,0,2,2,0,2,0,0,0,0,0
431796,blog_esqui,,2,0,2,2,0,2,0,0,0,0,0
431797,nacho_rfv,,2,0,2,2,0,2,0,0,0,0,0
431798,Ski_Press,,2,0,2,2,0,2,0,0,0,0,0
431799,Laquintadelsol,,2,0,2,2,0,2,0,0,0,0,0
431800,Igluski,,2,0,2,2,0,2,0,0,0,0,0
431801,bikestocks,,2,0,2,2,0,2,0,0,0,0,0
431802,SnowplanetMag,,2,0,2,2,0,2,0,0,0,0,0
431803,TrevincaClub,,2,0,2,2,0,2,0,0,0,0,0
431804,skipedia,,2,0,2,2,0,2,0,0,0,0,0
431805,skifamille,,2,0,2,2,0,2,0,0,0,0,0
431806,GlobalNieve,,2,0,2,2,0,2,0,0,0,0,0
431807,welove2ski,,3,0,3,3,0,3,0,0,0,0,0
431808,Yumping,,2,0,2,2,0,2,0,0,0,0,0
431809,zermatt_tourism,,2,0,2,2,0,2,0,0,0,0,0
431810,skiweather,,2,0,2,2,0,2,0,0,0,0,0
431811,ESPN_Snow,,2,0,2,2,0,2,0,0,0,0,0
431812,turi_ski,,2,0,2,2,0,2,0,0,0,0,0
431813,ClubEsquiCVN,,3,0,3,3,0,3,0,0,0,0,0
431814,IneedSpain,,2,0,2,2,0,2,0,0,0,0,0
431815,SpanieniDanmark,,3,0,3,3,0,3,0,0,0,0,0
431816,SpanieniSverige,,2,0,2,2,0,2,0,0,0,0,0
431817,SpaniaiNorge,,3,0,3,3,0,3,0,0,0,0,0
431818,SpainInRussia,,3,0,3,3,0,3,0,0,0,0,0
431819,aranviajes,,2,0,2,2,0,2,0,0,0,0,0
431820,Johnny_Wetor,,2,0,2,2,0,2,0,0,0,0,0
431821,iliberissport,,2,0,2,2,0,2,0,0,0,0,0
431822,RosaliaFdz,,2,0,2,2,0,2,0,0,0,0,0
431823,diariomentiroso,,2,0,2,2,0,2,0,0,0,0,0
431824,SPINPROCENTER,,2,0,2,2,0,2,0,0,0,0,0
431828,radiocontadero,,2,0,2,2,0,2,0,0,0,0,0
431829,ggualchos,,2,0,2,2,0,2,0,0,0,0,0
431830,desnivelados,,2,0,2,2,0,2,0,0,0,0,4
431832,outdooractual,,2,0,2,2,0,2,0,0,0,0,0
431835,nievesfera,,2,0,2,2,0,2,0,0,0,0,0
431836,Snow2dayweb,,2,0,2,2,0,2,0,0,0,0,0
431837,Esquiysnow,,2,0,2,2,0,2,0,0,0,0,0
431841,gdegranaino,,2,0,2,2,0,2,0,0,0,0,0
431842,andaluciasunica,,2,0,2,2,0,2,0,0,0,0,0
431843,voyalsur,,2,0,2,2,0,2,0,0,0,0,6
431845,Rincondelesqui,,2,0,2,2,0,2,0,0,0,0,0
431847,Andalbike,,3,0,3,3,0,3,0,0,0,0,0
431848,FlickrGr,,2,0,2,2,0,2,0,0,0,0,0
431851,Intersport_es,,2,0,2,2,0,2,0,0,0,0,0
431852,GranadaMagazine,,2,0,2,2,0,2,0,0,0,0,0
431853,BitacoraCamara,,2,0,2,2,0,2,0,0,0,0,0
431856,AnVillarejo,,2,0,2,2,0,2,0,0,0,0,0
431858,notasdesde,,2,0,2,2,0,2,0,0,0,0,4
431874,Anitadinamita09,,2,0,2,2,0,2,0,0,0,0,6
431875,FORGESTION,,2,0,2,2,0,2,0,0,0,0,0
431876,ArticoEsqui,,2,0,2,2,0,2,0,0,0,0,0
431885,ridesnowboards,,2,0,2,2,0,2,0,0,0,0,0
431886,SurfRibadesella,,3,0,3,3,0,3,0,0,0,0,4
431890,LMNdM,,2,0,2,2,0,2,0,0,0,0,0
431891,BusBlanc,,2,0,2,2,0,2,0,0,0,0,0
431892,Badaje,,2,0,2,2,0,2,0,0,0,0,0
431893,Snowplayernet,,2,0,2,2,0,2,0,0,0,0,0
431899,QUINOQUIM,,2,0,2,2,0,2,0,0,0,0,4
431900,surfartevida,,2,0,2,2,0,2,0,0,0,0,0
431902,AllTheSki,,2,0,2,2,0,2,0,0,0,0,0
431903,Snowboardermag,,2,0,2,2,0,2,0,0,0,0,0
431904,SnowboardMag,,2,0,2,2,0,2,0,0,0,0,0
431906,Val_dAran,,2,0,2,2,0,2,0,0,0,0,0
431907,viajesalanieve,,2,0,2,2,0,2,0,0,0,0,4
431908,espaiblancand,,2,0,2,2,0,2,0,0,0,0,0
431910,Snow_Camps,,2,0,2,2,0,2,0,0,0,0,0
431912,skiamosmagazine,,2,0,2,2,0,2,0,0,0,0,0
431921,Nieve_polvo,,2,0,2,2,0,2,0,0,0,0,0
431925,Deporinter,,2,0,2,2,0,2,0,0,0,0,0
431926,clubnavacerrada,,2,0,2,2,0,2,0,0,0,0,0
431929,esqui_blog,,2,0,2,2,0,2,0,0,0,0,0
431930,enlavertical,,2,0,2,2,0,2,0,0,0,0,4
431931,EntreMontanas,,2,0,2,2,0,2,0,0,0,0,0
431932,CmVertigo,,2,0,2,2,0,2,0,0,0,0,4
431933,skimoguide,,2,0,2,2,0,2,0,0,0,0,4
431942,altorendimiento,,2,0,2,2,0,2,0,0,0,0,0
431943,AudiquattroCup,,2,0,2,2,0,2,0,0,0,0,0
431944,jesush2o,,2,0,2,2,0,2,0,0,0,0,0
431945,ClubSKICarving,,2,0,2,2,0,2,0,0,0,0,0
431946,EEsporrin,,2,0,2,2,0,2,0,0,0,0,0
431948,SnowMagazineUK,,2,0,2,2,0,2,0,0,0,0,0
431949,SaraTroyas,,2,0,2,2,0,2,0,0,0,0,0
431955,NaturivaFest,,2,0,2,2,0,2,0,0,0,0,0
431957,CAMPOBASESN,,2,0,2,2,0,2,0,0,0,0,0
431958,planesqui,,3,0,3,3,0,3,0,0,0,0,0
431959,intuXanadu,,2,0,2,2,0,2,0,0,0,0,0
431962,polcarreras16,,2,0,2,2,0,2,0,0,0,0,0
431963,alexponsdosta,,2,0,2,2,0,2,0,0,0,0,0
431964,Nonaboixferrer,,2,0,2,2,0,2,0,0,0,0,0
431969,LoNuestro_es,,2,0,2,2,0,2,0,0,0,0,0
431970,senderosulayr,,2,0,2,2,0,2,0,0,0,0,4
431971,bikeandphoto,,2,0,2,2,0,2,0,0,0,0,0
431975,FedFranceSki,,2,0,2,2,0,2,0,0,0,0,0
431977,EvassionEsqui,,2,0,2,2,0,2,0,0,0,0,0
431979,montaventura,,2,0,2,2,0,2,0,0,0,0,0
431980,FAEAndorra,,2,0,2,2,0,2,0,0,0,0,0
431983,head_rebels,,2,0,2,2,0,2,0,0,0,0,0
431989,FREESKIER,,2,0,2,2,0,2,0,0,0,0,0
431992,AISkiClub,,2,0,2,2,0,2,0,0,0,0,0
431994,eisanisidro,,2,0,2,2,0,2,0,0,0,0,0
431998,XnowClub,,2,0,2,2,0,2,0,0,0,0,0
431999,Escuelatandem,,2,0,2,2,0,2,0,0,0,0,0
432001,JonSantacana,,2,0,2,2,0,2,0,0,0,0,0
432002,elmejoresqui,,2,0,2,2,0,2,0,0,0,0,6
432004,SomosNieveMur,,2,0,2,2,0,2,0,0,0,0,0
432008,skioptionscom,,2,0,2,2,0,2,0,0,0,0,0
432009,Snowflakes__,,2,0,2,2,0,2,0,0,0,0,0
432013,KatiaGriffiths,,2,0,2,2,0,2,0,0,0,0,0
432015,lindseyvonn,,2,0,2,2,0,2,0,0,0,0,5
432022,NewsTavascan,,2,0,2,2,0,2,0,0,0,0,4
432023,Soloskinet,,2,0,2,2,0,2,0,0,0,0,0
432026,locosporlanieve,,2,0,2,2,0,2,0,0,0,0,0
432027,montanasdelsur,,2,0,2,2,0,2,0,0,0,0,0
432031,alcasber,,2,0,2,2,0,2,0,0,0,0,0
432038,Paultxo,,2,0,2,2,0,2,0,0,0,0,0
432039,CDE_Covatilla,,2,0,2,2,0,2,0,0,0,0,0
432040,entrestaciones,,2,0,2,2,0,2,0,0,0,0,0
432041,MITICOCLUB,,2,0,2,2,0,2,0,0,0,0,0
432044,Reginoherma,,2,0,2,2,0,2,0,0,0,0,0
432046,Nievate,,2,0,2,2,0,2,0,0,0,0,0
432048,la_covatilla,,2,0,2,2,0,2,0,0,0,0,0
432049,RafaLomana,,2,0,2,2,0,2,0,0,0,0,0
432050,Alto_Campoo,,2,0,2,2,0,2,0,0,0,0,0
432051,La_Pinilla,,2,0,2,2,0,2,0,0,0,0,0
432053,InfoCandanchu,,2,0,2,2,0,2,0,0,0,0,0
432054,ApresSki_SN,,2,0,2,2,0,2,0,0,0,0,0
432056,nosoloesqui,,2,0,2,2,0,2,0,0,0,0,0
432058,MalagaEsqui,,2,0,2,2,0,2,0,0,0,0,0
432060,EsCandanchu,,2,0,2,2,0,2,0,0,0,0,0
432061,VPajaresOficial,,2,0,2,2,0,2,0,0,0,0,0
432063,encorda2,,2,0,2,2,0,2,0,0,0,0,0
432064,Skiclublife,,2,0,2,2,0,2,0,0,0,0,0
432065,TMonachil,,3,0,3,3,0,3,0,0,0,0,6
432066,pistasesqui,,2,0,2,2,0,2,0,0,0,0,0
432067,SkitudePirineus,,2,0,2,2,0,2,0,0,0,0,0
432068,EsquiAlpinoESP,,2,0,2,2,0,2,0,0,0,0,0
432071,FeriaNevaria,,2,0,2,2,0,2,0,0,0,0,0
432072,Mountainslovers,,2,0,2,2,0,2,0,0,0,0,4
432073,snowaldia,,2,0,2,2,0,2,0,0,0,0,0
432075,Naturalski,,2,0,2,2,0,2,0,0,0,0,0
432076,Clubanimals_,,2,0,2,2,0,2,0,0,0,0,6
432077,MARBELLASKICLUB,,2,0,2,2,0,2,0,0,0,0,0
432081,yiyo_orea,,2,0,2,2,0,2,0,0,0,0,0
432085,locosSnow,,2,0,2,2,0,2,0,0,0,0,0
432092,SkiingMag,,2,0,2,2,0,2,0,0,0,0,0
432093,AEESN2012,,2,0,2,2,0,2,0,0,0,0,0
432094,SnowForecast,,2,0,2,2,0,2,0,0,0,0,0
432098,skiweltcup_tv,,2,0,2,2,0,2,0,0,0,0,0
432100,Fisiofficial,,2,0,2,2,0,2,0,0,0,0,0
432101,FISSnowKidz,,2,0,2,2,0,2,0,0,0,0,0
432103,nymCCantabrica,,2,0,2,2,0,2,0,0,0,0,4
432104,snowium,,2,0,2,2,0,2,0,0,0,0,0
432105,blogsnowboard,,2,0,2,2,0,2,0,0,0,0,0
432106,WorldSnowDay,,2,0,2,2,0,2,0,0,0,0,0
432107,nymSPenibetico,,2,0,2,2,0,2,0,0,0,0,0
432108,Snowbird,,2,0,2,2,0,2,0,0,0,0,0
432109,fissnowboard,,2,0,2,2,0,2,0,0,0,0,0
432110,Elsubidon,,2,0,2,2,0,2,0,0,0,0,0
432111,esquialboraya,,2,0,2,2,0,2,0,0,0,0,0
432112,EscEuropeaEsqui,,2,0,2,2,0,2,0,0,0,0,0
432113,raquelrienda,,3,0,3,3,0,3,0,0,0,0,0
432114,fisalpine,,2,0,2,2,0,2,0,0,0,0,0
432115,FISfreestyle,,2,0,2,2,0,2,0,0,0,0,0
432116,AndaluciaOT,,2,0,2,2,0,2,0,0,0,0,6
432117,sierranevadaeee,,2,0,2,2,0,2,0,0,0,0,0
432118,SkitudeES,,2,0,2,2,0,2,0,0,0,0,0
432119,SkiNavacerrada,,2,0,2,2,0,2,0,0,0,0,0
432120,AramonCerler,,2,0,2,2,0,2,0,0,0,0,0
432121,AramonFormigal,,2,0,2,2,0,2,0,0,0,0,0
432122,AramonPanticosa,,2,0,2,2,0,2,0,0,0,0,0
432123,AramonNdTeruel,,2,0,2,2,0,2,0,0,0,0,0
432124,GrupoAramon,,2,0,2,2,0,2,0,0,0,0,0
432125,salomonfreeski,,2,0,2,2,0,2,0,0,0,0,0
432127,SoloNieve,,2,0,2,2,0,2,0,0,0,0,0
432128,SnowLaMolina,,2,0,2,2,0,2,0,0,0,0,0
432129,SkiRacingMedia,,2,0,2,2,0,2,0,0,0,0,0
432130,esquicom,,2,0,2,2,0,2,0,0,0,0,0
432131,Astunesqui,,2,0,2,2,0,2,0,0,0,0,4
432132,MasellaPirineu,,2,0,2,2,0,2,0,0,0,0,0
432133,baqueira_beret,,2,0,2,2,0,2,0,0,0,0,0
432134,grandvalira,,2,0,2,2,0,2,0,0,0,0,0
432135,skisinlimites,,2,0,2,2,0,2,0,0,0,0,0
432136,Pablo_Q_R,,2,0,2,2,0,2,0,0,0,0,0
432140,VictorRuizVega,,2,0,2,2,0,2,0,0,0,0,4
432142,chemadcp,,2,0,2,2,0,2,0,0,0,0,4
432149,Pedro_SA90,,2,0,2,2,0,2,0,0,0,0,4
432153,IreneCPGR,,2,0,2,2,0,2,0,0,0,0,4
432159,Minuelectro,,2,0,2,2,0,2,0,0,0,0,4
432172,joseluismotril,,2,0,2,2,0,2,0,0,0,0,4
432179,G_a_b_s,,2,0,2,2,0,2,0,0,0,0,4
432180,Oquiaweb,,2,0,2,2,0,2,0,0,0,0,4
432190,Pacomarman,,2,0,2,2,0,2,0,0,0,0,4
432192,fublesgranada,,2,0,2,2,0,2,0,0,0,0,4
432193,paco_artero,,2,0,2,2,0,2,0,0,0,0,4
432204,Manzano7Granada,,2,0,2,2,0,2,0,0,0,0,5
432208,PCmastersES,,2,0,2,2,0,2,0,0,0,0,4
432213,albertoespejo_,,2,0,2,2,0,2,0,0,0,0,4
432224,Marujonaldia,,2,0,2,2,0,2,0,0,0,0,4
432229,AIGalamian,,2,0,2,2,0,2,0,0,0,0,4
432230,LaFalangeGRA,,2,0,2,2,0,2,0,0,0,0,4
432231,Clubia_es,,2,0,2,2,0,2,0,0,0,0,4
432232,PreciosBOOM,,2,0,2,2,0,2,0,0,0,0,4
432233,emepeacelove,,2,0,2,2,0,2,0,0,0,0,4
432235,Clmnt_Talavera,,2,0,2,2,0,2,0,0,0,0,4
432237,Italypastagrana,,2,0,2,2,0,2,0,0,0,0,4
432238,serviempresa,,2,0,2,2,0,2,0,0,0,0,4
432240,sergiogarcialuj,,2,0,2,2,0,2,0,0,0,0,4
432242,upyd_noticias,,2,0,2,2,0,2,0,0,0,0,4
432247,BassHertzShane,,2,0,2,2,0,2,0,0,0,0,4
432248,tropicopter,,3,0,3,3,0,3,0,0,0,0,4
432249,RinconAuroraGR,,4,0,4,4,0,4,0,0,0,0,0
432250,SONSONETEOFICIA,,2,0,2,2,0,2,0,0,0,0,4
432253,MadnessCIub,,2,0,2,2,0,2,0,0,0,0,6
432255,FranciyS17,,2,0,2,2,0,2,0,0,0,0,4
432261,cgarciacreus,,2,0,2,2,0,2,0,0,0,0,4
432263,Peibol81,,2,0,2,2,0,2,0,0,0,0,4
432273,MaiteMataV,,2,0,2,2,0,2,0,0,0,0,4
432277,GranadaToday,,2,0,2,2,0,2,0,0,0,0,4
432288,sea_jen,,2,0,2,2,0,2,0,0,0,0,0
432291,manuelmateop,,2,0,2,2,0,2,0,0,0,0,0
432294,RECOMARKAS,,2,0,2,2,0,2,0,0,0,0,0
432296,CermicaLeonard,,2,0,2,2,0,2,0,0,0,0,0
432299,EDirectoTVE,,2,0,2,2,0,2,0,0,0,0,0
432305,FrandeGuejar,,2,0,2,2,0,2,0,0,0,0,0
432312,Karmen_GP,,2,0,2,2,0,2,0,0,0,0,0
432315,andaluciatq,,2,0,2,2,0,2,0,0,0,0,0
432319,surfatodacosta,,2,0,2,2,0,2,0,0,0,0,4
432320,EuSurf,,2,0,2,2,0,2,0,0,0,0,4
432321,ESCUELACANTABRA,,2,0,2,2,0,2,0,0,0,0,4
432325,nalusurf,,2,0,2,2,0,2,0,0,0,0,4
432327,surferrulemag,,2,0,2,2,0,2,0,0,0,0,4
432328,quemalavida,,2,0,2,2,0,2,0,0,0,0,4
432329,RazSurfCamp,,2,0,2,2,0,2,0,0,0,0,4
432335,Viajeropedia,,2,0,2,2,0,2,0,0,0,0,4
432341,CreativTourism,,2,0,2,2,0,2,0,0,0,0,4
432343,Graupix,,2,0,2,2,0,2,0,0,0,0,4
432344,euroresidentes,,2,0,2,2,0,2,0,0,0,0,4
432348,mbeltranva,,2,0,2,2,0,2,0,0,0,0,4
432351,DeloitteDIGI_ES,,2,0,2,2,0,2,0,0,0,0,4
432355,FedeGalegaSurf,,2,0,2,2,0,2,0,0,0,0,4
432358,artsurfcamp,,2,0,2,2,0,2,0,0,0,0,4
432361,101lugares,,2,0,2,2,0,2,0,0,0,0,4
432363,infoDJBond,,2,0,2,2,0,2,0,0,0,0,6
432366,antoniocf88,,2,0,2,2,0,2,0,0,0,0,6
432406,loalbajoyeros,,2,0,2,2,0,2,0,0,0,0,0
432409,rosasiles,,2,0,2,2,0,2,0,0,0,0,0
432413,Maribel__Urbano,,2,0,2,2,0,2,0,0,0,0,0
432418,aevemartinez,,2,0,2,2,0,2,0,0,0,0,0
432422,Quinquinobo,,2,0,2,2,0,2,0,0,0,0,0
432423,DECOEXPERIENCE,,2,0,2,2,0,2,0,0,0,0,0
432428,andaluciabella,,2,0,2,2,0,2,0,0,0,0,0
432430,Virgi_Linares,,2,0,2,2,0,2,0,0,0,0,0
432442,elSidelanovia,,2,0,2,2,0,2,0,0,0,0,0
432450,Princessgranad1,,2,0,2,2,0,2,0,0,0,0,0
432451,luciarubio,,2,0,2,2,0,2,0,0,0,0,0
432456,EliasFersan,,2,0,2,2,0,2,0,0,0,0,0
432457,mibodaenalmeria,,2,0,2,2,0,2,0,0,0,0,0
432462,Pedagogosugr,,2,0,2,2,0,2,0,0,0,0,0
432463,PanYChocolategr,,2,0,2,2,0,2,0,0,0,0,0
432469,PensionLondres,,2,0,2,2,0,2,0,0,0,0,0
432471,CoqueJoyeros,,2,0,2,2,0,2,0,0,0,0,0
432473,EvyGnz,,2,0,2,2,0,2,0,0,0,0,0
432475,gruposalmeron,,2,0,2,2,0,2,0,0,0,0,0
432476,Cristiinaeu,,2,0,2,2,0,2,0,0,0,0,0
432484,pilunaza,,2,0,2,2,0,2,0,0,0,0,0
432487,logopediamurcia,,2,0,2,2,0,2,0,0,0,0,0
432490,SanPatrickNovia,,2,0,2,2,0,2,0,0,0,0,0
432492,cfrancobb,,2,0,2,2,0,2,0,0,0,0,0
432495,luciacuad,,2,0,2,2,0,2,0,0,0,0,0
432503,real_boda,,2,0,2,2,0,2,0,0,0,0,0
432504,CuartetoMasse,,2,0,2,2,0,2,0,0,0,0,0
432505,BYMteviste,,2,0,2,2,0,2,0,0,0,0,0
432509,BoxPartyGranada,,2,0,2,2,0,2,0,0,0,0,0
432510,letsmovepubli,,2,0,2,2,0,2,0,0,0,0,0
432511,Eldivangranada,,2,0,2,2,0,2,0,0,0,0,0
432517,TOTuscanaps,,2,0,2,2,0,2,0,0,0,0,0
432519,ProduccionesRV,,2,0,2,2,0,2,0,0,0,0,0
432521,Laura_VelascoUr,,2,0,2,2,0,2,0,0,0,0,0
432523,Viewinchannel,,2,0,2,2,0,2,0,0,0,0,4
432524,ana_diazdelrio,,2,0,2,2,0,2,0,0,0,0,5
432529,continentagins,,2,0,2,2,0,2,0,0,0,0,0
432532,sarasarita12345,,2,0,2,2,0,2,0,0,0,0,0
432550,LorenaSierra92,,2,0,2,2,0,2,0,0,0,0,0
432553,suntsinne,,2,0,2,2,0,2,0,0,0,0,0
432554,JaviGlz,,2,0,2,2,0,2,0,0,0,0,6
432556,Raqueljimpe14,,2,0,2,2,0,2,0,0,0,0,0
432560,jqg88,,2,0,2,2,0,2,0,0,0,0,0
432561,ASMMAGAZINE,,2,0,2,2,0,2,0,0,0,0,0
432566,anacorbel_,,2,0,2,2,0,2,0,0,0,0,0
432567,MekyCS,,2,0,2,2,0,2,0,0,0,0,0
432577,OliverMartin16,,2,0,2,2,0,2,0,0,0,0,0
432582,DeliaDfc,,2,0,2,2,0,2,0,0,0,0,0
432588,YohayraAR,,2,0,2,2,0,2,0,0,0,0,0
432589,EXCLUSIVASLADYS,,2,0,2,2,0,2,0,0,0,0,0
432591,Guijarro_Rocio,,2,0,2,2,0,2,0,0,0,0,0
432597,mertxemedina,,2,0,2,2,0,2,0,0,0,0,0
432599,miriamlunera,,2,0,2,2,0,2,0,0,0,0,0
432600,CarlosLpezMuoz,,2,0,2,2,0,2,0,0,0,0,6
432607,dnoviosgranada,,3,0,3,3,0,3,0,0,0,0,0
432608,sara_13sca,,2,0,2,2,0,2,0,0,0,0,0
432614,Mariiajobr,,2,0,2,2,0,2,0,0,0,0,0
432617,MmgEva,,2,0,2,2,0,2,0,0,0,0,0
432619,manumarfil,,2,0,2,2,0,2,0,0,0,0,0
432624,yo_akiii,,2,0,2,2,0,2,0,0,0,0,1
432625,Thepunt0,,2,0,2,2,0,2,0,0,0,0,1
432635,beagarca,,2,0,2,2,0,2,0,0,0,0,1
432640,mbacomplutense,,2,0,2,2,0,2,0,0,0,0,1
432649,rosam90,,2,0,2,2,0,2,0,0,0,0,1
432655,PinganilloGrana,,2,0,2,2,0,2,0,0,0,0,1
432657,AnaGyver,,2,0,2,2,0,2,0,0,0,0,1
432664,frangarrido86,,2,0,2,2,0,2,0,0,0,0,1
432665,PopiCuki,,2,0,2,2,0,2,0,0,0,0,1
432675,djsvillabros,,2,0,2,2,0,2,0,0,0,0,1
432677,VaneRL_,,2,0,2,2,0,2,0,0,0,0,1
432680,PassettodiRoma,,2,0,2,2,0,2,0,0,0,0,1
432681,inmgc9,,2,0,2,2,0,2,0,0,0,0,1
432685,MA55222307,,2,0,2,2,0,2,0,0,0,0,1
432694,Carol23rr,,2,0,2,2,0,2,0,0,0,0,1
432696,nietodelgafas,,2,0,2,2,0,2,0,0,0,0,1
432722,MUNDIALENGUA,,2,0,2,2,0,2,0,0,0,0,1
432730,EIMunimet,,2,0,2,2,0,2,0,0,0,0,1
432731,Idiomas_Puebla,,2,0,2,2,0,2,0,0,0,0,1
432738,MTRidiomas,,2,0,2,2,0,2,0,0,0,0,1
432756,LibrosDeArenaR5,,2,0,2,2,0,2,0,0,0,0,1
432758,erasmussportc,,2,0,2,2,0,2,0,0,0,0,1
432768,IcikoMedia,,2,0,2,2,0,2,0,0,0,0,1
432769,ESSCeur,,2,0,2,2,0,2,0,0,0,0,7
432774,gelito,,2,0,2,2,0,2,0,0,0,0,1
432775,kubide,,2,0,2,2,0,2,0,0,0,0,1
432778,madriderasmus,,2,0,2,2,0,2,0,0,0,0,1
432779,granjefeindio,,2,0,2,2,0,2,0,0,0,0,1
432780,waytoerasmus,,2,0,2,2,0,2,0,0,0,0,1
432781,ErasmusRepublik,,2,0,2,2,0,2,0,0,0,0,1
432784,Innovacioncl,,2,0,2,2,0,2,0,0,0,0,1
432785,startupchile,,2,0,2,2,0,2,0,0,0,0,1
432788,autentia,,2,0,2,2,0,2,0,0,0,0,1
432796,JacopoOttaviani,,2,0,2,2,0,2,0,0,0,0,7
432825,giftedstudents,,3,0,3,3,0,3,0,0,0,0,7
432826,EvanLuthra,,2,0,2,2,0,2,0,0,0,0,7
432833,ludo_26,,2,0,2,2,0,2,0,0,0,0,3
432845,ISSUCD,,2,0,2,2,0,2,0,0,0,0,1
432857,Rrpptvhector,,2,0,2,2,0,2,0,0,0,0,4
432866,madridcitytours,,2,0,2,2,0,2,0,0,0,0,4
432874,MasVoltaje,,2,0,2,2,0,2,0,0,0,0,4
432897,Bersa76,,2,0,2,2,0,2,0,0,0,0,4
432938,CostyCRRPP,,2,0,2,2,0,2,0,0,0,0,4
432955,danieldelmoral,,2,0,2,2,0,2,0,0,0,0,3
432963,rrpp_FABRIK_,,2,0,2,2,0,2,0,0,0,0,4
432985,Costy_Fabrik,,2,0,2,2,0,2,0,0,0,0,4
432995,carolchristie87,,2,0,2,2,0,2,0,0,0,0,6
433018,new_garamond1,,2,0,2,2,0,2,0,0,0,0,4
433021,_New_Garamond_,,2,0,2,2,0,2,0,0,0,0,4
433030,DRAKERS46,,2,0,2,2,0,2,0,0,0,0,4
433104,VidenciaA,,2,0,2,2,0,2,0,0,0,0,2
433140,GRAFTONSCHOOL,,2,0,2,2,0,2,0,0,0,0,4
433154,meliade71,,2,0,2,2,0,2,0,0,0,0,2
433219,Bonosymas,,2,0,2,2,0,2,0,0,0,0,4
433264,LkMarta,,2,0,2,2,0,2,0,0,0,0,0
433323,ElMundo_Madrid,,2,0,2,2,0,2,0,0,0,0,4
433332,rbkrizos,,2,0,2,2,0,2,0,0,0,0,4
433413,TrendsMadrid,,2,0,2,2,0,2,0,0,0,0,4
433446,motri7,,2,0,2,2,0,2,0,0,0,0,4
433475,U2Hernan,,2,0,2,2,0,2,0,0,0,0,4
433623,RodriClavero,,2,0,2,2,0,2,0,0,0,0,4
433677,LetyNaRo,,2,0,2,2,0,2,0,0,0,0,4
433693,inmocommo,,2,0,2,2,0,2,0,0,0,0,4
433745,MADproductionsA,,2,0,2,2,0,2,0,0,0,0,4
433749,HuakaiTravel,,2,0,2,2,0,2,0,0,0,0,4
433752,Noemi_MerinoGH,,2,0,2,2,0,2,0,0,0,0,5
433757,MadBassOFFICIAL,,2,0,2,2,0,2,0,0,0,0,4
433762,GuatduIbiza,,2,0,2,2,0,2,0,0,0,0,4
433764,Madrid_Fiesta,,2,0,2,2,0,2,0,0,0,0,4
433770,BanlooMadrid,,2,0,2,2,0,2,0,0,0,0,4
433771,CocinaRock,,2,0,2,2,0,2,0,0,0,0,4
433774,SwagCityParty,,2,0,2,2,0,2,0,0,0,0,4
433802,KarenRFisher,,2,0,2,2,0,2,0,0,0,0,1
433848,frangarciar,,2,0,2,2,0,2,0,0,0,0,1
433860,cristinabacalso,,2,0,2,2,0,2,0,0,0,0,1
433893,HRdotcom,,2,0,2,2,0,2,0,0,0,0,2
433921,IAU_Hedbib,,2,0,2,2,0,2,0,0,0,0,1
433922,IAU_HESD,,2,0,2,2,0,2,0,0,0,0,1
433935,SimuLiu,,2,0,2,2,0,2,0,0,0,0,2
433983,luigi_morgano,,2,0,2,2,0,2,0,0,0,0,3
433993,KulikovUNIATF,,2,0,2,2,0,2,0,0,0,0,2
434021,Thomas_E_Jorgen,,2,0,2,2,0,2,0,0,0,0,1
434022,AngliaRuskin,,2,0,2,2,0,2,0,0,0,0,1
434035,GilhamJane,,2,0,2,2,0,2,0,0,0,0,1
434036,Clare_ThePIE,,2,0,2,2,0,2,0,0,0,0,1
434037,Melissa_ThePIE,,2,0,2,2,0,2,0,0,0,0,1
434038,ThePIEReview,,2,0,2,2,0,2,0,0,0,0,1
434050,bkkbudapest,,2,0,2,2,0,2,0,0,0,0,2
434051,budairport,,2,0,2,2,0,2,0,0,0,0,2
434058,Arene_ry,,2,0,2,2,0,2,0,0,0,0,1
434062,HagueUniversity,,2,0,2,2,0,2,0,0,0,0,1
434072,LeasaWeimer,,2,0,2,2,0,2,0,0,0,0,1
434088,UCLConnectedC,,2,0,2,2,0,2,0,0,0,0,1
434094,momparkbp,,2,0,2,2,0,2,0,0,0,0,2
434160,HndezDaniel,,2,0,2,2,0,2,0,0,0,0,1
434162,CofGCollege,,2,0,2,2,0,2,0,0,0,0,1
434163,Glasgow_Clyde,,2,0,2,2,0,2,0,0,0,0,1
434164,CollegesScot,,2,0,2,2,0,2,0,0,0,0,1
434221,YorkVision,,2,0,2,2,0,2,0,0,0,0,1
434222,YUSUAcademic,,2,0,2,2,0,2,0,0,0,0,1
434224,yorkunisu,,2,0,2,2,0,2,0,0,0,0,1
434230,SheffieldSU,,2,0,2,2,0,2,0,0,0,0,2
434261,VanessaHdzs,,2,0,2,2,0,2,0,0,0,0,1
434288,Flywire,,2,0,2,2,0,2,0,0,0,0,0
434308,germangranda,,2,0,2,2,0,2,0,0,0,0,0
434323,CroftEdwards,,2,0,2,2,0,2,0,0,0,0,2
434349,Universe_MP,,2,0,2,2,0,2,0,0,0,0,1
434438,CPD4T,,2,0,2,2,0,2,0,0,0,0,1
434452,Harvard_Ed_Pub,,2,0,2,2,0,2,0,0,0,0,4
434472,AlexandrosVgk,,2,0,2,2,0,2,0,0,0,0,1
434503,beckie__smith,,2,0,2,2,0,2,0,0,0,0,1
434525,dimstudi0,,2,0,2,2,0,2,0,0,0,0,1
434536,ecereda,,2,0,2,2,0,2,0,0,0,0,3
434538,ambarmstrong,,2,0,2,2,0,2,0,0,0,0,1
434548,N_Ripmeester,,2,0,2,2,0,2,0,0,0,0,1
434558,TEDActive,,2,0,2,2,0,2,0,0,0,0,2
434559,TEDGlobal,,2,0,2,2,0,2,0,0,0,0,2
434567,Inaemorienta,,2,0,2,2,0,2,0,0,0,0,6
434572,dublinbarista,,2,0,2,2,0,2,0,0,0,0,0
434573,3FE,,2,0,2,2,0,2,0,0,0,0,0
434602,ccofsc,,2,0,2,2,0,2,0,0,0,0,4
434621,PMSavola,,2,0,2,2,0,2,0,0,0,0,1
434628,impactpool,,2,0,2,2,0,2,0,0,0,0,2
434635,uni_de,,2,0,2,2,0,2,0,0,0,0,1
434654,AikPantelidou,,2,0,2,2,0,2,0,0,0,0,1
434668,MagicDesignsOrg,,2,0,2,2,0,2,0,0,0,0,0
434672,StudentsWisdom,,2,0,2,2,0,2,0,0,0,0,4
434677,TheOxfordGuild,,2,0,2,2,0,2,0,0,0,0,4
434692,Sochi2014,,2,0,2,2,0,2,0,0,0,0,0
434698,EFerrere,,2,0,2,2,0,2,0,0,0,0,1
434701,BeaMartinezLp,,2,0,2,2,0,2,0,0,0,0,3
434704,MariaSawy,,2,0,2,2,0,2,0,0,0,0,3
434708,LuisMontero96,,2,0,2,2,0,2,0,0,0,0,3
434713,viajeroscuatro,,2,0,2,2,0,2,0,0,0,0,3
434720,AlvaroSalas7,,2,0,2,2,0,2,0,0,0,0,3
434722,TsunamiSkiWear,,2,0,2,2,0,2,0,0,0,0,3
434726,ExamenesGranada,,2,0,2,2,0,2,0,0,0,0,3
434736,sephora_spain,,2,0,2,2,0,2,0,0,0,0,3
434741,eloytr22,,2,0,2,2,0,2,0,0,0,0,3
434759,Daniteimaginas,,2,0,2,2,0,2,0,0,0,0,3
434761,Tronistas__UGR,,2,0,2,2,0,2,0,0,0,0,3
434768,enriquealdaz,,2,0,2,2,0,2,0,0,0,0,3
434770,cristina_pas,,2,0,2,2,0,2,0,0,0,0,3
434771,MuyDeficiente,,2,0,2,2,0,2,0,0,0,0,3
434774,akeroamusic,,2,0,2,2,0,2,0,0,0,0,2
434781,casimusica,,2,0,2,2,0,2,0,0,0,0,3
434789,RacoonBoss,,2,0,2,2,0,2,0,0,0,0,3
434792,Vero_168,,2,0,2,2,0,2,0,0,0,0,3
434796,Medjugorje_ES,,2,0,2,2,0,2,0,0,0,0,3
434797,AnaGcriado,,2,0,2,2,0,2,0,0,0,0,0
434799,EntradasMagic,,2,0,2,2,0,2,0,0,0,0,3
434800,grupoIxcis,,2,0,2,2,0,2,0,0,0,0,0
434808,rojascivico,,2,0,2,2,0,2,0,0,0,0,3
434816,maperiago,,2,0,2,2,0,2,0,0,0,0,3
434817,miticapau,,2,0,2,2,0,2,0,0,0,0,3
434823,Tathan__,,2,0,2,2,0,2,0,0,0,0,3
434824,festyler,,2,0,2,2,0,2,0,0,0,0,3
434825,advhgranada,,2,0,2,2,0,2,0,0,0,0,3
434827,Gatogatiyo,,2,0,2,2,0,2,0,0,0,0,3
434829,esteban_lzg,,2,0,2,2,0,2,0,0,0,0,3
434836,ocioaventuragr,,2,0,2,2,0,2,0,0,0,0,3
434844,carlos_garper,,2,0,2,2,0,2,0,0,0,0,3
434852,InsCorpasRuiz,,2,0,2,2,0,2,0,0,0,0,3
434854,turistaenfadado,,2,0,2,2,0,2,0,0,0,0,3
434856,PatriciaSoDiaz,,2,0,2,2,0,2,0,0,0,0,3
434860,davidrc28,,2,0,2,2,0,2,0,0,0,0,3
434861,tiendadeanais,,2,0,2,2,0,2,0,0,0,0,3
434863,empresariospor,,2,0,2,2,0,2,0,0,0,0,3
434868,carloscamp0ss,,2,0,2,2,0,2,0,0,0,0,3
434877,CarladeLaLa,,2,0,2,2,0,2,0,0,0,0,2
434878,Retamares_Golf,,2,0,2,2,0,2,0,0,0,0,2
434906,Pierre_Danse,,2,0,2,2,0,2,0,0,0,0,2
434911,infosActus,,2,0,2,2,0,2,0,0,0,0,2
434917,negosocialcom,,2,0,2,2,0,2,0,0,0,0,2
434942,CVirtualUCM,,2,0,2,2,0,2,0,0,0,0,2
434995,ConfluxCheshire,,2,0,2,2,0,2,0,0,0,0,2
435023,jona2santos,,2,0,2,2,0,2,0,0,0,0,3
435024,LynnCinnamon,,2,0,2,2,0,2,0,0,0,0,3
435081,colombiaenfotos,,2,0,2,2,0,2,0,0,0,0,0
435082,Nouveausc,,2,0,2,2,0,2,0,0,0,0,0
435085,CPrint_Madrid,,2,0,2,2,0,2,0,0,0,0,6
435086,mercegbarrera,,2,0,2,2,0,2,0,0,0,0,0
435089,LokalD,,2,0,2,2,0,2,0,0,0,0,0
435091,kcositass,,2,0,2,2,0,2,0,0,0,0,0
435105,InfinitoMGTA,,2,0,2,2,0,2,0,0,0,0,0
435106,materialesryd,,2,0,2,2,0,2,0,0,0,0,0
435110,eventalista_,,2,0,2,2,0,2,0,0,0,0,0
435113,arcki2,,2,0,2,2,0,2,0,0,0,0,0
435119,VisanDigital,,2,0,2,2,0,2,0,0,0,0,0
435124,publi_empresas,,2,0,2,2,0,2,0,0,0,0,0
435131,escuelartvgrana,,2,0,2,2,0,2,0,0,0,0,0
435133,ZuzenZG,,2,0,2,2,0,2,0,0,0,0,0
435134,SaulhcWebmaster,,2,0,2,2,0,2,0,0,0,0,6
435143,Central_CM,,2,0,2,2,0,2,0,0,0,0,0
435147,vwpublicidad,,2,0,2,2,0,2,0,0,0,0,6
435148,justmarriedbcn,,2,0,2,2,0,2,0,0,0,0,0
435150,NespressoES,,2,0,2,2,0,2,0,0,0,0,0
435159,SteinnKapital,,2,0,2,2,0,2,0,0,0,0,0
435170,luismiguelhdz,,2,0,2,2,0,2,0,0,0,0,0
435178,revistahotel,,2,0,2,2,0,2,0,0,0,0,2
435181,oldskull,,2,0,2,2,0,2,0,0,0,0,0
435182,LaraMoreno77,,2,0,2,2,0,2,0,0,0,0,0
435189,gemmaterol,,2,0,2,2,0,2,0,0,0,0,5
435197,evacreacions,,2,0,2,2,0,2,0,0,0,0,0
435201,Dani_Tala44,,2,0,2,2,0,2,0,0,0,0,0
435206,TilliGonzalez,,2,0,2,2,0,2,0,0,0,0,6
435211,NBAHistory,,2,0,2,2,0,2,0,0,0,0,2
435219,dunkindonuts,,2,0,2,2,0,2,0,0,0,0,0
435222,noeeliaa_cm,,2,0,2,2,0,2,0,0,0,0,0
435224,Hotel7Lagunas,,2,0,2,2,0,2,0,0,0,0,0
435226,pabloprietofoto,,2,0,2,2,0,2,0,0,0,0,0
435227,dizenestudio,,2,0,2,2,0,2,0,0,0,0,0
435238,deidigital,,2,0,2,2,0,2,0,0,0,0,0
435239,IPMARK,,2,0,2,2,0,2,0,0,0,0,0
435240,HavasVillageES,,2,0,2,2,0,2,0,0,0,0,0
435241,bymariajose_com,,2,0,2,2,0,2,0,0,0,0,0
435242,MakeupGades,,2,0,2,2,0,2,0,0,0,0,0
435245,Cristobalrg,,2,0,2,2,0,2,0,0,0,0,0
435255,TopMultilevel,,2,0,2,2,0,2,0,0,0,0,0
435257,PerfectoNegocio,,2,0,2,2,0,2,0,0,0,0,0
435259,HatNonaka,,2,0,2,2,0,2,0,0,0,0,2
435261,AR_enjoy,,2,0,2,2,0,2,0,0,0,0,0
435264,OnlineChollos,,2,0,2,2,0,2,0,0,0,0,5
435276,lanoria_mlg,,2,0,2,2,0,2,0,0,0,0,1
435279,CriptoDivisaPro,,2,0,2,2,0,2,0,0,0,0,0
435280,ElAltramuz,,2,0,2,2,0,2,0,0,0,0,0
435283,John_Sevigny,,2,0,2,2,0,2,0,0,0,0,0
435286,Colbicicleta,,2,0,2,2,0,2,0,0,0,0,0
435288,HappyDaysSpain,,2,0,2,2,0,2,0,0,0,0,0
435289,TeranDouglas,,2,0,2,2,0,2,0,0,0,0,4
435291,meetsapp,,2,0,2,2,0,2,0,0,0,0,0
435292,MdeBellard,,2,0,2,2,0,2,0,0,0,0,6
435293,Myfashionvespa,,2,0,2,2,0,2,0,0,0,0,0
435294,Heroes_ComicCon,,3,0,3,3,0,3,0,0,0,0,2
435299,JN_AguiLera,,2,0,2,2,0,2,0,0,0,0,6
435304,COMATELSL,,2,0,2,2,0,2,0,0,0,0,0
435312,Descuentos_net,,2,0,2,2,0,2,0,0,0,0,6
435316,uwehook,,2,0,2,2,0,2,0,0,0,0,0
435319,pasaloydivulga,,3,0,3,3,0,3,0,0,0,0,7
435320,DiCreem,,2,0,2,2,0,2,0,0,0,0,3
435321,blogdeandy,,2,0,2,2,0,2,0,0,0,0,0
435333,paellacreativa,,2,0,2,2,0,2,0,0,0,0,0
435343,iEuskadi,,2,0,2,2,0,2,0,0,0,0,0
435345,sperez70,,2,0,2,2,0,2,0,0,0,0,0
435352,stratego_s,,2,0,2,2,0,2,0,0,0,0,0
435354,norulespain,,2,0,2,2,0,2,0,0,0,0,0
435357,suriel,,3,0,3,3,0,3,0,0,0,0,0
435360,editafacil,,2,0,2,2,0,2,0,0,0,0,0
435363,BLOOMestudio,,2,0,2,2,0,2,0,0,0,0,2
435368,DivinasModa,,2,0,2,2,0,2,0,0,0,0,0
435396,JOHNAPPLEMAN,,2,0,2,2,0,2,0,0,0,0,4
435400,LittleMorePaul,,2,0,2,2,0,2,0,0,0,0,0
435419,iRobot_ES,,2,0,2,2,0,2,0,0,0,0,6
435431,vickyrojas77,,2,0,2,2,0,2,0,0,0,0,0
435432,Maria_Esturillo,,2,0,2,2,0,2,0,0,0,0,6
435446,elchupete_com,,2,0,2,2,0,2,0,0,0,0,0
435449,MediosyMkt,,2,0,2,2,0,2,0,0,0,0,2
435450,101cientouno,,3,0,3,3,0,3,0,0,0,0,2
435451,kunfu_design,,2,0,2,2,0,2,0,0,0,0,0
435452,zonadiseno,,2,0,2,2,0,2,0,0,0,0,0
435456,Marketisimo,,2,0,2,2,0,2,0,0,0,0,0
435463,creadictos,,2,0,2,2,0,2,0,0,0,0,2
435466,romymail,,2,0,2,2,0,2,0,0,0,0,2
435467,GeeksRoom,,2,0,2,2,0,2,0,0,0,0,0
435469,iliberi,,2,0,2,2,0,2,0,0,0,0,4
435475,LaPeliculera,,2,0,2,2,0,2,0,0,0,0,6
435489,informa24hora,,2,0,2,2,0,2,0,0,0,0,6
435490,TweetsAwards,,2,0,2,2,0,2,0,0,0,0,5
435493,FranGarrido_,,2,0,2,2,0,2,0,0,0,0,6
435500,Eicosl,,2,0,2,2,0,2,0,0,0,0,0
435501,LeoBurnettCol,,2,0,2,2,0,2,0,0,0,0,2
435504,puraenvidia_com,,2,0,2,2,0,2,0,0,0,0,0
435505,Publisual,,2,0,2,2,0,2,0,0,0,0,0
435507,CalvoConBarba,,2,0,2,2,0,2,0,0,0,0,0
435516,SimuladorDVuelo,,2,0,2,2,0,2,0,0,0,0,2
435520,vinetabocadillo,,2,0,2,2,0,2,0,0,0,0,5
435524,BizarroBoyl,,2,0,2,2,0,2,0,0,0,0,0
435528,omc_sae,,2,0,2,2,0,2,0,0,0,0,6
435529,creativosinc,,2,0,2,2,0,2,0,0,0,0,5
435530,cmartingar,,2,0,2,2,0,2,0,0,0,0,0
435533,capital_revista,,2,0,2,2,0,2,0,0,0,0,0
435536,MrBrief_,,2,0,2,2,0,2,0,0,0,0,0
435537,hoyenmadridinfo,,2,0,2,2,0,2,0,0,0,0,0
435539,Dosymedio1,,2,0,2,2,0,2,0,0,0,0,0
435540,imprenta_online,,2,0,2,2,0,2,0,0,0,0,0
435549,creativosblog,,2,0,2,2,0,2,0,0,0,0,0
435550,Eldiariodiseno,,2,0,2,2,0,2,0,0,0,0,0
435552,designals,,2,0,2,2,0,2,0,0,0,0,0
435553,aDisenoMX,,2,0,2,2,0,2,0,0,0,0,0
435554,designaholicmx,,2,0,2,2,0,2,0,0,0,0,0
435556,eurisco,,2,0,2,2,0,2,0,0,0,0,0
435559,revistacodigo,,2,0,2,2,0,2,0,0,0,0,0
435565,drotdg,,2,0,2,2,0,2,0,0,0,0,0
435569,FACTHOUS,,2,0,2,2,0,2,0,0,0,0,0
435571,abe_elx,,2,0,2,2,0,2,0,0,0,0,0
435572,DPerforming,,4,0,4,4,0,4,0,0,0,0,4
435588,PedroteMkt,,2,0,2,2,0,2,0,0,0,0,0
435590,DisenoQueVende,,2,0,2,2,0,2,0,0,0,0,0
435591,SEOparaTI,,2,0,2,2,0,2,0,0,0,0,0
435597,MasquespacioINT,,2,0,2,2,0,2,0,0,0,0,0
435601,iBarbarellah,,2,0,2,2,0,2,0,0,0,0,0
435602,SaraVillegasS,,2,0,2,2,0,2,0,0,0,0,0
435607,mistergreendog,,2,0,2,2,0,2,0,0,0,0,4
435609,Helen_0467,,2,0,2,2,0,2,0,0,0,0,0
435617,beoncomunicacio,,2,0,2,2,0,2,0,0,0,0,0
435630,MarujaLimon_,,2,0,2,2,0,2,0,0,0,0,6
435633,agencia_visual,,2,0,2,2,0,2,0,0,0,0,0
435634,masclicks,,2,0,2,2,0,2,0,0,0,0,2
435638,Gestazion,,2,0,2,2,0,2,0,0,0,0,0
435640,On_GKat,,2,0,2,2,0,2,0,0,0,0,0
435643,estelisoto,,2,0,2,2,0,2,0,0,0,0,0
435652,LlorenteyCuenca,,2,0,2,2,0,2,0,0,0,0,0
435654,equiposopa,,2,0,2,2,0,2,0,0,0,0,0
435678,XD_brands,,2,0,2,2,0,2,0,0,0,0,0
435681,Firefishmx,,2,0,2,2,0,2,0,0,0,0,0
435686,oinotnarotnip,,2,0,2,2,0,2,0,0,0,0,0
435690,soyefesuarez,,2,0,2,2,0,2,0,0,0,0,0
435702,eraseuncollage,,2,0,2,2,0,2,0,0,0,0,5
435708,SelfPrinting,,2,0,2,2,0,2,0,0,0,0,0
435709,CamaraNikon,,2,0,2,2,0,2,0,0,0,0,0
435726,Enlace_Integral,,2,0,2,2,0,2,0,0,0,0,2
435728,menufamiliar,,2,0,2,2,0,2,0,0,0,0,0
435747,apraia_es,,2,0,2,2,0,2,0,0,0,0,0
435755,laindemacias,,2,0,2,2,0,2,0,0,0,0,0
435762,pixeloats,,2,0,2,2,0,2,0,0,0,0,0
435764,LasTejeyManeje,,2,0,2,2,0,2,0,0,0,0,0
435765,RevistaNeo,,2,0,2,2,0,2,0,0,0,0,0
435767,CuicuiStudios,,2,0,2,2,0,2,0,0,0,0,6
435777,creatividadabor,,2,0,2,2,0,2,0,0,0,0,5
435779,xavicalvo,,2,0,2,2,0,2,0,0,0,0,0
435796,carlostorresug,,2,0,2,2,0,2,0,0,0,0,6
435814,cuponomico,,2,0,2,2,0,2,0,0,0,0,6
435815,andresvegas,,2,0,2,2,0,2,0,0,0,0,0
435820,dosensocial,,2,0,2,2,0,2,0,0,0,0,0
435821,publicidaducm,,2,0,2,2,0,2,0,0,0,0,0
435831,carlosjimeno,,2,0,2,2,0,2,0,0,0,0,2
435833,ThatChrisGore,,2,0,2,2,0,2,0,0,0,0,2
435837,DealSpain,,2,0,2,2,0,2,0,0,0,0,0
435855,contentyemotion,,2,0,2,2,0,2,0,0,0,0,0
435856,Anckla,,2,0,2,2,0,2,0,0,0,0,0
435859,Premios_Ondas,,2,0,2,2,0,2,0,0,0,0,1
435875,antonio_conde_,,2,0,2,2,0,2,0,0,0,0,0
435876,WYLIGranada,,2,0,2,2,0,2,0,0,0,0,5
435877,RedesSocialesES,,2,0,2,2,0,2,0,0,0,0,0
435879,PolFernandz,,2,0,2,2,0,2,0,0,0,0,0
435892,serdieguez,,2,0,2,2,0,2,0,0,0,0,4
435896,FSerEmprendedor,,2,0,2,2,0,2,0,0,0,0,0
435899,FlyingTigerEs,,2,0,2,2,0,2,0,0,0,0,5
435900,danieldandreu,,2,0,2,2,0,2,0,0,0,0,0
435910,mmar_publipixel,,2,0,2,2,0,2,0,0,0,0,0
435914,janette,,2,0,2,2,0,2,0,0,0,0,2
435963,iberisty,,2,0,2,2,0,2,0,0,0,0,0
435966,TriniLRu,,2,0,2,2,0,2,0,0,0,0,0
435967,Sabrosia,,2,0,2,2,0,2,0,0,0,0,0
435968,chary_serrano,,2,0,2,2,0,2,0,0,0,0,0
435983,AlexKarrDJ,,2,0,2,2,0,2,0,0,0,0,0
435984,Dj_Nev,,2,0,2,2,0,2,0,0,0,0,0
435998,LokadeGrana,,2,0,2,2,0,2,0,0,0,0,0
435999,ComparsadeGrana,,2,0,2,2,0,2,0,0,0,0,0
436001,CasaresdeGrana,,2,0,2,2,0,2,0,0,0,0,0
436010,Touche_Mkt,,2,0,2,2,0,2,0,0,0,0,2
436011,PelicanRougeES,,2,0,2,2,0,2,0,0,0,0,0
436022,conelchef,,2,0,2,2,0,2,0,0,0,0,0
436024,ChariOjedaBachi,,2,0,2,2,0,2,0,0,0,0,6
436025,BarRestaurante2,,2,0,2,2,0,2,0,0,0,0,0
436038,FabricadeJabon,,2,0,2,2,0,2,0,0,0,0,0
436053,RstLaCabra,,2,0,2,2,0,2,0,0,0,0,0
436059,FranKikePineiro,,2,0,2,2,0,2,0,0,0,0,0
436065,LaurelyMenta,,2,0,2,2,0,2,0,0,0,0,0
436080,refranesalplato,,2,0,2,2,0,2,0,0,0,0,0
436083,saboresdcolores,,2,0,2,2,0,2,0,0,0,0,0
436096,RafaSorez,,2,0,2,2,0,2,0,0,0,0,0
436101,aovecarrasqueno,,2,0,2,2,0,2,0,0,0,0,0
436109,EncarniQuesadag,,2,0,2,2,0,2,0,0,0,0,0
436110,blasortega,,2,0,2,2,0,2,0,0,0,0,0
436111,chefArrabal,,2,0,2,2,0,2,0,0,0,0,0
436113,Bego_Rodrigo_,,2,0,2,2,0,2,0,0,0,0,0
436114,LaTasqueria,,2,0,2,2,0,2,0,0,0,0,0
436115,A3topchef,,2,0,2,2,0,2,0,0,0,0,0
436117,BarbaraTopChef,,2,0,2,2,0,2,0,0,0,0,0
436118,HungFaiTopChef,,2,0,2,2,0,2,0,0,0,0,0
436119,mestenobar,,2,0,2,2,0,2,0,0,0,0,0
436120,ElisabeTopChef,,2,0,2,2,0,2,0,0,0,0,0
436121,BorjaTopChef,,2,0,2,2,0,2,0,0,0,0,0
436122,VicenteTopChef,,2,0,2,2,0,2,0,0,0,0,0
436123,IvanTopChef,,2,0,2,2,0,2,0,0,0,0,0
436124,ErikaTopChef,,2,0,2,2,0,2,0,0,0,0,0
436126,ChefCocineroEdu,,2,0,2,2,0,2,0,0,0,0,0
436130,lasrecetasdemj,,2,0,2,2,0,2,0,0,0,0,0
436131,cheffitness,,2,0,2,2,0,2,0,0,0,0,0
436144,Efeagro,,2,0,2,2,0,2,0,0,0,0,0
436145,yanetacosta,,2,0,2,2,0,2,0,0,0,0,0
436157,BebidaYTapa,,2,0,2,2,0,2,0,0,0,0,0
436161,eltenedor,,2,0,2,2,0,2,0,0,0,0,0
436162,SanwichitaM_off,,2,0,2,2,0,2,0,0,0,0,0
436163,InmikiLopez74,,2,0,2,2,0,2,0,0,0,0,0
436166,origenonline,,2,0,2,2,0,2,0,0,0,0,0
436176,CelebrityChefs1,,2,0,2,2,0,2,0,0,0,0,0
436178,Sara45636634,,2,0,2,2,0,2,0,0,0,0,0
436188,Suprachef,,2,0,2,2,0,2,0,0,0,0,0
436190,franbarroso1,,2,0,2,2,0,2,0,0,0,0,0
436202,lacocinadiverti,,2,0,2,2,0,2,0,0,0,0,0
436205,demipuebloES,,2,0,2,2,0,2,0,0,0,0,0
436218,todosacomer,,2,0,2,2,0,2,0,0,0,0,0
436219,sabores_com,,2,0,2,2,0,2,0,0,0,0,4
436242,saberculinario,,2,0,2,2,0,2,0,0,0,0,0
436250,Safradebri,,2,0,2,2,0,2,0,0,0,0,0
436253,loladealmeria,,2,0,2,2,0,2,0,0,0,0,0
436256,elpaeller,,2,0,2,2,0,2,0,0,0,0,0
436257,wikipaella,,2,0,2,2,0,2,0,0,0,0,0
436259,MariaDuero,,2,0,2,2,0,2,0,0,0,0,4
436265,HoyTapeo,,2,0,2,2,0,2,0,0,0,0,0
436280,anaescobarayc,,2,0,2,2,0,2,0,0,0,0,0
436284,Reyno_Gourmet,,2,0,2,2,0,2,0,0,0,0,0
436287,EliteGourmet,,2,0,2,2,0,2,0,0,0,0,0
436296,_JesusSanchez,,2,0,2,2,0,2,0,0,0,0,0
436297,elquillobike,,2,0,2,2,0,2,0,0,0,0,0
436298,like_eat,,2,0,2,2,0,2,0,0,0,0,0
436301,SergioBastard,,2,0,2,2,0,2,0,0,0,0,0
436311,comersinmiedo,,2,0,2,2,0,2,0,0,0,0,0
436313,CoCiNaHappy,,2,0,2,2,0,2,0,0,0,0,0
436314,mediahpc,,2,0,2,2,0,2,0,0,0,0,0
436316,AuladeCocina,,2,0,2,2,0,2,0,0,0,0,0
436322,sergiochefwear,,2,0,2,2,0,2,0,0,0,0,0
436323,MaesHoney_Miel,,2,0,2,2,0,2,0,0,0,0,0
436325,dondelocomproES,,2,0,2,2,0,2,0,0,0,0,0
436330,huertogourmet,,2,0,2,2,0,2,0,0,0,0,0
436335,saorts,,2,0,2,2,0,2,0,0,0,0,0
436337,elamasadero,,2,0,2,2,0,2,0,0,0,0,0
436338,Cocinapiquito,,2,0,2,2,0,2,0,0,0,0,0
436341,elcocinerofiel,,2,0,2,2,0,2,0,0,0,0,0
436348,tvcocina,,2,0,2,2,0,2,0,0,0,0,0
436354,ManuCatMan,,2,0,2,2,0,2,0,0,0,0,0
436355,Gastro_Paradis,,2,0,2,2,0,2,0,0,0,0,0
436358,Adriacatedra,,2,0,2,2,0,2,0,0,0,0,4
436361,Aromatizategr,,2,0,2,2,0,2,0,0,0,0,0
436365,PatrixDQV,,2,0,2,2,0,2,0,0,0,0,6
436366,nomadabrew,,2,0,2,2,0,2,0,0,0,0,0
436368,QueCocinarInfo,,2,0,2,2,0,2,0,0,0,0,0
436371,Anitacocinitas,,2,0,2,2,0,2,0,0,0,0,7
436375,Gastromaniac,,2,0,2,2,0,2,0,0,0,0,0
436381,de_recetas,,2,0,2,2,0,2,0,0,0,0,0
436386,Montagud1906,,2,0,2,2,0,2,0,0,0,0,0
436387,logropincho,,2,0,2,2,0,2,0,0,0,0,0
436398,AmadoCharra,,2,0,2,2,0,2,0,0,0,0,0
436403,cocinasinmiedo,,2,0,2,2,0,2,0,0,0,0,0
436405,lacocinadesilbi,,2,0,2,2,0,2,0,0,0,0,0
436425,RecetasRT,,2,0,2,2,0,2,0,0,0,0,0
436436,BeaRecetasymas,,2,0,2,2,0,2,0,0,0,0,0
436440,SONbrewingco,,2,0,2,2,0,2,0,0,0,0,0
436450,caroluscocina,,2,0,2,2,0,2,0,0,0,0,0
436461,complicidadgast,,2,0,2,2,0,2,0,0,0,0,6
436484,LuisGutierrezSD,,2,0,2,2,0,2,0,0,0,0,0
436486,MisterEspeto,,2,0,2,2,0,2,0,0,0,0,0
436488,gastronomiayuna,,2,0,2,2,0,2,0,0,0,0,0
436496,degustalo,,2,0,2,2,0,2,0,0,0,0,0
436497,JamonIbericoCE,,2,0,2,2,0,2,0,0,0,0,0
436498,Pacomoraleschef,,2,0,2,2,0,2,0,0,0,0,0
436503,rafaprades,,2,0,2,2,0,2,0,0,0,0,0
436504,pepacooks,,2,0,2,2,0,2,0,0,0,0,0
436511,LeChefAntoine,,2,0,2,2,0,2,0,0,0,0,0
436517,fCocina,,2,0,2,2,0,2,0,0,0,0,0
436519,PickingMalaga,,2,0,2,2,0,2,0,0,0,0,0
436533,cocinitajuguete,,2,0,2,2,0,2,0,0,0,0,0
436541,dovaldepenas,,2,0,2,2,0,2,0,0,0,0,0
436555,numavera,,2,0,2,2,0,2,0,0,0,0,0
436557,Frabisa,,2,0,2,2,0,2,0,0,0,0,0
436574,JaviRecetas,,2,0,2,2,0,2,0,0,0,0,0
436577,LCBROS,,2,0,2,2,0,2,0,0,0,0,0
436583,FresasConChoco,,2,0,2,2,0,2,0,0,0,0,0
436585,lacocinadegibe,,2,0,2,2,0,2,0,0,0,0,0
436589,cocinayrtes,,2,0,2,2,0,2,0,0,0,0,0
436592,HerpacBarbate,,2,0,2,2,0,2,0,0,0,0,0
436597,RecetasHuga,,2,0,2,2,0,2,0,0,0,0,0
436614,hispalco_es,,2,0,2,2,0,2,0,0,0,0,0
436622,ClubRoyalOnline,,2,0,2,2,0,2,0,0,0,0,0
436624,SpainIngredient,,2,0,2,2,0,2,0,0,0,0,4
436630,boletin_agrario,,2,0,2,2,0,2,0,0,0,0,0
436634,Restaurantes_es,,2,0,2,2,0,2,0,0,0,0,6
436643,blogdevinis,,2,0,2,2,0,2,0,0,0,0,6
436652,vinetur,,2,0,2,2,0,2,0,0,0,0,0
436655,BodegasLan,,2,0,2,2,0,2,0,0,0,0,0
436656,BodegasLC,,2,0,2,2,0,2,0,0,0,0,0
436658,Valtravieso_VT,,2,0,2,2,0,2,0,0,0,0,0
436683,LaTapeMadrid,,2,0,2,2,0,2,0,0,0,0,0
436702,CervezaLaVirgen,,2,0,2,2,0,2,0,0,0,0,0
436721,LaBIRRAtorium,,2,0,2,2,0,2,0,0,0,0,6
436737,diariodelvino,,2,0,2,2,0,2,0,0,0,0,6
436747,catichulita,,2,0,2,2,0,2,0,0,0,0,0
436752,AlejandroVesga,,2,0,2,2,0,2,0,0,0,0,0
436757,Recetasarg,,2,0,2,2,0,2,0,0,0,0,0
436768,BeerMe_Spain,,2,0,2,2,0,2,0,0,0,0,6
436775,DirectoalaMesa,,2,0,2,2,0,2,0,0,0,0,0
436776,wikitapas,,2,0,2,2,0,2,0,0,0,0,0
436782,MQCocinera,,2,0,2,2,0,2,0,0,0,0,0
436798,Para_EstarOK,,2,0,2,2,0,2,0,0,0,0,0
436807,pepekitchen,,2,0,2,2,0,2,0,0,0,0,0
436809,menured,,2,0,2,2,0,2,0,0,0,0,0
436813,IndSupplies1979,,2,0,2,2,0,2,0,0,0,0,0
436814,susanahuertas1,,2,0,2,2,0,2,0,0,0,0,0
436832,Comparterecetas,,2,0,2,2,0,2,0,0,0,0,0
436835,vtesalmoral,,2,0,2,2,0,2,0,0,0,0,0
436838,damitoformacion,,2,0,2,2,0,2,0,0,0,0,0
436842,hot_app,,2,0,2,2,0,2,0,0,0,0,0
436848,lacocinadejuani,,2,0,2,2,0,2,0,0,0,0,0
436849,CocinaSinCarne,,2,0,2,2,0,2,0,0,0,0,0
436850,MiquelSen,,2,0,2,2,0,2,0,0,0,0,0
436852,chefbop,,2,0,2,2,0,2,0,0,0,0,0
436854,arhammarrero,,2,0,2,2,0,2,0,0,0,0,0
436856,cocinacaseraes,,2,0,2,2,0,2,0,0,0,0,0
436857,GranjaGourmet,,2,0,2,2,0,2,0,0,0,0,0
436858,carmelo_cocina,,2,0,2,2,0,2,0,0,0,0,0
436861,webosfritos,,2,0,2,2,0,2,0,0,0,0,0
436862,lamieleria,,2,0,2,2,0,2,0,0,0,0,0
436863,tapasdospunto0,,2,0,2,2,0,2,0,0,0,0,0
436864,tererecetas,,2,0,2,2,0,2,0,0,0,0,0
436865,Bea_Mandarinas,,2,0,2,2,0,2,0,0,0,0,0
436869,pimentonelangel,,2,0,2,2,0,2,0,0,0,0,0
436870,A_mesapuesta,,2,0,2,2,0,2,0,0,0,0,0
436880,tengolareceta,,2,0,2,2,0,2,0,0,0,0,5
436883,Fnrnavas,,2,0,2,2,0,2,0,0,0,0,0
436884,Santiago_Hernan,,2,0,2,2,0,2,0,0,0,0,0
436886,PrincipiCocina,,2,0,2,2,0,2,0,0,0,0,0
437045,Ida_Leone,,2,0,2,2,0,2,0,0,0,0,1
437081,incubateur,,2,0,2,2,0,2,0,0,0,0,7
437116,PurgadorPopular,,2,0,2,2,0,2,0,0,0,0,1
437117,trabajoalemania,,2,0,2,2,0,2,0,0,0,0,1
437123,Tr_Francia,,2,0,2,2,0,2,0,0,0,0,4
437124,esjobs_es,,2,0,2,2,0,2,0,0,0,0,4
437131,culture360_asef,,2,0,2,2,0,2,0,0,0,0,1
437137,incredi_bol,,2,0,2,2,0,2,0,0,0,0,1
437138,Connect_NGO,,2,0,2,2,0,2,0,0,0,0,1
437153,LaboralCdlC,,2,0,2,2,0,2,0,0,0,0,4
437154,Culturagijon,,2,0,2,2,0,2,0,0,0,0,4
437160,RomaLavoro,,2,0,2,2,0,2,0,0,0,0,3
437189,filomenaamaral,,2,0,2,2,0,2,0,0,0,0,1
437190,italianangels,,2,0,2,2,0,2,0,0,0,0,1
437229,AdrijanaHusic,,2,0,2,2,0,2,0,0,0,0,7
437306,RightAngleUK,,2,0,2,2,0,2,0,0,0,0,1
437365,festiarteficial,,2,0,2,2,0,2,0,0,0,0,1
437372,LouthLibraries,,2,0,2,2,0,2,0,0,0,0,1
437383,astridmats,,2,0,2,2,0,2,0,0,0,0,1
437400,ge_hackerin,,2,0,2,2,0,2,0,0,0,0,1
437446,KnowandCan,,2,0,2,2,0,2,0,0,0,0,1
437459,envertufaner,,2,0,2,2,0,2,0,0,0,0,1
437494,materahub,,2,0,2,2,0,2,0,0,0,0,1
437500,euparlelect14,,2,0,2,2,0,2,0,0,0,0,1
437509,ASAsrl1986,,2,0,2,2,0,2,0,0,0,0,1
437510,UfficioEuropaTR,,2,0,2,2,0,2,0,0,0,0,1
437511,euprojectsdesk,,2,0,2,2,0,2,0,0,0,0,1
437512,youthexchanges,,2,0,2,2,0,2,0,0,0,0,1
437513,GeneracionEU86,,2,0,2,2,0,2,0,0,0,0,1
437527,FedeDePasquale,,2,0,2,2,0,2,0,0,0,0,1
437529,rgm_magi,,2,0,2,2,0,2,0,0,0,0,1
437530,youthnetworks,,2,0,2,2,0,2,0,0,0,0,1
437531,RainerSalosensa,,2,0,2,2,0,2,0,0,0,0,1
437535,ResearchInUse,,2,0,2,2,0,2,0,0,0,0,1
437537,michelefranzese,,2,0,2,2,0,2,0,0,0,0,1
437538,eurodesk_es004,,2,0,2,2,0,2,0,0,0,0,1
437539,mardineurodesk,,2,0,2,2,0,2,0,0,0,0,1
437540,MARINA_SCOZZI,,2,0,2,2,0,2,0,0,0,0,1
437541,Nichelino_Europ,,2,0,2,2,0,2,0,0,0,0,1
437544,EUwatch,,2,0,2,2,0,2,0,0,0,0,1
437546,ALDEADLE,,2,0,2,2,0,2,0,0,0,0,1
437557,AVEliving,,2,0,2,2,0,2,0,0,0,0,4
437562,ljmonade,,2,0,2,2,0,2,0,0,0,0,4
437565,SpotCoolStuff,,2,0,2,2,0,2,0,0,0,0,4
437567,lamonomagazine,,2,0,2,2,0,2,0,0,0,0,4
437571,msparaiso,,2,0,2,2,0,2,0,0,0,0,4
437572,ECrazySalamanca,,2,0,2,2,0,2,0,0,0,0,4
437573,ViajetecaSPIO,,2,0,2,2,0,2,0,0,0,0,4
437575,NU2012tiquets,,2,0,2,2,0,2,0,0,0,0,4
437604,Andrea_Mcflurry,,2,0,2,2,0,2,0,0,0,0,2
437611,alvaroperaltah,,2,0,2,2,0,2,0,0,0,0,2
437613,eneriblue1,,2,0,2,2,0,2,0,0,0,0,2
437614,Cinthus_P,,2,0,2,2,0,2,0,0,0,0,5
437616,Mamenciita,,2,0,2,2,0,2,0,0,0,0,2
437628,ManoloPineda1,,2,0,2,2,0,2,0,0,0,0,6
437629,eml_tw,,2,0,2,2,0,2,0,0,0,0,2
437646,celes_sr,,2,0,2,2,0,2,0,0,0,0,2
437663,Disco_bare,,2,0,2,2,0,2,0,0,0,0,2
437665,migue944,,2,0,2,2,0,2,0,0,0,0,2
437692,Petwin17,,2,0,2,2,0,2,0,0,0,0,2
437695,antequera93,,2,0,2,2,0,2,0,0,0,0,6
437700,Dulsesiya,,2,0,2,2,0,2,0,0,0,0,2
437705,martiaj19,,2,0,2,2,0,2,0,0,0,0,6
437707,juanma260894,,2,0,2,2,0,2,0,0,0,0,2
437740,meelany20,,2,0,2,2,0,2,0,0,0,0,2
437743,alexanderwow,,2,0,2,2,0,2,0,0,0,0,2
437748,SchillerMadrid,,2,0,2,2,0,2,0,0,0,0,4
437750,EscuelaFEF,,2,0,2,2,0,2,0,0,0,0,4
437761,mercadodedisen,,2,0,2,2,0,2,0,0,0,0,4
437763,CarlosVelasco_w,,2,0,2,2,0,2,0,0,0,0,4
437764,EmTechLATAM,,2,0,2,2,0,2,0,0,0,0,4
437765,techreview_es,,2,0,2,2,0,2,0,0,0,0,4
437767,tovaltoval,,2,0,2,2,0,2,0,0,0,0,4
437786,Clubkviar,,2,0,2,2,0,2,0,0,0,0,4
437787,KviarCity,,2,0,2,2,0,2,0,0,0,0,4
437788,gonzalovalverde,,2,0,2,2,0,2,0,0,0,0,4
437789,RevistaSPGO,,2,0,2,2,0,2,0,0,0,0,4
437796,Master_ElMundo,,2,0,2,2,0,2,0,0,0,0,4
437801,axpeconsulting,,2,0,2,2,0,2,0,0,0,0,4
437803,012CMadrid,,2,0,2,2,0,2,0,0,0,0,4
437815,Adradoslover,,2,0,2,2,0,2,0,0,0,0,4
437816,avalmadrid,,2,0,2,2,0,2,0,0,0,0,4
437817,aboutMadrid,,2,0,2,2,0,2,0,0,0,0,1
437822,colladovillalba,,2,0,2,2,0,2,0,0,0,0,4
437834,ehotelier,,2,0,2,2,0,2,0,0,0,0,4
437835,RACAJordan,,2,0,2,2,0,2,0,0,0,0,4
437839,UFMAoficial,,2,0,2,2,0,2,0,0,0,0,4
437849,BienestarUC,,2,0,2,2,0,2,0,0,0,0,4
437850,everisUnivers,,2,0,2,2,0,2,0,0,0,0,4
437853,uasbecuador,,2,0,2,2,0,2,0,0,0,0,4
437855,COIEUNED,,2,0,2,2,0,2,0,0,0,0,4
437865,Warcraft_ES,,2,0,2,2,0,2,0,0,0,0,2
437867,LenovoES,,2,0,2,2,0,2,0,0,0,0,6
437877,myrural,,2,0,2,2,0,2,0,0,0,0,6
437899,MEIZU_Espana,,2,0,2,2,0,2,0,0,0,0,6
437900,VAYAVA_ES,,2,0,2,2,0,2,0,0,0,0,5
437914,EsKinguin,,2,0,2,2,0,2,0,0,0,0,6
437920,Beeliic,,2,0,2,2,0,2,0,0,0,0,6
437923,selltag,,2,0,2,2,0,2,0,0,0,0,0
437941,RopaChicas_Shop,,2,0,2,2,0,2,0,0,0,0,4
437943,Tech_LolaMarket,,2,0,2,2,0,2,0,0,0,0,6
437945,perpetuall_,,2,0,2,2,0,2,0,0,0,0,6
437952,WolfnoirSun,,2,0,2,2,0,2,0,0,0,0,6
437955,ForoStation,,2,0,2,2,0,2,0,0,0,0,5
437958,Zonadostrescom,,3,0,3,3,0,3,0,0,0,0,6
437967,AllMusicSpain,,2,0,2,2,0,2,0,0,0,0,6
437971,Ever10Banega,,2,0,2,2,0,2,0,0,0,0,6
437972,BiblioTeta,,2,0,2,2,0,2,0,0,0,0,5
437977,Josemicod5,,2,0,2,2,0,2,0,0,0,0,6
437990,Borjavdj,,2,0,2,2,0,2,0,0,0,0,6
437994,rociotallon,,2,0,2,2,0,2,0,0,0,0,6
438001,GuiltyBit,,2,0,2,2,0,2,0,0,0,0,6
438012,SonCochazos,,2,0,2,2,0,2,0,0,0,0,6
438013,Sp_RealMadridCF,,2,0,2,2,0,2,0,0,0,0,6
438017,juliacv13,,2,0,2,2,0,2,0,0,0,0,6
438021,CDAColomera,,2,0,2,2,0,2,0,0,0,0,6
438023,Sp_EPL,,2,0,2,2,0,2,0,0,0,0,6
438025,Sp_LaLiga,,2,0,2,2,0,2,0,0,0,0,5
438030,SoloLeggins,,2,0,2,2,0,2,0,0,0,0,6
438033,lauraarequena,,2,0,2,2,0,2,0,0,0,0,4
438036,NahirRandazzo1,,2,0,2,2,0,2,0,0,0,0,6
438037,CorinaRandazzo,,2,0,2,2,0,2,0,0,0,0,6
438044,CallofDuty,,2,0,2,2,0,2,0,0,0,0,6
438049,follamostodoss,,2,0,2,2,0,2,0,0,0,0,6
438053,El_Rey_Charly,,2,0,2,2,0,2,0,0,0,0,5
438054,JeffRubio_65,,2,0,2,2,0,2,0,0,0,0,6
438058,ManoloCasares4,,2,0,2,2,0,2,0,0,0,0,6
438063,GoImagenes,,2,0,2,2,0,2,0,0,0,0,6
438064,VivaLaFiesta5,,2,0,2,2,0,2,0,0,0,0,6
438065,cpmilenio,,2,0,2,2,0,2,0,0,0,0,6
438070,angelrh7,,2,0,2,2,0,2,0,0,0,0,6
438083,rafaubago,,2,0,2,2,0,2,0,0,0,0,6
438093,IVANNIETOMAD,,2,0,2,2,0,2,0,0,0,0,6
438095,RapSoloOficial,,2,0,2,2,0,2,0,0,0,0,6
438097,ChakalCrewCrow,,2,0,2,2,0,2,0,0,0,0,6
438100,trafiktraff,,2,0,2,2,0,2,0,0,0,0,6
438104,crewcuervos,,2,0,2,2,0,2,0,0,0,0,6
438109,XboxMexico,,2,0,2,2,0,2,0,0,0,0,4
438112,sergio_torres18,,2,0,2,2,0,2,0,0,0,0,6
438113,adri_legaza,,2,0,2,2,0,2,0,0,0,0,6
438115,MariMadrid29,,2,0,2,2,0,2,0,0,0,0,6
438162,Claudiiia96,,2,0,2,2,0,2,0,0,0,0,6
438168,Patriii96,,2,0,2,2,0,2,0,0,0,0,6
438171,carloscalicasas,,2,0,2,2,0,2,0,0,0,0,6
438200,Futbolscouting,,2,0,2,2,0,2,0,0,0,0,3
438212,90sfootball,,2,0,2,2,0,2,0,0,0,0,3
438213,AsajaNacional,,2,0,2,2,0,2,0,0,0,0,3
438225,FDAenEspanol,,2,0,2,2,0,2,0,0,0,0,3
438226,CDCespanol,,2,0,2,2,0,2,0,0,0,0,3
438227,MedlinePlusEsp,,2,0,2,2,0,2,0,0,0,0,0
438228,AcademySCoach,,2,0,2,2,0,2,0,0,0,0,2
438232,fulbo_fulbo,,2,0,2,2,0,2,0,0,0,0,3
438234,CoachesVoice_es,,2,0,2,2,0,2,0,0,0,0,3
438237,FoEint_es,,2,0,2,2,0,2,0,0,0,0,4
438250,CSD_AEIP,,2,0,2,2,0,2,0,0,0,0,3
438251,EFEdeportes,,2,0,2,2,0,2,0,0,0,0,3
438261,PostcronEs,,2,0,2,2,0,2,0,0,0,0,3
438262,bricomaniatv,,2,0,2,2,0,2,0,0,0,0,0
438263,decogardentv,,2,0,2,2,0,2,0,0,0,0,0
438267,SEFAC_aldia,,2,0,2,2,0,2,0,0,0,0,5
438271,ChicRevista,,2,0,2,2,0,2,0,0,0,0,3
438272,LoDeCultura,,2,0,2,2,0,2,0,0,0,0,6
438283,MascotaPlanet,,2,0,2,2,0,2,0,0,0,0,4
438284,tiendanimal,,2,0,2,2,0,2,0,0,0,0,6
438294,ENAIRE,,2,0,2,2,0,2,0,0,0,0,0
438319,besoccer_ES,,2,0,2,2,0,2,0,0,0,0,0
438334,MeetupES,,2,0,2,2,0,2,0,0,0,0,3
438337,eBayESP,,2,0,2,2,0,2,0,0,0,0,3
438347,edit_agricola,,2,0,2,2,0,2,0,0,0,0,3
438348,CoopsAgroES,,2,0,2,2,0,2,0,0,0,0,3
438349,mganadero,,2,0,2,2,0,2,0,0,0,0,0
438350,ideagro,,2,0,2,2,0,2,0,0,0,0,3
438351,agrnegocios,,2,0,2,2,0,2,0,0,0,0,3
438352,VRural,,2,0,2,2,0,2,0,0,0,0,0
438353,infoagrocom,,2,0,2,2,0,2,0,0,0,0,3
438354,ProLigaFutbol,,2,0,2,2,0,2,0,0,0,0,0
438393,genial_guru,,2,0,2,2,0,2,0,0,0,0,3
438410,BMCiudadDMalaga,,2,0,2,2,0,2,0,0,0,0,0
438416,montypython,,2,0,2,2,0,2,0,0,0,0,2
438423,germanistikblog,,2,0,2,2,0,2,0,0,0,0,1
438424,Alemanista,,2,0,2,2,0,2,0,0,0,0,1
438425,cronicgermanic,,2,0,2,2,0,2,0,0,0,0,1
438427,CBHeidelberg,,2,0,2,2,0,2,0,0,0,0,6
438432,Pequeocio,,2,0,2,2,0,2,0,0,0,0,4
438473,wine_australia,,2,0,2,2,0,2,0,0,0,0,7
438480,fccjj_ulpgc,,2,0,2,2,0,2,0,0,0,0,3
438494,CashConvertersE,,2,0,2,2,0,2,0,0,0,0,6
438513,HondaESauto,,2,0,2,2,0,2,0,0,0,0,5
438514,JaguarSpain,,2,0,2,2,0,2,0,0,0,0,0
438515,LandRover_es,,2,0,2,2,0,2,0,0,0,0,2
438516,MazdaEspana,,2,0,2,2,0,2,0,0,0,0,5
438517,Lancia_es,,2,0,2,2,0,2,0,0,0,0,3
438518,PackFutbol,,2,0,2,2,0,2,0,0,0,0,0
438536,EuropeByRail,,2,0,2,2,0,2,0,0,0,0,3
438540,INTERPOL_Cyber,,2,0,2,2,0,2,0,0,0,0,3
438544,proverbia,,2,0,2,2,0,2,0,0,0,0,3
438556,gastroranking,,2,0,2,2,0,2,0,0,0,0,0
438560,BecasFaortega,,2,0,2,2,0,2,0,0,0,0,4
438563,LaLigaSportsTV,,2,0,2,2,0,2,0,0,0,0,3
438567,Plus500,,2,0,2,2,0,2,0,0,0,0,1
438588,UBAPsicologia,,2,0,2,2,0,2,0,0,0,0,4
438603,PIRATASBASKET,,2,0,2,2,0,2,0,0,0,0,0
438608,ManchesterSU,,2,0,2,2,0,2,0,0,0,0,1
438684,Alquilotucasa,,2,0,2,2,0,2,0,0,0,0,3
438687,classicshirts,,2,0,2,2,0,2,0,0,0,0,3
438688,EleteTSC,,2,0,2,2,0,2,0,0,0,0,3
438689,webconsultas,,2,0,2,2,0,2,0,0,0,0,3
438710,FLLCanarias,,2,0,2,2,0,2,0,0,0,0,4
438718,FeDUArgentina,,2,0,2,2,0,2,0,0,0,0,2
438726,revistalibero,,2,0,2,2,0,2,0,0,0,0,3
438731,filarmonimalaga,,2,0,2,2,0,2,0,0,0,0,3
438733,BeachSoccer_WW,,2,0,2,2,0,2,0,0,0,0,2
438742,20mTierraviva,,2,0,2,2,0,2,0,0,0,0,4
438746,openbank_es,,2,0,2,2,0,2,0,0,0,0,6
438747,IberdrolaDHF,,2,0,2,2,0,2,0,0,0,0,0
438751,laspalmas,,2,0,2,2,0,2,0,0,0,0,4
438760,FPVoleibol,,2,0,2,2,0,2,0,0,0,0,2
438835,BMMalagaCosta,,2,0,2,2,0,2,0,0,0,0,0
438868,rosergoula,,2,0,2,2,0,2,0,0,0,0,4
438886,GIGANTESVintage,,2,0,2,2,0,2,0,0,0,0,0
438889,ECFIescuela,,2,0,2,2,0,2,0,0,0,0,3
438898,CERESfnmt,,2,0,2,2,0,2,0,0,0,0,2
438927,MelonerasGolf,,2,0,2,2,0,2,0,0,0,0,0
438951,LineasArmas,,2,0,2,2,0,2,0,0,0,0,3
438952,FOexpress,,2,0,2,2,0,2,0,0,0,0,4
439011,CAVESVILARNAU,,2,0,2,2,0,2,0,0,0,0,0
439031,grada360,,2,0,2,2,0,2,0,0,0,0,6
439035,IHMilan,,2,0,2,2,0,2,0,0,0,0,1
439040,Fiebre_Maldini,,2,0,2,2,0,2,0,0,0,0,3
439043,FindLawLP,,2,0,2,2,0,2,0,0,0,0,0
439065,inglesgratis,,2,0,2,2,0,2,0,0,0,0,3
439081,Muchos_Planes,,2,0,2,2,0,2,0,0,0,0,4
439085,_Canarias,,2,0,2,2,0,2,0,0,0,0,3
439087,dsmalaga,,2,0,2,2,0,2,0,0,0,0,3
439088,BBCSussex,,2,0,2,2,0,2,0,0,0,0,1
439101,bbctennis,,2,0,2,2,0,2,0,0,0,0,0
439104,BBC_HaveYourSay,,2,0,2,2,0,2,0,0,0,0,2
439105,BBCBreakfast,,2,0,2,2,0,2,0,0,0,0,1
439111,notcanaria,,2,0,2,2,0,2,0,0,0,0,0
439138,GdnSocialCare,,2,0,2,2,0,2,0,0,0,0,2
439142,GJ_Arts_London,,2,0,2,2,0,2,0,0,0,0,0
439150,GJ_Arts,,2,0,2,2,0,2,0,0,0,0,1
439163,guardianstyle,,2,0,2,2,0,2,0,0,0,0,1
439295,CDNumancia2012,,2,0,2,2,0,2,0,0,0,0,6
439298,Jobomas,,2,0,2,2,0,2,0,0,0,0,4
439306,corriendovoy,,2,0,2,2,0,2,0,0,0,0,3
439307,TiendaUMA,,2,0,2,2,0,2,0,0,0,0,3
439308,RCMediterraneo,,2,0,2,2,0,2,0,0,0,0,0
439311,pasedeprensa,,2,0,2,2,0,2,0,0,0,0,0
439318,ViveelCentro1,,2,0,2,2,0,2,0,0,0,0,0
439328,Groupon,,2,0,2,2,0,2,0,0,0,0,0
439329,Groupon_Malaga,,2,0,2,2,0,2,0,0,0,0,3
439351,Festicket,,2,0,2,2,0,2,0,0,0,0,3
439368,WinterWonderLDN,,2,0,2,2,0,2,0,0,0,0,2
439375,marcialpons,,2,0,2,2,0,2,0,0,0,0,3
439419,workingabroad,,2,0,2,2,0,2,0,0,0,0,3
439422,LionbridgeAI,,2,0,2,2,0,2,0,0,0,0,5
439437,CompeticionFEB,,2,0,2,2,0,2,0,0,0,0,3
439442,twCELP,,2,0,2,2,0,2,0,0,0,0,4
439448,FIBAEuropeCup,,2,0,2,2,0,2,0,0,0,0,0
439460,EuroCup,,2,0,2,2,0,2,0,0,0,0,0
439461,Eurojobs_com,,2,0,2,2,0,2,0,0,0,0,3
439464,ING_news,,2,0,2,2,0,2,0,0,0,0,3
439465,eslsuisse,,2,0,2,2,0,2,0,0,0,0,1
439466,Perfilempleo,,2,0,2,2,0,2,0,0,0,0,4
439472,Servihabitat,,2,0,2,2,0,2,0,0,0,0,3
439473,elaboradoaqui,,2,0,2,2,0,2,0,0,0,0,6
439476,AlcatrazMilano,,2,0,2,2,0,2,0,0,0,0,3
439479,GoalItalia,,2,0,2,2,0,2,0,0,0,0,3
439481,GoalEspana,,2,0,2,2,0,2,0,0,0,0,3
439495,sanbartolome,,2,0,2,2,0,2,0,0,0,0,0
439509,English_Phrases,,2,0,2,2,0,2,0,0,0,0,1
439517,CitySSWorldwide,,2,0,2,2,0,2,0,0,0,0,0
439528,LanzaroteDeport,,2,0,2,2,0,2,0,0,0,0,0
439539,msn_video_es,,2,0,2,2,0,2,0,0,0,0,6
439540,msn_estilo,,2,0,2,2,0,2,0,0,0,0,0
439541,msn_es,,2,0,2,2,0,2,0,0,0,0,0
439542,msn_noticias,,2,0,2,2,0,2,0,0,0,0,6
439544,msn_ent,,2,0,2,2,0,2,0,0,0,0,0
439545,GolfCostaAdeje,,2,0,2,2,0,2,0,0,0,0,0
439554,Mcr_Magic,,2,0,2,2,0,2,0,0,0,0,0
439567,telc,,2,0,2,2,0,2,0,0,0,0,1
439579,McrMuseum,,2,0,2,2,0,2,0,0,0,0,1
439580,mcrartgallery,,2,0,2,2,0,2,0,0,0,0,1
439592,garrigues_es,,2,0,2,2,0,2,0,0,0,0,3
439593,Cuatrecasas,,2,0,2,2,0,2,0,0,0,0,3
439614,MBABScanarias,,2,0,2,2,0,2,0,0,0,0,4
439630,esBritish,,2,0,2,2,0,2,0,0,0,0,4
439650,ADHuracan,,2,0,2,2,0,2,0,0,0,0,6
439664,ICATF,,2,0,2,2,0,2,0,0,0,0,3
439671,CDTOficial,,2,0,2,2,0,2,0,0,0,0,6
439675,QuiMediaset_it,,2,0,2,2,0,2,0,0,0,0,3
439676,ZonaAmarillaLP,,2,0,2,2,0,2,0,0,0,0,6
439683,Futbolaspalmas,,2,0,2,2,0,2,0,0,0,0,6
439692,OlimpiaMI1936,,2,0,2,2,0,2,0,0,0,0,3
439694,LOOLAPALOOSAMI,,2,0,2,2,0,2,0,0,0,0,3
439696,ultranaciente,,2,0,2,2,0,2,0,0,0,0,3
439728,salesianoslpa,,2,0,2,2,0,2,0,0,0,0,3
439749,BMRemudas,,2,0,2,2,0,2,0,0,0,0,0
439759,Institutotps,,2,0,2,2,0,2,0,0,0,0,3
439762,TintaAmarilla,,2,0,2,2,0,2,0,0,0,0,6
439764,canariascom,,2,0,2,2,0,2,0,0,0,0,0
439775,mdelasanta,,2,0,2,2,0,2,0,0,0,0,6
439776,jcvegainfonorte,,2,0,2,2,0,2,0,0,0,0,6
439788,CanalViajarES,,2,0,2,2,0,2,0,0,0,0,5
439808,Itv_citaprevia,,2,0,2,2,0,2,0,0,0,0,3
439812,CeltasCortos,,2,0,2,2,0,2,0,0,0,0,4
439821,basquetcoruna,,2,0,2,2,0,2,0,0,0,0,0
439832,Mercasa_mercas,,2,0,2,2,0,2,0,0,0,0,0
439834,OriflameEs,,2,0,2,2,0,2,0,0,0,0,0
439837,platanosiempre,,2,0,2,2,0,2,0,0,0,0,0
439842,soccerway,,2,0,2,2,0,2,0,0,0,0,3
439847,FFLasPalmas,,2,0,2,2,0,2,0,0,0,0,6
439860,laprovincia_es,,2,0,2,2,0,2,0,0,0,0,8
439861,GranCanariaCB,,2,0,2,2,0,2,0,0,0,0,6
439863,LNFS,,2,0,2,2,0,2,0,0,0,0,0
439911,LaMGEL,,2,0,2,2,0,2,0,0,0,0,8
439920,buscamultas,,2,0,2,2,0,2,0,0,0,0,0
439930,legendsalbolote,,2,0,2,2,0,2,0,0,0,0,0
439935,ApartamentosTAO,,2,0,2,2,0,2,0,0,0,0,0
439936,NotiVenezuelaX,,2,0,2,2,0,2,0,0,0,0,0
439938,pecinaei,,2,0,2,2,0,2,0,0,0,0,0
439939,sergio_anzola,,2,0,2,2,0,2,0,0,0,0,0
439946,Jcalderonmusico,,2,0,2,2,0,2,0,0,0,0,0
439956,SalaBuhoReal,,2,0,2,2,0,2,0,0,0,0,0
439957,DAVIDMOYAMUSICA,,2,0,2,2,0,2,0,0,0,0,0
439958,CarlosChaouen,,2,0,2,2,0,2,0,0,0,0,0
439962,PatriFdezMusic,,2,0,2,2,0,2,0,0,0,0,0
439963,MariaPelaeMusic,,2,0,2,2,0,2,0,0,0,0,0
439964,LaEstacionSev,,2,0,2,2,0,2,0,0,0,0,0
439965,JesusGarriga,,2,0,2,2,0,2,0,0,0,0,0
439976,Rafa_Pons,,2,0,2,2,0,2,0,0,0,0,0
439980,lavozde_ubeda,,2,0,2,2,0,2,0,0,0,0,0
439981,FansRozalen,,2,0,2,2,0,2,0,0,0,0,0
439982,Pilimili88,,2,0,2,2,0,2,0,0,0,0,0
439983,mahunvg,,2,0,2,2,0,2,0,0,0,0,0
439986,jmsoria,,2,0,2,2,0,2,0,0,0,0,0
439987,jorpow,,2,0,2,2,0,2,0,0,0,0,0
439988,solarfighter_es,,2,0,2,2,0,2,0,0,0,0,0
439989,suelosolar,,2,0,2,2,0,2,0,0,0,0,0
439992,solarwebnet,,2,0,2,2,0,2,0,0,0,0,0
440019,BMVMercados,,2,0,2,2,0,2,0,0,0,0,4
440024,altonivel,,2,0,2,2,0,2,0,0,0,0,4
440029,MorganPhilipsES,,2,0,2,2,0,2,0,0,0,0,4
440032,knowhowleaders,,2,0,2,2,0,2,0,0,0,0,4
440040,ManpowerMeCA,,2,0,2,2,0,2,0,0,0,0,4
440045,ConsejosImagen,,2,0,2,2,0,2,0,0,0,0,4
440046,imagenpublica,,2,0,2,2,0,2,0,0,0,0,4
440047,AlvaroGordoa,,2,0,2,2,0,2,0,0,0,0,4
440048,MexicoestaDmoda,,2,0,2,2,0,2,0,0,0,0,4
440049,DeEsgrimista,,2,0,2,2,0,2,0,0,0,0,2
440074,De10mx,,2,0,2,2,0,2,0,0,0,0,4
440101,DesignerDepot,,2,0,2,2,0,2,0,0,0,0,7
440105,ElBuenFin,,2,0,2,2,0,2,0,0,0,0,2
440132,amazonmex,,2,0,2,2,0,2,0,0,0,0,4
440134,crowdfunderMX,,2,0,2,2,0,2,0,0,0,0,4
440135,ideamecom,,2,0,2,2,0,2,0,0,0,0,4
440142,apponeplus,,2,0,2,2,0,2,0,0,0,0,6
440173,odiomistweets,,2,0,2,2,0,2,0,0,0,0,4
440191,venFido,,2,0,2,2,0,2,0,0,0,0,4
440192,GlobeIn_World,,2,0,2,2,0,2,0,0,0,0,4
440199,vamos_aero_mex,,2,0,2,2,0,2,0,0,0,0,4
440203,MarcelaMexia,,2,0,2,2,0,2,0,0,0,0,4
440207,GanaconBIM,,2,0,2,2,0,2,0,0,0,0,4
440208,ehowenespanol,,2,0,2,2,0,2,0,0,0,0,4
440210,PatagonJournal,,2,0,2,2,0,2,0,0,0,0,4
440213,greenpeacemx,,2,0,2,2,0,2,0,0,0,0,4
440222,googlemexico,,2,0,2,2,0,2,0,0,0,0,4
440232,axanchez,,2,0,2,2,0,2,0,0,0,0,4
440233,NeckePromo,,2,0,2,2,0,2,0,0,0,0,4
440236,yasdri_mm,,2,0,2,2,0,2,0,0,0,0,4
440239,magnapub,,2,0,2,2,0,2,0,0,0,0,4
440241,csybven,,2,0,2,2,0,2,0,0,0,0,0
440242,dave_guzman,,2,0,2,2,0,2,0,0,0,0,4
440247,InteleKia,,2,0,2,2,0,2,0,0,0,0,4
440338,homofoodie,,2,0,2,2,0,2,0,0,0,0,4
440341,elfilosof0,,2,0,2,2,0,2,0,0,0,0,4
440349,CHILISMEXICO,,2,0,2,2,0,2,0,0,0,0,4
440351,Megafounder_es,,2,0,2,2,0,2,0,0,0,0,4
440354,EslabonSystems,,2,0,2,2,0,2,0,0,0,0,4
440365,CaboExpeditions,,2,0,2,2,0,2,0,0,0,0,4
440366,Magisterlucis,,2,0,2,2,0,2,0,0,0,0,4
440375,MasLibrosMX,,2,0,2,2,0,2,0,0,0,0,4
440377,SocialGeek_Co,,2,0,2,2,0,2,0,0,0,0,4
440378,BuzzCRM,,2,0,2,2,0,2,0,0,0,0,4
440379,pepeytono,,2,0,2,2,0,2,0,0,0,0,4
440389,luismaram,,2,0,2,2,0,2,0,0,0,0,2
440423,Filantrofilia,,2,0,2,2,0,2,0,0,0,0,4
440443,GNPSeguros,,2,0,2,2,0,2,0,0,0,0,4
440448,jmolnin,,2,0,2,2,0,2,0,0,0,0,4
440461,johanspelaez,,2,0,2,2,0,2,0,0,0,0,6
440462,idohashtag,,2,0,2,2,0,2,0,0,0,0,4
440463,jorgegogdl,,2,0,2,2,0,2,0,0,0,0,2
440527,DiariodeYucatan,,2,0,2,2,0,2,0,0,0,0,4
440541,stoneisland,,2,0,2,2,0,2,0,0,0,0,2
440567,AndreaDipre,,2,0,2,2,0,2,0,0,0,0,2
440580,DuckandWaffle,,2,0,2,2,0,2,0,0,0,0,2
440583,KOKOLondon,,2,0,2,2,0,2,0,0,0,0,2
440588,DarlinMagazine,,2,0,2,2,0,2,0,0,0,0,3
440600,GomorraLaSerie,,2,0,2,2,0,2,0,0,0,0,2
440619,Carmellebc,,2,0,2,2,0,2,0,0,0,0,1
440620,CongresosVLL,,2,0,2,2,0,2,0,0,0,0,2
440625,CecilCapriotti,,2,0,2,2,0,2,0,0,0,0,2
440630,WeRock,,2,0,2,2,0,2,0,0,0,0,2
440633,JuanitaCalamid,,2,0,2,2,0,2,0,0,0,0,2
440635,UVAENFURECIDA,,2,0,2,2,0,2,0,0,0,0,2
440639,JessicaBiel,,2,0,2,2,0,2,0,0,0,0,2
440672,UricchioAntonio,,2,0,2,2,0,2,0,0,0,0,2
440688,mnene85,,2,0,2,2,0,2,0,0,0,0,1
440689,SamuelDrouard,,2,0,2,2,0,2,0,0,0,0,1
440690,Home_Sweet_Hom,,2,0,2,2,0,2,0,0,0,0,1
440691,web3points0,,2,0,2,2,0,2,0,0,0,0,1
440724,RocioAmado,,2,0,2,2,0,2,0,0,0,0,1
440732,WLVIntAc,,2,0,2,2,0,2,0,0,0,0,1
440743,BWRjames,,2,0,2,2,0,2,0,0,0,0,1
440746,studisonline,,2,0,2,2,0,2,0,0,0,0,1
440747,Auslandsstudium,,2,0,2,2,0,2,0,0,0,0,1
440748,Ingenio_CsicUpv,,2,0,2,2,0,2,0,0,0,0,1
440764,EUSNConference,,2,0,2,2,0,2,0,0,0,0,1
440772,Studiberatung,,2,0,2,2,0,2,0,0,0,0,1
440803,StuRa_UL,,2,0,2,2,0,2,0,0,0,0,1
440806,ubleipzig,,2,0,2,2,0,2,0,0,0,0,1
440807,studiumdigitale,,2,0,2,2,0,2,0,0,0,0,1
440834,salir_sevilla,,2,0,2,2,0,2,0,0,0,0,1
440843,IsmoolB,,2,0,2,2,0,2,0,0,0,0,1
440887,Santander_Group,,2,0,2,2,0,2,0,0,0,0,1
440888,thomasestermann,,2,0,2,2,0,2,0,0,0,0,1
440897,lomogum,,2,0,2,2,0,2,0,0,0,0,1
440898,LondonMarathon,,2,0,2,2,0,2,0,0,0,0,1
440901,MladiinfoSK,,2,0,2,2,0,2,0,0,0,0,1
440905,tminttomi,,2,0,2,2,0,2,0,0,0,0,1
440910,kasparaspar,,2,0,2,2,0,2,0,0,0,0,1
440926,SusxUniStudents,,2,0,2,2,0,2,0,0,0,0,1
440931,TUDublin_Intl,,2,0,2,2,0,2,0,0,0,0,1
440936,Amsterdam_live,,2,0,2,2,0,2,0,0,0,0,1
440940,goatsman,,2,0,2,2,0,2,0,0,0,0,1
441338,teamnovonordisk,,2,0,2,2,0,2,0,0,0,0,7
442032,TUIGroup,,2,0,2,2,0,2,0,0,0,0,0
442146,Km0malaga,,2,0,2,2,0,2,0,0,0,0,0
442228,lecoolmadrid,,2,0,2,2,0,2,0,0,0,0,0
442303,SuitcaseCircusY,,2,0,2,2,0,2,0,0,0,0,1
445406,ftomillo,,2,0,2,2,0,2,0,0,0,0,4
445424,paiscontufuturo,,2,0,2,2,0,2,0,0,0,0,4
445481,Estudiar_mejor,,2,0,2,2,0,2,0,0,0,0,4
445622,cued_,,2,0,2,2,0,2,0,0,0,0,4
445663,redspbotin,,2,0,2,2,0,2,0,0,0,0,4
445693,EnfermerosasCS,,2,0,2,2,0,2,0,0,0,0,4
445967,ZvmoValladolid,,2,0,2,2,0,2,0,0,0,0,6
449396,UNITEDANTS,,2,0,2,2,0,2,0,0,0,0,2
449526,WhatHappensIBZ,,2,0,2,2,0,2,0,0,0,0,2
449612,badylondonn,,2,0,2,2,0,2,0,0,0,0,2
449613,IbizaOnly,,2,0,2,2,0,2,0,0,0,0,2
449614,Ibizine,,2,0,2,2,0,2,0,0,0,0,2
449615,Glinskus,,2,0,2,2,0,2,0,0,0,0,2
449618,tweetdomo,,2,0,2,2,0,2,0,0,0,0,2
449619,_WHOISII,,2,0,2,2,0,2,0,0,0,0,2
449621,AlfredoMSL,,2,0,2,2,0,2,0,0,0,0,2
449622,JuanUHIF,,2,0,2,2,0,2,0,0,0,0,2
449629,insideworldwide,,2,0,2,2,0,2,0,0,0,0,2
449632,CanLlucIbiza,,2,0,2,2,0,2,0,0,0,0,2
449633,IbizaNET,,2,0,2,2,0,2,0,0,0,0,2
449637,Clubbing_Ibiza,,2,0,2,2,0,2,0,0,0,0,2
449639,ibiza_hotels,,2,0,2,2,0,2,0,0,0,0,2
449640,KISSMYFAIRYIBIZ,,2,0,2,2,0,2,0,0,0,0,2
449650,TWCIbiza,,2,0,2,2,0,2,0,0,0,0,2
449651,ibizahotels,,2,0,2,2,0,2,0,0,0,0,2
449652,HotelEsVive,,2,0,2,2,0,2,0,0,0,0,2
449660,IbizaDelivers,,2,0,2,2,0,2,0,0,0,0,2
449668,adeibiza,,2,0,2,2,0,2,0,0,0,0,2
449670,tasteibiza,,2,0,2,2,0,2,0,0,0,0,2
449671,MartinMakepeace,,2,0,2,2,0,2,0,0,0,0,2
449729,garbihotel,,2,0,2,2,0,2,0,0,0,0,2
449787,boatsibiza,,2,0,2,2,0,2,0,0,0,0,2
449788,TOGETHERIBIZA,,2,0,2,2,0,2,0,0,0,0,2
449789,Ibiza2014Open,,2,0,2,2,0,2,0,0,0,0,2
449794,ANWAX3,,2,0,2,2,0,2,0,0,0,0,2
449797,BalearicD,,2,0,2,2,0,2,0,0,0,0,2
449802,DJOliverLang,,2,0,2,2,0,2,0,0,0,0,2
449813,Mamboconcierge,,2,0,2,2,0,2,0,0,0,0,2
454612,fotospesca,,2,0,2,2,0,2,0,0,0,0,0
454740,hawaiivacati,,2,0,2,2,0,2,0,0,0,0,1
455933,ferreterialopez,,2,0,2,2,0,2,0,0,0,0,0
455934,godinojoyas,,2,0,2,2,0,2,0,0,0,0,0
455956,Cervillium,,2,0,2,2,0,2,0,0,0,0,0
455957,amariacervilla,,2,0,2,2,0,2,0,0,0,0,0
455971,Nr_fotografia,,2,0,2,2,0,2,0,0,0,0,0
456748,ElOjoCriticoRNE,,2,0,2,2,0,2,0,0,0,0,0
456839,RTVEBotonRojo,,2,0,2,2,0,2,0,0,0,0,0
457286,Frases_De_Cine_,,2,0,2,2,0,2,0,0,0,0,5
458956,JordiCastillatw,,2,0,2,2,0,2,0,0,0,0,0
458959,Kohlschreiber,,2,0,2,2,0,2,0,0,0,0,0
458961,not_very_active,,2,0,2,2,0,2,0,0,0,0,0
458963,rafverjim,,2,0,2,2,0,2,0,0,0,0,0
458966,juanmacasillas0,,2,0,2,2,0,2,0,0,0,0,0
458967,FADIS_Jerez,,2,0,2,2,0,2,0,0,0,0,0
458968,martalvarezj,,2,0,2,2,0,2,0,0,0,0,0
458969,fayeplaner,,2,0,2,2,0,2,0,0,0,0,0
458970,Chicmobiles,,2,0,2,2,0,2,0,0,0,0,0
458974,InmaBarbadillo,,2,0,2,2,0,2,0,0,0,0,0
458975,franroales13,,2,0,2,2,0,2,0,0,0,0,0
458976,oscar_gomez,,2,0,2,2,0,2,0,0,0,0,0
458977,Antferven,,2,0,2,2,0,2,0,0,0,0,0
458979,fanycotano,,2,0,2,2,0,2,0,0,0,0,0
458980,fulanit35102974,,2,0,2,2,0,2,0,0,0,0,0
458981,laura__rosal,,2,0,2,2,0,2,0,0,0,0,0
458983,SAIOABAEZMILLAN,,2,0,2,2,0,2,0,0,0,0,0
458986,Pitusa_Gasul,,2,0,2,2,0,2,0,0,0,0,0
458991,Attomsk,,2,0,2,2,0,2,0,0,0,0,0
459019,PlaticaES,,2,0,2,2,0,2,0,0,0,0,0
459021,PaluVelasco,,2,0,2,2,0,2,0,0,0,0,0
459022,juanblan,,2,0,2,2,0,2,0,0,0,0,0
459601,Publycar,,2,0,2,2,0,2,0,0,0,0,0
462600,AnonNewsNet,,2,0,2,2,0,2,0,0,0,0,0
463198,marmecris78,,2,0,2,2,0,2,0,0,0,0,6
463217,sedatefobica,,2,0,2,2,0,2,0,0,0,0,0
463351,_AlexMe,,2,0,2,2,0,2,0,0,0,0,6
463368,alextarima6,,2,0,2,2,0,2,0,0,0,0,6
463399,Maycordoba7,,2,0,2,2,0,2,0,0,0,0,6
463475,Andreamfdez7,,3,0,3,3,0,3,0,0,0,0,5
463512,blankychispa,,2,0,2,2,0,2,0,0,0,0,6
463520,AlbaJu88,,2,0,2,2,0,2,0,0,0,0,6
463526,Mernissi,,2,0,2,2,0,2,0,0,0,0,0
463564,LydiaMB,,2,0,2,2,0,2,0,0,0,0,6
463587,pepe2128,,2,0,2,2,0,2,0,0,0,0,6
463640,____Sorayaaa,,2,0,2,2,0,2,0,0,0,0,6
463779,marixuu91,,2,0,2,2,0,2,0,0,0,0,0
464121,ugrfucker,,2,0,2,2,0,2,0,0,0,0,5
464166,Iluminati122,,2,0,2,2,0,2,0,0,0,0,0
464220,AndresJackie,,2,0,2,2,0,2,0,0,0,0,6
464225,BitesDreams,,2,0,2,2,0,2,0,0,0,0,0
464398,Laura_fa,,2,0,2,2,0,2,0,0,0,0,6
464410,_melanii_4,,2,0,2,2,0,2,0,0,0,0,6
464425,sandraRisos1,,2,0,2,2,0,2,0,0,0,0,6
464440,FM_Butron,,2,0,2,2,0,2,0,0,0,0,6
464486,therealchaman,,2,0,2,2,0,2,0,0,0,0,6
464531,josemygl17,,2,0,2,2,0,2,0,0,0,0,6
464542,vans_20,,2,0,2,2,0,2,0,0,0,0,6
464546,Fenix_Anna,,2,0,2,2,0,2,0,0,0,0,6
464554,gruposgranada,,2,0,2,2,0,2,0,0,0,0,6
465891,antoniogzuz,,2,0,2,2,0,2,0,0,0,0,0
466108,imixme,,2,0,2,2,0,2,0,0,0,0,4
466661,mimiela_s,,2,0,2,2,0,2,0,0,0,0,6
467358,PromoEmpresas,,2,0,2,2,0,2,0,0,0,0,0
467631,as_uco,,2,0,2,2,0,2,0,0,0,0,6
467789,gbiketours,,2,0,2,2,0,2,0,0,0,0,4
467900,bioparques,,2,0,2,2,0,2,0,0,0,0,4
468017,pfabricgranada,,2,0,2,2,0,2,0,0,0,0,0
468028,BUBBADRINK,,2,0,2,2,0,2,0,0,0,0,0
468393,RoberKV12,,2,0,2,2,0,2,0,0,0,0,0
468394,PnyxConsultores,,2,0,2,2,0,2,0,0,0,0,0
468395,ViajesInfinitur,,2,0,2,2,0,2,0,0,0,0,0
468396,intervideomk,,2,0,2,2,0,2,0,0,0,0,0
468397,CuartetoQ4,,2,0,2,2,0,2,0,0,0,0,0
468398,ShoppingGranada,,2,0,2,2,0,2,0,0,0,0,0
468399,florosaamarilla,,2,0,2,2,0,2,0,0,0,0,0
468400,Celimausili,,2,0,2,2,0,2,0,0,0,0,0
468401,HBahiaTropical,,2,0,2,2,0,2,0,0,0,0,0
468402,valeriagalaVG,,2,0,2,2,0,2,0,0,0,0,0
468403,TaperWedding,,2,0,2,2,0,2,0,0,0,0,0
468404,lularteventos,,2,0,2,2,0,2,0,0,0,0,0
468405,AloAndaluz,,2,0,2,2,0,2,0,0,0,0,0
468406,unicorniokids1,,2,0,2,2,0,2,0,0,0,0,0
468408,PuedoPensarQue,,2,0,2,2,0,2,0,0,0,0,0
468440,CasaLopezCorrea,,2,0,2,2,0,2,0,0,0,0,0
468466,bookea,,2,0,2,2,0,2,0,0,0,0,0
468564,DavSutil,,2,0,2,2,0,2,0,0,0,0,6
470056,turismoegipto,,2,0,2,2,0,2,0,0,0,0,0
470062,MelillaTurismo,,2,0,2,2,0,2,0,0,0,0,0
470373,andreesvega_,,2,0,2,2,0,2,0,0,0,0,6
470490,marksdoss,,2,0,2,2,0,2,0,0,0,0,1
470612,GabrielGarrido6,,2,0,2,2,0,2,0,0,0,0,0
470927,RafonTren,,2,0,2,2,0,2,0,0,0,0,6
470933,Celi90pl,,2,0,2,2,0,2,0,0,0,0,6
470935,EnTeiSiTo,,2,0,2,2,0,2,0,0,0,0,6
470946,rollermigue1,,2,0,2,2,0,2,0,0,0,0,6
470948,gapcode,,2,0,2,2,0,2,0,0,0,0,4
472348,topviajes_net,,2,0,2,2,0,2,0,0,0,0,0
473326,LevaduraCritica,,2,0,2,2,0,2,0,0,0,0,4
473360,cubgranada,,2,0,2,2,0,2,0,0,0,0,4
473504,GDR_Guadiato,,2,0,2,2,0,2,0,0,0,0,4
473573,viasverdes_ffe,,2,0,2,2,0,2,0,0,0,0,4
474235,ecoturista,,2,0,2,2,0,2,0,0,0,0,0
474299,MULHACENSKISN,,2,0,2,2,0,2,0,0,0,0,0
474300,HotelZiryab,,2,0,2,2,0,2,0,0,0,0,0
474305,ThebuilderMick,,2,0,2,2,0,2,0,0,0,0,0
474346,ZoomDestinos,,2,0,2,2,0,2,0,0,0,0,0
474352,CervezaMulhacen,,2,0,2,2,0,2,0,0,0,0,6
474359,BarakaSki,,2,0,2,2,0,2,0,0,0,0,0
474425,VidorraE,,2,0,2,2,0,2,0,0,0,0,0
474446,aquilatierratve,,2,0,2,2,0,2,0,0,0,0,0
474493,pjmelian,,2,0,2,2,0,2,0,0,0,0,0
474513,MeteOrihuela,,2,0,2,2,0,2,0,0,0,0,0
474566,contenTTur,,2,0,2,2,0,2,0,0,0,0,0
474611,SERViajeros,,2,0,2,2,0,2,0,0,0,0,0
474624,clickviaja,,2,0,2,2,0,2,0,0,0,0,0
474664,Tamara_online,,2,0,2,2,0,2,0,0,0,0,6
474773,lian_manuel,,2,0,2,2,0,2,0,0,0,0,6
474865,ghmhoteles,,2,0,2,2,0,2,0,0,0,0,0
474887,Chollovacacione,,2,0,2,2,0,2,0,0,0,0,0
475107,DiegoLugano,,2,0,2,2,0,2,0,0,0,0,2
475709,aniitaalonso,,2,0,2,2,0,2,0,0,0,0,6
475874,_Javier_Flores,,2,0,2,2,0,2,0,0,0,0,0
476039,quinobenitez,,2,0,2,2,0,2,0,0,0,0,0
476743,MartiitaGnzalez,,2,0,2,2,0,2,0,0,0,0,0
477052,AdrianLpezP,,2,0,2,2,0,2,0,0,0,0,6
480357,americaeconomia,,2,0,2,2,0,2,0,0,0,0,0
480724,SexoActivo,,2,0,2,2,0,2,0,0,0,0,5
480739,Futbol_Todo,,2,0,2,2,0,2,0,0,0,0,5
480776,CBF_Futebol,,2,0,2,2,0,2,0,0,0,0,2
482979,2moni_p,,2,0,2,2,0,2,0,0,0,0,6
483755,TuDeLiX1,,2,0,2,2,0,2,0,0,0,0,1
483949,AnaisabelMS,,2,0,2,2,0,2,0,0,0,0,5
484308,aliehszb,,2,0,2,2,0,2,0,0,0,0,0
485044,richardgranada,,2,0,2,2,0,2,0,0,0,0,0
485146,CRonaldoFever,,2,0,2,2,0,2,0,0,0,0,3
485299,MariaCasado_TV,,2,0,2,2,0,2,0,0,0,0,5
486468,turzond,,2,0,2,2,0,2,0,0,0,0,7
489291,Georgie891,,2,0,2,2,0,2,0,0,0,0,3
489882,_GranadaJuan,,2,0,2,2,0,2,0,0,0,0,0
489904,NPamarot,,2,0,2,2,0,2,0,0,0,0,0
489915,DAVCORTES21,,2,0,2,2,0,2,0,0,0,0,0
491678,seyf_lecce,,2,0,2,2,0,2,0,0,0,0,1
491773,bazstephanie,,2,0,2,2,0,2,0,0,0,0,1
492015,Avanti_Europe,,2,0,2,2,0,2,0,0,0,0,1
492045,Europe4Youth,,2,0,2,2,0,2,0,0,0,0,1
494161,FranRicoJuarez,,2,0,2,2,0,2,0,0,0,0,0
494580,fruit_mandarina,,2,0,2,2,0,2,0,0,0,0,0
495727,ZiadElsayede,,2,0,2,2,0,2,0,0,0,0,1
497006,CheckESN,,2,0,2,2,0,2,0,0,0,0,1
497683,SovietSix,,2,0,2,2,0,2,0,0,0,0,1
497895,ltegranada,,2,0,2,2,0,2,0,0,0,0,2
497912,iGestionescom,,3,0,3,3,0,3,0,0,0,0,2
497913,innovaXP,,2,0,2,2,0,2,0,0,0,0,2
498231,Rodaimos,,3,0,3,3,0,3,0,0,0,0,0
498287,CondonesCompany,,2,0,2,2,0,2,0,0,0,0,6
498358,acbclubbing,,2,0,2,2,0,2,0,0,0,0,0
498386,MENTIRASAWENDY,,2,0,2,2,0,2,0,0,0,0,0
498402,ZambranaGranada,,2,0,2,2,0,2,0,0,0,0,0
498452,Alice32sc,,2,0,2,2,0,2,0,0,0,0,0
498578,iosudiaz87,,2,0,2,2,0,2,0,0,0,0,6
498643,RojiblancoGRCF,,2,0,2,2,0,2,0,0,0,0,6
498669,luisgranadista1,,2,0,2,2,0,2,0,0,0,0,0
498699,migranada_Ofi,,2,0,2,2,0,2,0,0,0,0,0
498700,minutocerogr,,2,0,2,2,0,2,0,0,0,0,6
498701,GranadinistaAlb,,2,0,2,2,0,2,0,0,0,0,6
498702,DeporpuntoGR,,2,0,2,2,0,2,0,0,0,0,6
498722,_Lych_,,2,0,2,2,0,2,0,0,0,0,6
498756,iDsEstudio,,2,0,2,2,0,2,0,0,0,0,0
499145,didarock,,2,0,2,2,0,2,0,0,0,0,0
499156,qzcomunicacion,,2,0,2,2,0,2,0,0,0,0,0
499229,hapolotrece,,2,0,2,2,0,2,0,0,0,0,0
499321,taraceagranada,,2,0,2,2,0,2,0,0,0,0,0
499376,pulqueshop,,2,0,2,2,0,2,0,0,0,0,0
499993,1500_km,,2,0,2,2,0,2,0,0,0,0,0
500005,SankaraEventos,,2,0,2,2,0,2,0,0,0,0,0
500007,Radiohand_band,,2,0,2,2,0,2,0,0,0,0,0
500011,PaladarExpress,,2,0,2,2,0,2,0,0,0,0,0
500033,MontarUnNegocio,,2,0,2,2,0,2,0,0,0,0,0
500043,TVM_Granada,,2,0,2,2,0,2,0,0,0,0,0
500102,laramodaLM,,2,0,2,2,0,2,0,0,0,0,0
500110,AulaCuatro,,2,0,2,2,0,2,0,0,0,0,0
500117,zorahaida,,2,0,2,2,0,2,0,0,0,0,0
500194,SoniaGlezPachon,,2,0,2,2,0,2,0,0,0,0,0
500421,juanjomoon,,2,0,2,2,0,2,0,0,0,0,3
501173,OzeaniaO3,,2,0,2,2,0,2,0,0,0,0,0
501346,podologoGR,,2,0,2,2,0,2,0,0,0,0,0
501378,MKPromocional,,2,0,2,2,0,2,0,0,0,0,0
501381,ARTEDI_es,,2,0,2,2,0,2,0,0,0,0,0
501474,BarRestMonte,,2,0,2,2,0,2,0,0,0,0,0
502007,laCientrifica,,2,0,2,2,0,2,0,0,0,0,0
506456,serafinoct,,2,0,2,2,0,2,0,0,0,0,6
506483,annevado_,,2,0,2,2,0,2,0,0,0,0,0
506533,ajtoto,,2,0,2,2,0,2,0,0,0,0,0
506586,Moofly_ew,,2,0,2,2,0,2,0,0,0,0,6
506590,sdfsfsdf2d,,2,0,2,2,0,2,0,0,0,0,6
506778,Nel10_22,,2,0,2,2,0,2,0,0,0,0,5
506789,BeauchyRed,,2,0,2,2,0,2,0,0,0,0,6
506833,Lorena_Rold,,2,0,2,2,0,2,0,0,0,0,5
506869,springparty2013,,2,0,2,2,0,2,0,0,0,0,5
507085,NacionalismNews,,2,0,2,2,0,2,0,0,0,0,6
507203,lunaquecanta,,2,0,2,2,0,2,0,0,0,0,6
508582,ISSFWChSpain14,,2,0,2,2,0,2,0,0,0,0,0
512988,walueduca,,2,0,2,2,0,2,0,0,0,0,0
512993,Dentalgollonet,,2,0,2,2,0,2,0,0,0,0,0
512998,IndoraNatural,,2,0,2,2,0,2,0,0,0,0,0
513052,cspabogados,,2,0,2,2,0,2,0,0,0,0,0
513058,franquishop_,,2,0,2,2,0,2,0,0,0,0,0
513059,CGZagra,,2,0,2,2,0,2,0,0,0,0,0
513060,IDEASanticrisis,,2,0,2,2,0,2,0,0,0,0,0
513061,txerpa,,2,0,2,2,0,2,0,0,0,0,0
513062,SprintComunicac,,2,0,2,2,0,2,0,0,0,0,0
513063,arteramx,,2,0,2,2,0,2,0,0,0,0,0
513065,masformacionp,,2,0,2,2,0,2,0,0,0,0,0
513183,mueblesjimesa,,2,0,2,2,0,2,0,0,0,0,0
513204,AlbantFormacion,,2,0,2,2,0,2,0,0,0,0,0
513503,Fillo393,,2,0,2,2,0,2,0,0,0,0,0
513504,jesusmr83,,2,0,2,2,0,2,0,0,0,0,0
513505,leilysss,,2,0,2,2,0,2,0,0,0,0,0
513511,belen_pablo16,,2,0,2,2,0,2,0,0,0,0,0
513512,MartinezDice,,2,0,2,2,0,2,0,0,0,0,0
513513,josemdelgad,,2,0,2,2,0,2,0,0,0,0,0
513514,YolandaMCriado,,2,0,2,2,0,2,0,0,0,0,0
513516,fcozavala83,,2,0,2,2,0,2,0,0,0,0,0
513518,Antoniolocust,,2,0,2,2,0,2,0,0,0,0,0
513521,jmvelabal,,2,0,2,2,0,2,0,0,0,0,0
513522,habsecurity,,2,0,2,2,0,2,0,0,0,0,0
513523,dani_estevez12,,2,0,2,2,0,2,0,0,0,0,0
513527,NovoaAlicia,,2,0,2,2,0,2,0,0,0,0,0
513528,LauiPau,,2,0,2,2,0,2,0,0,0,0,0
513529,Visualknowledge,,2,0,2,2,0,2,0,0,0,0,0
513530,luismiguelbeni,,2,0,2,2,0,2,0,0,0,0,0
513532,andrearomeronav,,2,0,2,2,0,2,0,0,0,0,0
513534,asignace,,2,0,2,2,0,2,0,0,0,0,0
513535,Alexmogo,,2,0,2,2,0,2,0,0,0,0,0
513536,SocialMediaRRHH,,2,0,2,2,0,2,0,0,0,0,0
513576,OturaEmpresas,,2,0,2,2,0,2,0,0,0,0,0
513578,Com_Innovacion,,2,0,2,2,0,2,0,0,0,0,0
513579,joseramonluna,,2,0,2,2,0,2,0,0,0,0,0
513580,mujerinnova,,2,0,2,2,0,2,0,0,0,0,0
513581,CoEmprende,,2,0,2,2,0,2,0,0,0,0,0
513584,empresariosT,,2,0,2,2,0,2,0,0,0,0,0
513589,Fdi_EOI,,2,0,2,2,0,2,0,0,0,0,0
513653,Marcarlas,,2,0,2,2,0,2,0,0,0,0,0
513671,Execoach_,,2,0,2,2,0,2,0,0,0,0,0
513743,felix_salguero,,2,0,2,2,0,2,0,0,0,0,0
516707,sofia18x,,2,0,2,2,0,2,0,0,0,0,0
516709,coventaria,,2,0,2,2,0,2,0,0,0,0,0
516777,RecovecoMLG,,2,0,2,2,0,2,0,0,0,0,0
516780,GrupoNacimiento,,2,0,2,2,0,2,0,0,0,0,0
516813,Anamarfil,,2,0,2,2,0,2,0,0,0,0,0
516817,ElPianoGranada,,2,0,2,2,0,2,0,0,0,0,0
516849,CometaBlanca1,,2,0,2,2,0,2,0,0,0,0,0
516851,FPAREJ,,3,0,3,3,0,3,0,0,0,0,0
516910,clipmetrajes,,2,0,2,2,0,2,0,0,0,0,0
516923,FRANNAVARROMUSI,,2,0,2,2,0,2,0,0,0,0,0
516973,LaFabriquilla,,2,0,2,2,0,2,0,0,0,0,0
516976,CafeBelleEpoque,,2,0,2,2,0,2,0,0,0,0,0
516988,pisocompartirgr,,2,0,2,2,0,2,0,0,0,0,0
517023,Zaidariam,,2,0,2,2,0,2,0,0,0,0,0
517081,JuanCarlosAS,,2,0,2,2,0,2,0,0,0,0,6
517143,Gloanga,,2,0,2,2,0,2,0,0,0,0,0
517202,GloriiaKitty,,2,0,2,2,0,2,0,0,0,0,6
517265,unionsmario85,,2,0,2,2,0,2,0,0,0,0,0
517291,juancarlos8788,,2,0,2,2,0,2,0,0,0,0,0
517294,VivirAndujar,,2,0,2,2,0,2,0,0,0,0,0
517345,FinderandWilber,,2,0,2,2,0,2,0,0,0,0,0
517374,MarketingHuman,,2,0,2,2,0,2,0,0,0,0,0
517410,SalaDLUXE,,2,0,2,2,0,2,0,0,0,0,0
517413,grupovico,,2,0,2,2,0,2,0,0,0,0,0
517419,TrianaGalan,,2,0,2,2,0,2,0,0,0,0,0
517469,Idintel_es,,2,0,2,2,0,2,0,0,0,0,0
517731,doctorx_unico,,2,0,2,2,0,2,0,0,0,0,6
517786,javielcocinero,,2,0,2,2,0,2,0,0,0,0,0
518393,inmita79,,3,0,3,3,0,3,0,0,0,0,7
518479,JaviGonBer,,2,0,2,2,0,2,0,0,0,0,6
518516,yassinelakhal,,2,0,2,2,0,2,0,0,0,0,5
518676,nere_um,,3,0,3,3,0,3,0,0,0,0,6
518889,16Christian16,,2,0,2,2,0,2,0,0,0,0,6
518931,Jaro_ocho,,2,0,2,2,0,2,0,0,0,0,6
518933,rociorgmez,,2,0,2,2,0,2,0,0,0,0,6
518934,GmezToro,,2,0,2,2,0,2,0,0,0,0,6
518935,cepeeelina,,2,0,2,2,0,2,0,0,0,0,6
518936,jcarrasco_90,,2,0,2,2,0,2,0,0,0,0,6
518937,JuanPuerto99,,2,0,2,2,0,2,0,0,0,0,6
518941,EstrellaG_uc,,2,0,2,2,0,2,0,0,0,0,6
518945,francoisapelo,,2,0,2,2,0,2,0,0,0,0,6
518946,Roci_her,,2,0,2,2,0,2,0,0,0,0,6
518947,RosaPerez_2,,3,0,3,3,0,3,0,0,0,0,6
518950,espe_99,,2,0,2,2,0,2,0,0,0,0,6
518956,pilukiB,,2,0,2,2,0,2,0,0,0,0,6
518960,Darkhalicious,,3,0,3,3,0,3,0,0,0,0,6
518962,Elputocrom,,2,0,2,2,0,2,0,0,0,0,6
518963,AnneWoodUSA,,3,0,3,3,0,3,0,0,0,0,6
518965,kanazawa32,,2,0,2,2,0,2,0,0,0,0,6
518966,elisa2277,,2,0,2,2,0,2,0,0,0,0,6
518968,alvaR__o,,3,0,3,3,0,3,0,0,0,0,6
518974,ElisaNavarroG,,2,0,2,2,0,2,0,0,0,0,6
518976,Ana_Astete,,2,0,2,2,0,2,0,0,0,0,6
518987,Nurii_Ruiz,,2,0,2,2,0,2,0,0,0,0,6
518990,GmezNani,,2,0,2,2,0,2,0,0,0,0,6
518992,EncarnyR,,2,0,2,2,0,2,0,0,0,0,6
518994,LuzonBarrilado,,3,0,3,3,0,3,0,0,0,0,6
518996,lydiiaesponja,,2,0,2,2,0,2,0,0,0,0,6
518997,Terciya,,2,0,2,2,0,2,0,0,0,0,6
518998,Laurita_0625,,2,0,2,2,0,2,0,0,0,0,6
518999,jmmm92,,3,0,3,3,0,3,0,0,0,0,6
519000,MarikiVenus,,3,0,3,3,0,3,0,0,0,0,6
519001,ReichNurse,,3,0,3,3,0,3,0,0,0,0,6
519002,Javi_tirado10,,2,0,2,2,0,2,0,0,0,0,6
519003,Canelamartos,,2,0,2,2,0,2,0,0,0,0,6
519005,Christianpixtol,,2,0,2,2,0,2,0,0,0,0,6
519009,IreJLizcano,,2,0,2,2,0,2,0,0,0,0,6
519014,marinaLor92,,3,0,3,3,0,3,0,0,0,0,6
519018,javiolon,,2,0,2,2,0,2,0,0,0,0,6
519019,lau_tejelo,,3,0,3,3,0,3,0,0,0,0,6
519029,n0_03,,3,0,3,3,0,3,0,0,0,0,6
519030,P_Karma,,3,0,3,3,0,3,0,0,0,0,6
519034,NataliaChamps,,2,0,2,2,0,2,0,0,0,0,6
519035,ALanFJa,,2,0,2,2,0,2,0,0,0,0,6
519037,mangolollipops,,2,0,2,2,0,2,0,0,0,0,6
519103,PilyDlgd,,2,0,2,2,0,2,0,0,0,0,6
519110,lourdesgarhur,,2,0,2,2,0,2,0,0,0,0,6
519118,antoniogfont9,,2,0,2,2,0,2,0,0,0,0,6
519119,Raquelloaz,,2,0,2,2,0,2,0,0,0,0,6
519121,mmrs89,,2,0,2,2,0,2,0,0,0,0,6
519122,nubiiita,,2,0,2,2,0,2,0,0,0,0,6
519123,ValentinSagaria,,2,0,2,2,0,2,0,0,0,0,6
519124,alexperalta1994,,2,0,2,2,0,2,0,0,0,0,6
519125,cristiluzon,,2,0,2,2,0,2,0,0,0,0,6
519126,1192Laura,,2,0,2,2,0,2,0,0,0,0,6
519128,Rossi__Bett,,2,0,2,2,0,2,0,0,0,0,6
519129,MirySola,,2,0,2,2,0,2,0,0,0,0,6
519130,martacarrillohz,,2,0,2,2,0,2,0,0,0,0,6
519132,Edy_ern,,2,0,2,2,0,2,0,0,0,0,6
519133,luu_alien,,2,0,2,2,0,2,0,0,0,0,6
519134,savechuckblair,,2,0,2,2,0,2,0,0,0,0,6
519135,salvaperezgrino,,2,0,2,2,0,2,0,0,0,0,6
519137,soyjorgeramirez,,2,0,2,2,0,2,0,0,0,0,6
519138,EmilioComino,,2,0,2,2,0,2,0,0,0,0,6
519140,missvicck,,2,0,2,2,0,2,0,0,0,0,6
519141,CeliaDisguise,,2,0,2,2,0,2,0,0,0,0,6
519143,josegaca12,,2,0,2,2,0,2,0,0,0,0,6
519145,Belen_LizMor,,2,0,2,2,0,2,0,0,0,0,6
519146,MartaPerez_92,,2,0,2,2,0,2,0,0,0,0,6
519147,cristhiansalaz4,,2,0,2,2,0,2,0,0,0,0,6
519148,joseluparera,,2,0,2,2,0,2,0,0,0,0,6
519149,ViiOLeee,,2,0,2,2,0,2,0,0,0,0,6
519150,humahuaca73,,2,0,2,2,0,2,0,0,0,0,6
519151,addriana19,,2,0,2,2,0,2,0,0,0,0,6
519152,DiegoIng7,,2,0,2,2,0,2,0,0,0,0,6
519153,always_uchii,,2,0,2,2,0,2,0,0,0,0,6
519154,iPincheFers,,2,0,2,2,0,2,0,0,0,0,6
519155,Mariapupus,,2,0,2,2,0,2,0,0,0,0,6
519156,diurnoh,,2,0,2,2,0,2,0,0,0,0,6
519157,aliiciaHL,,2,0,2,2,0,2,0,0,0,0,6
519158,victormalibuu,,2,0,2,2,0,2,0,0,0,0,6
519159,NabilaRuiz,,2,0,2,2,0,2,0,0,0,0,6
519160,MariaMartin_18,,2,0,2,2,0,2,0,0,0,0,6
519163,carmenmart15,,2,0,2,2,0,2,0,0,0,0,6
519164,fanyjayena,,2,0,2,2,0,2,0,0,0,0,6
519165,estefaniasamos,,2,0,2,2,0,2,0,0,0,0,6
519168,frangonzalezti,,2,0,2,2,0,2,0,0,0,0,6
519169,raquel_martiin,,2,0,2,2,0,2,0,0,0,0,6
519170,JuanSeegura,,2,0,2,2,0,2,0,0,0,0,6
519171,CarmenLoopez20,,2,0,2,2,0,2,0,0,0,0,6
519172,Jose10ry,,2,0,2,2,0,2,0,0,0,0,6
519174,ireneeee10,,2,0,2,2,0,2,0,0,0,0,6
519175,xavierruxo,,2,0,2,2,0,2,0,0,0,0,6
519176,pabloponcelopez,,2,0,2,2,0,2,0,0,0,0,6
519177,patriolmo,,2,0,2,2,0,2,0,0,0,0,6
519247,hotpaipai,,2,0,2,2,0,2,0,0,0,0,6
519248,GranadaLegends,,2,0,2,2,0,2,0,0,0,0,6
520068,GRPina,,2,0,2,2,0,2,0,0,0,0,6
520233,dcalandria,,2,0,2,2,0,2,0,0,0,0,6
520372,LL_Virginia,,2,0,2,2,0,2,0,0,0,0,0
520523,Amc81granada,,2,0,2,2,0,2,0,0,0,0,0
520609,xeniaworldmusic,,2,0,2,2,0,2,0,0,0,0,0
520614,Academia_Alpe,,2,0,2,2,0,2,0,0,0,0,0
520779,aragarrapata,,2,0,2,2,0,2,0,0,0,0,0
521367,romerogarciald,,2,0,2,2,0,2,0,0,0,0,0
521374,ElEnvidiagranad,,2,0,2,2,0,2,0,0,0,0,0
521487,berrocalrural,,2,0,2,2,0,2,0,0,0,0,0
521853,osl_uca,,2,0,2,2,0,2,0,0,0,0,1
523321,espe_cgil,,2,0,2,2,0,2,0,0,0,0,0
523322,nonechavo,,2,0,2,2,0,2,0,0,0,0,0
523363,macaviex,,2,0,2,2,0,2,0,0,0,0,0
523445,mluisa_medina,,2,0,2,2,0,2,0,0,0,0,2
523573,olaladefua,,2,0,2,2,0,2,0,0,0,0,4
523975,emeleceleven,,2,0,2,2,0,2,0,0,0,0,6
524462,libroscom,,2,0,2,2,0,2,0,0,0,0,4
526239,palermovalley,,2,0,2,2,0,2,0,0,0,0,2
526326,ptorres,,2,0,2,2,0,2,0,0,0,0,2
526585,tuvozencolor,,2,0,2,2,0,2,0,0,0,0,6
526588,maitepiera,,2,0,2,2,0,2,0,0,0,0,6
526979,intermoney_sa,,2,0,2,2,0,2,0,0,0,0,6
526987,RafaelCallejas2,,2,0,2,2,0,2,0,0,0,0,6
526988,JUANMITA8,,2,0,2,2,0,2,0,0,0,0,6
526994,leovidal84,,2,0,2,2,0,2,0,0,0,0,6
527018,angellunacom,,2,0,2,2,0,2,0,0,0,0,6
527024,VillafuerteAnt,,2,0,2,2,0,2,0,0,0,0,6
527028,Paula_RojasB,,2,0,2,2,0,2,0,0,0,0,6
527050,jruizdealba,,2,0,2,2,0,2,0,0,0,0,6
527859,lurdesSP,,2,0,2,2,0,2,0,0,0,0,6
527975,Kekaherfig,,2,0,2,2,0,2,0,0,0,0,6
529398,MariaMarch_,,2,0,2,2,0,2,0,0,0,0,6
529400,M0000R,,2,0,2,2,0,2,0,0,0,0,6
529504,joventeleco,,2,0,2,2,0,2,0,0,0,0,6
529659,emoly07,,2,0,2,2,0,2,0,0,0,0,6
529678,alexGomez10,,2,0,2,2,0,2,0,0,0,0,6
529728,laseptimaes,,2,0,2,2,0,2,0,0,0,0,4
529742,MuseoNerja,,2,0,2,2,0,2,0,0,0,0,4
530015,nitrico,,2,0,2,2,0,2,0,0,0,0,6
534212,InfoVUB,,2,0,2,2,0,2,0,0,0,0,1
536853,Dynamyca,,2,0,2,2,0,2,0,0,0,0,2
536865,ClevelandGolf,,2,0,2,2,0,2,0,0,0,0,2
537174,Impulsof,,2,0,2,2,0,2,0,0,0,0,2
537179,raulortiz,,2,0,2,2,0,2,0,0,0,0,2
537202,rdparedes,,2,0,2,2,0,2,0,0,0,0,2
537205,PXSP,,2,0,2,2,0,2,0,0,0,0,2
537255,EscuelaSP,,2,0,2,2,0,2,0,0,0,0,2
537281,Verobe86,,2,0,2,2,0,2,0,0,0,0,2
537282,Mikswelt,,2,0,2,2,0,2,0,0,0,0,2
537283,Granada_pub,,2,0,2,2,0,2,0,0,0,0,2
537284,elojofestival,,2,0,2,2,0,2,0,0,0,0,2
537768,anavalmu,,2,0,2,2,0,2,0,0,0,0,6
538463,SimonaMalpezzi,,2,0,2,2,0,2,0,0,0,0,3
539492,GranadaASB,,2,0,2,2,0,2,0,0,0,0,2
539493,Frases_Granada,,2,0,2,2,0,2,0,0,0,0,2
539507,RANAGRANADA,,2,0,2,2,0,2,0,0,0,0,2
539511,DaniGranada13,,2,0,2,2,0,2,0,0,0,0,2
539512,ELKINGRANADA,,2,0,2,2,0,2,0,0,0,0,2
539513,nico_grnd,,2,0,2,2,0,2,0,0,0,0,2
539524,GranadaFlotilla,,2,0,2,2,0,2,0,0,0,0,2
539526,SeleneGranada,,2,0,2,2,0,2,0,0,0,0,2
539717,verogildental,,2,0,2,2,0,2,0,0,0,0,0
539743,automatAlhambra,,2,0,2,2,0,2,0,0,0,0,0
539749,MasterSavings,,2,0,2,2,0,2,0,0,0,0,0
539751,titojaen47,,2,0,2,2,0,2,0,0,0,0,0
539772,ticweb_es,,2,0,2,2,0,2,0,0,0,0,0
539778,DptodeCompras,,2,0,2,2,0,2,0,0,0,0,0
539785,Actualizable,,2,0,2,2,0,2,0,0,0,0,0
542532,ionalvaro,,3,0,3,3,0,3,0,0,0,0,0
542539,BLOWLongboard,,2,0,2,2,0,2,0,0,0,0,0
542541,camillegranada,,2,0,2,2,0,2,0,0,0,0,0
542569,PaseoGranada,,2,0,2,2,0,2,0,0,0,0,0
542587,Auryn_Granada,,2,0,2,2,0,2,0,0,0,0,0
542589,Sr_Chipi,,2,0,2,2,0,2,0,0,0,0,0
542590,minshownus,,2,0,2,2,0,2,0,0,0,0,0
542791,caro_agudelo98,,2,0,2,2,0,2,0,0,0,0,0
542800,LucaBellini73,,2,0,2,2,0,2,0,0,0,0,0
542802,dietasyadelgaza,,2,0,2,2,0,2,0,0,0,0,0
542863,javier_milla,,2,0,2,2,0,2,0,0,0,0,0
542864,improve_app_es,,2,0,2,2,0,2,0,0,0,0,0
542866,ocreativo,,2,0,2,2,0,2,0,0,0,0,0
542867,frikiquefriki,,2,0,2,2,0,2,0,0,0,0,0
542873,CondeJr1985,,2,0,2,2,0,2,0,0,0,0,0
542880,Libresdecensura,,2,0,2,2,0,2,0,0,0,0,0
542883,Juliana56_,,2,0,2,2,0,2,0,0,0,0,0
542886,ngeladelatorre,,2,0,2,2,0,2,0,0,0,0,0
542887,MalditaCrisis,,2,0,2,2,0,2,0,0,0,0,0
542890,juliandros,,2,0,2,2,0,2,0,0,0,0,0
542932,vjimenez,,2,0,2,2,0,2,0,0,0,0,0
542941,FansGratis,,2,0,2,2,0,2,0,0,0,0,0
542943,granadeux,,2,0,2,2,0,2,0,0,0,0,0
542953,JSA_SanJeronimo,,2,0,2,2,0,2,0,0,0,0,0
542969,joseluRJ,,2,0,2,2,0,2,0,0,0,0,0
543024,ysEduardoMLM1,,2,0,2,2,0,2,0,0,0,0,0
543187,MoyaMoron,,2,0,2,2,0,2,0,0,0,0,0
543480,a1bertopadilla,,2,0,2,2,0,2,0,0,0,0,0
545153,goodside_es,,2,0,2,2,0,2,0,0,0,0,4
546108,Unisporttrento,,2,0,2,2,0,2,0,0,0,0,3
546446,freudcar,,2,0,2,2,0,2,0,0,0,0,4
546870,USTA_Salamanca,,2,0,2,2,0,2,0,0,0,0,4
547637,MikeStenmarck,,2,0,2,2,0,2,0,0,0,0,7
547715,msanrod,,2,0,2,2,0,2,0,0,0,0,7
550031,SprachenNetz,,2,0,2,2,0,2,0,0,0,0,1
551064,Beatrice_B23,,2,0,2,2,0,2,0,0,0,0,3
551070,SAILORSclub,,2,0,2,2,0,2,0,0,0,0,3
551071,leo__faria,,2,0,2,2,0,2,0,0,0,0,3
551074,lilla_bu,,2,0,2,2,0,2,0,0,0,0,3
551075,carmenmoreno09,,2,0,2,2,0,2,0,0,0,0,3
551076,RocioLattorre,,2,0,2,2,0,2,0,0,0,0,3
551080,macalarad,,2,0,2,2,0,2,0,0,0,0,3
551083,Bcasalalvarez,,2,0,2,2,0,2,0,0,0,0,3
551084,RebecaMompo,,2,0,2,2,0,2,0,0,0,0,3
551087,mati_teje,,2,0,2,2,0,2,0,0,0,0,3
551088,MarinaBastias,,2,0,2,2,0,2,0,0,0,0,3
551090,LupeMira89,,2,0,2,2,0,2,0,0,0,0,3
551095,Gonzal0BD,,2,0,2,2,0,2,0,0,0,0,3
551096,Marttaof,,2,0,2,2,0,2,0,0,0,0,3
552354,angelavidalg,,2,0,2,2,0,2,0,0,0,0,6
552392,FlotaGranada,,2,0,2,2,0,2,0,0,0,0,2
552393,ChollosGranada,,2,0,2,2,0,2,0,0,0,0,2
552409,IsaacIsii,,2,0,2,2,0,2,0,0,0,0,6
555602,latorredebabelv,,2,0,2,2,0,2,0,0,0,0,5
556430,magozdaniel,,2,0,2,2,0,2,0,0,0,0,4
556553,LuisdelTeso,,2,0,2,2,0,2,0,0,0,0,4
556818,Mary_Segura,,2,0,2,2,0,2,0,0,0,0,4
556948,cosmicxdancer,,2,0,2,2,0,2,0,0,0,0,4
558392,eliseduchateau,,2,0,2,2,0,2,0,0,0,0,1
558775,lore_mora,,2,0,2,2,0,2,0,0,0,0,6
558814,billeteadecuad0,,2,0,2,2,0,2,0,0,0,0,6
558824,SinDelantal,,2,0,2,2,0,2,0,0,0,0,6
558831,TeatrosCordoba,,2,0,2,2,0,2,0,0,0,0,6
558836,soniahitac,,2,0,2,2,0,2,0,0,0,0,6
558839,neopolformacion,,2,0,2,2,0,2,0,0,0,0,6
558840,posadagaleon,,2,0,2,2,0,2,0,0,0,0,6
558847,Pepegu1,,2,0,2,2,0,2,0,0,0,0,6
560011,arteytics,,2,0,2,2,0,2,0,0,0,0,0
560060,TCERASMUS,,2,0,2,2,0,2,0,0,0,0,2
565362,Creanavarra,,3,0,3,3,0,3,0,0,0,0,2
565495,UNILaica,,2,0,2,2,0,2,0,0,0,0,0
568995,lluisfont,,2,0,2,2,0,2,0,0,0,0,2
569831,Made_casso_L,,2,0,2,2,0,2,0,0,0,0,6
570707,marcellodevita1,,2,0,2,2,0,2,0,0,0,0,3
571949,StudentCity,,2,0,2,2,0,2,0,0,0,0,2
572141,Yabancidanders,,2,0,2,2,0,2,0,0,0,0,2
575586,stacyblackman,,2,0,2,2,0,2,0,0,0,0,3
575771,CBOE,,2,0,2,2,0,2,0,0,0,0,3
575800,DiGiTales_QC,,2,0,2,2,0,2,0,0,0,0,3
